1 30 7.8 1 NaN 0.290322580645161 7.56936242405873 3 0 0 
0 30 10.6 1 NaN 0.29758064516129 7.13779512842798 3 0 0 
1 40 7.8 1 NaN 0.291129032258064 12.7548649487315 3 0 0 
0 40 10.6 1 NaN 0.307258064516129 5.21189261096647 3 0 0 
1 50 7.8 1 0.36760752688172 0.366935483870968 17.86468684888 3 0 0 
0 50 10.6 1 0.367439516129032 0.373387096774194 5.30858055467235 3 0 0 
1 60 7.8 1 0.364247311827957 0.498991935483871 29.2647144487322 3 0 0 
0 60 10.6 1 0.364247311827957 0.5 4.62069228693464 3 0 0 
1 70 7.8 1 0.39489247311828 0.48991935483871 31.9504208361919 3 0 0 
0 70 10.6 1 0.410786290322581 0.491129032258064 12.1603115140185 3 0 0 
1 80 7.8 1 0.446620583717358 0.407258064516129 39.5799190269052 3 0 0 
0 80 10.6 1 0.463285229202037 0.475 24.2298193914711 3 0 0 
1 90 7.8 1 0.384408602150538 0.441129032258065 33.8055808238272 3 0 0 
0 90 10.6 1 0.401433691756272 0.462701612903226 21.9997893173606 3 0 0 
1 100 7.8 2 0.433467741935484 0.504838709677419 32.2159348975181 3 0 0 
0 100 10.6 2 0.403225806451613 0.459677419354839 25.6735126201051 3 0 0 
1 110 7.8 2 0.469254032258065 0.487903225806452 24.9086898557346 3 0 0 
0 110 10.6 2 0.457757296466974 0.415322580645161 44.0064743712882 3 0 0 
1 120 7.8 2 0.397177419354839 0.520161290322581 27.6100333043932 3 0 0 
0 120 10.6 2 0.380322580645161 0.44758064516129 36.2510096172546 3 0 0 
1 130 7.8 2 0.409168081494058 0.483064516129032 37.9858891587445 3 -1 0 
0 130 10.6 3 0.393049155145929 0.460483870967742 36.7566259288077 3 1 0 
1 140 7.8 3 0.455309139784946 0.494354838709677 43.3718497001139 3 0 0 
0 140 10.6 3 0.448511166253102 0.494959677419355 43.0846096488485 3 0 0 
1 150 7.8 3 0.401140155728587 0.480846774193548 37.7207069859867 3 0 0 
0 150 10.6 3 0.370051319648094 0.496975806451613 41.2629456024947 3 0 0 
1 160 7.8 4 0.447763929618768 0.486895161290323 28.4431585351166 3 1 0 
0 160 10.6 3 0.392697132616487 0.412298387096774 59.8565028550184 3 -1 0 
1 170 7.8 4 0.472052280311457 0.412096774193548 37.6685486097383 3 0 0 
0 170 10.6 4 0.454933586337761 0.448588709677419 47.4522418320829 3 0 0 
1 180 7.8 4 0.396206690561529 0.433064516129032 29.3875718411851 3 0 0 
0 180 10.6 4 0.418346774193548 0.421774193548387 44.9586120607376 3 0 0 
1 190 7.8 4 0.423991935483871 0.458064516129032 22.2711882320323 3 0 0 
0 190 10.6 4 0.405846774193548 0.467741935483871 32.9109068018564 3 0 0 
1 200 7.8 5 0.45617110799439 0.484677419354839 27.6822717844065 3 0 0 
0 200 10.6 5 0.45773596176822 0.498387096774194 23.5300271149746 3 0 0 
1 210 7.8 5 0.383064516129032 0.474193548387097 30.7315695455591 3 0 0 
0 210 10.6 5 0.399481566820276 0.485483870967742 20.2680656255444 3 0 0 
1 220 7.8 5 0.40061669829222 0.455645161290323 37.0087742037434 3 0 0 
0 220 10.6 5 0.432328190743338 0.475 28.8136316314607 3 0 0 
1 230 7.8 5 0.471102150537634 0.465322580645161 33.9649118001629 3 0 0 
0 230 10.6 5 0.480510752688172 0.487903225806452 32.6369352937911 3 0 0 
1 240 7.8 6 0.408509454949944 0.50241935483871 44.1211488644215 3 0 0 
0 240 10.6 6 0.390322580645161 0.48991935483871 23.3486096413441 3 0 0 
1 250 7.8 6 0.432503506311361 0.512096774193548 40.9842414197531 3 0 0 
0 250 10.6 6 0.423771121351767 0.454637096774194 21.2056065222645 3 0 0 
1 260 7.8 6 0.462854349951124 0.504032258064516 18.901391137513 3 0 0 
0 260 10.6 6 0.463709677419355 0.42741935483871 38.1025174643008 3 0 0 
1 270 7.8 6 0.402947719688543 0.495967741935484 6.31921806879249 3 0 0 
0 270 10.6 6 0.37640252454418 0.448387096774194 33.4019609657742 3 0 0 
1 280 7.8 7 0.419592030360531 0.366129032258065 48.4197458029911 3 0 0 
0 280 10.6 7 0.412023460410557 0.4 31.9218932435774 3 0 0 
1 290 7.8 7 0.460043988269795 0.37258064516129 39.8467294326063 3 0 0 
0 290 10.6 7 0.470674486803519 0.445161290322581 20.5770863320173 3 0 0 
1 300 7.8 7 0.393966547192354 0.407258064516129 22.63114319288 3 0 0 
0 300 10.6 7 0.376928471248247 0.496774193548387 14.2437674989877 3 0 0 
1 310 7.8 7 0.417601683029453 0.481451612903226 31.936069069222 3 0 0 
0 310 10.6 7 0.402016129032258 0.470967741935484 24.7786519460145 3 0 0 
1 320 7.8 7 0.449059139784946 0.489516129032258 31.0487509030972 3 0 0 
0 320 10.6 7 0.452853598014888 0.480645161290323 39.5558486473541 3 0 0 
1 330 7.8 8 0.40653801843318 0.517741935483871 29.4809610447692 3 0 0 
0 330 10.6 8 0.380880376344086 0.45241935483871 40.7916511257814 3 0 0 
1 340 7.8 8 0.464861751152074 0.526612903225806 20.996261769764 3 0 0 
0 340 10.6 8 0.387992831541219 0.458064516129032 34.053021868533 3 0 0 
1 350 7.8 8 0.470766129032258 0.509677419354839 19.1981585053271 3 0 0 
0 350 10.6 8 0.458728652751423 0.469354838709677 28.8451129186925 3 0 0 
1 360 7.8 8 0.392524813895782 0.483870967741936 23.3453429707305 3 0 0 
0 360 10.6 8 0.395316377171216 0.47741935483871 20.0047827786463 3 0 0 
1 370 7.8 8 0.414685908319185 0.483870967741936 30.5880772137637 3 0 0 
0 370 10.6 8 0.373463901689708 0.498387096774194 32.0000185904473 3 0 0 
1 380 7.8 8 0.458183990442055 0.479838709677419 35.9598932274786 3 -1 0 
0 380 10.6 9 0.473057184750733 0.485483870967742 34.9596500914211 3 1 0 
1 390 7.8 9 0.401929723502304 0.491129032258064 38.1586984167991 3 0 0 
0 390 10.6 9 0.394153225806452 0.45 36.4509290629166 3 0 0 
1 400 7.8 9 0.416129032258064 0.512096774193548 36.5306619028527 3 0 0 
0 400 10.6 9 0.390745007680492 0.461290322580645 34.8414636580467 3 0 0 
1 410 7.8 9 0.475631136044881 0.488709677419355 30.5319502800727 3 0 0 
0 410 10.6 9 0.467903225806452 0.466129032258065 28.4372121757073 3 0 0 
1 420 7.8 9 0.425996204933586 0.488709677419355 30.7360334323967 3 0 0 
0 420 10.6 9 0.396889400921659 0.456451612903226 24.7540923394292 3 0 0 
1 430 7.8 10 0.427611367127496 0.494354838709677 29.1361484369406 3 1 0 
0 430 10.6 9 0.39726507713885 0.482862903225806 16.386791978289 3 -1 0 
1 440 7.8 10 0.481350806451613 0.492741935483871 29.0809089954987 3 0 0 
0 440 10.6 10 0.44942876344086 0.492943548387097 11.8266265386166 3 0 0 
1 450 7.8 10 0.414071190211346 0.499193548387097 30.5959754926007 3 0 0 
0 450 10.6 10 0.396867245657568 0.475806451612903 4.49002084808419 3 0 0 
1 460 7.8 11 0.43291788856305 0.518548387096774 27.4590638071417 3 1 0 
0 460 10.6 10 0.399385560675883 0.395161290322581 26.3982555753256 3 -1 0 
1 470 7.8 11 0.481033452807646 0.505645161290323 28.8332867764146 3 1 0 
0 470 10.6 10 0.446774193548387 0.422379032258065 29.5869387089673 3 -1 0 
1 480 7.8 11 0.418951612903226 0.495161290322581 25.6797351813874 3 1 0 
0 480 10.6 10 0.373948106591865 0.329838709677419 36.4046830447732 3 -1 0 
1 490 7.8 11 0.453548387096774 0.508870967741936 25.7331986513372 3 1 0 
0 490 10.6 10 0.372759856630824 0.392741935483871 31.0911846036472 3 -1 0 
1 500 7.8 11 0.479838709677419 0.504032258064516 22.9126664743675 3 1 0 
0 500 10.6 10 0.427785923753666 0.455645161290323 16.7466067961462 3 -1 0 
1 510 7.8 11 0.43586189516129 0.514516129032258 18.9979414830205 3 0 0 
0 510 10.6 11 0.363479262672811 0.459677419354839 14.5899401014198 3 0 0 
1 520 7.8 12 0.436757215619694 0.524193548387097 13.6994014059212 3 1 0 
0 520 10.6 11 0.395609318996416 0.429838709677419 12.8383628169997 3 -1 0 
1 530 7.8 12 0.479032258064516 0.485483870967742 18.072082280143 3 1 0 
0 530 10.6 11 0.436711079943899 0.464516129032258 15.9973531402487 3 -1 0 
1 540 7.8 12 0.408231368186874 0.457258064516129 32.2764990452695 3 1 0 
0 540 10.6 11 0.370601173020528 0.470967741935484 16.4214559579852 3 -1 0 
1 550 7.8 12 0.449092741935484 0.433064516129032 38.3003401065345 3 1 0 
0 550 10.6 11 0.392190152801358 0.474193548387097 19.6558914105335 3 -1 0 
1 560 7.8 12 0.472629521016618 0.489516129032258 27.1529673553461 3 1 0 
0 560 10.6 11 0.431612903225806 0.450806451612903 20.2685411836052 3 -1 0 
1 570 7.8 12 0.429007820136852 0.518548387096774 18.6152634423343 3 1 0 
0 570 10.6 11 0.378709677419355 0.474798387096774 11.1699727829113 3 -1 0 
1 580 7.8 13 0.469534050179212 0.542741935483871 20.8324486353065 3 2 0 
0 580 10.6 11 0.394489247311828 0.411290322580645 13.7837203181556 3 -2 0 
1 590 7.8 13 0.483169705469846 0.533064516129032 18.5604673635991 3 1 0 
0 590 10.6 12 0.416972140762463 0.368951612903226 17.5744130642353 3 -1 0 
1 600 7.8 13 0.424683179723502 0.591935483870968 17.8489184364143 3 1 0 
0 600 10.6 12 0.392809139784946 0.30241935483871 26.4624513277584 3 -1 0 
1 610 7.8 13 0.422811059907834 0.571774193548387 22.5229492599305 3 1 0 
0 610 10.6 12 0.400466893039049 0.400806451612903 21.9238537764869 3 -1 0 
1 620 7.8 14 0.486559139784946 0.601612903225806 19.5046990686409 3 2 0 
0 620 10.6 12 0.43460729312763 0.377016129032258 19.3776555306202 3 -2 0 
1 630 7.8 14 0.439516129032258 0.612903225806452 15.9171627250287 3 2 0 
0 630 10.6 12 0.418145161290323 0.341397849462366 11.3286913587155 3 -2 0 
1 640 7.8 14 0.45625 0.516129032258065 38.0362883513968 3 2 0 
0 640 10.6 12 0.367223502304147 0.306451612903226 15.2468106961428 3 -2 0 
1 650 7.8 14 0.517089093701997 0.426612903225806 32.1794464276206 3 2 0 
0 650 10.6 12 0.421818996415771 0.311491935483871 24.6977399862652 3 -2 0 
1 660 7.8 14 0.425 0.449193548387097 20.2019368777927 3 2 0 
0 660 10.6 12 0.36307123655914 0.312096774193548 28.8460433992033 3 -2 0 
1 670 7.8 15 0.428763440860215 0.474193548387097 29.3026379470497 3 3 0 
0 670 10.6 12 0.404875366568915 0.364516129032258 29.0660640350864 3 -3 0 
1 680 7.8 15 0.446774193548387 0.503225806451613 33.7459268753145 3 2 0 
0 680 10.6 13 0.433243727598566 0.451612903225806 27.6924939696261 3 -2 0 
1 690 7.8 15 0.434408602150538 0.567741935483871 28.2003169616506 3 2 0 
0 690 10.6 13 0.384557945041816 0.426411290322581 31.8110197869819 3 -2 0 
1 700 7.8 15 0.480075901328273 0.509677419354839 25.7495863930782 3 2 0 
0 700 10.6 13 0.401565464895636 0.45866935483871 32.7225815854882 3 -2 0 
1 710 7.8 16 0.521690767519466 0.545967741935484 27.4695270838801 3 3 0 
0 710 10.6 13 0.377592165898617 0.399193548387097 42.2640509180083 3 -3 0 
1 720 7.8 16 0.483568548387097 0.618548387096774 25.945016392303 3 3 0 
0 720 10.6 13 0.350230414746544 0.332661290322581 35.1745646739231 3 -3 0 
1 730 7.8 16 0.472542242703533 0.658870967741936 22.6416896836175 3 3 0 
0 730 10.6 13 0.379608294930876 0.185483870967742 26.5188612123522 3 -3 0 
1 740 7.8 16 0.580794504181601 0.633064516129032 20.7078108285838 3 3 0 
0 740 10.6 13 0.383512544802867 0.223118279569892 21.262922341494 3 -3 0 
1 750 7.8 16 0.480165649520488 0.60241935483871 13.7368963798393 3 3 0 
0 750 10.6 13 0.324308755760369 0.237903225806452 21.7664566955369 3 -3 0 
1 760 7.8 16 0.491568914956012 0.566935483870968 11.0035115737732 3 3 0 
0 760 10.6 13 0.402016129032258 0.299193548387097 19.3434460901266 3 -3 0 
1 770 7.8 16 0.562262808349146 0.563709677419355 9.52960952326999 3 3 0 
0 770 10.6 13 0.389231499051233 0.367741935483871 15.9855772510979 3 -3 0 
1 780 7.8 17 0.479528535980149 0.495161290322581 7.7622279319421 3 3 0 
0 780 10.6 14 0.320276497695853 0.415322580645161 19.8839074788694 3 -3 0 
1 790 7.8 17 0.509817671809257 0.533064516129032 5.65460973963711 3 3 0 
0 790 10.6 14 0.3584229390681 0.387096774193548 17.8573668010847 3 -3 0 
1 800 7.8 17 0.543202764976959 0.633064516129032 7.77379237147462 3 3 0 
0 800 10.6 14 0.335043988269795 0.28494623655914 11.4223526619278 3 -3 0 
1 810 7.8 17 0.47703853046595 0.631451612903226 20.3185821232311 3 3 0 
0 810 10.6 14 0.326881720430107 0.287634408602151 3.90962491464222 3 -3 0 
1 820 7.8 17 0.505376344086022 0.55 16.5670582266498 3 3 0 
0 820 10.6 14 0.358870967741936 0.25 23.5508903352987 3 -3 0 
1 830 7.8 17 0.577508960573477 0.535483870967742 11.1648567165146 3 3 0 
0 830 10.6 14 0.350806451612903 0.265322580645161 17.4660510714071 3 -3 0 
1 840 7.8 18 0.479202037351443 0.588709677419355 36.2708603388122 3 4 0 
0 840 10.6 14 0.309677419354839 0.287096774193548 7.99196675940121 3 -4 0 
1 850 7.8 18 0.403801843317972 0.639516129032258 20.5197658818895 3 3 0 
0 850 10.6 15 0.36491935483871 0.243951612903226 4.25939435903491 3 -3 0 
1 860 7.8 18 0.552602639296188 0.705645161290323 6.8305718872875 3 3 0 
0 860 10.6 15 0.36950146627566 0.244959677419355 8.93215684990718 3 -3 0 
1 870 7.8 18 0.479944821731749 0.730645161290323 6.4735196803793 3 3 1 
0 870 10.6 15 0.318548387096774 0.223790322580645 10.7300774297416 2 -3 -1 
1 880 7.8 18 0.505568356374808 0.730846774193548 3.73262330846775 3 3 1 
0 880 10.6 15 0.39485111662531 0.213709677419355 1.17839458616267 2 -3 -1 
1 890 7.8 18 0.550529233870968 0.711693548387097 9.19811684177255 3 3 1 
0 890 10.6 15 0.424647177419355 0.210685483870968 17.2872954382977 2 -3 -1 
1 900 7.8 19 0.484108159392789 0.710685483870968 3.9776898649421 3 4 1 
0 900 10.6 15 0.370967741935484 0.198588709677419 12.7801149751914 2 -4 -1 
1 910 7.8 19 0.425537634408602 0.650201612903226 13.9639295912724 3 3 1 
0 910 10.6 16 0.336189516129032 0.279233870967742 9.09879658070323 2 -3 -1 
1 920 7.8 19 0.566532258064516 0.58366935483871 26.9461788874776 3 3 1 
0 920 10.6 16 0.29758064516129 0.268548387096774 13.0093286624999 2 -3 -1 
1 930 7.8 19 0.504407351837959 0.434475806451613 51.214036856389 3 3 1 
0 930 10.6 16 0.303997194950912 0.365322580645161 8.51122690651277 2 -3 -1 
1 940 7.8 19 0.502565982404692 0.316532258064516 49.862310415784 3 2 1 
0 940 10.6 17 0.329404466501241 0.417741935483871 7.19508169237704 2 -2 -1 
1 950 7.8 19 0.629382889200561 0.366935483870968 21.3775583264319 3 2 1 
0 950 10.6 17 0.329404466501241 0.410483870967742 30.3521367870877 2 -2 -1 
1 960 7.8 19 0.499172870140612 0.379032258064516 3.60555127546399 3 2 1 
0 960 10.6 17 0.319600280504909 0.429032258064516 28.7090355786793 2 -2 -1 
1 970 7.8 19 0.412775891341256 0.366935483870968 7.07106781186548 3 2 1 
0 970 10.6 17 0.385483870967742 0.52258064516129 25.8529332189462 2 -2 -1 
1 980 7.8 19 0.482468443197756 0.346774193548387 0 3 2 1 
0 980 10.6 17 0.422427035330261 0.55 24.2068784995999 2 -2 -1 
1 990 7.8 19 0.469815668202765 0.358870967741936 0 3 2 1 
0 990 10.6 17 0.418132942326491 0.554032258064516 7.54558866119905 2 -2 -1 
1 1000 7.8 19 0.447890818858561 0.229838709677419 27.381971036453 3 1 1 
0 1000 10.6 18 0.435246679316888 0.543548387096774 12.4952921022979 2 -1 -1 
1 1010 7.8 19 0.545698924731183 0.251008064516129 26.5651383126816 3 1 1 
0 1010 10.6 18 0.485599078341014 0.603225806451613 11.5434478322906 2 -1 -1 
1 1020 7.8 19 0.49660441426146 0.369623655913978 18.8319834663156 3 1 1 
0 1020 10.6 18 0.380040322580645 0.55 4.85758843020604 2 -1 -1 
1 1030 7.8 20 0.411542338709677 0.411290322580645 5.66357202753283 3 2 1 
0 1030 10.6 18 0.357940446650124 0.566129032258065 3.74025096326084 2 -2 -1 
1 1040 7.8 20 0.498079877112135 0.296370967741936 23.8905298480699 3 2 1 
0 1040 10.6 18 0.3536866359447 0.593548387096774 15.9382399376437 2 -2 -1 
1 1050 7.8 20 0.468663594470046 0.316532258064516 23.8078517483305 3 2 1 
0 1050 10.6 18 0.388904338153504 0.550806451612903 17.1413220929641 2 -2 -1 
1 1060 7.8 20 0.471198156682028 0.39616935483871 22.048881616176 3 2 1 
0 1060 10.6 18 0.404838709677419 0.492741935483871 3.66484348283064 2 -2 -1 
1 1070 7.8 20 0.533452807646356 0.348790322580645 40.3906446772055 3 2 1 
0 1070 10.6 18 0.440188172043011 0.363709677419355 11.1768358822167 2 -2 -1 
1 1080 7.8 20 0.45586917562724 0.387903225806452 51.8807053919354 3 1 1 
0 1080 10.6 19 0.377454417952314 0.312096774193548 8.57976463156103 2 -1 -1 
1 1090 7.8 20 0.43200146627566 0.425 38.2425023673617 3 1 1 
0 1090 10.6 19 0.401129032258065 0.412903225806452 9.02091578560994 2 -1 -1 
1 1100 7.8 20 0.481854838709677 0.47258064516129 16.5524084921853 3 1 1 
0 1100 10.6 19 0.444556451612903 0.479838709677419 9.53223041348702 2 -1 -1 
1 1110 7.8 20 0.453629032258065 0.454637096774194 13.3663536282941 3 1 1 
0 1110 10.6 19 0.372311827956989 0.534274193548387 2.69258240356725 2 -1 -1 
1 1120 7.8 20 0.437866568914956 0.475806451612903 10.582380722247 3 1 1 
0 1120 10.6 19 0.365675403225806 0.520161290322581 0 2 -1 -1 
1 1130 7.8 21 0.583870967741935 0.533266129032258 18.9761375425149 3 2 1 
0 1130 10.6 19 0.384072580645161 0.439516129032258 0 2 -2 -1 
1 1140 7.8 21 0.647258064516129 0.525201612903226 37.9812944602839 3 2 1 
0 1140 10.6 19 0.341397849462366 0.282258064516129 0 2 -2 -1 
1 1150 7.8 21 0.614112903225806 0.725806451612903 29.6907831083679 3 2 1 
0 1150 10.6 19 0.358870967741936 0.141129032258065 0 2 -2 -1 
1 1160 7.8 21 0.614112903225806 0.77116935483871 10.6106866449891 3 2 1 
0 1160 10.6 19 0.357661290322581 0.193548387096774 0 2 -2 -1 
