1 30 4.2 1 NaN 0.186290322580645 7.03877844037681 3 0 0 
0 30 6.2 1 NaN 0.235483870967742 3.70563043647567 3 0 0 
1 40 4.2 1 NaN 0.20241935483871 7.95845370408604 3 0 0 
0 40 6.2 1 NaN 0.259677419354839 16.6348387095325 3 0 0 
1 50 4.2 1 0.370967741935484 0.286290322580645 20.0030672364049 3 0 0 
0 50 6.2 1 NaN 0.330645161290323 20.5660085940652 3 0 0 
1 60 4.2 1 0.368279569892473 0.429838709677419 32.0997542757931 3 0 0 
0 60 6.2 1 0.368279569892473 0.458064516129032 22.9038074182319 3 0 0 
1 70 4.2 1 0.373991935483871 0.481451612903226 32.7178978311112 3 0 0 
0 70 6.2 1 0.380376344086022 0.469354838709677 24.229649549323 3 0 0 
1 80 4.2 1 0.495463709677419 0.512903225806452 34.2801047111256 3 0 0 
0 80 6.2 1 0.458837365591398 0.495967741935484 17.4017039438813 3 0 0 
1 90 4.2 1 0.395161290322581 0.49758064516129 35.4677265179297 3 0 0 
0 90 6.2 1 0.419224765868887 0.412096774193548 43.9080366706092 3 0 0 
1 100 4.2 2 0.382872503840246 0.50241935483871 27.3118601323605 3 1 0 
0 100 6.2 1 0.413870967741935 0.437096774193548 32.6723936289646 3 -1 0 
1 110 4.2 2 0.467549923195085 0.47741935483871 25.3078842511898 3 0 0 
0 110 6.2 2 0.490591397849462 0.481451612903226 32.2967718325883 3 0 0 
1 120 4.2 2 0.389112903225806 0.476612903225806 22.2234200449031 3 0 0 
0 120 6.2 2 0.429079696394687 0.495161290322581 32.4903189198411 3 0 0 
1 130 4.2 3 0.386180351906158 0.453225806451613 26.9115124592274 3 1 0 
0 130 6.2 2 0.406586021505376 0.49758064516129 33.2832732724859 3 -1 0 
1 140 4.2 3 0.472379032258065 0.466129032258065 27.4351094715055 3 0 0 
0 140 6.2 3 0.493145161290323 0.506451612903226 30.5065468067083 3 0 0 
1 150 4.2 3 0.384072580645161 0.499193548387097 25.4516872264368 3 0 0 
0 150 6.2 3 0.425953079178886 0.464516129032258 36.0944534539917 3 0 0 
1 160 4.2 4 0.393817204301075 0.45241935483871 26.4053765373132 3 1 0 
0 160 6.2 3 0.392778592375367 0.445161290322581 29.5822097261925 3 -1 0 
1 170 4.2 4 0.471606182795699 0.482258064516129 17.4893869362889 3 1 0 
0 170 6.2 3 0.476230899830221 0.425806451612903 27.1604719975817 3 -1 0 
1 180 4.2 4 0.394230769230769 0.441935483870968 22.5047713643335 3 0 0 
0 180 6.2 4 0.411578341013825 0.466935483870968 22.5536193104137 3 0 0 
1 190 4.2 4 0.401209677419355 0.473387096774194 3.70290553905956 3 0 0 
0 190 6.2 4 0.408452807646356 0.500806451612903 26.6145517248879 3 0 0 
1 200 4.2 4 0.460853494623656 0.495967741935484 8.59669648189234 3 0 0 
0 200 6.2 4 0.494119623655914 0.473387096774194 26.0010374759846 3 0 0 
1 210 4.2 4 0.426523297491039 0.465322580645161 6.01845938129508 3 0 0 
0 210 6.2 4 0.441348973607038 0.503024193548387 33.9232356984767 3 0 0 
1 220 4.2 5 0.435645161290323 0.491935483870968 8.95359921775976 3 1 0 
0 220 6.2 4 0.403064516129032 0.481854838709677 34.760471521435 3 -1 0 
1 230 4.2 5 0.453015427769986 0.492741935483871 8.34642232596855 3 0 0 
0 230 6.2 5 0.489800759013283 0.311290322580645 55.9714321033629 3 0 0 
1 240 4.2 5 0.424596774193548 0.467741935483871 17.5458632745013 3 0 0 
0 240 6.2 5 0.41764888337469 0.391935483870968 35.5715113969076 3 0 0 
1 250 4.2 5 0.412390029325513 0.532258064516129 15.7116246555241 3 0 0 
0 250 6.2 5 0.39758064516129 0.425 37.3144671940272 3 0 0 
1 260 4.2 6 0.462096774193548 0.560483870967742 20.2037151043064 3 0 0 
0 260 6.2 6 0.450772849462366 0.442741935483871 37.2428827882238 3 0 0 
1 270 4.2 6 0.419076751946607 0.543548387096774 26.8264198931276 3 0 0 
0 270 6.2 6 0.444489247311828 0.441935483870968 39.0837209927663 3 0 0 
1 280 4.2 6 0.409516129032258 0.536290322580645 32.5698835849443 3 0 0 
0 280 6.2 6 0.455197132616487 0.433870967741935 36.2342200526623 3 0 0 
1 290 4.2 6 0.479334677419355 0.508064516129032 36.4049436017399 3 0 0 
0 290 6.2 6 0.484711021505376 0.454032258064516 40.1972729843835 3 0 0 
1 300 4.2 7 0.410456062291435 0.486290322580645 34.0133964073728 3 0 0 
0 300 6.2 7 0.430704898446834 0.446774193548387 36.4930941646647 3 0 0 
1 310 4.2 7 0.391830294530154 0.49758064516129 34.2757825935306 3 0 0 
0 310 6.2 7 0.403401122019635 0.425806451612903 34.8363718326959 3 0 0 
1 320 4.2 7 0.441756272401434 0.463709677419355 32.4249991024957 3 0 0 
0 320 6.2 7 0.496588089330025 0.514516129032258 38.9026984215107 3 0 0 
1 330 4.2 7 0.410394265232975 0.470967741935484 31.6746393580109 3 0 0 
0 330 6.2 7 0.423777315296566 0.495967741935484 40.1333934920628 3 0 0 
1 340 4.2 7 0.421107994389902 0.470161290322581 30.7225221802632 3 -1 0 
0 340 6.2 8 0.403393817204301 0.496774193548387 36.2121057677298 3 1 0 
1 350 4.2 8 0.454637096774194 0.501612903225806 32.541121791136 3 0 0 
0 350 6.2 8 0.46505376344086 0.458064516129032 35.0338771307249 3 0 0 
1 360 4.2 8 0.435638957816377 0.480645161290323 32.1314812167037 3 0 0 
0 360 6.2 8 0.414458525345622 0.456451612903226 36.3809912855684 3 0 0 
1 370 4.2 8 0.376411290322581 0.525 27.9263816996311 3 0 0 
0 370 6.2 8 0.438288920056101 0.446774193548387 29.8775259599508 3 0 0 
1 380 4.2 8 0.427016129032258 0.513709677419355 12.0347104740772 3 0 0 
0 380 6.2 8 0.485887096774194 0.458064516129032 30.1252750839926 3 0 0 
1 390 4.2 8 0.418743890518084 0.487903225806452 7.55610802555468 3 0 0 
0 390 6.2 8 0.400754422476587 0.407258064516129 17.6156549738992 3 0 0 
1 400 4.2 8 0.408835904628331 0.506451612903226 5.83917879426211 3 0 0 
0 400 6.2 8 0.398745519713262 0.463709677419355 8.07005213540326 3 0 0 
1 410 4.2 9 0.490806451612903 0.47258064516129 6.58676669937943 3 1 0 
0 410 6.2 8 0.477747909199522 0.487903225806452 4.56126004761665 3 -1 0 
1 420 4.2 9 0.407834101382488 0.507056451612903 5.82628032743865 3 0 0 
0 420 6.2 9 0.424217267552182 0.404838709677419 29.6442599214603 3 0 0 
1 430 4.2 9 0.396313364055299 0.497311827956989 5.63245154728913 3 0 0 
0 430 6.2 9 0.422912713472486 0.395967741935484 27.7865241648164 3 0 0 
1 440 4.2 9 0.472177419354839 0.518145161290323 9.7082439194738 3 0 0 
0 440 6.2 9 0.469639468690702 0.410483870967742 24.8354949389653 3 0 0 
1 450 4.2 9 0.368951612903226 0.307459677419355 40.1682604410215 3 0 0 
0 450 6.2 9 0.454015099519561 0.455645161290323 16.8973317566206 3 0 0 
1 460 4.2 9 0.368145161290323 0.343548387096774 35.6970561309948 3 -1 0 
0 460 6.2 10 0.465725806451613 0.458870967741935 14.4767572293151 3 1 0 
1 470 4.2 9 0.41491935483871 0.42258064516129 23.4478259991895 3 -1 0 
0 470 6.2 10 0.546681141439206 0.433870967741935 11.0156537907518 3 1 0 
1 480 4.2 10 0.403369815668203 0.45241935483871 35.7214956651785 3 0 0 
0 480 6.2 10 0.45426267281106 0.425 13.6281445255963 3 0 0 
1 490 4.2 10 0.413306451612903 0.470161290322581 34.1951366812955 3 0 0 
0 490 6.2 10 0.406030855539972 0.42258064516129 8.04390491738428 3 0 0 
1 500 4.2 10 0.471270161290323 0.454838709677419 16.4342044306608 3 0 0 
0 500 6.2 10 0.465725806451613 0.470967741935484 13.6483776755954 3 0 0 
1 510 4.2 10 0.426672640382318 0.534677419354839 17.4761197230791 3 -1 0 
0 510 6.2 11 0.432048984468339 0.441129032258065 23.2679030660771 3 1 0 
1 520 4.2 11 0.432368035190616 0.504032258064516 15.5449177975157 3 0 0 
0 520 6.2 11 0.391129032258065 0.416935483870968 41.415915396922 3 0 0 
1 530 4.2 11 0.478629032258064 0.540322580645161 14.9238089382028 3 0 0 
0 530 6.2 11 0.444444444444444 0.419354838709677 28.5432161568964 3 0 0 
1 540 4.2 11 0.393625192012289 0.533064516129032 20.0010323461702 3 0 0 
0 540 6.2 11 0.426248699271592 0.445967741935484 34.4165356202621 3 0 0 
1 550 4.2 11 0.382056451612903 0.495967741935484 28.6750138714021 3 0 0 
0 550 6.2 11 0.43764400921659 0.440322580645161 21.4807210275876 3 0 0 
1 560 4.2 11 0.452016129032258 0.471774193548387 22.6462039092819 3 0 0 
0 560 6.2 11 0.488863287250384 0.498387096774194 10.8535093523896 3 0 0 
1 570 4.2 11 0.411129032258065 0.464516129032258 23.3666855141491 3 0 0 
0 570 6.2 11 0.428571428571429 0.508064516129032 18.4849813245617 3 0 0 
1 580 4.2 11 0.396388499298738 0.459677419354839 26.7703606090939 3 0 0 
0 580 6.2 11 0.414261460101868 0.526612903225806 19.0854396334976 3 0 0 
1 590 4.2 12 0.453079178885631 0.467741935483871 20.3135057272169 3 0 0 
0 590 6.2 12 0.452150537634409 0.386290322580645 39.6704114038467 3 0 0 
1 600 4.2 12 0.414488320355951 0.474193548387097 29.662084068392 3 0 0 
0 600 6.2 12 0.406891495601173 0.435483870967742 43.4401795066354 3 0 0 
1 610 4.2 12 0.429873772791024 0.487903225806452 19.4461745099669 3 0 0 
0 610 6.2 12 0.387798036465638 0.455645161290323 45.5410078913638 3 0 0 
1 620 4.2 12 0.477903225806452 0.484677419354839 14.6833926150645 3 0 0 
0 620 6.2 12 0.442265395894428 0.483064516129032 22.9221773508362 3 0 0 
1 630 4.2 13 0.404466501240695 0.551612903225806 3.86504867806064 3 1 0 
0 630 6.2 12 0.414938556067588 0.479838709677419 11.1803398874989 3 -1 0 
1 640 4.2 13 0.424614305750351 0.521774193548387 2.51507726770522 3 1 0 
0 640 6.2 12 0.396057347670251 0.411290322580645 0 3 -1 0 
1 650 4.2 13 0.460372636262514 0.506451612903226 3.52880214101111 3 1 0 
0 650 6.2 12 0.442108294930876 0.435483870967742 0 3 -1 0 
1 660 4.2 13 0.401929723502304 0.517741935483871 12.4985806269151 3 1 0 
0 660 6.2 12 0.430411030176899 0.230846774193548 28.1301377586091 3 -1 0 
1 670 4.2 13 0.438814866760168 0.511290322580645 7.86795335438953 3 1 0 
0 670 6.2 12 0.427851382488479 0.276612903225806 27.0353137458755 3 -1 0 
1 680 4.2 14 0.509250474383302 0.583064516129032 3.7921457376257 3 1 0 
0 680 6.2 13 0.46008064516129 0.346774193548387 32.4907429377515 3 -1 0 
1 690 4.2 14 0.454259072580645 0.624193548387097 6.05865303631408 3 1 0 
0 690 6.2 13 0.434475806451613 0.432795698924731 35.3337718057535 3 -1 0 
1 700 4.2 14 0.4875 0.645967741935484 3.40253289242045 3 1 0 
0 700 6.2 13 0.428763440860215 0.381720430107527 38.7789022739723 3 -1 0 
1 710 4.2 14 0.589285714285714 0.673387096774194 8.11823506978083 3 1 0 
0 710 6.2 13 0.492338709677419 0.290322580645161 43.2495997631796 3 -1 0 
1 720 4.2 14 0.465287517531557 0.678225806451613 10.8462483270993 3 1 0 
0 720 6.2 13 0.435365275142315 0.321572580645161 42.646232036716 3 -1 0 
1 730 4.2 15 0.368279569892473 0.620967741935484 7.34761411119735 3 2 0 
0 730 6.2 13 0.423387096774194 0.34375 45.6637216203195 3 -2 0 
1 740 4.2 15 0.479838709677419 0.649193548387097 7.33943518808981 3 2 0 
0 740 6.2 13 0.419829222011385 0.357862903225806 43.8234436310181 3 -2 0 
1 750 4.2 15 0.449509116409537 0.650806451612903 22.5904663209074 3 1 0 
0 750 6.2 14 0.417194700460829 0.331653225806452 41.6327395985113 3 -1 0 
1 760 4.2 15 0.396037868162693 0.637903225806452 33.1884343207526 3 1 0 
0 760 6.2 14 0.424335863377609 0.279838709677419 42.52344760929 3 -1 0 
1 770 4.2 15 0.510398981324278 0.395161290322581 46.5890621498358 3 1 0 
0 770 6.2 14 0.532258064516129 0.296774193548387 40.1451463505357 3 -1 0 
1 780 4.2 16 0.44089558573854 0.429838709677419 30.43748422098 3 2 0 
0 780 6.2 14 0.39426523297491 0.310483870967742 15.9789815240324 3 -2 0 
1 790 4.2 16 0.395011947431302 0.450806451612903 22.9132088215935 3 2 0 
0 790 6.2 14 0.370430107526882 0.438508064516129 20.3110703867089 3 -2 0 
1 800 4.2 16 0.511904761904762 0.516129032258065 27.0513958053001 3 2 0 
0 800 6.2 14 0.423387096774194 0.441532258064516 5.91398202054542 3 -2 0 
1 810 4.2 16 0.48490488006617 0.505645161290323 27.6353139156793 3 1 0 
0 810 6.2 15 0.344165085388994 0.371774193548387 19.1859442599681 3 -1 0 
1 820 4.2 16 0.432854137447405 0.426411290322581 17.6304607536325 3 1 0 
0 820 6.2 15 0.35144312393888 0.300403225806452 28.1489343579849 3 -1 0 
1 830 4.2 16 0.476670506912442 0.462701612903226 8.2163904866281 3 1 0 
0 830 6.2 15 0.365037950664137 0.439516129032258 10.5444742018341 3 -1 0 
1 840 4.2 17 0.455510752688172 0.501344086021505 2.35678917232533 3 2 0 
0 840 6.2 15 0.378877171215881 0.442204301075269 8.09988514497686 3 -2 0 
1 850 4.2 17 0.402457757296467 0.387096774193548 22.3608389200762 3 2 0 
0 850 6.2 15 0.392069892473118 0.478494623655914 20.6389218463758 3 -2 0 
1 860 4.2 17 0.441666666666667 0.381048387096774 35.2726888341361 3 2 0 
0 860 6.2 15 0.417601683029453 0.391129032258065 37.6030770284186 3 -2 0 
1 870 4.2 17 0.44942876344086 0.454637096774194 13.9704181249237 3 1 0 
0 870 6.2 16 0.443068356374808 0.425403225806452 13.9641431166372 3 -1 0 
1 880 4.2 17 0.425284629981025 0.484879032258065 3.7887555033062 3 1 0 
0 880 6.2 16 0.457170880557977 0.385483870967742 32.0197650526551 3 -1 0 
1 890 4.2 17 0.45586917562724 0.420967741935484 31.387639456647 3 1 0 
0 890 6.2 16 0.530311457174638 0.481451612903226 4.93252879827336 3 -1 0 
1 900 4.2 17 0.382661290322581 0.406451612903226 13.9986689945189 3 1 0 
0 900 6.2 16 0.516386410432395 0.497983870967742 5.10841887887133 3 -1 0 
1 910 4.2 17 0.357862903225806 0.418548387096774 14.5524000116111 3 1 0 
0 910 6.2 16 0.429193548387097 0.504032258064516 5.62912105426335 3 -1 0 
1 920 4.2 17 0.358198924731183 0.463709677419355 15.87393618898 3 1 0 
0 920 6.2 16 0.454637096774194 0.483870967741936 3.48206616833665 3 -1 0 
1 930 4.2 17 0.408531409168082 0.518145161290323 11.5222872363214 3 1 0 
0 930 6.2 16 0.459832506203474 0.445564516129032 7.52735137169913 3 -1 0 
1 940 4.2 18 0.411559139784946 0.537298387096774 6.5205761483969 3 2 0 
0 940 6.2 16 0.45704094292804 0.403225806451613 6.10327780786685 3 -2 0 
1 950 4.2 18 0.449715370018975 0.423387096774194 10.6021317051746 3 2 0 
0 950 6.2 16 0.506774193548387 0.30510752688172 39.2337564697442 3 -2 0 
1 960 4.2 18 0.380616359447005 0.268145161290323 5.07145939970501 3 1 0 
0 960 6.2 17 0.427167338709677 0.376344086021505 31.212996314012 3 -1 0 
1 970 4.2 18 0.38508064516129 0.201612903225806 16.0978557253286 3 1 0 
0 970 6.2 17 0.465813464235624 0.439516129032258 33.0745559846604 3 -1 0 
1 980 4.2 18 0.447132616487455 0.210685483870968 28.0946062804318 3 1 0 
0 980 6.2 17 0.693548387096774 0.384677419354839 54.2864234682963 3 -1 0 
1 990 4.2 18 0.315524193548387 0.290322580645161 24.1331389930322 3 1 0 
0 990 6.2 17 0.490221774193548 0.47741935483871 38.4073012769645 3 -1 0 
1 1000 4.2 18 0.367245657568238 0.382056451612903 14.7648378111332 3 1 0 
0 1000 6.2 17 0.44830069124424 0.471774193548387 28.7792980804325 3 -1 0 
1 1010 4.2 18 0.422379032258065 0.46875 8.01580487285216 3 0 0 
0 1010 6.2 18 0.57716275659824 0.469758064516129 22.3277959442793 3 0 0 
1 1020 4.2 19 0.350657108721625 0.492943548387097 5.00791355763078 3 1 0 
0 1020 6.2 18 0.469520872865275 0.415322580645161 28.2979820968084 3 -1 0 
1 1030 4.2 19 0.348790322580645 0.461290322580645 26.5906172761641 3 1 0 
0 1030 6.2 18 0.435483870967742 0.411290322580645 25.0441025008545 3 -1 0 
1 1040 4.2 19 0.449046920821114 0.518548387096774 29.2884988730643 3 1 0 
0 1040 6.2 18 0.549731182795699 0.382056451612903 31.7299799178587 3 -1 0 
1 1050 4.2 19 0.408562618595825 0.639516129032258 23.7214802705526 3 1 0 
0 1050 6.2 18 0.423984468339307 0.365927419354839 44.4061830619215 3 -1 0 
1 1060 4.2 19 0.435009487666034 0.642741935483871 20.2735044458634 3 1 0 
0 1060 6.2 18 0.451429618768328 0.42741935483871 59.6955116546452 3 -1 0 
1 1070 4.2 19 0.506552419354839 0.683870967741935 7.6917953619499 3 1 0 
0 1070 6.2 18 0.600403225806452 0.387096774193548 73.2846195185627 3 -1 0 
1 1080 4.2 19 0.423998044965787 0.683064516129032 6.25644450595934 3 1 0 
0 1080 6.2 18 0.475806451612903 0.381720430107527 70.8280949329608 3 -1 0 
1 1090 4.2 20 0.487201963534362 0.623387096774194 18.6981244486577 3 2 0 
0 1090 6.2 18 0.49816715542522 0.404569892473118 66.9884943741182 3 -2 0 
1 1100 4.2 20 0.568380376344086 0.606451612903226 22.3717431844953 3 1 0 
0 1100 6.2 19 0.634139784946237 0.446236559139785 62.1296725165544 3 -1 0 
1 1110 4.2 20 0.437836021505376 0.612903225806452 26.5174765371139 3 1 0 
0 1110 6.2 19 0.434979838709677 0.43010752688172 62.708468693651 3 -1 0 
1 1120 4.2 20 0.486451612903226 0.570967741935484 25.1214285049915 3 1 0 
0 1120 6.2 19 0.472324046920821 0.341733870967742 57.0572294727934 3 -1 0 
1 1130 4.2 20 0.617540322580645 0.60241935483871 34.1641015542472 3 1 0 
0 1130 6.2 19 0.608560794044665 0.304838709677419 49.2135997402339 3 -1 0 
1 1140 4.2 20 0.449708781362007 0.611290322580645 33.2010296027068 3 1 0 
0 1140 6.2 19 0.435949131513648 0.349193548387097 51.1809383403834 3 -1 0 
1 1150 4.2 20 0.376910016977929 0.551612903225806 18.5994106438906 3 1 0 
0 1150 6.2 19 0.485023041474654 0.383870967741936 49.073312901845 3 -1 0 
1 1160 4.2 20 0.422675521821632 0.463709677419355 19.0603146141215 3 1 0 
0 1160 6.2 19 0.604838709677419 0.419354838709677 43.8042609724289 3 -1 0 
1 1170 4.2 20 0.42769744160178 0.415322580645161 32.6288073339074 3 0 0 
0 1170 6.2 20 0.502217741935484 0.355645161290323 43.7473251487569 3 0 0 
1 1180 4.2 20 0.487353372434018 0.354838709677419 39.0074429168251 3 0 0 
0 1180 6.2 20 0.478739002932551 0.315322580645161 48.6418814324382 3 0 0 
1 1190 4.2 20 0.579301075268817 0.407258064516129 40.7537047213853 3 0 0 
0 1190 6.2 20 0.527988614800759 0.195564516129032 4.37141086439283 3 0 0 
1 1200 4.2 20 0.398081201334816 0.465322580645161 30.4130756415276 3 0 0 
0 1200 6.2 20 0.41923624288425 0.230846774193548 17.4682414917332 3 0 0 
1 1210 4.2 20 0.387622720897616 0.481451612903226 22.4044156091663 3 0 0 
0 1210 6.2 20 0.453366058906031 0.263104838709677 23.484560408499 3 0 0 
1 1220 4.2 20 0.373739919354839 0.531451612903226 20.2966162509302 3 0 0 
0 1220 6.2 20 0.489656381486676 0.332661290322581 26.0675200543785 3 0 0 
1 1230 4.2 21 0.405376344086022 0.544354838709677 17.5199500817886 3 1 0 
0 1230 6.2 20 0.4296875 0.370967741935484 23.257030931863 3 -1 0 
1 1240 4.2 21 0.406290322580645 0.533064516129032 11.9417358333969 3 1 0 
0 1240 6.2 20 0.373790322580645 0.409274193548387 6.9196873021922 3 -1 0 
1 1250 4.2 21 0.423387096774194 0.587903225806452 12.8055395833951 3 1 0 
0 1250 6.2 20 0.383064516129032 0.332258064516129 23.5696628224871 3 -1 0 
1 1260 4.2 21 0.448692992213571 0.548387096774194 6.68397134231525 3 1 0 
0 1260 6.2 20 0.371471774193548 0.400201612903226 7.29515128058259 3 -1 0 
1 1270 4.2 21 0.445322580645161 0.558064516129032 4.37423897141513 3 1 0 
0 1270 6.2 20 0.367338709677419 0.398185483870968 4.01250945002674 3 -1 0 
1 1280 4.2 21 0.585777126099707 0.557258064516129 5.3102412769743 3 1 0 
0 1280 6.2 20 0.373102466793169 0.389112903225806 6.34156406918093 3 -1 0 
1 1290 4.2 21 0.499621975806452 0.50241935483871 27.7847461330429 3 1 0 
0 1290 6.2 20 0.370071684587814 0.378024193548387 5.77670494239106 3 -1 0 
1 1300 4.2 21 0.37866568914956 0.526612903225806 10.9252500463867 3 1 0 
0 1300 6.2 20 0.384072580645161 0.370967741935484 5.95769963792967 3 -1 0 
1 1310 4.2 21 0.487903225806452 0.52741935483871 7.03109702745027 3 1 0 
0 1310 6.2 20 0.423387096774194 0.431451612903226 27.3384091287886 3 -1 0 
1 1320 4.2 21 0.498196095076401 0.521774193548387 5.04123765073421 3 1 0 
0 1320 6.2 20 0.400268817204301 0.352822580645161 15.7804970754346 3 -1 0 
1 1330 4.2 21 0.4921875 0.537903225806452 5.22066280153559 3 1 0 
0 1330 6.2 20 0.389400921658986 0.359677419354839 28.4377847857537 3 -1 0 
1 1340 4.2 21 0.588877688172043 0.534274193548387 6.82449775962293 3 0 0 
0 1340 6.2 21 0.412096774193548 0.40241935483871 9.56444260534154 3 0 0 
1 1350 4.2 21 0.524539170506912 0.53125 11.0718917625285 3 0 0 
0 1350 6.2 21 0.393860561914672 0.404838709677419 5.05218359529885 3 0 0 
1 1360 4.2 21 0.482232862903226 0.508064516129032 12.2071015392871 3 0 0 
0 1360 6.2 21 0.47698252688172 0.409274193548387 20.5944374367928 3 0 0 
1 1370 4.2 21 0.57442876344086 0.300403225806452 49.5100999797011 3 0 0 
0 1370 6.2 21 0.530017921146953 0.438508064516129 16.7164153931923 3 0 0 
1 1380 4.2 21 0.491359447004608 0.221774193548387 0 3 0 0 
0 1380 6.2 21 0.468672456575682 0.494959677419355 5.46226862409573 3 0 0 
1 1390 4.2 21 0.42415514592934 0.455645161290323 0 3 0 0 
0 1390 6.2 21 0.495247695852535 0.513104838709677 5.82377008697339 3 0 0 
1 1400 4.2 21 0.439660138248848 0.463709677419355 0 3 0 0 
0 1400 6.2 21 0.565668202764977 0.513104838709677 10.799428800519 3 0 0 
1 1410 4.2 22 0.336405529953917 0.288306451612903 27.5408787078408 3 0 0 
0 1410 6.2 22 0.509677419354839 0.545362903225806 27.3135735750267 3 0 0 
1 1420 4.2 22 0.489247311827957 0.300403225806452 19.4550764583437 3 0 0 
0 1420 6.2 22 0.466514726507714 0.554435483870968 30.3460951932352 3 0 0 
1 1430 4.2 22 0.619868035190616 0.233870967741935 25.399791323028 3 0 0 
0 1430 6.2 22 0.459860703812317 0.451612903225806 35.0251906154794 3 0 0 
1 1440 4.2 22 0.486827956989247 0.242943548387097 10.1504454596058 3 0 0 
0 1440 6.2 22 0.462041156840934 0.570967741935484 33.842203583784 3 0 0 
1 1450 4.2 22 0.39489247311828 0.254838709677419 6.58807928099902 3 0 0 
0 1450 6.2 22 0.462845622119816 0.568548387096774 33.5165748056603 3 0 0 
1 1460 4.2 22 0.358294930875576 0.314516129032258 12.2412269350536 3 0 0 
0 1460 6.2 22 0.50031017369727 0.49758064516129 13.4617479003216 3 0 0 
1 1470 4.2 22 0.417114695340502 0.381451612903226 15.1369731225155 3 0 0 
0 1470 6.2 22 0.457388840453357 0.42258064516129 17.1495960021242 3 0 0 
1 1480 4.2 22 0.346998207885305 0.396774193548387 20.4259052895172 3 0 0 
0 1480 6.2 22 0.42644183773216 0.420161290322581 34.8448084504611 3 0 0 
1 1490 4.2 22 0.39602534562212 0.474193548387097 29.1519534102771 3 0 0 
0 1490 6.2 22 0.482430875576037 0.400806451612903 41.043479284392 3 0 0 
1 1500 4.2 22 0.362327188940092 0.551411290322581 29.1006995586536 3 0 0 
0 1500 6.2 22 0.478057014253563 0.412903225806452 30.1066412871417 3 0 0 
1 1510 4.2 22 0.378744239631336 0.643817204301075 2.63497039897745 3 0 0 
0 1510 6.2 22 0.475460829493088 0.46505376344086 47.1480325731404 3 0 0 
1 1520 4.2 22 0.528225806451613 0.634408602150538 16.9873437061917 3 0 0 
0 1520 6.2 22 0.628101736972705 0.275537634408602 46.3001622566743 3 0 0 
1 1530 4.2 22 0.42372311827957 0.514784946236559 17.7523244701023 3 0 0 
0 1530 6.2 22 0.52537372147915 0.283602150537634 27.7491890644385 3 0 0 
1 1540 4.2 22 0.495657568238213 0.413978494623656 6.84392428100915 3 0 0 
0 1540 6.2 22 0.507934443288241 0.30241935483871 6.51056288701523 3 0 0 
1 1550 4.2 22 0.566935483870968 0.294354838709677 13.1644166453867 3 -1 0 
0 1550 6.2 23 0.636328725038402 0.336021505376344 5.13244474611492 3 1 0 
1 1560 4.2 23 0.357096774193548 0.28494623655914 19.3763447699695 3 0 0 
0 1560 6.2 23 0.506320836965998 0.46505376344086 9.44883245930646 3 0 0 
1 1570 4.2 23 0.326612903225806 0.234677419354839 30.0901544092085 3 0 0 
0 1570 6.2 23 0.441987513007284 0.374193548387097 40.1003520781766 3 0 0 
1 1580 4.2 23 0.355040322580645 0.394354838709677 15.3171054158449 3 0 0 
0 1580 6.2 23 0.609582542694497 0.441129032258065 22.2813092700526 3 0 0 
1 1590 4.2 23 0.33183990442055 0.42258064516129 4.34067540512143 3 0 0 
0 1590 6.2 23 0.507504480286738 0.467741935483871 19.4789665329462 3 0 0 
1 1600 4.2 23 0.358064516129032 0.492741935483871 7.73718452796806 3 0 0 
0 1600 6.2 23 0.426224611708483 0.459677419354839 4.61031729828177 3 0 0 
1 1610 4.2 23 0.383870967741935 0.496774193548387 9.45353691508307 3 0 0 
0 1610 6.2 23 0.548811544991511 0.429435483870968 2.5 3 0 0 
1 1620 4.2 23 0.33363201911589 0.52741935483871 14.7307482465239 3 0 0 
0 1620 6.2 23 0.487777217741936 0.247983870967742 26.6176633084123 3 0 0 
1 1630 4.2 23 0.343969144460028 0.528225806451613 14.9336909062513 3 0 0 
0 1630 6.2 23 0.419193548387097 0.25 28.4121452903507 3 0 0 
1 1640 4.2 23 0.366234221598878 0.523387096774194 15.7682183696952 3 0 0 
0 1640 6.2 23 0.484767025089606 0.298387096774194 6.40312423743285 3 0 0 
1 1650 4.2 23 0.370698924731183 0.637903225806452 6.20427218249096 3 0 0 
0 1650 6.2 23 0.479704301075269 0.26008064516129 1.58113883008419 3 0 0 
1 1660 4.2 23 0.406947890818859 0.716129032258064 6.66808864096926 3 0 0 
0 1660 6.2 23 0.464809384164223 0.1875 12.747548783982 3 0 0 
1 1670 4.2 24 0.404377880184332 0.788709677419355 5.9549692823757 3 1 1 
0 1670 6.2 23 0.579796264855688 0.125 8.34137680066454 2 -1 -1 
1 1680 4.2 24 0.392826825127335 0.821572580645161 6.83390556604255 3 1 1 
0 1680 6.2 23 0.595430107526882 0.173387096774194 4 2 -1 -1 
1 1690 4.2 24 0.515029325513196 0.839717741935484 5.7904829857563 3 1 1 
0 1690 6.2 23 0.639888337468983 0.118951612903226 6.10327780786685 2 -1 -1 
1 1700 4.2 24 0.515029325513196 0.839717741935484 4.60256708107739 3 1 1 
0 1700 6.2 23 0.652605459057072 0.131048387096774 1.58113883008419 2 -1 -1 
