1 30 8.4 1 NaN 0.28125 18.0191203215831 3 0 0 
0 30 7 1 NaN 0.267741935483871 13.9008248110582 3 0 0 
1 40 8.4 1 NaN 0.300806451612903 21.3946870449218 3 0 0 
0 40 7 1 NaN 0.295967741935484 11.210976965595 3 0 0 
1 50 8.4 1 0.363709677419355 0.4 24.3686341315164 3 0 0 
0 50 7 1 0.369815668202765 0.335483870967742 17.9108170064843 3 0 0 
1 60 8.4 1 0.364247311827957 0.481854838709677 27.4249214202305 3 0 0 
0 60 7 1 0.364247311827957 0.482258064516129 15.9904844933118 3 0 0 
1 70 8.4 1 0.412046370967742 0.475806451612903 34.6954579564635 3 0 0 
0 70 7 1 0.399865591397849 0.5 20.723389122928 3 0 0 
1 80 8.4 1 0.451864919354839 0.462701612903226 37.1958626669338 3 0 0 
0 80 7 1 0.474654377880184 0.50241935483871 25.0453798853117 3 0 0 
1 90 8.4 1 0.397642679900744 0.445967741935484 26.3994462777958 3 0 0 
0 90 7 1 0.387903225806452 0.5 32.476795095114 3 0 0 
1 100 8.4 1 0.415130568356375 0.479838709677419 26.2976634687591 3 0 0 
0 100 7 1 0.393145161290323 0.461290322580645 33.9293719793517 3 0 0 
1 110 8.4 2 0.467215988779804 0.465322580645161 22.2733558992397 3 0 0 
0 110 7 2 0.472542242703533 0.471774193548387 29.8584183618664 3 0 0 
1 120 8.4 2 0.406347554630593 0.457258064516129 24.936996152447 3 0 0 
0 120 7 2 0.37429873772791 0.479838709677419 31.7221361142831 3 0 0 
1 130 8.4 2 0.404325513196481 0.413709677419355 44.697642299303 3 0 0 
0 130 7 2 0.386895161290323 0.467741935483871 31.2938770339026 3 0 0 
1 140 8.4 3 0.445014662756598 0.454637096774194 36.1320504512266 3 1 0 
0 140 7 2 0.464477726574501 0.5 1.11803398874989 3 -1 0 
1 150 8.4 3 0.422287390029326 0.46505376344086 16.3147638925298 3 0 0 
0 150 7 3 0.385 0.319556451612903 48.8041526522674 3 0 0 
1 160 8.4 3 0.480938416422287 0.371975806451613 39.9037953404248 3 0 0 
0 160 7 3 0.376344086021505 0.295967741935484 36.2254852855999 3 0 0 
1 170 8.4 4 0.50274926686217 0.370967741935484 37.4683742293843 3 1 0 
0 170 7 3 0.434307795698925 0.445967741935484 27.7465340311085 3 -1 0 
1 180 8.4 4 0.378681626928471 0.415322580645161 34.3167329798454 3 1 0 
0 180 7 3 0.404838709677419 0.462096774193548 32.6820441180274 3 -1 0 
1 190 8.4 4 0.363575268817204 0.487903225806452 34.5241384300406 3 0 0 
0 190 7 4 0.438782991202346 0.473387096774194 35.9450306202372 3 0 0 
1 200 8.4 4 0.444950911640954 0.484879032258065 31.6006821086827 3 0 0 
0 200 7 4 0.467204301075269 0.470766129032258 48.973898856871 3 0 0 
1 210 8.4 5 0.387406947890819 0.480846774193548 18.7446938950787 3 1 0 
0 210 7 4 0.422350230414747 0.514112903225806 48.4889729722746 3 -1 0 
1 220 8.4 5 0.43394777265745 0.394354838709677 47.9762365160152 3 0 0 
0 220 7 5 0.440284178187404 0.436290322580645 43.4184905678823 3 0 0 
1 230 8.4 5 0.458274894810659 0.466935483870968 29.133021750992 3 0 0 
0 230 7 5 0.471176821983274 0.488709677419355 29.165386388844 3 0 0 
1 240 8.4 5 0.414650537634409 0.487096774193548 25.8733458333914 3 -1 0 
0 240 7 6 0.408698156682028 0.500806451612903 23.4296528686863 3 1 0 
1 250 8.4 6 0.426008064516129 0.491935483870968 27.4868047433292 3 0 0 
0 250 7 6 0.437144212523719 0.506451612903226 20.554947597121 3 0 0 
1 260 8.4 6 0.449116743471582 0.474193548387097 27.9029664750049 3 0 0 
0 260 7 6 0.463709677419355 0.515322580645161 22.5673658162574 3 0 0 
1 270 8.4 6 0.386760752688172 0.445161290322581 31.624010207023 3 0 0 
0 270 7 6 0.395497311827957 0.529233870967742 17.764153655242 3 0 0 
1 280 8.4 7 0.413412563667233 0.442741935483871 26.6061340337039 3 1 0 
0 280 7 6 0.435259856630824 0.490927419354839 16.9876954019618 3 -1 0 
1 290 8.4 7 0.447096774193548 0.461290322580645 29.2143306653771 3 1 0 
0 290 7 6 0.461693548387097 0.428225806451613 32.2199679840951 3 -1 0 
1 300 8.4 7 0.408554147465438 0.467741935483871 30.5776472045278 3 0 0 
0 300 7 7 0.41113523573201 0.455645161290323 31.9930233269299 3 0 0 
1 310 8.4 7 0.453533026113671 0.437903225806452 22.9719615505668 3 0 0 
0 310 7 7 0.428646563814867 0.449193548387097 29.0294920235131 3 0 0 
1 320 8.4 7 0.462989631336406 0.506048387096774 32.97344195689 3 0 0 
0 320 7 7 0.445483870967742 0.454838709677419 37.7751862184469 3 0 0 
1 330 8.4 7 0.404435483870968 0.467741935483871 33.5696600626325 3 0 0 
0 330 7 7 0.406737773152966 0.470161290322581 41.3736409115416 3 0 0 
1 340 8.4 8 0.426814516129032 0.437096774193548 28.5622752252809 3 1 0 
0 340 7 7 0.453629032258065 0.512903225806452 47.9720901461766 3 -1 0 
1 350 8.4 8 0.44304435483871 0.443548387096774 38.002615034739 3 1 0 
0 350 7 7 0.477678571428571 0.512096774193548 47.9127754212642 3 -1 0 
1 360 8.4 8 0.406701890989989 0.441129032258065 27.7670232784424 3 0 0 
0 360 7 8 0.395758661887694 0.520967741935484 46.9110535285483 3 0 0 
1 370 8.4 8 0.452956989247312 0.442540322580645 25.5914443178275 3 0 0 
0 370 7 8 0.438330170777989 0.545967741935484 40.7497770705651 3 0 0 
1 380 8.4 9 0.469758064516129 0.477822580645161 27.368594392632 3 1 0 
0 380 7 8 0.45773596176822 0.540322580645161 0 3 -1 0 
1 390 8.4 9 0.409647550776583 0.470430107526882 23.2149343819216 3 1 0 
0 390 7 8 0.428368121442125 0.471774193548387 0 3 -1 0 
1 400 8.4 9 0.445396505376344 0.403225806451613 30.4287600425039 3 1 0 
0 400 7 8 0.483486943164362 0.318548387096774 42.5 3 -1 0 
1 410 8.4 10 0.469623655913978 0.367741935483871 34.2155994030596 3 1 0 
0 410 7 9 0.459677419354839 0.273387096774194 30.398626478542 3 -1 0 
1 420 8.4 10 0.397903225806452 0.486290322580645 26.3149710373732 3 1 0 
0 420 7 9 0.427923387096774 0.37741935483871 19.2758796510639 3 -1 0 
1 430 8.4 10 0.429339477726575 0.412903225806452 38.9501849652232 3 1 0 
0 430 7 9 0.472026209677419 0.423387096774194 17.2102600067449 3 -1 0 
1 440 8.4 10 0.459677419354839 0.527217741935484 19.2346359869055 3 1 0 
0 440 7 9 0.463508064516129 0.390120967741936 12.9419636271516 3 -1 0 
1 450 8.4 11 0.431619623655914 0.560483870967742 19.9436748896546 3 2 0 
0 450 7 9 0.434543010752688 0.391129032258065 14.6242179478082 3 -2 0 
1 460 8.4 11 0.441213921901528 0.526209677419355 23.3238451414294 3 2 0 
0 460 7 9 0.393039049235993 0.313172043010753 32.9613395574375 3 -2 0 
1 470 8.4 11 0.454032258064516 0.488911290322581 31.5396036350501 3 2 0 
0 470 7 9 0.405376344086022 0.323588709677419 24.6216193368062 3 -2 0 
1 480 8.4 11 0.401935483870968 0.550403225806452 27.6433712518787 3 1 0 
0 480 7 10 0.401290322580645 0.295161290322581 27.5384132822034 3 -1 0 
1 490 8.4 11 0.436635944700461 0.503024193548387 37.2475632423736 3 1 0 
0 490 7 10 0.454222011385199 0.354032258064516 30.2363705596775 3 -1 0 
1 500 8.4 12 0.449327956989247 0.445564516129032 41.2062784818816 3 2 0 
0 500 7 10 0.454796264855688 0.419354838709677 23.8559113834847 3 -2 0 
1 510 8.4 12 0.435707885304659 0.448387096774194 25.9658338647502 3 2 0 
0 510 7 10 0.38508064516129 0.494354838709677 21.3317628259187 3 -2 0 
1 520 8.4 12 0.481241234221599 0.467741935483871 36.2040729933996 3 2 0 
0 520 7 10 0.37589605734767 0.484677419354839 20.6436607343211 3 -2 0 
1 530 8.4 12 0.476783968719453 0.462701612903226 36.5386355086995 3 1 0 
0 530 7 11 0.424955197132616 0.480645161290323 26.9647689292313 3 -1 0 
1 540 8.4 12 0.42686318131257 0.458333333333333 45.2379541714914 3 1 0 
0 540 7 11 0.394354838709677 0.487903225806452 26.2698701967503 3 -1 0 
1 550 8.4 12 0.481098790322581 0.347782258064516 44.8516677052639 3 1 0 
0 550 7 11 0.438978494623656 0.5 30.5936724239037 3 -1 0 
1 560 8.4 12 0.501008064516129 0.378024193548387 42.6154275724855 3 1 0 
0 560 7 11 0.475230414746544 0.545967741935484 26.6281881199779 3 -1 0 
1 570 8.4 13 0.460410557184751 0.410282258064516 40.9928963222336 3 1 0 
0 570 7 12 0.418387096774194 0.536290322580645 18.1411329046245 3 -1 0 
1 580 8.4 13 0.505376344086022 0.403225806451613 41.2844102017513 3 1 0 
0 580 7 12 0.428091397849462 0.52116935483871 26.9022877948907 3 -1 0 
1 590 8.4 13 0.504704301075269 0.437096774193548 38.487987071431 3 1 0 
0 590 7 12 0.460043988269795 0.46875 23.0925087689668 3 -1 0 
1 600 8.4 13 0.406612903225806 0.48991935483871 47.7779056139057 3 1 0 
0 600 7 12 0.389032258064516 0.368951612903226 51.1277477747331 3 -1 0 
1 610 8.4 13 0.379032258064516 0.433467741935484 40.3573587624031 3 1 0 
0 610 7 12 0.371204933586338 0.443548387096774 47.767467111165 3 -1 0 
1 620 8.4 14 0.467558651026393 0.425403225806452 43.142698619767 3 2 0 
0 620 7 12 0.455645161290323 0.456653225806452 32.0202485504208 3 -2 0 
1 630 8.4 14 0.429370447450572 0.448924731182796 29.1442567786024 3 1 0 
0 630 7 13 0.368338008415147 0.378024193548387 35.8145950227013 3 -1 0 
1 640 8.4 14 0.47429435483871 0.479838709677419 37.1214402627463 3 1 0 
0 640 7 13 0.37258064516129 0.359879032258065 38.6002445683302 3 -1 0 
1 650 8.4 14 0.495707596253902 0.529569892473118 41.8566771397423 3 1 0 
0 650 7 13 0.423852357320099 0.419354838709677 16.3902788212439 3 -1 0 
1 660 8.4 14 0.438685958254269 0.474462365591398 40.631244587336 3 1 0 
0 660 7 13 0.376577840112202 0.412298387096774 42.094213426339 3 -1 0 
1 670 8.4 15 0.456774193548387 0.420362903225806 40.1579347878057 3 2 0 
0 670 7 13 0.384677419354839 0.415322580645161 29.0726582030497 3 -2 0 
1 680 8.4 15 0.48808651026393 0.404233870967742 26.1663329347183 3 2 0 
0 680 7 13 0.425776583034647 0.381048387096774 36.0373363113047 3 -2 0 
1 690 8.4 15 0.438886088709677 0.471774193548387 27.6730001008799 3 2 0 
0 690 7 13 0.399625576036866 0.395161290322581 26.7652489310422 3 -2 0 
1 700 8.4 15 0.446620583717358 0.511088709677419 29.9913802399513 3 1 0 
0 700 7 14 0.410063113604488 0.452956989247312 13.9595104311745 3 -1 0 
1 710 8.4 16 0.485122358175751 0.581653225806452 31.3899443421179 3 2 0 
0 710 7 14 0.449066213921902 0.399193548387097 34.2860829846062 3 -2 0 
1 720 8.4 16 0.450268817204301 0.625 25.4825872640909 3 2 0 
0 720 7 14 0.386363636363636 0.384072580645161 22.5543121209602 3 -2 0 
1 730 8.4 16 0.463159824046921 0.46236559139785 59.7612375948762 3 2 0 
0 730 7 14 0.401103565365026 0.397177419354839 39.8953740180095 3 -2 0 
1 740 8.4 16 0.485961768219833 0.424395161290323 61.2192683696814 3 2 0 
0 740 7 14 0.455407969639469 0.338709677419355 37.5119683381758 3 -2 0 
1 750 8.4 16 0.434232480533927 0.581653225806452 31.3054857494226 3 2 0 
0 750 7 14 0.409408602150538 0.405645161290323 35.6433449572359 3 -2 0 
1 760 8.4 17 0.498350439882698 0.513440860215054 25.3460527130663 3 2 0 
0 760 7 15 0.433380084151473 0.463709677419355 42.8592859307212 3 -2 0 
1 770 8.4 17 0.494959677419355 0.522849462365591 17.1709130415919 3 2 0 
0 770 7 15 0.479390681003584 0.458333333333333 27.3084591806996 3 -2 0 
1 780 8.4 17 0.414725209080048 0.532258064516129 17.2681081484938 3 2 0 
0 780 7 15 0.410980148883375 0.435483870967742 22.9213021051192 3 -2 0 
1 790 8.4 17 0.466532258064516 0.486290322580645 31.5078215989519 3 2 0 
0 790 7 15 0.386622390891841 0.424731182795699 13.7540253712161 3 -2 0 
1 800 8.4 17 0.491935483870968 0.475806451612903 33.8173376935531 3 2 0 
0 800 7 15 0.470046082949309 0.248991935483871 22.8270745572235 3 -2 0 
1 810 8.4 17 0.455875576036866 0.461693548387097 36.4588809482683 3 1 0 
0 810 7 16 0.36217008797654 0.330645161290323 15.0607135046947 3 -1 0 
1 820 8.4 17 0.465175953079179 0.387096774193548 51.3205528874126 3 1 0 
0 820 7 16 0.370103686635945 0.368951612903226 3.7863428254987 3 -1 0 
1 830 8.4 18 0.524961597542243 0.487903225806452 39.0060407778287 3 2 0 
0 830 7 16 0.415632754342432 0.403225806451613 14.8443763935131 3 -2 0 
1 840 8.4 18 0.471198156682028 0.591397849462366 30.5791774841567 3 2 0 
0 840 7 16 0.352726574500768 0.373991935483871 38.0513563772354 3 -2 0 
1 850 8.4 18 0.474462365591398 0.536290322580645 36.051150924163 3 2 0 
0 850 7 16 0.387096774193548 0.469086021505376 34.3546823587517 3 -2 0 
1 860 8.4 18 0.527248289345064 0.342741935483871 38.2564860688347 3 1 0 
0 860 7 17 0.449193548387097 0.494623655913979 29.1495550932394 3 -1 0 
1 870 8.4 19 0.453866223908918 0.44758064516129 26.4454644803664 3 2 0 
0 870 7 17 0.37774926686217 0.395161290322581 42.190046219458 3 -2 0 
1 880 8.4 19 0.449333800841515 0.446236559139785 30.5329078160622 3 2 0 
0 880 7 17 0.392921146953405 0.235887096774194 24.7487373415292 3 -2 0 
1 890 8.4 19 0.513739545997611 0.491935483870968 42.7565223030979 3 2 0 
0 890 7 17 0.436491935483871 0.185483870967742 0 3 -2 0 
1 900 8.4 19 0.469913151364764 0.533602150537634 32.2997361127252 3 2 0 
0 900 7 17 0.363604488078541 0.270161290322581 39.0512483795333 3 -2 0 
1 910 8.4 19 0.474677419354839 0.429838709677419 62.2684888776042 3 2 0 
0 910 7 17 0.356699751861042 0.290322580645161 7.43303437365925 3 -2 0 
1 920 8.4 20 0.560721062618596 0.643145161290323 30.8566338960631 3 3 1 
0 920 7 17 0.338133640552995 0.201612903225806 17.6918060129541 2 -3 -1 
1 930 8.4 20 0.527567478604345 0.690322580645161 16.0816190150496 3 3 1 
0 930 7 17 0.313364055299539 0.224462365591398 16.0699646324208 2 -3 -1 
1 940 8.4 20 0.454796264855688 0.638709677419355 20.4155991648258 3 3 1 
0 940 7 17 0.328629032258065 0.189516129032258 8.21742873019913 2 -3 -1 
1 950 8.4 20 0.596505376344086 0.691935483870968 26.3745643172455 3 2 1 
0 950 7 18 0.328629032258065 0.19489247311828 11.0105368293087 2 -2 -1 
1 960 8.4 20 0.496852871754524 0.69489247311828 13.7392044623024 3 2 1 
0 960 7 18 0.302150537634409 0.272849462365591 4.69422833347859 2 -2 -1 
1 970 8.4 20 0.446572580645161 0.603494623655914 19.7902124069632 3 2 1 
0 970 7 18 0.330645161290323 0.259408602150538 22.0596560205679 2 -2 -1 
1 980 8.4 21 0.577822580645161 0.591397849462366 14.8604132710006 3 3 1 
0 980 7 18 0.330645161290323 0.287634408602151 21.0339680917408 2 -3 -1 
1 990 8.4 21 0.505088325652842 0.623655913978495 5.70214572472948 3 3 1 
0 990 7 18 0.316213921901528 0.27116935483871 18.6861121818832 2 -3 -1 
1 1000 8.4 21 0.498655913978495 0.585483870967742 10.2465499108518 3 3 1 
0 1000 7 18 0.337701612903226 0.305443548387097 18.3532776783774 2 -3 -1 
1 1010 8.4 21 0.592979127134725 0.578629032258065 17.6977430869745 3 2 1 
0 1010 7 19 0.357661290322581 0.368279569892473 17.415575437962 2 -2 -1 
1 1020 8.4 21 0.510221305326332 0.549731182795699 36.3773840719718 3 2 1 
0 1020 7 19 0.328947368421053 0.391129032258065 33.1575153750311 2 -2 -1 
1 1030 8.4 21 0.518019153225806 0.431451612903226 29.8290788689206 3 2 1 
0 1030 7 19 0.370967741935484 0.332661290322581 33.0095331383527 2 -2 -1 
1 1040 8.4 21 0.604957305502846 0.431451612903226 24.2537309186552 3 2 1 
0 1040 7 19 0.455645161290323 0.337701612903226 27.8459739389699 2 -2 -1 
1 1050 8.4 21 0.505907726931733 0.538306451612903 22.8514351785788 3 2 1 
0 1050 7 19 0.316532258064516 0.251344086021505 24.1769470235531 2 -2 -1 
1 1060 8.4 21 0.457493279569892 0.520161290322581 26.1828949358625 3 1 1 
0 1060 7 20 0.344086021505376 0.315860215053763 20.7654006525509 2 -1 -1 
1 1070 8.4 21 0.560093652445369 0.451612903225806 34.1244849790048 3 1 1 
0 1070 7 20 0.344086021505376 0.413978494623656 21.4590122596106 2 -1 -1 
1 1080 8.4 21 0.498033044846578 0.438172043010753 29.1622220310373 3 1 1 
0 1080 7 20 0.323313782991202 0.272177419354839 18.6599445219109 2 -1 -1 
1 1090 8.4 21 0.542741935483871 0.467741935483871 39.0281399978494 3 1 1 
0 1090 7 20 0.402649769585253 0.327620967741936 17.4164958863076 2 -1 -1 
1 1100 8.4 22 0.576451612903226 0.494959677419355 30.155525695723 3 2 1 
0 1100 7 20 0.404711375212224 0.389784946236559 23.3237891091561 2 -2 -1 
1 1110 8.4 22 0.48073476702509 0.537298387096774 43.1564153999834 3 2 1 
0 1110 7 20 0.396057347670251 0.318548387096774 30.3771605835631 2 -2 -1 
1 1120 8.4 22 0.490639400921659 0.368548387096774 52.6001253854732 3 2 1 
0 1120 7 20 0.400293255131965 0.280241935483871 18.4215671164561 2 -2 -1 
1 1130 8.4 22 0.543970814132104 0.415322580645161 34.2913125552714 3 2 1 
0 1130 7 20 0.414746543778802 0.377016129032258 14.0797068110214 2 -2 -1 
1 1140 8.4 22 0.551686217008798 0.549395161290323 24.6400269914806 3 2 1 
0 1140 7 20 0.414373814041746 0.444556451612903 39.4110365885117 2 -2 -1 
1 1150 8.4 22 0.583760997067449 0.64758064516129 19.3227363735403 3 2 1 
0 1150 7 20 0.464861751152074 0.467741935483871 49.1005455864927 2 -2 -1 
1 1160 8.4 22 0.62041788856305 0.725806451612903 21.7318193725403 3 2 1 
0 1160 7 20 0.54133064516129 0.534274193548387 13.2098448136229 2 -2 -1 
1 1170 8.4 22 0.537634408602151 0.788306451612903 7.64194035345654 3 2 1 
0 1170 7 20 0.295430107526882 0.370967741935484 0 2 -2 -1 
