1 30 5.8 1 NaN 0.33125 32.5381908988257 3 0 0 
0 30 9.4 1 NaN 0.1921875 3.05435689757387 3 0 0 
1 40 5.8 1 NaN 0.3296875 32.3278520674526 3 0 0 
0 40 9.4 1 NaN 0.19765625 2.54425493644275 3 0 0 
1 50 5.8 1 0.39453125 0.3734375 42.4481167090201 3 0 0 
0 50 9.4 1 0.36328125 0.26640625 22.6403045135276 3 0 0 
1 60 5.8 1 0.401258680555556 0.4984375 53.2934408063117 3 0 0 
0 60 9.4 1 0.369025735294118 0.43203125 47.3655096260311 3 0 0 
1 70 5.8 1 0.4138671875 0.48984375 50.4973429654956 3 0 0 
0 70 9.4 1 0.38578869047619 0.45234375 50.2042927159146 3 0 0 
1 80 5.8 1 0.494791666666667 0.49609375 47.7356434326644 3 0 0 
0 80 9.4 1 0.429375 0.4640625 52.90743489603 3 0 0 
1 90 5.8 1 0.418146306818182 0.51953125 33.8397144472222 3 0 0 
0 90 9.4 1 0.426339285714286 0.4625 52.8710641667675 3 0 0 
1 100 5.8 1 0.418340773809524 0.490234375 36.4394535816572 3 -1 0 
0 100 9.4 2 0.40913722826087 0.48515625 57.4003029246825 3 1 0 
1 110 5.8 2 0.4763671875 0.48046875 44.133948714307 3 0 0 
0 110 9.4 2 0.43851902173913 0.45625 55.5964713679599 3 0 0 
1 120 5.8 2 0.424479166666667 0.5140625 41.9429512652278 3 0 0 
0 120 9.4 2 0.425925925925926 0.4609375 53.9655683696972 3 0 0 
1 130 5.8 2 0.423921130952381 0.513671875 24.2514086825099 3 -1 0 
0 130 9.4 3 0.391983695652174 0.47109375 51.1931956359969 3 1 0 
1 140 5.8 3 0.4599609375 0.42109375 45.6827615007516 3 0 0 
0 140 9.4 3 0.441220238095238 0.43046875 54.5786035272532 3 0 0 
1 150 5.8 3 0.411328125 0.44921875 42.5746804500111 3 -1 0 
0 150 9.4 4 0.419704861111111 0.47578125 53.9628474102328 3 1 0 
1 160 5.8 3 0.418340773809524 0.48046875 42.0988974388675 3 -1 0 
0 160 9.4 4 0.396019345238095 0.47265625 52.5196272798115 3 1 0 
1 170 5.8 3 0.486793154761905 0.51328125 49.3627127501747 3 -1 0 
0 170 9.4 4 0.43257472826087 0.4578125 38.2411794527556 3 1 0 
1 180 5.8 4 0.437322443181818 0.515625 50.2176307893084 3 0 0 
0 180 9.4 4 0.390950520833333 0.42734375 42.1931641371971 3 0 0 
1 190 5.8 4 0.401726973684211 0.40625 51.9147851773378 3 -1 0 
0 190 9.4 5 0.393643465909091 0.40625 48.4737461060275 3 1 0 
1 200 5.8 4 0.465928819444444 0.44140625 45.3584204005673 3 -1 0 
0 200 9.4 5 0.445498511904762 0.43203125 49.8854087614597 3 1 0 
1 210 5.8 4 0.439236111111111 0.46953125 24.4921185056912 3 -1 0 
0 210 9.4 5 0.400815217391304 0.42265625 31.7491162663441 3 1 0 
1 220 5.8 5 0.42866847826087 0.51171875 12.9485517583419 3 0 0 
0 220 9.4 5 0.376171875 0.434375 14.243838536362 3 0 0 
1 230 5.8 5 0.46630859375 0.5125 10.2557519709011 3 0 0 
0 230 9.4 5 0.446614583333333 0.349609375 32.5872835770212 3 0 0 
1 240 5.8 5 0.45234375 0.4625 12.0638649328853 3 -1 0 
0 240 9.4 6 0.397017045454545 0.376302083333333 26.6930968672946 3 1 0 
1 250 5.8 6 0.429361979166667 0.501953125 8.76423618531028 3 0 0 
0 250 9.4 6 0.393391927083333 0.260416666666667 33.2806948705961 3 0 0 
1 260 5.8 6 0.457632211538462 0.5537109375 6.29176641512107 3 0 0 
0 260 9.4 6 0.441695601851852 0.350260416666667 6.78100435562707 3 0 0 
1 270 5.8 6 0.452223557692308 0.44140625 44.8269449419985 3 0 0 
0 270 9.4 6 0.41875 0.29453125 42.267764021957 3 0 0 
1 280 5.8 6 0.453938802083333 0.4443359375 35.0428877822325 3 0 0 
0 280 9.4 6 0.425025201612903 0.38359375 43.1546992475737 3 0 0 
1 290 5.8 6 0.46484375 0.4328125 45.2337976370074 3 -1 0 
0 290 9.4 7 0.478376116071429 0.4265625 43.9223055322194 3 1 0 
1 300 5.8 7 0.425455729166667 0.4421875 46.7437785769756 3 0 0 
0 300 9.4 7 0.4509375 0.4734375 51.3934779260455 3 0 0 
1 310 5.8 7 0.417557565789474 0.45078125 51.930115370666 3 0 0 
0 310 9.4 7 0.377790178571429 0.4921875 53.2959162032124 3 0 0 
1 320 5.8 7 0.499699519230769 0.45390625 40.0323129783223 3 -1 0 
0 320 9.4 8 0.430859375 0.4671875 51.4944336952591 3 1 0 
1 330 5.8 7 0.404296875 0.51171875 53.308685524998 3 -1 0 
0 330 9.4 8 0.458147321428571 0.45625 48.5014418481297 3 1 0 
1 340 5.8 7 0.412202380952381 0.49140625 40.0986391571531 3 -1 0 
0 340 9.4 8 0.384588068181818 0.4296875 35.9313666227388 3 1 0 
1 350 5.8 7 0.450474330357143 0.5265625 17.3033058435397 3 -1 0 
0 350 9.4 8 0.4015625 0.4359375 10.891790392452 3 1 0 
1 360 5.8 8 0.425655241935484 0.501953125 33.6313547064171 3 0 0 
0 360 9.4 8 0.431423611111111 0.45625 4.8673715118461 3 0 0 
1 370 5.8 8 0.422902960526316 0.4736328125 28.6983965292967 3 0 0 
0 370 9.4 8 0.418547453703704 0.4984375 6.56163289358969 3 0 0 
1 380 5.8 8 0.481085526315789 0.5 35.4590025205151 3 -1 0 
0 380 9.4 9 0.471354166666667 0.4453125 20.5067958510746 3 1 0 
1 390 5.8 8 0.4287109375 0.46640625 50.6562287130009 3 -1 0 
0 390 9.4 9 0.43431712962963 0.505859375 27.9855961987638 3 1 0 
1 400 5.8 9 0.436448317307692 0.46875 51.0951036692016 3 0 0 
0 400 9.4 9 0.404296875 0.5068359375 38.8016768140584 3 0 0 
1 410 5.8 9 0.501027960526316 0.51328125 60.0434687438974 3 0 0 
0 410 9.4 9 0.42640625 0.3759765625 57.1853037028791 3 0 0 
1 420 5.8 9 0.4903125 0.5265625 55.0244022019771 3 0 0 
0 420 9.4 9 0.4171875 0.4130859375 44.5079730272364 3 0 0 
1 430 5.8 9 0.408735795454545 0.50546875 47.249957309255 3 -1 0 
0 430 9.4 10 0.424005681818182 0.35859375 50.7586575549041 3 1 0 
1 440 5.8 10 0.455322265625 0.51171875 26.6849732778398 3 0 0 
0 440 9.4 10 0.419921875 0.337890625 44.8076663444898 3 0 0 
1 450 5.8 10 0.463396990740741 0.4775390625 31.3256239099078 3 0 0 
0 450 9.4 10 0.39375 0.4375 23.668735084298 3 0 0 
1 460 5.8 10 0.417119565217391 0.4951171875 34.5187523243102 3 0 0 
0 460 9.4 10 0.373828125 0.40703125 31.9186132769489 3 0 0 
1 470 5.8 10 0.496875 0.3984375 71.9044504881304 3 -1 0 
0 470 9.4 11 0.415900735294118 0.423828125 34.6559642778598 3 1 0 
1 480 5.8 11 0.473795572916667 0.4765625 40.4969134626332 3 0 0 
0 480 9.4 11 0.40625 0.5283203125 17.4169174082604 3 0 0 
1 490 5.8 11 0.4228515625 0.3046875 50.6375287603072 3 0 0 
0 490 9.4 11 0.363064236111111 0.5693359375 12.8416181736869 3 0 0 
1 500 5.8 11 0.488581730769231 0.33203125 39.8661936067648 3 0 0 
0 500 9.4 11 0.407894736842105 0.45625 39.5812700712583 3 0 0 
1 510 5.8 11 0.5029296875 0.42890625 34.5591678702142 3 0 0 
0 510 9.4 11 0.379934210526316 0.4736328125 40.076117233236 3 0 0 
1 520 5.8 11 0.473911830357143 0.49140625 37.0504635719699 3 0 0 
0 520 9.4 11 0.359375 0.494791666666667 40.7766635009224 3 0 0 
1 530 5.8 12 0.515755208333333 0.450520833333333 22.7872434325754 3 0 0 
0 530 9.4 12 0.439732142857143 0.427734375 53.9675828623073 3 0 0 
1 540 5.8 12 0.444802989130435 0.4150390625 43.2408939757943 3 0 0 
0 540 9.4 12 0.422395833333333 0.302083333333333 35.0652408434632 3 0 0 
1 550 5.8 12 0.436458333333333 0.3818359375 44.5662366022492 3 0 0 
0 550 9.4 12 0.43515625 0.27578125 32.713586942506 3 0 0 
1 560 5.8 12 0.434303977272727 0.31484375 38.2016539179002 3 0 0 
0 560 9.4 12 0.450161637931034 0.3609375 21.8318317441929 3 0 0 
1 570 5.8 12 0.45703125 0.376953125 9.36379264760572 3 0 0 
0 570 9.4 12 0.480625 0.4578125 16.3372435022296 3 0 0 
1 580 5.8 13 0.403764204545455 0.462239583333333 18.2455445845972 3 1 0 
0 580 9.4 12 0.458188657407407 0.51171875 6.75862503366469 3 -1 0 
1 590 5.8 13 0.42094494047619 0.4921875 7.4535599249993 3 0 0 
0 590 9.4 13 0.463411458333333 0.494140625 6.36396103067893 3 0 0 
1 600 5.8 13 0.441731770833333 0.48828125 10.2987783403528 3 0 0 
0 600 9.4 13 0.456779233870968 0.41796875 3.16227766016838 3 0 0 
1 610 5.8 13 0.423014322916667 0.340625 47.1936706290228 3 0 0 
0 610 9.4 13 0.456018518518519 0.25390625 31.3741333361507 3 0 0 
1 620 5.8 13 0.490306712962963 0.40078125 41.4103909268472 3 0 0 
0 620 9.4 13 0.511574074074074 0.2783203125 31.9916485864387 3 0 0 
1 630 5.8 14 0.493803879310345 0.40625 38.4168626958687 3 1 0 
0 630 9.4 13 0.463245738636364 0.28984375 39.5977549629366 3 -1 0 
1 640 5.8 14 0.44828869047619 0.4296875 41.2359434308686 3 1 0 
0 640 9.4 13 0.426875 0.334375 28.3881461341595 3 -1 0 
1 650 5.8 14 0.4658203125 0.5234375 30.1575708925204 3 1 0 
0 650 9.4 13 0.385546875 0.34609375 11.1264228280742 3 -1 0 
1 660 5.8 14 0.482003348214286 0.6125 29.7036973777406 3 1 0 
0 660 9.4 13 0.387803819444444 0.34765625 15.3361342363979 3 -1 0 
1 670 5.8 15 0.4578125 0.57421875 18.2347134454977 3 1 0 
0 670 9.4 14 0.3671875 0.377604166666667 5.57712091239684 3 -1 0 
1 680 5.8 15 0.534978693181818 0.57421875 0 3 1 0 
0 680 9.4 14 0.46875 0.384114583333333 0.888888888888891 3 -1 0 
1 690 5.8 15 0.500679347826087 0.57421875 4.12310562561766 3 1 0 
0 690 9.4 14 0.42822265625 0.37890625 6.55171974829974 3 -1 0 
1 700 5.8 15 0.500616776315789 0.4453125 43.9659012263225 3 1 0 
0 700 9.4 14 0.479717548076923 0.20703125 19.1049731745428 3 -1 0 
1 710 5.8 15 0.590460526315789 0.388671875 51.1916949491648 3 0 0 
0 710 9.4 15 0.52801724137931 0.2421875 31.0600441254503 3 0 0 
1 720 5.8 15 0.446364182692308 0.4 44.6180899600423 3 0 0 
0 720 9.4 15 0.496901939655172 0.29296875 19.321138195536 3 0 0 
1 730 5.8 16 0.436414930555556 0.440625 42.0530283071035 3 1 0 
0 730 9.4 15 0.484635416666667 0.302083333333333 10.6449175103374 3 -1 0 
1 740 5.8 16 0.459077380952381 0.48359375 35.1854188698914 3 1 0 
0 740 9.4 15 0.365451388888889 0.29921875 43.6016179190165 3 -1 0 
1 750 5.8 16 0.46828125 0.51328125 32.7508691035102 3 1 0 
0 750 9.4 15 0.364501953125 0.38203125 47.3995529902112 3 -1 0 
1 760 5.8 16 0.504324776785714 0.505859375 29.5333160646984 3 0 0 
0 760 9.4 16 0.372395833333333 0.455078125 64.4594219535005 3 0 0 
1 770 5.8 17 0.513822115384615 0.552083333333333 34.6935381658987 3 1 0 
0 770 9.4 16 0.389973958333333 0.5 62.335311204835 3 -1 0 
1 780 5.8 17 0.5529296875 0.5341796875 35.0507367970503 3 1 0 
0 780 9.4 16 0.436298076923077 0.50390625 57.5445120909142 3 -1 0 
1 790 5.8 17 0.508263221153846 0.541666666666667 46.5334856248203 3 1 0 
0 790 9.4 16 0.413832720588235 0.5234375 41.8102352059291 3 -1 0 
1 800 5.8 17 0.510308159722222 0.498046875 53.257477600162 3 1 0 
0 800 9.4 16 0.431790865384615 0.50390625 28.6021640247491 3 -1 0 
1 810 5.8 17 0.523572198275862 0.513671875 35.5039030023912 3 1 0 
0 810 9.4 16 0.464638157894737 0.400390625 32.2472404082102 3 -1 0 
1 820 5.8 18 0.514476102941176 0.48046875 23.0488611432322 3 1 0 
0 820 9.4 17 0.444247159090909 0.37109375 26.5865753301636 3 -1 0 
1 830 5.8 18 0.522203947368421 0.53125 43.8215710102822 3 1 0 
0 830 9.4 17 0.524739583333333 0.348958333333333 14.2706345920012 3 -1 0 
1 840 5.8 18 0.498186383928571 0.4072265625 60.1165957283651 3 1 0 
0 840 9.4 17 0.442708333333333 0.2685546875 20.7638970462095 3 -1 0 
1 850 5.8 18 0.462890625 0.4130859375 22.7012723321088 3 1 0 
0 850 9.4 17 0.379794034090909 0.3076171875 17.3719758096779 3 -1 0 
1 860 5.8 18 0.5242919921875 0.3974609375 16.7682870485909 3 1 0 
0 860 9.4 17 0.401909722222222 0.2671875 22.7805706370584 3 -1 0 
1 870 5.8 18 0.506293402777778 0.4775390625 14.9224174034415 3 1 0 
0 870 9.4 17 0.444908405172414 0.36171875 16.4703325132697 3 -1 0 
1 880 5.8 19 0.4365234375 0.373046875 39.3046894124163 3 1 0 
0 880 9.4 18 0.431107954545455 0.4546875 18.6417793068911 3 -1 0 
1 890 5.8 19 0.432444852941177 0.4671875 29.0240670823089 3 1 0 
0 890 9.4 18 0.401494565217391 0.48359375 5.22053558888261 3 -1 0 
1 900 5.8 19 0.485026041666667 0.46875 12.5502117923671 3 1 0 
0 900 9.4 18 0.390066964285714 0.44921875 11.4314168827717 3 -1 0 
1 910 5.8 20 0.508620689655172 0.5203125 8.86129521384415 3 2 0 
0 910 9.4 18 0.419363839285714 0.44921875 0 3 -2 0 
1 920 5.8 20 0.547453703703704 0.56953125 6.65973870402953 3 2 0 
0 920 9.4 18 0.435267857142857 NaN NaN 3 -2 0 
1 930 5.8 20 0.547991071428571 0.5765625 19.2220224429071 3 2 0 
0 930 9.4 18 0.431919642857143 NaN NaN 3 -2 0 
1 940 5.8 20 0.5080078125 0.6046875 5.82192207052376 3 2 0 
0 940 9.4 18 0.472826086956522 NaN NaN 3 -2 0 
1 950 5.8 20 0.606847426470588 0.59375 6.86924882504484 3 2 0 
0 950 9.4 18 0.5509375 NaN NaN 3 -2 0 
1 960 5.8 20 0.48171875 0.52890625 17.487899158376 3 2 0 
0 960 9.4 18 0.4134765625 0.15234375 6.10327780786685 3 -2 0 
1 970 5.8 20 0.439903846153846 0.4640625 26.676402162307 3 2 0 
0 970 9.4 18 0.386474609375 0.1625 16.1596858645741 3 -2 0 
1 980 5.8 20 0.4453125 0.45390625 28.9405367195126 3 2 0 
0 980 9.4 18 0.366908482142857 0.2109375 9.79007484204347 3 -2 0 
1 990 5.8 20 0.531866776315789 0.44609375 25.1942348058317 3 2 0 
0 990 9.4 18 0.380078125 0.23671875 11.7045487962443 3 -2 0 
1 1000 5.8 20 0.495225694444444 0.42734375 26.0019079642499 3 2 0 
0 1000 9.4 18 0.41064453125 0.2671875 6.97931740567143 3 -2 0 
1 1010 5.8 20 0.477570564516129 0.41640625 18.4563554281387 3 2 0 
0 1010 9.4 18 0.434416118421053 0.2671875 15.3250632580142 3 -2 0 
1 1020 5.8 20 0.464029947916667 0.48984375 15.7014429984561 3 2 0 
0 1020 9.4 18 0.316636029411765 0.2828125 15.6185278204668 3 -2 0 
1 1030 5.8 20 0.479817708333333 0.56796875 9.40572391212461 3 1 0 
0 1030 9.4 19 0.335286458333333 0.26015625 10.6076795796571 3 -1 0 
1 1040 5.8 21 0.535574776785714 0.5765625 8.22059067351403 3 2 0 
0 1040 9.4 19 0.326171875 0.29296875 10.2180791834506 3 -2 0 
1 1050 5.8 21 0.499399038461538 0.55078125 30.6822522528694 3 2 0 
0 1050 9.4 19 0.33984375 0.37109375 24.0157510771393 3 -2 0 
1 1060 5.8 21 0.444424715909091 0.49921875 42.5445379211183 3 2 0 
0 1060 9.4 19 0.377297794117647 0.3609375 19.0775917449448 3 -2 0 
1 1070 5.8 21 0.537997159090909 0.596875 30.6653265556986 3 2 0 
0 1070 9.4 19 0.417708333333333 0.29296875 29.0669798928095 3 -2 0 
1 1080 5.8 21 0.508984375 0.58203125 26.3073707519939 3 2 0 
0 1080 9.4 19 0.401971726190476 0.30703125 15.0157192978591 3 -2 0 
1 1090 5.8 21 0.411221590909091 0.53671875 24.2249130078238 3 1 0 
0 1090 9.4 20 0.388417119565217 0.3453125 9.33888313506705 3 -1 0 
1 1100 5.8 21 0.461669921875 0.583984375 29.6869593052572 3 1 0 
0 1100 9.4 20 0.473188920454545 0.4072265625 8.46892427985168 3 -1 0 
1 1110 5.8 21 0.490337171052632 0.47734375 30.2954205607076 3 1 0 
0 1110 9.4 20 0.447561553030303 0.49609375 7.84391553448022 3 -1 0 
1 1120 5.8 21 0.494574652777778 0.388671875 44.5927565461064 3 1 0 
0 1120 9.4 20 0.373046875 0.494140625 14.9692199511822 3 -1 0 
1 1130 5.8 21 0.528211805555556 0.45703125 42.9989806864522 3 1 0 
0 1130 9.4 20 0.51171875 0.53125 25.9321100651593 3 -1 0 
1 1140 5.8 21 0.4798828125 0.569010416666667 49.1351172913525 3 1 0 
0 1140 9.4 20 0.485026041666667 0.48046875 24.9737610781307 3 -1 0 
1 1150 5.8 21 0.401726973684211 0.55859375 35.8700298196148 3 1 0 
0 1150 9.4 20 0.38671875 0.381510416666667 36.4902110707967 3 -1 0 
1 1160 5.8 22 0.457710597826087 0.518229166666667 48.7005352738805 3 2 0 
0 1160 9.4 20 0.49609375 0.328125 38.9307958936049 3 -2 0 
1 1170 5.8 22 0.5517578125 0.528645833333333 28.0850928547329 3 2 0 
0 1170 9.4 20 0.353125 0.2841796875 16.8092332739119 3 -2 0 
1 1180 5.8 22 0.539566532258065 0.522135416666667 20.5421775878734 3 2 0 
0 1180 9.4 20 0.36328125 0.33203125 17.5823333335922 3 -2 0 
1 1190 5.8 22 0.522536057692308 0.474609375 54.2101669996058 3 2 0 
0 1190 9.4 20 NaN 0.318359375 24.587126319149 3 -2 0 
1 1200 5.8 22 0.529513888888889 0.4609375 61.2044110462091 3 1 1 
0 1200 9.4 21 0.32265625 0.253125 21.9610160241733 2 -1 -1 
1 1210 5.8 22 0.504021139705882 0.534375 46.5230668364892 3 1 1 
0 1210 9.4 21 0.357142857142857 0.29375 11.3252899960334 2 -1 -1 
1 1220 5.8 22 0.570870535714286 0.55546875 30.3942796691926 3 1 1 
0 1220 9.4 21 0.321957236842105 0.340625 6.37579173411823 2 -1 -1 
1 1230 5.8 22 0.583028590425532 0.65234375 26.4574686640379 3 1 1 
0 1230 9.4 21 0.27197265625 0.34453125 14.163176731518 2 -1 -1 
1 1240 5.8 22 0.517996651785714 0.71328125 14.1049606149062 3 1 1 
0 1240 9.4 21 0.421875 0.31953125 28.2006667585087 2 -1 -1 
1 1250 5.8 22 0.618399784482759 0.74140625 14.2542459561584 3 1 1 
0 1250 9.4 21 0.356119791666667 0.2234375 25.4014705178977 2 -1 -1 
1 1260 5.8 22 0.548921130952381 0.7640625 5.18690311971866 3 1 1 
0 1260 9.4 21 0.357096354166667 0.205078125 14.9782149443345 2 -1 -1 
1 1270 5.8 23 0.516507056451613 0.7421875 0 3 1 1 
0 1270 9.4 22 0.441731770833333 0.22265625 1 2 -1 -1 
1 1280 5.8 23 0.535295758928571 0.7265625 0 3 1 1 
0 1280 9.4 22 0.430524553571429 0.205078125 3.90512483795333 2 -1 -1 
1 1290 5.8 23 0.576021634615385 0.5703125 0 3 1 1 
0 1290 9.4 22 0.4001953125 0.236328125 19.9812412026881 2 -1 -1 
1 1300 5.8 23 0.51582532051282 0.375 0 3 1 1 
0 1300 9.4 22 0.432291666666667 0.357421875 16.3248277173145 2 -1 -1 
1 1310 5.8 23 0.583264802631579 0.4375 0 3 1 1 
0 1310 9.4 22 0.408203125 0.41015625 1.80277563773199 2 -1 -1 
1 1320 5.8 23 0.589930555555556 0.4609375 0 3 1 1 
0 1320 9.4 22 0.279871323529412 0.384765625 2.54950975679639 2 -1 -1 
1 1330 5.8 23 0.571875 0.282552083333333 37.9753880413606 3 1 1 
0 1330 9.4 22 0.317274305555556 0.2509765625 35.8893779056412 2 -1 -1 
1 1340 5.8 23 0.629650297619048 0.2765625 28.1785765403875 3 1 1 
0 1340 9.4 22 0.37109375 0.21328125 26.1827290756968 2 -1 -1 
1 1350 5.8 23 0.572684151785714 0.3375 26.0962218291785 3 1 1 
0 1350 9.4 22 0.258840460526316 0.23203125 9.07109477520857 2 -1 -1 
1 1360 5.8 23 0.517233455882353 0.35078125 25.6122217728844 3 1 1 
0 1360 9.4 22 0.3388671875 0.2546875 22.645115528197 2 -1 -1 
1 1370 5.8 23 0.48755787037037 0.3421875 34.8070259822873 3 1 1 
0 1370 9.4 22 0.342354910714286 0.325 18.3687031525171 2 -1 -1 
1 1380 5.8 23 0.494318181818182 0.3171875 36.0549637688024 3 1 1 
0 1380 9.4 22 0.337171052631579 0.45078125 17.8258721865535 2 -1 -1 
1 1390 5.8 23 0.4984375 0.3625 32.1552391068705 3 1 1 
0 1390 9.4 22 0.34921875 0.4984375 18.3702096983129 2 -1 -1 
1 1400 5.8 23 0.498401988636364 0.435546875 20.1347736071295 3 0 1 
0 1400 9.4 23 0.345703125 0.53828125 24.411178095645 2 0 -1 
1 1410 5.8 23 0.601171875 0.494791666666667 29.9816822587003 3 0 1 
0 1410 9.4 23 0.323617788461538 0.49296875 24.2525806352717 2 0 -1 
1 1420 5.8 23 0.5646875 0.54296875 0 3 0 2 
0 1420 9.4 23 0.368055555555556 0.484375 11.0199546119265 1 0 -2 
1 1430 5.8 23 0.603326612903226 0.484375 40.9176001251295 3 0 2 
0 1430 9.4 23 0.366477272727273 0.411458333333333 35.0688903745989 1 0 -2 
1 1440 5.8 23 0.602066532258065 0.521484375 48.9004089962446 3 0 2 
0 1440 9.4 23 0.2943359375 0.3203125 21.4720966441567 1 0 -2 
1 1450 5.8 23 0.458082932692308 0.548828125 38.8104367406501 3 0 2 
0 1450 9.4 23 0.415625 0.22265625 5.44906606431026 1 0 -2 
1 1460 5.8 24 0.541352370689655 0.615234375 27.6631523872461 3 1 2 
0 1460 9.4 23 0.415178571428571 0.28515625 5.26906309526686 1 -1 -2 
1 1470 5.8 24 0.555188301282051 0.475260416666667 61.4442514196306 3 1 2 
0 1470 9.4 23 0.320082720588235 0.2578125 18.1708963655565 1 -1 -2 
1 1480 5.8 24 0.54460685483871 0.33984375 39.346005454252 3 1 2 
0 1480 9.4 23 0.349392361111111 0.2685546875 40.117290028882 1 -1 -2 
1 1490 5.8 24 0.587797619047619 0.3828125 32.1000858106223 3 1 2 
0 1490 9.4 23 0.349826388888889 0.284375 40.3236528569986 1 -1 -2 
1 1500 5.8 24 0.531605113636364 0.43984375 24.6946593986532 3 1 2 
0 1500 9.4 23 0.3533203125 0.33125 32.3625951983756 1 -1 -2 
1 1510 5.8 24 0.477473958333333 0.4640625 14.899385119368 3 1 2 
0 1510 9.4 23 0.394775390625 0.37734375 19.7875500507354 1 -1 -2 
1 1520 5.8 24 0.532788825757576 0.45703125 0 3 0 2 
0 1520 9.4 24 0.404575892857143 0.466145833333333 4.34657731317402 1 0 -2 
1 1530 5.8 24 0.541548295454545 0.3984375 0 3 0 2 
0 1530 9.4 24 0.389016544117647 0.533854166666667 4.07078679748138 1 0 -2 
1 1540 5.8 24 0.547683189655172 NaN NaN 3 0 2 
0 1540 9.4 24 0.410866477272727 0.55078125 4.48106014390824 1 0 -2 
1 1550 5.8 24 0.58935546875 0.3828125 0 3 0 2 
0 1550 9.4 24 0.431107954545455 0.526041666666667 10.5226532202348 1 0 -2 
1 1560 5.8 24 0.485903532608696 NaN NaN 3 0 3 
0 1560 9.4 24 0.483915441176471 0.546875 3.16227766016838 0 0 -3 
1 1570 5.8 24 0.401988636363636 0.375 0 3 0 3 
0 1570 9.4 24 0.526424632352941 0.55078125 10.0498756211209 0 0 -3 
1 1580 5.8 24 0.473858173076923 0.265625 0 3 0 3 
0 1580 9.4 24 0.542534722222222 0.541015625 7.90569415042095 0 0 -3 
1 1590 5.8 24 0.424665178571429 0.2080078125 10.4754246892536 3 0 3 
0 1590 9.4 24 0.463802083333333 0.310546875 58.0380647826201 0 0 -3 
1 1600 5.8 24 0.401633522727273 0.3015625 12.6844870943818 3 0 3 
0 1600 9.4 24 0.470052083333333 0.421875 44.3982433256162 0 0 -3 
1 1610 5.8 24 0.390625 0.43046875 24.0341628063806 3 0 3 
0 1610 9.4 24 0.510967548076923 0.384114583333333 23.2561955059781 0 0 -3 
1 1620 5.8 24 0.3728515625 0.42734375 14.5924305583662 3 0 3 
0 1620 9.4 24 0.5390625 0.3515625 21.3786179392757 0 0 -3 
1 1630 5.8 24 0.381214488636364 0.4390625 17.3415133092453 3 0 3 
0 1630 9.4 24 0.4197265625 0.3193359375 16.9885884210924 0 0 -3 
1 1640 5.8 25 0.451882102272727 0.421875 21.3457373442571 3 1 3 
0 1640 9.4 24 0.460115131578947 0.3681640625 14.871610517208 0 -1 -3 
1 1650 5.8 25 0.482204861111111 0.48359375 24.3508314105985 3 1 3 
0 1650 9.4 24 0.406901041666667 0.4052734375 6.96805849253917 0 -1 -3 
1 1660 5.8 25 0.49560546875 0.51953125 31.9955547898411 3 0 3 
0 1660 9.4 25 0.309151785714286 0.377604166666667 6.5380850083834 0 0 -3 
1 1670 5.8 25 0.503636853448276 0.5791015625 11.4815446271754 3 0 3 
0 1670 9.4 25 0.309151785714286 0.201171875 28.853076092507 0 0 -3 
1 1680 5.8 25 0.582449776785714 0.6474609375 4.93116336124787 3 0 3 
0 1680 9.4 25 0.2734375 0.208984375 17.007351351695 0 0 -3 
1 1690 5.8 25 0.604817708333333 0.7021484375 16.7457435268597 3 0 3 
0 1690 9.4 25 0.2734375 0.208984375 14.8492424049175 0 0 -3 
1 1700 5.8 25 0.607259114583333 0.7900390625 8.67280775517075 3 0 3 
0 1700 9.4 25 NaN 0.13671875 2.23606797749979 0 0 -3 
