1 30 7.4 1 NaN 0.3046875 25.7738140767802 3 0 0 
0 30 7.8 1 NaN 0.29296875 16.4376030330496 3 0 0 
1 40 7.4 1 NaN 0.3453125 17.4419064893878 3 0 0 
0 40 7.8 1 NaN 0.3486328125 10.0560798598538 3 0 0 
1 50 7.4 1 NaN 0.37890625 15.2395479772748 3 0 0 
0 50 7.8 1 0.37890625 0.3779296875 15.2650402081694 3 0 0 
1 60 7.4 1 0.372395833333333 0.45859375 23.8957222395406 3 0 0 
0 60 7.8 1 0.36572265625 0.475 28.5905113641844 3 0 0 
1 70 7.4 1 0.37109375 0.48046875 27.7895126646811 3 0 0 
0 70 7.8 1 0.373697916666667 0.47890625 30.848134463059 3 0 0 
1 80 7.4 1 0.476953125 0.459375 32.8370678267852 3 0 0 
0 80 7.8 1 0.474300986842105 0.48671875 32.2338121061995 3 0 0 
1 90 7.4 1 0.4138671875 0.46953125 34.9923575710697 3 0 0 
0 90 7.8 1 0.43359375 0.47578125 31.7550970927001 3 0 0 
1 100 7.4 1 0.393110795454545 0.48671875 45.8043336922745 3 0 0 
0 100 7.8 1 0.397385817307692 0.47578125 27.7978585400887 3 0 0 
1 110 7.4 2 0.465234375 0.50234375 33.3758128971178 3 0 0 
0 110 7.8 2 0.4296875 0.49140625 21.59654813375 3 0 0 
1 120 7.4 2 0.426513671875 0.4515625 33.9944283229143 3 0 0 
0 120 7.8 2 0.41478587962963 0.490625 27.7443157677855 3 0 0 
1 130 7.4 2 0.40869140625 0.5 31.1324855543639 3 0 0 
0 130 7.8 2 0.404994419642857 0.47890625 27.3410273582275 3 0 0 
1 140 7.4 2 0.478515625 0.490625 29.825635323593 3 0 0 
0 140 7.8 2 0.469350961538462 0.5046875 33.1001626331995 3 0 0 
1 150 7.4 3 0.4073486328125 0.484375 30.2438392122381 3 0 0 
0 150 7.8 3 0.430859375 0.5 26.2997839117713 3 0 0 
1 160 7.4 3 0.387369791666667 0.4484375 28.8211972986335 3 0 0 
0 160 7.8 3 0.412471064814815 0.50078125 28.4180078447774 3 0 0 
1 170 7.4 3 0.470052083333333 0.46953125 39.2780861684771 3 0 0 
0 170 7.8 3 0.480263157894737 0.47109375 32.2996479457729 3 0 0 
1 180 7.4 3 0.405859375 0.47578125 42.2026447865489 3 -1 0 
0 180 7.8 4 0.443960336538462 0.44609375 37.7905036661466 3 1 0 
1 190 7.4 4 0.425931490384615 0.50390625 43.377886122877 3 0 0 
0 190 7.8 4 0.399489182692308 0.45546875 39.858190611426 3 0 0 
1 200 7.4 4 0.465494791666667 0.4765625 37.6828456701493 3 0 0 
0 200 7.8 4 0.43359375 0.48203125 37.7506721619057 3 0 0 
1 210 7.4 4 0.432896205357143 0.47578125 25.6807225483929 3 0 0 
0 210 7.8 4 0.402199074074074 0.50234375 42.3836643740728 3 0 0 
1 220 7.4 4 0.390462239583333 0.4640625 29.1988307366718 3 -1 0 
0 220 7.8 5 0.39892578125 0.4953125 38.9678732656727 3 1 0 
1 230 7.4 5 0.473478618421053 0.5171875 32.3909697697556 3 0 0 
0 230 7.8 5 0.477982954545455 0.47890625 36.1609804945842 3 0 0 
1 240 7.4 5 0.431995738636364 0.51328125 36.8532110292121 3 0 0 
0 240 7.8 5 0.404359879032258 0.43828125 33.9690262478721 3 0 0 
1 250 7.4 5 0.397248641304348 0.5296875 34.5139921021218 3 0 0 
0 250 7.8 5 0.384943181818182 0.42421875 34.4710857531957 3 0 0 
1 260 7.4 5 0.466517857142857 0.53359375 33.6533756889239 3 0 0 
0 260 7.8 5 0.45610119047619 0.4 33.8925338817913 3 0 0 
1 270 7.4 6 0.447265625 0.5140625 33.6464547177764 3 0 0 
0 270 7.8 6 0.399739583333333 0.434375 32.102113981056 3 0 0 
1 280 7.4 6 0.401455965909091 0.505859375 36.1255691566294 3 0 0 
0 280 7.8 6 0.38640625 0.5 24.9596147236441 3 0 0 
1 290 7.4 6 0.442845394736842 0.4541015625 29.2298332619784 3 0 0 
0 290 7.8 6 0.4565625 0.49140625 24.0363386819006 3 0 0 
1 300 7.4 6 0.41259765625 0.409375 38.3465445126003 3 0 0 
0 300 7.8 6 0.43359375 0.421875 24.4345967906683 3 0 0 
1 310 7.4 6 0.39916087962963 0.42578125 25.7596210760105 3 0 0 
0 310 7.8 6 0.37939453125 0.44140625 28.547744112402 3 0 0 
1 320 7.4 6 0.468125 0.490625 10.6310472432118 3 -1 0 
0 320 7.8 7 0.447690217391304 0.4482421875 18.8022983403227 3 1 0 
1 330 7.4 7 0.418198529411765 0.5140625 9.8168345475187 3 0 0 
0 330 7.8 7 0.45703125 0.49453125 35.7080316410063 3 0 0 
1 340 7.4 7 0.381392045454545 0.47109375 20.1722968841752 3 0 0 
0 340 7.8 7 0.427036830357143 0.5125 33.6529326377873 3 0 0 
1 350 7.4 7 0.4583984375 0.47109375 29.6412721101428 3 0 0 
0 350 7.8 7 0.439144736842105 0.4625 29.2811754326158 3 0 0 
1 360 7.4 7 0.4033203125 0.4890625 27.9408509818416 3 0 0 
0 360 7.8 7 0.432992788461538 0.50390625 18.5818472257694 3 0 0 
1 370 7.4 7 0.423177083333333 0.5146484375 20.7986041636618 3 -1 0 
0 370 7.8 8 0.37890625 0.51484375 23.8527498560501 3 1 0 
1 380 7.4 7 0.479166666666667 0.4521484375 19.5773580158717 3 -1 0 
0 380 7.8 8 0.454367897727273 0.5203125 23.5572663546112 3 1 0 
1 390 7.4 7 0.42578125 0.4482421875 8.37871776293825 3 -1 0 
0 390 7.8 8 0.434505208333333 0.4859375 19.5165300284684 3 1 0 
1 400 7.4 7 0.389272836538462 0.44296875 30.3191791764395 3 -1 0 
0 400 7.8 8 0.38569972826087 0.4390625 25.2043337798536 3 1 0 
1 410 7.4 7 0.42375 0.53984375 24.695132758061 3 -1 0 
0 410 7.8 8 0.489309210526316 0.39296875 19.4946135475999 3 1 0 
1 420 7.4 8 0.437373991935484 0.50625 30.7641888654188 3 0 0 
0 420 7.8 8 0.432391826923077 0.3310546875 38.6323536669542 3 0 0 
1 430 7.4 9 0.429931640625 0.49921875 34.7448573357688 3 1 0 
0 430 7.8 8 0.377377717391304 0.459635416666667 50.2784346816014 3 -1 0 
1 440 7.4 9 0.4873046875 0.5140625 41.1907758916573 3 0 0 
0 440 7.8 9 0.442639802631579 0.436197916666667 45.1517386545963 3 0 0 
1 450 7.4 9 0.444359756097561 0.52734375 43.9748779432037 3 0 0 
0 450 7.8 9 0.385279605263158 0.4140625 53.2960224553665 3 0 0 
1 460 7.4 9 0.468538851351351 0.50390625 41.9264250873957 3 0 0 
0 460 7.8 9 0.36328125 0.42734375 42.2209479042639 3 0 0 
1 470 7.4 10 0.556895380434783 0.56484375 50.5392677019756 3 1 0 
0 470 7.8 9 0.405029296875 0.40234375 47.3819639027206 3 -1 0 
1 480 7.4 10 0.486268939393939 0.54921875 47.9846037971751 3 0 0 
0 480 7.8 10 0.40375 0.39921875 46.8288724235754 3 0 0 
1 490 7.4 10 0.37109375 0.540625 48.2440560460492 3 0 0 
0 490 7.8 10 0.38037109375 0.4078125 38.5076166356522 3 0 0 
1 500 7.4 10 0.459418402777778 0.4203125 48.1775728071673 3 0 0 
0 500 7.8 10 0.422092013888889 0.42109375 29.5601936372457 3 0 0 
1 510 7.4 10 0.435474537037037 0.4296875 22.3323631568932 3 0 0 
0 510 7.8 10 0.406575520833333 0.47734375 21.7504824242431 3 0 0 
1 520 7.4 11 0.39140625 0.5171875 10.709624476584 3 1 0 
0 520 7.8 10 0.379076086956522 0.361328125 37.1447370100411 3 -1 0 
1 530 7.4 11 0.442057291666667 0.509375 4.28228395432285 3 0 0 
0 530 7.8 11 0.440885416666667 0.23046875 28.9890599117519 3 0 0 
1 540 7.4 11 0.43063446969697 0.48125 12.0298935925809 3 0 0 
0 540 7.8 11 0.414620535714286 0.34375 30.4999217377188 3 0 0 
1 550 7.4 11 0.427667025862069 0.47890625 25.1261184775363 3 0 0 
0 550 7.8 11 0.385904947916667 0.39453125 32.8222291381409 3 0 0 
1 560 7.4 11 0.512228260869565 0.4484375 26.8354292210486 3 0 0 
0 560 7.8 11 0.441592261904762 0.42421875 17.6365368668399 3 0 0 
1 570 7.4 11 0.45478515625 0.48828125 20.3257588783685 3 0 0 
0 570 7.8 11 0.368336397058824 0.4578125 13.2501289647159 3 0 0 
1 580 7.4 11 0.436869959677419 0.546875 16.7816285586779 3 0 0 
0 580 7.8 11 0.36328125 0.4521484375 15.4544604357279 3 0 0 
1 590 7.4 12 0.536399147727273 0.54609375 20.6226790681952 3 1 0 
0 590 7.8 11 0.415625 0.47265625 13.14124087337 3 -1 0 
1 600 7.4 12 0.472925646551724 0.55390625 8.08710585785054 3 1 0 
0 600 7.8 11 0.382421875 0.401041666666667 22.8939443417574 3 -1 0 
1 610 7.4 12 0.385020380434783 0.58671875 9.84636790309027 3 1 0 
0 610 7.8 11 0.400841346153846 0.33671875 44.7709265931653 3 -1 0 
1 620 7.4 12 0.444580078125 0.5890625 6.43057589306235 3 1 0 
0 620 7.8 11 0.44453125 0.45625 35.5316979881999 3 -1 0 
1 630 7.4 12 0.434151785714286 0.47578125 2.74591907840143 3 1 0 
0 630 7.8 11 0.429036458333333 0.4953125 28.703266960028 3 -1 0 
1 640 7.4 13 0.40125 0.4703125 11.1348073569278 3 2 0 
0 640 7.8 11 0.367001488095238 0.443359375 20.4585773632958 3 -2 0 
1 650 7.4 13 0.458274147727273 0.5609375 13.3813171202215 3 1 0 
0 650 7.8 12 0.4734375 0.376953125 15.859543563899 3 -1 0 
1 660 7.4 13 0.440104166666667 0.48203125 31.9315205206634 3 1 0 
0 660 7.8 12 0.420654296875 0.3447265625 21.8119003575675 3 -1 0 
1 670 7.4 13 0.394205729166667 0.45546875 31.7815743361434 3 1 0 
0 670 7.8 12 0.39484375 0.325 29.5901295818033 3 -1 0 
1 680 7.4 13 0.437322443181818 0.45625 25.6725218689337 3 1 0 
0 680 7.8 12 0.475961538461538 0.45078125 30.343784852454 3 -1 0 
1 690 7.4 13 0.440290178571429 0.48125 7.49377861572177 3 1 0 
0 690 7.8 12 0.426789314516129 0.45390625 30.1236922199395 3 -1 0 
1 700 7.4 13 0.399739583333333 0.4765625 7.47939473807816 3 1 0 
0 700 7.8 12 0.372721354166667 0.44140625 28.7828720137365 3 -1 0 
1 710 7.4 13 0.4484375 0.4765625 5.4429047861 3 1 0 
0 710 7.8 12 0.444498697916667 0.44453125 10.6977924499819 3 -1 0 
1 720 7.4 13 0.462949810606061 0.49296875 12.8433951649748 3 1 0 
0 720 7.8 12 0.409646739130435 0.446875 9.05398923647578 3 -1 0 
1 730 7.4 14 0.431780133928571 0.54453125 7.12982269020064 3 2 0 
0 730 7.8 12 0.398856026785714 0.41015625 16.4613929644085 3 -2 0 
1 740 7.4 14 0.497327302631579 0.52265625 12.9341499771869 3 2 0 
0 740 7.8 12 0.4529296875 0.421875 3.69657476616912 3 -2 0 
1 750 7.4 14 0.47625 0.46953125 21.1463005523638 3 1 0 
0 750 7.8 13 0.500532670454545 0.4765625 12.4258833925167 3 -1 0 
1 760 7.4 14 0.434461805555556 0.421875 31.0998502525119 3 1 0 
0 760 7.8 13 0.3671875 0.31875 45.921965874336 3 -1 0 
1 770 7.4 14 0.510091145833333 0.41953125 27.2087641933045 3 1 0 
0 770 7.8 13 0.411892361111111 0.3390625 30.1272653862224 3 -1 0 
1 780 7.4 15 0.508234797297297 0.43671875 30.6367979558475 3 2 0 
0 780 7.8 13 0.396484375 0.44765625 10.7358414582016 3 -2 0 
1 790 7.4 15 0.47170928030303 0.39765625 17.7834720569213 3 2 0 
0 790 7.8 13 0.383029513888889 0.42890625 18.7200528114834 3 -2 0 
1 800 7.4 15 0.584725215517241 0.43125 22.453372190006 3 2 0 
0 800 7.8 13 0.387408088235294 0.36328125 26.2778554870408 3 -2 0 
1 810 7.4 15 0.510799632352941 0.50703125 22.904907613874 3 1 0 
0 810 7.8 14 0.3666015625 0.3640625 34.3104506392888 3 -1 0 
1 820 7.4 15 0.4664306640625 0.50546875 31.6633861395364 3 1 0 
0 820 7.8 14 0.377840909090909 0.37578125 31.845259023765 3 -1 0 
1 830 7.4 15 0.526475694444444 0.496875 18.1562927157451 3 1 0 
0 830 7.8 14 0.398792613636364 0.3796875 23.4121039253808 3 -1 0 
1 840 7.4 15 0.473567708333333 0.45234375 23.6631609548325 3 1 0 
0 840 7.8 14 0.401278409090909 0.44609375 15.0465767631271 3 -1 0 
1 850 7.4 15 0.387567934782609 0.525 12.6048481141978 3 1 0 
0 850 7.8 14 0.388454861111111 0.43359375 16.7705404237234 3 -1 0 
1 860 7.4 15 0.460503472222222 0.5 11.2157657101862 3 0 0 
0 860 7.8 15 0.420072115384615 0.446875 19.7121625884577 3 0 0 
1 870 7.4 15 0.454137731481482 0.56328125 9.22853787578238 3 0 0 
0 870 7.8 15 0.434895833333333 0.4328125 19.2265593941292 3 0 0 
1 880 7.4 15 0.401893028846154 0.5888671875 5.48353361706485 3 0 0 
0 880 7.8 15 0.435987903225806 0.39296875 16.1658655356647 3 0 0 
1 890 7.4 15 0.46875 0.6298828125 5.67602641100695 3 0 0 
0 890 7.8 15 0.487123842592593 0.38125 16.8134731192821 3 0 0 
1 900 7.4 16 0.45630787037037 0.497395833333333 9.45741416752271 3 1 0 
0 900 7.8 15 0.466974431818182 0.48984375 15.0016142218798 3 -1 0 
1 910 7.4 16 0.417689732142857 0.479166666666667 32.7724191879834 3 1 0 
0 910 7.8 15 0.408564814814815 0.5498046875 10.457736189029 3 -1 0 
1 920 7.4 16 0.480758101851852 0.3798828125 52.888371623702 3 1 0 
0 920 7.8 15 0.430536684782609 0.533203125 30.0517106754794 3 -1 0 
1 930 7.4 16 0.449479166666667 0.3857421875 31.2068123819656 3 0 0 
0 930 7.8 16 0.420847039473684 0.4765625 31.8193181066516 3 0 0 
1 940 7.4 16 0.398582175925926 0.46484375 31.7695623091319 3 0 0 
0 940 7.8 16 0.369673295454545 0.45 14.7197619853882 3 0 0 
1 950 7.4 16 0.438527960526316 0.41015625 32.8572500526162 3 0 0 
0 950 7.8 16 0.407958984375 0.39140625 32.4536778183182 3 0 0 
1 960 7.4 16 0.452414772727273 0.45078125 27.0059563565849 3 0 0 
0 960 7.8 16 0.446484375 0.42890625 22.4702233277027 3 0 0 
1 970 7.4 16 0.4296875 0.465625 23.3702060639318 3 0 0 
0 970 7.8 16 0.374320652173913 0.471875 17.5416278519307 3 0 0 
1 980 7.4 16 0.498480902777778 0.40234375 40.41615247367 3 -1 0 
0 980 7.8 17 0.416548295454545 0.4546875 17.3591209037438 3 1 0 
1 990 7.4 16 0.482177734375 0.4423828125 30.5942075425124 3 -1 0 
0 990 7.8 17 0.413143382352941 0.45546875 5.43478919075949 3 1 0 
1 1000 7.4 16 0.474431818181818 0.478515625 7.8767484490528 3 -1 0 
0 1000 7.8 17 0.380208333333333 0.484375 7.36278982870573 3 1 0 
1 1010 7.4 17 0.55712890625 0.392578125 7.64741036637988 3 0 0 
0 1010 7.8 17 0.421875 0.55078125 4.83072595304587 3 0 0 
1 1020 7.4 17 0.565340909090909 0.41015625 5.1516222971156 3 0 0 
0 1020 7.8 17 0.38773777173913 0.503125 15.3463612052708 3 0 0 
1 1030 7.4 17 0.491727941176471 0.40703125 31.9702276847902 3 0 0 
0 1030 7.8 17 0.386896306818182 0.440625 13.7278957515874 3 0 0 
1 1040 7.4 17 0.558723958333333 0.434375 16.5900612052965 3 0 0 
0 1040 7.8 17 0.456287202380952 0.4328125 25.8199223554133 3 0 0 
1 1050 7.4 17 0.506569602272727 0.5015625 5.18806979498166 3 0 0 
0 1050 7.8 17 0.394027217741936 0.3671875 28.284536152328 3 0 0 
1 1060 7.4 17 0.441136853448276 0.525 7.74119336331983 3 0 0 
0 1060 7.8 17 0.417708333333333 0.31875 29.6005178793533 3 0 0 
1 1070 7.4 17 0.5185546875 0.48984375 7.53905270414775 3 0 0 
0 1070 7.8 17 0.4765625 0.3578125 20.6738746301374 3 0 0 
1 1080 7.4 17 0.490167025862069 0.41640625 20.2844611721902 3 -1 0 
0 1080 7.8 18 0.456452546296296 0.42421875 35.201925125606 3 1 0 
1 1090 7.4 18 0.449622844827586 0.3859375 20.667489144699 3 0 0 
0 1090 7.8 18 0.401971726190476 0.46171875 33.1949103562852 3 0 0 
1 1100 7.4 18 0.539911684782609 0.33359375 36.2505508374723 3 0 0 
0 1100 7.8 18 0.4306640625 0.475 32.7395839969189 3 0 0 
1 1110 7.4 18 0.546006944444444 0.4078125 25.5097316613642 3 0 0 
0 1110 7.8 18 0.378305288461538 0.45859375 23.923299874846 3 0 0 
1 1120 7.4 18 0.452242943548387 0.40859375 26.6119735979759 3 0 0 
0 1120 7.8 18 0.396175986842105 0.47734375 21.0579699796755 3 0 0 
1 1130 7.4 18 0.517317708333333 0.44921875 16.2572262962742 3 0 0 
0 1130 7.8 18 0.427734375 0.50390625 25.9260126520985 3 0 0 
1 1140 7.4 18 0.519361413043478 0.494791666666667 11.2470211844859 3 0 0 
0 1140 7.8 18 0.375 0.4875 13.547150158448 3 0 0 
1 1150 7.4 18 0.451416015625 0.51953125 4.13488133773974 3 0 0 
0 1150 7.8 18 0.406479779411765 0.48125 11.4899617075759 3 0 0 
1 1160 7.4 18 0.484375 0.506510416666667 7.93646242238996 3 0 0 
0 1160 7.8 18 0.4853515625 0.4580078125 8.80026310136107 3 0 0 
1 1170 7.4 18 0.520200892857143 0.44921875 11.3277908915834 3 0 0 
0 1170 7.8 18 0.373372395833333 0.546875 7.3794813052039 3 0 0 
1 1180 7.4 18 0.4875 0.49609375 2 3 -1 0 
0 1180 7.8 19 0.403492647058824 0.5673828125 19.3943732333117 3 1 0 
1 1190 7.4 19 0.535560344827586 0.541015625 3.90512483795333 3 0 0 
0 1190 7.8 19 0.497869318181818 0.560546875 29.7293360614328 3 0 0 
1 1200 7.4 19 0.560407366071429 0.30859375 42.4193980800294 3 0 0 
0 1200 7.8 19 0.367513020833333 0.5615234375 26.2845282734178 3 0 0 
1 1210 7.4 19 0.534917091836735 0.3515625 21.5404130289266 3 0 0 
0 1210 7.8 19 0.4140625 0.5224609375 11.5608483973285 3 0 0 
1 1220 7.4 19 0.633035714285714 0.3740234375 24.6931257885767 3 0 0 
0 1220 7.8 19 0.451171875 0.4171875 29.0354222468048 3 0 0 
1 1230 7.4 19 0.556134259259259 0.3837890625 33.2747085663741 3 0 0 
0 1230 7.8 19 0.282169117647059 0.409375 31.2201315840285 3 0 0 
1 1240 7.4 19 0.51064453125 0.384375 39.1582174090105 3 -1 0 
0 1240 7.8 20 0.299278846153846 0.36171875 39.1893208346006 3 1 0 
1 1250 7.4 19 0.613671875 0.42578125 30.444532939664 3 -1 0 
0 1250 7.8 20 0.346153846153846 0.3765625 28.0288911068749 3 1 0 
1 1260 7.4 19 0.54229525862069 0.36875 20.6679290096116 3 -1 0 
0 1260 7.8 20 0.354427083333333 0.34140625 32.0054848094912 3 1 0 
1 1270 7.4 19 0.450917119565217 0.43515625 37.576922854529 3 -1 0 
0 1270 7.8 20 0.38604525862069 0.378125 35.7438253025563 3 1 0 
1 1280 7.4 19 0.495738636363636 0.4796875 28.1863996736579 3 -1 0 
0 1280 7.8 20 0.395774147727273 0.40625 36.8293331989246 3 1 0 
1 1290 7.4 19 0.455280172413793 0.50859375 13.2595045094797 3 -1 0 
0 1290 7.8 20 0.423211348684211 0.3859375 30.5635182238731 3 1 0 
1 1300 7.4 19 0.37109375 0.5171875 8.18737380973214 3 -1 0 
0 1300 7.8 20 0.440257352941176 0.459375 13.3929693915131 3 1 0 
1 1310 7.4 20 0.472265625 0.54140625 13.8569331850487 3 0 0 
0 1310 7.8 20 0.48984375 0.49296875 6.30185597752674 3 0 0 
1 1320 7.4 20 0.432105654761905 0.5921875 12.920251575401 3 0 0 
0 1320 7.8 20 0.470614346590909 0.4521484375 27.0828425960315 3 0 0 
1 1330 7.4 20 0.47172619047619 0.68515625 26.0704305344346 3 0 0 
0 1330 7.8 20 0.510653409090909 0.36328125 44.6749927162873 3 0 0 
1 1340 7.4 20 0.472935267857143 0.70625 37.3618842498368 2 -1 -1 
0 1340 7.8 21 0.639973958333333 0.31328125 48.4256273120922 3 1 1 
1 1350 7.4 20 0.340073529411765 0.671875 51.9542376153036 2 -1 0 
0 1350 7.8 21 0.470552884615385 0.3109375 51.4434387094783 2 1 0 
1 1360 7.4 20 0.445106907894737 0.6421875 45.5194510079659 2 -1 0 
0 1360 7.8 21 0.443926411290323 0.32109375 40.8647147914817 2 1 0 
1 1370 7.4 20 0.424153645833333 0.54296875 41.7309795438697 2 -1 0 
0 1370 7.8 21 0.534830729166667 0.328125 16.7269452402082 2 1 0 
1 1380 7.4 20 0.496930803571429 0.49765625 30.8837639195534 2 -1 0 
0 1380 7.8 21 0.438671875 0.4546875 21.4977814035848 2 1 0 
1 1390 7.4 20 0.455502717391304 0.4658203125 26.4809390567907 2 -1 0 
0 1390 7.8 21 0.399348958333333 0.56953125 18.1768699713971 2 1 0 
1 1400 7.4 21 0.457563920454545 0.40234375 18.6797186042403 2 0 0 
0 1400 7.8 21 0.484035326086957 0.60546875 6.7274599034205 2 0 0 
1 1410 7.4 21 0.428850446428571 0.290364583333333 12.9791036160511 2 0 0 
0 1410 7.8 21 0.497696314102564 0.67890625 9.11293699955978 2 0 0 
1 1420 7.4 21 0.45203125 0.216145833333333 24.8883768548738 2 -1 0 
0 1420 7.8 22 0.393518518518519 0.69140625 19.6427103034959 2 1 0 
1 1430 7.4 21 0.41796875 0.192708333333333 11.9340673681257 2 -1 0 
0 1430 7.8 22 0.496651785714286 0.7451171875 5.29235299932152 2 1 0 
1 1440 7.4 21 0.390802556818182 0.317708333333333 7.65002948931142 2 -1 0 
0 1440 7.8 22 0.494212962962963 0.6416015625 7.61039772625138 2 1 0 
1 1450 7.4 21 0.428883272058823 0.33984375 1.65890073286675 2 -1 0 
0 1450 7.8 22 0.395647321428571 0.6025390625 12.9106507439212 2 1 0 
1 1460 7.4 21 0.437618371212121 0.369140625 27.6120400299981 2 -1 0 
0 1460 7.8 22 0.45751953125 0.640625 16.0076600569382 2 1 0 
1 1470 7.4 21 0.502467105263158 0.39921875 30.4639573975073 2 -1 0 
0 1470 7.8 22 0.416311553030303 0.54296875 16.9212566372157 2 1 0 
1 1480 7.4 21 0.549183238636364 0.4345703125 20.7598626661443 2 -1 0 
0 1480 7.8 22 0.417100694444444 0.50390625 9.17877987534291 2 1 0 
1 1490 7.4 21 0.546037946428571 0.427734375 4.27321974026602 2 -1 0 
0 1490 7.8 22 0.616498161764706 0.421875 50.2848684259572 2 1 0 
1 1500 7.4 21 0.563742897727273 0.4619140625 27.3344007083153 2 -1 0 
0 1500 7.8 22 0.505681818181818 0.294921875 44.1616349335031 2 1 0 
1 1510 7.4 22 0.55859375 0.412109375 25.3352608756741 1 0 -1 
0 1510 7.8 22 0.582161458333333 0.2421875 26.4007575648882 2 0 1 
1 1520 7.4 22 0.633203125 0.3359375 31.7032660077337 1 0 -1 
0 1520 7.8 22 0.721768465909091 0.232421875 23.7118114027588 2 0 1 
1 1530 7.4 22 0.640008223684211 0.361328125 43.99281834093 1 0 0 
0 1530 7.8 22 0.482836174242424 0.2421875 23.3452350598575 1 0 0 
1 1540 7.4 22 0.571044921875 0.3779296875 41.0087632553966 1 0 0 
0 1540 7.8 22 0.491586538461538 0.228515625 23.5053185470863 1 0 0 
1 1550 7.4 22 0.677083333333333 0.3390625 40.6791379274929 1 0 0 
0 1550 7.8 22 0.642113095238095 0.18359375 8.09661440560003 1 0 0 
1 1560 7.4 22 0.461277173913043 0.3765625 21.5149400501244 1 0 0 
0 1560 7.8 22 0.49311755952381 0.36328125 40.1900231671806 1 0 0 
1 1570 7.4 22 0.422080592105263 0.334375 2.76735446649434 1 0 0 
0 1570 7.8 22 0.5174560546875 0.3701171875 44.0726886166425 1 0 0 
1 1580 7.4 22 0.456003289473684 0.3640625 11.9327747648226 1 0 0 
0 1580 7.8 22 0.630944293478261 0.5908203125 29.0798824015497 1 0 0 
1 1590 7.4 22 0.59077380952381 0.290625 10.496515708185 1 -1 0 
0 1590 7.8 23 0.493235518292683 0.715625 23.9496554405902 1 1 0 
1 1600 7.4 22 0.51828125 0.1953125 4.88083556700376 1 -1 0 
0 1600 7.8 23 0.436351102941176 0.7328125 17.6003134815765 1 1 0 
1 1610 7.4 22 0.494419642857143 0.23984375 9.1764253631457 1 -1 0 
0 1610 7.8 23 0.709635416666667 0.665625 20.0945974023191 1 1 0 
1 1620 7.4 22 0.672061011904762 0.32109375 18.298935871535 1 -1 0 
0 1620 7.8 23 0.484525240384615 0.560546875 15.1434751894107 1 1 0 
1 1630 7.4 22 0.525390625 0.396875 16.3622991236482 1 -1 0 
0 1630 7.8 23 0.458147321428571 0.43984375 36.3591819916543 1 1 0 
1 1640 7.4 23 0.641845703125 0.5125 4.14051143565204 1 0 0 
0 1640 7.8 23 0.660757211538462 0.37578125 36.0529755781793 1 0 0 
1 1650 7.4 23 0.577097039473684 0.52265625 11.6912174057563 1 0 0 
0 1650 7.8 23 0.481919642857143 0.30625 30.2037868617221 1 0 0 
1 1660 7.4 23 0.4765625 0.53046875 10.6069841062114 1 0 0 
0 1660 7.8 23 0.505859375 0.2822265625 16.5079368428657 1 0 0 
1 1670 7.4 23 0.521875 0.53046875 4.54388913083754 1 0 1 
0 1670 7.8 23 0.627511160714286 0.318359375 2.80213095793985 0 0 -1 
1 1680 7.4 23 0.613882211538462 0.5109375 5.56214703060362 1 0 1 
0 1680 7.8 23 0.422334558823529 0.48828125 26.5825330108452 0 0 -1 
1 1690 7.4 23 0.4465625 0.50390625 4.50361684627889 1 0 1 
0 1690 7.8 23 0.429947916666667 0.51171875 27.1560779115575 0 0 -1 
1 1700 7.4 23 0.422433035714286 0.3625 55.9064099647599 1 0 1 
0 1700 7.8 23 0.474609375 0.634114583333333 49.6171702981154 0 0 -1 
1 1710 7.4 23 0.42578125 0.27109375 33.2836627663511 1 0 1 
0 1710 7.8 23 0.419108072916667 0.650390625 44.5 0 0 -1 
1 1720 7.4 23 0.48921130952381 0.26796875 16.5322179787504 1 0 1 
0 1720 7.8 23 0.375509510869565 0.65234375 9.3407708461347 0 0 -1 
1 1730 7.4 23 0.538411458333333 0.42734375 26.0877044083419 1 0 1 
0 1730 7.8 23 0.35009765625 0.239583333333333 30.3814130626135 0 0 -1 
1 1740 7.4 23 0.65703125 0.58984375 23.407109652706 1 0 1 
0 1740 7.8 23 0.44765625 0.182291666666667 7.12404435025056 0 0 -1 
