1 30 10.6 1 NaN 0.169354838709677 7.79003590739666 3 0 0 
0 30 8.4 1 NaN 0.17741935483871 1.651387818866 3 0 0 
1 40 10.6 1 NaN 0.247983870967742 18.0795613347308 3 0 0 
0 40 8.4 1 NaN 0.155241935483871 6.30699522831341 3 0 0 
1 50 10.6 1 0.381048387096774 0.299395161290323 28.136787867497 3 0 0 
0 50 8.4 1 0.383064516129032 0.257056451612903 20.3563135955485 3 0 0 
1 60 10.6 1 0.383064516129032 0.426612903225806 30.1376009892959 3 0 0 
0 60 8.4 1 0.383064516129032 0.385483870967742 28.7301234903639 3 0 0 
1 70 10.6 1 0.388911290322581 0.469354838709677 21.6810895398131 3 0 0 
0 70 8.4 1 0.389219015280136 0.47258064516129 23.8971218104118 3 0 0 
1 80 10.6 1 0.465645161290323 0.484677419354839 21.7910513961214 3 0 0 
0 80 8.4 1 0.483446519524618 0.491935483870968 21.3206994721307 3 0 0 
1 90 10.6 1 0.415994623655914 0.47258064516129 23.4656035927497 3 0 0 
0 90 8.4 1 0.411887694145759 0.485483870967742 20.5419863304076 3 0 0 
1 100 10.6 1 0.424923195084485 0.465322580645161 25.1830089342314 3 0 0 
0 100 8.4 1 0.390579178885631 0.473387096774194 20.8248070412689 3 0 0 
1 110 10.6 2 0.479435483870968 0.486290322580645 24.077599214618 3 0 0 
0 110 8.4 2 0.462903225806452 0.467741935483871 21.150326473149 3 0 0 
1 120 10.6 2 0.393232819074334 0.487903225806452 23.1258472160564 3 0 0 
0 120 8.4 2 0.426075268817204 0.492741935483871 22.6261908427758 3 0 0 
1 130 10.6 2 0.404637096774194 0.461290322580645 22.3102377456036 3 0 0 
0 130 8.4 2 0.415505865102639 0.495161290322581 23.9787084849901 3 0 0 
1 140 10.6 2 0.457223001402525 0.483064516129032 20.0215913849585 3 0 0 
0 140 8.4 2 0.480645161290323 0.483870967741936 22.2086409965844 3 0 0 
1 150 10.6 3 0.391479663394109 0.470967741935484 22.6502528715857 3 0 0 
0 150 8.4 3 0.407413151364764 0.506451612903226 22.1539559122103 3 0 0 
1 160 10.6 3 0.415505865102639 0.483064516129032 25.1199531176774 3 0 0 
0 160 8.4 3 0.421554252199413 0.504838709677419 21.8531460429442 3 0 0 
1 170 10.6 3 0.456561583577713 0.492741935483871 26.4971829257174 3 0 0 
0 170 8.4 3 0.484747545582048 0.491129032258064 25.6401182855347 3 0 0 
1 180 10.6 4 0.403380893300248 0.480645161290323 24.9013671483425 3 1 0 
0 180 8.4 3 0.405241935483871 0.520967741935484 24.6708585073061 3 -1 0 
1 190 10.6 4 0.422619047619048 0.475806451612903 17.8266835322992 3 0 0 
0 190 8.4 4 0.426651305683564 0.508064516129032 21.0787635457165 3 0 0 
1 200 10.6 4 0.467317487266553 0.479838709677419 19.5861780640829 3 0 0 
0 200 8.4 4 0.495362903225806 0.506451612903226 18.9728672476461 3 0 0 
1 210 10.6 5 0.383064516129032 0.506451612903226 25.9250238276796 3 1 0 
0 210 8.4 4 0.432400379506641 0.459677419354839 22.6496131690575 3 -1 0 
1 220 10.6 5 0.409754224270353 0.524193548387097 29.5620641186537 3 0 0 
0 220 8.4 5 0.394635343618513 0.465725806451613 24.6359473387191 3 0 0 
1 230 10.6 5 0.483294930875576 0.505040322580645 15.5561573983373 3 0 0 
0 230 8.4 5 0.470161290322581 0.435483870967742 33.1768323600905 3 0 0 
1 240 10.6 5 0.400806451612903 0.412903225806452 33.4683897221137 3 0 0 
0 240 8.4 5 0.42460899315738 0.451612903225806 25.7581264395832 3 0 0 
1 250 10.6 6 0.383064516129032 0.436290322580645 23.7979248974029 3 1 0 
0 250 8.4 5 0.434677419354839 0.487096774193548 23.352233288082 3 -1 0 
1 260 10.6 6 0.471582181259601 0.487903225806452 21.0384201637096 3 0 0 
0 260 8.4 6 0.482643758765778 0.481451612903226 18.3946512535875 3 0 0 
1 270 10.6 6 0.420777988614801 0.454838709677419 20.2974572829258 3 0 0 
0 270 8.4 6 0.415178571428571 0.510483870967742 23.6170257210844 3 0 0 
1 280 10.6 6 0.405862282878412 0.476612903225806 16.0979381412522 3 0 0 
0 280 8.4 6 0.434567448680352 0.438508064516129 36.9128616022604 3 0 0 
1 290 10.6 6 0.473286290322581 0.464516129032258 22.0077359517821 3 0 0 
0 290 8.4 6 0.487519201228879 0.429435483870968 40.9111085298056 3 0 0 
1 300 10.6 6 0.423257023933403 0.457258064516129 23.7057555878591 3 0 0 
0 300 8.4 6 0.416069295101553 0.486290322580645 27.4105882319583 3 0 0 
1 310 10.6 7 0.405425219941349 0.470967741935484 22.4247162227178 3 1 0 
0 310 8.4 6 0.38858234295416 0.480645161290323 17.2321187457446 3 -1 0 
1 320 10.6 7 0.459367245657568 0.479032258064516 15.3561637245601 3 1 0 
0 320 8.4 6 0.476209677419355 0.487903225806452 16.4042222189127 3 -1 0 
1 330 10.6 7 0.413236929922136 0.491129032258064 15.5061454794182 3 0 0 
0 330 8.4 7 0.41084229390681 0.491935483870968 24.2671419720596 3 0 0 
1 340 10.6 7 0.414650537634409 0.504838709677419 18.2511274087143 3 0 0 
0 340 8.4 7 0.412130376344086 0.451612903225806 17.5859862793042 3 0 0 
1 350 10.6 7 0.459151472650771 0.482258064516129 26.9736517528069 3 0 0 
0 350 8.4 7 0.477318548387097 0.426612903225806 25.8068917588675 3 0 0 
1 360 10.6 8 0.43010752688172 0.495967741935484 23.8705486151758 3 1 0 
0 360 8.4 7 0.392882187938289 0.409677419354839 31.7227452922239 3 -1 0 
1 370 10.6 8 0.446297653958944 0.484677419354839 21.3691454058029 3 1 0 
0 370 8.4 7 0.405680224403927 0.443548387096774 14.5584616102925 3 -1 0 
1 380 10.6 8 0.484354838709677 0.490322580645161 14.3351295482497 3 1 0 
0 380 8.4 7 0.47542242703533 0.499193548387097 12.0367891010439 3 -1 0 
1 390 10.6 8 0.425806451612903 0.491129032258064 12.033647017369 3 1 0 
0 390 8.4 7 0.419642857142857 0.471774193548387 10.118112743135 3 -1 0 
1 400 10.6 8 0.433555399719495 0.489516129032258 15.770174930837 3 1 0 
0 400 8.4 7 0.410764375876578 0.470766129032258 12.1649281314474 3 -1 0 
1 410 10.6 9 0.491359447004608 0.486290322580645 20.2784211504578 3 1 0 
0 410 8.4 8 0.468453510436433 0.44758064516129 23.5172064067287 3 -1 0 
1 420 10.6 9 0.413616625310174 0.480645161290323 18.9139401514831 3 1 0 
0 420 8.4 8 0.422631048387097 0.383064516129032 38.7266866231462 3 -1 0 
1 430 10.6 9 0.403629032258065 0.509677419354839 18.216892856549 3 1 0 
0 430 8.4 8 0.409647550776583 0.412903225806452 32.619948412283 3 -1 0 
1 440 10.6 9 0.476382488479263 0.500806451612903 18.1741611163065 3 1 0 
0 440 8.4 8 0.488575268817204 0.465322580645161 24.2354380332195 3 -1 0 
1 450 10.6 9 0.410394265232975 0.490322580645161 18.7034358556715 3 1 0 
0 450 8.4 8 0.425640417457306 0.476612903225806 18.1807102763275 3 -1 0 
1 460 10.6 9 0.402309384164223 0.519354838709677 19.8302110641131 3 1 0 
0 460 8.4 8 0.409537166900421 0.462903225806452 20.0341419372412 3 -1 0 
1 470 10.6 10 0.472926267281106 0.48991935483871 29.4440734058557 3 1 0 
0 470 8.4 9 0.467979127134725 0.484879032258065 15.6778940490392 3 -1 0 
1 480 10.6 10 0.429125310173697 0.523185483870968 26.3925247112426 3 1 0 
0 480 8.4 9 0.400254668930391 0.461693548387097 26.270903283382 3 -1 0 
1 490 10.6 10 0.417020373514431 0.466129032258065 42.5383610195787 3 1 0 
0 490 8.4 9 0.384337860780985 0.365322580645161 36.7707032085701 3 -1 0 
1 500 10.6 10 0.517641129032258 0.473387096774194 43.5720702887556 3 1 0 
0 500 8.4 9 0.457258064516129 0.385483870967742 27.2083181370478 3 -1 0 
1 510 10.6 11 0.42741935483871 0.489516129032258 30.8834853576742 3 2 0 
0 510 8.4 9 0.403846153846154 0.419354838709677 24.3725777027249 3 -2 0 
1 520 10.6 11 0.399894810659187 0.485483870967742 18.6171507536076 3 1 0 
0 520 8.4 10 0.392412023460411 0.460483870967742 19.62087715023 3 -1 0 
1 530 10.6 11 0.477977667493797 0.478225806451613 15.4592764760357 3 1 0 
0 530 8.4 10 0.467566619915849 0.493951612903226 24.1919408068059 3 -1 0 
1 540 10.6 11 0.430299539170507 0.508064516129032 14.842094562202 3 1 0 
0 540 8.4 10 0.4 0.463709677419355 0 3 -1 0 
1 550 10.6 12 0.433622828784119 0.490322580645161 14.3567853065479 3 2 0 
0 550 8.4 10 0.404377880184332 0.4375 22.5055548698538 3 -2 0 
1 560 10.6 12 0.473864994026284 0.512096774193548 22.5868919941088 3 2 0 
0 560 8.4 10 0.452016129032258 0.293346774193548 44.5190772217033 3 -2 0 
1 570 10.6 12 0.457373271889401 0.521774193548387 29.5881223837962 3 2 0 
0 570 8.4 10 0.394193548387097 0.366935483870968 29.6609882778509 3 -2 0 
1 580 10.6 12 0.433371735791091 0.536290322580645 30.2692846815746 3 2 0 
0 580 8.4 10 0.384856630824373 0.402217741935484 14.3178333878535 3 -2 0 
1 590 10.6 12 0.476670506912442 0.524193548387097 29.0608033832186 3 1 0 
0 590 8.4 11 0.440636200716846 0.430645161290323 34.1484914438809 3 -1 0 
1 600 10.6 12 0.444037145650049 0.515322580645161 16.9295082751332 3 1 0 
0 600 8.4 11 0.412220843672457 0.450806451612903 35.0221345804289 3 -1 0 
1 610 10.6 13 0.474270353302611 0.544354838709677 17.600566932737 3 2 0 
0 610 8.4 11 0.390322580645161 0.459677419354839 24.5950826147929 3 -2 0 
1 620 10.6 13 0.512096774193548 0.506048387096774 21.1149317867104 3 2 0 
0 620 8.4 11 0.41633064516129 0.430645161290323 23.6132415172085 3 -2 0 
1 630 10.6 13 0.447328629032258 0.534274193548387 20.4434576571715 3 2 0 
0 630 8.4 11 0.379608294930876 0.438709677419355 26.06777338222 3 -2 0 
1 640 10.6 13 0.421818996415771 0.470161290322581 42.289605075122 3 2 0 
0 640 8.4 11 0.392204301075269 0.425806451612903 22.8273159469764 3 -2 0 
1 650 10.6 13 0.474966397849462 0.571236559139785 27.0293946138853 3 1 0 
0 650 8.4 12 0.472043010752688 0.382056451612903 12.1582656647493 3 -1 0 
1 660 10.6 13 0.423387096774194 0.516129032258065 20.9938798497829 3 1 0 
0 660 8.4 12 0.380040322580645 0.358870967741936 16.3614355025701 3 -1 0 
1 670 10.6 13 0.428295932678822 0.565860215053763 1.80048134510463 3 1 0 
0 670 8.4 12 0.390360983102919 0.42258064516129 9.78205111445595 3 -1 0 
1 680 10.6 13 0.495755517826825 0.466397849462366 6.02563104664095 3 1 0 
0 680 8.4 12 0.445806451612903 0.471774193548387 5.16971905685504 3 -1 0 
1 690 10.6 13 0.419086021505376 0.514784946236559 4.04467124969311 3 1 0 
0 690 8.4 12 0.40639400921659 0.418010752688172 9.89364986098909 3 -1 0 
1 700 10.6 14 0.437762973352034 0.395967741935484 32.2251937534803 3 2 0 
0 700 8.4 12 0.416788856304985 0.306451612903226 24.9297727110301 3 -2 0 
1 710 10.6 14 0.486708482676225 0.437903225806452 32.2030273441438 3 1 0 
0 710 8.4 13 0.482447817836812 0.384072580645161 34.3593487046061 3 -1 0 
1 720 10.6 14 0.432459677419355 0.471774193548387 27.4831177978853 3 1 0 
0 720 8.4 13 0.423984468339307 0.459677419354839 22.6661915918135 3 -1 0 
1 730 10.6 14 0.430925666199158 0.491129032258064 26.442787308689 3 1 0 
0 730 8.4 13 0.383064516129032 0.453225806451613 26.3352875325626 3 -1 0 
1 740 10.6 14 0.495199692780338 0.445967741935484 21.5573695048694 3 1 0 
0 740 8.4 13 0.461255259467041 0.407258064516129 33.758934951218 3 -1 0 
1 750 10.6 14 0.409032258064516 0.482258064516129 14.8600509287257 3 1 0 
0 750 8.4 13 0.416666666666667 0.436290322580645 35.1006712884695 3 -1 0 
1 760 10.6 14 0.396434634974533 0.515322580645161 12.8833494531301 3 1 0 
0 760 8.4 13 0.422830923248053 0.443548387096774 19.5520906015413 3 -1 0 
1 770 10.6 14 0.463534361851332 0.456451612903226 42.2098754970621 3 1 0 
0 770 8.4 13 0.489032258064516 0.461290322580645 23.2374828951048 3 -1 0 
1 780 10.6 15 0.412037037037037 0.466129032258065 23.7326451090144 3 1 0 
0 780 8.4 14 0.428605313092979 0.469354838709677 22.3382038202415 3 -1 0 
1 790 10.6 15 0.446178120617111 0.478225806451613 22.6029524407244 3 1 0 
0 790 8.4 14 0.413306451612903 0.457258064516129 23.4188235530831 3 -1 0 
1 800 10.6 15 0.507148093841642 0.512903225806452 15.0045597496521 3 1 0 
0 800 8.4 14 0.46831797235023 0.421774193548387 11.1028855800456 3 -1 0 
1 810 10.6 15 0.428931451612903 0.531451612903226 10.967840033413 3 1 0 
0 810 8.4 14 0.395161290322581 0.412903225806452 16.1627556664862 3 -1 0 
1 820 10.6 15 0.417028535980149 0.526612903225806 29.8358669061013 3 1 0 
0 820 8.4 14 0.415497896213184 0.394354838709677 11.1849134913259 3 -1 0 
1 830 10.6 15 0.491385630498534 0.518548387096774 26.6002673362103 3 1 0 
0 830 8.4 14 0.458557347670251 0.458870967741936 16.4768776637028 3 -1 0 
1 840 10.6 15 0.454178885630499 0.501612903225806 16.3744019434616 3 1 0 
0 840 8.4 14 0.383602150537634 0.496774193548387 9.74270623267578 3 -1 0 
1 850 10.6 16 0.432096774193548 0.510483870967742 20.1811483964433 3 2 0 
0 850 8.4 14 0.387096774193548 0.457258064516129 16.5738561167426 3 -2 0 
1 860 10.6 16 0.496898263027295 0.395161290322581 37.9412743118076 3 2 0 
0 860 8.4 14 0.437741935483871 0.470161290322581 20.2634824411195 3 -2 0 
1 870 10.6 16 0.443429791271347 0.563364055299539 33.5071844891477 3 1 0 
0 870 8.4 15 0.418103448275862 0.370967741935484 25.2760126668359 3 -1 0 
1 880 10.6 16 0.429347826086957 0.523185483870968 22.3136874258208 3 1 0 
0 880 8.4 15 0.435322580645161 0.403225806451613 26.745579532763 3 -1 0 
1 890 10.6 16 0.463709677419355 0.524193548387097 21.3802615602009 3 1 0 
0 890 8.4 15 0.486290322580645 0.407258064516129 24.8899803402714 3 -1 0 
1 900 10.6 16 0.436230585424134 0.549193548387097 16.3624560121909 3 1 0 
0 900 8.4 15 0.415322580645161 0.423387096774194 25.3504532603215 3 -1 0 
1 910 10.6 16 0.476310483870968 0.548387096774194 25.2139094034868 3 1 0 
0 910 8.4 15 0.390745007680492 0.41633064516129 8.02975761381093 3 -1 0 
1 920 10.6 16 0.52875175315568 0.494354838709677 32.5330197771362 3 1 0 
0 920 8.4 15 0.440860215053763 0.45 21.1751590626703 3 -1 0 
1 930 10.6 16 0.491375448028674 0.525806451612903 26.2906347701893 3 1 0 
0 930 8.4 15 0.381404174573055 0.451612903225806 7.68522505398961 3 -1 0 
1 940 10.6 17 0.461021505376344 0.541129032258065 31.4311716214011 3 2 0 
0 940 8.4 15 0.445564516129032 0.527217741935484 8.6014719580885 3 -2 0 
1 950 10.6 17 0.556787634408602 0.512096774193548 21.835735326652 3 2 0 
0 950 8.4 15 0.440615835777126 0.543346774193548 6.97483744636588 3 -2 0 
1 960 10.6 17 0.505999213217939 0.501612903225806 26.4381327177777 3 2 0 
0 960 8.4 15 0.34375 0.44758064516129 9.13354558623239 3 -2 0 
1 970 10.6 17 0.559139784946237 0.601612903225806 16.4312819911169 3 1 0 
0 970 8.4 16 0.393817204301075 0.275201612903226 18.1598586117272 3 -1 0 
1 980 10.6 18 0.643548387096774 0.612903225806452 18.0192725609071 3 2 0 
0 980 8.4 16 0.419354838709677 0.238911290322581 19.7737550207634 3 -2 0 
1 990 10.6 18 0.524090157154673 0.641935483870968 12.2649603040959 3 2 0 
0 990 8.4 16 0.314717741935484 0.280645161290323 10.533923173774 3 -2 0 
1 1000 10.6 18 0.474654377880184 0.628225806451613 6.49617556787803 3 2 0 
0 1000 8.4 16 0.373790322580645 0.32258064516129 15.6017386573228 3 -2 0 
1 1010 10.6 18 0.602456011730205 0.634677419354839 7.75215350628139 3 2 0 
0 1010 8.4 16 0.364247311827957 0.337903225806452 18.2169925111921 3 -2 0 
1 1020 10.6 18 0.502240143369176 0.601612903225806 20.0578687559582 3 2 0 
0 1020 8.4 16 0.362903225806452 0.29133064516129 38.7143026977697 3 -2 0 
1 1030 10.6 18 0.457971464019851 0.629032258064516 20.1663020781008 3 2 0 
0 1030 8.4 16 0.415796963946869 0.349193548387097 29.6735512617489 3 -2 0 
1 1040 10.6 18 0.515252454417952 0.587903225806452 17.6779248929243 3 1 0 
0 1040 8.4 17 0.425 0.367741935483871 17.3476356002525 3 -1 0 
1 1050 10.6 18 0.489854318418314 0.580645161290323 26.5575294137164 3 1 0 
0 1050 8.4 17 0.410016977928693 0.374193548387097 25.1291399823857 3 -1 0 
1 1060 10.6 18 0.407682512733447 0.591733870967742 15.2907689576672 3 1 0 
0 1060 8.4 17 0.374243951612903 0.384677419354839 16.2381821121499 3 -1 0 
1 1070 10.6 18 0.535887096774194 0.594354838709677 19.6570666691136 3 1 0 
0 1070 8.4 17 0.37726814516129 0.363709677419355 18.2981238140536 3 -1 0 
1 1080 10.6 19 0.50610599078341 0.567204301075269 19.3071654180038 3 2 0 
0 1080 8.4 17 0.367572156196944 0.391935483870968 9.04212359800642 3 -2 0 
1 1090 10.6 19 0.42741935483871 0.503024193548387 20.6703769270846 3 2 0 
0 1090 8.4 17 0.378722084367246 0.491129032258064 14.0557349798474 3 -2 0 
1 1100 10.6 19 0.569388440860215 0.518145161290323 18.2216226424857 3 2 0 
0 1100 8.4 17 0.370967741935484 0.469758064516129 19.5576072156079 3 -2 0 
1 1110 10.6 19 0.516386410432395 0.564516129032258 14.9596727083914 3 2 0 
0 1110 8.4 17 0.346537001897533 0.420698924731183 12.1878468574885 3 -2 0 
1 1120 10.6 19 0.493882091212458 0.610887096774194 11.130014903103 3 2 0 
0 1120 8.4 17 0.36817617866005 0.508064516129032 0 3 -2 0 
1 1130 10.6 19 0.57846556233653 0.598790322580645 16.8095955392466 3 2 0 
0 1130 8.4 17 0.370601173020528 0.483870967741936 0 3 -2 0 
1 1140 10.6 20 0.514236339697169 0.508064516129032 41.8801967378324 3 3 0 
0 1140 8.4 17 0.328984819734345 0.153225806451613 0 3 -3 0 
1 1150 10.6 20 0.605793718166384 0.556451612903226 39.609108117486 3 3 0 
0 1150 8.4 17 0.341935483870968 0.185483870967742 12.0415945787923 3 -3 0 
1 1160 10.6 20 0.617980884109916 0.611290322580645 32.1608339512743 3 3 0 
0 1160 8.4 17 0.334677419354839 0.235887096774194 27.372431386342 3 -3 0 
1 1170 10.6 20 0.568285413744741 0.630645161290323 27.2815768975863 3 2 0 
0 1170 8.4 18 0.283681214421252 0.196236559139785 30.2746679220009 3 -2 0 
1 1180 10.6 20 0.560051843317972 0.651612903225806 21.905907100549 3 2 0 
0 1180 8.4 18 0.379032258064516 0.334677419354839 29.2088925617994 3 -2 0 
1 1190 10.6 20 0.565004887585533 0.615322580645161 22.842892931338 3 2 0 
0 1190 8.4 18 0.379032258064516 0.354032258064516 28.428528228871 3 -2 0 
1 1200 10.6 20 0.506552419354839 0.588709677419355 24.5311354433331 3 2 0 
0 1200 8.4 18 0.335777126099707 0.329301075268817 24.1786853588612 3 -2 0 
1 1210 10.6 20 0.498071528751753 0.634072580645161 12.7450765144689 3 2 0 
0 1210 8.4 18 0.384677419354839 0.212701612903226 20.6408358837664 3 -2 0 
1 1220 10.6 20 0.539818548387097 0.618951612903226 24.3474657605861 3 2 0 
0 1220 8.4 18 0.395161290322581 0.184475806451613 18.2319292315288 3 -2 0 
1 1230 10.6 20 0.516487455197133 0.529838709677419 28.0096774014308 3 2 0 
0 1230 8.4 18 0.316290322580645 0.28494623655914 19.9739792364358 3 -2 0 
1 1240 10.6 20 0.527859237536657 0.529838709677419 25.9624922481937 3 2 0 
0 1240 8.4 18 0.414136622390892 0.365927419354839 18.7622032824603 3 -2 0 
1 1250 10.6 20 0.587701612903226 0.546370967741936 31.7141585204251 3 1 0 
0 1250 8.4 19 0.405017921146953 0.398185483870968 11.4122138151258 3 -1 0 
1 1260 10.6 21 0.508064516129032 0.538306451612903 32.7337232770161 3 2 0 
0 1260 8.4 19 0.377150537634409 0.442540322580645 12.7675342136468 3 -2 0 
1 1270 10.6 21 0.529166666666667 0.579301075268817 32.7591332611949 3 2 0 
0 1270 8.4 19 0.413530465949821 0.399193548387097 30.640293116651 3 -2 0 
1 1280 10.6 21 0.59502688172043 0.631720430107527 28.3895909513273 3 2 0 
0 1280 8.4 19 0.455789170506912 0.345161290322581 32.6733090298374 3 -2 0 
1 1290 10.6 21 0.452169076751947 0.533602150537634 29.946387345378 3 2 0 
0 1290 8.4 19 0.411726242371404 0.353225806451613 29.8261089805269 3 -2 0 
1 1300 10.6 21 0.438387096774194 0.491935483870968 13.2597154822678 3 2 1 
0 1300 8.4 19 0.456918505942275 0.323387096774194 30.4017008743006 2 -2 -1 
1 1310 10.6 21 0.539270687237027 0.530913978494624 16.0031780741809 3 2 1 
0 1310 8.4 19 0.467165898617512 0.272177419354839 26.0218679674606 2 -2 -1 
1 1320 10.6 21 0.444633995037221 0.426411290322581 41.4041382601879 3 2 1 
0 1320 8.4 19 0.340725806451613 0.251008064516129 21.562697609483 2 -2 -1 
1 1330 10.6 21 0.429531490015361 0.513104838709677 35.3515188509715 3 1 1 
0 1330 8.4 20 0.346407624633431 0.283266129032258 28.2344240672294 2 -1 -1 
1 1340 10.6 21 0.584860703812317 0.621975806451613 18.8476019087021 3 1 1 
0 1340 8.4 20 0.341935483870968 0.356182795698925 15.0209637179205 2 -1 -1 
1 1350 10.6 21 0.52116935483871 0.607862903225806 13.6991804276938 3 1 1 
0 1350 8.4 20 0.316532258064516 0.301411290322581 19.6513004451045 2 -1 -1 
1 1360 10.6 21 0.498064516129032 0.686290322580645 6.93854747699607 3 1 1 
0 1360 8.4 20 0.371863799283154 0.23991935483871 18.037313509666 2 -1 -1 
1 1370 10.6 22 0.564149560117302 0.730645161290323 3.85469502007037 3 2 2 
0 1370 8.4 20 0.346407624633431 0.178427419354839 12.0518736175811 1 -2 -2 
1 1380 10.6 22 0.512327188940092 0.755645161290323 3.49858467372151 3 2 2 
0 1380 8.4 20 0.365512333965844 0.198387096774194 11.4169498020658 1 -2 -2 
1 1390 10.6 22 0.52945301542777 0.75 6.73969271469136 3 2 2 
0 1390 8.4 20 0.410534274193548 0.214717741935484 7.37154528732155 1 -2 -2 
1 1400 10.6 22 0.59079532814238 0.698924731182796 7.08367830597699 3 2 2 
0 1400 8.4 20 0.451324884792627 0.219354838709677 8.70639794805203 1 -2 -2 
1 1410 10.6 22 0.506384408602151 0.700268817204301 8.22694795732052 3 2 2 
0 1410 8.4 20 0.389112903225806 0.275 6.25204818504789 1 -2 -2 
1 1420 10.6 22 0.495247695852535 0.55241935483871 12.2065556157337 3 1 2 
0 1420 8.4 21 0.446029776674938 0.330645161290323 21.936988550963 1 -1 -2 
1 1430 10.6 22 0.512798036465638 0.483870967741936 24.0663153816365 3 1 2 
0 1430 8.4 21 0.441129032258065 0.40241935483871 24.1322496768299 1 -1 -2 
1 1440 10.6 22 0.446029776674938 0.442204301075269 21.3063422691867 3 1 2 
0 1440 8.4 21 0.420794930875576 0.47741935483871 19.5089641409346 1 -1 -2 
1 1450 10.6 22 0.413829151732378 0.435483870967742 16.07054993112 3 1 2 
0 1450 8.4 21 0.429347826086957 0.544354838709677 19.5386262881393 1 -1 -2 
1 1460 10.6 22 0.443772401433692 0.324596774193548 32.9640850038194 3 1 2 
0 1460 8.4 21 0.519201228878648 0.560483870967742 12.6856808355795 1 -1 -2 
1 1470 10.6 22 0.424120234604106 0.389112903225806 8.76920506390269 3 1 2 
0 1470 8.4 21 0.422104105571848 0.488911290322581 14.4081971382534 1 -1 -2 
1 1480 10.6 22 0.421440489432703 0.445967741935484 12.3947982150875 3 1 2 
0 1480 8.4 21 0.383276740237691 0.297043010752688 12.8399061020687 1 -1 -2 
1 1490 10.6 22 0.462732160312805 0.494354838709677 10.6309132754097 3 1 2 
0 1490 8.4 21 0.449462365591398 0.237903225806452 22.2310176610183 1 -1 -2 
1 1500 10.6 22 0.496425953079179 0.581451612903226 21.0205160613209 3 1 2 
0 1500 8.4 21 0.35114247311828 0.280241935483871 19.4207242282216 1 -1 -2 
1 1510 10.6 22 0.541442652329749 0.664516129032258 27.0563853355777 3 1 2 
0 1510 8.4 21 0.382133995037221 0.339717741935484 27.0749112266449 1 -1 -2 
1 1520 10.6 22 0.57258064516129 0.65 42.0698999607717 3 1 2 
0 1520 8.4 21 0.393695014662757 0.409274193548387 26.4733420979983 1 -1 -2 
1 1530 10.6 22 0.483124253285544 0.621774193548387 29.2778150020491 3 1 2 
0 1530 8.4 21 0.420415959252971 0.333064516129032 34.9678806199123 1 -1 -2 
1 1540 10.6 22 0.463508064516129 0.579032258064516 37.4921252974095 3 1 2 
0 1540 8.4 21 0.397043010752688 0.290322580645161 22.0392798242931 1 -1 -2 
1 1550 10.6 22 0.539621318373072 0.617741935483871 38.1446946769183 3 1 2 
0 1550 8.4 21 0.40994623655914 0.240322580645161 13.374491209176 1 -1 -2 
1 1560 10.6 22 0.500537634408602 0.600806451612903 17.7026505680941 3 0 2 
0 1560 8.4 22 0.381048387096774 0.332258064516129 13.5743175289159 1 0 -2 
1 1570 10.6 22 0.439852150537634 0.563508064516129 9.91158048346044 3 0 2 
0 1570 8.4 22 0.4053480475382 0.416129032258064 14.8427949553381 1 0 -2 
1 1580 10.6 23 0.465389784946237 0.485887096774194 7.92341008173531 3 1 2 
0 1580 8.4 22 0.4053480475382 0.477822580645161 11.9745633932065 1 -1 -2 
1 1590 10.6 23 0.435887096774194 0.579637096774194 14.9360440348986 3 1 2 
0 1590 8.4 22 0.427945301542777 0.372983870967742 23.0054341406547 1 -1 -2 
1 1600 10.6 23 0.411866359447005 0.700604838709677 19.2322976698007 3 1 2 
0 1600 8.4 22 0.353611500701262 0.296370967741936 40.6355755465577 1 -1 -2 
1 1610 10.6 23 0.494868035190616 0.693548387096774 28.714157360835 3 1 2 
0 1610 8.4 22 0.39326375711575 0.17741935483871 0 1 -1 -2 
1 1620 10.6 23 0.470603537981269 0.623387096774194 47.6501817362856 3 1 2 
0 1620 8.4 22 0.424573055028463 0.189516129032258 0 1 -1 -2 
1 1630 10.6 23 0.489864864864865 0.604838709677419 43.0228237996756 3 1 2 
0 1630 8.4 22 0.385235732009926 0.175403225806452 8.13941029804985 1 -1 -2 
1 1640 10.6 23 0.523956356736243 0.631451612903226 26.4254931033971 3 1 2 
0 1640 8.4 22 0.441997518610422 0.217741935483871 2.5 1 -1 -2 
1 1650 10.6 23 0.47699780058651 0.557459677419355 18.0599752045296 3 1 2 
0 1650 8.4 22 0.366179435483871 0.264112903225806 8.63133825081603 1 -1 -2 
1 1660 10.6 23 0.500098347757671 0.53125 10.9000460046327 3 1 2 
0 1660 8.4 22 0.374288425047438 0.294354838709677 20.5830041034178 1 -1 -2 
1 1670 10.6 23 0.588603565365026 0.496975806451613 3.47574032409799 3 1 2 
0 1670 8.4 22 0.377688172043011 0.289314516129032 8.73726371921697 1 -1 -2 
1 1680 10.6 23 0.538259564891223 0.438709677419355 32.3700835640471 3 1 2 
0 1680 8.4 22 0.351173020527859 0.349798387096774 21.0624161310529 1 -1 -2 
1 1690 10.6 23 0.553763440860215 0.494354838709677 30.1757775231911 3 1 2 
0 1690 8.4 22 0.362903225806452 0.324596774193548 21.1848409225183 1 -1 -2 
1 1700 10.6 23 0.637816820276498 0.683971774193548 22.4344490746379 3 1 2 
0 1700 8.4 22 0.294354838709677 0.284677419354839 18.0739896424934 1 -1 -2 
1 1710 10.6 23 0.686059907834101 0.754608294930876 15.1722107696327 3 1 2 
0 1710 8.4 22 0.229390681003584 0.19758064516129 8.68141962027446 1 -1 -2 
1 1720 10.6 23 0.772177419354839 0.768145161290323 7.73211876577029 3 1 2 
0 1720 8.4 22 0.225806451612903 0.175403225806452 7.22841025792827 1 -1 -2 
1 1730 10.6 23 0.773573200992556 0.77741935483871 4.94441415609926 3 1 2 
0 1730 8.4 22 NaN 0.215725806451613 4.98999064067606 1 -1 -2 
