1 30 10.6 1 NaN 0.348118279569893 23.2385708015217 3 0 0 
0 30 9 1 NaN 0.306451612903226 27.2081378854622 3 0 0 
1 40 10.6 1 NaN 0.329032258064516 24.7313235115264 3 0 0 
0 40 9 1 NaN 0.333870967741935 32.9448908363033 3 0 0 
1 50 10.6 1 0.378225806451613 0.362903225806452 26.2332812412639 3 0 0 
0 50 9 1 0.383064516129032 0.368548387096774 32.548274785506 3 0 0 
1 60 10.6 1 0.375 0.416935483870968 25.8379905010719 3 0 0 
0 60 9 1 0.375 0.446774193548387 38.9224271126427 3 0 0 
1 70 10.6 1 0.398588709677419 0.499193548387097 25.5326745005587 3 0 0 
0 70 9 1 0.382661290322581 0.491129032258064 33.7526725510303 3 0 0 
1 80 10.6 1 0.477620967741935 0.482258064516129 5.69076298350043 3 0 0 
0 80 9 1 0.456346423562412 0.491935483870968 33.0273887879831 3 0 0 
1 90 10.6 1 0.396451612903226 0.462096774193548 20.7376181968174 3 0 0 
0 90 9 1 0.43210197710718 0.507056451612903 23.7383475524652 3 0 0 
1 100 10.6 2 0.392961876832845 0.461290322580645 34.957623335062 3 1 0 
0 100 9 1 0.410906298003072 0.487096774193548 29.8192986029741 3 -1 0 
1 110 10.6 2 0.484072580645161 0.500806451612903 37.0053066017632 3 0 0 
0 110 9 2 0.459494134897361 0.467741935483871 32.1139693236209 3 0 0 
1 120 10.6 2 0.420135275754422 0.499193548387097 35.9557119796001 3 0 0 
0 120 9 2 0.380443548387097 0.5 37.6277817562561 3 0 0 
1 130 10.6 2 0.400771388499299 0.516935483870968 31.9554611520081 3 0 0 
0 130 9 2 0.417903225806452 0.465725806451613 37.2341838706222 3 0 0 
1 140 10.6 3 0.468618513323983 0.475 29.3141350244413 3 0 0 
0 140 9 3 0.498879928315412 0.394354838709677 46.6772935044328 3 0 0 
1 150 10.6 3 0.42531556802244 0.496774193548387 21.035906891743 3 0 0 
0 150 9 3 0.445391705069124 0.485483870967742 28.8659353780134 3 0 0 
1 160 10.6 3 0.405855539971949 0.490322580645161 21.7480236204274 3 -1 0 
0 160 9 4 0.424838709677419 0.433064516129032 39.0660149193959 3 1 0 
1 170 10.6 4 0.450716845878136 0.441129032258065 32.7394459103617 3 0 0 
0 170 9 4 0.496700879765396 0.431451612903226 41.3709523991691 3 0 0 
1 180 10.6 4 0.382661290322581 0.47258064516129 20.6498872698524 3 0 0 
0 180 9 4 0.439170506912442 0.448387096774194 30.654670117069 3 0 0 
1 190 10.6 4 0.386088709677419 0.499193548387097 14.5206902125056 3 0 0 
0 190 9 4 0.427822580645161 0.491935483870968 33.7150354831883 3 0 0 
1 200 10.6 5 0.42623339658444 0.526612903225806 10.7871895514746 3 0 0 
0 200 9 5 0.512308998302207 0.436827956989247 30.2324170559521 3 0 0 
1 210 10.6 5 0.395645161290323 0.481451612903226 25.6145906064995 3 0 0 
0 210 9 5 0.432347670250896 0.375 40.0438135867271 3 0 0 
1 220 10.6 6 0.401759530791789 0.45241935483871 36.6672302101125 3 1 0 
0 220 9 5 0.406874039938556 0.362903225806452 37.2876087934502 3 -1 0 
1 230 10.6 6 0.477928692699491 0.476612903225806 38.7662073482339 3 1 0 
0 230 9 5 0.460483870967742 0.429838709677419 27.1387933150113 3 -1 0 
1 240 10.6 6 0.399641577060932 0.498387096774194 36.271893455777 3 0 0 
0 240 9 6 0.407706093189964 0.440524193548387 43.1605314690365 3 0 0 
1 250 10.6 7 0.404233870967742 0.486290322580645 39.036488631635 3 1 0 
0 250 9 6 0.431626928471248 0.503024193548387 56.1380104298245 3 -1 0 
1 260 10.6 7 0.451923076923077 0.501612903225806 41.9554230194945 3 1 0 
0 260 9 6 0.435887096774194 0.416129032258065 53.2439750430138 3 -1 0 
1 270 10.6 7 0.444615749525617 0.503225806451613 43.7490795386136 3 1 0 
0 270 9 6 0.375201612903226 0.404032258064516 37.5616958413799 3 -1 0 
1 280 10.6 7 0.469832735961768 0.501612903225806 38.1095938685957 3 1 0 
0 280 9 6 0.393241167434716 0.362903225806452 40.5846450197057 3 -1 0 
1 290 10.6 7 0.495967741935484 0.508870967741936 32.3740777325087 3 0 0 
0 290 9 7 0.455141129032258 0.454637096774194 26.81326664361 3 0 0 
1 300 10.6 8 0.375 0.516129032258065 46.6148483605852 3 1 0 
0 300 9 7 0.431887532693984 0.429838709677419 37.5498788837067 3 -1 0 
1 310 10.6 8 0.411714770797963 0.517741935483871 45.525709890603 3 1 0 
0 310 9 7 0.436185133239832 0.459677419354839 45.1695492163785 3 -1 0 
1 320 10.6 8 0.472177419354839 0.512096774193548 35.4436546034804 3 1 0 
0 320 9 7 0.490120967741935 0.475806451612903 42.7741137535756 3 -1 0 
1 330 10.6 8 0.420698924731183 0.470766129032258 40.3066571438635 3 0 0 
0 330 9 8 0.403535980148883 0.456451612903226 44.0447603582005 3 0 0 
1 340 10.6 8 0.399798387096774 0.395161290322581 54.4067373634466 3 0 0 
0 340 9 8 0.388849929873773 0.444354838709677 42.5847166788686 3 0 0 
1 350 10.6 8 0.479435483870968 0.373387096774194 48.3162293893851 3 0 0 
0 350 9 8 0.473240469208211 0.488709677419355 54.512370791176 3 0 0 
1 360 10.6 9 0.394985974754558 0.437903225806452 49.5807093223958 3 1 0 
0 360 9 8 0.423943270300334 0.487096774193548 51.3255996031997 3 -1 0 
1 370 10.6 9 0.385168302945302 0.437096774193548 46.7332734035803 3 0 0 
0 370 9 9 0.424838709677419 0.5 41.1729215794802 3 0 0 
1 380 10.6 9 0.446805210918114 0.463709677419355 43.1647950214949 3 0 0 
0 380 9 9 0.476646505376344 0.533064516129032 37.1076773838712 3 0 0 
1 390 10.6 9 0.434811827956989 0.437096774193548 48.476237993156 3 0 0 
0 390 9 9 0.429723502304147 0.562096774193548 40.2807821377412 3 0 0 
1 400 10.6 9 0.46178955453149 0.443548387096774 34.4024580777239 3 0 0 
0 400 9 9 0.439981389578164 0.581653225806452 9.95136973042498 3 0 0 
1 410 10.6 10 0.453763440860215 0.380645161290323 50.809943285704 3 1 0 
0 410 9 9 0.490025466893039 0.485483870967742 25.2629315035982 3 -1 0 
1 420 10.6 10 0.443660394265233 0.414314516129032 33.976656679437 3 0 0 
0 420 9 10 0.453917050691244 0.458064516129032 30.4224660759115 3 0 0 
1 430 10.6 10 0.492866004962779 0.391129032258065 43.6536935231588 3 0 0 
0 430 9 10 0.485817575083426 0.525806451612903 46.8551847741314 3 0 0 
1 440 10.6 10 0.461228287841191 0.351814516129032 48.2651236494368 3 -1 0 
0 440 9 11 0.549221357063404 0.514516129032258 45.5430561902024 3 1 0 
1 450 10.6 10 0.403401122019635 0.338709677419355 31.8124177800566 3 -1 0 
0 450 9 11 0.459783531409168 0.504838709677419 36.968734452128 3 1 0 
1 460 10.6 10 0.384925558312655 0.337903225806452 29.2838006451031 3 -1 0 
0 460 9 11 0.451015531660693 0.561290322580645 37.6512614716015 3 1 0 
1 470 10.6 10 0.38594470046083 0.420161290322581 22.0281094879461 3 -1 0 
0 470 9 11 0.54741935483871 0.566935483870968 35.4135697518465 3 1 0 
1 480 10.6 11 0.352620967741935 0.510483870967742 24.6845517505096 3 0 0 
0 480 9 11 0.496155288822206 0.575268817204301 31.4964691247799 3 0 0 
1 490 10.6 11 0.354838709677419 0.525 31.0151797761244 3 -1 0 
0 490 9 12 0.435696095076401 0.629032258064516 2.5 3 1 0 
1 500 10.6 12 0.388978494623656 0.478225806451613 40.5491459438568 3 0 0 
0 500 9 12 0.594662058371736 0.400201612903226 50.4183183385243 3 0 0 
1 510 10.6 12 0.391513056835638 0.403225806451613 47.7200783555147 3 0 0 
0 510 9 12 0.479720113851992 0.317741935483871 41.8406250241745 3 0 0 
1 520 10.6 12 0.439990512333966 0.345766129032258 37.9229457266142 3 0 0 
0 520 9 12 0.402126099706745 0.379032258064516 42.6010239200896 3 0 0 
1 530 10.6 12 0.427052785923754 0.369959677419355 32.4226934698451 3 0 0 
0 530 9 12 0.494915848527349 0.406451612903226 39.9887177858017 3 0 0 
1 540 10.6 12 0.403351814516129 0.404233870967742 30.1586674733286 3 0 0 
0 540 9 12 0.476152073732719 0.493548387096774 44.0951304740278 3 0 0 
1 550 10.6 12 0.447054698457223 0.416935483870968 35.5535457171963 3 -1 0 
0 550 9 13 0.466865357643759 0.530645161290323 43.0323973201644 3 1 0 
1 560 10.6 12 0.442462779156328 0.449193548387097 24.1548227297222 3 -1 0 
0 560 9 13 0.583394428152493 0.571774193548387 46.8904135879034 3 1 0 
1 570 10.6 13 0.411030176899063 0.426612903225806 21.4682915486577 3 0 0 
0 570 9 13 0.462669094693028 0.591935483870968 46.1012917804056 3 0 0 
1 580 10.6 13 0.514717741935484 0.375 43.6996236438048 3 0 0 
0 580 9 13 0.475358422939068 0.560483870967742 37.756917330495 3 0 0 
1 590 10.6 13 0.495967741935484 0.385483870967742 40.048348300036 3 -1 0 
0 590 9 14 0.515793010752688 0.413709677419355 34.9114016860205 3 1 0 
1 600 10.6 13 0.461117511520737 0.420967741935484 23.5518111890094 3 -1 0 
0 600 9 14 0.454953917050691 0.420161290322581 26.1936324145689 3 1 0 
1 610 10.6 13 0.408014112903226 0.500806451612903 23.2875647618762 3 -1 0 
0 610 9 14 0.497849462365591 0.442741935483871 28.7061913288501 3 1 0 
1 620 10.6 14 0.43658357771261 0.460685483870968 27.3188983197462 3 0 0 
0 620 9 14 0.481960950764007 0.463709677419355 22.0379207428444 3 0 0 
1 630 10.6 14 0.398277126099707 0.523185483870968 11.4904503957337 3 0 0 
0 630 9 14 0.457233626588465 0.456653225806452 5.39292891345761 3 0 0 
1 640 10.6 14 0.441532258064516 0.523185483870968 4.3680475779517 3 0 0 
0 640 9 14 0.401647966339411 0.42741935483871 7.55675500927703 3 0 0 
1 650 10.6 14 0.436559139784946 0.57258064516129 5.17010553179905 3 0 0 
0 650 9 14 0.445900537634409 0.337903225806452 24.7121301128413 3 0 0 
1 660 10.6 14 0.440033085194376 0.383064516129032 26.9674037653846 3 0 0 
0 660 9 14 0.428039702233251 0.266129032258065 25.7106861177146 3 0 0 
1 670 10.6 14 0.450035063113604 0.340322580645161 27.5198212317926 3 -1 0 
0 670 9 15 0.411115007012623 0.353225806451613 35.4584842191194 3 1 0 
1 680 10.6 14 0.479637096774194 0.37258064516129 27.0075439566155 3 -1 0 
0 680 9 15 0.441935483870968 0.382258064516129 28.4521941561736 3 1 0 
1 690 10.6 14 0.421622983870968 0.442540322580645 12.0028792281089 3 -1 0 
0 690 9 15 0.418964620187305 0.391935483870968 31.5042527685204 3 1 0 
1 700 10.6 14 0.419504181600956 0.484879032258065 14.2366558754445 3 -1 0 
0 700 9 15 0.390961021505376 0.429838709677419 31.4005246165105 3 1 0 
1 710 10.6 14 0.491202346041056 0.457661290322581 4.38985317753594 3 -2 0 
0 710 9 16 0.462131837307153 0.479838709677419 27.7095225166059 3 2 0 
1 720 10.6 14 0.407470288624788 0.465322580645161 31.4997653687281 3 -2 0 
0 720 9 16 0.44941348973607 0.457258064516129 29.0148419115774 3 2 0 
1 730 10.6 15 0.380131964809384 0.437903225806452 27.3626155136736 3 -1 0 
0 730 9 16 0.437231182795699 0.426612903225806 28.3423969622904 3 1 0 
1 740 10.6 15 0.418145161290323 0.458870967741936 20.0149840566109 3 -1 0 
0 740 9 16 0.497983870967742 0.45 30.8393503076934 3 1 0 
1 750 10.6 15 0.398073476702509 0.498991935483871 23.2475251694723 3 -1 0 
0 750 9 16 0.45994623655914 0.491935483870968 18.8153271021988 3 1 0 
1 760 10.6 15 0.464717741935484 0.526209677419355 25.0740972755141 3 -1 0 
0 760 9 16 0.375806451612903 0.432459677419355 31.5432465861214 3 1 0 
1 770 10.6 16 0.462533602150538 0.479838709677419 20.1953219195827 3 -1 0 
0 770 9 17 0.443548387096774 0.464516129032258 28.2960920647706 3 1 0 
1 780 10.6 16 0.47 0.482862903225806 19.7238600169289 3 -1 0 
0 780 9 17 0.483996975806452 0.514112903225806 19.9246460961655 3 1 0 
1 790 10.6 16 0.472072879330944 0.40241935483871 28.7860704209502 3 -1 0 
0 790 9 17 0.47758064516129 0.512096774193548 1 3 1 0 
1 800 10.6 16 0.483220603537981 0.457258064516129 27.6346711309139 3 -1 0 
0 800 9 17 0.51194743130227 0.429435483870968 3.64005494464026 3 1 0 
1 810 10.6 17 0.416098014888337 0.6 22.3028535074337 3 0 0 
0 810 9 17 0.469574780058651 0.290322580645161 10.295630140987 3 0 0 
1 820 10.6 17 0.481591865357644 0.578225806451613 27.9256957025124 3 0 0 
0 820 9 17 0.505593132154006 0.231854838709677 25.7390753524675 3 0 0 
1 830 10.6 17 0.521505376344086 0.530645161290323 24.1139827099598 3 0 0 
0 830 9 17 0.556003584229391 0.247311827956989 21.6055638668146 3 0 0 
1 840 10.6 17 0.474957555178268 0.503024193548387 7.20114312232259 3 0 0 
0 840 9 17 0.517084040747029 0.270161290322581 22.9078284888217 3 0 0 
1 850 10.6 17 0.561360448807854 0.469758064516129 13.9455804611794 3 0 0 
0 850 9 17 0.565092165898618 0.339516129032258 25.6317646280465 3 0 0 
1 860 10.6 17 0.56789802289282 0.479838709677419 16.4904623864269 3 0 0 
0 860 9 17 0.58560794044665 0.369354838709677 10.6791720244339 3 0 0 
1 870 10.6 17 0.480069124423963 0.589717741935484 2.71142909736254 3 0 0 
0 870 9 17 0.442487266553481 0.275201612903226 2.85190175301538 3 0 0 
1 880 10.6 17 0.480938416422287 0.639112903225806 4.73478333110495 3 0 0 
0 880 9 17 0.390508684863524 0.264516129032258 22.5589268031801 3 0 0 
1 890 10.6 17 0.512096774193548 0.488709677419355 35.7031748053688 3 -1 0 
0 890 9 18 0.357862903225806 0.295161290322581 22.0191158865237 3 1 0 
1 900 10.6 17 0.476075268817204 0.464516129032258 16.3662037772456 3 -1 0 
0 900 9 18 0.332373271889401 0.366935483870968 22.5637727344321 3 1 0 
1 910 10.6 17 0.440113500597372 0.519354838709677 13.187912290315 3 -1 0 
0 910 9 18 0.426570458404075 0.388709677419355 19.9977815963894 3 1 0 
1 920 10.6 18 0.482685009487666 0.536290322580645 6.33866500065526 3 0 0 
0 920 9 18 0.411991584852735 0.42741935483871 11.0015509491359 3 0 0 
1 930 10.6 18 0.449535679374389 0.592741935483871 5.64849826898897 3 0 0 
0 930 9 18 0.383333333333333 0.375 17.6270416668345 3 0 0 
1 940 10.6 18 0.473070276497696 0.669354838709677 6.20697354911505 3 0 0 
0 940 9 18 0.36989247311828 0.292338709677419 11.9113433268379 3 0 0 
1 950 10.6 18 0.557795698924731 0.64758064516129 6.68299587110126 3 0 0 
0 950 9 18 0.394009216589862 0.334677419354839 4.99607861650829 3 0 0 
1 960 10.6 18 0.494394177812746 0.525 9.19762422502751 3 0 0 
0 960 9 18 0.348286290322581 0.42741935483871 7.39205756889043 3 0 0 
1 970 10.6 18 0.489609181141439 0.491129032258064 4.19985026070665 3 0 0 
0 970 9 18 0.378557874762808 0.487903225806452 0.888888888888891 3 0 0 
1 980 10.6 19 0.584832506203474 0.476612903225806 2.65739505554949 3 1 0 
0 980 9 18 0.407795698924731 0.314516129032258 35.4440796910491 3 -1 0 
1 990 10.6 19 0.487386269644334 0.508870967741936 4.31288412029823 3 1 0 
0 990 9 18 0.373991935483871 0.262096774193548 0 3 -1 0 
1 1000 10.6 19 0.482258064516129 0.508064516129032 15.0192835125866 3 1 0 
0 1000 9 18 0.404325513196481 0.346774193548387 22.2036033111745 3 -1 0 
1 1010 10.6 19 0.536840175953079 0.479838709677419 23.4015824075887 3 0 0 
0 1010 9 19 0.392356241234222 0.381048387096774 39.7555027637684 3 0 0 
1 1020 10.6 19 0.453445747800587 0.603225806451613 26.3927771817428 3 0 0 
0 1020 9 19 0.380152329749104 0.395161290322581 0 3 0 0 
1 1030 10.6 20 0.45497311827957 0.593548387096774 23.6663333029085 3 1 0 
0 1030 9 19 0.379896313364055 0.286290322580645 0 3 -1 0 
1 1040 10.6 20 0.511424731182796 0.541935483870968 21.7307955173455 3 1 0 
0 1040 9 19 0.389578163771712 0.167338709677419 14.9101587487301 3 -1 0 
1 1050 10.6 20 0.509989002932551 0.462096774193548 24.6694416094638 3 1 0 
0 1050 9 19 0.336812144212524 0.253024193548387 8.45273748146695 3 -1 0 
1 1060 10.6 20 0.489193548387097 0.436290322580645 26.517888900235 3 1 0 
0 1060 9 19 0.388794567062818 0.33366935483871 2.06909963033658 3 -1 0 
1 1070 10.6 20 0.582373271889401 0.445161290322581 15.8807372793596 3 1 0 
0 1070 9 19 0.382697947214076 0.376008064516129 18.6110726916218 3 -1 0 
1 1080 10.6 20 0.439238042269188 0.562096774193548 7.40852428908551 3 0 0 
0 1080 9 20 0.375848896434635 0.331653225806452 43.394551295707 3 0 0 
1 1090 10.6 20 0.42650293255132 0.658870967741936 3.59964158071252 3 0 0 
0 1090 9 20 0.39289314516129 0.318548387096774 33.3193309201736 3 0 0 
1 1100 10.6 20 0.557146829810901 0.614516129032258 8.8008755635301 3 0 0 
0 1100 9 20 0.457816377171216 0.336693548387097 16.3804427324549 3 0 0 
1 1110 10.6 20 0.479578563995838 0.603225806451613 12.5336867287931 3 0 0 
0 1110 9 20 0.371898263027295 0.21505376344086 22.2500245584919 3 0 0 
1 1120 10.6 20 0.499224565756824 0.616129032258065 3.93250664646916 3 0 0 
0 1120 9 20 0.41044142614601 0.241935483870968 22.6293641105016 3 0 0 
1 1130 10.6 20 0.544578853046595 0.530645161290323 12.7446396156078 3 0 0 
0 1130 9 20 0.433312655086849 0.299731182795699 13.8541048071511 3 0 0 
1 1140 10.6 21 0.449509116409537 0.519354838709677 25.9394356019249 3 1 1 
0 1140 9 20 0.401353686635945 0.401881720430108 31.9010312611643 2 -1 -1 
1 1150 10.6 21 0.384216589861751 0.5 30.8435573945077 3 1 1 
0 1150 9 20 0.424032258064516 0.419354838709677 38.8219979261922 2 -1 -1 
1 1160 10.6 21 0.519959677419355 0.525 30.8737778634681 3 1 1 
0 1160 9 20 0.459677419354839 0.310483870967742 32.6690075209299 2 -1 -1 
1 1170 10.6 21 0.465524193548387 0.566532258064516 27.2212087877669 3 1 1 
0 1170 9 20 0.423237753882915 0.338709677419355 7.25486764240367 2 -1 -1 
1 1180 10.6 21 0.45131421744325 0.539314516129032 25.3371331679846 3 1 1 
0 1180 9 20 0.395894428152493 0.277217741935484 28.5334957142515 2 -1 -1 
1 1190 10.6 21 0.445660522273425 0.493279569892473 5.4024044662188 3 0 1 
0 1190 9 21 0.443836405529954 0.395161290322581 32.886618594699 2 0 -1 
1 1200 10.6 21 0.458482676224612 0.462365591397849 4.56617991111394 3 0 1 
0 1200 9 21 0.456238140417457 0.469758064516129 19.967409586157 2 0 -1 
1 1210 10.6 21 0.431141439205955 0.489247311827957 4.40145617795545 3 0 1 
0 1210 9 21 0.436923963133641 0.487903225806452 3.64443204455296 2 0 -1 
1 1220 10.6 21 0.46917273673257 0.412634408602151 6.87100854586173 2 0 0 
0 1220 9 21 0.541549789621318 0.453225806451613 42.7407816128743 2 0 0 
1 1230 10.6 21 0.480720766129032 0.314516129032258 20.3740570415956 2 0 0 
0 1230 9 21 0.5146729390681 0.441129032258065 36.1371541486176 2 0 0 
1 1240 10.6 22 0.56679523141655 0.248991935483871 29.4215426541665 2 1 0 
0 1240 9 21 0.489838709677419 0.436290322580645 33.1757526310153 2 -1 0 
1 1250 10.6 22 0.539575866188769 0.34375 31.4719308086728 2 1 0 
0 1250 9 21 0.583760997067449 0.465322580645161 15.4924375204071 2 -1 0 
1 1260 10.6 22 0.4857910906298 0.328225806451613 27.828129959143 2 1 0 
0 1260 9 21 0.502134724857685 0.534677419354839 10.3068258039211 2 -1 0 
1 1270 10.6 22 0.488767281105991 0.412298387096774 19.2449739332309 2 1 0 
0 1270 9 21 0.544721407624633 0.509677419354839 10.3235469244265 2 -1 0 
1 1280 10.6 22 0.511385199240987 0.469758064516129 4.48124735913035 2 1 0 
0 1280 9 21 0.649010263929619 0.46236559139785 9.06817979448148 2 -1 0 
1 1290 10.6 22 0.446385902031063 0.52116935483871 6.45401743590625 2 1 0 
0 1290 9 21 0.515916808149406 0.46505376344086 2.66177696757523 2 -1 0 
1 1300 10.6 22 0.475496277915633 0.581653225806452 11.2908477307317 2 1 0 
0 1300 9 21 0.446572580645161 0.340725806451613 2.54950975679639 2 -1 0 
1 1310 10.6 22 0.556720430107527 0.537298387096774 6.930652849445 2 1 0 
0 1310 9 21 0.55421146953405 0.189516129032258 18.4458667456967 2 -1 0 
1 1320 10.6 22 0.380978865406007 0.505040322580645 3.17447607437571 2 1 0 
0 1320 9 21 0.433467741935484 0.165322580645161 5.65685424949238 2 -1 0 
1 1330 10.6 22 0.334425403225806 0.503024193548387 3.78055259347449 2 1 0 
0 1330 9 21 0.397625448028674 0.207661290322581 16.1012421881046 2 -1 0 
1 1340 10.6 22 0.323028673835125 0.464516129032258 43.6201932598385 2 1 0 
0 1340 9 21 0.483602150537634 0.219086021505376 21.3590266688693 2 -1 0 
1 1350 10.6 22 0.390841013824885 0.482258064516129 36.5403057051867 2 1 0 
0 1350 9 21 0.413371488033299 0.210685483870968 32.9510123966303 2 -1 0 
1 1360 10.6 22 0.451996927803379 0.593548387096774 29.7568279503924 2 1 1 
0 1360 9 21 0.581854838709677 0.208064516129032 22.784118179161 1 -1 -1 
1 1370 10.6 22 0.476507713884993 0.609677419354839 18.4700484081192 2 1 2 
0 1370 9 21 0.540322580645161 0.240322580645161 21.5015169356069 0 -1 -2 
1 1380 10.6 23 0.473070276497696 0.583064516129032 22.2296101674411 2 1 2 
0 1380 9 22 0.459677419354839 0.230645161290323 16.046407609965 0 -1 -2 
1 1390 10.6 23 0.495784457478006 0.551411290322581 34.9339018192205 2 1 2 
0 1390 9 22 NaN 0.224193548387097 4.71680847145709 0 -1 -2 
