1 30 7.6 1 NaN 0.1591796875 8.10744901322584 3 0 0 
0 30 7 1 NaN 0.32421875 20.0122068891772 3 0 0 
1 40 7.6 1 NaN 0.1826171875 2.29059542196988 3 0 0 
0 40 7 1 NaN 0.33515625 21.1558007355328 3 0 0 
1 50 7.6 1 0.36328125 0.2412109375 18.8515680827657 3 0 0 
0 50 7 1 0.39453125 0.38046875 33.0448867075764 3 0 0 
1 60 7.6 1 0.368009868421053 0.3115234375 31.9227159372785 3 0 0 
0 60 7 1 0.401884191176471 0.4828125 39.9996595249222 3 0 0 
1 70 7.6 1 0.376644736842105 0.4203125 39.8828717138401 3 0 0 
0 70 7 1 0.41328125 0.515625 44.1234254738359 3 0 0 
1 80 7.6 1 0.44921875 0.44921875 38.8922981797941 3 0 0 
0 80 7 1 0.487748579545455 0.5140625 40.1632211970081 3 0 0 
1 90 7.6 1 0.395833333333333 0.475 44.1551164293631 3 0 0 
0 90 7 1 0.448061342592593 0.5 42.5268022937558 3 0 0 
1 100 7.6 1 0.3755859375 0.45390625 44.797146670025 3 -1 0 
0 100 7 2 0.424665178571429 0.51171875 50.8457263029358 3 1 0 
1 110 7.6 2 0.444196428571429 0.44765625 46.8459555445988 3 0 0 
0 110 7 2 0.476740056818182 0.50859375 44.3210762385295 3 0 0 
1 120 7.6 2 0.4166259765625 0.401041666666667 56.5605937792037 3 0 0 
0 120 7 2 0.43798828125 0.5078125 40.4123991495117 3 0 0 
1 130 7.6 2 0.384928385416667 0.420572916666667 49.1659121157727 3 0 0 
0 130 7 2 0.429481907894737 0.496875 43.8731952478599 3 0 0 
1 140 7.6 3 0.43603515625 0.444661458333333 39.4763024991032 3 0 0 
0 140 7 3 0.472123579545455 0.52734375 25.8261892762006 3 0 0 
1 150 7.6 3 0.427734375 0.4609375 47.8774146516842 3 0 0 
0 150 7 3 0.447358630952381 0.4873046875 47.0749196023557 3 0 0 
1 160 7.6 4 0.418712797619048 0.4765625 41.7751657233161 3 1 0 
0 160 7 3 0.429904513888889 0.44609375 53.1947538741563 3 -1 0 
1 170 7.6 4 0.429524739583333 0.465625 43.1561270733507 3 0 0 
0 170 7 4 0.467548076923077 0.4703125 42.1247238551921 3 0 0 
1 180 7.6 4 0.41734375 0.4677734375 46.6005936307956 3 0 0 
0 180 7 4 0.4375 0.503125 40.0912193035425 3 0 0 
1 190 7.6 5 0.41 0.44140625 45.064592199027 3 1 0 
0 190 7 4 0.401041666666667 0.5166015625 30.7100845274428 3 -1 0 
1 200 7.6 5 0.459375 0.375 57.2527970613877 3 0 0 
0 200 7 5 0.457201086956522 0.48828125 40.6634580457184 3 0 0 
1 210 7.6 5 0.402166193181818 0.417317708333333 55.767504051046 3 0 0 
0 210 7 5 0.451533564814815 0.503125 37.6737766287778 3 0 0 
1 220 7.6 5 0.374255952380952 0.43515625 38.8432982080555 3 0 0 
0 220 7 5 0.44984375 0.43046875 46.3254895365929 3 0 0 
1 230 7.6 6 0.4302734375 0.48203125 34.7387457409766 3 1 0 
0 230 7 5 0.48375 0.4697265625 42.4096192064261 3 -1 0 
1 240 7.6 6 0.397203947368421 0.45234375 31.7962149211675 3 0 0 
0 240 7 6 0.462053571428571 0.4970703125 32.5093081356128 3 0 0 
1 250 7.6 6 0.391474184782609 0.47109375 23.4665150516539 3 0 0 
0 250 7 6 0.4459375 0.48515625 23.9089639343346 3 0 0 
1 260 7.6 6 0.430739182692308 0.4515625 10.6340142852795 3 0 0 
0 260 7 6 0.462332589285714 0.4384765625 17.0318738465994 3 0 0 
1 270 7.6 6 0.423990885416667 0.48125 38.7365176470519 3 0 0 
0 270 7 6 0.456287202380952 0.52265625 6.43017401997745 3 0 0 
1 280 7.6 7 0.419471153846154 0.49609375 24.5203996704785 3 1 0 
0 280 7 6 0.439375 0.5 7.60827075842074 3 -1 0 
1 290 7.6 7 0.440234375 0.296875 50.6359556046887 3 0 0 
0 290 7 7 0.43984375 0.528125 5.71560816918264 3 0 0 
1 300 7.6 7 0.463411458333333 0.3330078125 57.9712290278193 3 0 0 
0 300 7 7 0.445822010869565 0.51640625 13.6665918262703 3 0 0 
1 310 7.6 7 0.425202546296296 0.323567708333333 47.4822310737433 3 0 0 
0 310 7 7 0.411644345238095 0.50703125 21.0825088449014 3 0 0 
1 320 7.6 8 0.444986979166667 0.390625 45.2381342879831 3 1 0 
0 320 7 7 0.446428571428571 0.484375 33.0590366435124 3 -1 0 
1 330 7.6 8 0.436848958333333 0.4140625 22.5881256425721 3 1 0 
0 330 7 7 0.454653532608696 0.486328125 44.9576097041345 3 -1 0 
1 340 7.6 8 0.407696759259259 0.478125 22.0086777668823 3 0 0 
0 340 7 8 0.431555706521739 0.49140625 53.5662057942903 3 0 0 
1 350 7.6 8 0.440972222222222 0.4765625 27.1400009421884 3 0 0 
0 350 7 8 0.465625 0.50546875 47.0961439710905 3 0 0 
1 360 7.6 8 0.424262152777778 0.436848958333333 29.93522098267 3 0 0 
0 360 7 8 0.4765625 0.517578125 43.992175003809 3 0 0 
1 370 7.6 9 0.378162202380952 0.4546875 38.5297706872161 3 1 0 
0 370 7 8 0.422940340909091 0.51640625 36.6958678965946 3 -1 0 
1 380 7.6 9 0.423735119047619 0.4755859375 37.5964180021192 3 0 0 
0 380 7 9 0.421705163043478 0.49609375 23.6151472305483 3 0 0 
1 390 7.6 9 0.408998842592593 0.495442708333333 19.7271188587434 3 0 0 
0 390 7 9 0.474971064814815 0.4794921875 13.7574460218838 3 0 0 
1 400 7.6 9 0.391225961538462 0.481026785714286 33.4702388911663 3 0 0 
0 400 7 9 0.44429347826087 0.4482421875 10.9466081878994 3 0 0 
1 410 7.6 9 0.42890625 0.495442708333333 35.2201830894856 3 0 0 
0 410 7 9 0.46875 0.2978515625 21.4727913439412 3 0 0 
1 420 7.6 9 0.419497282608696 0.49921875 20.1998360111902 3 0 0 
0 420 7 9 0.4453125 0.4150390625 33.1638496399874 3 0 0 
1 430 7.6 10 0.412046370967742 0.403645833333333 33.9064698009183 3 1 0 
0 430 7 9 0.407986111111111 0.33828125 46.808481717104 3 -1 0 
1 440 7.6 10 0.447871767241379 0.449869791666667 29.3060241696112 3 0 0 
0 440 7 10 0.454190340909091 0.41328125 44.2453528478189 3 0 0 
1 450 7.6 10 0.39453125 0.41640625 34.0217031183974 3 0 0 
0 450 7 10 0.416360294117647 0.4921875 30.1115596179936 3 0 0 
1 460 7.6 10 0.400745738636364 0.479352678571429 39.3569471487596 3 0 0 
0 460 7 10 0.440625 0.4890625 37.2889268372107 3 0 0 
1 470 7.6 10 0.4325 0.4578125 32.863795717942 3 -1 0 
0 470 7 11 0.466488486842105 0.4859375 44.0945910428334 3 1 0 
1 480 7.6 11 0.448079427083333 0.48046875 26.98590059406 3 0 0 
0 480 7 11 0.456280048076923 0.48515625 38.3955229356456 3 0 0 
1 490 7.6 11 0.398267663043478 0.403125 44.6548625076887 3 0 0 
0 490 7 11 0.447544642857143 0.5087890625 23.0544556231692 3 0 0 
1 500 7.6 11 0.415736607142857 0.38125 42.5080905657801 3 0 0 
0 500 7 11 0.477796052631579 0.5166015625 26.9274052566983 3 0 0 
1 510 7.6 11 0.411959134615385 0.42265625 35.3773082392025 3 -1 0 
0 510 7 12 0.460582386363636 0.46484375 37.34736702031 3 1 0 
1 520 7.6 12 0.376488095238095 0.44375 29.9416217965449 3 0 0 
0 520 7 12 0.401041666666667 0.515625 22.0883084084667 3 0 0 
1 530 7.6 12 0.4146484375 0.4423828125 30.2229835089465 3 0 0 
0 530 7 12 0.461470170454545 0.595052083333333 6.34584905432101 3 0 0 
1 540 7.6 12 0.430739182692308 0.396875 8.55201582856579 3 0 0 
0 540 7 12 0.4453125 0.41015625 0 3 0 0 
1 550 7.6 12 0.401646205357143 0.422526041666667 20.701795665708 3 0 0 
0 550 7 12 0.4248046875 0.330078125 55.1951084789223 3 0 0 
1 560 7.6 12 0.418724798387097 0.390625 29.5831951523775 3 0 0 
0 560 7 12 0.455873842592593 0.44140625 43.8292140016223 3 0 0 
1 570 7.6 13 0.3931640625 0.410807291666667 35.2776020143136 3 1 0 
0 570 7 12 0.454777644230769 0.2953125 52.3986362589622 3 -1 0 
1 580 7.6 13 0.38671875 0.397786458333333 33.873138889824 3 1 0 
0 580 7 12 0.46421875 0.44453125 45.5410774409463 3 -1 0 
1 590 7.6 13 0.416903409090909 0.402994791666667 33.6337784734168 3 1 0 
0 590 7 12 0.489720394736842 0.48515625 42.0122125898529 3 -1 0 
1 600 7.6 13 0.395751953125 0.404575892857143 30.854133526942 3 0 0 
0 600 7 13 0.496995192307692 0.5171875 39.028457963451 3 0 0 
1 610 7.6 13 0.413856907894737 0.4140625 24.1539095554755 3 0 0 
0 610 7 13 0.417080965909091 0.496875 24.659514496346 3 0 0 
1 620 7.6 14 0.43359375 0.43984375 19.2370328285537 3 1 0 
0 620 7 13 0.4361328125 0.46953125 7.95432350532595 3 -1 0 
1 630 7.6 14 0.413690476190476 0.354166666666667 43.8911818956851 3 0 0 
0 630 7 14 0.466711956521739 0.50546875 7.92810028514565 3 0 0 
1 640 7.6 14 0.41078125 0.490234375 10.9772492000501 3 0 0 
0 640 7 14 0.434407552083333 0.4859375 13.5949386593998 3 0 0 
1 650 7.6 14 0.4794921875 0.5185546875 2.70116732999647 3 0 0 
0 650 7 14 0.449869791666667 0.39609375 32.4728708440625 3 0 0 
1 660 7.6 14 0.457563920454545 0.379557291666667 44.1346455302329 3 0 0 
0 660 7 14 0.475446428571429 0.42109375 29.6414221437031 3 0 0 
1 670 7.6 14 0.412703804347826 0.38671875 33.7691803955012 3 0 0 
0 670 7 14 0.43453125 0.4443359375 25.6057978920436 3 0 0 
1 680 7.6 15 0.441034226190476 0.411830357142857 20.9205163255474 3 0 0 
0 680 7 15 0.456287202380952 0.4619140625 27.4196712425057 3 0 0 
1 690 7.6 15 0.419053819444444 0.41171875 24.728648367991 3 0 0 
0 690 7 15 0.45375 0.5 26.9699258999192 3 0 0 
1 700 7.6 15 0.385529891304348 0.432477678571429 39.4964969120664 3 0 0 
0 700 7 15 0.409412202380952 0.5068359375 24.5470789788365 3 0 0 
1 710 7.6 15 0.404715401785714 0.462053571428571 45.291586116232 3 0 0 
0 710 7 15 0.453869047619048 0.377604166666667 43.8183502448299 3 0 0 
1 720 7.6 16 0.445186491935484 0.504464285714286 34.6617568866876 3 1 0 
0 720 7 15 0.40087890625 0.438802083333333 20.053127382877 3 -1 0 
1 730 7.6 16 0.476447610294118 0.5390625 32.5807275116125 3 1 0 
0 730 7 15 0.405348557692308 0.44921875 11.724849248964 3 -1 0 
1 740 7.6 16 0.4923095703125 0.5625 26.6433697649547 3 1 0 
0 740 7 15 0.399739583333333 0.4140625 16.3056235005038 3 -1 0 
1 750 7.6 16 0.494829963235294 0.564453125 22.811192977222 3 0 0 
0 750 7 16 0.390625 0.446614583333333 19.7317604576036 3 0 0 
1 760 7.6 16 0.531345274390244 0.552083333333333 13.4872150417836 3 0 0 
0 760 7 16 0.390625 0.325 32.6212790836258 3 0 0 
1 770 7.6 16 0.561662946428571 0.483816964285714 34.9680602324382 3 0 0 
0 770 7 16 0.39794921875 0.346875 27.9538147534697 3 0 0 
1 780 7.6 17 0.518526785714286 0.497767857142857 28.4103479955234 3 1 0 
0 780 7 16 0.39453125 0.39296875 33.6625156236857 3 -1 0 
1 790 7.6 17 0.431315104166667 0.4931640625 26.2444196350857 3 0 0 
0 790 7 17 0.415865384615385 0.39453125 35.5622349309215 3 0 0 
1 800 7.6 17 0.519856770833333 0.416015625 45.0760950132706 3 0 0 
0 800 7 17 0.415283203125 0.396484375 30.5163890393343 3 0 0 
1 810 7.6 18 0.44189453125 0.544270833333333 34.7561668623535 3 1 0 
0 810 7 17 0.395970394736842 0.41796875 0 3 -1 0 
1 820 7.6 18 0.466859879032258 0.615234375 38.5078135873949 3 1 0 
0 820 7 17 0.382582720588235 0.41015625 0 3 -1 0 
1 830 7.6 18 0.545654296875 0.6318359375 41.5001072495351 3 1 1 
0 830 7 17 0.425551470588235 0.322265625 60.4586635644553 2 -1 -1 
1 840 7.6 18 0.539930555555556 0.55546875 61.5015405073837 3 1 1 
0 840 7 17 0.484197443181818 0.37109375 56.8506816142076 2 -1 -1 
1 850 7.6 19 0.374813988095238 0.559375 56.0798521579324 3 2 1 
0 850 7 17 0.434244791666667 0.313802083333333 56.3952034615652 2 -2 -1 
1 860 7.6 19 0.40703125 0.5984375 52.6787537638504 3 2 1 
0 860 7 17 0.452008928571429 0.169921875 3.87402973136393 2 -2 -1 
1 870 7.6 19 0.474446614583333 0.555338541666667 37.4172529521042 3 2 1 
0 870 7 17 0.356987847222222 0.28984375 30.5389028904531 2 -2 -1 
1 880 7.6 19 0.469970703125 0.551432291666667 30.5209574216565 3 1 1 
0 880 7 18 0.367838541666667 0.41015625 24.2706403712908 2 -1 -1 
1 890 7.6 19 0.487369791666667 0.509765625 25.9416601053425 3 1 1 
0 890 7 18 0.357142857142857 0.470703125 9.11440420171179 2 -1 -1 
1 900 7.6 19 0.503255208333333 0.359933035714286 56.956933668407 3 1 1 
0 900 7 18 0.327524038461538 0.42578125 23.9153615958566 2 -1 -1 
1 910 7.6 20 0.477313701923077 0.60546875 17.002931357663 3 2 1 
0 910 7 18 0.356670673076923 0.376302083333333 27.2654331529831 2 -2 -1 
1 920 7.6 20 0.537834821428571 0.626953125 18.2389230963379 3 2 1 
0 920 7 18 0.343979779411765 0.32421875 29.6694564998206 2 -2 -1 
1 930 7.6 20 0.550570101351351 0.63671875 8.60479392376759 3 2 1 
0 930 7 18 0.3509765625 0.313802083333333 10.938135915937 2 -2 -1 
1 940 7.6 20 0.533380681818182 0.617838541666667 13.5304261969109 3 2 1 
0 940 7 18 0.40390625 0.322916666666667 8.18782801947326 2 -2 -1 
1 950 7.6 20 0.565321180555556 0.53515625 16.3723739681166 3 1 1 
0 950 7 19 0.440234375 0.256510416666667 19.1325057528213 2 -1 -1 
1 960 7.6 20 0.511924342105263 0.44140625 14.1547569566988 3 1 1 
0 960 7 19 0.3541015625 0.283203125 17.9509440697927 2 -1 -1 
1 970 7.6 20 0.435546875 0.4515625 17.1957500587832 3 1 1 
0 970 7 19 0.424547697368421 0.2625 21.1064952964034 2 -1 -1 
1 980 7.6 20 0.500130208333333 0.339192708333333 39.2502461144685 3 1 1 
0 980 7 19 0.433423913043478 0.43046875 14.4814854066079 2 -1 -1 
1 990 7.6 20 0.43046875 0.422991071428571 46.1217099377883 3 1 1 
0 990 7 19 0.418478260869565 0.51328125 16.6084460591019 2 -1 -1 
1 1000 7.6 20 0.374739583333333 0.505580357142857 55.9072003370777 3 1 1 
0 1000 7 19 0.456659226190476 0.50703125 31.3905025360394 2 -1 -1 
1 1010 7.6 21 0.361979166666667 0.523995535714286 52.3013841139423 3 2 1 
0 1010 7 19 0.451349431818182 0.44609375 40.281238342423 2 -2 -1 
1 1020 7.6 21 0.366629464285714 0.528459821428571 53.6893150384729 3 1 1 
0 1020 7 20 0.404459635416667 0.4453125 43.8413180433305 2 -1 -1 
1 1030 7.6 21 0.373046875 0.590959821428571 46.2743104972345 3 1 1 
0 1030 7 20 0.476792279411765 0.4228515625 36.9619257744969 2 -1 -1 
1 1040 7.6 21 0.376116071428571 0.634765625 39.3644489932779 3 1 1 
0 1040 7 20 0.510323660714286 0.2578125 1.80277563773199 2 -1 -1 
1 1050 7.6 21 0.377604166666667 0.592447916666667 35.4945378866556 3 1 1 
0 1050 7 20 0.398231907894737 0.302083333333333 36.3126532788821 2 -1 -1 
1 1060 7.6 21 0.419084821428571 0.580729166666667 39.9525058394817 3 1 1 
0 1060 7 20 0.388888888888889 0.352864583333333 43.259657076012 2 -1 -1 
1 1070 7.6 21 0.4225 0.574869791666667 34.6255014154706 3 1 1 
0 1070 7 20 0.416118421052632 0.3828125 44.826666619824 2 -1 -1 
1 1080 7.6 22 0.487651209677419 0.546875 36.8932728680415 3 2 1 
0 1080 7 20 0.392400568181818 0.365885416666667 46.9572280124279 2 -2 -1 
1 1090 7.6 22 0.4993896484375 0.60546875 29.0454788232754 3 2 1 
0 1090 7 20 0.399857954545455 0.415364583333333 42.4206518108908 2 -2 -1 
1 1100 7.6 22 0.53720703125 0.524088541666667 53.124597097842 3 2 1 
0 1100 7 20 0.380681818181818 0.33984375 39.6374393157391 2 -2 -1 
1 1110 7.6 22 0.5490234375 0.55078125 34.886550458842 3 2 1 
0 1110 7 20 0.300520833333333 0.353125 26.5283397533916 2 -2 -1 
1 1120 7.6 22 0.524639423076923 0.534505208333333 35.9795944507801 3 2 1 
0 1120 7 20 0.383167613636364 0.41015625 9.09190056255982 2 -2 -1 
1 1130 7.6 22 0.573414522058823 0.6125 34.1996331920918 3 2 1 
0 1130 7 20 0.371448863636364 0.453125 3.60555127546399 2 -2 -1 
1 1140 7.6 22 0.5478515625 0.60546875 33.1443220708734 3 2 1 
0 1140 7 20 0.326891447368421 NaN NaN 2 -2 -1 
1 1150 7.6 22 0.518019153225806 0.61328125 35.706086422837 3 2 1 
0 1150 7 20 0.388494318181818 NaN NaN 2 -2 -1 
1 1160 7.6 22 0.566145833333333 0.6796875 37.5366487582469 3 2 1 
0 1160 7 20 0.400716145833333 NaN NaN 2 -2 -1 
1 1170 7.6 22 0.598129734848485 0.654296875 36.4725924496738 3 2 1 
0 1170 7 20 0.387178308823529 NaN NaN 2 -2 -1 
1 1180 7.6 22 0.462890625 0.638671875 44.2549432267176 3 1 1 
0 1180 7 21 0.415865384615385 NaN NaN 2 -1 -1 
1 1190 7.6 22 0.525841346153846 0.65234375 25 3 1 1 
0 1190 7 21 0.446751644736842 0.1484375 0 2 -1 -1 
1 1200 7.6 22 0.54078125 0.337890625 61.0266335299597 3 1 1 
0 1200 7 21 0.388020833333333 0.1826171875 8.88744331136442 2 -1 -1 
1 1210 7.6 23 0.453755040322581 0.455729166666667 19.3786863331849 3 2 1 
0 1210 7 21 0.388221153846154 0.26953125 17.808663913713 2 -2 -1 
1 1220 7.6 23 0.48583984375 0.49609375 5.51888165995579 3 2 1 
0 1220 7 21 0.327059659090909 0.3984375 10.148257589125 2 -2 -1 
1 1230 7.6 23 0.510454963235294 0.456380208333333 55.9699950779063 3 2 1 
0 1230 7 21 0.318080357142857 0.42578125 4.48416360521641 2 -2 -1 
1 1240 7.6 23 0.48046875 0.468098958333333 43.1489907704401 3 2 1 
0 1240 7 21 0.314127604166667 0.42890625 2.54466254458058 2 -2 -1 
1 1250 7.6 23 0.54716796875 0.442522321428571 45.4897876072265 3 2 1 
0 1250 7 21 0.314127604166667 0.40546875 9.48853789976092 2 -2 -1 
1 1260 7.6 23 0.529427083333333 0.380859375 45.3929092572174 3 2 1 
0 1260 7 21 0.316611842105263 0.35625 15.8557265180716 2 -2 -1 
1 1270 7.6 23 0.467158564814815 0.4111328125 41.9420312976214 3 2 1 
0 1270 7 21 0.334735576923077 0.4375 24.8543889833524 2 -2 -1 
1 1280 7.6 23 0.511346726190476 0.4140625 33.626482450406 3 2 1 
0 1280 7 21 0.351345486111111 0.4765625 32.0446370768081 2 -2 -1 
1 1290 7.6 23 0.48273689516129 0.46875 15.2988013346739 3 2 1 
0 1290 7 21 0.3859375 0.4296875 0 2 -2 -1 
1 1300 7.6 23 0.507291666666667 0.4716796875 13.469868864716 3 2 1 
0 1300 7 21 NaN 0.296875 34.6301891418456 2 -2 -1 
1 1310 7.6 23 0.584142736486487 0.42578125 9.58784063250562 3 2 1 
0 1310 7 21 NaN 0.296875 17.2699160391705 2 -2 -1 
1 1320 7.6 23 0.548214285714286 0.404296875 6.96081638990383 3 2 1 
0 1320 7 21 NaN 0.279296875 0.5 2 -2 -1 
1 1330 7.6 23 0.560807291666667 0.380859375 19.3962436362751 3 2 1 
0 1330 7 21 NaN 0.26953125 7.0178344238091 2 -2 -1 
1 1340 7.6 23 0.606962316176471 0.37890625 26.6495983780466 3 1 1 
0 1340 7 22 NaN 0.24609375 22.6085816809499 2 -1 -1 
1 1350 7.6 23 0.551254734848485 0.4796875 46.8267996649955 3 1 1 
0 1350 7 22 0.295572916666667 0.21484375 20.8080612881271 2 -1 -1 
1 1360 7.6 23 0.501266891891892 0.51953125 41.2640154917771 3 1 1 
0 1360 7 22 NaN 0.25703125 15.752792566216 2 -1 -1 
1 1370 7.6 23 0.577316810344828 0.60546875 19.3304669274734 3 1 2 
0 1370 7 22 0.3359375 0.27421875 22.0190017298235 1 -1 -2 
1 1380 7.6 24 0.5869140625 0.63203125 25.2356318780019 3 2 2 
0 1380 7 22 0.277698863636364 0.267578125 20.5379310389309 1 -2 -2 
1 1390 7.6 24 0.650568181818182 0.658482142857143 22.6954416993918 3 2 3 
0 1390 7 22 0.25390625 0.26953125 24.2336662025374 0 -2 -3 
1 1400 7.6 24 0.697265625 0.708147321428571 19.3060166940148 3 2 3 
0 1400 7 22 0.236328125 0.2294921875 10.5573508909118 0 -2 -3 
1 1410 7.6 24 0.719791666666667 0.73046875 12.8516825697845 3 2 3 
0 1410 7 22 0.2294921875 0.1796875 9.80384597427399 0 -2 -3 
1 1420 7.6 24 0.775390625 0.75078125 7.41206747483448 3 2 3 
0 1420 7 22 NaN 0.20703125 4.40269551422556 0 -2 -3 
1 1430 7.6 24 0.775111607142857 0.7734375 3.18712627977696 3 2 3 
0 1430 7 22 NaN 0.208984375 6.04152298679729 0 -2 -3 
