1 30 8 1 NaN 0.2890625 13.3104423130366 3 0 2 
0 30 6.4 1 NaN 0.21953125 16.3587883882303 1 0 -2 
1 40 8 1 0.39453125 0.3 15.2967883891312 3 0 2 
0 40 6.4 1 NaN 0.23515625 21.2087750406501 1 0 -2 
1 50 8 1 0.388849431818182 0.36171875 30.2562432247711 3 0 2 
0 50 6.4 1 NaN 0.30078125 20.8097899287108 1 0 -2 
1 60 8 1 0.4501953125 0.440625 39.8578526286545 3 0 2 
0 60 6.4 1 0.47265625 0.434375 33.270750553299 1 0 -2 
1 70 8 1 0.472819010416667 0.4796875 42.2494951070518 3 0 2 
0 70 6.4 1 0.473345588235294 0.4625 33.8198930854331 1 0 -2 
1 80 8 1 0.467261904761905 0.5078125 39.8224776332381 3 0 2 
0 80 6.4 1 0.464409722222222 0.4546875 32.8241267080179 1 0 -2 
1 90 8 1 0.504136029411765 0.47578125 43.8435311426482 3 0 2 
0 90 6.4 1 0.4375 0.484375 17.6506435280824 1 0 -2 
1 100 8 2 0.518012152777778 0.51796875 41.0883245214757 3 1 2 
0 100 6.4 1 0.434375 0.43828125 34.6469488055147 1 -1 -2 
1 110 8 2 0.49140625 0.5171875 41.7068721936064 3 0 2 
0 110 6.4 2 0.4828125 0.425 27.5455264887214 1 0 -2 
1 120 8 2 0.489783653846154 0.4828125 35.533106775188 3 0 2 
0 120 6.4 2 0.4765625 0.41953125 32.6029182309282 1 0 -2 
1 130 8 3 0.454606681034483 0.5109375 30.3061561648626 3 1 2 
0 130 6.4 2 0.485491071428571 0.4734375 37.0650190956463 1 -1 -2 
1 140 8 3 0.448918269230769 0.48671875 31.3373028183532 3 0 2 
0 140 6.4 3 0.486505681818182 0.4859375 31.8308498309096 1 0 -2 
1 150 8 3 0.491498161764706 0.51875 48.0852658084039 3 0 2 
0 150 6.4 3 0.460336538461538 0.47734375 39.8902744190341 1 0 -2 
1 160 8 3 0.479440789473684 0.4734375 35.190155084502 3 0 2 
0 160 6.4 3 0.46826171875 0.48359375 28.3648818737657 1 0 -2 
1 170 8 4 0.45703125 0.4828125 12.8556882317407 3 1 2 
0 170 6.4 3 0.472098214285714 0.45859375 13.1643793863849 1 -1 -2 
1 180 8 4 0.434621710526316 0.48828125 7.73257479338268 3 1 2 
0 180 6.4 3 0.49765625 0.478515625 10.7935165724615 1 -1 -2 
1 190 8 4 0.490017361111111 0.4765625 15.1478552201905 3 0 2 
0 190 6.4 4 0.499588815789474 0.35546875 42.5111234656156 1 0 -2 
1 200 8 5 0.4482421875 0.501953125 10.2628287441728 3 1 2 
0 200 6.4 4 0.499588815789474 0.2314453125 32.4940056350093 1 -1 -2 
1 210 8 5 0.438802083333333 0.4578125 34.3282731262471 3 1 2 
0 210 6.4 4 0.478412828947368 0.2978515625 20.8105415695245 1 -1 -2 
1 220 8 5 0.467548076923077 0.44921875 24.3242429345947 3 1 2 
0 220 6.4 4 0.501085069444444 0.36953125 26.1177843600459 1 -1 -2 
1 230 8 6 0.441964285714286 0.46953125 26.3353873831117 3 2 2 
0 230 6.4 4 0.49375 0.3671875 35.9681758790689 1 -2 -2 
1 240 8 6 0.478081597222222 0.45625 31.9329139688027 3 1 2 
0 240 6.4 5 0.463541666666667 0.375 30.1152075762745 1 -1 -2 
1 250 8 6 0.468580163043478 0.4875 31.9340061459876 3 1 2 
0 250 6.4 5 0.47578125 0.4296875 28.8189217941243 1 -1 -2 
1 260 8 7 0.44921875 0.48359375 31.0789973800054 3 2 2 
0 260 6.4 5 0.46484375 0.4072265625 39.8408185804622 1 -2 -2 
1 270 8 7 0.511935763888889 0.5359375 30.473689094337 3 1 2 
0 270 6.4 6 0.441817434210526 0.39453125 38.5887095174784 1 -1 -2 
1 280 8 7 0.49898097826087 0.51484375 19.9224543463137 3 1 2 
0 280 6.4 6 0.462239583333333 0.38125 42.7340127946997 1 -1 -2 
1 290 8 7 0.474909855769231 0.53125 20.1324387583608 3 1 2 
0 290 6.4 6 0.458203125 0.37265625 40.1051559197954 1 -1 -2 
1 300 8 7 0.475260416666667 0.50234375 16.6992890367237 3 1 2 
0 300 6.4 6 0.445870535714286 0.40078125 30.6993983380703 1 -1 -2 
1 310 8 7 0.484375 0.4625 22.2138611679483 3 1 2 
0 310 6.4 6 0.479947916666667 0.45546875 19.4814098687047 1 -1 -2 
1 320 8 7 0.442608173076923 0.4890625 19.0362149188754 3 0 2 
0 320 6.4 7 0.479947916666667 0.4265625 18.0463251129885 1 0 -2 
1 330 8 7 0.465885416666667 0.4892578125 15.9232457905071 3 0 2 
0 330 6.4 7 0.496372767857143 0.42421875 4.98944159965312 1 0 -2 
1 340 8 8 0.4359375 0.475260416666667 11.8733708460783 3 1 2 
0 340 6.4 7 0.5078125 0.4619140625 1.19230282621419 1 -1 -2 
1 350 8 8 0.4359375 0.341145833333333 25.1929516050008 3 1 2 
0 350 6.4 7 0.500822368421053 0.544921875 9.97629060704144 1 -1 -2 
1 360 8 8 0.455255681818182 0.3234375 23.3786318708071 3 1 2 
0 360 6.4 7 0.511284722222222 0.502604166666667 14.7354850801975 1 -1 -2 
1 370 8 8 0.469460227272727 0.39296875 32.5130174785028 3 0 2 
0 370 6.4 8 0.518694196428571 0.455078125 38.7039111837365 1 0 -2 
1 380 8 8 0.451450892857143 0.48359375 30.724478666303 3 0 2 
0 380 6.4 8 0.538194444444444 0.359375 30.8491028500291 1 0 -2 
1 390 8 9 0.448046875 0.53359375 29.711453823151 3 1 2 
0 390 6.4 8 0.482638888888889 0.37890625 27.4390998610828 1 -1 -2 
1 400 8 9 0.484188988095238 0.4951171875 25.0253314910702 3 1 2 
0 400 6.4 8 0.4765625 0.4169921875 15.8007339180329 1 -1 -2 
1 410 8 9 0.443287037037037 0.494140625 24.1030975134099 3 1 2 
0 410 6.4 8 0.475446428571429 0.40234375 26.8470990656536 1 -1 -2 
1 420 8 9 0.451416015625 0.4716796875 25.2563919687869 3 0 2 
0 420 6.4 9 0.445591517857143 0.43046875 16.9849685666823 1 0 -2 
1 430 8 10 0.476302083333333 0.4171875 25.6394558636475 3 1 2 
0 430 6.4 9 0.468424479166667 0.4515625 18.0674918659761 1 -1 -2 
1 440 8 10 0.461669921875 0.42890625 24.9230431032097 3 1 2 
0 440 6.4 9 0.468424479166667 0.4328125 19.1226668580684 1 -1 -2 
1 450 8 10 0.47607421875 0.44140625 17.207397050986 3 1 2 
0 450 6.4 9 0.484375 0.43984375 17.3425371425829 1 -1 -2 
1 460 8 10 0.482244318181818 0.4609375 19.7385900819024 3 0 2 
0 460 6.4 10 0.483203125 0.4890625 6.84346885588598 1 0 -2 
1 470 8 11 0.442057291666667 0.44140625 0 3 1 2 
0 470 6.4 10 0.48359375 0.497395833333333 8.24094190714059 1 -1 -2 
1 480 8 11 0.475074404761905 0.44921875 29.4278779391243 3 1 2 
0 480 6.4 10 0.459735576923077 0.46875 8.05880490440948 1 -1 -2 
1 490 8 11 0.48291015625 0.282552083333333 38.7019187382495 3 0 2 
0 490 6.4 11 0.449928977272727 0.32890625 54.0286331996231 1 0 -2 
1 500 8 11 0.462953629032258 0.328125 33.3093403179776 3 0 2 
0 500 6.4 11 0.451171875 0.3375 46.8204512466696 1 0 -2 
1 510 8 11 0.48359375 0.38125 37.3548292032869 3 0 2 
0 510 6.4 11 0.455528846153846 0.39921875 29.4352107479794 1 0 -2 
1 520 8 11 0.510625 0.4421875 44.5269981288741 3 0 2 
0 520 6.4 11 0.450284090909091 0.45546875 21.1193294616986 1 0 -2 
1 530 8 11 0.479036458333333 0.50859375 30.4890286367493 3 0 2 
0 530 6.4 11 0.446428571428571 0.4359375 22.617680797754 1 0 -2 
1 540 8 11 0.479724702380952 0.496875 20.9846804237152 3 0 2 
0 540 6.4 11 0.443474264705882 0.3765625 27.0647754289253 1 0 -2 
1 550 8 12 0.51953125 0.50390625 21.3246318538605 3 0 2 
0 550 6.4 12 0.44921875 0.409375 37.2565486129905 1 0 -2 
1 560 8 12 0.47265625 0.5328125 30.7736995750889 3 0 2 
0 560 6.4 12 0.440625 0.4375 42.5333918938804 1 0 -2 
1 570 8 12 0.484592013888889 0.505859375 21.9585549567553 3 0 2 
0 570 6.4 12 0.472098214285714 0.43828125 37.8053644854994 1 0 -2 
1 580 8 12 0.505326704545455 0.5009765625 3.79702810101005 3 0 2 
0 580 6.4 12 0.477864583333333 0.46640625 29.3972478894846 1 0 -2 
1 590 8 12 0.440364583333333 0.515625 14.8070928949608 3 -1 2 
0 590 6.4 13 0.481510416666667 0.475 19.3475183531289 1 1 -2 
1 600 8 12 0.4109375 0.37109375 35.5835227851739 3 -1 2 
0 600 6.4 13 0.5126953125 0.5296875 18.6376332015001 1 1 -2 
1 610 8 12 0.44140625 0.368489583333333 20.1574052807974 3 -1 2 
0 610 6.4 13 0.523177083333333 0.5203125 16.3209142503687 1 1 -2 
1 620 8 12 0.426525297619048 0.3234375 30.5581166745542 3 -1 2 
0 620 6.4 13 0.521205357142857 0.5046875 12.3818208877407 1 1 -2 
1 630 8 13 0.449629934210526 0.341145833333333 25.9953161747203 3 -1 2 
0 630 6.4 14 0.475390625 0.490625 5.11780837409981 1 1 -2 
1 640 8 13 0.460115131578947 0.419921875 1.11803398874989 3 -1 2 
0 640 6.4 14 0.504557291666667 0.5029296875 6.89670979048768 1 1 -2 
1 650 8 13 0.43625 0.431640625 0.707106781186548 3 -1 2 
0 650 6.4 14 0.49755859375 0.4853515625 11.799571389131 1 1 -2 
1 660 8 13 0.448988970588235 0.3544921875 27.421421788528 3 -1 2 
0 660 6.4 14 0.492466517857143 0.4716796875 14.4425779584008 1 1 -2 
1 670 8 13 0.439670138888889 0.34296875 23.5295193347098 3 -1 2 
0 670 6.4 14 0.5205078125 0.44765625 41.5515771630458 1 1 -2 
1 680 8 13 0.431463068181818 0.36796875 25.4149276522143 3 -1 2 
0 680 6.4 14 0.516145833333333 0.4796875 32.0388106376054 1 1 -2 
1 690 8 14 0.479383680555556 0.408203125 9.44666661073768 3 -1 2 
0 690 6.4 15 0.497242647058824 0.4794921875 21.1781937759201 1 1 -2 
1 700 8 14 0.42578125 0.43828125 19.7107893435357 3 -1 2 
0 700 6.4 15 0.526811079545455 0.46875 6.92571508652576 1 1 -2 
1 710 8 14 0.4046875 0.4453125 7.70374044621137 3 -1 2 
0 710 6.4 15 0.527698863636364 0.4931640625 4.2129181833977 1 1 -2 
1 720 8 14 0.462316176470588 0.47109375 5.20102119465593 3 -1 2 
0 720 6.4 15 0.490885416666667 0.40390625 32.8457025992746 1 1 -2 
1 730 8 14 0.4685546875 0.4619140625 18.7299002245441 3 -1 2 
0 730 6.4 15 0.539417613636364 0.45703125 34.2381120777127 1 1 -2 
1 740 8 14 0.444733796296296 0.4306640625 36.7257891658877 3 -1 2 
0 740 6.4 15 0.539417613636364 0.521875 22.0695150585806 1 1 -2 
1 750 8 14 0.462053571428571 0.4140625 43.7926512270522 3 -2 2 
0 750 6.4 16 0.497767857142857 0.5765625 21.4057893210367 1 2 -2 
1 760 8 14 0.517578125 0.3857421875 23.4866205092784 3 -2 2 
0 760 6.4 16 0.453515625 0.57578125 26.3742755083451 1 2 -2 
1 770 8 14 0.466911764705882 0.4248046875 17.6068130471645 3 -2 2 
0 770 6.4 16 0.453515625 0.50625 14.0224474331726 1 2 -2 
1 780 8 15 0.4380859375 0.446614583333333 7.0044615755028 3 -1 2 
0 780 6.4 16 0.577414772727273 0.513671875 4.47996671530994 1 1 -2 
1 790 8 15 0.490885416666667 0.384375 21.8246339690109 3 -1 2 
0 790 6.4 16 0.507552083333333 0.482421875 20.0860200199296 1 1 -2 
1 800 8 15 0.490885416666667 0.3994140625 13.0318417818018 3 -1 2 
0 800 6.4 16 0.53999255952381 0.483072916666667 20.6157894520021 1 1 -2 
1 810 8 15 0.46015625 0.4423828125 14.8723136055834 3 -1 2 
0 810 6.4 16 0.510569852941177 0.453125 18.3847763108502 1 1 -2 
1 820 8 16 0.536892361111111 0.4853515625 8.56679237761368 3 0 2 
0 820 6.4 16 0.545726102941177 0.35546875 0 1 0 -2 
1 830 8 16 0.4677734375 0.4990234375 3.36685428791339 3 -1 2 
0 830 6.4 17 0.550223214285714 0.294921875 33.5037311355019 1 1 -2 
1 840 8 16 0.428865131578947 0.4734375 15.4480689373461 3 -1 2 
0 840 6.4 17 0.529296875 0.29296875 26.9491387160608 1 1 -2 
1 850 8 16 0.531808035714286 0.458984375 14.6413437508246 3 -1 2 
0 850 6.4 17 0.542258522727273 0.270833333333333 31.316130117273 1 1 -2 
1 860 8 16 0.459263392857143 0.474609375 6.80073525436772 3 -1 2 
0 860 6.4 17 0.542258522727273 0.3515625 17.007351351695 1 1 -2 
1 870 8 16 0.411644345238095 0.5234375 5 3 -1 2 
0 870 6.4 17 0.52001953125 0.328125 35.8398492231074 1 1 -2 
1 880 8 17 0.489659926470588 NaN NaN 3 -1 2 
0 880 6.4 18 0.477678571428571 0.404947916666667 30.3667671248256 1 1 -2 
1 890 8 17 0.484375 0.390625 0 3 -1 2 
0 890 6.4 18 0.543569711538462 0.44921875 15.0309709363341 1 1 -2 
1 900 8 17 0.392020089285714 0.2275390625 21.0407191831092 3 -1 2 
0 900 6.4 18 0.555147058823529 0.4150390625 42.3356505161868 1 1 -2 
1 910 8 17 0.400065104166667 0.3076171875 22.9353072251251 3 -1 2 
0 910 6.4 18 0.5591796875 0.434375 40.8641199347984 1 1 -2 
1 920 8 17 0.40625 0.38671875 20.851592073289 3 -1 2 
0 920 6.4 18 0.564236111111111 0.46171875 37.1042194857695 1 1 -2 
1 930 8 17 0.424183238636364 0.36640625 21.5635097790459 3 -1 2 
0 930 6.4 18 0.557173295454545 0.46171875 32.1683315339892 1 1 -2 
1 940 8 18 0.432350852272727 0.39609375 13.334873195521 3 0 2 
0 940 6.4 18 0.522916666666667 0.4671875 11.9991537349115 1 0 -2 
1 950 8 18 0.426215277777778 0.45546875 11.7083348411205 3 0 2 
0 950 6.4 18 0.523137019230769 0.47265625 12.0768188398646 1 0 -2 
1 960 8 18 0.458854166666667 0.48828125 3.71432519053352 3 -1 2 
0 960 6.4 19 0.511474609375 0.47421875 12.5882781051404 1 1 -2 
1 970 8 18 0.422025240384615 0.453125 0 3 -1 2 
0 970 6.4 19 0.518694196428571 0.50390625 9.70141393750246 1 1 -2 
1 980 8 18 0.422025240384615 0.35546875 0 3 -1 2 
0 980 6.4 19 0.521614583333333 0.4970703125 5.33215134090654 1 1 -2 
1 990 8 18 0.470278532608696 0.42578125 0 3 -1 2 
0 990 6.4 19 0.50390625 0.4951171875 11.1993373970473 1 1 -2 
1 1000 8 18 0.4572265625 0.46484375 29.0688837074973 3 -1 2 
0 1000 6.4 19 0.520210597826087 0.537109375 27.6097940035302 1 1 -2 
1 1010 8 18 0.4255859375 0.466796875 17.5641680702503 3 -2 2 
0 1010 6.4 20 0.518288352272727 0.5390625 33.832195143853 1 2 -2 
1 1020 8 18 0.447021484375 0.3212890625 44.0459747796607 2 -2 1 
0 1020 6.4 20 0.535665760869565 0.5546875 38.8862973128395 1 2 -1 
1 1030 8 18 0.4736328125 0.3140625 41.7834528999024 2 -2 1 
0 1030 6.4 20 0.542557565789474 0.453125 49.5794934075725 1 2 -1 
1 1040 8 19 0.469350961538462 0.40234375 28.2305654904293 2 -1 1 
0 1040 6.4 20 0.550537109375 0.5015625 25.0049035182325 1 1 -1 
1 1050 8 19 0.451729910714286 0.3765625 29.142790327816 2 -1 1 
0 1050 6.4 20 0.534722222222222 0.496875 6.81449791078634 1 1 -1 
1 1060 8 19 0.45703125 0.4125 32.3911338382125 2 -1 1 
0 1060 6.4 20 0.594815340909091 0.5296875 13.6651794099856 1 1 -1 
1 1070 8 20 0.471754807692308 0.41015625 32.5985225447924 2 0 2 
0 1070 6.4 20 0.6103515625 0.53203125 11.5482195729298 0 0 -2 
1 1080 8 20 0.439546130952381 0.3984375 21.1791809777205 2 0 2 
0 1080 6.4 20 0.50390625 0.47890625 15.6663660527487 0 0 -2 
1 1090 8 20 0.445556640625 0.451171875 15.4700282346543 2 0 2 
0 1090 6.4 20 0.506076388888889 0.4501953125 35.379442746479 0 0 -2 
1 1100 8 20 0.424128605769231 0.5546875 4.06059401463034 2 -1 2 
0 1100 6.4 21 0.508272058823529 0.4609375 29.6521500063655 0 1 -2 
1 1110 8 20 0.429857336956522 0.552734375 6.36396103067893 2 -1 2 
0 1110 6.4 21 0.5578125 0.462890625 20.5548047910945 0 1 -2 
1 1120 8 20 0.452713815789474 0.5546875 1 2 -1 2 
0 1120 6.4 21 0.514935661764706 0.42578125 0 0 1 -2 
1 1130 8 20 0.444779829545455 0.484375 3.16227766016838 2 -1 2 
0 1130 6.4 21 0.514935661764706 0.51953125 0 0 1 -2 
1 1140 8 20 0.450917119565217 0.443359375 9.9247166206396 2 -1 2 
0 1140 6.4 21 0.480859375 0.4921875 0 0 1 -2 
1 1150 8 20 0.477141203703704 0.451171875 4.5 2 -1 2 
0 1150 6.4 21 0.4775390625 0.546875 0 0 1 -2 
1 1160 8 21 0.481617647058823 0.321614583333333 26.7910551315104 2 0 2 
0 1160 6.4 21 0.46640625 0.139322916666667 3.70941480661427 0 0 -2 
1 1170 8 21 0.507582720588235 0.2984375 20.6179086951649 2 0 2 
0 1170 6.4 21 0.416015625 0.313802083333333 19.2772123472346 0 0 -2 
1 1180 8 21 0.54421875 0.3875 28.6302413944187 2 0 2 
0 1180 6.4 21 0.495225694444444 0.322265625 29.3112278092512 0 0 -2 
1 1190 8 21 0.506417410714286 0.46484375 16.331161193413 2 0 2 
0 1190 6.4 21 0.495225694444444 0.365234375 28.1723328844754 0 0 -2 
1 1200 8 21 0.500837053571429 0.46875 9.12822887011774 2 0 2 
0 1200 6.4 21 0.41640625 0.44140625 10.2290476510893 0 0 -2 
1 1210 8 21 0.515625 0.50625 8.0092054527148 2 0 2 
0 1210 6.4 21 0.439002403846154 0.428385416666667 3.78682353890541 0 0 -2 
1 1220 8 21 0.489938446969697 0.54296875 6.64339493658072 2 0 2 
0 1220 6.4 21 0.439002403846154 0.359375 25.132915577971 0 0 -2 
1 1230 8 21 0.531901041666667 0.50703125 5.1886938146522 2 0 2 
0 1230 6.4 21 0.395680147058824 0.3876953125 29.3078172345746 0 0 -2 
1 1240 8 21 0.603385416666667 0.50859375 5.14491920563495 2 0 2 
0 1240 6.4 21 0.487571022727273 0.4228515625 14.2062177919014 0 0 -2 
1 1250 8 21 0.498787715517241 0.475 4.15527608272959 2 0 2 
0 1250 6.4 21 0.487571022727273 0.4609375 0 0 0 -2 
1 1260 8 22 0.471946022727273 0.44296875 13.0763801615954 2 1 2 
0 1260 6.4 21 0.365985576923077 NaN NaN 0 -1 -2 
1 1270 8 22 0.555803571428571 0.41796875 26.2887006596057 2 1 2 
0 1270 6.4 21 0.434635416666667 NaN NaN 0 -1 -2 
1 1280 8 22 0.515485491071429 0.48984375 44.8694421886951 2 1 2 
0 1280 6.4 21 0.434635416666667 0.12109375 0 0 -1 -2 
1 1290 8 22 0.5 0.53828125 38.8204708896076 2 1 2 
0 1290 6.4 21 0.431510416666667 NaN NaN 0 -1 -2 
1 1300 8 22 0.558061079545455 0.57265625 27.1629577932659 2 1 2 
0 1300 6.4 21 0.448784722222222 NaN NaN 0 -1 -2 
1 1310 8 22 0.514816810344828 0.55234375 24.5079147484626 2 1 2 
0 1310 6.4 21 0.409375 NaN NaN 0 -1 -2 
1 1320 8 22 0.521391369047619 0.482421875 27.4735537996018 2 1 2 
0 1320 6.4 21 0.375205592105263 0.140625 3.81341262627464 0 -1 -2 
1 1330 8 22 0.555376838235294 0.45234375 31.8629863719303 2 0 2 
0 1330 6.4 22 0.416015625 0.2568359375 19.2262014112746 0 0 -2 
1 1340 8 22 0.4771875 0.546875 27.3833984507223 2 0 2 
0 1340 6.4 22 0.414417613636364 0.364583333333333 28.9129321200875 0 0 -2 
1 1350 8 22 0.485491071428571 0.59765625 27.2876861622109 2 0 2 
0 1350 6.4 22 0.432883522727273 0.35546875 39.4458872357092 0 0 -2 
1 1360 8 23 0.511363636363636 0.54921875 27.6376624841775 2 1 2 
0 1360 6.4 22 0.518880208333333 0.345703125 48.1038750811556 0 -1 -2 
1 1370 8 23 0.46923828125 0.4765625 12.9596656264544 2 1 2 
0 1370 6.4 22 0.525390625 0.4111328125 23.618868333938 0 -1 -2 
1 1380 8 23 0.51273777173913 0.51953125 14.4038384320485 2 1 2 
0 1380 6.4 22 0.400965073529412 0.43359375 10.2766386521139 0 -1 -2 
1 1390 8 23 0.5888671875 0.5671875 5.9421227678428 2 1 2 
0 1390 6.4 22 0.40234375 0.430989583333333 5.65967077763387 0 -1 -2 
1 1400 8 23 0.498177083333333 0.64375 4.45832780017857 2 1 2 
0 1400 6.4 22 0.399739583333333 0.353515625 4.5 0 -1 -2 
1 1410 8 23 0.521839488636364 0.596875 5.86651673494458 2 1 2 
0 1410 6.4 22 0.38578869047619 0.232421875 33.2340187157677 0 -1 -2 
1 1420 8 23 0.6421875 0.5109375 23.7199755134989 2 1 2 
0 1420 6.4 22 0.42529296875 0.287109375 17.6776695296637 0 -1 -2 
1 1430 8 23 0.6421875 0.46875 24.122502226016 2 1 2 
0 1430 6.4 22 0.47265625 0.43359375 0 0 -1 -2 
1 1440 8 23 0.602430555555556 0.5078125 12.2498160472436 2 1 2 
0 1440 6.4 22 0.391690340909091 0.34765625 0 0 -1 -2 
1 1450 8 23 NaN 0.5576171875 3.17848812174673 2 1 2 
0 1450 6.4 22 0.442708333333333 NaN NaN 0 -1 -2 
