1 30 7 1 NaN 0.283870967741935 30.7419662683642 2 0 0 
0 30 7.6 1 NaN 0.242741935483871 18.6172703439964 2 0 0 
1 40 7 1 NaN 0.345161290322581 32.1442198644408 2 0 0 
0 40 7.6 1 NaN 0.308064516129032 8.02212755749358 2 0 0 
1 50 7 1 0.370967741935484 0.416129032258064 41.9640261305355 2 0 0 
0 50 7.6 1 0.370967741935484 0.366129032258064 22.3792025957646 2 0 0 
1 60 7 1 0.383064516129032 0.493548387096774 40.7010883495284 2 0 0 
0 60 7.6 1 0.383064516129032 0.511290322580645 23.1561115417758 2 0 0 
1 70 7 1 0.406970046082949 0.47258064516129 40.6323281376447 2 0 0 
0 70 7.6 1 0.391417050691244 0.485483870967742 25.9766882519623 2 0 0 
1 80 7 1 0.491129032258064 0.468548387096774 43.0469425161316 2 0 0 
0 80 7.6 1 0.473387096774194 0.47741935483871 26.1036985737904 2 0 0 
1 90 7 1 0.404485887096774 0.486290322580645 41.752876531767 2 0 0 
0 90 7.6 1 0.428379416282642 0.453225806451613 31.4427735692143 2 0 0 
1 100 7 1 0.383064516129032 0.485483870967742 40.8932365498184 2 0 0 
0 100 7.6 1 0.436155913978495 0.483870967741936 35.5019022139149 2 0 0 
1 110 7 2 0.469941348973607 0.457258064516129 39.830896334726 2 0 0 
0 110 7.6 2 0.500504032258065 0.500806451612903 37.1129699531217 2 0 0 
1 120 7 2 0.383064516129032 0.456451612903226 39.1214138239374 2 0 0 
0 120 7.6 2 0.429637096774194 0.491935483870968 40.746437923256 2 0 0 
1 130 7 2 0.383064516129032 0.466129032258065 37.7357393598621 2 0 0 
0 130 7.6 2 0.418010752688172 0.5 38.6233547864325 2 0 0 
1 140 7 2 0.48045905707196 0.464516129032258 39.9864417323349 2 0 0 
0 140 7.6 2 0.497434017595308 0.398387096774194 41.4989023522543 2 0 0 
1 150 7 3 0.42671809256662 0.479838709677419 36.2588166239389 2 1 0 
0 150 7.6 2 0.427843803056027 0.464516129032258 25.3435840199856 2 -1 0 
1 160 7 3 0.402469758064516 0.475 9.85577595722138 2 1 0 
0 160 7.6 2 0.383064516129032 0.487096774193548 18.0539735833898 2 -1 0 
1 170 7 3 0.500806451612903 0.508870967741936 4.17280502297151 2 1 0 
0 170 7.6 2 0.489247311827957 0.466733870967742 11.8781203216127 2 -1 0 
1 180 7 3 0.410104364326376 0.500806451612903 6.19881307416439 2 0 0 
0 180 7.6 3 0.415994623655914 0.446236559139785 13.8539416484015 2 0 0 
1 190 7 3 0.397681451612903 0.509072580645161 4.53730979385645 2 0 0 
0 190 7.6 3 0.383064516129032 0.395161290322581 35.6034375576469 2 0 0 
1 200 7 3 0.493951612903226 0.505040322580645 7.89927897988864 2 0 0 
0 200 7.6 3 0.486042183622829 0.380645161290323 33.9042504623852 2 0 0 
1 210 7 4 0.42671809256662 0.426612903225806 28.6822891698786 2 1 0 
0 210 7.6 3 0.383064516129032 0.426612903225806 23.7523987689988 2 -1 0 
1 220 7 4 0.403225806451613 0.437903225806452 19.9975045809774 2 1 0 
0 220 7.6 3 0.390877016129032 0.429838709677419 17.8589036319094 2 -1 0 
1 230 7 4 0.488539898132428 0.463709677419355 7.07823633367973 2 1 0 
0 230 7.6 3 0.468817204301075 0.462903225806452 14.7668774573753 2 -1 0 
1 240 7 4 0.423203812316716 0.44758064516129 5.02931013872582 2 0 0 
0 240 7.6 4 0.404074702886248 0.506451612903226 9.17526219849375 2 0 0 
1 250 7 5 0.415898617511521 0.399193548387097 11.4436873133012 2 1 0 
0 250 7.6 4 0.393901209677419 0.502016129032258 13.8829230496193 2 -1 0 
1 260 7 5 0.508684863523573 0.379032258064516 26.5952868576551 2 0 0 
0 260 7.6 5 0.469254032258065 0.490591397849462 20.5046014602056 2 0 0 
1 270 7 5 0.383064516129032 0.426612903225806 42.1115094118962 2 0 0 
0 270 7.6 5 0.423211781206171 0.386088709677419 35.9944847163721 2 0 0 
1 280 7 5 0.417338709677419 0.445967741935484 31.1015934150666 2 0 0 
0 280 7.6 5 0.395430107526882 0.362096774193548 32.3060553510184 2 0 0 
1 290 7 6 0.497407834101383 0.526612903225806 27.2460651327394 2 1 0 
0 290 7.6 5 0.483198924731183 0.371774193548387 24.4738244056983 2 -1 0 
1 300 7 6 0.407258064516129 0.468548387096774 36.9880971565112 2 1 0 
0 300 7.6 5 0.417540322580645 0.398387096774194 4.66645367767038 2 -1 0 
1 310 7 6 0.383995037220844 0.468548387096774 34.3776242981237 2 1 0 
0 310 7.6 5 0.388536866359447 0.438709677419355 4.21343806245704 2 -1 0 
1 320 7 6 0.488833746898263 0.433064516129032 6.50397863627683 2 0 0 
0 320 7.6 6 0.487903225806452 0.469354838709677 7.39563024961805 2 0 0 
1 330 7 6 0.383064516129032 0.425806451612903 3.10178167428889 2 0 0 
0 330 7.6 6 0.423185483870968 0.512903225806452 5.2600530538929 2 0 0 
1 340 7 6 0.389784946236559 0.431451612903226 4.15275573205942 2 0 0 
0 340 7.6 6 0.39758064516129 0.496774193548387 5.85194877144095 2 0 0 
1 350 7 6 0.483582949308756 0.482258064516129 24.6713686595389 2 0 0 
0 350 7.6 6 0.469876660341556 0.446774193548387 19.0445617882188 2 0 0 
1 360 7 6 0.43508064516129 0.482258064516129 8.54118435687728 2 0 0 
0 360 7.6 6 0.431268328445748 0.438709677419355 28.0171331701169 2 0 0 
1 370 7 7 0.396505376344086 0.510483870967742 7.47067816693705 2 1 0 
0 370 7.6 6 0.40787841191067 0.438508064516129 32.5830674856957 2 -1 0 
1 380 7 7 0.488191244239631 0.507258064516129 21.9150272533052 2 1 0 
0 380 7.6 6 0.481389578163772 0.450604838709677 31.27641181865 2 -1 0 
1 390 7 7 0.427843803056027 0.521774193548387 26.1105697603046 2 0 0 
0 390 7.6 7 0.395161290322581 0.332258064516129 36.6353478678165 2 0 0 
1 400 7 7 0.383064516129032 0.535483870967742 22.5093160384143 2 0 0 
0 400 7.6 7 0.390264976958525 0.268548387096774 37.29073496284 2 0 0 
1 410 7 7 0.494959677419355 0.471774193548387 19.7754316414825 2 0 0 
0 410 7.6 7 0.480702764976959 0.415322580645161 25.1257885661534 2 0 0 
1 420 7 7 0.426570458404075 0.515322580645161 6.93405052829472 2 0 0 
0 420 7.6 7 0.420161290322581 0.462903225806452 22.0233935649363 2 0 0 
1 430 7 8 0.383064516129032 0.56989247311828 6.13704014657223 2 1 0 
0 430 7.6 7 0.394297235023041 0.450604838709677 12.7489008117879 2 -1 0 
1 440 7 8 0.483294930875576 0.566532258064516 4.03112887414927 2 0 0 
0 440 7.6 8 0.492223502304147 0.422379032258065 4.40840854106487 2 0 0 
1 450 7 8 0.418718166383701 0.224798387096774 29.3913554865323 2 0 0 
0 450 7.6 8 0.421477079796265 0.441129032258065 31.0305600356687 2 0 0 
1 460 7 8 0.39616935483871 0.235483870967742 16.6263609221027 2 0 0 
0 460 7.6 8 0.431451612903226 0.513709677419355 15.1905037736778 2 0 0 
1 470 7 8 0.48494623655914 0.393548387096774 10.9542716209371 2 0 0 
0 470 7.6 8 0.497227822580645 0.50241935483871 13.3268753682612 2 0 0 
1 480 7 8 0.419567062818336 0.445967741935484 4.91019441764702 2 0 0 
0 480 7.6 8 0.421901528013582 0.537298387096774 4.24497307174377 2 0 0 
1 490 7 8 0.387903225806452 0.496774193548387 6.14831283361879 2 0 0 
0 490 7.6 8 0.383064516129032 0.463709677419355 10.873211232335 2 0 0 
1 500 7 9 0.483064516129032 0.565322580645161 8.49774876903397 2 1 0 
0 500 7.6 8 0.481989247311828 0.317540322580645 22.3198573742268 2 -1 0 
1 510 7 9 0.409072580645161 0.590322580645161 4.07871134797488 2 1 0 
0 510 7.6 8 0.411088709677419 0.286290322580645 21.9716560766016 2 -1 0 
1 520 7 9 0.409592529711375 0.562903225806452 7.71400092967429 2 1 0 
0 520 7.6 8 0.402973790322581 0.382258064516129 8.92778463983658 2 -1 0 
1 530 7 9 0.487903225806452 0.521774193548387 4.41088741608648 2 1 0 
0 530 7.6 8 0.485483870967742 0.421774193548387 10.6607657343435 2 -1 0 
1 540 7 9 0.424853372434018 0.496975806451613 4.74808877272301 2 0 0 
0 540 7.6 9 0.431100981767181 0.487096774193548 6.4412806178145 2 0 0 
1 550 7 9 0.430390492359932 0.393145161290323 3.04138126514911 2 0 0 
0 550 7.6 9 0.383995037220844 0.54758064516129 5.94258815611826 2 0 0 
1 560 7 9 0.5 0.278225806451613 19.1401787197961 2 0 0 
0 560 7.6 9 0.500336021505376 0.532258064516129 12.8046661038039 2 0 0 
1 570 7 9 0.459502103786816 0.258064516129032 26.311293093162 2 0 0 
0 570 7.6 9 0.393817204301075 0.499193548387097 13.3847155377913 2 0 0 
1 580 7 9 0.394153225806452 0.291129032258064 25.8134500047787 2 -1 0 
0 580 7.6 10 0.383064516129032 0.508064516129032 11.3193295644517 2 1 0 
1 590 7 9 0.503411910669975 0.353225806451613 16.6009966047285 2 -1 0 
0 590 7.6 10 0.46491935483871 0.385483870967742 28.9182516506994 2 1 0 
1 600 7 10 0.447405329593268 0.475 25.8636876319781 2 0 0 
0 600 7.6 10 0.403001792114695 0.367741935483871 31.633780438126 2 0 0 
1 610 7 10 0.421594982078853 0.462096774193548 11.5016702131735 2 0 0 
0 610 7.6 10 0.392741935483871 0.418548387096774 25.7401778678997 2 0 0 
1 620 7 10 0.438508064516129 0.423387096774194 4.83728760045687 2 -1 0 
0 620 7.6 11 0.490423387096774 0.52741935483871 26.0647974155245 2 1 0 
1 630 7 10 0.370967741935484 0.401209677419355 5.05342426072304 2 -1 0 
0 630 7.6 11 0.477977667493797 0.555645161290323 28.386966657968 2 1 0 
1 640 7 10 0.382488479262673 0.372983870967742 5.50418671915785 2 -1 0 
0 640 7.6 11 0.398387096774194 0.59375 29.0773056343459 2 1 0 
1 650 7 11 0.410714285714286 0.37258064516129 28.7049227612273 2 -1 0 
0 650 7.6 12 0.534274193548387 0.545698924731183 39.9395801855509 2 1 0 
1 660 7 11 0.427688172043011 0.471774193548387 31.7013740061224 2 -1 0 
0 660 7.6 12 0.456706281833616 0.42741935483871 42.0743389728229 2 1 0 
1 670 7 11 0.429435483870968 0.518548387096774 27.7558865444352 2 -1 0 
0 670 7.6 12 0.438330170777989 0.274193548387097 45.2524488565946 2 1 0 
1 680 7 11 0.485056925996205 0.529032258064516 32.5640787210904 2 -1 0 
0 680 7.6 12 0.488351254480287 0.346774193548387 23.5738390311697 2 1 0 
1 690 7 12 0.404838709677419 0.490322580645161 28.7456125298158 2 0 0 
0 690 7.6 12 0.413978494623656 0.351612903225806 24.1620655098223 2 0 0 
1 700 7 12 0.420303605313093 0.398387096774194 26.4732898299075 2 0 0 
0 700 7.6 12 0.39489247311828 0.450806451612903 28.1375186526701 2 0 0 
1 710 7 12 0.520967741935484 0.362096774193548 28.5791777668464 2 0 0 
0 710 7.6 12 0.50179211469534 0.525806451612903 11.2209851584577 2 0 0 
1 720 7 12 0.460043988269795 0.414516129032258 23.5439382586104 2 0 0 
0 720 7.6 12 0.456575682382134 0.575 10.0042321522617 2 0 0 
1 730 7 12 0.383064516129032 0.431451612903226 35.502782196036 2 -1 0 
0 730 7.6 13 0.383064516129032 0.606854838709677 20.6223291557552 2 1 0 
1 740 7 12 0.485023041474654 0.295698924731183 25.0367546157917 2 -1 0 
0 740 7.6 13 0.443548387096774 0.612903225806452 12.483146022296 2 1 0 
1 750 7 12 0.429883512544803 0.314516129032258 12.6013502140317 2 -1 0 
0 750 7.6 13 0.407930107526882 0.592741935483871 9.11105005765253 2 1 0 
1 760 7 12 0.396421370967742 0.257056451612903 17.2579830915084 2 -1 0 
0 760 7.6 13 0.391129032258065 0.550403225806452 15.5964586079235 2 1 0 
1 770 7 12 0.5 0.339516129032258 23.3189004725558 2 -1 0 
0 770 7.6 13 0.476344086021505 0.405645161290323 33.9476891538195 2 1 0 
1 780 7 12 0.406810035842294 0.416935483870968 24.1677466923041 2 -1 0 
0 780 7.6 13 0.425307219662058 0.462096774193548 14.9306193767283 2 1 0 
1 790 7 12 0.383064516129032 0.464717741935484 10.7764503504238 2 -2 0 
0 790 7.6 14 0.41893039049236 0.486290322580645 5.03161823923143 2 2 0 
1 800 7 13 0.463089330024814 0.481182795698925 3.45199707060605 2 -1 0 
0 800 7.6 14 0.503136200716846 0.458064516129032 8.21144639896239 2 1 0 
1 810 7 13 0.387096774193548 0.463709677419355 0 2 -1 0 
0 810 7.6 14 0.454810901001112 0.436827956989247 9.15302511535558 2 1 0 
1 820 7 13 0.383064516129032 0.149193548387097 0 2 -2 0 
0 820 7.6 15 0.441970546984572 0.526881720430108 2.50984053156137 2 2 0 
1 830 7 13 0.453293010752688 0.167338709677419 6.04152298679729 2 -2 0 
0 830 7.6 15 0.524395161290323 0.505376344086022 5.80443159450073 2 2 0 
1 840 7 13 0.380645161290323 0.282258064516129 23.0851468497078 2 -2 0 
0 840 7.6 15 0.504032258064516 0.42741935483871 24.0134435782886 2 2 0 
1 850 7 13 0.380893300248139 0.347782258064516 25.5470578348359 2 -2 0 
0 850 7.6 15 0.495430107526882 0.27741935483871 28.4880099905925 2 2 0 
1 860 7 13 0.382488479262673 0.422043010752688 33.2380129406677 2 -2 0 
0 860 7.6 15 0.594470046082949 0.344354838709677 16.3168319971076 2 2 0 
1 870 7 13 0.321650124069479 0.469758064516129 12.7212703409486 2 -2 0 
0 870 7.6 15 0.553169542385596 0.392741935483871 27.294572708753 2 2 0 
1 880 7 13 NaN 0.467741935483871 16.6421236285305 2 -2 0 
0 880 7.6 15 0.544599217986315 0.429838709677419 27.6464260136845 2 2 0 
1 890 7 14 NaN 0.484879032258065 8.83428853455712 2 -1 0 
0 890 7.6 15 0.647681451612903 0.475806451612903 7.54324531168464 2 1 0 
1 900 7 14 0.301267281105991 0.455645161290323 31.1496967826018 2 -1 0 
0 900 7.6 15 0.507786429365962 0.456989247311828 9.38142286003815 2 1 0 
1 910 7 14 0.313508064516129 0.505645161290323 20.1193583387278 2 -1 0 
0 910 7.6 15 0.466397849462366 0.413306451612903 8.20060973342836 2 1 0 
1 920 7 14 0.313508064516129 0.52741935483871 9.93843363769923 2 -1 0 
0 920 7.6 15 0.594086021505376 0.379032258064516 15.8113883008419 2 1 0 
1 930 7 15 0.30752688172043 0.392741935483871 3.70975461599177 2 -1 0 
0 930 7.6 16 0.492383512544803 0.334677419354839 35.7903889789222 2 1 0 
1 940 7 15 0.298387096774194 0.315322580645161 5.70619414756674 2 -1 0 
0 940 7.6 16 0.46455857385399 0.375 43.197317313568 2 1 0 
1 950 7 15 0.298387096774194 0.303225806451613 5.1692481468055 2 -1 0 
0 950 7.6 16 0.637320788530466 0.487096774193548 38.1635978469315 2 1 0 
1 960 7 15 0.287970430107527 0.266935483870968 4.80908567978901 2 -1 0 
0 960 7.6 16 0.526335685483871 0.559677419354839 33.566919168293 2 1 0 
1 970 7 15 0.304838709677419 0.32741935483871 5.10849157380834 2 -1 0 
0 970 7.6 16 0.493279569892473 0.579637096774194 21.7673697784642 2 1 0 
1 980 7 16 0.304838709677419 0.332258064516129 19.6208696065711 2 0 0 
0 980 7.6 16 0.647849462365591 0.548387096774194 23.5714673782403 2 0 0 
1 990 7 16 0.309907834101383 0.319354838709677 17.5252895120643 2 0 0 
0 990 7.6 16 0.513978494623656 0.520161290322581 32.4113154352396 2 0 0 
1 1000 7 16 0.366935483870968 0.32741935483871 18.5200115528323 2 0 0 
0 1000 7.6 16 0.443996415770609 0.53125 32.8090562033697 2 0 0 
1 1010 7 16 0.41173835125448 0.430645161290323 26.1983383878591 2 0 0 
0 1010 7.6 16 0.569354838709677 0.465322580645161 46.3635473399422 2 0 0 
1 1020 7 16 0.42911714770798 0.464516129032258 31.7125812720986 2 -1 0 
0 1020 7.6 17 0.46505376344086 0.443548387096774 44.9443234647979 2 1 0 
1 1030 7 16 0.379398826979472 0.487903225806452 34.0088169479972 2 -1 0 
0 1030 7.6 17 0.383064516129032 0.483870967741936 36.7154608905562 2 1 0 
1 1040 7 16 0.456149193548387 0.497311827956989 40.667663959796 2 -1 0 
0 1040 7.6 17 0.544354838709677 0.462096774193548 31.4566593314777 2 1 0 
1 1050 7 16 0.411514336917563 0.291666666666667 38.7180430265321 2 -1 0 
0 1050 7.6 17 0.46505376344086 0.52741935483871 23.9013505310776 2 1 0 
1 1060 7 16 0.392809139784946 0.270161290322581 20.3960780543711 2 -2 0 
0 1060 7.6 18 0.400268817204301 0.487096774193548 27.1698801257565 2 2 0 
1 1070 7 17 0.429838709677419 0.284274193548387 4.03112887414927 2 -1 0 
0 1070 7.6 18 0.560215053763441 0.466733870967742 16.0721021611103 2 1 0 
1 1080 7 17 0.335181451612903 0.31989247311828 28.6834252899988 2 -1 0 
0 1080 7.6 18 0.51194743130227 0.456653225806452 11.0270385281797 2 1 0 
1 1090 7 17 0.337903225806452 0.462701612903226 39.8031425523149 2 -1 0 
0 1090 7.6 18 0.468701996927803 0.423387096774194 5.94846059499579 2 1 0 
1 1100 7 17 0.337903225806452 0.412298387096774 40.594478514966 2 -1 0 
0 1100 7.6 18 0.613479262672811 0.462701612903226 10.9937352681506 2 1 0 
1 1110 7 17 0.320276497695852 0.403225806451613 39.6232207137363 2 -1 0 
0 1110 7.6 18 0.527277039848197 0.448588709677419 12.8594142100915 2 1 0 
1 1120 7 17 NaN 0.481451612903226 24.517910435761 2 -1 0 
0 1120 7.6 18 0.533266129032258 0.368951612903226 30.2370382947228 2 1 0 
1 1130 7 17 NaN 0.548387096774194 8.97265446617682 2 -1 0 
0 1130 7.6 18 0.655 0.372311827956989 32.7256782227622 2 1 0 
1 1140 7 18 0.28125 0.573387096774194 4.0691444333134 2 0 0 
0 1140 7.6 18 0.572970863683663 0.397177419354839 12.1757956618859 2 0 0 
1 1150 7 18 NaN 0.59758064516129 9.45680064917359 2 0 0 
0 1150 7.6 18 0.498071528751753 0.354838709677419 4.47213595499958 2 0 0 
1 1160 7 18 NaN 0.564516129032258 3.71479895273463 2 0 0 
0 1160 7.6 18 0.631641366223909 0.397177419354839 6.57647321898295 2 0 0 
1 1170 7 18 0.285714285714286 0.569354838709677 5.08895530108773 2 0 0 
0 1170 7.6 18 0.520471464019851 0.425403225806452 8.5 2 0 0 
1 1180 7 18 0.292338709677419 0.559677419354839 2.39705193684889 2 -1 0 
0 1180 7.6 19 0.454435483870968 0.418010752688172 15.7257003035818 2 1 0 
1 1190 7 18 0.292338709677419 0.431451612903226 30.2387227287048 2 -1 0 
0 1190 7.6 19 0.615367383512545 0.335483870967742 41.5832243249408 2 1 0 
1 1200 7 18 0.293598790322581 0.493548387096774 20.132508765933 2 -1 0 
0 1200 7.6 19 0.51877085650723 0.374193548387097 36.8370558017537 2 1 0 
1 1210 7 18 0.301267281105991 0.55 11.7342657218993 2 -1 0 
0 1210 7.6 19 0.437724014336918 0.410483870967742 27.5353152226287 2 1 0 
1 1220 7 19 0.301267281105991 0.605645161290323 5.78809514476916 2 0 0 
0 1220 7.6 19 0.584389400921659 0.403225806451613 11.1279124748788 2 0 0 
1 1230 7 19 0.335777126099707 0.661290322580645 6.2494754989068 2 0 0 
0 1230 7.6 19 0.454159592529711 0.362903225806452 16.3714484839433 2 0 0 
1 1240 7 19 0.344876660341556 0.70241935483871 5.05018193873359 2 0 0 
0 1240 7.6 19 0.395161290322581 0.318548387096774 11.491261976999 2 0 0 
1 1250 7 19 0.441176470588235 0.758064516129032 3.37959435343808 2 0 1 
0 1250 7.6 19 0.242741935483871 0.236895161290323 6.89966383325481 1 0 -1 
1 1260 7 20 0.485483870967742 0.776612903225806 2.26280054871725 2 1 1 
0 1260 7.6 19 0.428152492668622 0.202620967741935 4.85848615069156 1 -1 -1 
1 1270 7 20 0.564012096774194 0.779032258064516 5.05359745406387 2 1 1 
0 1270 7.6 19 0.395161290322581 0.182459677419355 3.56825781583421 1 -1 -1 
1 1280 7 20 0.572405329593268 0.798387096774194 7.33760315311473 2 1 1 
0 1280 7.6 19 0.395161290322581 0.166935483870968 6.74244823626053 1 -1 -1 
1 1290 7 20 0.516129032258065 0.758064516129032 5.59016994374947 2 1 1 
0 1290 7.6 19 0.523185483870968 0.202956989247312 6.02377527647401 1 -1 -1 
