1 30 6.4 1 NaN 0.204427083333333 12.5490014742624 3 0 0 
0 30 8 1 NaN 0.2578125 25.4606097208354 3 0 0 
1 40 6.4 1 NaN 0.2958984375 36.7195357453442 3 0 0 
0 40 8 1 NaN 0.3078125 22.0113075783081 3 0 0 
1 50 6.4 1 0.39453125 0.3759765625 32.9849444538231 3 0 0 
0 50 8 1 0.36328125 0.375 23.0865896452947 3 0 0 
1 60 6.4 1 0.400699013157895 0.49921875 29.7233393739506 3 0 0 
0 60 8 1 0.3662109375 0.4658203125 33.4516509883506 3 0 0 
1 70 6.4 1 0.4205078125 0.5140625 30.4801184533829 3 0 0 
0 70 8 1 0.377757352941176 0.458984375 39.0461616479496 3 0 0 
1 80 6.4 1 0.481997282608696 0.5 31.3929106592092 3 0 0 
0 80 8 1 0.425426136363636 0.41328125 39.0428151729378 3 0 0 
1 90 6.4 1 0.464973958333333 0.513950892857143 44.3976985655582 3 0 0 
0 90 8 1 0.396267361111111 0.38984375 34.7561878073854 3 0 0 
1 100 6.4 2 0.446428571428571 0.514508928571429 43.6809526763216 3 1 0 
0 100 8 1 0.409476902173913 0.4296875 29.1087239417681 3 -1 0 
1 110 6.4 2 0.494673295454545 0.516741071428571 40.3052641935315 3 0 0 
0 110 8 2 0.441220238095238 0.43046875 35.2564174346707 3 0 0 
1 120 6.4 2 0.458147321428571 0.514508928571429 44.0275179416134 3 0 0 
0 120 8 2 0.3896875 0.45 43.5851134944092 3 0 0 
1 130 6.4 3 0.442908653846154 0.51171875 44.8227817421066 3 1 0 
0 130 8 2 0.396381578947368 0.45859375 40.4433479237518 3 -1 0 
1 140 6.4 3 0.4715625 0.515625 40.5162842908491 3 0 0 
0 140 8 3 0.440995065789474 0.46484375 40.7733982853119 3 0 0 
1 150 6.4 3 0.454166666666667 0.51171875 43.8483895176007 3 0 0 
0 150 8 3 0.3873046875 0.4328125 32.0699702735754 3 0 0 
1 160 6.4 4 0.436141304347826 0.518880208333333 42.3364548309422 3 1 0 
0 160 8 3 0.3857421875 0.44140625 29.8227620487579 3 -1 0 
1 170 6.4 4 0.485188802083333 0.5046875 42.6331271523406 3 0 0 
0 170 8 4 0.432154605263158 0.44921875 30.7915017693588 3 0 0 
1 180 6.4 4 0.447198275862069 0.506510416666667 46.9385177309473 3 0 0 
0 180 8 4 0.392671130952381 0.45546875 30.5892891486828 3 0 0 
1 190 6.4 4 0.431216032608696 0.507161458333333 52.7842895116915 3 0 0 
0 190 8 4 0.385416666666667 0.43828125 34.5239698133969 3 0 0 
1 200 6.4 5 0.462818287037037 0.509114583333333 46.9852899818532 3 1 0 
0 200 8 4 0.423502604166667 0.47578125 39.2538828095661 3 -1 0 
1 210 6.4 5 0.438349184782609 0.505208333333333 34.445841049127 3 0 0 
0 210 8 5 0.406828703703704 0.496875 39.585815281646 3 0 0 
1 220 6.4 5 0.452938988095238 0.528645833333333 30.9232889448993 3 0 0 
0 220 8 5 0.391183035714286 0.47109375 39.8983728900024 3 0 0 
1 230 6.4 6 0.487215909090909 0.505859375 26.265753142009 3 1 0 
0 230 8 5 0.43359375 0.371875 38.9898618205639 3 -1 0 
1 240 6.4 6 0.431743421052632 0.513020833333333 34.5167642093172 3 0 0 
0 240 8 6 0.387541118421053 0.41640625 36.8111458301223 3 0 0 
1 250 6.4 6 0.440104166666667 0.526692708333333 37.1398789931262 3 0 0 
0 250 8 6 0.377604166666667 0.446875 37.1846872909794 3 0 0 
1 260 6.4 6 0.465087890625 0.529947916666667 36.1368934546864 3 0 0 
0 260 8 6 0.434210526315789 0.4375 36.1751456984529 3 0 0 
1 270 6.4 6 0.4552734375 0.536830357142857 36.298248569961 3 0 0 
0 270 8 6 0.399586397058824 0.4814453125 40.0323372960581 3 0 0 
1 280 6.4 7 0.451450892857143 0.50390625 40.0903939128747 3 1 0 
0 280 8 6 0.373511904761905 0.4755859375 17.3428689822476 3 -1 0 
1 290 6.4 7 0.456129807692308 0.526692708333333 38.5818775278977 3 1 0 
0 290 8 6 0.40771484375 0.38515625 32.5758461711851 3 -1 0 
1 300 6.4 7 0.45361328125 0.454799107142857 49.9015167041494 3 0 0 
0 300 8 7 0.402604166666667 0.4359375 41.534185060302 3 0 0 
1 310 6.4 7 0.4625 0.486049107142857 44.1358039934837 3 0 0 
0 310 8 7 0.378689236111111 0.440625 38.381431559358 3 0 0 
1 320 6.4 7 0.505149147727273 0.475260416666667 45.96195607372 3 0 0 
0 320 8 7 0.395450367647059 0.4609375 32.7215560427796 3 0 0 
1 330 6.4 7 0.436351102941177 0.469401041666667 35.637749295072 3 0 0 
0 330 8 7 0.416466346153846 0.45234375 23.6368933286195 3 0 0 
1 340 6.4 8 0.425101902173913 0.524088541666667 29.3639378268139 3 1 0 
0 340 8 7 0.3701171875 0.42421875 9.83999383857364 3 -1 0 
1 350 6.4 8 0.470788043478261 0.544270833333333 29.739381019419 3 1 0 
0 350 8 7 0.4259375 0.396484375 10.5998505252666 3 -1 0 
1 360 6.4 8 0.4609375 0.571614583333333 28.9437918732418 3 1 0 
0 360 8 7 0.394708806818182 0.408203125 13.7574735914503 3 -1 0 
1 370 6.4 9 0.428125 0.555803571428571 28.0426062643134 3 1 0 
0 370 8 8 0.373046875 0.36328125 24.6486823960368 3 -1 0 
1 380 6.4 9 0.4454345703125 0.535807291666667 32.4392613751454 3 1 0 
0 380 8 8 0.414981617647059 0.4072265625 14.3333851759484 3 -1 0 
1 390 6.4 9 0.494646990740741 0.557942708333333 34.2160065253672 3 1 0 
0 390 8 8 0.3833984375 0.4208984375 12.3841282654474 3 -1 0 
1 400 6.4 9 0.467151988636364 0.561197916666667 34.415053572415 3 1 0 
0 400 8 8 0.369944852941176 0.40625 18.0750162650424 3 -1 0 
1 410 6.4 10 0.452980324074074 0.477213541666667 49.4046812600757 3 2 0 
0 410 8 8 0.414496527777778 0.35 22.923664004599 3 -2 0 
1 420 6.4 10 0.487955729166667 0.4984375 43.0193811781869 3 1 0 
0 420 8 9 0.386555989583333 0.41484375 13.8792921932784 3 -1 0 
1 430 6.4 10 0.474909855769231 0.436848958333333 52.5845528895145 3 1 0 
0 430 8 9 0.372395833333333 0.4015625 16.1455230710769 3 -1 0 
1 440 6.4 11 0.477120535714286 0.451171875 45.2160895920111 3 2 0 
0 440 8 9 0.4193359375 0.427734375 36.3016566679422 3 -2 0 
1 450 6.4 11 0.479048295454545 0.466517857142857 45.1309261798139 3 2 0 
0 450 8 9 0.381453804347826 0.4453125 50.2933708725505 3 -2 0 
1 460 6.4 11 0.44873046875 0.532924107142857 37.0898257989965 3 2 0 
0 460 8 9 0.37744140625 0.33984375 43.2365079254356 3 -2 0 
1 470 6.4 11 0.453725961538462 0.565290178571429 30.6780506272869 3 2 0 
0 470 8 9 0.415147569444444 0.33984375 52.1690425361671 3 -2 0 
1 480 6.4 12 0.466733870967742 0.565104166666667 14.6979584966819 3 2 0 
0 480 8 10 0.394097222222222 0.294921875 48.4046432822984 3 -2 0 
1 490 6.4 12 0.44609375 0.581380208333333 17.5425893878538 3 2 0 
0 490 8 10 0.385633680555556 0.35078125 54.047200240434 3 -2 0 
1 500 6.4 12 0.536595394736842 0.587239583333333 19.5063214492268 3 2 0 
0 500 8 10 0.386029411764706 0.39453125 54.9524679089266 3 -2 0 
1 510 6.4 12 0.48509837962963 0.588541666666667 18.3598953162816 3 2 0 
0 510 8 10 0.4267578125 0.403125 54.4764850796514 3 -2 0 
1 520 6.4 12 0.422061011904762 0.55078125 23.5811186161177 3 1 0 
0 520 8 11 0.414248511904762 0.48046875 60.8873912324115 3 -1 0 
1 530 6.4 12 0.501644736842105 0.5234375 24.6377378883533 3 1 0 
0 530 8 11 0.434895833333333 0.4984375 45.7257368643485 3 -1 0 
1 540 6.4 13 0.518391927083333 0.522321428571429 32.9310044358399 3 2 0 
0 540 8 11 0.41296875 0.5087890625 41.9964647685193 3 -2 0 
1 550 6.4 13 0.440234375 0.508928571428571 34.1060856373636 3 2 0 
0 550 8 11 0.373046875 0.466796875 45.4893146445567 3 -2 0 
1 560 6.4 13 0.485807291666667 0.49609375 37.5246049735965 3 2 0 
0 560 8 11 0.44140625 0.42109375 38.7862723248322 3 -2 0 
1 570 6.4 13 0.502963362068966 0.49609375 54.606517326918 3 2 0 
0 570 8 11 0.394990808823529 0.3984375 30.5504150376486 3 -2 0 
1 580 6.4 14 0.465013586956522 0.572265625 16.199730019683 3 3 0 
0 580 8 11 0.397927989130435 0.40234375 35.3357997796647 3 -3 0 
1 590 6.4 14 0.478430706521739 0.5890625 14.7812477373621 3 3 0 
0 590 8 11 0.408984375 0.41171875 39.1498757532217 3 -3 0 
1 600 6.4 14 0.480189732142857 0.554129464285714 42.0374632609453 3 2 0 
0 600 8 12 0.394010416666667 0.43984375 41.4784426841318 3 -2 0 
1 610 6.4 14 0.481317934782609 0.572265625 47.5079366926132 3 2 0 
0 610 8 12 0.37939453125 0.403125 36.699598357128 3 -2 0 
1 620 6.4 14 0.511466733870968 0.529296875 44.8746299793549 3 2 0 
0 620 8 12 0.408528645833333 0.428125 38.8010121171519 3 -2 0 
1 630 6.4 15 0.445162259615385 0.53125 41.2267536319957 3 3 0 
0 630 8 12 0.49140625 0.46484375 33.3413606237155 3 -3 0 
1 640 6.4 15 0.442491319444444 0.518415178571429 40.5685084322807 3 3 0 
0 640 8 12 0.38359375 0.39453125 29.9102429176517 3 -3 0 
1 650 6.4 15 0.492885044642857 0.511067708333333 45.7149665750228 3 2 0 
0 650 8 13 0.385323660714286 0.3859375 19.6090124446273 3 -2 0 
1 660 6.4 15 0.487165178571429 0.501302083333333 40.2275018881147 3 2 0 
0 660 8 13 0.399680397727273 0.39453125 29.1037333417594 3 -2 0 
1 670 6.4 15 0.466372282608696 0.555338541666667 37.5971059653929 3 2 0 
0 670 8 13 0.381204044117647 0.3564453125 32.4261137461465 3 -2 0 
1 680 6.4 15 0.470982142857143 0.521484375 40.9463593225811 3 2 0 
0 680 8 13 0.391369047619048 0.39453125 37.8988570535844 3 -2 0 
1 690 6.4 15 0.464699074074074 0.426339285714286 47.6519246718256 3 2 0 
0 690 8 13 0.408072916666667 0.36640625 50.7132895434296 3 -2 0 
1 700 6.4 16 0.41015625 0.417317708333333 38.6030242520611 3 3 0 
0 700 8 13 0.388427734375 0.42421875 44.3663867085973 3 -3 0 
1 710 6.4 16 0.459309895833333 0.41328125 37.9017484348743 3 2 0 
0 710 8 14 0.390625 0.4328125 33.8023899282637 3 -2 0 
1 720 6.4 16 0.46484375 0.45859375 17.389701211412 3 2 0 
0 720 8 14 0.41694972826087 0.4625 22.1396427407705 3 -2 0 
1 730 6.4 16 0.44421875 0.50859375 36.9115518129828 3 2 0 
0 730 8 14 0.386548913043478 0.46796875 12.6611558966522 3 -2 0 
1 740 6.4 16 0.457552083333333 0.52421875 37.5748189118679 3 2 0 
0 740 8 14 0.419270833333333 0.4599609375 10.2319041560745 3 -2 0 
1 750 6.4 16 0.515485491071429 0.54921875 40.1194689164814 3 2 0 
0 750 8 14 0.359375 0.4365234375 40.3088362891911 3 -2 0 
1 760 6.4 17 0.538373161764706 0.495442708333333 55.3281335960946 3 3 0 
0 760 8 14 0.359375 0.41015625 36.9374698099278 3 -3 0 
1 770 6.4 17 0.558699324324324 0.53125 48.4874884959348 3 2 0 
0 770 8 15 0.329427083333333 0.3359375 43.0387637571255 3 -2 0 
1 780 6.4 17 0.568209134615385 0.591145833333333 37.9612880475141 3 2 0 
0 780 8 15 0.28955078125 0.229166666666667 25.253673878567 3 -2 0 
1 790 6.4 17 0.556222098214286 0.69921875 35.3538363249908 3 2 0 
0 790 8 15 0.296875 0.255208333333333 14.0419044348115 3 -2 0 
1 800 6.4 18 0.590317234848485 0.6923828125 32.5992978758871 3 3 0 
0 800 8 15 0.258370535714286 0.244791666666667 8.94535031327574 3 -3 0 
1 810 6.4 18 0.6056640625 0.685546875 37.9723064678627 3 3 0 
0 810 8 15 0.251953125 0.272135416666667 3.71730564494155 3 -3 0 
1 820 6.4 18 0.575657894736842 0.68203125 20.7712010560172 3 3 0 
0 820 8 15 0.306640625 0.25390625 26.5680477110727 3 -3 0 
1 830 6.4 18 0.606702302631579 0.715625 18.2714438939471 3 2 0 
0 830 8 16 0.30078125 0.2392578125 32.5800282189014 3 -2 0 
1 840 6.4 18 0.561700994318182 0.6923828125 14.8080345959573 3 2 0 
0 840 8 16 0.277754934210526 0.3173828125 53.0440949931983 3 -2 0 
1 850 6.4 19 0.507102272727273 0.68203125 15.3676341216913 3 3 0 
0 850 8 16 0.285866477272727 0.3056640625 38.4648324576506 3 -3 0 
1 860 6.4 19 0.573784722222222 0.70859375 20.4704726306401 3 3 0 
0 860 8 16 0.28125 0.3623046875 30.5640472515692 3 -3 0 
1 870 6.4 19 0.52898185483871 0.70234375 44.9314258765375 3 3 0 
0 870 8 16 0.285845588235294 0.28828125 36.5984305394622 3 -3 0 
1 880 6.4 19 0.534722222222222 0.701822916666667 42.2833047125821 3 3 0 
0 880 8 16 0.298611111111111 0.2265625 4.68018486544802 3 -3 0 
1 890 6.4 19 0.588404605263158 0.6171875 48.7706410419803 3 3 0 
0 890 8 16 0.29765625 0.3125 9.77798408650787 3 -3 0 
1 900 6.4 19 0.568359375 0.558035714285714 48.6760855685572 3 3 0 
0 900 8 16 0.260009765625 0.4072265625 8.18273292363332 3 -3 0 
1 910 6.4 20 0.561995967741936 0.541015625 49.1439252968971 3 3 0 
0 910 8 17 0.266183035714286 0.3330078125 15.956114686858 3 -3 0 
1 920 6.4 20 0.616135817307692 0.531901041666667 46.0545192841551 3 3 0 
0 920 8 17 0.266183035714286 0.2666015625 17.6530012724702 3 -3 0 
1 930 6.4 20 0.543071546052632 0.4697265625 35.4108852949055 3 3 0 
0 930 8 17 0.30390625 0.34609375 26.4111702074595 3 -3 0 
1 940 6.4 20 0.489933894230769 0.4853515625 36.8447686950877 3 3 0 
0 940 8 17 0.3658203125 0.34609375 35.9903393822052 3 -3 0 
1 950 6.4 20 0.475328947368421 0.525390625 18.5367375726839 3 3 0 
0 950 8 17 0.3658203125 0.425 15.1768950293601 3 -3 0 
1 960 6.4 20 0.4912109375 0.465401785714286 7.4872779792172 3 3 0 
0 960 8 17 0.36328125 0.5009765625 15.092515966628 3 -3 0 
1 970 6.4 20 0.482204861111111 0.513020833333333 8.17692321443942 3 3 0 
0 970 8 17 0.390775240384615 0.466145833333333 15.6630045227694 3 -3 0 
1 980 6.4 20 0.504284274193548 0.528645833333333 6.63600671166111 3 3 0 
0 980 8 17 0.400035511363636 0.41796875 47.2119376542545 3 -3 0 
1 990 6.4 20 0.508064516129032 0.650111607142857 7.69553970826313 3 3 0 
0 990 8 17 0.4039306640625 0.318359375 53.1154403163525 3 -3 0 
1 1000 6.4 20 0.544084821428571 0.607142857142857 6.09291108229351 3 2 0 
0 1000 8 18 0.488095238095238 0.3515625 59.7013400184619 3 -2 0 
1 1010 6.4 20 0.537168560606061 0.619977678571429 4.5045130008132 3 2 0 
0 1010 8 18 0.55171130952381 0.299479166666667 53.8939947492482 3 -2 0 
1 1020 6.4 20 0.43296875 0.588169642857143 18.2066005524127 3 2 0 
0 1020 8 18 0.512858072916667 0.2744140625 41.1708987034724 3 -2 0 
1 1030 6.4 20 0.47749255952381 0.536830357142857 33.0551339069119 3 2 0 
0 1030 8 18 0.448567708333333 0.3818359375 42.7060969757702 3 -2 0 
1 1040 6.4 21 0.533305921052632 0.527901785714286 36.3929316245598 3 3 0 
0 1040 8 18 0.422395833333333 0.25546875 27.9357513190859 3 -3 0 
1 1050 6.4 21 0.484611742424242 0.546875 35.1950758971746 3 2 0 
0 1050 8 19 0.395089285714286 0.2484375 13.5059136252484 3 -2 0 
1 1060 6.4 21 0.482421875 0.53515625 31.0318029452719 3 2 0 
0 1060 8 19 0.424107142857143 0.2734375 13.3929562341542 3 -2 0 
1 1070 6.4 21 0.504056490384615 0.565104166666667 22.1549550692462 3 2 0 
0 1070 8 19 0.434244791666667 0.334375 16.1030428919989 3 -2 0 
1 1080 6.4 21 0.507662259615385 0.6328125 12.2071302662001 3 2 0 
0 1080 8 19 0.32734375 0.322265625 18.9990132537178 3 -2 0 
1 1090 6.4 21 0.483963815789474 0.708147321428571 16.2146980287667 3 2 0 
0 1090 8 19 0.3125 0.271484375 24.2965030755305 3 -2 0 
1 1100 6.4 21 0.543478260869565 0.770647321428571 9.7452138709326 3 2 0 
0 1100 8 19 0.289772727272727 0.2041015625 25.8009663554691 3 -2 0 
1 1110 6.4 21 0.574544270833333 0.815290178571429 10.5567584356818 3 2 1 
0 1110 8 19 0.315290178571429 0.240885416666667 45.2810252523622 2 -2 -1 
1 1120 6.4 22 0.546037946428571 0.7890625 24.9845665317689 3 3 2 
0 1120 8 19 0.43125 0.236979166666667 43.3545845081152 1 -3 -2 
1 1130 6.4 22 0.67578125 0.79375 22.2210839675028 3 2 2 
0 1130 8 20 0.46484375 0.240885416666667 44.0259914699659 1 -2 -2 
1 1140 6.4 22 0.759114583333333 0.837239583333333 3.40383979180018 3 2 2 
0 1140 8 20 0.37109375 0.134765625 2.06155281280883 1 -2 -2 
