1 30 7 1 NaN 0.316129032258065 28.819660914857 3 0 0 
0 30 7.6 1 NaN 0.189516129032258 7.28047245074744 3 0 0 
1 40 7 1 NaN 0.365322580645161 23.182336194069 3 0 0 
0 40 7.6 1 NaN 0.265322580645161 10.3788850137664 3 0 0 
1 50 7 1 0.383064516129032 0.385483870967742 28.0993893734567 3 0 0 
0 50 7.6 1 0.370967741935484 0.345161290322581 27.4960807225673 3 0 0 
1 60 7 1 0.375 0.463709677419355 32.2907691091946 3 0 0 
0 60 7.6 1 0.375 0.466129032258065 31.3151497799658 3 0 0 
1 70 7 1 0.405337941628264 0.473387096774194 33.0490766512428 3 0 0 
0 70 7.6 1 0.427611367127496 0.464516129032258 32.9211050958281 3 0 0 
1 80 7 1 0.469854070660522 0.491935483870968 31.253818682002 3 0 0 
0 80 7.6 1 0.478922287390029 0.469354838709677 36.6625398231082 3 0 0 
1 90 7 1 0.415461624026696 0.459677419354839 34.7775727364555 3 0 0 
0 90 7.6 1 0.392809139784946 0.5 37.0711748482193 3 0 0 
1 100 7 1 0.390745007680492 0.487096774193548 33.5316376444002 3 0 0 
0 100 7.6 1 0.402649769585253 0.471774193548387 35.0266640060995 3 0 0 
1 110 7 2 0.471966205837174 0.47883064516129 29.7259928241754 3 0 0 
0 110 7.6 2 0.471224340175953 0.487096774193548 34.1913016362283 3 0 0 
1 120 7 2 0.395936724565757 0.459677419354839 28.4559696733782 3 0 0 
0 120 7.6 2 0.423118279569893 0.5 37.3147631304102 3 0 0 
1 130 7 2 0.374787775891341 0.394354838709677 41.504088541564 3 -1 0 
0 130 7.6 3 0.395353302611367 0.494354838709677 33.1266504955719 3 1 0 
1 140 7 3 0.456797235023041 0.444354838709677 26.9890873720237 3 0 0 
0 140 7.6 3 0.483159392789374 0.49758064516129 31.6452651903411 3 0 0 
1 150 7 3 0.41470223325062 0.533064516129032 24.2361589948051 3 0 0 
0 150 7.6 3 0.414314516129032 0.456451612903226 40.1530795129552 3 0 0 
1 160 7 3 0.39573732718894 0.492943548387097 3.57362305772111 3 0 0 
0 160 7.6 3 0.425739247311828 0.487096774193548 43.6910968850044 3 0 0 
1 170 7 4 0.431720430107527 0.483064516129032 21.6455501959746 3 0 0 
0 170 7.6 4 0.463331653225806 0.487096774193548 45.3844105731903 3 0 0 
1 180 7 4 0.396260997067449 0.503225806451613 30.2803431566224 3 0 0 
0 180 7.6 4 0.432142857142857 0.45241935483871 46.1934429306183 3 0 0 
1 190 7 4 0.392045454545455 0.490322580645161 32.4690559872319 3 -1 0 
0 190 7.6 5 0.454061059907834 0.486290322580645 38.2561251510673 3 1 0 
1 200 7 4 0.439091680814941 0.496774193548387 35.8485548193431 3 -1 0 
0 200 7.6 5 0.486290322580645 0.47741935483871 35.2076116431838 3 1 0 
1 210 7 5 0.399385560675883 0.47741935483871 34.9143795569479 3 0 0 
0 210 7.6 5 0.444668458781362 0.515322580645161 36.6756509505345 3 0 0 
1 220 7 5 0.398460410557185 0.450806451612903 36.7130854319315 3 0 0 
0 220 7.6 5 0.428955453149002 0.503225806451613 37.8673348922837 3 0 0 
1 230 7 6 0.451444892473118 0.475 35.913116152274 3 0 0 
0 230 7.6 6 0.462903225806452 0.47741935483871 38.9003811973993 3 0 0 
1 240 7 6 0.441045606229144 0.479032258064516 38.3787680364198 3 0 0 
0 240 7.6 6 0.394284712482468 0.475806451612903 38.8022087893851 3 0 0 
1 250 7 6 0.411290322580645 0.448387096774194 38.9929570941735 3 0 0 
0 250 7.6 6 0.399617996604414 0.456451612903226 39.906158035027 3 0 0 
1 260 7 6 0.452447163515017 0.479032258064516 38.3515549727511 3 0 0 
0 260 7.6 6 0.458760997067449 0.479838709677419 28.0756871025738 3 0 0 
1 270 7 7 0.400345622119816 0.501612903225806 35.4493769268201 3 1 0 
0 270 7.6 6 0.406511350059737 0.475806451612903 28.2209938461092 3 -1 0 
1 280 7 7 0.453461021505376 0.483870967741936 32.6674386766947 3 1 0 
0 280 7.6 6 0.426612903225806 0.469758064516129 28.2580258406604 3 -1 0 
1 290 7 7 0.476958525345622 0.483870967741936 26.4153422084836 3 0 0 
0 290 7.6 7 0.484819734345351 0.476612903225806 38.0613466081598 3 0 0 
1 300 7 7 0.398643695014663 0.517741935483871 22.2345990128555 3 0 0 
0 300 7.6 7 0.382713884992987 0.438709677419355 33.2247853135885 3 0 0 
1 310 7 7 0.374596774193548 0.509677419354839 11.5703916000725 3 0 0 
0 310 7.6 7 0.38288920056101 0.451612903225806 37.5032424068774 3 0 0 
1 320 7 8 0.467137096774194 0.489516129032258 8.95475031317717 3 1 0 
0 320 7.6 7 0.4830220713073 0.448387096774194 19.3234998563912 3 -1 0 
1 330 7 8 0.405425219941349 0.508870967741936 5.57002291474686 3 1 0 
0 330 7.6 7 0.394230769230769 0.474798387096774 6.39268527608866 3 -1 0 
1 340 7 8 0.384897360703812 0.495161290322581 9.15455161061639 3 0 0 
0 340 7.6 8 0.379992319508449 0.459677419354839 2.94613051091999 3 0 0 
1 350 7 8 0.46491935483871 0.492741935483871 9.65775459287219 3 0 0 
0 350 7.6 8 0.47926267281106 0.44758064516129 13.3588717728128 3 0 0 
1 360 7 9 0.438049853372434 0.459677419354839 21.7641552932666 3 1 0 
0 360 7.6 8 0.400042444821732 0.358870967741936 54.2152850175235 3 -1 0 
1 370 7 9 0.407762096774194 0.473118279569892 24.0593893620067 3 1 0 
0 370 7.6 8 0.374151103565365 0.395161290322581 40.2173213179272 3 -1 0 
1 380 7 9 0.494959677419355 0.360483870967742 60.2951967543192 3 1 0 
0 380 7.6 8 0.438639551192146 0.3125 37.8963827431263 3 -1 0 
1 390 7 9 0.453341013824885 0.454838709677419 40.9588053887836 3 0 0 
0 390 7.6 9 0.395833333333333 0.316935483870968 42.5529761694501 3 0 0 
1 400 7 9 0.477016129032258 0.441935483870968 33.7004305658793 3 0 0 
0 400 7.6 9 0.394393241167435 0.445967741935484 34.8979011912545 3 0 0 
1 410 7 10 0.49537037037037 0.503225806451613 28.8557709334319 3 1 0 
0 410 7.6 9 0.442772952853598 0.450806451612903 32.2703609602333 3 -1 0 
1 420 7 10 0.43366285119667 0.490322580645161 34.9966775070835 3 1 0 
0 420 7.6 9 0.400645161290323 0.460483870967742 40.9202325106011 3 -1 0 
1 430 7 10 0.392540322580645 0.473387096774194 38.5660610385009 3 0 0 
0 430 7.6 10 0.462833099579243 0.478225806451613 37.5084008029216 3 0 0 
1 440 7 10 0.466666666666667 0.439516129032258 33.4779101915225 3 0 0 
0 440 7.6 10 0.475631136044881 0.533064516129032 33.9316289574565 3 0 0 
1 450 7 11 0.367511520737327 0.431451612903226 34.2408573206442 3 1 0 
0 450 7.6 10 0.437174817898023 0.537903225806452 35.3150981091817 3 -1 0 
1 460 7 11 0.382056451612903 0.450268817204301 19.2398762861452 3 0 0 
0 460 7.6 11 0.421477079796265 0.53125 34.4846815942931 3 0 0 
1 470 7 11 0.414170506912442 0.44758064516129 30.9974165754493 3 0 0 
0 470 7.6 11 0.504506641366224 0.577620967741936 36.5148813965433 3 0 0 
1 480 7 11 0.382296466973886 0.384072580645161 49.2620098246427 3 0 0 
0 480 7.6 11 0.436693548387097 0.478225806451613 49.5653290156805 3 0 0 
1 490 7 11 0.398387096774194 0.310483870967742 42.2978064649196 3 -1 0 
0 490 7.6 12 0.406708211143695 0.558064516129032 42.8188767470068 3 1 0 
1 500 7 12 0.508064516129032 0.366935483870968 47.988308119923 3 0 0 
0 500 7.6 12 0.519109396914446 0.470967741935484 32.4135684478327 3 0 0 
1 510 7 12 0.472926267281106 0.44758064516129 44.9987921549195 3 0 0 
0 510 7.6 12 0.436635944700461 0.457258064516129 24.3188250543619 3 0 0 
1 520 7 12 0.494269949066214 0.529032258064516 36.27923485291 3 0 0 
0 520 7.6 12 0.421726755218216 0.450806451612903 20.7029203827401 3 0 0 
1 530 7 12 0.549955197132616 0.531451612903226 34.4851784802648 3 0 0 
0 530 7.6 12 0.53168202764977 0.462096774193548 20.2014211695494 3 0 0 
1 540 7 13 0.433467741935484 0.480846774193548 45.5678319622083 3 0 0 
0 540 7.6 13 0.456593927893738 0.462096774193548 26.6563837899741 3 0 0 
1 550 7 13 0.451825127334465 0.415322580645161 43.6525841639127 3 0 0 
0 550 7.6 13 0.518817204301075 0.470967741935484 22.141782296813 3 0 0 
1 560 7 13 0.59247311827957 0.501008064516129 36.584062010316 3 0 0 
0 560 7.6 13 0.551881720430108 0.475806451612903 25.3674371201579 3 0 0 
1 570 7 13 0.444521690767519 0.448387096774194 29.150739814881 3 0 0 
0 570 7.6 13 0.491834677419355 0.440322580645161 18.3254708368332 3 0 0 
1 580 7 13 0.435195852534562 0.480645161290323 35.0985056764747 3 0 0 
0 580 7.6 13 0.520609318996416 0.399193548387097 24.8646438325415 3 0 0 
1 590 7 13 0.440322580645161 0.495967741935484 31.4070167470762 3 0 0 
0 590 7.6 13 0.556329423264907 0.431451612903226 16.1995922661753 3 0 0 
1 600 7 14 0.401823281907433 0.485483870967742 40.687006645441 3 1 0 
0 600 7.6 13 0.513519924098672 0.409274193548387 23.6126101622715 3 -1 0 
1 610 7 14 0.435908319185059 0.493548387096774 41.5260388585225 3 1 0 
0 610 7.6 13 0.429147465437788 0.373387096774194 47.6679056745294 3 -1 0 
1 620 7 14 0.4928955453149 0.407258064516129 31.1985567778205 3 0 0 
0 620 7.6 14 0.481079404466501 0.403225806451613 49.3462266930932 3 0 0 
1 630 7 14 0.413882488479263 0.39758064516129 16.9616262693359 3 0 0 
0 630 7.6 14 0.458591811414392 0.456451612903226 29.7411759067823 3 0 0 
1 640 7 14 0.404516129032258 0.391129032258065 34.3548778479154 3 0 0 
0 640 7.6 14 0.416666666666667 0.467741935483871 10.4126429107971 3 0 0 
1 650 7 14 0.417861409796894 0.424193548387097 35.9251710554693 3 0 0 
0 650 7.6 14 0.483159392789374 0.420161290322581 25.6579193622494 3 0 0 
1 660 7 14 0.412721123829344 0.433870967741935 38.143038288328 3 0 0 
0 660 7.6 14 0.440601736972705 0.396774193548387 26.2296591465756 3 0 0 
1 670 7 15 0.44075682382134 0.491129032258064 35.4807272123934 3 1 0 
0 670 7.6 14 0.449884792626728 0.418346774193548 19.3535842339444 3 -1 0 
1 680 7 15 0.486559139784946 0.571572580645161 33.7968653315178 3 1 0 
0 680 7.6 14 0.460738539898132 0.470430107526882 34.3390512974756 3 -1 0 
1 690 7 15 0.463153503893215 0.604838709677419 11.2725207690704 3 0 0 
0 690 7.6 15 0.419538123167155 0.455645161290323 44.7568100689199 3 0 0 
1 700 7 15 0.417601683029453 0.521505376344086 29.6303097277174 3 0 0 
0 700 7.6 15 0.390008960573477 0.456989247311828 45.618496845838 3 0 0 
1 710 7 15 0.516633064516129 0.629032258064516 29.2198649715832 3 0 0 
0 710 7.6 15 0.470622119815668 0.32258064516129 42.103221458996 3 0 0 
1 720 7 15 0.452880184331797 0.532258064516129 52.4483158262018 3 0 0 
0 720 7.6 15 0.42442767950052 0.353225806451613 38.4337007364508 3 0 0 
1 730 7 16 0.47258064516129 0.429838709677419 54.9475660416804 3 1 0 
0 730 7.6 15 0.437316715542522 0.451612903225806 20.0933525880664 3 -1 0 
1 740 7 16 0.575604838709677 0.476612903225806 45.7684467813062 3 1 0 
0 740 7.6 15 0.490074441687345 0.498991935483871 4.0431201608685 3 -1 0 
1 750 7 16 0.485732009925558 0.429838709677419 39.169564025396 3 0 0 
0 750 7.6 16 0.419354838709677 0.503024193548387 16.4629383899679 3 0 0 
1 760 7 16 0.537517531556802 0.459677419354839 36.2903725967924 3 0 0 
0 760 7.6 16 0.400042444821732 0.501008064516129 27.928371514334 3 0 0 
1 770 7 17 0.638306451612903 0.512903225806452 25.1215462229367 3 1 0 
0 770 7.6 16 0.452368951612903 0.368279569892473 44.7287275606278 3 -1 0 
1 780 7 17 0.431034482758621 0.568548387096774 26.8218847493485 3 1 0 
0 780 7.6 16 0.465149769585253 0.380376344086022 38.6450733738 3 -1 0 
1 790 7 17 0.434354838709677 0.560483870967742 33.0964316818538 3 1 0 
0 790 7.6 16 0.457258064516129 0.435483870967742 41.5001715692 3 -1 0 
1 800 7 17 0.539314516129032 0.630040322580645 31.4167151426254 3 1 0 
0 800 7.6 16 0.488743279569892 0.332661290322581 42.1574429964627 3 -1 0 
1 810 7 17 0.4286866359447 0.580645161290323 14.7987865814295 3 0 0 
0 810 7.6 17 0.470430107526882 0.243279569892473 30.4077185387162 3 0 0 
1 820 7 17 0.468262226847034 0.495967741935484 40.6050594965823 3 0 0 
0 820 7.6 17 0.517552182163188 0.230846774193548 19.987908223342 3 0 0 
1 830 7 18 0.520161290322581 0.407258064516129 37.5489782743402 3 1 0 
0 830 7.6 17 0.537096774193548 0.346774193548387 11.8703625269941 3 -1 0 
1 840 7 18 0.478525881470368 0.484677419354839 46.5014954295777 3 1 0 
0 840 7.6 17 0.36491935483871 0.329838709677419 20.4184365554046 3 -1 0 
1 850 7 18 0.479502688172043 0.457258064516129 41.9873292079647 3 1 0 
0 850 7.6 17 0.372759856630824 0.364516129032258 24.046185547019 3 -1 0 
1 860 7 18 0.561751152073733 0.4375 11.1186249861712 3 1 0 
0 860 7.6 17 0.426319648093842 0.471774193548387 28.8541792742477 3 -1 0 
1 870 7 18 0.496370967741935 0.460483870967742 24.1925907600217 3 1 0 
0 870 7.6 17 0.366019061583578 0.431451612903226 23.0848303387989 3 -1 0 
1 880 7 18 0.463709677419355 0.433870967741935 14.5121125133241 3 0 0 
0 880 7.6 18 0.41236559139785 0.391129032258065 21.784178337605 3 0 0 
1 890 7 19 0.538978494623656 0.459677419354839 26.2446911806761 3 1 0 
0 890 7.6 18 0.488351254480287 0.307795698924731 6.0866682091087 3 -1 0 
1 900 7 19 0.478363493312353 0.481451612903226 31.7332470604634 3 1 0 
0 900 7.6 18 0.351030465949821 0.307795698924731 6.63811516706533 3 -1 0 
1 910 7 19 0.487634408602151 0.511290322580645 40.7820652839304 3 1 0 
0 910 7.6 18 0.405017921146953 0.35752688172043 2.37537696347614 3 -1 0 
1 920 7 19 0.55426267281106 0.532258064516129 43.1167510846429 3 1 0 
0 920 7.6 18 0.428039702233251 0.363709677419355 45.0413142978089 3 -1 0 
1 930 7 20 0.497738001573564 0.592741935483871 47.7077664623354 3 1 0 
0 930 7.6 19 0.366935483870968 0.354838709677419 34.9236817344147 3 -1 0 
1 940 7 20 0.53261385199241 0.633064516129032 54.644304369257 3 1 0 
0 940 7.6 19 0.396110056925996 0.439516129032258 8.58476697356984 3 -1 0 
1 950 7 20 0.570967741935484 0.631048387096774 50.9165984724039 3 1 0 
0 950 7.6 19 0.469470046082949 0.518817204301075 9.56144549204753 3 -1 0 
1 960 7 20 0.493025283347864 0.629032258064516 49.4974746830583 3 0 0 
0 960 7.6 20 0.45127688172043 0.509408602150538 7.93832787080098 3 0 0 
1 970 7 20 0.510694249649369 0.606854838709677 44.5252737217864 3 0 0 
0 970 7.6 20 0.527105734767025 0.491935483870968 30.0831203142356 3 0 0 
1 980 7 20 0.621975806451613 0.440860215053763 56.2556729913775 3 0 0 
0 980 7.6 20 0.512694145758662 0.439516129032258 32.1682261835308 3 0 0 
1 990 7 20 0.414277180406213 0.464717741935484 34.9898090430642 3 0 0 
0 990 7.6 20 0.467405913978495 0.313508064516129 29.4024056191335 3 0 0 
1 1000 7 20 0.512096774193548 0.508064516129032 44.8956595498857 3 0 0 
0 1000 7.6 20 0.515891840607211 0.30241935483871 30.8822429630111 3 0 0 
1 1010 7 20 0.63009337860781 0.488709677419355 64.7225345943607 3 0 0 
0 1010 7.6 20 0.669354838709677 0.288306451612903 25.7740558361422 3 0 0 
1 1020 7 20 0.470533498759305 0.46505376344086 51.6415145255479 3 0 0 
0 1020 7.6 20 0.438599706744868 0.268145161290323 5.43676392759492 3 0 0 
1 1030 7 20 0.47304753820034 0.501008064516129 37.4477083583523 3 0 0 
0 1030 7.6 20 0.444734345351044 0.305443548387097 3.1075497341226 3 0 0 
1 1040 7 21 0.494815668202765 0.498991935483871 23.3062068172283 3 1 0 
0 1040 7.6 20 0.508431085043988 0.413306451612903 3.0300029499803 3 -1 0 
1 1050 7 21 0.436995967741936 0.493951612903226 42.222184257321 3 1 0 
0 1050 7.6 20 0.470728793309438 0.462701612903226 13.6723751688602 3 -1 0 
1 1060 7 21 0.397311827956989 0.548387096774194 36.1241170310917 3 0 0 
0 1060 7.6 21 0.444032258064516 0.525201612903226 19.5029077292615 3 0 0 
1 1070 7 21 0.548387096774194 0.465725806451613 49.709731515668 3 0 0 
0 1070 7.6 21 0.521551724137931 0.534274193548387 24.0079948215774 3 0 0 
1 1080 7 21 0.382427843803056 0.502016129032258 40.0292540466176 3 0 0 
0 1080 7.6 21 0.456301575393848 0.42741935483871 38.0761837550354 3 0 0 
1 1090 7 21 0.405745967741936 0.408870967741935 42.0264545816218 3 0 0 
0 1090 7.6 21 0.518817204301075 0.418548387096774 42.423668420121 3 0 0 
1 1100 7 21 0.448924731182796 0.421774193548387 39.6487074140138 3 0 0 
0 1100 7.6 21 0.576164874551971 0.487096774193548 42.3890847708944 3 0 0 
1 1110 7 21 0.312247983870968 0.487903225806452 18.9319984602046 2 0 -1 
0 1110 7.6 21 0.506490952006294 0.531451612903226 39.1310150797711 3 0 1 
1 1120 7 21 0.383064516129032 0.559677419354839 20.369506327443 2 0 0 
0 1120 7.6 21 0.497353830645161 0.566532258064516 31.177419166797 2 0 0 
1 1130 7 21 0.451612903225806 0.52258064516129 43.3673171179871 1 -1 0 
0 1130 7.6 22 0.583064516129032 0.567540322580645 27.2829768846196 1 1 0 
1 1140 7 22 0.262672811059908 0.474193548387097 54.2055918320617 1 0 0 
0 1140 7.6 22 0.55688057652711 0.564516129032258 6.4746541380397 1 0 0 
1 1150 7 22 0.300739247311828 0.506451612903226 39.8035684053879 1 0 0 
0 1150 7.6 22 0.549133811230585 0.568548387096774 27.6109044274451 1 0 0 
1 1160 7 22 0.314516129032258 0.504838709677419 49.4585221920679 1 0 0 
0 1160 7.6 22 0.611693548387097 0.520161290322581 48.1511431543087 1 0 0 
1 1170 7 22 0.297715053763441 0.50241935483871 45.8426052541393 1 0 0 
0 1170 7.6 22 0.510235732009926 0.282258064516129 0 1 0 0 
1 1180 7 22 0.385322580645161 0.470161290322581 49.9655310095882 1 0 0 
0 1180 7.6 22 0.470262096774194 0.209677419354839 18.4390889145858 1 0 0 
1 1190 7 22 0.385235732009926 0.35383064516129 40.6390527625253 1 0 0 
0 1190 7.6 22 0.452956989247312 0.26008064516129 16.2864974749023 1 0 0 
1 1200 7 22 0.396134593993326 0.515322580645161 37.4267078228925 1 0 0 
0 1200 7.6 22 0.410786290322581 0.32258064516129 3.60555127546399 1 0 0 
1 1210 7 22 0.424317617866005 0.578225806451613 31.5922408294219 1 0 0 
0 1210 7.6 22 0.389314516129032 0.225806451612903 22.7738498417687 1 0 0 
1 1220 7 22 0.522782258064516 0.545967741935484 14.5404052343243 1 0 0 
0 1220 7.6 22 0.432071960297767 0.248655913978495 17.633201979917 1 0 0 
1 1230 7 23 0.482358870967742 0.490322580645161 7.24580241734187 1 1 0 
0 1230 7.6 22 0.371277915632754 0.306451612903226 34.7292649488379 1 -1 0 
1 1240 7 23 0.40445301542777 0.487903225806452 5.99784067921869 1 1 0 
0 1240 7.6 22 0.382056451612903 0.329637096774194 40.2549129545607 1 -1 0 
1 1250 7 23 0.574932795698925 0.553225806451613 6.23609490821088 1 1 0 
0 1250 7.6 22 0.418548387096774 0.331989247311828 15.9181313302442 1 -1 0 
1 1260 7 23 0.508064516129032 0.620967741935484 2.28824561127074 1 1 0 
0 1260 7.6 22 0.361827956989247 0.354838709677419 4 1 -1 0 
1 1270 7 23 0.444022770398482 0.612903225806452 3.78444003919156 1 1 0 
0 1270 7.6 22 0.36950146627566 0.393145161290323 1.58113883008419 1 -1 0 
1 1280 7 23 0.586100569259962 0.56989247311828 23.2976046103024 1 1 0 
0 1280 7.6 22 0.410906298003072 0.530241935483871 4.92442890089805 1 -1 0 
1 1290 7 23 0.561217008797654 0.649193548387097 48.6893796197143 1 1 0 
0 1290 7.6 22 0.491397849462366 0.465725806451613 30.2076149339864 1 -1 0 
1 1300 7 23 0.601814516129032 0.646505376344086 49.229907539493 1 0 0 
0 1300 7.6 23 0.579301075268817 0.338709677419355 51.662365412358 1 0 0 
1 1310 7 23 0.657568238213399 0.810483870967742 3.16227766016838 1 0 0 
0 1310 7.6 23 0.579301075268817 0.330645161290323 48.5926949242373 1 0 0 
