1 30 9.6 1 NaN 0.28828125 13.7175714207868 1 0 -1 
0 30 4.8 1 NaN 0.3515625 34.7233047836691 2 0 1 
1 40 9.6 1 0.39453125 0.309375 17.4131133782566 1 0 -1 
0 40 4.8 1 0.36328125 0.36796875 34.4033009941295 2 0 1 
1 50 9.6 1 0.39453125 0.36953125 20.3378464927923 1 0 -1 
0 50 4.8 1 0.35546875 0.40859375 34.9345161081381 2 0 1 
1 60 9.6 1 0.479549632352941 0.48203125 33.6128510260776 1 0 -1 
0 60 4.8 1 0.409375 0.47890625 32.2485147653279 2 0 1 
1 70 9.6 1 0.505514705882353 0.5078125 32.3813677734948 1 0 -1 
0 70 4.8 1 0.455859375 0.453125 34.9501521205826 2 0 1 
1 80 9.6 1 0.465625 0.52265625 34.1213725169121 1 0 -1 
0 80 4.8 1 0.423233695652174 0.40078125 49.1677829823394 2 0 1 
1 90 9.6 1 0.482996323529412 0.5234375 30.1901254834434 1 0 -1 
0 90 4.8 1 0.389404296875 0.41171875 35.1162968529135 2 0 1 
1 100 9.6 2 0.537109375 0.51171875 36.4325666229245 1 1 -1 
0 100 4.8 1 0.413225446428571 0.4171875 34.3705817383471 2 -1 1 
1 110 9.6 2 0.501953125 0.53828125 42.8382014020975 1 0 -1 
0 110 4.8 2 0.388237847222222 0.4267578125 22.7228605136459 2 0 1 
1 120 9.6 2 0.504438920454545 0.53125 37.5572092259315 1 0 -1 
0 120 4.8 2 0.412760416666667 0.37890625 35.4555618321522 2 0 1 
1 130 9.6 3 0.511501736111111 0.5375 28.9890314849185 1 1 -1 
0 130 4.8 2 0.437065972222222 0.39921875 31.2538552905888 2 -1 1 
1 140 9.6 3 0.489583333333333 0.515625 29.2238818181752 1 1 -1 
0 140 4.8 2 0.40703125 0.46953125 35.9464447767299 2 -1 1 
1 150 9.6 3 0.486002604166667 0.4873046875 36.7232007780548 1 0 -1 
0 150 4.8 3 0.436848958333333 0.45390625 20.0522692790031 2 0 1 
1 160 9.6 3 0.4755859375 0.462890625 35.5922385431817 1 0 -1 
0 160 4.8 3 0.456705729166667 0.4828125 19.818661892431 2 0 1 
1 170 9.6 3 0.434895833333333 0.43125 33.3387397471568 1 0 -1 
0 170 4.8 3 0.432081653225806 0.471875 9.44805842523436 2 0 1 
1 180 9.6 4 0.4595703125 0.427734375 29.2107743080963 1 0 -1 
0 180 4.8 4 0.452275815217391 0.49765625 13.6395021743935 2 0 1 
1 190 9.6 4 0.468060661764706 0.45703125 29.3668101781153 1 0 -1 
0 190 4.8 4 0.501027960526316 0.46953125 14.1783404486864 2 0 1 
1 200 9.6 4 0.449962797619048 0.4091796875 38.3761295245459 1 0 -1 
0 200 4.8 4 0.440398185483871 0.49453125 10.4398811570598 2 0 1 
1 210 9.6 4 0.461216517857143 0.4296875 28.9176173192487 1 0 -1 
0 210 4.8 4 0.43701171875 0.4796875 6.14018148695617 2 0 1 
1 220 9.6 5 0.476029829545455 0.4234375 46.8207228615621 1 0 -1 
0 220 4.8 5 0.4607421875 0.4546875 30.0419269079097 2 0 1 
1 230 9.6 5 0.462535511363636 0.44921875 42.1511832891071 1 0 -1 
0 230 4.8 5 0.407315340909091 0.45078125 31.325877906248 2 0 1 
1 240 9.6 5 0.490542763157895 0.4265625 40.8575951857484 1 0 -1 
0 240 4.8 5 0.41015625 0.46953125 36.4169973702009 2 0 1 
1 250 9.6 6 0.479403409090909 0.4390625 41.6138582504912 1 0 -1 
0 250 4.8 6 0.468563988095238 0.46875 22.9172965462868 2 0 1 
1 260 9.6 6 0.464599609375 0.459375 28.3449939455853 1 0 -1 
0 260 4.8 6 0.422395833333333 0.50625 23.3101373875152 2 0 1 
1 270 9.6 6 0.478430706521739 0.50078125 23.6026925548343 1 0 -1 
0 270 4.8 6 0.399658203125 0.4404296875 31.5744611611831 2 0 1 
1 280 9.6 6 0.491970486111111 0.48203125 25.1169378256158 1 0 -1 
0 280 4.8 6 0.480263157894737 0.4853515625 37.5144177156884 2 0 1 
1 290 9.6 7 0.456163194444444 0.51015625 31.178263831008 1 1 -1 
0 290 4.8 6 0.431082589285714 0.403125 45.7345816479395 2 -1 1 
1 300 9.6 7 0.452604166666667 0.475 39.0098317391448 1 0 -1 
0 300 4.8 7 0.429276315789474 0.40078125 26.7078983832318 2 0 1 
1 310 9.6 7 0.508345170454545 0.4890625 29.2768471589584 1 0 -1 
0 310 4.8 7 0.447482638888889 0.384375 28.3791856586009 2 0 1 
1 320 9.6 7 0.480625 0.54140625 16.6291419307459 1 0 -1 
0 320 4.8 7 0.407118055555556 0.44296875 23.3567381979238 2 0 1 
1 330 9.6 7 0.481282552083333 0.5296875 22.9797069929936 1 0 -1 
0 330 4.8 7 0.439555921052632 0.4328125 33.8163506292834 2 0 1 
1 340 9.6 7 0.4984375 0.4931640625 37.8678228872722 1 0 -1 
0 340 4.8 7 0.46875 0.44140625 18.1393110013295 2 0 1 
1 350 9.6 8 0.465376420454545 0.517578125 32.6423623294871 1 0 -1 
0 350 4.8 8 0.4425 0.45625 13.9718223082576 2 0 1 
1 360 9.6 8 0.458639705882353 0.4267578125 37.1622467034524 1 0 -1 
0 360 4.8 8 0.427989130434783 0.47578125 7.65721852279327 2 0 1 
1 370 9.6 8 0.483289930555556 0.337890625 41.9344726925235 1 0 -1 
0 370 4.8 8 0.470269097222222 0.4921875 4.16915576437352 2 0 1 
1 380 9.6 8 0.478081597222222 0.32421875 48.6657268694834 1 -1 -1 
0 380 4.8 9 0.4375 0.5 23.6390811316895 2 1 1 
1 390 9.6 8 0.479166666666667 0.30234375 36.9857607043552 1 -1 -1 
0 390 4.8 9 0.44242527173913 0.4171875 36.9283662686526 2 1 1 
1 400 9.6 9 0.497581845238095 0.3984375 44.6377731285717 1 0 -1 
0 400 4.8 9 0.44580078125 0.41953125 19.197530630353 2 0 1 
1 410 9.6 9 0.482421875 0.48046875 35.6982171956631 1 0 -1 
0 410 4.8 9 0.400985054347826 0.43828125 27.3592830774889 2 0 1 
1 420 9.6 9 0.488051470588235 0.5185546875 23.8879969258539 1 -1 -1 
0 420 4.8 10 0.421875 0.4328125 30.7452917394318 2 1 1 
1 430 9.6 9 0.47728587962963 0.490234375 26.9162727487103 1 -1 -1 
0 430 4.8 10 0.462890625 0.44140625 29.7877389753062 2 1 1 
1 440 9.6 9 0.476207386363636 0.440625 35.2579515989493 1 -1 -1 
0 440 4.8 10 0.419782366071429 0.47890625 22.4800676257126 2 1 1 
1 450 9.6 10 0.47859375 0.45859375 28.1175912737021 1 0 -1 
0 450 4.8 10 0.426153273809524 0.4640625 29.132792652058 2 0 1 
1 460 9.6 10 0.477463942307692 0.48046875 46.1322320338297 1 -1 -1 
0 460 4.8 11 0.472806490384615 0.4765625 2.31348723754124 2 1 1 
1 470 9.6 11 0.443244485294118 0.51328125 50.7725076554392 1 0 -1 
0 470 4.8 11 0.438755580357143 0.442708333333333 31.201887356212 2 0 1 
1 480 9.6 11 0.513392857142857 0.54375 46.9559561452513 1 0 -1 
0 480 4.8 11 0.414794921875 0.467447916666667 39.164642619089 2 0 1 
1 490 9.6 11 0.494891826923077 0.51953125 23.5718480893607 1 0 -1 
0 490 4.8 11 0.418619791666667 0.31953125 47.5365150028317 2 0 1 
1 500 9.6 11 0.475534539473684 0.5234375 13.1001209406723 1 0 -1 
0 500 4.8 11 0.395109953703704 0.4375 32.5454622012575 2 0 1 
1 510 9.6 11 0.475413602941177 0.54296875 3.90751013665851 1 0 -1 
0 510 4.8 11 0.4328125 0.434895833333333 13.3387198834439 2 0 1 
1 520 9.6 11 0.476222826086957 0.54296875 2.36475873878225 1 0 -1 
0 520 4.8 11 0.456620065789474 0.440104166666667 10.2709183952807 2 0 1 
1 530 9.6 12 0.4696875 0.53359375 7.70699771357573 1 1 -1 
0 530 4.8 11 0.420662715517241 0.350260416666667 46.6979216123939 2 -1 1 
1 540 9.6 12 0.4921875 0.5328125 18.063395211161 1 1 -1 
0 540 4.8 11 0.454427083333333 0.3486328125 38.5969529278482 2 -1 1 
1 550 9.6 12 0.507595486111111 0.5375 23.6930079046265 1 0 -1 
0 550 4.8 12 0.499770220588235 0.3623046875 29.2568277729864 2 0 1 
1 560 9.6 12 0.475446428571429 0.54140625 28.5241851991629 1 0 -1 
0 560 4.8 12 0.447690217391304 0.375 29.1144727705091 2 0 1 
1 570 9.6 12 0.494140625 0.5166015625 29.0633698978793 1 0 -1 
0 570 4.8 12 0.43359375 0.43671875 21.0645892536734 2 0 1 
1 580 9.6 13 0.506663602941176 0.4921875 26.4214562455994 1 1 -1 
0 580 4.8 12 0.436941964285714 0.4703125 24.1516958361853 2 -1 1 
1 590 9.6 13 0.478732638888889 0.494140625 19.8080034447153 1 0 -1 
0 590 4.8 13 0.413432459677419 0.45546875 27.944339295498 2 0 1 
1 600 9.6 13 0.455797697368421 0.46484375 26.9388483214884 1 0 -1 
0 600 4.8 13 0.444957386363636 0.47265625 32.3283828288702 2 0 1 
1 610 9.6 13 0.459201388888889 0.462890625 24.6625541034673 1 0 -1 
0 610 4.8 13 0.485894097222222 0.478125 18.6593884199032 2 0 1 
1 620 9.6 13 0.446340460526316 0.5048828125 6.08396017335543 1 0 -1 
0 620 4.8 13 0.433035714285714 0.490885416666667 24.3360683149019 2 0 1 
1 630 9.6 13 0.45546875 0.5537109375 4.83803111212304 1 0 -1 
0 630 4.8 13 0.449055989583333 0.466145833333333 23.5940496944966 2 0 1 
1 640 9.6 14 0.4794921875 0.46875 26.321133253119 1 1 -1 
0 640 4.8 13 0.497691761363636 0.427083333333333 32.7974180104046 2 -1 1 
1 650 9.6 14 0.4794921875 0.48671875 33.3909738699532 1 1 -1 
0 650 4.8 13 0.452047413793103 0.2509765625 27.9821579329186 2 -1 1 
1 660 9.6 14 0.461237980769231 0.50390625 22.6648411120948 1 1 -1 
0 660 4.8 13 0.4375 0.30078125 19.4065233732691 2 -1 1 
1 670 9.6 14 0.454613095238095 0.55 20.7772573145936 1 0 -1 
0 670 4.8 14 0.482421875 0.3544921875 5.59473365989424 2 0 1 
1 680 9.6 14 0.449388586956522 0.59765625 5.75137272905673 1 0 -1 
0 680 4.8 14 0.425625 0.28125 26.190628060952 2 0 1 
1 690 9.6 15 0.480096726190476 0.603125 10.1806281009304 1 1 -1 
0 690 4.8 14 0.418585526315789 0.1484375 0 2 -1 1 
1 700 9.6 15 0.471413352272727 0.55 10.2436453206705 1 1 -1 
0 700 4.8 14 0.468470982142857 0.37890625 0 2 -1 1 
1 710 9.6 15 0.465006510416667 0.52421875 4.82251227666105 1 1 -1 
0 710 4.8 14 0.420084635416667 0.39453125 0 2 -1 1 
1 720 9.6 15 0.504794034090909 0.5234375 2.98142396999972 1 1 -1 
0 720 4.8 14 0.426595052083333 0.25390625 37.7585074389043 2 -1 1 
1 730 9.6 15 0.466881793478261 0.524739583333333 2.1832696406815 1 1 -1 
0 730 4.8 14 0.448974609375 0.337890625 36.8184236167779 2 -1 1 
1 740 9.6 15 0.471604567307692 0.434895833333333 27.1623438292688 1 0 -1 
0 740 4.8 15 0.411808894230769 0.4375 31.7054021224277 2 0 1 
1 750 9.6 16 0.48375 0.319010416666667 20.2621375940727 1 1 -1 
0 750 4.8 15 0.437677556818182 0.490234375 28.6806036760494 2 -1 1 
1 760 9.6 16 0.493326822916667 0.340625 41.8515476731878 1 1 -1 
0 760 4.8 15 0.494904891304348 0.4203125 43.1078283179711 2 -1 1 
1 770 9.6 16 0.474609375 0.37265625 40.4806379536109 1 1 -1 
0 770 4.8 15 0.453404017857143 0.39765625 43.2857950172318 2 -1 1 
1 780 9.6 16 0.464133522727273 0.5009765625 25.5669667699062 1 0 -1 
0 780 4.8 16 0.440487132352941 0.4365234375 24.2456220147587 2 0 1 
1 790 9.6 16 0.491536458333333 0.498046875 18.3629017737284 1 0 -1 
0 790 4.8 16 0.509895833333333 0.4814453125 17.3888989504851 2 0 1 
1 800 9.6 16 0.454345703125 0.5234375 13.847650874825 1 0 -1 
0 800 4.8 16 0.441261574074074 0.462890625 2.26412843185123 2 0 1 
1 810 9.6 16 0.4501953125 0.529296875 6.15282211606018 1 0 -1 
0 810 4.8 16 0.430989583333333 0.44921875 3.13497278242922 2 0 1 
1 820 9.6 17 0.502485795454545 0.478125 33.4391524575811 1 1 -1 
0 820 4.8 16 0.5029296875 0.30859375 32.0485942042145 2 -1 1 
1 830 9.6 17 0.474739583333333 0.48046875 29.6723445795351 1 1 -1 
0 830 4.8 16 0.4309375 0.4091796875 20.3498030023236 2 -1 1 
1 840 9.6 17 0.492876838235294 0.4921875 18.6785516100035 1 1 -1 
0 840 4.8 16 0.4060546875 0.4150390625 25.3108219801834 2 -1 1 
1 850 9.6 17 0.563920454545455 0.5625 23.0660476756641 1 1 -1 
0 850 4.8 16 0.484933035714286 0.3701171875 49.2350887581853 2 -1 1 
1 860 9.6 17 0.520089285714286 0.5875 26.3491723044073 1 0 -1 
0 860 4.8 17 0.425944010416667 0.388671875 45.2819533957826 2 0 1 
1 870 9.6 17 0.417410714285714 0.59375 33.9449616318818 1 0 -1 
0 870 4.8 17 0.386997767857143 0.3994140625 49.0923599517278 2 0 1 
1 880 9.6 17 0.5328125 0.58671875 35.9140702091464 1 0 -1 
0 880 4.8 17 0.4529296875 0.4345703125 53.7955335488012 2 0 1 
1 890 9.6 18 0.485262784090909 0.5859375 34.4441813898754 1 1 -1 
0 890 4.8 17 0.42828125 0.439453125 57.926419487354 2 -1 1 
1 900 9.6 18 0.463641826923077 0.5828125 35.1216599576482 1 1 -1 
0 900 4.8 17 0.430147058823529 0.396484375 57.6277959558856 2 -1 1 
1 910 9.6 18 0.542410714285714 0.6046875 34.2061678547308 1 1 -1 
0 910 4.8 17 0.475446428571429 0.390625 46.3205276299239 2 -1 1 
1 920 9.6 18 0.513888888888889 0.5671875 23.4372447243354 1 1 -1 
0 920 4.8 17 0.460018382352941 0.3984375 28.3712215807763 2 -1 1 
1 930 9.6 18 0.467881944444444 0.52890625 20.5514748025249 1 1 -1 
0 930 4.8 17 0.39208984375 0.4423828125 7.42986121330877 2 -1 1 
1 940 9.6 19 0.534539473684211 0.5515625 4.74768154307671 1 2 -1 
0 940 4.8 17 0.509014423076923 0.4296875 3.66357202753283 2 -2 1 
1 950 9.6 19 0.496844951923077 0.5640625 9.61107998071823 1 2 -1 
0 950 4.8 17 0.462993421052632 0.3095703125 26.2744003602848 2 -2 1 
1 960 9.6 19 0.49560546875 0.56328125 16.2919120450615 1 2 -1 
0 960 4.8 17 0.410807291666667 0.32421875 3.84990118229706 2 -2 1 
1 970 9.6 19 0.53125 0.5484375 15.5483954000655 1 2 -1 
0 970 4.8 17 0.458984375 0.3203125 9.21800574594061 2 -2 1 
1 980 9.6 19 0.503004807692308 0.5515625 17.5109242173521 1 1 -1 
0 980 4.8 18 0.426970108695652 0.356770833333333 28.963524138653 2 -1 1 
1 990 9.6 19 0.516875 0.54375 26.7251904250398 1 1 -1 
0 990 4.8 18 0.406467013888889 0.298828125 50.6891141537633 2 -1 1 
1 1000 9.6 19 0.598090277777778 0.5361328125 35.257434344065 1 1 -1 
0 1000 4.8 18 0.400669642857143 0.3525390625 47.2610153630906 2 -1 1 
1 1010 9.6 20 0.544224330357143 0.578125 21.2651898545762 1 2 -1 
0 1010 4.8 18 0.367578125 0.328125 47.5466145039274 2 -2 1 
1 1020 9.6 20 0.470833333333333 0.533854166666667 38.2183891207742 1 1 -1 
0 1020 4.8 19 0.343424479166667 0.384375 53.5591848087216 2 -1 1 
1 1030 9.6 20 0.566685267857143 0.522135416666667 42.7544285448714 1 1 -1 
0 1030 4.8 19 0.420572916666667 0.41328125 50.4804701417517 2 -1 1 
1 1040 9.6 20 0.519325657894737 0.541666666666667 49.9153964205377 1 1 -1 
0 1040 4.8 19 0.433810763888889 0.4515625 49.8028242675829 2 -1 1 
1 1050 9.6 20 0.500558035714286 0.548177083333333 49.5030587987999 1 1 -1 
0 1050 4.8 19 0.416748046875 0.42109375 48.8392445715517 2 -1 1 
1 1060 9.6 20 0.5615234375 0.563802083333333 49.3217233108557 1 1 -1 
0 1060 4.8 19 0.4658203125 0.37265625 27.0052762821164 2 -1 1 
1 1070 9.6 20 0.501775568181818 0.4375 52.4250883530434 1 1 -1 
0 1070 4.8 19 0.395596590909091 0.37265625 16.867201811231 2 -1 1 
1 1080 9.6 20 0.428571428571429 0.396875 46.7744433254653 0 0 -2 
0 1080 4.8 20 0.383984375 0.41640625 21.8210920431596 2 0 2 
1 1090 9.6 20 0.53515625 0.45703125 39.9680938123317 0 0 -2 
0 1090 4.8 20 0.4716796875 0.427734375 30.7622460153319 2 0 2 
1 1100 9.6 20 0.4736328125 0.4990234375 37.4894594419139 0 0 -2 
0 1100 4.8 20 0.448214285714286 0.4658203125 26.5561937688968 2 0 2 
1 1110 9.6 20 0.44140625 0.4833984375 9.86174524996122 0 0 -2 
0 1110 4.8 20 0.491935483870968 0.470703125 9.34637941829653 2 0 2 
1 1120 9.6 20 0.498883928571429 0.5126953125 8.24690448092069 0 0 -2 
0 1120 4.8 20 0.4921875 0.439453125 5.20168943299958 2 0 2 
1 1130 9.6 21 0.446707589285714 0.544921875 4.60916101843061 0 1 -2 
0 1130 4.8 20 0.439034598214286 0.474609375 25.460754112948 2 -1 2 
1 1140 9.6 21 0.443033854166667 0.6171875 0.853553390593274 0 1 -2 
0 1140 4.8 20 0.472806490384615 0.42578125 0 2 -1 2 
1 1150 9.6 21 0.596540178571429 0.5751953125 11.2988088548801 0 1 -2 
0 1150 4.8 20 0.529747596153846 0.328125 0 2 -1 2 
1 1160 9.6 21 0.495535714285714 0.465625 35.1711439071337 0 1 -2 
0 1160 4.8 20 0.4478125 0.26171875 36.2215405525497 2 -1 2 
1 1170 9.6 21 0.4095703125 0.47421875 13.6678220273903 0 1 -2 
0 1170 4.8 20 0.479959239130435 0.3828125 31.4682379551191 2 -1 2 
1 1180 9.6 21 0.541015625 0.50234375 2.87791421974923 0 1 -2 
0 1180 4.8 20 0.548483455882353 0.478515625 1.80277563773199 2 -1 2 
1 1190 9.6 21 0.541015625 0.521875 1.66625692843561 0 0 -2 
0 1190 4.8 21 0.553308823529412 NaN NaN 2 0 2 
1 1200 9.6 21 0.313616071428571 NaN NaN 0 0 -2 
0 1200 4.8 21 0.603794642857143 NaN NaN 2 0 2 
