1 30 10.8 1 NaN 0.229838709677419 23.3924930363453 3 0 0 
0 30 6.4 1 NaN 0.235483870967742 11.2030571312466 3 0 0 
1 40 10.8 1 NaN 0.220967741935484 26.2367577492234 3 0 0 
0 40 6.4 1 NaN 0.309677419354839 14.2676309208067 3 0 0 
1 50 10.8 1 0.383064516129032 0.30241935483871 34.2227518651679 3 0 0 
0 50 6.4 1 0.380376344086022 0.350806451612903 27.3260953445799 3 0 0 
1 60 10.8 1 0.383064516129032 0.432258064516129 24.9974169803254 3 0 0 
0 60 6.4 1 0.383064516129032 0.486290322580645 26.3238626487576 3 0 0 
1 70 10.8 1 0.401315789473684 0.469354838709677 21.0725311671971 3 0 0 
0 70 6.4 1 0.395161290322581 0.479838709677419 21.9338126418096 3 0 0 
1 80 10.8 1 0.468443197755961 0.459677419354839 23.2169355954672 3 0 0 
0 80 6.4 1 0.478372434017595 0.505645161290323 26.6907717306183 3 0 0 
1 90 10.8 1 0.418381535038932 0.471774193548387 23.0523869352089 3 0 0 
0 90 6.4 1 0.403897849462366 0.495161290322581 25.9869318020199 3 0 0 
1 100 10.8 1 0.415898617511521 0.454838709677419 22.1615717662543 3 0 0 
0 100 6.4 1 0.404277699859748 0.491935483870968 25.8459254832479 3 0 0 
1 110 10.8 1 0.478629032258065 0.443548387096774 21.973785559182 3 -1 0 
0 110 6.4 2 0.489656381486676 0.512096774193548 23.7054853938482 3 1 0 
1 120 10.8 2 0.410734149054505 0.455645161290323 24.5498341132016 3 0 0 
0 120 6.4 2 0.422127016129032 0.469758064516129 25.8914159753879 3 0 0 
1 130 10.8 2 0.416090629800307 0.485215053763441 17.9251313935687 3 0 0 
0 130 6.4 2 0.394777265745008 0.46875 26.3628724711871 3 0 0 
1 140 10.8 2 0.477150537634409 0.46505376344086 15.284293545183 3 0 0 
0 140 6.4 2 0.463709677419355 0.431451612903226 28.1650274645823 3 0 0 
1 150 10.8 3 0.429740957966764 0.398185483870968 44.4691278327024 3 0 0 
0 150 6.4 3 0.407556750298686 0.399193548387097 37.2804012018638 3 0 0 
1 160 10.8 3 0.429172510518934 0.416935483870968 35.8423688328791 3 0 0 
0 160 6.4 3 0.400254668930391 0.467741935483871 26.1011601020993 3 0 0 
1 170 10.8 3 0.491935483870968 0.433870967741935 21.9870516939026 3 0 0 
0 170 6.4 3 0.465370018975332 0.492741935483871 19.261419529014 3 0 0 
1 180 10.8 4 0.416295884315907 0.453225806451613 27.5743020558904 3 0 0 
0 180 6.4 4 0.414021852237253 0.511290322580645 25.2955227240008 3 0 0 
1 190 10.8 4 0.389112903225806 0.462903225806452 26.3594831934098 3 0 0 
0 190 6.4 4 0.412250384024578 0.513709677419355 23.8042173282473 3 0 0 
1 200 10.8 4 0.458183990442055 0.469354838709677 25.4639284964446 3 0 0 
0 200 6.4 4 0.46984572230014 0.495161290322581 25.867959167551 3 0 0 
1 210 10.8 4 0.409032258064516 0.508064516129032 18.0882767054756 3 0 0 
0 210 6.4 4 0.400806451612903 0.473387096774194 20.5884586111729 3 0 0 
1 220 10.8 5 0.44047619047619 0.502016129032258 28.5803087804402 3 1 0 
0 220 6.4 4 0.411290322580645 0.432258064516129 26.9630742673975 3 -1 0 
1 230 10.8 5 0.484543010752688 0.487903225806452 19.5703086583353 3 0 0 
0 230 6.4 5 0.464285714285714 0.461290322580645 18.4610878762208 3 0 0 
1 240 10.8 5 0.407258064516129 0.493951612903226 16.2481131881616 3 0 0 
0 240 6.4 5 0.383064516129032 0.443548387096774 13.4157264175619 3 0 0 
1 250 10.8 5 0.404185867895545 0.414516129032258 30.6956474790994 3 0 0 
0 250 6.4 5 0.393951612903226 0.474798387096774 7.87124916296665 3 0 0 
1 260 10.8 6 0.46875 0.428225806451613 27.2471889649579 3 0 0 
0 260 6.4 6 0.486895161290323 0.419354838709677 26.9388541081955 3 0 0 
1 270 10.8 6 0.41747311827957 0.342741935483871 32.4088957195513 3 0 0 
0 270 6.4 6 0.383064516129032 0.437903225806452 32.5709629737147 3 0 0 
1 280 10.8 6 0.405846774193548 0.351814516129032 33.4565651083922 3 0 0 
0 280 6.4 6 0.396914446002805 0.487903225806452 17.6104427458666 3 0 0 
1 290 10.8 6 0.469556451612903 0.423387096774194 23.9681883381885 3 0 0 
0 290 6.4 6 0.479032258064516 0.518548387096774 21.9100538275957 3 0 0 
1 300 10.8 6 0.405707196029777 0.424193548387097 26.3727314452131 3 0 0 
0 300 6.4 6 0.430596285434995 0.548387096774194 9.46551986920778 3 0 0 
1 310 10.8 7 0.428646563814867 0.47883064516129 24.1833878923684 3 1 0 
0 310 6.4 6 0.415505865102639 0.491935483870968 13.6172435877048 3 -1 0 
1 320 10.8 7 0.483095533498759 0.47883064516129 26.9920273305091 3 1 0 
0 320 6.4 6 0.470161290322581 0.38508064516129 43.8963589676935 3 -1 0 
1 330 10.8 7 0.425472747497219 0.416129032258065 38.1700744990183 3 0 0 
0 330 6.4 7 0.392531556802244 0.368548387096774 43.0208694850497 3 0 0 
1 340 10.8 7 0.435887096774194 0.479032258064516 23.8913840241031 3 0 0 
0 340 6.4 7 0.383776091081594 0.424395161290323 28.1783538113725 3 0 0 
1 350 10.8 8 0.458039314516129 0.478494623655914 34.0759294900547 3 1 0 
0 350 6.4 7 0.450146627565982 0.484879032258065 28.9501146005578 3 -1 0 
1 360 10.8 8 0.445645161290323 0.48252688172043 27.7572223505755 3 1 0 
0 360 6.4 7 0.392137096774194 0.328629032258065 55.5202665699652 3 -1 0 
1 370 10.8 8 0.501861042183623 0.360887096774194 37.7606305844258 3 1 0 
0 370 6.4 7 0.384305210918114 0.399193548387097 26.8560980039916 3 -1 0 
1 380 10.8 9 0.479082661290323 0.34375 33.2502406510819 3 2 0 
0 380 6.4 7 0.438172043010753 0.281451612903226 37.9635656261453 3 -2 0 
1 390 10.8 9 0.467088055797733 0.446774193548387 25.2494630251581 3 1 0 
0 390 6.4 8 0.380152329749104 0.341129032258065 30.5058268409111 3 -1 0 
1 400 10.8 9 0.491095430107527 0.465322580645161 21.4502449521088 3 1 0 
0 400 6.4 8 0.383064516129032 0.4 25.2118760388649 3 -1 0 
1 410 10.8 10 0.501290322580645 0.510483870967742 20.814857922645 3 2 0 
0 410 6.4 8 0.455645161290323 0.417338709677419 14.0576502631931 3 -2 0 
1 420 10.8 10 0.445295698924731 0.496639784946237 11.5422863987553 3 2 0 
0 420 6.4 8 0.377688172043011 0.467741935483871 17.6800039955206 3 -2 0 
1 430 10.8 10 0.467573924731183 0.52258064516129 21.2492185478128 3 2 0 
0 430 6.4 8 0.391129032258065 0.456989247311828 22.103780144331 3 -2 0 
1 440 10.8 10 0.497263824884793 0.496975806451613 17.0388916444924 3 1 0 
0 440 6.4 9 0.455069124423963 0.326612903225806 22.2557364679122 3 -1 0 
1 450 10.8 10 0.425115207373272 0.515120967741936 14.6391185406526 3 1 0 
0 450 6.4 9 0.409400201612903 0.341129032258065 20.9228029868999 3 -1 0 
1 460 10.8 11 0.437596006144393 0.52116935483871 15.8170989469276 3 2 0 
0 460 6.4 9 0.403225806451613 0.423387096774194 12.0904924731008 3 -2 0 
1 470 10.8 11 0.494758064516129 0.508064516129032 14.3073520667534 3 2 0 
0 470 6.4 9 0.455490074441687 0.462701612903226 7.2840457076509 3 -2 0 
1 480 10.8 11 0.451129032258065 0.463709677419355 20 3 1 0 
0 480 6.4 10 0.434289127837515 0.477150537634409 8.33583095580979 3 -1 0 
1 490 10.8 11 0.416090629800307 0.465725806451613 10.7004672795163 3 1 0 
0 490 6.4 10 0.383064516129032 0.391129032258065 33.4073036099069 3 -1 0 
1 500 10.8 11 0.452732974910394 0.296370967741936 37.6364185331176 3 1 0 
0 500 6.4 10 0.433019713261649 0.408870967741935 30.2859826247715 3 -1 0 
1 510 10.8 11 0.441100230414747 0.308467741935484 41.761052082041 3 1 0 
0 510 6.4 10 0.394516129032258 0.347782258064516 29.721884762375 3 -1 0 
1 520 10.8 12 0.431653225806452 0.394153225806452 16.3347873434648 3 2 0 
0 520 6.4 10 0.399697580645161 0.366935483870968 27.9264613853639 3 -2 0 
1 530 10.8 12 0.471986417657046 0.388709677419355 29.5914782686937 3 1 0 
0 530 6.4 11 0.449764784946237 0.417338709677419 16.0560559358581 3 -1 0 
1 540 10.8 12 0.38239247311828 0.415322580645161 21.4174593544546 3 1 0 
0 540 6.4 11 0.431868743047831 0.420161290322581 28.1170129172857 3 -1 0 
1 550 10.8 12 0.392614601018676 0.450268817204301 14.3606676733195 3 1 0 
0 550 6.4 11 0.468488649940263 0.47258064516129 20.0194214503474 3 -1 0 
1 560 10.8 12 0.441377171215881 0.438172043010753 15.7191526155172 3 1 0 
0 560 6.4 11 0.501935483870968 0.516129032258065 12.2986144187476 3 -1 0 
1 570 10.8 12 0.402217741935484 0.372983870967742 32.2276977301407 3 1 0 
0 570 6.4 11 0.441444600280505 0.5 13.5611396839817 3 -1 0 
1 580 10.8 12 0.394794721407625 0.421370967741936 21.1094872113272 3 1 0 
0 580 6.4 11 0.394354838709677 0.506451612903226 23.4631492930436 3 -1 0 
1 590 10.8 13 0.472198641765705 0.455645161290323 26.3508042681923 3 1 0 
0 590 6.4 12 0.461405529953917 0.5 24.3725580362421 3 -1 0 
1 600 10.8 13 0.414354838709677 0.411290322580645 32.6512687217244 3 1 0 
0 600 6.4 12 0.420564516129032 0.314516129032258 46.1735855224608 3 -1 0 
1 610 10.8 13 0.410413744740533 0.387096774193548 49.6772312159881 3 1 0 
0 610 6.4 12 0.398233486943164 0.379032258064516 25.1246890528022 3 -1 0 
1 620 10.8 13 0.450182101977107 0.474798387096774 22.4128055178347 3 1 0 
0 620 6.4 12 0.44828190743338 0.362903225806452 42.1695301885365 3 -1 0 
1 630 10.8 14 0.421526054590571 0.454838709677419 41.6498663770311 3 2 0 
0 630 6.4 12 0.442036290322581 0.23991935483871 28.8198921973221 3 -2 0 
1 640 10.8 14 0.489454094292804 0.504032258064516 23.8276818976189 3 2 0 
0 640 6.4 12 0.394354838709677 0.254032258064516 21.5675890596332 3 -2 0 
1 650 10.8 14 0.504962779156327 0.494959677419355 21.6800079389432 3 2 0 
0 650 6.4 12 0.413461538461538 0.365591397849462 18.190405372278 3 -2 0 
1 660 10.8 14 0.469758064516129 0.498991935483871 24.7880711274144 3 2 0 
0 660 6.4 12 0.404156327543424 0.357862903225806 29.7296087085198 3 -2 0 
1 670 10.8 14 0.434307795698925 0.515120967741936 34.6773234510613 3 1 0 
0 670 6.4 13 0.400201612903226 0.318548387096774 26.7098128107672 3 -1 0 
1 680 10.8 15 0.517305107526882 0.525201612903226 33.8996327806322 3 2 0 
0 680 6.4 13 0.450268817204301 0.426612903225806 19.9450459621074 3 -2 0 
1 690 10.8 15 0.48823016564952 0.484879032258065 33.5123642961788 3 2 0 
0 690 6.4 13 0.358504398826979 0.437096774193548 23.842436708176 3 -2 0 
1 700 10.8 15 0.477559607293128 0.457661290322581 47.8479807150731 3 2 0 
0 700 6.4 13 0.373655913978495 0.375 19.2428059481793 3 -2 0 
1 710 10.8 16 0.557347670250896 0.480846774193548 35.4103099751191 3 3 0 
0 710 6.4 13 0.368951612903226 0.370967741935484 24.3310501211929 3 -3 0 
1 720 10.8 16 0.515472618154539 0.561827956989247 25.9643956282458 3 3 0 
0 720 6.4 13 0.32258064516129 0.36491935483871 25.1097590589794 3 -3 0 
1 730 10.8 16 0.536550468262227 0.55510752688172 12.2878380038595 3 2 0 
0 730 6.4 14 0.401209677419355 0.240927419354839 27.3245160640812 3 -2 0 
1 740 10.8 16 0.588839750260146 0.506048387096774 47.029001678577 3 2 0 
0 740 6.4 14 0.411962365591398 0.242741935483871 21.3753890278448 3 -2 0 
1 750 10.8 16 0.476460331299041 0.456653225806452 40.9860308307544 3 2 0 
0 750 6.4 14 0.334229390681004 0.308870967741935 13.7080634801134 3 -2 0 
1 760 10.8 16 0.441935483870968 0.487903225806452 10.181366533827 3 2 0 
0 760 6.4 14 0.37258064516129 0.42258064516129 12.4378383912141 3 -2 0 
1 770 10.8 16 0.546252371916509 0.520161290322581 3.35483170074866 3 2 0 
0 770 6.4 14 0.399193548387097 0.461693548387097 3.12321118042349 3 -2 0 
1 780 10.8 16 0.470276497695853 0.548387096774194 6.74124519243645 3 2 0 
0 780 6.4 14 0.356518817204301 0.424731182795699 7.83754438172249 3 -2 0 
1 790 10.8 17 0.418586789554531 0.375 34.23813663154 3 2 0 
0 790 6.4 15 0.384724857685009 0.435483870967742 1.5 3 -2 0 
1 800 10.8 17 0.523991935483871 0.355846774193548 42.1698761904833 3 2 0 
0 800 6.4 15 0.42831541218638 0.298387096774194 41.2704494765928 3 -2 0 
1 810 10.8 17 0.455156402737048 0.41633064516129 42.7422789906256 3 2 0 
0 810 6.4 15 0.361260454002389 0.340725806451613 1.11803398874989 3 -2 0 
1 820 10.8 17 0.463709677419355 0.387096774193548 19.4433971587768 3 2 0 
0 820 6.4 15 0.401785714285714 0.248655913978495 17.5140474129823 3 -2 0 
1 830 10.8 17 0.540188172043011 0.376344086021505 16.527332564497 3 2 0 
0 830 6.4 15 0.447890818858561 0.282258064516129 26.1784705065437 3 -2 0 
1 840 10.8 17 0.496723790322581 0.377016129032258 40.5010340337179 3 2 0 
0 840 6.4 15 0.354677419354839 0.328225806451613 19.7443199386721 3 -2 0 
1 850 10.8 17 0.469941348973607 0.467741935483871 40.6762297026344 3 2 0 
0 850 6.4 15 0.434331797235023 0.379838709677419 15.5052154675094 3 -2 0 
1 860 10.8 17 0.517180925666199 0.441532258064516 46.507147199505 3 2 0 
0 860 6.4 15 0.454696394686907 0.489516129032258 18.6127745039146 3 -2 0 
1 870 10.8 17 0.47886119257087 0.461693548387097 38.7230016497028 3 1 0 
0 870 6.4 16 0.397753456221198 0.480645161290323 16.1370402546348 3 -1 0 
1 880 10.8 17 0.466733870967742 0.452620967741936 27.2702572540693 3 1 0 
0 880 6.4 16 0.422912713472486 0.505645161290323 7.576143326279 3 -1 0 
1 890 10.8 18 0.606304985337243 0.428763440860215 25.0749717062113 3 2 0 
0 890 6.4 16 0.471774193548387 0.516935483870968 6.40514097773537 3 -2 0 
1 900 10.8 18 0.504743833017078 0.479838709677419 24.8394846967484 3 2 0 
0 900 6.4 16 0.355899830220713 0.548387096774194 5.55218814108833 3 -2 0 
1 910 10.8 18 0.50853889943074 0.44758064516129 12.3454695808134 3 2 0 
0 910 6.4 16 0.399641577060932 0.518145161290323 6.91937952221832 3 -2 0 
1 920 10.8 19 0.597629521016618 0.51008064516129 7.5 3 2 0 
0 920 6.4 17 0.471774193548387 NaN NaN 3 -2 0 
1 930 10.8 19 0.506749649368864 0.516129032258065 0 3 2 0 
0 930 6.4 17 0.390725806451613 0.145161290322581 0 3 -2 0 
1 940 10.8 19 0.540322580645161 0.479838709677419 0 3 2 0 
0 940 6.4 17 0.379032258064516 0.209677419354839 0 3 -2 0 
1 950 10.8 19 0.614557485525227 0.334677419354839 45.224440295044 3 2 0 
0 950 6.4 17 0.434811827956989 0.237903225806452 0 3 -2 0 
1 960 10.8 19 0.531451612903226 0.293010752688172 47.7268154589336 3 2 0 
0 960 6.4 17 0.324798387096774 0.161290322580645 2.69258240356725 3 -2 0 
1 970 10.8 19 0.515088449531738 0.373991935483871 26.2554603187609 3 2 0 
0 970 6.4 17 0.331989247311828 0.190524193548387 13.998633338615 3 -2 0 
1 980 10.8 19 0.580407969639469 0.446572580645161 33.4101209584748 3 2 0 
0 980 6.4 17 0.331989247311828 0.297379032258065 11.4597838006612 3 -2 0 
1 990 10.8 20 0.510326514555468 0.563172043010753 20.8131767427056 3 2 0 
0 990 6.4 18 0.321740591397849 0.370967741935484 2.82419180205283 3 -2 0 
1 1000 10.8 20 0.524323621227888 0.556451612903226 5 3 2 0 
0 1000 6.4 18 0.379704301075269 0.394153225806452 4.68506850999073 3 -2 0 
1 1010 10.8 20 0.587542444821732 0.491935483870968 4.60977222864644 3 2 0 
0 1010 6.4 18 0.380376344086022 0.345766129032258 15.0975599651166 3 -2 0 
1 1020 10.8 20 0.50609756097561 0.560483870967742 12.6491106406735 3 2 0 
0 1020 6.4 18 0.333909370199693 0.372311827956989 11.7183834808487 3 -2 0 
1 1030 10.8 20 0.499253285543608 0.568548387096774 11.1803398874989 3 2 0 
0 1030 6.4 18 0.398185483870968 0.40994623655914 5.35774180870532 3 -2 0 
1 1040 10.8 20 0.588153503893215 0.558467741935484 5.1478150704935 3 2 0 
0 1040 6.4 18 0.314516129032258 0.329301075268817 22.6843686004301 3 -2 0 
1 1050 10.8 20 0.510408852213053 0.470430107526882 57.0363881407448 3 2 0 
0 1050 6.4 18 0.306876061120543 0.326612903225806 11.6619037896906 3 -2 0 
1 1060 10.8 20 0.540645161290323 0.480846774193548 60.6220224572232 3 2 1 
0 1060 6.4 18 0.243951612903226 0.258064516129032 24.5473546254549 2 -2 -1 
1 1070 10.8 21 0.62216652136007 0.523185483870968 62.8929827727003 3 2 1 
0 1070 6.4 19 0.20241935483871 0.255376344086022 20.878374502821 2 -2 -1 
1 1080 10.8 21 0.501632104454685 0.659274193548387 35.6353536220897 3 2 1 
0 1080 6.4 19 0.281158357771261 0.183467741935484 10.118444694136 2 -2 -1 
1 1090 10.8 21 0.556451612903226 0.702620967741936 18.8468477738893 3 2 1 
0 1090 6.4 19 0.273689516129032 0.183467741935484 7.04056758762075 2 -2 -1 
1 1100 10.8 21 0.660887096774194 0.713709677419355 5.25803898132607 3 2 2 
0 1100 6.4 19 0.262432795698925 0.236559139784946 8.93157788968971 1 -2 -2 
1 1110 10.8 21 0.525825652841782 0.733064516129032 6.96676952859639 3 2 2 
0 1110 6.4 19 0.284610215053763 0.202620967741935 14.9384095162191 1 -2 -2 
1 1120 10.8 21 0.545189098998888 0.717741935483871 19.1794962346242 3 2 2 
0 1120 6.4 19 0.309475806451613 0.198588709677419 12.1413248164455 1 -2 -2 
1 1130 10.8 21 0.617165898617511 0.702956989247312 20.1703893583953 3 1 2 
0 1130 6.4 20 0.309475806451613 0.226814516129032 5.06473840208193 1 -1 -2 
1 1140 10.8 21 0.525641025641026 0.629032258064516 0 3 1 2 
0 1140 6.4 20 0.279345878136201 0.248655913978495 13.228202035664 1 -1 -2 
1 1150 10.8 21 0.618646138807429 0.463709677419355 0 3 1 2 
0 1150 6.4 20 NaN 0.327956989247312 6.9767264674291 1 -1 -2 
1 1160 10.8 21 0.618479752916953 0.326612903225806 0 3 1 2 
0 1160 6.4 20 NaN 0.391129032258065 38.9051811992911 1 -1 -2 
1 1170 10.8 21 0.551944971537002 0.318548387096774 0 3 1 2 
0 1170 6.4 20 0.241935483870968 0.387096774193548 39.7177297006147 1 -1 -2 
1 1180 10.8 22 0.510322580645161 0.346774193548387 0 3 2 2 
0 1180 6.4 20 0.279569892473118 0.362903225806452 44.3327285321273 1 -2 -2 
1 1190 10.8 22 0.605359001040583 0.247983870967742 28.2001773044071 3 2 2 
0 1190 6.4 20 0.279569892473118 0.379032258064516 46.2439414714871 1 -2 -2 
1 1200 10.8 22 0.501167232597623 0.214717741935484 22.2481966788251 3 2 2 
0 1200 6.4 20 0.321869070208729 0.354838709677419 47.2787354919501 1 -2 -2 
1 1210 10.8 22 0.490759408602151 0.32258064516129 14.1356212383388 3 2 2 
0 1210 6.4 20 0.42372311827957 0.393548387096774 37.5981934857698 1 -2 -2 
1 1220 10.8 22 0.528657834101382 0.420362903225806 23.3713853635574 3 2 2 
0 1220 6.4 20 0.413558467741936 0.470161290322581 32.6568591854535 1 -2 -2 
1 1230 10.8 22 0.467972350230415 0.377016129032258 21.6738289683003 3 2 2 
0 1230 6.4 20 0.378411910669975 0.424395161290323 32.6399065689241 1 -2 -2 
1 1240 10.8 22 0.459354838709677 0.410282258064516 24.6663600459827 3 1 2 
0 1240 6.4 21 0.418255131964809 0.422379032258065 28.159740625218 1 -1 -2 
1 1250 10.8 22 0.509677419354839 0.516129032258065 24.3505606427888 3 1 2 
0 1250 6.4 21 0.45303605313093 0.345766129032258 20.7309669477233 1 -1 -2 
1 1260 10.8 22 0.469422043010753 0.532258064516129 30.758252232817 3 1 2 
0 1260 6.4 21 0.385304659498208 0.315860215053763 8.9556678607561 1 -1 -2 
1 1270 10.8 22 0.469137717121588 0.598790322580645 29.2932333856322 3 1 2 
0 1270 6.4 21 0.397727272727273 0.331989247311828 20.9581025100428 1 -1 -2 
1 1280 10.8 22 0.590149769585253 0.569556451612903 18.4948451762789 3 1 2 
0 1280 6.4 21 0.432603686635945 0.329301075268817 32.448534667729 1 -1 -2 
1 1290 10.8 22 0.51989247311828 0.536290322580645 3.54010984194023 3 1 2 
0 1290 6.4 21 0.321236559139785 0.288306451612903 34.5625913993959 1 -1 -2 
1 1300 10.8 22 0.467917251051893 0.621975806451613 24.883203421432 3 1 2 
0 1300 6.4 21 0.362903225806452 0.278225806451613 31.3175091598858 1 -1 -2 
1 1310 10.8 22 0.629733520336606 0.636290322580645 39.8454468173537 3 1 2 
0 1310 6.4 21 0.360023041474654 0.237903225806452 22.5724819292617 1 -1 -2 
1 1320 10.8 23 0.51374633431085 0.57258064516129 40.7690749780354 3 2 2 
0 1320 6.4 21 0.314012096774194 0.237903225806452 6.58413816014352 1 -2 -2 
1 1330 10.8 23 0.563594470046083 0.543346774193548 23.7085032323844 3 2 2 
0 1330 6.4 21 0.354838709677419 0.175806451612903 14.7770099521766 1 -2 -2 
1 1340 10.8 23 0.650537634408602 0.525537634408602 24.5303823957785 3 2 2 
0 1340 6.4 21 0.354838709677419 0.226612903225806 14.9559907530816 1 -2 -2 
1 1350 10.8 23 0.529169526424159 0.520161290322581 23.6200582734721 3 2 2 
0 1350 6.4 21 0.29005376344086 0.258064516129032 7.52158252200907 1 -2 -2 
1 1360 10.8 23 0.493035190615836 0.513440860215054 14.5370356139135 3 2 2 
0 1360 6.4 21 0.396505376344086 0.270967741935484 13.1964844552823 1 -2 -2 
1 1370 10.8 23 0.619160177975528 0.538306451612903 11.0113577727726 3 2 2 
0 1370 6.4 21 0.396505376344086 0.332258064516129 13.7582663789532 1 -2 -2 
1 1380 10.8 23 0.506376594148537 0.615591397849462 14.5997427655424 3 2 2 
0 1380 6.4 21 0.256720430107527 0.270967741935484 5.17608474691459 1 -2 -2 
1 1390 10.8 23 0.545992943548387 0.654233870967742 22.67824835769 3 1 2 
0 1390 6.4 22 0.310483870967742 0.255645161290323 3.80542414283757 1 -1 -2 
1 1400 10.8 23 0.651881720430108 0.681451612903226 23.5534390346534 3 1 2 
0 1400 6.4 22 0.309139784946237 0.265322580645161 9.81284250288549 1 -1 -2 
1 1410 10.8 23 0.523842917251052 0.517137096774194 48.2664750654696 3 1 2 
0 1410 6.4 22 0.280529953917051 0.274193548387097 11.4078513398026 1 -1 -2 
1 1420 10.8 23 0.524697580645161 0.504032258064516 26.6232351058289 3 1 3 
0 1420 6.4 22 0.442204301075269 0.295362903225806 18.4638417384041 0 -1 -3 
1 1430 10.8 23 0.61373339658444 0.602150537634409 18.3979661805416 3 1 3 
0 1430 6.4 22 0.442204301075269 0.313508064516129 21.2511516418373 0 -1 -3 
1 1440 10.8 23 0.511346586646662 0.691532258064516 8.07774721070176 3 1 3 
0 1440 6.4 22 0.254704301075269 0.295362903225806 14.3175086626828 0 -1 -3 
1 1450 10.8 23 0.523498331479421 0.653225806451613 0 3 1 3 
0 1450 6.4 22 0.355846774193548 0.280241935483871 15.7746020327807 0 -1 -3 
1 1460 10.8 24 0.643433179723502 NaN NaN 3 1 3 
0 1460 6.4 23 0.355846774193548 0.346774193548387 25.257304071812 0 -1 -3 
1 1470 10.8 24 0.541207710464201 NaN NaN 3 1 3 
0 1470 6.4 23 0.318212365591398 0.330645161290323 25.2764324464804 0 -1 -3 
1 1480 10.8 24 0.547691879866518 NaN NaN 3 1 3 
0 1480 6.4 23 0.391129032258065 0.379032258064516 30.2792075596613 0 -1 -3 
1 1490 10.8 24 0.618890518084066 0.185483870967742 0 3 1 3 
0 1490 6.4 23 0.45794930875576 0.261088709677419 23.8150271746634 0 -1 -3 
1 1500 10.8 24 0.533831628638867 0.362903225806452 0 3 1 3 
0 1500 6.4 23 0.313895781637717 0.206653225806452 13.1630679494371 0 -1 -3 
1 1510 10.8 24 0.473646313364055 0.417338709677419 18.7416648139913 3 1 3 
0 1510 6.4 23 0.37741935483871 0.221774193548387 13.4661892715901 0 -1 -3 
1 1520 10.8 24 0.572782258064516 0.486559139784946 15.1909900922729 3 1 3 
0 1520 6.4 23 0.400537634408602 0.304032258064516 18.1677502100615 0 -1 -3 
1 1530 10.8 24 0.494758064516129 0.342741935483871 38.0131556174964 3 1 3 
0 1530 6.4 23 0.32968509984639 0.404838709677419 30.6844429081615 0 -1 -3 
1 1540 10.8 24 0.449131513647643 0.383064516129032 15.2069063257456 3 1 3 
0 1540 6.4 23 0.428283410138249 0.438709677419355 17.8193776077448 0 -1 -3 
1 1550 10.8 24 0.548737727910238 0.34005376344086 32.7575718844061 3 1 3 
0 1550 6.4 23 0.461021505376344 0.508064516129032 7.69232765863526 0 -1 -3 
1 1560 10.8 24 0.497658688865765 0.326612903225806 30.8555858269047 3 1 3 
0 1560 6.4 23 0.35365275142315 0.455645161290323 20.9215789666209 0 -1 -3 
1 1570 10.8 24 0.489247311827957 0.39247311827957 7.23663288830785 3 1 3 
0 1570 6.4 23 0.411002304147465 0.474193548387097 24.7827871667178 0 -1 -3 
1 1580 10.8 24 0.581420595533499 0.443548387096774 2.85883040751382 3 1 3 
0 1580 6.4 23 0.475806451612903 0.466935483870968 24.492108642483 0 -1 -3 
1 1590 10.8 24 0.493245967741936 0.387096774193548 33.1807335634638 3 1 3 
0 1590 6.4 23 0.322388632872504 0.430645161290323 18.6303130795244 0 -1 -3 
1 1600 10.8 24 0.516956162117452 0.26008064516129 20.6700266085944 3 0 3 
0 1600 6.4 24 0.36945564516129 0.37741935483871 23.5665303854204 0 0 -3 
1 1610 10.8 24 0.632958404074703 0.264112903225806 15.0416089564913 3 0 3 
0 1610 6.4 24 0.453341013824885 0.458870967741936 17.789517459149 0 0 -3 
1 1620 10.8 24 0.55883431085044 0.377688172043011 20.5683927813107 3 0 3 
0 1620 6.4 24 0.387096774193548 0.466129032258065 18.8190472505961 0 0 -3 
1 1630 10.8 24 0.446774193548387 0.464717741935484 35.5409521457744 3 0 3 
0 1630 6.4 24 0.423387096774194 0.470161290322581 28.6038623324289 0 0 -3 
1 1640 10.8 24 0.581697054698457 0.526881720430108 31.2071643728031 3 0 3 
0 1640 6.4 24 0.484447004608295 0.403225806451613 28.4782074976406 0 0 -3 
1 1650 10.8 24 0.494012707722385 0.42741935483871 4.27200187265877 3 0 3 
0 1650 6.4 24 0.308371735791091 0.385483870967742 19.7173511854588 0 0 -3 
1 1660 10.8 24 0.428548387096774 0.284274193548387 34.5062727444382 3 0 3 
0 1660 6.4 24 0.387463343108504 0.425806451612903 24.7830648995069 0 0 -3 
1 1670 10.8 24 0.494623655913979 0.34375 23.5238573496177 3 0 3 
0 1670 6.4 24 0.421875 0.340322580645161 26.1055330588175 0 0 -3 
1 1680 10.8 24 0.390704584040747 0.42741935483871 6.1535667140454 3 0 3 
0 1680 6.4 24 0.363253856942496 0.35 30.305140886204 0 0 -3 
1 1690 10.8 24 0.389016897081413 0.451612903225806 10.6279543437515 3 0 3 
0 1690 6.4 24 0.400245441795231 0.370161290322581 17.4533747946315 0 0 -3 
1 1700 10.8 24 0.453747628083491 0.452620967741936 9.64798568303419 3 0 3 
0 1700 6.4 24 0.484062980030722 0.528225806451613 16.4296117312468 0 0 -3 
1 1710 10.8 24 0.460853494623656 0.507056451612903 15.8096003246745 3 0 3 
0 1710 6.4 24 0.446329254727475 0.541129032258065 25.670649994535 0 0 -3 
1 1720 10.8 24 0.534677419354839 0.6 15.4341346075626 3 0 3 
0 1720 6.4 24 0.518920595533499 0.47258064516129 9.30340257918623 0 0 -3 
1 1730 10.8 24 0.624663978494624 0.717741935483871 9.72863252525091 3 0 3 
0 1730 6.4 24 0.603110599078341 0.315322580645161 10.4247285915061 0 0 -3 
1 1740 10.8 25 0.488970588235294 0.723118279569893 5.81771458622708 3 1 3 
0 1740 6.4 24 0.44105222734255 0.22883064516129 10.799956182177 0 -1 -3 
1 1750 10.8 25 0.519414575866189 0.683467741935484 8.55862138431185 3 1 3 
0 1750 6.4 24 0.409274193548387 0.214717741935484 5.47296586294777 0 -1 -3 
1 1760 10.8 25 0.592324805339266 0.514112903225806 34.7922405142296 3 0 3 
0 1760 6.4 25 0.620967741935484 0.25 17.192432948713 0 0 -3 
1 1770 10.8 25 0.500134408602151 0.435483870967742 49.520197899443 3 0 3 
0 1770 6.4 25 0.398790322580645 0.417338709677419 25.9458031024308 0 0 -3 
1 1780 10.8 25 0.562163978494624 0.479838709677419 9.48683298050514 3 0 3 
0 1780 6.4 25 0.379032258064516 0.457661290322581 33.2873104127699 0 0 -3 
1 1790 10.8 25 0.67258064516129 0.48991935483871 1.80277563773199 3 0 3 
0 1790 6.4 25 0.620967741935484 0.476814516129032 34.1108308031284 0 0 -3 
1 1800 10.8 25 0.486671146953405 0.512096774193548 0.5 3 0 3 
0 1800 6.4 25 0.414717741935484 0.421370967741936 33.7803475438299 0 0 -3 
1 1810 10.8 25 0.479838709677419 0.470430107526882 30.3293987366338 3 0 3 
0 1810 6.4 25 0.379032258064516 0.358870967741936 42.9874391634031 0 0 -3 
1 1820 10.8 25 0.562986651835373 0.602822580645161 32.3474565169047 3 0 3 
0 1820 6.4 25 0.217741935483871 0.340322580645161 37.6686773606224 0 0 -3 
1 1830 10.8 25 0.509792626728111 0.46875 64.9231841371644 3 0 3 
0 1830 6.4 25 0.348118279569893 0.307459677419355 18.9226835647354 0 0 -3 
1 1840 10.8 25 0.535770031217482 0.283266129032258 36.0221774536015 3 0 3 
0 1840 6.4 25 0.402073732718894 0.235887096774194 3.28096953547357 0 0 -3 
1 1850 10.8 25 0.586238293444329 0.279233870967742 20.7155937440422 3 0 3 
0 1850 6.4 25 0.540322580645161 0.277217741935484 9.98573727175043 0 0 -3 
1 1860 10.8 25 0.468216318785579 0.35241935483871 41.4385522638626 3 0 3 
0 1860 6.4 25 0.352066532258065 0.241935483870968 9.90525206426177 0 0 -3 
1 1870 10.8 25 0.501075268817204 0.374193548387097 45.3710061896522 3 0 3 
0 1870 6.4 25 0.409824046920821 0.251008064516129 10.2422429800448 0 0 -3 
1 1880 10.8 25 0.573588709677419 0.313508064516129 21.215651687318 3 0 3 
0 1880 6.4 25 0.456149193548387 0.270161290322581 9.29853981412082 0 0 -3 
1 1890 10.8 25 0.512474798387097 0.344758064516129 7.80976376792333 3 0 3 
0 1890 6.4 25 0.357142857142857 0.299395161290323 8.53003248712237 0 0 -3 
1 1900 10.8 25 0.473442714126808 0.390120967741936 7.07533993243325 3 0 3 
0 1900 6.4 25 0.353110599078341 0.333064516129032 26.2133467952722 0 0 -3 
1 1910 10.8 25 0.561743951612903 0.534274193548387 4.68279279286956 3 0 3 
0 1910 6.4 25 0.348790322580645 0.321774193548387 19.7113300315188 0 0 -3 
1 1920 10.8 25 0.536491935483871 0.578629032258065 7.74308917246957 3 0 3 
0 1920 6.4 25 0.330645161290323 0.320161290322581 12.881605611072 0 0 -3 
1 1930 10.8 25 0.504536290322581 0.493951612903226 4.3940878229521 3 0 3 
0 1930 6.4 25 0.350358422939068 0.369354838709677 14.620909764672 0 0 -3 
1 1940 10.8 25 0.57721027479092 0.424395161290323 4.19095993345891 3 -1 3 
0 1940 6.4 26 0.350358422939068 0.343548387096774 15.0077937387697 0 1 -3 
1 1950 10.8 25 0.503722084367246 0.490927419354839 8.46726316866767 3 -1 3 
0 1950 6.4 26 0.351030465949821 0.345967741935484 17.2909402981009 0 1 -3 
1 1960 10.8 25 0.483633776091082 0.464717741935484 9.53326772588625 3 -1 3 
0 1960 6.4 26 0.394297235023041 0.378225806451613 30.9453972209181 0 1 -3 
1 1970 10.8 25 0.605924317617866 0.445564516129032 14.9827608385704 3 -1 3 
0 1970 6.4 26 0.451900921658986 0.433064516129032 16.9402197452733 0 1 -3 
1 1980 10.8 25 0.537096774193548 0.469086021505376 15.3305854431977 3 -1 3 
0 1980 6.4 26 0.358198924731183 0.454032258064516 6.20333852766145 0 1 -3 
1 1990 10.8 25 0.526097670250896 0.417338709677419 15.2069063257456 3 -1 3 
0 1990 6.4 26 0.37410394265233 0.470967741935484 7.35580897439929 0 1 -3 
1 2000 10.8 25 0.627199413489736 0.350806451612903 6.40312423743285 3 -1 3 
0 2000 6.4 26 0.406451612903226 0.454032258064516 33.6232490146491 0 1 -3 
1 2010 10.8 25 0.530129928315412 0.467741935483871 26.9258240356725 3 -1 3 
0 2010 6.4 26 0.265456989247312 0.428225806451613 38.2145625557903 0 1 -3 
1 2020 10.8 25 0.508301707779886 0.471774193548387 29.6015202312314 3 -1 3 
0 2020 6.4 26 0.303427419354839 0.431451612903226 44.1853757963783 0 1 -3 
1 2030 10.8 25 0.618358633776091 0.370967741935484 50.6227019375226 3 -1 3 
0 2030 6.4 26 0.310483870967742 0.37258064516129 41.9352061762797 0 1 -3 
1 2040 10.8 25 0.51741202346041 0.377688172043011 52.2359208093985 3 -1 3 
0 2040 6.4 26 0.280645161290323 0.328629032258065 28.4755378382477 0 1 -3 
1 2050 10.8 26 0.469758064516129 0.380040322580645 53.3146512495363 3 0 3 
0 2050 6.4 26 0.34375 0.309475806451613 20.1670397267626 0 0 -3 
1 2060 10.8 26 0.606854838709677 0.401209677419355 46.4891971335753 3 0 3 
0 2060 6.4 26 0.34375 0.359879032258065 22.7347640711144 0 0 -3 
1 2070 10.8 26 0.507970742685671 0.431451612903226 22.3613741097922 3 0 3 
0 2070 6.4 26 0.340725806451613 0.34375 16.3267214161686 0 0 -3 
1 2080 10.8 26 0.427903225806452 0.579032258064516 15.2861516218297 3 0 3 
0 2080 6.4 26 0.330069124423963 0.336693548387097 11.4003984906387 0 0 -3 
1 2090 10.8 26 0.592566619915849 0.658064516129032 8.42168139307519 3 0 3 
0 2090 6.4 26 0.340437788018433 0.217741935483871 10.770329614269 0 0 -3 
1 2100 10.8 26 0.617223502304147 0.778225806451613 6.24757905760532 3 0 3 
0 2100 6.4 26 0.370967741935484 0.185483870967742 8.24621125123532 0 0 -3 
1 2110 10.8 26 NaN 0.806451612903226 0 3 0 3 
0 2110 6.4 26 NaN 0.195564516129032 4.74341649025257 0 0 -3 
