1 30 9.2 1 NaN 0.304435483870968 21.6753030473961 2 0 0 
0 30 6.6 1 NaN 0.295967741935484 15.5676705906464 2 0 0 
1 40 9.2 1 NaN 0.299395161290323 22.5375691951233 2 0 0 
0 40 6.6 1 NaN 0.32258064516129 23.9263412589691 2 0 0 
1 50 9.2 1 0.380645161290323 0.408266129032258 28.5954532363402 2 0 0 
0 50 6.6 1 0.387096774193548 0.366935483870968 32.5777521090899 2 0 0 
1 60 9.2 1 0.383064516129032 0.479032258064516 28.1090545445559 2 0 0 
0 60 6.6 1 0.383064516129032 0.468548387096774 38.8240324289305 2 0 0 
1 70 9.2 1 0.435483870967742 0.466935483870968 28.0565016756019 2 0 0 
0 70 6.6 1 0.421526054590571 0.483064516129032 37.2982854539301 2 0 0 
1 80 9.2 1 0.505376344086022 0.501612903225806 26.5888823508538 2 0 0 
0 80 6.6 1 0.460541474654378 0.460483870967742 41.4625888928568 2 0 0 
1 90 9.2 1 0.383064516129032 0.509072580645161 32.3463388480547 2 0 0 
0 90 6.6 1 0.415322580645161 0.514112903225806 40.8739677630265 2 0 0 
1 100 9.2 1 0.404377880184332 0.416935483870968 47.1669096194254 2 0 0 
0 100 6.6 1 0.421082949308756 0.401612903225806 48.4212693234944 2 0 0 
1 110 9.2 2 0.494239631336406 0.457258064516129 42.6917763080657 2 0 0 
0 110 6.6 2 0.453293010752688 0.37258064516129 45.3918910292737 2 0 0 
1 120 9.2 2 0.393010752688172 0.495161290322581 40.8213770709138 2 0 0 
0 120 6.6 2 0.404411764705882 0.425403225806452 31.5039037574219 2 0 0 
1 130 9.2 2 0.400345622119816 0.480645161290323 33.8138117978165 2 0 0 
0 130 6.6 2 0.413306451612903 0.483870967741936 30.0588879330527 2 0 0 
1 140 9.2 3 0.492799539170507 0.412096774193548 43.038568716958 2 1 0 
0 140 6.6 2 0.482404692082111 0.360887096774194 44.4448970896345 2 -1 0 
1 150 9.2 3 0.440860215053763 0.453225806451613 31.5596482132467 2 1 0 
0 150 6.6 2 0.409592529711375 0.380376344086022 34.7338963872077 2 -1 0 
1 160 9.2 3 0.402688172043011 0.469354838709677 24.1797133240132 2 0 0 
0 160 6.6 3 0.383995037220844 0.333064516129032 46.0625033842116 2 0 0 
1 170 9.2 4 0.503763440860215 0.454838709677419 20.8579196385487 2 1 0 
0 170 6.6 3 0.468548387096774 0.3125 32.2793693509612 2 -1 0 
1 180 9.2 4 0.404989919354839 0.384408602150538 49.7200057588513 2 1 0 
0 180 6.6 3 0.407258064516129 0.431451612903226 14.7858073996216 2 -1 0 
1 190 9.2 4 0.421526054590571 0.381720430107527 39.7541725269063 2 1 0 
0 190 6.6 3 0.390591397849462 0.466129032258065 33.0286347872775 2 -1 0 
1 200 9.2 4 0.498655913978495 0.382056451612903 32.6446941512026 2 1 0 
0 200 6.6 3 0.461405529953917 0.487096774193548 22.3584393404048 2 -1 0 
1 210 9.2 4 0.443373071528752 0.476612903225806 8.47247782512785 2 1 0 
0 210 6.6 3 0.403001792114695 0.484677419354839 14.884422881348 2 -1 0 
1 220 9.2 5 0.453747628083491 0.443548387096774 8.46137944705345 2 1 0 
0 220 6.6 4 0.387348790322581 0.498991935483871 8.25477541613031 2 -1 0 
1 230 9.2 5 0.52258064516129 0.493279569892473 14.3089686894197 2 1 0 
0 230 6.6 4 0.450460829493088 0.404838709677419 27.3915631274746 2 -1 0 
1 240 9.2 5 0.432603686635945 0.356854838709677 28.9192234357069 2 1 0 
0 240 6.6 4 0.383995037220844 0.348387096774194 40.8401580364879 2 -1 0 
1 250 9.2 5 0.412634408602151 0.405645161290323 8.42560222237351 2 1 0 
0 250 6.6 4 0.390654648956357 0.411290322580645 26.5885361471277 2 -1 0 
1 260 9.2 5 0.516935483870968 0.4 2.44341858713317 2 0 0 
0 260 6.6 5 0.448588709677419 0.476814516129032 19.6882550941642 2 0 0 
1 270 9.2 5 0.419556451612903 0.393548387096774 9.03266107820706 2 0 0 
0 270 6.6 5 0.405791788856305 0.52116935483871 10.2582695200796 2 0 0 
1 280 9.2 5 0.393920595533499 0.328225806451613 18.5566666438316 2 0 0 
0 280 6.6 5 0.41491935483871 0.457258064516129 31.8870296834833 2 0 0 
1 290 9.2 6 0.481389578163772 0.396774193548387 6.12507949711176 2 1 0 
0 290 6.6 5 0.481324278438031 0.46875 25.0779089432999 2 -1 0 
1 300 9.2 6 0.413978494623656 0.396774193548387 29.0983044744122 2 1 0 
0 300 6.6 5 0.440568022440393 0.486895161290323 7.89414233707913 2 -1 0 
1 310 9.2 6 0.4296875 0.411290322580645 29.0940287374707 2 1 0 
0 310 6.6 5 0.404776674937965 0.408064516129032 29.3530442363395 2 -1 0 
1 320 9.2 6 0.456905241935484 0.453225806451613 25.8745913111943 2 0 0 
0 320 6.6 6 0.449596774193548 0.364516129032258 30.6337316564917 2 0 0 
1 330 9.2 7 0.456485215053763 0.533870967741936 33.8823173286831 2 1 0 
0 330 6.6 6 0.379765395894428 0.366935483870968 35.1948340615261 2 -1 0 
1 340 9.2 7 0.503024193548387 0.571774193548387 39.8704065627113 2 1 0 
0 340 6.6 6 0.387903225806452 0.39758064516129 25.2181648233565 2 -1 0 
1 350 9.2 7 0.513978494623656 0.535483870967742 39.0391592121914 2 1 0 
0 350 6.6 6 0.389112903225806 0.4 24.0131593712666 2 -1 0 
1 360 9.2 7 0.383064516129032 0.548387096774194 40.2856712983792 2 1 0 
0 360 6.6 6 0.382133995037221 0.438709677419355 23.5472438790973 2 -1 0 
1 370 9.2 8 0.449884792626728 0.530645161290323 40.9308314537539 2 2 0 
0 370 6.6 6 0.391439205955335 0.443548387096774 26.9020510987336 2 -2 0 
1 380 9.2 8 0.548387096774194 0.551612903225806 39.4426214587597 2 2 0 
0 380 6.6 6 0.481854838709677 0.374193548387097 24.7520317502723 2 -2 0 
1 390 9.2 8 0.44616935483871 0.508064516129032 43.3874204243071 2 1 0 
0 390 6.6 7 0.378456221198157 0.398387096774194 29.4933050651855 2 -1 0 
1 400 9.2 8 0.383064516129032 0.513709677419355 40.0944299757991 2 1 0 
0 400 6.6 7 0.38877688172043 0.368548387096774 36.4893273723137 2 -1 0 
1 410 9.2 8 0.507754342431762 0.439516129032258 46.661341041015 2 1 0 
0 410 6.6 7 0.449780058651026 0.404838709677419 28.7770460110704 2 -1 0 
1 420 9.2 8 0.407258064516129 0.437096774193548 24.2904727666158 2 1 0 
0 420 6.6 7 0.408681214421252 0.441129032258065 35.995188344975 2 -1 0 
1 430 9.2 9 0.383064516129032 0.424193548387097 15.1561081487042 2 1 0 
0 430 6.6 8 0.411827956989247 0.455645161290323 44.2750127297566 2 -1 0 
1 440 9.2 9 0.479838709677419 0.446774193548387 26.7785715758273 2 1 0 
0 440 6.6 8 0.48666253101737 0.450806451612903 37.9872344564909 2 -1 0 
1 450 9.2 9 0.416808149405773 0.50241935483871 28.3457020659618 2 1 0 
0 450 6.6 8 0.383064516129032 0.507056451612903 28.4093827338346 2 -1 0 
1 460 9.2 9 0.414458525345622 0.52258064516129 28.820348575359 2 1 0 
0 460 6.6 8 0.383064516129032 0.444556451612903 26.9228450103285 2 -1 0 
1 470 9.2 9 0.518817204301075 0.550806451612903 18.0255090014008 2 1 0 
0 470 6.6 8 0.497119815668203 0.37258064516129 29.8604483596123 2 -1 0 
1 480 9.2 9 0.397311827956989 0.545161290322581 17.6592123756532 2 0 0 
0 480 6.6 9 0.396673387096774 0.405645161290323 26.9365388024126 2 0 0 
1 490 9.2 10 0.383064516129032 0.523387096774194 20.6115604817206 2 1 0 
0 490 6.6 9 0.383064516129032 0.416935483870968 23.4930954273644 2 -1 0 
1 500 9.2 10 0.515029325513196 0.472782258064516 13.1080025952036 2 1 0 
0 500 6.6 9 0.463037634408602 0.409677419354839 24.6618310402568 2 -1 0 
1 510 9.2 10 0.447983870967742 0.47883064516129 29.7384889936757 2 1 0 
0 510 6.6 9 0.436693548387097 0.425 23.2819489624306 2 -1 0 
1 520 9.2 11 0.410282258064516 0.443548387096774 41.7823510811751 2 2 0 
0 520 6.6 9 0.405493951612903 0.446774193548387 27.6766886243217 2 -2 0 
1 530 9.2 11 0.529665898617512 0.469354838709677 47.553845246322 2 1 0 
0 530 6.6 10 0.469941348973607 0.366935483870968 16.9831654391683 2 -1 0 
1 540 9.2 11 0.463709677419355 0.575 36.7844319637673 2 1 0 
0 540 6.6 10 0.40255376344086 0.279032258064516 6.7578972105275 2 -1 0 
1 550 9.2 11 0.392741935483871 0.554435483870968 39.0923292688379 2 1 0 
0 550 6.6 10 0.395161290322581 0.281451612903226 5.982047395692 2 -1 0 
1 560 9.2 11 0.564247311827957 0.579637096774194 27.6869522617219 2 1 0 
0 560 6.6 10 0.461021505376344 0.344354838709677 6.66872022608147 2 -1 0 
1 570 9.2 12 0.502780867630701 0.54133064516129 26.114248439474 2 2 0 
0 570 6.6 10 0.312903225806452 0.311290322580645 8.23072470175942 2 -2 0 
1 580 9.2 12 0.537130376344086 0.538306451612903 46.5034886877182 2 1 0 
0 580 6.6 11 0.30241935483871 0.311290322580645 6.10695729757274 2 -1 0 
1 590 9.2 12 0.642137096774194 0.609879032258065 29.0385093372599 2 1 0 
0 590 6.6 11 0.30241935483871 0.326612903225806 6.504064969536 2 -1 0 
1 600 9.2 12 0.516993087557604 0.617943548387097 31.0020452184045 2 1 0 
0 600 6.6 11 0.316935483870968 0.299193548387097 6.19812748823627 2 -1 0 
1 610 9.2 12 0.470500848896435 0.495967741935484 51.1371512465205 2 1 0 
0 610 6.6 11 0.339605734767025 0.35241935483871 5.76566995260365 2 -1 0 
1 620 9.2 13 0.599910394265233 0.440524193548387 42.8611172014581 2 1 0 
0 620 6.6 12 0.365591397849462 0.505040322580645 10.233379886295 2 -1 0 
1 630 9.2 13 0.472650771388499 0.455645161290323 43.1330056982916 2 1 0 
0 630 6.6 12 0.35673624288425 0.465725806451613 18.236390651413 2 -1 0 
1 640 9.2 13 0.45586917562724 0.519153225806452 40.0080497649531 2 1 0 
0 640 6.6 12 0.402217741935484 0.362903225806452 27.5360213897316 2 -1 0 
1 650 9.2 13 0.603718637992832 0.537298387096774 36.2485607980323 2 1 0 
0 650 6.6 12 0.456989247311828 0.269354838709677 21.5162834024248 2 -1 0 
1 660 9.2 13 0.47215821812596 0.502016129032258 33.2134647117611 2 1 0 
0 660 6.6 12 0.362903225806452 0.264516129032258 25.7254266212748 2 -1 0 
1 670 9.2 13 0.461441532258065 0.504032258064516 11.158286856676 2 1 0 
0 670 6.6 12 0.400921658986175 0.298387096774194 22.7355436857073 2 -1 0 
1 680 9.2 13 0.604838709677419 0.513440860215054 33.3259304438591 2 1 0 
0 680 6.6 12 0.382258064516129 0.336290322580645 18.9495704540281 2 -1 0 
1 690 9.2 13 0.478387096774194 0.413709677419355 9.98150715992114 2 1 0 
0 690 6.6 12 0.332844574780059 0.390322580645161 12.1468498719565 2 -1 0 
1 700 9.2 13 0.399731182795699 0.411290322580645 9.29360017458794 2 1 0 
0 700 6.6 12 0.412730414746544 0.389516129032258 8.03507284884691 2 -1 0 
1 710 9.2 13 0.518817204301075 0.483870967741936 7.7370933565 2 0 0 
0 710 6.6 13 0.421526054590571 0.487903225806452 10.2288012099292 2 0 0 
1 720 9.2 13 0.446572580645161 0.46505376344086 7.76025566055578 2 0 0 
0 720 6.6 13 0.40752688172043 0.512903225806452 6.75067001020759 2 0 0 
1 730 9.2 13 0.444821731748727 0.415322580645161 14.0089257261219 2 0 0 
0 730 6.6 13 0.415610599078341 0.587903225806452 6.71179284406809 2 0 0 
1 740 9.2 13 0.5625 0.453629032258065 19.7800404448525 2 0 0 
0 740 6.6 13 0.516129032258065 0.504032258064516 8.00895057702167 2 0 0 
1 750 9.2 14 0.509193548387097 0.438172043010753 25.2710294781022 2 1 0 
0 750 6.6 13 0.41823476702509 0.494354838709677 10.0624520478186 2 -1 0 
1 760 9.2 14 0.476814516129032 0.372983870967742 30.1677831553787 2 1 0 
0 760 6.6 13 0.448313782991202 0.486290322580645 4.51709023800107 2 -1 0 
1 770 9.2 14 0.603353140916808 0.403225806451613 24.2107382560474 2 0 0 
0 770 6.6 14 0.533724340175953 0.320967741935484 13.8371438944826 2 0 0 
1 780 9.2 14 0.46505376344086 0.525 11.5596672290362 2 0 0 
0 780 6.6 14 0.411764705882353 0.366129032258064 19.5618578718238 2 0 0 
1 790 9.2 14 0.383064516129032 0.5 12.5035323959578 2 0 0 
0 790 6.6 14 0.420362903225806 0.445161290322581 7.45546596663877 2 0 0 
1 800 9.2 14 0.533498759305211 0.436827956989247 5.25297480616056 2 0 0 
0 800 6.6 14 0.455645161290323 0.532258064516129 5.70479690896774 2 0 0 
1 810 9.2 14 0.474340175953079 0.306451612903226 1 2 0 0 
0 810 6.6 14 0.407258064516129 0.557258064516129 3.12853149123164 2 0 0 
1 820 9.2 14 0.403729838709677 0.26008064516129 31.6425346645935 2 -1 0 
0 820 6.6 15 0.387960829493088 0.57258064516129 5.61265853110163 2 1 0 
1 830 9.2 14 0.529089861751152 0.290322580645161 16.1941347407016 2 -1 0 
0 830 6.6 15 0.380760368663594 0.533064516129032 10.8916819791864 2 1 0 
1 840 9.2 14 0.433179723502304 0.306451612903226 31.858812764892 2 -1 0 
0 840 6.6 15 0.450604838709677 0.483064516129032 28.5695104262463 2 1 0 
1 850 9.2 14 0.383064516129032 0.40994623655914 38.2568947686694 2 -2 0 
0 850 6.6 16 0.412858422939068 0.432459677419355 41.5113532084763 2 2 0 
1 860 9.2 15 0.416218637992832 0.354838709677419 29.7018027849405 2 -1 0 
0 860 6.6 16 0.517137096774194 0.398185483870968 39.0866122018478 2 1 0 
1 870 9.2 15 0.383064516129032 0.378024193548387 19.21351132104 2 -1 0 
0 870 6.6 16 0.445381231671554 0.520161290322581 29.9671538098345 2 1 0 
1 880 9.2 15 0.393649193548387 0.400806451612903 36.1847998302438 2 -1 0 
0 880 6.6 16 0.393817204301075 0.490591397849462 36.9946366684763 2 1 0 
1 890 9.2 16 0.472638248847926 0.476612903225806 35.5298116238914 2 0 0 
0 890 6.6 16 0.502592165898618 0.373655913978495 40.7003990536092 2 0 0 
1 900 9.2 16 0.479670698924731 0.495967741935484 42.4088825295131 2 0 0 
0 900 6.6 16 0.394657258064516 0.342741935483871 27.0902795708766 2 0 0 
1 910 9.2 16 0.429883512544803 0.546774193548387 36.4263499747948 2 0 0 
0 910 6.6 16 0.383064516129032 0.279569892473118 35.3255003846413 2 0 0 
1 920 9.2 16 0.505760368663595 0.409677419354839 62.0012816287425 2 0 0 
0 920 6.6 16 0.448252688172043 0.329301075268817 23.2885091421118 2 0 0 
1 930 9.2 16 0.45704094292804 0.388440860215054 30.4673370729497 2 -1 0 
0 930 6.6 17 0.387903225806452 0.303225806451613 33.7061401503166 2 1 0 
1 940 9.2 16 0.43251273344652 0.461021505376344 8.06826849008074 2 -1 0 
0 940 6.6 17 0.383064516129032 0.330645161290323 23.7770415107803 2 1 0 
1 950 9.2 16 0.550248138957816 0.51747311827957 19.2665706747768 2 -1 0 
0 950 6.6 17 0.419758064516129 0.364516129032258 11.0219969301454 2 1 0 
1 960 9.2 16 0.420415959252971 0.506720430107527 8.15342009156043 2 -1 0 
0 960 6.6 17 0.397177419354839 0.431451612903226 28.7334783494586 2 1 0 
1 970 9.2 16 0.383064516129032 0.533602150537634 2.41806358077107 2 -1 0 
0 970 6.6 17 0.39247311827957 0.45 30.8826928183163 2 1 0 
1 980 9.2 16 0.484735023041475 0.334677419354839 0 2 -2 0 
0 980 6.6 18 0.482771260997067 0.460483870967742 11.5051985079117 2 2 0 
1 990 9.2 16 0.408918406072106 0.334677419354839 0 2 -2 0 
0 990 6.6 18 0.425297113752122 0.445161290322581 3.42995926675962 2 2 0 
1 1000 9.2 17 0.383064516129032 0.453629032258065 26.2773666869418 2 -1 0 
0 1000 6.6 18 0.393010752688172 0.50241935483871 6.79321662099509 2 1 0 
1 1010 9.2 17 0.460918114143921 0.477822580645161 5.31507290636733 2 -1 0 
0 1010 6.6 18 0.487615207373272 0.509677419354839 7.43118837771587 2 1 0 
1 1020 9.2 17 0.391705069124424 0.471774193548387 6.80073525436772 2 -1 0 
0 1020 6.6 18 0.482404692082111 0.509677419354839 6.18775907755883 2 1 0 
1 1030 9.2 17 0.383064516129032 0.223790322580645 31.7766456190685 2 -1 0 
0 1030 6.6 18 0.434072580645161 0.525806451612903 6.91171388095246 2 1 0 
1 1040 9.2 17 0.389112903225806 0.318548387096774 13.148624734958 2 -2 0 
0 1040 6.6 19 0.550979262672811 0.521774193548387 3.83320439873192 2 2 0 
1 1050 9.2 17 0.371639784946237 0.463709677419355 5.61833519546772 2 -2 0 
0 1050 6.6 19 0.51 0.5 7.34156469855478 2 2 0 
1 1060 9.2 17 0.362903225806452 0.413978494623656 8.7641267196557 2 -2 0 
0 1060 6.6 19 0.467357910906298 0.503024193548387 8.88999844287818 2 2 0 
1 1070 9.2 17 0.399641577060932 0.288978494623656 23.162368426939 2 -2 0 
0 1070 6.6 19 0.583491461100569 0.553763440860215 3.47227763925407 2 2 0 
1 1080 9.2 17 0.345910138248848 0.356182795698925 18.4933813390836 2 -2 0 
0 1080 6.6 19 0.5 0.42741935483871 22.8037502963402 2 2 0 
1 1090 9.2 17 0.352822580645161 0.349798387096774 11.6103503257157 2 -2 0 
0 1090 6.6 19 0.397311827956989 0.489247311827957 25.5334404166816 2 2 0 
1 1100 9.2 18 0.310483870967742 0.356182795698925 14.0474798860916 2 -2 0 
0 1100 6.6 20 0.610703812316716 0.497311827956989 25.8345717216149 2 2 0 
1 1110 9.2 18 0.326302729528536 0.346774193548387 5.47248248823507 2 -2 0 
0 1110 6.6 20 0.495071684587814 0.599462365591398 4.5710648041075 2 2 0 
1 1120 9.2 18 0.33366935483871 0.305443548387097 2.42675621678395 2 -2 0 
0 1120 6.6 20 0.383064516129032 0.479838709677419 45.2836955117307 2 2 0 
1 1130 9.2 18 0.33366935483871 0.303427419354839 3.5424547114037 2 -2 0 
0 1130 6.6 20 0.616935483870968 0.385483870967742 35.5632701114724 2 2 0 
1 1140 9.2 18 0.311923963133641 0.360887096774194 9.07347466289126 2 -2 0 
0 1140 6.6 20 0.5 0.366129032258064 33.0758402177839 2 2 0 
1 1150 9.2 18 0.402217741935484 0.36491935483871 19.2221527057739 2 -2 0 
0 1150 6.6 20 0.446012544802867 0.423387096774194 22.8586500373628 2 2 0 
1 1160 9.2 18 0.402217741935484 0.311290322580645 21.2672130695914 2 -2 0 
0 1160 6.6 20 0.574884792626728 0.483064516129032 13.3675234277493 2 2 0 
1 1170 9.2 19 0.383064516129032 0.367741935483871 31.4289157371649 2 -1 0 
0 1170 6.6 20 0.492703533026114 0.554838709677419 4.45243804853056 2 1 0 
1 1180 9.2 19 0.423790322580645 0.354032258064516 30.7573346071356 2 -1 0 
0 1180 6.6 20 0.383064516129032 0.575806451612903 31.9590402725472 2 1 0 
1 1190 9.2 19 0.47429435483871 0.386290322580645 31.1656740857835 2 -1 0 
0 1190 6.6 20 0.521401985111663 0.533064516129032 35.4697531156521 2 1 0 
1 1200 9.2 19 0.390704584040747 0.428763440860215 11.049612586295 2 -1 0 
0 1200 6.6 20 0.456989247311828 0.440322580645161 10.61416024892 2 1 0 
1 1210 9.2 19 0.37468982630273 0.366935483870968 25.1782098513412 2 -1 0 
0 1210 6.6 20 0.443164362519201 0.432258064516129 27.2474909367007 2 1 0 
1 1220 9.2 19 0.431787634408602 0.375 9.14443518813029 2 -2 0 
0 1220 6.6 21 0.496588089330025 0.468548387096774 11.254998670649 2 2 0 
1 1230 9.2 19 0.386592741935484 0.423387096774194 6.62060436638335 2 -2 0 
0 1230 6.6 21 0.514247311827957 0.589516129032258 4.29530890299933 2 2 0 
1 1240 9.2 19 0.454838709677419 0.319556451612903 17.982091524657 2 -2 0 
0 1240 6.6 21 0.447106261859583 0.692741935483871 5.38638746500175 2 2 0 
1 1250 9.2 19 0.594086021505376 0.248991935483871 5.47178995385663 2 -2 0 
0 1250 6.6 21 0.554183467741936 0.65241935483871 21.1959332911244 2 2 0 
1 1260 9.2 20 0.433101173020528 0.244354838709677 14.2636425481234 2 -1 0 
0 1260 6.6 21 0.574372759856631 0.611290322580645 26.7133067792761 2 1 0 
1 1270 9.2 20 0.402361751152074 0.348387096774194 19.0163988161487 2 -1 0 
0 1270 6.6 21 0.419102822580645 0.481451612903226 15.8295802964315 2 1 0 
1 1280 9.2 20 0.409562211981567 0.493548387096774 9.834433765361 2 -1 0 
0 1280 6.6 21 0.381048387096774 0.453629032258065 15.1535630562855 2 1 0 
1 1290 9.2 20 0.466565860215054 0.541666666666667 1.87930160279372 2 -1 0 
0 1290 6.6 21 0.507560483870968 0.461693548387097 6.66699476338184 2 1 0 
1 1300 9.2 20 0.471407624633431 0.520161290322581 5.31507290636733 2 -1 0 
0 1300 6.6 21 0.404776674937965 0.443548387096774 7.43303437365925 2 1 0 
1 1310 9.2 20 0.543255131964809 0.506048387096774 14.5 2 -1 0 
0 1310 6.6 21 0.407661290322581 0.548387096774194 0 2 1 0 
1 1320 9.2 21 0.508960573476703 0.522177419354839 10.4043260233424 2 0 0 
0 1320 6.6 21 0.404301075268817 NaN NaN 2 0 0 
1 1330 9.2 21 0.509408602150538 0.477822580645161 11.0679718105893 2 0 0 
0 1330 6.6 21 0.395161290322581 NaN NaN 2 0 0 
1 1340 9.2 21 0.587903225806452 0.445564516129032 3.90512483795333 2 0 0 
0 1340 6.6 21 0.455645161290323 NaN NaN 2 0 0 
1 1350 9.2 21 0.515067911714771 0.445564516129032 1.58113883008419 2 0 0 
0 1350 6.6 21 0.362593052109181 0.17741935483871 0 2 0 0 
1 1360 9.2 21 0.432795698924731 0.34005376344086 34.2826939668979 2 0 0 
0 1360 6.6 21 0.370161290322581 0.229838709677419 0 2 0 0 
1 1370 9.2 21 0.5625 0.289314516129032 39.7903517536829 2 0 0 
0 1370 6.6 21 0.396673387096774 0.168346774193548 15.1839165515249 2 0 0 
1 1380 9.2 21 0.512218963831867 0.453225806451613 31.8801513676846 2 -1 0 
0 1380 6.6 22 0.389784946236559 0.238709677419355 12.9144097545378 2 1 0 
1 1390 9.2 21 0.443760611205433 0.564516129032258 21.386390408284 2 -1 0 
0 1390 6.6 22 0.361391129032258 0.308064516129032 14.3748853723968 2 1 0 
1 1400 9.2 21 0.607404692082111 0.674193548387097 5.83392596171919 2 -1 0 
0 1400 6.6 22 0.362327188940092 0.284677419354839 7.47455243606626 2 1 0 
1 1410 9.2 21 0.576164874551971 0.700806451612903 2.82976679679462 2 -1 1 
0 1410 6.6 22 0.286866359447005 0.27258064516129 5.40531260113278 1 1 -1 
1 1420 9.2 22 0.629032258064516 0.72741935483871 7.2094530084705 2 0 1 
0 1420 6.6 22 0.358294930875576 0.258064516129032 3.35410196624968 1 0 -1 
1 1430 9.2 22 0.735023041474654 0.749193548387097 5.32177946378075 2 0 1 
0 1430 6.6 22 0.342237903225806 0.193548387096774 6.10327780786685 1 0 -1 
1 1440 9.2 22 0.696236559139785 0.785483870967742 3.4018585466963 2 0 1 
0 1440 6.6 22 0.292842741935484 0.17741935483871 8.07774721070176 1 0 -1 
