1 30 6.4 1 NaN 0.172379032258065 1.54822601875876 3 0 0 
0 30 7.4 1 NaN 0.313508064516129 30.8314198064484 3 0 0 
1 40 6.4 1 NaN 0.173387096774194 2.31395820383422 3 0 0 
0 40 7.4 1 NaN 0.279838709677419 36.1368596183614 3 0 0 
1 50 6.4 1 0.383064516129032 0.315524193548387 25.7132046829224 3 0 0 
0 50 7.4 1 0.380645161290323 0.308870967741935 40.7092765152892 3 0 0 
1 60 6.4 1 0.375 0.453629032258065 30.578906679087 3 0 0 
0 60 7.4 1 0.375 0.475 37.4997159324475 3 0 0 
1 70 6.4 1 0.380824372759857 0.467741935483871 37.5300851345947 3 0 0 
0 70 7.4 1 0.406490015360983 0.461290322580645 32.3288695321252 3 0 0 
1 80 6.4 1 0.472350230414747 0.481451612903226 31.324196657815 3 0 0 
0 80 7.4 1 0.467391304347826 0.450806451612903 32.2118325415791 3 0 0 
1 90 6.4 1 0.392903225806452 0.476478494623656 35.1187484398826 3 0 0 
0 90 7.4 1 0.414412070759625 0.461290322580645 35.5363322235292 3 0 0 
1 100 6.4 1 0.373814041745731 0.482718894009217 28.9030436123531 3 -1 0 
0 100 7.4 2 0.396505376344086 0.469354838709677 31.4567104192205 3 1 0 
1 110 6.4 2 0.479838709677419 0.467165898617512 30.6697519718033 3 0 0 
0 110 7.4 2 0.470196353436185 0.463709677419355 31.4557608917834 3 0 0 
1 120 6.4 2 0.392903225806452 0.455645161290323 35.1699035107712 3 0 0 
0 120 7.4 2 0.416162634408602 0.485483870967742 34.5288188150553 3 0 0 
1 130 6.4 2 0.374787775891341 0.487903225806452 33.8711302892013 3 0 0 
0 130 7.4 2 0.429193548387097 0.461290322580645 35.9657647456422 3 0 0 
1 140 6.4 3 0.450460829493088 0.462557603686636 35.2902218510065 3 0 0 
0 140 7.4 3 0.462934243176179 0.487096774193548 37.2344719014384 3 0 0 
1 150 6.4 3 0.410714285714286 0.481566820276498 32.6017399666764 3 0 0 
0 150 7.4 3 0.428842504743833 0.475806451612903 37.7638918695175 3 0 0 
1 160 6.4 4 0.43200146627566 0.513709677419355 21.7951453584776 3 1 0 
0 160 7.4 3 0.434907834101383 0.483870967741936 22.387495873842 3 -1 0 
1 170 6.4 4 0.461981566820277 0.504838709677419 19.6302399635023 3 0 0 
0 170 7.4 4 0.472278225806452 0.503024193548387 27.6958381302228 3 0 0 
1 180 6.4 5 0.432603686635945 0.429435483870968 44.3468967939383 3 1 0 
0 180 7.4 4 0.411439665471924 0.361895161290323 37.7253631942163 3 -1 0 
1 190 6.4 5 0.437412342215989 0.38508064516129 49.7810954524145 3 1 0 
0 190 7.4 4 0.393433179723502 0.360887096774194 41.0925161268295 3 -1 0 
1 200 6.4 5 0.459987593052109 0.458870967741936 36.0374026215214 3 1 0 
0 200 7.4 4 0.44 0.340322580645161 54.36285480632 3 -1 0 
1 210 6.4 5 0.43108504398827 0.505040322580645 16.1433244349213 3 1 0 
0 210 7.4 4 0.400345622119816 0.436290322580645 29.255558144159 3 -1 0 
1 220 6.4 6 0.462903225806452 0.459677419354839 42.5259788470731 3 2 0 
0 220 7.4 4 0.398521505376344 0.442741935483871 27.0758360389638 3 -2 0 
1 230 6.4 6 0.482484879032258 0.445161290322581 34.7900406327291 3 1 0 
0 230 7.4 5 0.436935483870968 0.361559139784946 43.2487880155052 3 -1 0 
1 240 6.4 6 0.430740037950664 0.470161290322581 28.4094928758401 3 1 0 
0 240 7.4 5 0.39758064516129 0.46505376344086 35.8481367820336 3 -1 0 
1 250 6.4 6 0.46846198156682 0.455645161290323 44.2676838865217 3 0 0 
0 250 7.4 6 0.41003893214683 0.401612903225806 51.9008177787746 3 0 0 
1 260 6.4 6 0.474630376344086 0.450806451612903 38.8645257845339 3 0 0 
0 260 7.4 6 0.470713073005093 0.415322580645161 46.0670085507227 3 0 0 
1 270 6.4 7 0.406081989247312 0.517741935483871 32.1012036931811 3 1 0 
0 270 7.4 6 0.425268817204301 0.45866935483871 43.6194350552207 3 -1 0 
1 280 6.4 7 0.422177419354839 0.520161290322581 25.5860413208618 3 1 0 
0 280 7.4 6 0.397379032258064 0.457661290322581 35.1669222903003 3 -1 0 
1 290 6.4 7 0.486943164362519 0.465322580645161 21.5597076088911 3 1 0 
0 290 7.4 6 0.450682382133995 0.412096774193548 30.8099711320513 3 -1 0 
1 300 6.4 7 0.431333017077799 0.434139784946237 23.2729496351045 3 1 0 
0 300 7.4 6 0.420595533498759 0.478225806451613 19.8071014278189 3 -1 0 
1 310 6.4 8 0.391129032258065 0.4375 27.308738862786 3 1 0 
0 310 7.4 7 0.424438990182328 0.405645161290323 33.4966119443966 3 -1 0 
1 320 6.4 8 0.461895161290323 0.438364055299539 34.6144101530419 3 1 0 
0 320 7.4 7 0.433548387096774 0.416935483870968 28.4554762255628 3 -1 0 
1 330 6.4 8 0.413306451612903 0.468413978494624 33.642053786578 3 1 0 
0 330 7.4 7 0.424557752341311 0.494354838709677 46.2984957528316 3 -1 0 
1 340 6.4 8 0.387992831541219 0.498655913978495 26.5062383742845 3 1 0 
0 340 7.4 7 0.452116935483871 0.459677419354839 28.1346376820424 3 -1 0 
1 350 6.4 8 0.451612903225806 0.5 26.6113923259694 3 1 0 
0 350 7.4 7 0.482334869431644 0.445967741935484 19.825366576111 3 -1 0 
1 360 6.4 8 0.407082748948107 0.476958525345622 27.1690423583217 3 0 0 
0 360 7.4 8 0.429569892473118 0.490322580645161 31.370888922636 3 0 0 
1 370 6.4 9 0.389112903225806 0.44815668202765 27.9137602935194 3 1 0 
0 370 7.4 8 0.424782878411911 0.479032258064516 37.0494118767616 3 -1 0 
1 380 6.4 9 0.451804915514593 0.462365591397849 33.5906584889997 3 1 0 
0 380 7.4 8 0.481079404466501 0.48991935483871 47.0073023844717 3 -1 0 
1 390 6.4 10 0.405241935483871 0.495295698924731 38.1043138236191 3 2 0 
0 390 7.4 8 0.408387096774194 0.473118279569892 55.4066070318721 3 -2 0 
1 400 6.4 10 0.40258064516129 0.495391705069124 34.078114439181 3 2 0 
0 400 7.4 8 0.408064516129032 0.475806451612903 0 3 -2 0 
1 410 6.4 11 0.473991935483871 0.501728110599078 32.8680621998094 3 3 0 
0 410 7.4 8 0.448548387096774 0.243279569892473 41.6043946374179 3 -3 0 
1 420 6.4 11 0.450850043591979 0.530241935483871 30.5513004077272 3 3 0 
0 420 7.4 8 0.395353302611367 0.259677419354839 29.5600590836574 3 -3 0 
1 430 6.4 11 0.430351906158358 0.557795698924731 20.6570173556765 3 2 0 
0 430 7.4 9 0.392641129032258 0.312903225806452 22.8141824653416 3 -2 0 
1 440 6.4 11 0.486607142857143 0.574596774193548 22.0918628360565 3 2 0 
0 440 7.4 9 0.407762096774194 0.378225806451613 31.3889510296322 3 -2 0 
1 450 6.4 11 0.432847394540943 0.490783410138249 37.4762832099473 3 2 0 
0 450 7.4 9 0.402217741935484 0.429435483870968 40.897221133474 3 -2 0 
1 460 6.4 12 0.450385694249649 0.539516129032258 23.3667452351134 3 3 0 
0 460 7.4 9 0.428056027164686 0.471774193548387 52.4690384893796 3 -3 0 
1 470 6.4 12 0.502134724857685 0.576612903225806 22.7205293247904 3 3 0 
0 470 7.4 9 0.46157495256167 0.405241935483871 23.5849528301415 3 -3 0 
1 480 6.4 12 0.42992213570634 0.442876344086022 45.5196157004313 3 2 0 
0 480 7.4 10 0.423051075268817 0.219758064516129 31.8366328303764 3 -2 0 
1 490 6.4 12 0.406774193548387 0.411290322580645 38.1185588006932 3 2 0 
0 490 7.4 10 0.402309384164223 0.296774193548387 30.0582447306643 3 -2 0 
1 500 6.4 12 0.475657108721625 0.419354838709677 38.9406132366943 3 2 0 
0 500 7.4 10 0.439112903225806 0.413709677419355 16.7704220990321 3 -2 0 
1 510 6.4 12 0.445228494623656 0.482258064516129 25.0957121294298 3 2 0 
0 510 7.4 10 0.395 0.434475806451613 9.81761133933859 3 -2 0 
1 520 6.4 13 0.463978494623656 0.467069892473118 31.6286664908831 3 2 0 
0 520 7.4 11 0.39375 0.435483870967742 18.4098111855072 3 -2 0 
1 530 6.4 13 0.512096774193548 0.409274193548387 45.3986424769399 3 2 0 
0 530 7.4 11 0.441176470588235 0.470967741935484 17.4094749585837 3 -2 0 
1 540 6.4 13 0.418850806451613 0.371975806451613 30.0598772851999 3 2 0 
0 540 7.4 11 0.406907433380084 0.487096774193548 25.0406698453947 3 -2 0 
1 550 6.4 13 0.383467741935484 0.393817204301075 42.5136694406128 3 2 0 
0 550 7.4 11 0.404737903225806 0.457258064516129 47.6335995138511 3 -2 0 
1 560 6.4 13 0.44968443197756 0.468413978494624 44.1514088672767 3 2 0 
0 560 7.4 11 0.457844574780059 0.476612903225806 59.4268715036423 3 -2 0 
1 570 6.4 14 0.422043010752688 0.516129032258065 48.0567744473133 3 3 0 
0 570 7.4 11 0.434408602150538 0.466397849462366 50.1106968579158 3 -3 0 
1 580 6.4 14 0.446451612903226 0.522177419354839 44.320073529482 3 2 0 
0 580 7.4 12 0.413474462365591 0.423387096774194 28.8347823273078 3 -2 0 
1 590 6.4 14 0.474555061179088 0.526881720430108 37.3504252259308 3 2 0 
0 590 7.4 12 0.496415770609319 0.384072580645161 33.6497721526217 3 -2 0 
1 600 6.4 15 0.466129032258065 0.495967741935484 43.3297421525767 3 3 0 
0 600 7.4 12 0.422379032258065 0.391129032258065 34.6055783537833 3 -3 0 
1 610 6.4 15 0.460424133811231 0.476612903225806 41.9639618595436 3 3 0 
0 610 7.4 12 0.401881720430108 0.411290322580645 25 3 -3 0 
1 620 6.4 15 0.47258064516129 0.55241935483871 30.8116958628933 3 3 0 
0 620 7.4 12 0.42911714770798 0.314516129032258 45.0881989516214 3 -3 0 
1 630 6.4 15 0.439990512333966 0.576036866359447 34.5781574675693 3 3 0 
0 630 7.4 12 0.37528801843318 0.318548387096774 39.8007598665389 3 -3 0 
1 640 6.4 16 0.500610948191593 0.588709677419355 24.3948600273709 3 4 0 
0 640 7.4 12 0.386730205278592 0.286290322580645 43.4619935023072 3 -4 0 
1 650 6.4 16 0.531158357771261 0.505040322580645 37.8936312629658 3 3 0 
0 650 7.4 13 0.390120967741936 0.342741935483871 33.4096087283785 3 -3 0 
1 660 6.4 16 0.487313139260425 0.51008064516129 28.3063264493835 3 3 0 
0 660 7.4 13 0.35810291858679 0.383064516129032 33.8405485198939 3 -3 0 
1 670 6.4 16 0.480137395459976 0.501344086021505 13.2669602616353 3 3 0 
0 670 7.4 13 0.397615708274895 0.400806451612903 47.4189201029893 3 -3 0 
1 680 6.4 16 0.512672811059908 0.473790322580645 4.15709443248872 3 3 0 
0 680 7.4 13 0.437331989247312 0.417741935483871 41.7383398106688 3 -3 0 
1 690 6.4 16 0.431774193548387 0.56989247311828 4.57932051835423 3 2 0 
0 690 7.4 14 0.431191467221644 0.394153225806452 33.2547648563391 3 -2 0 
1 700 6.4 16 0.422491039426523 0.680779569892473 7.33566055496681 3 2 0 
0 700 7.4 14 0.436535764375877 0.404233870967742 45.9109420673892 3 -2 0 
1 710 6.4 16 0.502971137521222 0.700268817204301 3.85179112535046 3 2 0 
0 710 7.4 14 0.500848896434635 0.412298387096774 65.5721800981606 3 -2 0 
1 720 6.4 17 0.429723502304148 0.667626728110599 19.4099990338416 3 3 0 
0 720 7.4 14 0.508709677419355 0.45866935483871 61.163200843791 3 -3 0 
1 730 6.4 17 0.441532258064516 0.517741935483871 45.8371553744707 3 3 0 
0 730 7.4 14 0.516439205955335 0.459677419354839 60.5303693788048 3 -3 0 
1 740 6.4 17 0.54872311827957 0.473387096774194 24.8329593260858 3 3 0 
0 740 7.4 14 0.588325652841782 0.47883064516129 34.5112782658074 3 -3 0 
1 750 6.4 17 0.437344913151365 0.459101382488479 15.0000880615085 3 2 0 
0 750 7.4 15 0.462278876170656 0.490591397849462 18.0119000601938 3 -2 0 
1 760 6.4 17 0.40787841191067 0.409677419354839 10.8029258305446 3 2 0 
0 760 7.4 15 0.432678821879383 0.471774193548387 12.9965747829159 3 -2 0 
1 770 6.4 17 0.51826375711575 0.424395161290323 1.85510014089196 3 1 0 
0 770 7.4 16 0.510176651305684 0.532258064516129 16.5604951616792 3 -1 0 
1 780 6.4 18 0.425483870967742 0.439516129032258 4.03112887414927 3 2 0 
0 780 7.4 16 0.423261088709677 0.508064516129032 5.5 3 -2 0 
1 790 6.4 18 0.446236559139785 0.47883064516129 12.4384120218595 3 2 0 
0 790 7.4 16 0.450076804915515 0.491935483870968 0 3 -2 0 
1 800 6.4 18 0.574046920821114 0.496975806451613 1.39632959997107 3 2 0 
0 800 7.4 16 0.524193548387097 0.435483870967742 0 3 -2 0 
1 810 6.4 18 0.41179435483871 0.366935483870968 52.2888630262252 3 2 0 
0 810 7.4 16 0.480668880455408 0.243951612903226 29.567718883945 3 -2 0 
1 820 6.4 18 0.367302052785924 0.324596774193548 39.4261073517724 3 2 0 
0 820 7.4 16 0.514400921658986 0.256048387096774 19.7704693641827 3 -2 0 
1 830 6.4 19 0.454545454545455 0.338037634408602 21.445552998049 3 3 0 
0 830 7.4 16 0.52852449223417 0.262096774193548 22.78700411167 3 -3 0 
1 840 6.4 19 0.38518675721562 0.384408602150538 10.1848863677524 3 3 0 
0 840 7.4 16 0.454545454545455 0.410483870967742 29.7885577656655 3 -3 0 
1 850 6.4 19 0.403438030560272 0.464285714285714 18.2480952112316 3 2 0 
0 850 7.4 17 0.453043704474506 0.374193548387097 35.6950904596658 3 -2 0 
1 860 6.4 19 0.456905241935484 0.478110599078341 29.3807208337584 3 2 0 
0 860 7.4 17 0.521337365591398 0.398387096774194 28.5431592931191 3 -2 0 
1 870 6.4 19 0.372241086587436 0.532258064516129 34.2345190546374 3 2 0 
0 870 7.4 17 0.484543010752688 0.375 27.7062982774443 3 -2 0 
1 880 6.4 19 0.368817204301075 0.501152073732719 33.9912368726094 3 2 0 
0 880 7.4 17 0.471006144393241 0.363709677419355 9.69290743838732 3 -2 0 
1 890 6.4 19 0.441129032258065 0.440092165898617 24.1214541054111 3 2 0 
0 890 7.4 17 0.545362903225806 0.487903225806452 9.42816381910277 3 -2 0 
1 900 6.4 20 0.386256720430108 0.370967741935484 26.0010222636575 3 3 0 
0 900 7.4 17 0.438508064516129 0.506720430107527 5.73851926505208 3 -3 0 
1 910 6.4 20 0.377016129032258 0.438844086021505 21.7190224188533 3 3 0 
0 910 7.4 17 0.471078976640712 0.446236559139785 5.35118324663674 3 -3 0 
1 920 6.4 20 0.487282878411911 0.44758064516129 25.96413391665 3 3 0 
0 920 7.4 17 0.594193548387097 0.401881720430108 0.65403883526363 3 -3 0 
1 930 6.4 20 0.458976157082749 0.426747311827957 39.3350515676572 3 3 0 
0 930 7.4 17 0.438585607940447 0.454301075268817 2.49428628134283 3 -3 0 
1 940 6.4 20 0.449020737327189 0.425691244239631 40.5454713248865 3 3 0 
0 940 7.4 17 0.480050933786078 0.284274193548387 38.9165774445801 3 -3 0 
1 950 6.4 20 0.495256166982922 0.404953917050691 41.4414280551859 3 3 0 
0 950 7.4 17 0.545161290322581 0.461021505376344 50.9168189010289 3 -3 0 
1 960 6.4 20 0.410394265232975 0.423963133640553 47.5893162594113 3 2 0 
0 960 7.4 18 0.445698924731183 0.484879032258065 48.3070567882721 3 -2 0 
1 970 6.4 21 0.478110599078341 0.424539170506912 50.4569456315293 3 3 0 
0 970 7.4 18 0.451324884792627 0.424731182795699 27.4359991140885 3 -3 0 
1 980 6.4 21 0.491683467741936 0.433179723502304 50.8938775833915 3 3 1 
0 980 7.4 18 0.491223908918406 0.446236559139785 32.5449423317942 2 -3 -1 
1 990 6.4 21 0.408444022770398 0.421370967741936 42.0408665403587 3 3 2 
0 990 7.4 18 0.449106364428945 0.399193548387097 45.4658524483242 1 -3 -2 
1 1000 6.4 21 0.373387096774194 0.366935483870968 50.3053139891659 3 3 2 
0 1000 7.4 18 0.401935483870968 0.481854838709677 46.2429075821366 1 -3 -2 
1 1010 6.4 21 0.407074780058651 0.383736559139785 51.7836821331085 3 3 2 
0 1010 7.4 18 0.53948252688172 0.59005376344086 17.8490207335396 1 -3 -2 
1 1020 6.4 21 0.391278375149343 0.346774193548387 41.2286236246326 3 2 2 
0 1020 7.4 19 0.471078976640712 0.63508064516129 6.96419413859206 1 -2 -2 
1 1030 6.4 21 0.397177419354839 0.329301075268817 25.683316485808 3 2 2 
0 1030 7.4 19 0.45131421744325 0.354838709677419 64.6780488264759 1 -2 -2 
1 1040 6.4 21 0.53415559772296 0.331451612903226 14.5411455689749 3 2 2 
0 1040 7.4 19 0.523073476702509 0.298387096774194 0 1 -2 -2 
1 1050 6.4 21 0.449848790322581 0.343413978494624 32.301517254387 3 2 2 
0 1050 7.4 19 0.42713133640553 0.346774193548387 0 1 -2 -2 
1 1060 6.4 22 0.498387096774194 0.35752688172043 28.5794207257417 3 3 2 
0 1060 7.4 19 0.4537841191067 0.274193548387097 19.2093727122985 1 -3 -2 
1 1070 6.4 22 0.531989247311828 0.354838709677419 23.1315182528752 3 2 2 
0 1070 7.4 20 0.506720430107527 0.326612903225806 28.2179021190449 1 -2 -2 
1 1080 6.4 22 0.417914746543779 0.442204301075269 16.2970697255839 3 2 2 
0 1080 7.4 20 0.430587557603687 0.433467741935484 10.6066017177982 1 -2 -2 
1 1090 6.4 22 0.384116409537167 0.506048387096774 14.6162885354574 3 2 2 
0 1090 7.4 20 0.394794721407625 0.395161290322581 18.7949461292125 1 -2 -2 
1 1100 6.4 22 0.507215619694397 0.538978494623656 14.9293447726635 3 2 2 
0 1100 7.4 20 0.458165322580645 0.276881720430108 24.5708399611884 1 -2 -2 
1 1110 6.4 22 0.476058467741936 0.502304147465438 37.5271512923571 3 2 2 
0 1110 7.4 20 0.338709677419355 0.272849462365591 26.6214370281272 1 -2 -2 
1 1120 6.4 22 0.461383374689826 0.591589861751152 44.1638489092726 3 2 2 
0 1120 7.4 20 0.331575682382134 0.288306451612903 33.4592939457846 1 -2 -2 
1 1130 6.4 22 0.575892857142857 0.632488479262673 47.2962735983327 3 2 2 
0 1130 7.4 20 0.408154121863799 0.276209677419355 32.8267639600042 1 -2 -2 
1 1140 6.4 22 0.572970863683663 0.392857142857143 62.4145659304625 3 2 3 
0 1140 7.4 20 0.317928039702233 0.205645161290323 23.6048131394973 0 -2 -3 
1 1150 6.4 22 0.569397283531409 0.645161290322581 41.6914673778925 3 2 3 
0 1150 7.4 20 0.370967741935484 0.251008064516129 30.6702045008552 0 -2 -3 
1 1160 6.4 22 0.703853046594982 0.573924731182796 40.4463639629379 3 2 3 
0 1160 7.4 20 0.419354838709677 0.245967741935484 21.8358658265279 0 -2 -3 
1 1170 6.4 22 0.66676267281106 0.508064516129032 0 3 2 3 
0 1170 7.4 20 0.221774193548387 0.227822580645161 4.7169905660283 0 -2 -3 
