1 30 9 1 NaN 0.21875 14.189195169069 3 0 0 
0 30 7 1 NaN 0.31015625 31.1262228048153 3 0 0 
1 40 9 1 NaN 0.22734375 21.4827581750142 3 0 0 
0 40 7 1 NaN 0.3125 33.8223338700957 3 0 0 
1 50 9 1 0.36328125 0.28984375 23.9199569079077 3 0 0 
0 50 7 1 0.39453125 0.39453125 40.9807188964826 3 0 0 
1 60 9 1 0.368489583333333 0.40859375 41.3917520845482 3 0 0 
0 60 7 1 0.3984375 0.5078125 42.4675947590102 3 0 0 
1 70 9 1 0.38125 0.47890625 43.7660554263035 3 0 0 
0 70 7 1 0.4142578125 0.51328125 42.0265114176901 3 0 0 
1 80 9 1 0.435631793478261 0.45703125 41.1964361000461 3 0 0 
0 80 7 1 0.463485054347826 0.496875 43.0666941539003 3 0 0 
1 90 9 1 0.416377314814815 0.478125 39.5243972573495 3 0 0 
0 90 7 1 0.434945913461538 0.49921875 40.8429261277649 3 0 0 
1 100 9 2 0.381990131578947 0.475 39.0751803887475 3 1 0 
0 100 7 1 0.444986979166667 0.54296875 32.7857162988826 3 -1 0 
1 110 9 2 0.425551470588235 0.4775390625 32.7120783486384 3 0 0 
0 110 7 2 0.473106971153846 0.4453125 43.4411015297069 3 0 0 
1 120 9 2 0.396484375 0.4814453125 33.4516009672149 3 0 0 
0 120 7 2 0.460379464285714 0.49375 39.0452851992796 3 0 0 
1 130 9 2 0.388494318181818 0.45390625 32.4970235695008 3 0 0 
0 130 7 2 0.460123697916667 0.4953125 46.6332280590564 3 0 0 
1 140 9 2 0.446484375 0.40234375 28.3190029020296 3 -1 0 
0 140 7 3 0.46703125 0.51328125 42.7966497742801 3 1 0 
1 150 9 3 0.385677083333333 0.46171875 39.0720470322525 3 0 0 
0 150 7 3 0.440494791666667 0.5109375 41.8829136116143 3 0 0 
1 160 9 3 0.3701171875 0.4640625 40.3677040270694 3 0 0 
0 160 7 3 0.455005787037037 0.46640625 44.8647552152008 3 0 0 
1 170 9 3 0.421463815789474 0.48671875 42.5491838314666 3 0 0 
0 170 7 3 0.4953125 0.47109375 35.7995454601532 3 0 0 
1 180 9 4 0.4271875 0.484375 40.0598231452646 3 0 0 
0 180 7 4 0.417459239130435 0.46328125 40.1119225494613 3 0 0 
1 190 9 4 0.396205357142857 0.43359375 42.7991542522204 3 0 0 
0 190 7 4 0.401041666666667 0.45078125 45.8617165609675 3 0 0 
1 200 9 4 0.446428571428571 0.42890625 34.0788733942642 3 0 0 
0 200 7 4 0.4763671875 0.49609375 45.3807727991126 3 0 0 
1 210 9 4 0.446555397727273 0.46640625 13.2746240384819 3 0 0 
0 210 7 4 0.416178385416667 0.49375 15.507081730004 3 0 0 
1 220 9 5 0.392045454545455 0.49609375 6.17324275804689 3 1 0 
0 220 7 4 0.413899739583333 0.4912109375 9.51988663278219 3 -1 0 
1 230 9 5 0.415625 0.478125 4.98147575594391 3 1 0 
0 230 7 4 0.480305989583333 0.4912109375 4.42589791792667 3 -1 0 
1 240 9 5 0.417390046296296 0.42109375 7.60543808732787 3 0 0 
0 240 7 5 0.43125 0.44765625 29.570852345207 3 0 0 
1 250 9 5 0.387276785714286 0.46484375 5.38254572490831 3 0 0 
0 250 7 5 0.426938657407407 0.4443359375 21.5306303065608 3 0 0 
1 260 9 5 0.441611842105263 0.50078125 6.8921327901185 3 0 0 
0 260 7 5 0.467317708333333 0.3935546875 36.5938547487493 3 0 0 
1 270 9 6 0.396175986842105 0.41015625 38.9777169603278 3 1 0 
0 270 7 5 0.44921875 0.3390625 31.0648689704741 3 -1 0 
1 280 9 6 0.3701171875 0.34375 52.3967210108497 3 1 0 
0 280 7 5 0.45203125 0.3625 47.9637430958559 3 -1 0 
1 290 9 6 0.430366847826087 0.4390625 47.303400616387 3 1 0 
0 290 7 5 0.481608072916667 0.41796875 41.5071310966661 3 -1 0 
1 300 9 6 0.42140625 0.46796875 43.5658629941813 3 0 0 
0 300 7 6 0.447963169642857 0.465625 47.5143812198476 3 0 0 
1 310 9 6 0.394353693181818 0.46875 40.8955738533471 3 0 0 
0 310 7 6 0.41875 0.47109375 49.6147602507279 3 0 0 
1 320 9 7 0.441938920454545 0.453125 41.2700561319673 3 1 0 
0 320 7 6 0.47265625 0.471875 48.0069632435594 3 -1 0 
1 330 9 7 0.416487068965517 0.4390625 38.1940394193254 3 1 0 
0 330 7 6 0.450334821428571 0.51171875 34.4443416585459 3 -1 0 
1 340 9 7 0.386904761904762 0.4328125 25.6423882380821 3 1 0 
0 340 7 6 0.422384510869565 0.5359375 22.3601285080764 3 -1 0 
1 350 9 7 0.446056547619048 0.42265625 16.5842156757634 3 1 0 
0 350 7 6 0.458891369047619 0.5375 12.939626860496 3 -1 0 
1 360 9 7 0.386259191176471 0.43125 16.4890593503676 3 1 0 
0 360 7 6 0.460320723684211 0.53828125 8.01415151913267 3 -1 0 
1 370 9 7 0.38625 0.397135416666667 3.63909060854417 3 0 0 
0 370 7 7 0.411399147727273 0.55625 6.87136263034263 3 0 0 
1 380 9 7 0.442057291666667 0.37890625 3.63438528936896 3 0 0 
0 380 7 7 0.454367897727273 0.559375 5.24675087183122 3 0 0 
1 390 9 7 0.3955078125 0.2509765625 44.3428940113289 3 0 0 
0 390 7 7 0.477864583333333 0.56328125 4.3430407203117 3 0 0 
1 400 9 7 0.3759765625 0.2041015625 28.7643588979164 3 -1 0 
0 400 7 8 0.444056919642857 0.628125 7.71300198971592 3 1 0 
1 410 9 7 0.438648897058824 0.3291015625 29.9747911363456 3 -1 0 
0 410 7 8 0.4716796875 0.55859375 23.8742829104015 3 1 0 
1 420 9 8 0.367788461538462 0.3515625 43.9453113969164 3 0 0 
0 420 7 8 0.49445564516129 0.546875 34.5820165244924 3 0 0 
1 430 9 8 0.3701171875 0.3625 36.0400699596155 3 0 0 
0 430 7 8 0.4540625 0.5302734375 51.4710303073244 3 0 0 
1 440 9 8 0.429470486111111 0.42578125 36.0569674530405 3 0 0 
0 440 7 8 0.4970703125 0.47109375 62.5232848364534 3 0 0 
1 450 9 9 0.41296875 0.4546875 43.1433039583038 3 0 0 
0 450 7 9 0.46142578125 0.459375 68.8195144591703 3 0 0 
1 460 9 9 0.382279829545455 0.45078125 50.0432113275946 3 0 0 
0 460 7 9 0.4013671875 0.515625 58.8284106172066 3 0 0 
1 470 9 9 0.4427734375 0.4421875 34.2188517812092 3 0 0 
0 470 7 9 0.460526315789474 0.49609375 39.7944612227673 3 0 0 
1 480 9 9 0.417351973684211 0.48515625 9.38254522211396 3 0 0 
0 480 7 9 0.461470170454545 0.4828125 23.7127228150374 3 0 0 
1 490 9 9 0.375558035714286 0.5140625 3.57894636693716 3 0 0 
0 490 7 9 0.436662946428571 0.43203125 4.40368549666525 3 0 0 
1 500 9 9 0.423828125 0.5375 5.00558449615641 3 0 0 
0 500 7 9 0.471788194444444 0.4111328125 5.39462699979128 3 0 0 
1 510 9 10 0.396158854166667 0.59609375 5.78010443391804 3 1 0 
0 510 7 9 0.490685096153846 0.3447265625 4.73562584592698 3 -1 0 
1 520 9 10 0.380434782608696 0.565625 12.7788063799233 3 1 0 
0 520 7 9 0.41828125 0.31484375 25.182415088282 3 -1 0 
1 530 9 10 0.42203125 0.52734375 28.0022718907377 3 1 0 
0 530 7 9 0.443080357142857 0.36171875 38.3732276412751 3 -1 0 
1 540 9 10 0.396147629310345 0.462890625 38.3888289703895 3 0 0 
0 540 7 10 0.471744791666667 0.378125 35.5504166539329 3 0 0 
1 550 9 10 0.381453804347826 0.447916666666667 8.96855146633343 3 0 0 
0 550 7 10 0.478956653225806 0.3671875 35.8763803969649 3 0 0 
1 560 9 10 0.427734375 0.540364583333333 3.96388329223276 3 0 0 
0 560 7 10 0.491608796296296 0.349609375 49.8238794297486 3 0 0 
1 570 9 10 0.374131944444444 0.4716796875 44.0477976515441 3 0 0 
0 570 7 10 0.459716796875 0.3857421875 26.7802021072957 3 0 0 
1 580 9 10 0.3701171875 0.3625 36.8994165762823 3 0 0 
0 580 7 10 0.43140625 0.4609375 12.7990418587394 3 0 0 
1 590 9 10 0.423913043478261 0.440625 7.98425618896092 3 0 0 
0 590 7 10 0.470600328947368 0.4328125 32.1403109495404 3 0 0 
1 600 9 11 0.431206597222222 0.465625 9.77735792870722 3 0 0 
0 600 7 11 0.411534926470588 0.47265625 16.9760270404541 3 0 0 
1 610 9 11 0.452980324074074 0.51953125 3.46113936250782 3 0 0 
0 610 7 11 0.404296875 0.44765625 5.04820609368254 3 0 0 
1 620 9 11 0.450954861111111 0.5140625 4.43755143729224 3 0 0 
0 620 7 11 0.396763392857143 0.4609375 5.69217837697333 3 0 0 
1 630 9 11 0.458854166666667 0.46796875 6.50590811017616 3 0 0 
0 630 7 11 0.416015625 0.42109375 24.1569299655092 3 0 0 
1 640 9 11 0.45 0.48984375 16.0442819339928 3 0 0 
0 640 7 11 0.406960227272727 0.45078125 5.03551697001576 3 0 0 
1 650 9 12 0.471174568965517 0.47421875 26.0375777085885 3 1 0 
0 650 7 11 0.434244791666667 0.47265625 5.80752586596017 3 -1 0 
1 660 9 12 0.526953125 0.46484375 29.1529177327438 3 1 0 
0 660 7 11 0.393359375 0.4796875 16.6123388579705 3 -1 0 
1 670 9 12 0.465745192307692 0.425 40.9828451836821 3 0 0 
0 670 7 12 0.4453125 0.47578125 40.1391925759937 3 0 0 
1 680 9 12 0.44921875 0.4453125 28.3035563804433 3 0 0 
0 680 7 12 0.44921875 0.47109375 35.9308945094821 3 0 0 
1 690 9 12 0.5 0.45703125 21.7494216435787 3 0 0 
0 690 7 12 0.377527573529412 0.484375 25.8759667699373 3 0 0 
1 700 9 12 0.43 0.45546875 25.4565163894052 3 0 0 
0 700 7 12 0.420758928571429 0.498046875 9.8568359165806 3 0 0 
1 710 9 13 0.491071428571429 0.5046875 23.4825581062168 3 1 0 
0 710 7 12 0.460205078125 0.40234375 6.88803408177768 3 -1 0 
1 720 9 13 0.48984375 0.5390625 22.3514607928183 3 1 0 
0 720 7 12 0.378018465909091 0.380859375 5.46747935338463 3 -1 0 
1 730 9 13 0.436802455357143 0.503125 18.1410795537285 3 1 0 
0 730 7 12 0.3828125 0.3212890625 19.6523977134596 3 -1 0 
1 740 9 13 0.5220947265625 0.51328125 17.055150650308 3 1 0 
0 740 7 12 0.4208984375 0.3447265625 24.7402016099321 3 -1 0 
1 750 9 13 0.497306034482759 0.50234375 28.7902437658367 3 1 0 
0 750 7 12 0.393663194444444 0.34140625 31.5563152741117 3 -1 0 
1 760 9 13 0.47265625 0.51015625 23.4440962858721 3 0 0 
0 760 7 13 0.418996710526316 0.3671875 33.3106196469623 3 0 0 
1 770 9 14 0.438244047619048 0.503125 18.0518441076907 3 1 0 
0 770 7 13 0.414930555555556 0.440625 33.8503601456152 3 -1 0 
1 780 9 14 0.414473684210526 0.48671875 20.6185936603151 3 1 0 
0 780 7 13 0.461197916666667 0.48359375 17.0222763173525 3 -1 0 
1 790 9 14 0.397693452380952 0.4796875 20.2724356230843 3 1 0 
0 790 7 13 0.428977272727273 0.50859375 8.08550707867373 3 -1 0 
1 800 9 14 0.422025240384615 0.528125 8.20540925246774 3 1 0 
0 800 7 13 0.42109375 0.43828125 9.62111992084339 3 -1 0 
1 810 9 14 0.413352272727273 0.4828125 11.284346269357 3 1 0 
0 810 7 13 0.480113636363636 0.45703125 6.77050441645313 3 -1 0 
1 820 9 14 0.428013392857143 0.509375 8.49562559937014 3 1 0 
0 820 7 13 0.429347826086957 0.486979166666667 7.3955664709229 3 -1 0 
1 830 9 15 0.460069444444444 0.51484375 2.91270110233648 3 2 0 
0 830 7 13 0.441200657894737 0.44921875 0 3 -2 0 
1 840 9 15 0.418212890625 0.49375 21.6302409019274 3 1 0 
0 840 7 14 0.47875 0.453125 0 3 -1 0 
1 850 9 15 0.368272569444444 0.51484375 34.9542679661567 3 1 0 
0 850 7 14 0.4240625 0.4375 0 3 -1 0 
1 860 9 15 0.420572916666667 0.52421875 35.8366611394182 3 1 0 
0 860 7 14 0.473557692307692 0.2392578125 28.2197961366728 3 -1 0 
1 870 9 15 0.41748046875 0.45078125 40.4947865655736 3 1 0 
0 870 7 14 0.502308238636364 0.3734375 27.3267550513948 3 -1 0 
1 880 9 15 0.446010044642857 0.475 38.1384469137911 3 1 0 
0 880 7 14 0.445529513888889 0.38359375 23.7017595916181 3 -1 0 
1 890 9 16 0.520582932692308 0.4484375 21.2093248309941 3 2 0 
0 890 7 14 0.443050986842105 0.306640625 2.28558400601016 3 -2 0 
1 900 9 16 0.4720458984375 0.47265625 19.1272136106546 3 2 0 
0 900 7 14 0.424753289473684 0.294921875 1.85982784271654 3 -2 0 
1 910 9 16 0.449074074074074 0.49765625 27.0604294340184 3 1 0 
0 910 7 15 0.428089488636364 0.37109375 28.5358573021059 3 -1 0 
1 920 9 16 0.44859375 0.4203125 18.0025164523224 3 1 0 
0 920 7 15 0.432436342592593 0.42578125 32.5622724441525 3 -1 0 
1 930 9 16 0.42796875 0.302734375 4.55389173772753 3 1 0 
0 930 7 15 0.4580078125 0.4794921875 31.015924059275 3 -1 0 
1 940 9 16 0.436686197916667 0.3740234375 6.88642803842619 3 1 0 
0 940 7 15 0.44775390625 0.4951171875 26.2633511404666 3 -1 0 
1 950 9 16 0.439959490740741 0.5234375 5.40585500185697 3 1 0 
0 950 7 15 0.4541015625 0.455078125 7.56165255400122 3 -1 0 
1 960 9 17 0.39794921875 0.55859375 3.94858285398985 3 1 0 
0 960 7 16 0.446428571428571 0.40234375 3.59450348160089 3 -1 0 
1 970 9 17 0.431640625 0.51953125 5.29401986412868 3 1 0 
0 970 7 16 0.4033203125 0.46484375 3.67834604366685 3 -1 0 
1 980 9 17 0.492047991071429 0.4046875 31.7013946588137 3 1 0 
0 980 7 16 0.450120192307692 0.408203125 28.6690753073859 3 -1 0 
1 990 9 17 0.4931640625 0.4296875 12.6108218428508 3 1 0 
0 990 7 16 0.39453125 0.3857421875 28.7300637727654 3 -1 0 
1 1000 9 17 0.4544677734375 0.4875 10.3006029642688 3 1 0 
0 1000 7 16 0.392578125 0.421875 3.37062259621822 3 -1 0 
1 1010 9 17 0.492779356060606 0.56328125 5.37765571658542 3 1 0 
0 1010 7 16 0.423921130952381 0.411458333333333 4.31603696062484 3 -1 0 
1 1020 9 17 0.483424831081081 0.6296875 7.87422941151895 3 1 0 
0 1020 7 16 0.38125 0.395833333333333 19.208768716943 3 -1 0 
1 1030 9 17 0.498613911290323 0.60859375 7.97097616556672 3 1 0 
0 1030 7 16 0.390625 0.404296875 24.3823706804732 3 -1 0 
1 1040 9 18 0.550998263888889 0.61875 4.75584912008188 3 2 0 
0 1040 7 16 0.3046875 0.4140625 19.5256241897666 3 -2 0 
1 1050 9 19 0.571265243902439 0.684375 3.48079686905828 3 3 0 
0 1050 7 16 0.3046875 0.171875 0 3 -3 0 
1 1060 9 19 0.585409628378378 0.7078125 6.22925368669984 3 3 1 
0 1060 7 16 0.25 0.220052083333333 8.28602876751068 2 -3 -1 
1 1070 9 20 0.607830668604651 0.7140625 3.63416061310309 3 4 2 
0 1070 7 16 0.25 0.224609375 11.7633651338405 1 -4 -2 
1 1080 9 20 0.62781613372093 0.70390625 3.89529295335057 3 4 2 
0 1080 7 16 NaN 0.259765625 4.08437634270571 1 -4 -2 
1 1090 9 20 0.525318287037037 0.628125 11.8275769986477 3 3 2 
0 1090 7 17 NaN 0.24375 13.8530140824517 1 -3 -2 
1 1100 9 20 0.52808277027027 0.69140625 7.49417401707378 3 3 2 
0 1100 7 17 NaN 0.203125 5.56795357047098 1 -3 -2 
1 1110 9 20 0.566215701219512 0.60390625 9.73601668169422 3 3 2 
0 1110 7 17 0.264322916666667 0.234375 15.1723045371346 1 -3 -2 
1 1120 9 20 0.543285472972973 0.58359375 7.79158088959265 3 3 2 
0 1120 7 17 0.291796875 0.2890625 8.47604447124047 1 -3 -2 
1 1130 9 20 0.62021484375 0.6203125 5.3920716687391 3 3 2 
0 1130 7 17 0.286658653846154 0.3109375 7.4300953301043 1 -3 -2 
1 1140 9 20 0.552014802631579 0.67109375 5.5465285819723 3 3 2 
0 1140 7 17 0.2662109375 0.2685546875 19.9630662945848 1 -3 -2 
1 1150 9 20 0.529877533783784 0.7390625 3.24814134498713 3 3 2 
0 1150 7 17 0.31953125 0.2625 14.9657223062485 1 -3 -2 
1 1160 9 20 0.59482421875 0.73203125 5.31346567403782 3 2 2 
0 1160 7 18 0.33349609375 0.22890625 8.50888688675746 1 -2 -2 
1 1170 9 20 0.567168445121951 0.736979166666667 1.58005133747098 3 2 2 
0 1170 7 18 0.325639204545455 0.2412109375 2.97898301606462 1 -2 -2 
1 1180 9 20 0.548009072580645 0.75390625 4.16594658079867 3 2 2 
0 1180 7 18 NaN 0.23046875 1.11803398874989 1 -2 -2 
1 1190 9 20 0.568209134615385 0.76953125 7.34599273590662 3 1 2 
0 1190 7 19 NaN 0.20703125 3.90512483795333 1 -1 -2 
1 1200 9 20 0.529983108108108 0.591145833333333 18.4276023611132 3 1 2 
0 1200 7 19 0.271205357142857 0.229166666666667 14.4079032599322 1 -1 -2 
1 1210 9 20 0.542249177631579 0.420572916666667 23.506190035785 3 1 2 
0 1210 7 19 0.314453125 0.26171875 8.4090274511799 1 -1 -2 
1 1220 9 21 0.582126524390244 0.322916666666667 7.71729872802057 3 2 2 
0 1220 7 19 0.314453125 0.276041666666667 7.2209796302495 1 -2 -2 
1 1230 9 21 0.556640625 0.2548828125 19.882407382799 3 2 2 
0 1230 7 19 0.298177083333333 0.322265625 30.3555950498687 1 -2 -2 
1 1240 9 21 0.519294507575758 0.3515625 14.5587913023339 3 2 2 
0 1240 7 19 0.406850961538462 0.36796875 36.2523050680098 1 -2 -2 
1 1250 9 21 0.583243534482759 0.36484375 11.3298654680885 3 2 2 
0 1250 7 19 0.417668269230769 0.428125 37.6503653715185 1 -2 -2 
1 1260 9 21 0.546519886363636 0.42890625 3.8667168319106 3 1 2 
0 1260 7 20 0.414641203703704 0.45703125 43.2402977979027 1 -1 -2 
1 1270 9 21 0.498798076923077 0.52734375 3.47201642831763 3 1 2 
0 1270 7 20 0.482855902777778 0.44140625 52.6707441184741 1 -1 -2 
1 1280 9 21 0.5625 0.61953125 8.8836115433191 3 1 2 
0 1280 7 20 0.466145833333333 0.447916666666667 59.1908874363613 1 -1 -2 
1 1290 9 21 0.632634943181818 0.67734375 20.5396562156431 3 1 2 
0 1290 7 20 0.491570723684211 0.310546875 20.7183493551007 1 -1 -2 
1 1300 9 21 0.638392857142857 0.7078125 15.6202589041904 3 1 2 
0 1300 7 20 0.649502840909091 0.19921875 1.11803398874989 1 -1 -2 
1 1310 9 21 0.638392857142857 0.775390625 4.55755622209743 3 1 2 
0 1310 7 20 0.661221590909091 0.1953125 2.5 1 -1 -2 
