1 30 6.6 1 NaN 0.3046875 15.3239716526189 3 0 0 
0 30 8.4 1 NaN 0.165625 5.16374914458361 3 0 0 
1 40 6.6 1 NaN 0.3125 16.1365193858407 3 0 0 
0 40 8.4 1 NaN 0.21171875 12.7319982019646 3 0 0 
1 50 6.6 1 NaN 0.36484375 18.485497764611 3 0 0 
0 50 8.4 1 NaN 0.30546875 23.557291154112 3 0 0 
1 60 6.6 1 0.37421875 0.48515625 28.7937696056687 3 0 0 
0 60 8.4 1 0.365119485294118 0.41640625 28.1136708877922 3 0 0 
1 70 6.6 1 0.37109375 0.496875 32.6993103055066 3 0 0 
0 70 8.4 1 0.36328125 0.46484375 30.7826790536411 3 0 0 
1 80 6.6 1 0.447443181818182 0.47734375 32.4674618494844 3 0 0 
0 80 8.4 1 0.457236842105263 0.49453125 20.0571140475298 3 0 0 
1 90 6.6 1 0.445716594827586 0.47734375 31.6560432499341 3 0 0 
0 90 8.4 1 0.410333806818182 0.4984375 22.6348616135094 3 0 0 
1 100 6.6 1 0.421470905172414 0.478125 24.6494630035741 3 0 0 
0 100 8.4 1 0.375177556818182 0.4796875 22.6011989982278 3 0 0 
1 110 6.6 2 0.456217447916667 0.47109375 24.1011690993941 3 1 0 
0 110 8.4 1 0.442595108695652 0.4921875 19.5007379291206 3 -1 0 
1 120 6.6 2 0.435132575757576 0.48203125 21.8582045064597 3 0 0 
0 120 8.4 2 0.40673828125 0.49296875 16.9875041246364 3 0 0 
1 130 6.6 2 0.443926411290323 0.446875 24.3256577731123 3 0 0 
0 130 8.4 2 0.399639423076923 0.47734375 24.5390043453473 3 0 0 
1 140 6.6 2 0.516690340909091 0.47578125 32.1784576612053 3 0 0 
0 140 8.4 2 0.46186755952381 0.35078125 42.353916825225 3 0 0 
1 150 6.6 2 0.448995535714286 0.49296875 32.4676800932091 3 0 0 
0 150 8.4 2 0.38623046875 0.40390625 44.6451399161131 3 0 0 
1 160 6.6 2 0.388849431818182 0.50625 24.3216570731001 3 -1 0 
0 160 8.4 3 0.400028935185185 0.45546875 37.6818912681587 3 1 0 
1 170 6.6 3 0.477306547619048 0.50703125 13.5744307537705 3 0 0 
0 170 8.4 3 0.4646875 0.4078125 42.556963900111 3 0 0 
1 180 6.6 3 0.44140625 0.48203125 30.7760312464405 3 0 0 
0 180 8.4 3 0.41015625 0.43046875 43.8048610083025 3 0 0 
1 190 6.6 3 0.402506510416667 0.51953125 38.3599557778946 3 -1 0 
0 190 8.4 4 0.38234375 0.42578125 30.5628800421 3 1 0 
1 200 6.6 4 0.452895220588235 0.4796875 35.9546640127556 3 0 0 
0 200 8.4 4 0.45953125 0.46328125 24.1719461827778 3 0 0 
1 210 6.6 4 0.42023689516129 0.490625 40.0731327380284 3 0 0 
0 210 8.4 4 0.413944128787879 0.5 15.4267443206507 3 0 0 
1 220 6.6 5 0.40484375 0.4859375 38.6705383845181 3 1 0 
0 220 8.4 4 0.387073863636364 0.498046875 17.2642710524418 3 -1 0 
1 230 6.6 5 0.488790760869565 0.49296875 28.6628888773263 3 1 0 
0 230 8.4 4 0.454012784090909 0.375 37.3912393469097 3 -1 0 
1 240 6.6 5 0.4375 0.5125 29.2469380971143 3 0 0 
0 240 8.4 5 0.396344866071429 0.3984375 43.9255426557894 3 0 0 
1 250 6.6 6 0.40390625 0.52265625 29.3397668791191 3 1 0 
0 250 8.4 5 0.380604619565217 0.421875 35.0672202133151 3 -1 0 
1 260 6.6 6 0.5103515625 0.5140625 32.0182749435137 3 1 0 
0 260 8.4 5 0.464488636363636 0.45 35.8870898200448 3 -1 0 
1 270 6.6 6 0.433863146551724 0.529296875 15.3957231529751 3 0 0 
0 270 8.4 6 0.428335336538462 0.47890625 35.5015247429327 3 0 0 
1 280 6.6 6 0.40625 0.5126953125 5.37343630331272 3 0 0 
0 280 8.4 6 0.368430397727273 0.46875 40.2363520441491 3 0 0 
1 290 6.6 6 0.473345588235294 0.41484375 30.3888945265125 3 -1 0 
0 290 8.4 7 0.4494140625 0.45703125 36.8158889908675 3 1 0 
1 300 6.6 6 0.379123263888889 0.44609375 29.1011132679329 3 -1 0 
0 300 8.4 7 0.433443509615385 0.421875 32.8317698347039 3 1 0 
1 310 6.6 7 0.390964673913043 0.48515625 22.1515275522988 3 0 0 
0 310 8.4 7 0.36328125 0.396875 29.2443926601679 3 0 0 
1 320 6.6 7 0.455322265625 0.48359375 24.6476657214367 3 0 0 
0 320 8.4 7 0.428248355263158 0.4625 24.4646369179927 3 0 0 
1 330 6.6 7 0.420735677083333 0.52734375 27.0774985253879 3 0 0 
0 330 8.4 7 0.410333806818182 0.4546875 17.6883375988128 3 0 0 
1 340 6.6 7 0.406828703703704 0.47109375 31.5129639777589 3 0 0 
0 340 8.4 7 0.38671875 0.4359375 23.9207747526634 3 0 0 
1 350 6.6 7 0.456845238095238 0.51328125 20.5304149922635 3 -1 0 
0 350 8.4 8 0.422395833333333 0.47421875 29.1372463246279 3 1 0 
1 360 6.6 7 0.437904094827586 0.49609375 20.0916147815697 3 -1 0 
0 360 8.4 8 0.396701388888889 0.4703125 26.2493398039923 3 1 0 
1 370 6.6 7 0.420528017241379 0.45390625 15.1200095509879 3 -1 0 
0 370 8.4 8 0.36328125 0.50234375 24.7105412930568 3 1 0 
1 380 6.6 8 0.489979619565217 0.46328125 7.73313896155018 3 0 0 
0 380 8.4 8 0.428645833333333 0.52109375 28.7062112967958 3 0 0 
1 390 6.6 8 0.445 0.45703125 17.4004587172279 3 0 0 
0 390 8.4 8 0.445851293103448 0.49453125 33.0828536891695 3 0 0 
1 400 6.6 8 0.406850961538462 0.50625 22.5251525478158 3 -1 0 
0 400 8.4 9 0.410319010416667 0.4328125 34.1993603162594 3 1 0 
1 410 6.6 9 0.455386513157895 0.51875 29.864928755067 3 0 0 
0 410 8.4 9 0.4404296875 0.4375 26.7343770538248 3 0 0 
1 420 6.6 9 0.438151041666667 0.57265625 23.8794545019142 3 0 0 
0 420 8.4 9 0.398148148148148 0.3955078125 27.9653936942424 3 0 0 
1 430 6.6 9 0.385360054347826 0.56171875 24.2526099603789 3 0 0 
0 430 8.4 9 0.37797619047619 0.3875 39.0354889020404 3 0 0 
1 440 6.6 10 0.532769097222222 0.5375 34.9572389166817 3 1 0 
0 440 8.4 9 0.443462171052632 0.3896484375 43.6368612893725 3 -1 0 
1 450 6.6 10 0.4609375 0.53125 33.7322562783219 3 0 0 
0 450 8.4 10 0.3873046875 0.4228515625 40.593304141237 3 0 0 
1 460 6.6 10 0.410757211538462 0.48984375 35.5601478754026 3 0 0 
0 460 8.4 10 0.373046875 0.39375 51.7882643563349 3 0 0 
1 470 6.6 10 0.500532670454545 0.50234375 29.7383217875949 3 -1 0 
0 470 8.4 11 0.411931818181818 0.43984375 51.8512428593059 3 1 0 
1 480 6.6 11 0.469554227941177 0.50234375 35.3485061120731 3 0 0 
0 480 8.4 11 0.4029296875 0.478125 44.2313028892768 3 0 0 
1 490 6.6 11 0.457661290322581 0.50625 53.5861837547843 3 0 0 
0 490 8.4 11 0.382595486111111 0.5126953125 5.82489221871072 3 0 0 
1 500 6.6 11 0.592633928571429 0.50234375 54.3432471172895 3 0 0 
0 500 8.4 11 0.410866477272727 0.5458984375 3.58746409657538 3 0 0 
1 510 6.6 11 0.531628024193548 0.45390625 53.3887108632609 3 0 0 
0 510 8.4 11 0.430930397727273 0.5849609375 6.37469190002758 3 0 0 
1 520 6.6 11 0.4353515625 0.38828125 38.1864056638188 3 0 0 
0 520 8.4 11 0.409466911764706 0.37265625 50.57432359279 3 0 0 
1 530 6.6 11 0.56875 0.39375 26.3640019410356 3 0 0 
0 530 8.4 11 0.525275735294118 0.40234375 27.1245854245927 3 0 0 
1 540 6.6 12 0.445197610294118 0.4375 32.0130662732528 3 0 0 
0 540 8.4 12 0.439670138888889 0.36875 12.7199621944832 3 0 0 
1 550 6.6 12 0.449074074074074 0.4501953125 32.23281600797 3 0 0 
0 550 8.4 12 0.378566576086957 0.375 10.5430961490924 3 0 0 
1 560 6.6 12 0.5294921875 0.359375 21.5081345340353 3 0 0 
0 560 8.4 12 0.382552083333333 0.346875 9.66436249247774 3 0 0 
1 570 6.6 12 0.462834821428571 0.33125 36.3839621543139 3 0 0 
0 570 8.4 12 0.420758928571429 0.35078125 24.3018507555454 3 0 0 
1 580 6.6 12 0.40234375 0.38828125 44.2537309841516 3 0 0 
0 580 8.4 12 0.411272321428571 0.37109375 14.3700943417887 3 0 0 
1 590 6.6 12 0.478794642857143 0.46875 41.0432112680891 3 0 0 
0 590 8.4 12 0.453634510869565 0.41171875 34.0576068257508 3 0 0 
1 600 6.6 12 0.431385869565217 0.50390625 29.1062635829363 3 -1 0 
0 600 8.4 13 0.451963682432432 0.4171875 31.5559802387843 3 1 0 
1 610 6.6 12 0.36669921875 0.47578125 32.0211834560152 3 -1 0 
0 610 8.4 13 0.461055871212121 0.41640625 25.9912999711994 3 1 0 
1 620 6.6 12 0.3359375 0.4521484375 41.0764748560082 3 -1 0 
0 620 8.4 13 0.573369565217391 0.484375 25.8961546794263 3 1 0 
1 630 6.6 13 0.341202445652174 0.41796875 45.9294187395146 3 0 0 
0 630 8.4 13 0.549856085526316 0.47265625 20.9897376939678 3 0 0 
1 640 6.6 13 0.360576923076923 0.40625 32.8381776844595 3 0 0 
0 640 8.4 13 0.52890625 0.4734375 31.289119995989 3 0 0 
1 650 6.6 13 0.3515625 0.30078125 32.9611712257351 3 0 0 
0 650 8.4 13 0.585036057692308 0.546875 6.39748079949503 3 0 0 
1 660 6.6 13 0.346833881578947 0.32421875 16.1493085968916 3 -1 0 
0 660 8.4 14 0.471443965517241 0.6109375 14.0271098381368 3 1 0 
1 670 6.6 14 0.346614583333333 0.356770833333333 10.6966286623708 3 0 0 
0 670 8.4 14 0.437365301724138 0.61171875 9.8514045423915 3 0 0 
1 680 6.6 14 0.3796875 0.3193359375 22.1589054138331 3 0 0 
0 680 8.4 14 0.585582386363636 0.568359375 12.9487501165846 3 0 0 
1 690 6.6 14 0.323617788461538 0.3609375 38.9682088103386 3 0 0 
0 690 8.4 14 0.515969669117647 0.5234375 13.8398992711637 3 0 0 
1 700 6.6 14 0.349494485294118 0.39375 35.2487076583907 3 0 0 
0 700 8.4 14 0.479894301470588 0.55 10.5309023717164 3 0 0 
1 710 6.6 14 0.337296195652174 0.3671875 30.0139874850183 3 0 0 
0 710 8.4 14 0.522705078125 0.5984375 12.8025877904418 3 0 0 
1 720 6.6 15 0.369977678571429 0.3642578125 21.817379248471 3 0 0 
0 720 8.4 15 0.482336956521739 0.7015625 18.662318348441 3 0 0 
1 730 6.6 15 0.41748046875 0.364583333333333 16.1514918785103 3 0 0 
0 730 8.4 15 0.491122159090909 0.65859375 11.8978252956669 3 0 0 
1 740 6.6 15 0.40234375 0.290364583333333 21.0745807824738 3 0 0 
0 740 8.4 15 0.579752604166667 0.65625 12.3877097662815 3 0 0 
1 750 6.6 15 0.443926411290323 0.286458333333333 42.3807783855819 3 -1 0 
0 750 8.4 16 0.465909090909091 0.67890625 29.9676917401658 3 1 0 
1 760 6.6 15 0.453657670454545 0.2841796875 46.4648089544419 3 -1 0 
0 760 8.4 16 0.433015046296296 0.63125 32.2675252219287 3 1 0 
1 770 6.6 15 0.562959558823529 0.30234375 44.9205141275761 3 -1 0 
0 770 8.4 16 0.483642578125 0.57578125 35.8608868460741 3 1 0 
1 780 6.6 16 0.504557291666667 0.34140625 34.0058742171341 3 0 0 
0 780 8.4 16 0.422554347826087 0.515625 27.0847405778852 3 0 0 
1 790 6.6 16 0.483723958333333 0.3720703125 24.4791798718576 3 0 0 
0 790 8.4 16 0.387541118421053 0.39921875 39.0439351502391 3 0 0 
1 800 6.6 16 0.482572115384615 0.3671875 36.5156960884399 3 0 0 
0 800 8.4 16 0.506784539473684 0.4125 33.0814499256036 3 0 0 
1 810 6.6 16 0.441824776785714 0.34140625 19.7710536182027 3 0 0 
0 810 8.4 16 0.457845052083333 0.37890625 23.770647948636 3 0 0 
1 820 6.6 16 0.445452008928571 0.3984375 14.7791495741689 3 0 0 
0 820 8.4 16 0.367897727272727 0.34375 26.4167169275414 3 0 0 
1 830 6.6 16 0.496694711538462 0.490625 11.5261256177057 3 0 0 
0 830 8.4 16 0.430989583333333 0.403125 8.49428893636947 3 0 0 
1 840 6.6 16 0.4986572265625 0.4484375 3.51343211789542 3 0 0 
0 840 8.4 16 0.397409539473684 0.5263671875 8.26307297620415 3 0 0 
1 850 6.6 17 0.486213235294118 0.4404296875 2.19634948204878 3 0 0 
0 850 8.4 17 0.359592013888889 NaN NaN 3 0 0 
1 860 6.6 17 0.560344827586207 0.5615234375 3.625 3 0 0 
0 860 8.4 17 0.44384765625 NaN NaN 3 0 0 
1 870 6.6 17 0.573293585526316 0.5126953125 13.2375818315203 3 0 0 
0 870 8.4 17 0.374375 NaN NaN 3 0 0 
1 880 6.6 17 0.512388392857143 0.5126953125 23.8557555836816 3 0 0 
0 880 8.4 17 0.4291015625 NaN NaN 3 0 0 
1 890 6.6 17 0.5869140625 0.51171875 17.1226831580546 3 0 0 
0 890 8.4 17 0.502403846153846 0.1318359375 5.34555445935294 3 0 0 
1 900 6.6 18 0.544389204545455 0.3859375 31.0042348913656 3 1 0 
0 900 8.4 17 0.334852430555556 0.189453125 10.3241135207083 3 -1 0 
1 910 6.6 18 0.458921370967742 0.40703125 24.6631424851552 3 1 0 
0 910 8.4 17 0.338169642857143 0.2609375 18.9199848552056 3 -1 0 
1 920 6.6 18 0.548125 0.54375 16.7121402085428 3 1 0 
0 920 8.4 17 0.368489583333333 0.425 6.35589492438179 3 -1 0 
1 930 6.6 18 0.541124131944444 0.521484375 22.8808186995779 3 1 0 
0 930 8.4 17 0.33203125 0.45078125 4.89074444069843 3 -1 0 
1 940 6.6 18 0.45929939516129 0.4482421875 9.70354768566003 3 0 0 
0 940 8.4 18 0.340122767857143 0.540625 3.82632108599757 3 0 0 
1 950 6.6 18 0.557459677419355 0.33203125 9.34188766272271 3 0 0 
0 950 8.4 18 0.369419642857143 0.58359375 4.81947134078819 3 0 0 
1 960 6.6 18 0.5128173828125 0.376953125 25.2700570590087 3 0 0 
0 960 8.4 18 0.361762152777778 0.48359375 11.7474468501971 3 0 0 
1 970 6.6 18 0.48046875 0.37109375 21.639665911342 3 0 0 
0 970 8.4 18 0.363103693181818 0.465625 23.4695315027139 3 0 0 
1 980 6.6 18 0.527604166666667 0.4208984375 20.039539465055 3 0 0 
0 980 8.4 18 0.396306818181818 0.3875 25.3413692748198 3 0 0 
1 990 6.6 18 0.456194196428571 0.39921875 28.9297880334768 3 0 0 
0 990 8.4 18 0.3880859375 0.41171875 20.504436339173 3 0 0 
1 1000 6.6 19 0.466552734375 0.42109375 17.8750206678612 3 1 0 
0 1000 8.4 18 0.361255787037037 0.45625 18.1401739555788 3 -1 0 
1 1010 6.6 19 0.565011160714286 0.47109375 8.51875461348457 3 1 0 
0 1010 8.4 18 0.369904891304348 0.43203125 12.3198055312526 3 -1 0 
1 1020 6.6 19 0.488155241935484 0.56015625 6.51254482475817 3 1 0 
0 1020 8.4 18 0.3794921875 0.37265625 23.1770786093704 3 -1 0 
1 1030 6.6 19 0.382457386363636 0.5828125 6.06876740058919 3 1 0 
0 1030 8.4 18 0.390755208333333 0.375 23.4502876606784 3 -1 0 
1 1040 6.6 20 0.5109375 0.56796875 6.24042753927215 3 2 0 
0 1040 8.4 18 0.399325284090909 NaN NaN 3 -2 0 
1 1050 6.6 20 0.5313720703125 0.57890625 6.41701925209125 3 1 0 
0 1050 8.4 19 0.4465625 NaN NaN 3 -1 0 
1 1060 6.6 20 0.451099537037037 0.5171875 14.8292043865767 3 1 0 
0 1060 8.4 19 0.482271634615385 NaN NaN 3 -1 0 
1 1070 6.6 20 0.574388586956522 0.55703125 17.179819370418 3 1 0 
0 1070 8.4 19 0.501201923076923 NaN NaN 3 -1 0 
1 1080 6.6 20 0.508442540322581 0.4953125 31.0975530265955 3 1 0 
0 1080 8.4 19 0.507339015151515 NaN NaN 3 -1 0 
1 1090 6.6 20 0.482060185185185 0.43359375 36.6709024698179 3 1 1 
0 1090 8.4 19 0.4212890625 0.140625 0 2 -1 -1 
1 1100 6.6 20 0.619140625 0.42890625 42.3544062327383 3 1 1 
0 1100 8.4 19 0.444711538461538 0.17578125 14.5005321114748 2 -1 -1 
1 1110 6.6 21 0.542842741935484 0.4296875 45.2741743783062 3 2 1 
0 1110 8.4 19 0.418294270833333 0.25703125 20.6950947245089 2 -2 -1 
1 1120 6.6 21 0.439453125 0.42421875 35.1322569355854 3 2 1 
0 1120 8.4 19 0.415943287037037 0.3265625 18.608221121532 2 -2 -1 
1 1130 6.6 21 0.448697916666667 0.48125 26.9110428417892 3 2 1 
0 1130 8.4 19 0.4138671875 0.33203125 27.436127355667 2 -2 -1 
1 1140 6.6 21 0.486769153225806 0.63359375 17.7151010553841 3 2 1 
0 1140 8.4 19 0.375751201923077 0.27265625 24.6996061451806 2 -2 -1 
1 1150 6.6 21 0.487530048076923 0.696875 10.6552858458843 3 2 1 
0 1150 8.4 19 0.35625 0.291015625 40.577087130547 2 -2 -1 
1 1160 6.6 21 0.551491477272727 0.79140625 3.8943352722154 3 2 2 
0 1160 8.4 19 0.404447115384615 0.296875 0 1 -2 -2 
1 1170 6.6 21 0.682849702380952 0.83203125 2.91961240637959 3 1 2 
0 1170 8.4 20 0.30078125 0.19921875 0 1 -1 -2 
1 1180 6.6 21 0.729910714285714 0.8203125 1.71630277785658 3 1 2 
0 1180 8.4 20 0.3623046875 0.17578125 0 1 -1 -2 
