1 30 9.6 1 NaN 0.298387096774194 11.0308269645254 3 0 0 
0 30 6.6 1 NaN 0.305645161290323 22.4943158324115 3 0 0 
1 40 9.6 1 NaN 0.337096774193548 24.4839805037345 3 0 0 
0 40 6.6 1 NaN 0.306451612903226 21.9066252425575 3 0 0 
1 50 9.6 1 0.383064516129032 0.398387096774194 29.1207190814581 3 0 0 
0 50 6.6 1 0.383064516129032 0.357258064516129 28.3383437246445 3 0 0 
1 60 9.6 1 0.375 0.451612903225806 30.8782122154538 3 0 0 
0 60 6.6 1 0.375 0.486290322580645 33.6436918149149 3 0 0 
1 70 9.6 1 0.374596774193548 0.494959677419355 28.6494965855031 3 0 0 
0 70 6.6 1 0.374596774193548 0.492943548387097 37.0959979407128 3 0 0 
1 80 9.6 1 0.468413978494624 0.48991935483871 25.1050362695883 3 0 0 
0 80 6.6 1 0.483678955453149 0.48991935483871 28.0622203727934 3 0 0 
1 90 9.6 1 0.399641577060932 0.48991935483871 31.325643534912 3 0 0 
0 90 6.6 1 0.420265348595213 0.423387096774194 46.6900834675348 3 0 0 
1 100 9.6 1 0.404569892473118 0.473387096774194 36.7309790649016 3 0 0 
0 100 6.6 1 0.401647966339411 0.453225806451613 38.1647945287947 3 0 0 
1 110 9.6 2 0.465725806451613 0.441935483870968 37.4162251409736 3 0 0 
0 110 6.6 2 0.486676016830295 0.470161290322581 35.7732665205479 3 0 0 
1 120 9.6 2 0.387432795698925 0.429032258064516 29.6928045916343 3 0 0 
0 120 6.6 2 0.409274193548387 0.511088709677419 40.8805218383982 3 0 0 
1 130 9.6 3 0.404793906810036 0.470161290322581 29.4320091744933 3 1 0 
0 130 6.6 2 0.380942275042445 0.461021505376344 39.3151312222806 3 -1 0 
1 140 9.6 3 0.489023297491039 0.463709677419355 23.2248362164076 3 0 0 
0 140 6.6 3 0.475806451612903 0.38508064516129 40.0105471042797 3 0 0 
1 150 9.6 3 0.396129032258065 0.437096774193548 20.2277338222791 3 0 0 
0 150 6.6 3 0.391129032258065 0.365322580645161 42.3578116851572 3 0 0 
1 160 9.6 3 0.413920056100982 0.487096774193548 25.064265314323 3 0 0 
0 160 6.6 3 0.38937587657784 0.444354838709677 27.5451817290778 3 0 0 
1 170 9.6 4 0.493951612903226 0.482258064516129 26.737170031974 3 1 0 
0 170 6.6 3 0.472826086956522 0.493548387096774 18.5227900096509 3 -1 0 
1 180 9.6 4 0.428763440860215 0.509677419354839 20.4759626815666 3 0 0 
0 180 6.6 4 0.375 0.490927419354839 17.3947853309823 3 0 0 
1 190 9.6 5 0.412634408602151 0.486290322580645 18.9452939216838 3 1 0 
0 190 6.6 4 0.380645161290323 0.420967741935484 29.9309214944367 3 -1 0 
1 200 9.6 5 0.458281637717122 0.492741935483871 22.0257176015417 3 1 0 
0 200 6.6 4 0.479838709677419 0.403225806451613 26.0434024315245 3 -1 0 
1 210 9.6 5 0.443548387096774 0.485887096774194 14.554961425084 3 1 0 
0 210 6.6 4 0.402859237536657 0.465322580645161 12.6662038159037 3 -1 0 
1 220 9.6 6 0.397273425499232 0.463709677419355 20.1466692704558 3 1 0 
0 220 6.6 5 0.381048387096774 0.473118279569893 38.1234494800214 3 -1 0 
1 230 9.6 6 0.45185009487666 0.446774193548387 39.4807610784161 3 1 0 
0 230 6.6 5 0.452284946236559 0.467741935483871 48.9923463410358 3 -1 0 
1 240 9.6 6 0.407723325062035 0.420967741935484 40.3997263797387 3 1 0 
0 240 6.6 5 0.421956295525494 0.334677419354839 48.9730210418632 3 -1 0 
1 250 9.6 7 0.406891495601173 0.453629032258065 32.168637197897 3 2 0 
0 250 6.6 5 0.409380305602716 0.308064516129032 38.4657300535616 3 -2 0 
1 260 9.6 7 0.477822580645161 0.512096774193548 25.6041415249525 3 1 0 
0 260 6.6 6 0.470206093189964 0.409274193548387 30.0324550077401 3 -1 0 
1 270 9.6 7 0.408653846153846 0.419354838709677 43.6629801233222 3 1 0 
0 270 6.6 6 0.409739454094293 0.464717741935484 31.8557450360279 3 -1 0 
1 280 9.6 7 0.390524193548387 0.469354838709677 31.936280106869 3 1 0 
0 280 6.6 6 0.397379032258065 0.407258064516129 47.6876440321991 3 -1 0 
1 290 9.6 8 0.463709677419355 0.476612903225806 36.6731185565007 3 2 0 
0 290 6.6 6 0.473991935483871 0.382258064516129 45.5843830170638 3 -2 0 
1 300 9.6 8 0.401451612903226 0.480645161290323 34.2962300384052 3 1 0 
0 300 6.6 7 0.398548387096774 0.44758064516129 40.8105009174367 3 -1 0 
1 310 9.6 8 0.431100981767181 0.461290322580645 29.3436269288279 3 1 0 
0 310 6.6 7 0.396444281524927 0.47883064516129 40.4102857545578 3 -1 0 
1 320 9.6 8 0.487428842504744 0.459677419354839 42.1154728807276 3 1 0 
0 320 6.6 7 0.482661290322581 0.472782258064516 38.833038128112 3 -1 0 
1 330 9.6 8 0.388272849462366 0.413306451612903 41.2132682394299 3 1 0 
0 330 6.6 7 0.410543608124253 0.438709677419355 48.0828720184484 3 -1 0 
1 340 9.6 9 0.374596774193548 0.440322580645161 32.1662292115816 3 2 0 
0 340 6.6 7 0.406451612903226 0.466935483870968 36.1543287357457 3 -2 0 
1 350 9.6 9 0.473185483870968 0.47741935483871 37.6980131566818 3 1 0 
0 350 6.6 8 0.495967741935484 0.432258064516129 23.3057963486023 3 -1 0 
1 360 9.6 9 0.408648498331479 0.482258064516129 36.3835606342459 3 1 0 
0 360 6.6 8 0.399193548387097 0.483870967741936 15.2480049815606 3 -1 0 
1 370 9.6 9 0.399038461538462 0.439516129032258 34.1740548647386 3 1 0 
0 370 6.6 8 0.395545314900154 0.509408602150538 4.66318005649513 3 -1 0 
1 380 9.6 10 0.455278592375367 0.486290322580645 31.2523126367643 3 2 0 
0 380 6.6 8 0.468362282878412 0.391129032258065 43.1989384816704 3 -2 0 
1 390 9.6 10 0.451612903225806 0.480645161290323 33.399795159698 3 2 0 
0 390 6.6 8 0.375 0.358870967741936 27.5392972662759 3 -2 0 
1 400 9.6 10 0.489381720430108 0.504838709677419 32.6087056601679 3 2 0 
0 400 6.6 8 0.377371916508539 0.330645161290323 31.1199489946794 3 -2 0 
1 410 9.6 11 0.4848259762309 0.517741935483871 34.1402354316883 3 3 0 
0 410 6.6 8 0.435009487666034 0.391129032258065 30.5151954437977 3 -3 0 
1 420 9.6 11 0.470032991202346 0.468548387096774 31.6550272675359 3 3 0 
0 420 6.6 8 0.382881231671554 0.391129032258065 44.7509724241471 3 -3 0 
1 430 9.6 11 0.501951092611863 0.408064516129032 40.9876053834711 3 2 0 
0 430 6.6 9 0.372043010752688 0.32258064516129 47.5646509269418 3 -2 0 
1 440 9.6 11 0.523643695014663 0.482862903225806 25.3213911235278 3 2 0 
0 440 6.6 9 0.432874762808349 0.415322580645161 36.063982449515 3 -2 0 
1 450 9.6 11 0.403225806451613 0.514516129032258 39.8582001426583 3 2 0 
0 450 6.6 9 0.42758064516129 0.45 26.0467589597103 3 -2 0 
1 460 9.6 12 0.381048387096774 0.508064516129032 41.8887794156744 3 3 0 
0 460 6.6 9 0.410589060308555 0.42741935483871 11.5636009920348 3 -3 0 
1 470 9.6 12 0.453366058906031 0.449596774193548 35.9110582469912 3 2 0 
0 470 6.6 10 0.446297653958944 0.494959677419355 7.11542750108925 3 -2 0 
1 480 9.6 12 0.427620967741935 0.443548387096774 31.5966485947689 3 2 0 
0 480 6.6 10 0.417408231368187 0.395161290322581 25.9299954095883 3 -2 0 
1 490 9.6 12 0.433777915632754 0.473387096774194 33.9509413917973 3 2 0 
0 490 6.6 10 0.396222410865874 0.388709677419355 25.0594899412187 3 -2 0 
1 500 9.6 12 0.455495818399044 0.525 29.3829032268026 3 2 0 
0 500 6.6 10 0.45142089093702 0.446572580645161 23.212463201068 3 -2 0 
1 510 9.6 12 0.429740957966764 0.513104838709677 18.1941296901343 3 2 0 
0 510 6.6 10 0.414746543778802 0.41633064516129 23.7153323193431 3 -2 0 
1 520 9.6 13 0.453917050691244 0.465322580645161 20.960210772139 3 3 0 
0 520 6.6 10 0.399769585253456 0.384072580645161 33.1333643561573 3 -3 0 
1 530 9.6 13 0.518010752688172 0.505645161290323 8.63063020872314 3 3 0 
0 530 6.6 10 0.459139784946237 0.392741935483871 34.1399207274205 3 -3 0 
1 540 9.6 13 0.459677419354839 0.547379032258065 2.83201634302714 3 2 0 
0 540 6.6 11 0.419991511035654 0.339516129032258 24.0906895079128 3 -2 0 
1 550 9.6 13 0.406298003072197 0.509072580645161 9.61099481273218 3 2 0 
0 550 6.6 11 0.421274961597542 0.381451612903226 17.7780393901073 3 -2 0 
1 560 9.6 13 0.487327188940092 0.457661290322581 14.8838344810447 3 2 0 
0 560 6.6 11 0.454435483870968 0.470967741935484 28.20091253031 3 -2 0 
1 570 9.6 13 0.43210197710718 0.425403225806452 4.48312511123709 3 2 0 
0 570 6.6 11 0.395310633213859 0.483064516129032 36.0725034591339 3 -2 0 
1 580 9.6 13 0.409274193548387 0.537298387096774 8.76255923677059 3 2 0 
0 580 6.6 11 0.406081989247312 0.484677419354839 39.3073598322643 3 -2 0 
1 590 9.6 14 0.503722084367246 0.546370967741936 24.4024170618601 3 2 0 
0 590 6.6 12 0.468862007168459 0.487903225806452 38.2446593037564 3 -2 0 
1 600 9.6 14 0.473678315412186 0.556451612903226 21.8956374503022 3 2 0 
0 600 6.6 12 0.457661290322581 0.42741935483871 39.9204812251328 3 -2 0 
1 610 9.6 14 0.484274193548387 0.599193548387097 29.474255364305 3 2 0 
0 610 6.6 12 0.370967741935484 0.288709677419355 27.9771452338644 3 -2 0 
1 620 9.6 15 0.51985111662531 0.57258064516129 30.0071500418581 3 3 0 
0 620 6.6 12 0.629032258064516 0.301411290322581 17.3838775118885 3 -3 0 
1 630 9.6 15 0.440188172043011 0.57741935483871 26.7181661159751 3 3 0 
0 630 6.6 12 0.439784946236559 0.290322580645161 2.49171083962536 3 -3 0 
1 640 9.6 15 0.494959677419355 0.487903225806452 33.9453152021048 3 3 0 
0 640 6.6 12 0.389112903225806 0.329637096774194 21.4793194534526 3 -3 0 
1 650 9.6 15 0.505218216318786 0.436491935483871 30.6502667652174 3 2 0 
0 650 6.6 13 0.398244781783681 0.348387096774194 29.9739842493446 3 -2 0 
1 660 9.6 15 0.404875366568915 0.390120967741936 16.0450442942639 3 2 0 
0 660 6.6 13 0.446272885789015 0.367741935483871 30.6923859284357 3 -2 0 
1 670 9.6 15 0.3835904628331 0.407258064516129 13.249544261056 3 2 0 
0 670 6.6 13 0.428660049627792 0.407258064516129 31.7624375127291 3 -2 0 
1 680 9.6 16 0.445381231671554 0.463709677419355 16.6936583627143 3 3 0 
0 680 6.6 13 0.517857142857143 0.461693548387097 17.14112970431 3 -3 0 
1 690 9.6 16 0.385813782991202 0.387096774193548 31.3376747859475 3 3 0 
0 690 6.6 13 0.440322580645161 0.494959677419355 19.4164329477282 3 -3 0 
1 700 9.6 16 0.37884024577573 0.401209677419355 32.3453690001001 3 2 0 
0 700 6.6 14 0.375 0.509072580645161 7.98579807312542 3 -2 0 
1 710 9.6 16 0.459889643463497 0.405241935483871 19.7250946739902 3 2 0 
0 710 6.6 14 0.474798387096774 0.44758064516129 40.0155805420089 3 -2 0 
1 720 9.6 16 0.394009216589862 0.440524193548387 8.35613386196881 3 2 0 
0 720 6.6 14 0.436779953917051 0.485887096774194 17.8544266635485 3 -2 0 
1 730 9.6 17 0.379800307219662 0.528225806451613 2.14240566574185 3 3 0 
0 730 6.6 14 0.394985974754558 0.409274193548387 5.85234995535981 3 -3 0 
1 740 9.6 17 0.437096774193548 0.533266129032258 4.81608390325897 3 3 0 
0 740 6.6 14 0.464421252371917 0.368951612903226 7.56637297521078 3 -3 0 
1 750 9.6 17 0.399968982630273 0.358064516129032 45.2505205672832 3 3 0 
0 750 6.6 14 0.420218894009217 0.333333333333333 23.9268751152977 3 -3 0 
1 760 9.6 17 0.418458781362007 0.408064516129032 31.0443167879829 3 3 0 
0 760 6.6 14 0.396673387096774 0.365591397849462 20.0830208579808 3 -3 0 
1 770 9.6 17 0.501423149905123 0.475806451612903 17.7482224704278 3 2 0 
0 770 6.6 15 0.439728353140917 0.280913978494624 27.9116803400205 3 -2 0 
1 780 9.6 17 0.451612903225806 0.508064516129032 21.4848300916359 3 2 0 
0 780 6.6 15 0.439068100358423 0.362903225806452 7 3 -2 0 
1 790 9.6 18 0.384897360703812 0.47883064516129 27.552878438125 3 3 0 
0 790 6.6 15 0.374596774193548 0.435483870967742 1.4142135623731 3 -3 0 
1 800 9.6 18 0.467741935483871 0.495967741935484 27.9098095442241 3 3 0 
0 800 6.6 15 0.405721966205837 0.370967741935484 35.7476443790631 3 -3 0 
1 810 9.6 18 0.476896251089799 0.469354838709677 28.0691754311663 3 3 0 
0 810 6.6 15 0.408319185059423 0.405241935483871 37.6082086231588 3 -3 0 
1 820 9.6 18 0.494536940686785 0.381451612903226 41.1397479671877 3 3 0 
0 820 6.6 15 0.378456221198157 0.382258064516129 34.4470702533126 3 -3 0 
1 830 9.6 18 0.54110936270653 0.410483870967742 38.048127876287 3 2 0 
0 830 6.6 16 0.424120234604106 0.476612903225806 6.19650028527372 3 -2 0 
1 840 9.6 18 0.506989247311828 0.445564516129032 26.57945101112 3 2 0 
0 840 6.6 16 0.354312762973352 0.466935483870968 14.0821863738289 3 -2 0 
1 850 9.6 18 0.495967741935484 0.5 45.4630235990921 3 2 0 
0 850 6.6 16 0.393738140417457 0.418548387096774 21.7410843459416 3 -2 0 
1 860 9.6 19 0.524038461538461 0.438508064516129 33.8699080562302 3 3 1 
0 860 6.6 16 0.425284629981025 0.430645161290323 29.7911606007163 2 -3 -1 
1 870 9.6 19 0.482480533926585 0.45866935483871 8.31613964587959 3 2 1 
0 870 6.6 17 0.401209677419355 0.410282258064516 26.331489656218 2 -2 -1 
1 880 9.6 19 0.401674937965261 0.48991935483871 5.06971382622109 3 2 1 
0 880 6.6 17 0.458501344086022 0.408266129032258 19.4774214168634 2 -2 -1 
1 890 9.6 19 0.452807646356033 0.524193548387097 20.9970489962216 3 2 1 
0 890 6.6 17 0.485599078341014 0.326612903225806 18.5543412436657 2 -2 -1 
1 900 9.6 19 0.483767576509512 0.522177419354839 27.194458017838 3 2 1 
0 900 6.6 17 0.40752688172043 0.368951612903226 11.9000472084485 2 -2 -1 
1 910 9.6 19 0.486361480075901 0.532258064516129 39.1191958893172 3 2 1 
0 910 6.6 17 0.374039938556068 0.343548387096774 25.6444601759356 2 -2 -1 
1 920 9.6 19 0.543734491315136 0.417338709677419 48.3505004162741 3 2 1 
0 920 6.6 17 0.388104838709677 0.391129032258065 20.3484339750746 2 -2 -1 
1 930 9.6 19 0.472808105872622 0.475806451612903 33.4507121300354 3 2 1 
0 930 6.6 17 0.397043010752688 0.35383064516129 27.6663778903504 2 -2 -1 
1 940 9.6 20 0.466696535244922 0.438508064516129 36.2704826604007 3 3 1 
0 940 6.6 17 0.376440092165899 0.373991935483871 11.6795081005042 2 -3 -1 
1 950 9.6 20 0.571774193548387 0.381720430107527 23.781932734462 3 2 1 
0 950 6.6 18 0.422653958944281 0.367943548387097 8.47982001496397 2 -2 -1 
1 960 9.6 20 0.463597670250896 0.544354838709677 3.54945051912778 3 2 1 
0 960 6.6 18 0.360568760611205 0.372983870967742 17.620680500372 2 -2 -1 
1 970 9.6 20 0.497788761706556 0.422379032258065 35.3585588639262 3 2 1 
0 970 6.6 18 0.376550868486352 0.382258064516129 27.9660111337021 2 -2 -1 
1 980 9.6 20 0.591907675194661 0.433870967741935 24.1236501975354 3 2 1 
0 980 6.6 18 0.491625310173697 0.473387096774194 17.1634386254331 2 -2 -1 
1 990 9.6 20 0.498185483870968 0.482258064516129 16.4411585301823 3 2 1 
0 990 6.6 18 0.400268817204301 0.472782258064516 10.1992854824284 2 -2 -1 
1 1000 9.6 20 0.476094470046083 0.515322580645161 24.0130109057511 3 2 1 
0 1000 6.6 18 0.376550868486352 0.474462365591398 3.43260555571316 2 -2 -1 
1 1010 9.6 20 0.563475546305931 0.521505376344086 37.2749943020848 3 1 1 
0 1010 6.6 19 0.463343108504399 0.520161290322581 7.61577310586391 2 -1 -1 
1 1020 9.6 20 0.5198055028463 0.530241935483871 3.53553390593274 3 1 1 
0 1020 6.6 19 0.375 0.540322580645161 0 2 -1 -1 
1 1030 9.6 21 0.554672675521822 0.502016129032258 6.96419413859206 3 2 1 
0 1030 6.6 19 0.387600806451613 0.431451612903226 0 2 -2 -1 
1 1040 9.6 21 0.581552419354839 0.493951612903226 1.5 3 2 1 
0 1040 6.6 19 0.467069892473118 0.375 0 2 -2 -1 
1 1050 9.6 21 0.504032258064516 0.495967741935484 2.06155281280883 3 2 1 
0 1050 6.6 19 0.295161290322581 0.169354838709677 14.0312633161809 2 -2 -1 
1 1060 9.6 21 0.499219562955255 0.506048387096774 0.707106781186548 3 2 1 
0 1060 6.6 19 0.33560794044665 0.226814516129032 15.1437410119839 2 -2 -1 
1 1070 9.6 21 0.605126728110599 0.560483870967742 7.61577310586391 3 2 1 
0 1070 6.6 19 0.336917562724014 0.323588709677419 9.84299611593191 2 -2 -1 
1 1080 9.6 21 0.527699859747546 0.345766129032258 51.3948956906509 3 2 1 
0 1080 6.6 19 0.335125448028674 0.316935483870968 23.2935718759546 2 -2 -1 
1 1090 9.6 21 0.512627334465195 0.336693548387097 17.5797264033777 3 1 1 
0 1090 6.6 20 0.424395161290323 0.35241935483871 29.8809122442733 2 -1 -1 
1 1100 9.6 21 0.609970674486804 0.362903225806452 17.9085827927395 3 1 1 
0 1100 6.6 20 0.487903225806452 0.343548387096774 27.3962697775378 2 -1 -1 
1 1110 9.6 21 0.495272525027809 0.394153225806452 33.785016918036 3 1 1 
0 1110 6.6 20 0.391532258064516 0.345967741935484 27.2031989141819 2 -1 -1 
1 1120 9.6 21 0.448655913978495 0.471774193548387 24.0505200184214 3 1 1 
0 1120 6.6 20 0.354838709677419 0.350806451612903 25.9437960665929 2 -1 -1 
1 1130 9.6 21 0.514112903225806 0.556451612903226 1.49071198499986 3 1 1 
0 1130 6.6 20 0.397849462365591 0.404569892473118 4.66045861921973 2 -1 -1 
1 1140 9.6 22 0.485614646904969 0.5 20.2484567313166 3 2 1 
0 1140 6.6 20 0.347849462365591 0.348790322580645 4.92442890089805 2 -2 -1 
1 1150 9.6 22 0.516335814722911 0.520161290322581 0 3 2 1 
0 1150 6.6 20 0.36491935483871 0.38508064516129 26.3153947338815 2 -2 -1 
1 1160 9.6 22 0.611704446381866 0.512096774193548 0 3 1 1 
0 1160 6.6 21 0.387096774193548 0.336693548387097 34.6013005535919 2 -1 -1 
1 1170 9.6 22 0.532706093189964 0.508064516129032 0 3 1 1 
0 1170 6.6 21 0.300851254480287 0.306451612903226 22.6715680975093 2 -1 -1 
1 1180 9.6 22 0.513527575442248 0.649193548387097 0 3 1 1 
0 1180 6.6 21 0.407258064516129 0.30241935483871 19.2093727122985 2 -1 -1 
1 1190 9.6 22 0.612557603686636 0.451612903225806 72 3 1 1 
0 1190 6.6 21 0.433467741935484 0.182795698924731 13.1717289864923 2 -1 -1 
1 1200 9.6 22 0.541797797010228 0.455645161290323 49.0522502750786 3 1 2 
0 1200 6.6 21 0.232078853046595 0.208333333333333 14.3407837369098 1 -1 -2 
1 1210 9.6 22 0.597248576850095 0.450806451612903 39.8025093688627 3 1 3 
0 1210 6.6 21 0.384408602150538 0.247983870967742 17.9657410311985 0 -1 -3 
1 1220 9.6 22 0.663162442396313 0.473387096774194 25.926441129149 3 1 3 
0 1220 6.6 21 0.384408602150538 0.321572580645161 16.2614081424083 0 -1 -3 
1 1230 9.6 22 0.654345878136201 0.47883064516129 27.4179756015168 3 1 3 
0 1230 6.6 21 0.258316532258065 0.408602150537634 17.6581302323497 0 -1 -3 
1 1240 9.6 23 0.707325268817204 0.485887096774194 7.46812413836034 3 2 3 
0 1240 6.6 21 0.284457478005865 0.451612903225806 23.0070271392235 0 -2 -3 
1 1250 9.6 23 0.728494623655914 0.497983870967742 15.6884689803253 3 2 3 
0 1250 6.6 21 0.284457478005865 0.443548387096774 26.0283489739492 0 -2 -3 
