1 30 5.8 1 NaN 0.176612903225806 1.98202470046341 2 0 0 
0 30 2 1 NaN 0.284274193548387 22.5728954868478 2 0 0 
1 40 5.8 1 NaN 0.208064516129032 12.4593632753654 2 0 0 
0 40 2 1 NaN 0.314516129032258 31.257313917056 2 0 0 
1 50 5.8 1 0.395161290322581 0.34758064516129 32.8692528103771 2 0 0 
0 50 2 1 NaN 0.388104838709677 39.8280993666128 2 0 0 
1 60 5.8 1 0.383064516129032 0.458064516129032 35.8086048939768 2 0 0 
0 60 2 1 0.383064516129032 0.479032258064516 42.533946334476 2 0 0 
1 70 5.8 1 0.40581797235023 0.478225806451613 36.4263859835295 2 0 0 
0 70 2 1 0.383064516129032 0.474193548387097 38.3289928785942 2 0 0 
1 80 5.8 1 0.488523573200993 0.47258064516129 40.40441534464 2 0 0 
0 80 2 1 0.463440860215054 0.484677419354839 40.2929106480645 2 0 0 
1 90 5.8 1 0.3984375 0.489516129032258 40.920052830023 2 0 0 
0 90 2 1 0.412351443123939 0.476612903225806 38.0178972011208 2 0 0 
1 100 5.8 1 0.383995037220844 0.483064516129032 40.0666865538126 2 0 0 
0 100 2 1 0.425284629981025 0.443548387096774 34.8462918890739 2 0 0 
1 110 5.8 2 0.47614247311828 0.476612903225806 37.0176491710243 2 1 0 
0 110 2 1 0.470223325062035 0.476612903225806 41.899519445604 2 -1 0 
1 120 5.8 2 0.421370967741936 0.50241935483871 38.8654382061528 2 0 0 
0 120 2 2 0.390860215053763 0.471774193548387 37.8410635265286 2 0 0 
1 130 5.8 2 0.391129032258065 0.494354838709677 38.8146300789152 2 0 0 
0 130 2 2 0.415860215053763 0.476612903225806 40.6039879784319 2 0 0 
1 140 5.8 2 0.488575268817204 0.473387096774194 39.9874832845407 2 0 0 
0 140 2 2 0.491039426523297 0.467741935483871 42.2189451088126 2 0 0 
1 150 5.8 3 0.383064516129032 0.470161290322581 37.1293202026784 2 0 0 
0 150 2 3 0.410104364326376 0.35241935483871 45.1006013397693 2 0 0 
1 160 5.8 3 0.383064516129032 0.47258064516129 23.3190179951039 2 0 0 
0 160 2 3 0.383064516129032 0.342741935483871 36.1093894412985 2 0 0 
1 170 5.8 3 0.487039170506912 0.484677419354839 6.04488093708735 2 0 0 
0 170 2 3 0.488523573200993 0.459677419354839 5.33558509294908 2 0 0 
1 180 5.8 3 0.405913978494624 0.461693548387097 10.2596986522538 2 0 0 
0 180 2 3 0.406137992831541 0.486290322580645 12.1316159557962 2 0 0 
1 190 5.8 3 0.403729838709677 0.424395161290323 8.143862690644 2 0 0 
0 190 2 3 0.408918406072106 0.509677419354839 9.36763333285964 2 0 0 
1 200 5.8 3 0.486021505376344 0.364516129032258 24.3496470131066 2 0 0 
0 200 2 3 0.492172675521822 0.535483870967742 7.63483188431034 2 0 0 
1 210 5.8 3 0.415120967741936 0.338709677419355 12.2072466751997 2 0 0 
0 210 2 3 0.39005376344086 0.604838709677419 7.3741438309525 2 0 0 
1 220 5.8 3 0.39616935483871 0.344354838709677 13.5365330916174 2 0 0 
0 220 2 3 0.396421370967742 0.600806451612903 14.1226714656522 2 0 0 
1 230 5.8 3 0.486463133640553 0.383870967741936 12.6477004919978 2 0 0 
0 230 2 3 0.488479262672811 0.487096774193548 5.78981564003257 2 0 0 
1 240 5.8 3 0.417741935483871 0.379032258064516 8.28284101829997 2 -1 0 
0 240 2 4 0.408154121863799 0.520967741935484 8.395218956286 2 1 0 
1 250 5.8 4 0.423655913978495 0.40241935483871 7.27703738403067 2 0 0 
0 250 2 4 0.411559139784946 0.576612903225806 7.19135530286313 2 0 0 
1 260 5.8 4 0.497518610421836 0.37258064516129 9.1607655735197 2 0 0 
0 260 2 4 0.488523573200993 0.592741935483871 9.64923609642635 2 0 0 
1 270 5.8 4 0.408444022770398 0.438172043010753 18.2560716200833 2 0 0 
0 270 2 4 0.413530465949821 0.580645161290323 5.79849103514976 2 0 0 
1 280 5.8 4 0.383064516129032 0.404569892473118 8.02414699631632 2 0 0 
0 280 2 4 0.383064516129032 0.510483870967742 11.1062827345688 2 0 0 
1 290 5.8 4 0.495679723502304 0.362096774193548 24.0982640760029 2 0 0 
0 290 2 4 0.471236559139785 0.485483870967742 10.8715227391307 2 0 0 
1 300 5.8 4 0.419991511035654 0.408064516129032 17.0187489063881 2 -1 0 
0 300 2 5 0.409498207885305 0.499193548387097 9.27024377708233 2 1 0 
1 310 5.8 4 0.394405241935484 0.434677419354839 10.5651209477875 2 -1 0 
0 310 2 5 0.389400921658986 0.461290322580645 13.4590779402038 2 1 0 
1 320 5.8 5 0.488140417457306 0.525 11.3537771365214 2 0 0 
0 320 2 5 0.466877880184332 0.42258064516129 15.042405833604 2 0 0 
1 330 5.8 5 0.456149193548387 0.532258064516129 14.329528039669 2 0 0 
0 330 2 5 0.403001792114695 0.405645161290323 13.7890401681688 2 0 0 
1 340 5.8 6 0.44489247311828 0.561290322580645 27.0251952553474 2 1 0 
0 340 2 5 0.406586021505376 0.400806451612903 5.12628066928923 2 -1 0 
1 350 5.8 6 0.517204301075269 0.571774193548387 26.292281477022 2 1 0 
0 350 2 5 0.450268817204301 0.368548387096774 7.54745352660295 2 -1 0 
1 360 5.8 7 0.463548387096774 0.576612903225806 24.9879906357897 2 1 0 
0 360 2 6 0.380131964809384 0.363709677419355 4.48631338233403 2 -1 0 
1 370 5.8 7 0.463285229202037 0.55241935483871 27.485970460503 2 1 0 
0 370 2 6 0.406158357771261 0.403225806451613 10.3904095757522 2 -1 0 
1 380 5.8 7 0.529569892473118 0.501612903225806 26.0768132603478 2 1 0 
0 380 2 6 0.445276497695852 0.475806451612903 3.69055749387367 2 -1 0 
1 390 5.8 7 0.408681214421252 0.463709677419355 33.1792362801867 2 1 0 
0 390 2 6 0.400379506641366 0.5 21.238929816275 2 -1 0 
1 400 5.8 7 0.397022332506204 0.465725806451613 31.2315437888307 2 0 0 
0 400 2 7 0.399193548387097 0.473387096774194 27.2010035950945 2 0 0 
1 410 5.8 7 0.480938416422287 0.429838709677419 47.3160972503034 2 0 0 
0 410 2 7 0.492555831265509 0.471774193548387 26.6916381226547 2 0 0 
1 420 5.8 7 0.383064516129032 0.408870967741935 42.7059457191578 2 0 0 
0 420 2 7 0.414261460101868 0.325806451612903 51.1438955988025 2 0 0 
1 430 5.8 8 0.383995037220844 0.459677419354839 32.4151369096711 2 1 0 
0 430 2 7 0.390552995391705 0.347782258064516 40.0443859860615 2 -1 0 
1 440 5.8 8 0.49361559139785 0.504032258064516 33.9936093620147 2 1 0 
0 440 2 7 0.471370967741935 0.410282258064516 30.9417452398805 2 -1 0 
1 450 5.8 8 0.451086956521739 0.513104838709677 35.3323751485339 2 1 0 
0 450 2 7 0.382776497695852 0.443548387096774 36.9682602127471 2 -1 0 
1 460 5.8 8 0.416508538899431 0.481854838709677 32.7397161508992 2 1 0 
0 460 2 7 0.396889400921659 0.430645161290323 37.918435635293 2 -1 0 
1 470 5.8 8 0.481989247311828 0.433870967741935 37.6885844648196 2 0 0 
0 470 2 8 0.461510263929619 0.462903225806452 37.8094127403789 2 0 0 
1 480 5.8 9 0.414202508960573 0.442741935483871 30.6763272699136 2 1 0 
0 480 2 8 0.436669829222011 0.491129032258064 25.2757142933096 2 -1 0 
1 490 5.8 9 0.429838709677419 0.446774193548387 21.8435352965687 2 1 0 
0 490 2 8 0.393920595533499 0.454838709677419 4.25944837955605 2 -1 0 
1 500 5.8 9 0.523573200992556 0.437903225806452 15.4138067453551 2 1 0 
0 500 2 8 0.44578853046595 0.437903225806452 5.09863106884567 2 -1 0 
1 510 5.8 9 0.477512406947891 0.435483870967742 6.80204233687003 2 1 0 
0 510 2 8 0.37589605734767 0.506451612903226 8.40459303525958 2 -1 0 
1 520 5.8 9 0.482597623089983 0.464516129032258 12.0620985936921 2 1 0 
0 520 2 8 0.395161290322581 0.536290322580645 11.3107092177825 2 -1 0 
1 530 5.8 10 0.60663082437276 0.493548387096774 25.7576362842559 2 2 0 
0 530 2 8 0.433755760368664 0.544354838709677 16.6306118704463 2 -2 0 
1 540 5.8 10 0.477258064516129 0.507258064516129 16.9240562460214 2 2 0 
0 540 2 8 0.369106699751861 0.548387096774194 18.2376145916702 2 -2 0 
1 550 5.8 10 0.399769585253456 0.504838709677419 18.4717197523756 2 2 0 
0 550 2 8 0.413306451612903 0.345967741935484 42.6098238581449 2 -2 0 
1 560 5.8 10 0.57258064516129 0.506451612903226 28.37332341326 2 2 0 
0 560 2 8 0.458064516129032 0.347782258064516 27.0634545220364 2 -2 0 
1 570 5.8 10 0.477822580645161 0.504838709677419 28.6468820243646 2 1 0 
0 570 2 9 0.386290322580645 0.347782258064516 12.1738835352533 2 -1 0 
1 580 5.8 10 0.484879032258065 0.415322580645161 28.8386760243078 2 1 0 
0 580 2 9 0.427995391705069 0.299193548387097 26.6861661131625 2 -1 0 
1 590 5.8 11 0.57441348973607 0.503225806451613 29.9729669437806 2 2 0 
0 590 2 9 NaN 0.342741935483871 30.0184929193177 2 -2 0 
1 600 5.8 11 0.478260869565217 0.575 29.8200695594297 2 2 0 
0 600 2 9 0.341275659824047 0.334677419354839 27.0206695863433 2 -2 0 
1 610 5.8 12 0.446157495256167 0.617741935483871 20.7647507501441 2 3 0 
0 610 2 9 0.340725806451613 0.328629032258065 27.4073406015259 2 -3 0 
1 620 5.8 12 0.622119815668203 0.662096774193548 19.41266601957 2 3 0 
0 620 2 9 0.326036866359447 0.301411290322581 7.50942676274376 2 -3 0 
1 630 5.8 12 0.503136200716846 0.698387096774194 21.4553553780658 2 2 0 
0 630 2 10 0.307551319648094 0.251612903225806 13.1464209579557 2 -2 0 
1 640 5.8 12 0.512798036465638 0.689516129032258 17.9099116258083 2 2 0 
0 640 2 10 0.323252688172043 0.299193548387097 5.55494711848636 2 -2 0 
1 650 5.8 12 0.675691244239631 0.670161290322581 19.6806317693773 2 2 0 
0 650 2 10 0.318548387096774 0.32258064516129 5.72203546062069 2 -2 0 
1 660 5.8 12 0.492383512544803 0.574596774193548 29.0841909648534 2 2 0 
0 660 2 10 0.304659498207885 0.462903225806452 14.7750459609272 2 -2 0 
1 670 5.8 12 0.45497311827957 0.463709677419355 28.4171671090667 2 2 0 
0 670 2 10 0.394585253456221 0.517741935483871 15.0333320312069 2 -2 0 
1 680 5.8 12 0.576164874551971 0.428427419354839 18.3132588966623 2 1 0 
0 680 2 11 0.397465437788018 0.50241935483871 14.0738782594455 2 -1 0 
1 690 5.8 12 0.476356304985337 0.379032258064516 26.9715987669745 2 1 0 
0 690 2 11 0.377496159754224 0.446774193548387 28.8596058355931 2 -1 0 
1 700 5.8 13 0.43904174573055 0.499193548387097 9.89369883959577 2 2 0 
0 700 2 11 0.357610887096774 0.379838709677419 24.9818490403449 2 -2 0 
1 710 5.8 13 0.559139784946237 0.467741935483871 12.5399683691809 2 2 0 
0 710 2 11 0.360887096774194 0.34758064516129 22.6538508428016 2 -2 0 
1 720 5.8 13 0.451036866359447 0.512096774193548 9.94661432425734 2 2 0 
0 720 2 11 0.381496415770609 0.408870967741935 26.4404992499168 2 -2 0 
1 730 5.8 13 0.383064516129032 0.615591397849462 8.96492456725488 2 2 0 
0 730 2 11 0.408955857385399 0.348387096774194 20.6427120173136 2 -2 0 
1 740 5.8 13 0.498449131513648 0.622311827956989 26.838013057832 2 1 0 
0 740 2 12 0.478270609318996 0.286290322580645 4.77011236700308 2 -1 0 
1 750 5.8 13 0.420203735144312 0.429435483870968 44.4565235495988 2 1 0 
0 750 2 12 0.445766129032258 0.349798387096774 23.3443450150928 2 -1 0 
1 760 5.8 13 0.413187855787476 0.389112903225806 35.0273782835964 2 1 0 
0 760 2 12 0.383064516129032 0.479032258064516 16.6130768928156 2 -1 0 
1 770 5.8 13 0.534392789373814 0.395161290322581 29.2560808400498 2 1 0 
0 770 2 12 0.481304985337243 0.500806451612903 4.95926265351616 2 -1 0 
1 780 5.8 13 0.470998759305211 0.417741935483871 17.8196733436377 2 1 0 
0 780 2 12 0.357142857142857 0.491129032258064 7.4025377058852 2 -1 0 
1 790 5.8 13 0.470307917888563 0.460483870967742 9.20044570183454 2 1 0 
0 790 2 12 0.370967741935484 0.496774193548387 6.69533983704802 2 -1 0 
1 800 5.8 13 0.567137096774194 0.430645161290323 6.58300446906745 2 1 0 
0 800 2 12 0.501152073732719 0.539516129032258 3.67160006899726 2 -1 0 
1 810 5.8 13 0.490456989247312 0.4 8.96647134843972 2 1 0 
0 810 2 12 0.338709677419355 0.57741935483871 7.1054624125577 2 -1 0 
1 820 5.8 13 0.434879032258065 0.358870967741936 4.54295230989283 2 1 0 
0 820 2 12 0.370967741935484 0.608064516129032 6.21760335966395 2 -1 0 
1 830 5.8 13 0.558266129032258 0.345766129032258 10.6550444063816 2 1 0 
0 830 2 12 0.478494623655914 0.632258064516129 7.06767995993911 2 -1 0 
1 840 5.8 14 0.476747311827957 0.390120967741936 7.17868469869342 2 2 0 
0 840 2 12 0.325403225806452 0.629032258064516 10.2603503162252 2 -2 0 
1 850 5.8 14 0.485322580645161 0.362903225806452 16.5786010475663 2 2 0 
0 850 2 12 0.370967741935484 0.616935483870968 9.12691408436676 2 -2 0 
1 860 5.8 14 0.613863287250384 0.334677419354839 20.5032623819201 2 2 0 
0 860 2 12 0.409677419354839 0.575268817204301 2.32672894379618 2 -2 0 
1 870 5.8 14 0.51861954459203 0.387096774193548 7.84486189705927 2 1 0 
0 870 2 13 0.307963709677419 0.359677419354839 43.1847501984087 2 -1 0 
1 880 5.8 14 0.533688865764828 0.414314516129032 7.59671370282208 2 1 0 
0 880 2 13 0.344758064516129 0.407258064516129 18.2755102405856 2 -1 0 
1 890 5.8 15 0.638209121245829 0.553225806451613 22.581010663113 2 2 0 
0 890 2 13 0.325806451612903 0.333333333333333 23.9387856751155 2 -2 0 
1 900 5.8 15 0.564976958525346 0.663709677419355 8.69517129706258 2 2 0 
0 900 2 13 0.300403225806452 0.313508064516129 27.4636551262995 2 -2 0 
1 910 5.8 15 0.523132427843803 0.708064516129032 4.93448776237919 2 2 0 
0 910 2 13 0.304435483870968 0.298387096774194 2.5 2 -2 0 
1 920 5.8 16 0.663412563667233 0.738709677419355 5.80255031936722 2 3 1 
0 920 2 13 0.292338709677419 0.258064516129032 0 1 -3 -1 
1 930 5.8 16 0.612096774193548 0.760483870967742 5.65975600601223 2 3 1 
0 930 2 13 0.342741935483871 0.173387096774194 11.4127122105133 1 -3 -1 
1 940 5.8 16 0.771505376344086 0.796774193548387 5.35637557973842 2 2 1 
0 940 2 14 0.362903225806452 0.161290322580645 5.73118908161853 1 -2 -1 
