1 30 6.2 1 NaN 0.26484375 25.3453640944891 3 0 0 
0 30 6.4 1 NaN 0.2171875 16.3772532199641 3 0 0 
1 40 6.2 1 NaN 0.29375 28.0936631583647 3 0 0 
0 40 6.4 1 NaN 0.2296875 19.3730309250863 3 0 0 
1 50 6.2 1 0.39453125 0.353125 38.8029628849595 3 0 0 
0 50 6.4 1 0.36328125 0.29453125 30.0430162426311 3 0 0 
1 60 6.2 1 0.401884191176471 0.509375 53.5917975086009 3 0 0 
0 60 6.4 1 0.368489583333333 0.44375 41.1710915754958 3 0 0 
1 70 6.2 1 0.408777573529412 0.5078125 54.4341585093491 3 0 0 
0 70 6.4 1 0.38671875 0.4796875 41.891510522346 3 0 0 
1 80 6.2 1 0.470052083333333 0.49765625 53.330223175863 3 0 0 
0 80 6.4 1 0.447544642857143 0.47578125 38.7234966027632 3 0 0 
1 90 6.2 1 0.443800403225806 0.5015625 53.7037903208917 3 0 0 
0 90 6.4 1 0.416276041666667 0.4734375 40.4190311388891 3 0 0 
1 100 6.2 1 0.438657407407407 0.51640625 56.5294876448439 3 0 0 
0 100 6.4 1 0.400568181818182 0.45703125 44.2305666429193 3 0 0 
1 110 6.2 2 0.485795454545455 0.50546875 53.5381684023012 3 0 0 
0 110 6.4 2 0.459703947368421 0.475 48.1290231500933 3 0 0 
1 120 6.2 2 0.442255434782609 0.478125 54.5035903234269 3 0 0 
0 120 6.4 2 0.397858796296296 0.5015625 47.6607221504492 3 0 0 
1 130 6.2 2 0.43625 0.47734375 49.8369991115533 3 0 0 
0 130 6.4 2 0.391134510869565 0.48828125 47.4909715368695 3 0 0 
1 140 6.2 3 0.467397836538462 0.45859375 59.8109467472925 3 0 0 
0 140 6.4 3 0.44921875 0.46640625 44.8931136891611 3 0 0 
1 150 6.2 3 0.43921875 0.49453125 57.132106719165 3 0 0 
0 150 6.4 3 0.414950284090909 0.48203125 48.5365146578247 3 0 0 
1 160 6.2 3 0.46875 0.51484375 52.5678119461837 3 0 0 
0 160 6.4 3 0.392832880434783 0.4390625 49.0286109754598 3 0 0 
1 170 6.2 4 0.507273706896552 0.515625 51.9668711864337 3 1 0 
0 170 6.4 3 0.406901041666667 0.4234375 44.3862454695237 3 -1 0 
1 180 6.2 4 0.451497395833333 0.5234375 47.9698278404034 3 0 0 
0 180 6.4 4 0.385516826923077 0.4390625 46.5931243722436 3 0 0 
1 190 6.2 4 0.458533653846154 0.509765625 49.5122214915626 3 0 0 
0 190 6.4 4 0.385230654761905 0.43125 49.495913510345 3 0 0 
1 200 6.2 5 0.506022135416667 0.434375 57.0349844649912 3 1 0 
0 200 6.4 4 0.417119565217391 0.4078125 41.9386216616172 3 -1 0 
1 210 6.2 5 0.462760416666667 0.43203125 55.3432169805513 3 0 0 
0 210 6.4 5 0.420572916666667 0.42421875 39.4994277835859 3 0 0 
1 220 6.2 5 0.4013671875 0.465625 26.3523973420787 3 0 0 
0 220 6.4 5 0.429036458333333 0.4265625 17.1164092311283 3 0 0 
1 230 6.2 6 0.453835227272727 0.50859375 13.9407409601771 3 1 0 
0 230 6.4 5 0.437630208333333 0.438802083333333 14.6073080609498 3 -1 0 
1 240 6.2 6 0.416610054347826 0.501953125 2.64179900186401 3 1 0 
0 240 6.4 5 0.437626008064516 0.474609375 6.80073525436772 3 -1 0 
1 250 6.2 6 0.415482954545455 0.5390625 5.85709162382407 3 1 0 
0 250 6.4 5 0.417390046296296 0.28125 44.852477274294 3 -1 0 
1 260 6.2 6 0.479403409090909 0.4580078125 32.1475107178143 3 0 0 
0 260 6.4 6 0.452047413793103 0.25859375 21.1170539532916 3 0 0 
1 270 6.2 6 0.458096590909091 0.40078125 48.3784480902996 3 0 0 
0 270 6.4 6 0.415930706521739 0.3203125 15.1892544673229 3 0 0 
1 280 6.2 7 0.446847098214286 0.4671875 30.5473302720845 3 1 0 
0 280 6.4 6 0.401278409090909 0.346875 18.1309270625893 3 -1 0 
1 290 6.2 7 0.487141927083333 0.47734375 20.6280444887497 3 1 0 
0 290 6.4 6 0.4166015625 0.4 23.1310780081198 3 -1 0 
1 300 6.2 7 0.46515625 0.50859375 31.271541171455 3 1 0 
0 300 6.4 6 0.393998579545455 0.43203125 25.2445540159264 3 -1 0 
1 310 6.2 7 0.43017578125 0.53359375 45.3196253471849 3 1 0 
0 310 6.4 6 0.403872282608696 0.434375 20.7916416332389 3 -1 0 
1 320 6.2 7 0.4708984375 0.51328125 46.4925057729705 3 0 0 
0 320 6.4 7 0.431725543478261 0.47421875 10.2171789553887 3 0 0 
1 330 6.2 8 0.498209635416667 0.47734375 46.2746036071597 3 1 0 
0 330 6.4 7 0.441256009615385 0.47734375 5.48514030971501 3 -1 0 
1 340 6.2 8 0.426595052083333 0.46953125 42.3528125855289 3 1 0 
0 340 6.4 7 0.406759510869565 0.4625 15.7746978751724 3 -1 0 
1 350 6.2 8 0.456380208333333 0.48515625 23.2400694309445 3 1 0 
0 350 6.4 7 0.4220703125 0.49375 9.21895810859762 3 -1 0 
1 360 6.2 9 0.481305803571429 0.4853515625 13.4863589458859 3 2 0 
0 360 6.4 7 0.400699013157895 0.513671875 4.60977222864644 3 -2 0 
1 370 6.2 9 0.43359375 0.4794921875 4.85129701236187 3 2 0 
0 370 6.4 7 0.388125 0.490234375 13.2853302555864 3 -2 0 
1 380 6.2 9 0.472819010416667 0.3515625 20.1182141189111 3 2 0 
0 380 6.4 7 0.423177083333333 0.31171875 56.1511652198678 3 -2 0 
1 390 6.2 9 0.43851902173913 0.4515625 21.0989587765683 3 2 0 
0 390 6.4 7 0.411576704545455 0.31484375 49.8115689719728 3 -2 0 
1 400 6.2 9 0.433948863636364 0.53203125 7.42544065701846 3 1 0 
0 400 6.4 8 0.394981971153846 0.35703125 20.909632956333 3 -1 0 
1 410 6.2 9 0.484002976190476 0.546875 7.08077775938907 3 1 0 
0 410 6.4 8 0.43421875 0.44140625 4.8872406682323 3 -1 0 
1 420 6.2 9 0.434481534090909 0.5203125 5.79670230419496 3 1 0 
0 420 6.4 8 0.417367788461538 0.4265625 6.91167649891525 3 -1 0 
1 430 6.2 10 0.420758928571429 0.540625 5.59728390106018 3 2 0 
0 430 6.4 8 0.377130681818182 0.41015625 12.6667593219683 3 -2 0 
1 440 6.2 10 0.481356534090909 0.52109375 20.1907117432297 3 2 0 
0 440 6.4 8 0.425426136363636 0.41484375 22.1957599581376 3 -2 0 
1 450 6.2 10 0.429177989130435 0.4796875 36.6207773986938 3 2 0 
0 450 6.4 8 0.447520380434783 0.39765625 26.3830298716993 3 -2 0 
1 460 6.2 10 0.402126736111111 0.48515625 38.8052507337252 3 2 0 
0 460 6.4 8 0.403459821428571 0.42421875 27.8219857027397 3 -2 0 
1 470 6.2 10 0.458675986842105 0.5046875 25.6930599626 3 2 0 
0 470 6.4 8 0.423356681034483 0.45078125 24.5704032708948 3 -2 0 
1 480 6.2 10 0.438541666666667 0.5087890625 9.35130452628631 3 1 0 
0 480 6.4 9 0.459542410714286 0.48828125 12.2781965172899 3 -1 0 
1 490 6.2 10 0.423076923076923 0.5361328125 6.67437916354928 3 1 0 
0 490 6.4 9 0.391335227272727 0.4267578125 13.649812907862 3 -1 0 
1 500 6.2 11 0.447135416666667 0.421875 53.7951240098478 3 2 0 
0 500 6.4 9 0.420276988636364 0.313802083333333 30.762699142367 3 -2 0 
1 510 6.2 11 0.466145833333333 0.49921875 28.1930529989113 3 2 0 
0 510 6.4 9 0.3986328125 0.2900390625 27.3121021985454 3 -2 0 
1 520 6.2 11 0.485107421875 0.51640625 17.6086121701879 3 2 0 
0 520 6.4 9 0.378728693181818 0.30859375 23.6834204417055 3 -2 0 
1 530 6.2 11 0.496223958333333 0.5546875 6.00490702985527 3 2 0 
0 530 6.4 9 0.410888671875 0.35546875 7.81584233918654 3 -2 0 
1 540 6.2 11 0.530146059782609 0.6484375 11.4282256366898 3 2 0 
0 540 6.4 9 0.36279296875 0.284375 19.3207172103566 3 -2 0 
1 550 6.2 11 0.517233455882353 0.6494140625 9.41254322698761 3 1 0 
0 550 6.4 10 0.3625 0.27109375 23.4958441742446 3 -1 0 
1 560 6.2 11 0.536920362903226 0.486328125 46.1382829955276 3 1 0 
0 560 6.4 10 NaN 0.35859375 16.2248099785108 3 -1 0 
1 570 6.2 12 0.545817057291667 0.451171875 40.1548013967277 3 2 0 
0 570 6.4 10 0.2724609375 0.359375 20.6203153127543 3 -2 0 
1 580 6.2 12 0.594174592391304 0.45546875 51.3913564299259 3 1 0 
0 580 6.4 11 NaN 0.36171875 34.0638258049054 3 -1 0 
1 590 6.2 12 0.597905585106383 0.365885416666667 42.4969930021368 3 1 0 
0 590 6.4 11 NaN 0.3375 34.5447630382399 3 -1 0 
1 600 6.2 12 0.587357954545455 0.43359375 33.9829774609369 3 1 0 
0 600 6.4 11 0.2783203125 0.32890625 28.0867550865665 3 -1 0 
1 610 6.2 12 0.521898674242424 0.510416666666667 16.7728648457197 3 0 0 
0 610 6.4 12 0.365885416666667 0.3109375 36.3946594066458 3 0 0 
1 620 6.2 12 0.516084558823529 0.4109375 48.6274701550395 3 0 0 
0 620 6.4 12 0.365885416666667 0.40546875 22.0441216405283 3 0 0 
1 630 6.2 13 0.543472782258065 0.4 17.8408629042006 3 1 0 
0 630 6.4 12 0.296502976190476 0.4875 10.0960745602139 3 -1 0 
1 640 6.2 13 0.527669270833333 0.478515625 6.90176735469395 3 1 0 
0 640 6.4 12 0.320963541666667 0.48046875 2.69498996877751 3 -1 0 
1 650 6.2 13 0.561677631578947 0.5849609375 5.35790960486633 3 1 0 
0 650 6.4 12 0.334635416666667 0.373046875 5.18935369027418 3 -1 0 
1 660 6.2 13 0.575565732758621 0.6396484375 2.90028854995963 3 1 0 
0 660 6.4 12 0.27734375 0.2900390625 17.6563697218158 3 -1 0 
1 670 6.2 14 0.510127314814815 0.571875 40.1044791673609 3 2 0 
0 670 6.4 12 0.2734375 0.20078125 19.7518081394594 3 -2 0 
1 680 6.2 14 0.559895833333333 0.568359375 42.2238401049831 3 1 0 
0 680 6.4 13 0.2734375 0.26875 13.1822799796213 3 -1 0 
1 690 6.2 14 0.541294642857143 0.564453125 36.5308089152157 3 1 0 
0 690 6.4 13 0.2822265625 0.3546875 8.81612140729927 3 -1 0 
1 700 6.2 14 0.488911290322581 0.61328125 0 3 0 0 
0 700 6.4 14 0.309827302631579 0.41953125 4.0252007500121 3 0 0 
1 710 6.2 14 0.57349537037037 0.51171875 0 3 0 0 
0 710 6.4 14 0.309827302631579 0.40390625 3.71293044702331 3 0 0 
1 720 6.2 14 0.532284007352941 0.23828125 25.0321709074663 3 0 0 
0 720 6.4 14 0.325367647058824 0.38515625 23.0564061626456 3 0 0 
1 730 6.2 14 0.496901939655172 0.2953125 39.1255854986267 3 0 0 
0 730 6.4 14 0.353665865384615 0.3875 15.2751493202976 3 0 0 
1 740 6.2 14 0.494140625 0.353125 27.141890840154 3 0 0 
0 740 6.4 14 0.35546875 0.33359375 28.9158338854871 3 0 0 
1 750 6.2 14 0.502418154761905 0.42890625 34.4486183926433 3 0 0 
0 750 6.4 14 0.407433712121212 0.3125 20.338035226091 3 0 0 
1 760 6.2 15 0.461647727272727 0.458984375 36.7686753215171 3 0 0 
0 760 6.4 15 0.397916666666667 0.384765625 22.6461446812876 3 0 0 
1 770 6.2 15 0.485814144736842 0.412760416666667 4.54514732142572 3 0 0 
0 770 6.4 15 0.411994485294118 0.435546875 11.6743642626191 3 0 0 
1 780 6.2 15 0.489524147727273 0.454427083333333 7.68106353191992 3 0 0 
0 780 6.4 15 0.4248046875 0.4150390625 30.6806877665748 3 0 0 
1 790 6.2 15 0.445142663043478 0.41015625 15.6545808784607 3 0 0 
0 790 6.4 15 0.407670454545455 0.3984375 28.2159153386607 3 0 0 
1 800 6.2 15 0.500538793103448 0.283203125 20.6006861655523 3 0 0 
0 800 6.4 15 0.4236328125 0.36875 31.6181510368177 3 0 0 
1 810 6.2 15 0.518952546296296 0.35 30.1233018579162 3 0 0 
0 810 6.4 15 0.411754261363636 0.38203125 31.2753297090327 3 0 0 
1 820 6.2 15 0.459239130434783 0.4578125 21.0824944629438 3 -1 0 
0 820 6.4 16 0.374131944444444 0.3525390625 12.4409120250891 3 1 0 
1 830 6.2 16 0.476052989130435 0.515625 11.9244959684163 3 0 0 
0 830 6.4 16 0.396792763157895 0.399739583333333 14.0988084056075 3 0 0 
1 840 6.2 16 0.454067887931034 0.565625 6.05534382860649 3 0 0 
0 840 6.4 16 0.405412946428571 0.41015625 13.3206843753553 3 0 0 
1 850 6.2 16 0.457570043103448 0.63671875 7.96473802267528 3 0 0 
0 850 6.4 16 0.396792763157895 0.372395833333333 30.0704797483914 3 0 0 
1 860 6.2 16 0.5015625 0.53984375 7.43050806713653 3 0 0 
0 860 6.4 16 0.413856907894737 0.369791666666667 32.7856045041665 3 0 0 
1 870 6.2 16 0.523148148148148 0.48515625 4.91434754915854 3 0 0 
0 870 6.4 16 0.396661931818182 0.2919921875 33.057643810702 3 0 0 
1 880 6.2 16 0.500260416666667 0.44375 7.42990582344632 3 0 0 
0 880 6.4 16 0.350945723684211 0.27890625 28.0616524161206 3 0 0 
1 890 6.2 16 0.494342672413793 0.42109375 3.32422559224922 3 0 0 
0 890 6.4 16 0.36811755952381 0.30625 19.0664351465117 3 0 0 
1 900 6.2 16 0.530367943548387 0.49609375 19.5412315422199 3 0 0 
0 900 6.4 16 0.418526785714286 0.35859375 10.1650053240079 3 0 0 
1 910 6.2 17 0.457741477272727 0.50625 18.2520748254335 3 0 0 
0 910 6.4 17 0.364955357142857 0.44375 20.3661977667755 3 0 0 
1 920 6.2 17 0.503125 0.534375 19.7088952683343 3 0 0 
0 920 6.4 17 0.372869318181818 0.39765625 25.005276272919 3 0 0 
1 930 6.2 17 0.47296875 0.53359375 19.6836576607936 3 0 0 
0 930 6.4 17 0.3740234375 0.31171875 26.1188340224044 3 0 0 
1 940 6.2 17 0.467215401785714 0.5421875 19.4235081742211 3 0 0 
0 940 6.4 17 0.395647321428571 0.23671875 27.811180219182 3 0 0 
1 950 6.2 17 0.547526041666667 0.64453125 20.0651666463538 3 0 0 
0 950 6.4 17 0.380208333333333 0.2171875 15.2405279716891 3 0 0 
1 960 6.2 17 0.546760110294118 0.62109375 38.9300741270074 3 0 0 
0 960 6.4 17 0.313232421875 0.290625 3.773732820716 3 0 0 
1 970 6.2 17 0.478338068181818 0.58203125 48.8212956493314 3 0 0 
0 970 6.4 17 0.391690340909091 0.36328125 9.06574194274435 3 0 0 
1 980 6.2 18 0.562049278846154 0.5234375 49.165237737873 3 0 0 
0 980 6.4 18 0.418294270833333 0.40078125 19.9787025343608 3 0 0 
1 990 6.2 18 0.527004076086957 0.509765625 51.1199569639881 3 0 0 
0 990 6.4 18 0.395616319444444 0.34453125 15.0078733016479 3 0 0 
1 1000 6.2 18 0.44429347826087 0.51171875 28.5700892543233 3 0 0 
0 1000 6.4 18 0.38984375 0.42734375 20.7429351314931 3 0 0 
1 1010 6.2 18 0.45610119047619 0.3955078125 45.7742322369619 3 0 0 
0 1010 6.4 18 0.401204427083333 0.44296875 16.0424896407224 3 0 0 
1 1020 6.2 18 0.503720238095238 0.42578125 38.6031835370204 3 0 0 
0 1020 6.4 18 0.415127840909091 0.409375 12.2073012209392 3 0 0 
1 1030 6.2 18 0.424153645833333 0.4697265625 16.2087892961652 3 0 0 
0 1030 6.4 18 0.38773777173913 0.4609375 2.94632262839023 3 0 0 
1 1040 6.2 18 0.451078869047619 0.40859375 23.6447077787894 3 0 0 
0 1040 6.4 18 0.421223958333333 0.43828125 21.0566662185188 3 0 0 
1 1050 6.2 18 0.499255952380952 0.37109375 20.9499530283837 3 0 0 
0 1050 6.4 18 0.415264423076923 0.4359375 7.86821241414091 3 0 0 
1 1060 6.2 18 0.42984375 0.42890625 28.224561703495 3 0 0 
0 1060 6.4 18 0.397836538461538 0.4296875 9.85783659380886 3 0 0 
1 1070 6.2 18 0.456333705357143 0.4578125 25.4011137737495 3 0 0 
0 1070 6.4 18 0.418619791666667 0.40390625 2.95601285791324 3 0 0 
1 1080 6.2 18 0.517838541666667 0.45390625 29.1262831053865 3 0 0 
0 1080 6.4 18 0.417271205357143 0.3953125 3.31028124650652 3 0 0 
1 1090 6.2 19 0.517578125 0.51875 25.0581385412351 3 0 0 
0 1090 6.4 19 0.441236413043478 0.38359375 2.13245925373179 3 0 0 
1 1100 6.2 19 0.54765625 0.53671875 39.6653397851106 3 0 0 
0 1100 6.4 19 0.478860294117647 0.33125 14.5704914097365 3 0 0 
1 1110 6.2 19 0.587782118055556 0.51171875 38.7307162051154 3 0 0 
0 1110 6.4 19 0.369419642857143 0.3296875 20.2558267843096 3 0 0 
1 1120 6.2 19 0.5806884765625 0.47890625 47.4834139873061 3 0 0 
0 1120 6.4 19 0.38671875 0.30390625 11.6265189594266 3 0 0 
1 1130 6.2 19 0.608648255813953 0.4484375 57.7232672383749 3 0 0 
0 1130 6.4 19 NaN 0.31015625 10.1826271687185 3 0 0 
1 1140 6.2 19 0.60498046875 0.49140625 37.3905830607457 3 0 0 
0 1140 6.4 19 0.32421875 0.25 13.2449250100773 3 0 0 
1 1150 6.2 20 0.572202620967742 0.56328125 23.7918732933355 3 0 0 
0 1150 6.4 20 0.34765625 0.21484375 11.3526011903594 3 0 0 
1 1160 6.2 20 0.580965909090909 0.59375 18.3112631876659 3 0 0 
0 1160 6.4 20 0.298177083333333 0.196875 17.6769916344172 3 0 0 
1 1170 6.2 20 0.574692234848485 0.6625 19.0144823291658 3 0 0 
0 1170 6.4 20 0.251674107142857 0.25 20.7376704336757 3 0 0 
1 1180 6.2 20 0.565602022058824 0.6806640625 13.2940920033811 3 0 0 
0 1180 6.4 20 0.25 0.25859375 15.596201701329 3 0 0 
1 1190 6.2 20 0.59970703125 0.6826171875 16.8448242782442 3 0 0 
0 1190 6.4 20 0.234375 0.321875 6.94086451331881 3 0 0 
1 1200 6.2 20 0.593961148648649 0.62890625 19.5988688334808 3 0 0 
0 1200 6.4 20 0.248161764705882 0.31171875 4.40603561634135 3 0 0 
1 1210 6.2 20 0.566650390625 0.546875 48.1217917279753 3 0 0 
0 1210 6.4 20 0.2578125 0.29609375 8.93535108794883 3 0 0 
1 1220 6.2 20 0.587461890243902 0.58203125 49.6850860912049 3 0 0 
0 1220 6.4 20 0.2578125 0.23203125 10.0213002721805 3 0 0 
1 1230 6.2 20 0.572374131944444 0.5654296875 10.579205616387 3 0 0 
0 1230 6.4 20 0.254136029411765 0.31875 15.9080040313096 3 0 0 
1 1240 6.2 20 0.568976151315789 0.560546875 4.43198202505003 3 0 0 
0 1240 6.4 20 0.325927734375 0.365625 12.8481318202839 3 0 0 
1 1250 6.2 20 0.619466145833333 0.4265625 14.2139136957564 3 0 0 
0 1250 6.4 20 0.328125 0.25234375 42.5195927233367 3 0 0 
1 1260 6.2 20 0.51266571969697 0.42109375 16.2206518792438 3 0 0 
0 1260 6.4 20 0.354279891304348 0.34375 16.8426060773779 3 0 0 
1 1270 6.2 20 0.536423141891892 0.43984375 14.6656840948282 3 0 0 
0 1270 6.4 20 0.310661764705882 0.44609375 20.1362898472991 3 0 0 
1 1280 6.2 20 0.646188446969697 0.427734375 11.7702478556531 3 -1 0 
0 1280 6.4 21 0.352251838235294 0.53984375 10.5534744335593 3 1 0 
1 1290 6.2 21 0.55029296875 0.395833333333333 12.0645072946929 3 0 0 
0 1290 6.4 21 0.296052631578947 0.5625 10.539200482355 3 0 0 
1 1300 6.2 21 0.5126953125 0.35546875 1.60246723353955 3 0 0 
0 1300 6.4 21 0.322482638888889 0.609375 5.41405803597395 3 0 0 
1 1310 6.2 21 0.5869140625 0.411458333333333 2.8334982822558 3 0 0 
0 1310 6.4 21 0.364103618421053 0.580729166666667 2.53800675110022 3 0 0 
1 1320 6.2 21 0.530338541666667 0.47265625 6.55506695997819 3 0 0 
0 1320 6.4 21 0.332208806818182 0.41796875 4.65028153987288 3 0 0 
1 1330 6.2 21 0.511955492424242 0.510416666666667 10.3375140885449 3 0 0 
0 1330 6.4 21 0.363636363636364 0.27734375 24.1866028236535 3 0 0 
1 1340 6.2 21 0.5506591796875 0.51953125 3.37633006816399 3 0 0 
0 1340 6.4 21 0.387090773809524 0.279947916666667 40.3333105049514 3 0 0 
1 1350 6.2 21 0.530037715517241 0.4443359375 44.2676997216744 3 0 0 
0 1350 6.4 21 0.4298828125 0.342447916666667 32.4758662852328 3 0 0 
1 1360 6.2 21 0.4776611328125 0.4625 37.2431285011086 3 0 0 
0 1360 6.4 21 0.406754032258065 0.303385416666667 32.4441238194504 3 0 0 
1 1370 6.2 21 0.532696759259259 0.47265625 20.4349592287061 3 0 0 
0 1370 6.4 21 0.421740301724138 0.2705078125 17.0554821208296 3 0 0 
1 1380 6.2 21 0.531960227272727 0.4796875 28.1313969946178 3 0 0 
0 1380 6.4 21 0.384982638888889 0.30859375 23.9385983265808 3 0 0 
1 1390 6.2 21 0.489955357142857 0.56640625 4.97726350759016 3 0 0 
0 1390 6.4 21 0.345703125 0.330078125 14.0301280227676 3 0 0 
1 1400 6.2 21 0.525213068181818 0.576171875 7.6075224430795 3 0 0 
0 1400 6.4 21 0.345703125 0.381510416666667 10.9487556873527 3 0 0 
1 1410 6.2 22 0.546549479166667 0.5732421875 4.25376674459672 3 1 0 
0 1410 6.4 21 0.348889802631579 0.4296875 0 3 -1 0 
1 1420 6.2 22 0.461277173913043 0.62109375 15.4140253645503 3 1 0 
0 1420 6.4 21 0.358561197916667 0.2109375 28.2179021190449 3 -1 0 
1 1430 6.2 22 0.474917763157895 0.5517578125 21.9458283119198 3 1 0 
0 1430 6.4 21 0.361607142857143 0.24609375 21.2132034355964 3 -1 0 
1 1440 6.2 22 0.491918103448276 0.583984375 6.06620650953345 3 1 0 
0 1440 6.4 21 0.37890625 0.30078125 22.0056810846654 3 -1 0 
1 1450 6.2 22 0.468410326086957 0.5 39.5834856720841 3 1 0 
0 1450 6.4 21 0.387586805555556 0.404296875 31.3249102153542 3 -1 0 
1 1460 6.2 22 0.494873046875 0.5171875 60.7088090010709 3 1 0 
0 1460 6.4 21 0.382008272058824 0.259765625 41.3098051314697 3 -1 0 
1 1470 6.2 22 0.401141826923077 0.54765625 53.6140081009517 3 1 0 
0 1470 6.4 21 0.43232421875 0.177734375 16.0434964120255 3 -1 0 
1 1480 6.2 22 0.404296875 0.63984375 51.9029540620776 3 1 0 
0 1480 6.4 21 0.476384943181818 0.20703125 5.04282995220864 3 -1 0 
1 1490 6.2 23 0.399502840909091 0.587890625 51.7655912915409 3 2 1 
0 1490 6.4 21 0.4609375 0.2412109375 12.2404769156953 2 -2 -1 
1 1500 6.2 23 0.4015625 0.513671875 41.5718659956319 3 2 1 
0 1500 6.4 21 0.356689453125 0.2373046875 17.2226492627357 2 -2 -1 
1 1510 6.2 23 0.417067307692308 0.4619140625 37.6225175698399 3 1 1 
0 1510 6.4 22 0.34765625 0.263671875 23.8281693954542 2 -1 -1 
1 1520 6.2 23 0.422309027777778 0.49609375 36.574317280937 3 1 1 
0 1520 6.4 22 0.327566964285714 0.31171875 23.9721726586209 2 -1 -1 
1 1530 6.2 23 0.427176339285714 0.4970703125 19.00863195833 3 1 1 
0 1530 6.4 22 0.44140625 0.41875 29.3887131856444 2 -1 -1 
1 1540 6.2 23 0.416270380434783 0.4443359375 14.1033147465859 3 1 1 
0 1540 6.4 22 0.369791666666667 0.4833984375 22.4075430334734 2 -1 -1 
1 1550 6.2 23 0.490835336538462 0.4755859375 6.41853990030944 3 1 1 
0 1550 6.4 22 0.393682065217391 0.4345703125 21.7412585990315 2 -1 -1 
1 1560 6.2 23 0.510677083333333 0.49375 38.2262031295396 3 1 1 
0 1560 6.4 22 0.40234375 0.3544921875 24.4786026362577 2 -1 -1 
1 1570 6.2 23 0.554057459677419 0.584375 32.051038952524 3 1 1 
0 1570 6.4 22 0.377790178571429 0.286458333333333 15.1675629329113 2 -1 -1 
1 1580 6.2 23 0.567884290540541 0.65 24.0234518657808 3 1 1 
0 1580 6.4 22 0.3625 0.259114583333333 6.04643547002176 2 -1 -1 
1 1590 6.2 23 0.587002840909091 0.71171875 7.85381529359739 3 1 1 
0 1590 6.4 22 0.350167410714286 0.225260416666667 5.00419872056669 2 -1 -1 
1 1600 6.2 23 0.564955357142857 0.70546875 6.49439219779961 3 1 1 
0 1600 6.4 22 0.359375 0.235677083333333 1.63247784405553 2 -1 -1 
1 1610 6.2 23 0.587109375 0.66953125 10.1990189539379 3 1 1 
0 1610 6.4 22 0.322482638888889 0.19140625 14.0240217215783 2 -1 -1 
1 1620 6.2 24 0.553267045454545 0.68046875 32.1476750183073 3 2 2 
0 1620 6.4 22 0.293887867647059 0.2138671875 3.91832746304915 1 -2 -2 
1 1630 6.2 24 0.514973958333333 0.61015625 48.4539663940262 3 2 2 
0 1630 6.4 22 0.27734375 0.224609375 10.3276567386006 1 -2 -2 
1 1640 6.2 24 0.5505859375 0.58828125 22.4009017287295 3 2 2 
0 1640 6.4 22 0.28515625 0.215625 20.5518436335136 1 -2 -2 
1 1650 6.2 24 0.610621675531915 0.48984375 18.5341789828793 3 2 2 
0 1650 6.4 22 0.258634868421053 0.28359375 12.7897766162473 1 -2 -2 
1 1660 6.2 24 0.578218005952381 0.4515625 8.73367030505076 3 2 2 
0 1660 6.4 22 0.322544642857143 0.3328125 8.88247382938311 1 -2 -2 
1 1670 6.2 24 0.650923295454545 0.49453125 5.55830031305511 3 2 2 
0 1670 6.4 22 0.322544642857143 0.36015625 3.56509225888927 1 -2 -2 
1 1680 6.2 24 0.668433779761905 0.61796875 5.52539410364128 3 2 2 
0 1680 6.4 22 0.320068359375 0.34375 13.2198180547418 1 -2 -2 
1 1690 6.2 24 0.6908203125 0.69765625 5.19753827888131 3 2 2 
0 1690 6.4 22 0.451349431818182 0.2734375 6.07485529393198 1 -2 -2 
1 1700 6.2 24 0.7548828125 0.74453125 7.73127968055072 3 1 2 
0 1700 6.4 23 0.448567708333333 0.234375 3 1 -1 -2 
1 1710 6.2 24 0.81484375 0.8109375 6.25886828535023 3 1 2 
0 1710 6.4 23 0.452083333333333 0.181640625 9.01387818865997 1 -1 -2 
1 1720 6.2 24 NaN NaN NaN 3 1 2 
0 1720 6.4 23 NaN NaN NaN 1 -1 -2 
