1 30 11.4 1 NaN 0.2921875 8.07899677838199 4 0 1 
0 30 11.4 1 NaN 0.3193359375 33.2902259307752 3 0 -1 
1 40 11.4 1 0.37890625 0.325 6.54902352112287 4 0 1 
0 40 11.4 1 0.34765625 0.310546875 34.8806403545592 3 0 -1 
1 50 11.4 1 0.37890625 0.40078125 9.17291012599378 4 0 1 
0 50 11.4 1 0.34765625 0.3544921875 33.1321318138467 3 0 -1 
1 60 11.4 1 0.448102678571429 0.50625 9.27057002244198 4 0 1 
0 60 11.4 1 0.46826171875 0.459375 43.2464813933971 3 0 -1 
1 70 11.4 1 0.48109375 0.49375 21.4486876441548 4 0 1 
0 70 11.4 1 0.468520220588235 0.47421875 43.1557722118751 3 0 -1 
1 80 11.4 1 0.4671875 0.49921875 35.5477829579631 4 0 1 
0 80 11.4 1 0.447162828947368 0.48515625 41.164026736881 3 0 -1 
1 90 11.4 1 0.506103515625 0.48515625 33.7767958698391 4 0 1 
0 90 11.4 1 0.450846354166667 0.475 42.4630757978665 3 0 -1 
1 100 11.4 2 0.446231617647059 0.5078125 30.429721955725 4 0 1 
0 100 11.4 2 0.479440789473684 0.47578125 40.948531252598 3 0 -1 
1 110 11.4 2 0.430220170454545 0.46796875 32.4069016406965 4 0 1 
0 110 11.4 2 0.4611328125 0.48984375 44.8167877525189 3 0 -1 
1 120 11.4 2 0.469282670454545 0.4625 34.1990159285026 4 0 1 
0 120 11.4 2 0.450260416666667 0.48828125 41.4123408413732 3 0 -1 
1 130 11.4 2 0.508370535714286 0.45390625 31.8225803071106 4 -1 1 
0 130 11.4 3 0.4525390625 0.4814453125 38.4429467200116 3 1 -1 
1 140 11.4 3 0.447699652777778 0.4859375 30.3384070419983 4 0 1 
0 140 11.4 3 0.433203125 0.46640625 37.9950941859741 3 0 -1 
1 150 11.4 3 0.44775390625 0.4859375 21.1927407276536 4 0 1 
0 150 11.4 3 0.414388020833333 0.4625 25.7973766488214 3 0 -1 
1 160 11.4 3 0.505022321428571 0.5390625 8.4781186827571 4 0 1 
0 160 11.4 3 0.43212890625 0.43046875 4.83757995830619 3 0 -1 
1 170 11.4 3 0.452690972222222 0.509114583333333 14.6141564925469 4 0 1 
0 170 11.4 3 0.42485119047619 0.466796875 6.54354128868608 3 0 -1 
1 180 11.4 3 0.470145089285714 0.385416666666667 34.6926019535322 4 -1 1 
0 180 11.4 4 0.424422554347826 0.4892578125 14.549922095696 3 1 -1 
1 190 11.4 4 0.4771484375 0.4619140625 21.3717977462442 4 0 1 
0 190 11.4 4 0.42289402173913 0.3623046875 44.5306838184035 3 0 -1 
1 200 11.4 4 0.450231481481482 0.428125 27.2957911882263 4 -1 1 
0 200 11.4 5 0.423743206521739 0.3994140625 45.4955702760882 3 1 -1 
1 210 11.4 4 0.459418402777778 0.43515625 28.1330027732005 4 -1 1 
0 210 11.4 5 0.482421875 0.4703125 34.079728803296 3 1 -1 
1 220 11.4 4 0.448918269230769 0.47890625 22.294119486858 4 -1 1 
0 220 11.4 5 0.484747023809524 0.49140625 31.7248489616854 3 1 -1 
1 230 11.4 5 0.438151041666667 0.4990234375 32.5086412644807 4 -1 1 
0 230 11.4 6 0.4703125 0.459375 34.7872822311729 3 1 -1 
1 240 11.4 5 0.483915441176471 0.486328125 37.1249214852098 4 -1 1 
0 240 11.4 6 0.442826704545455 0.47265625 45.5267995744832 3 1 -1 
1 250 11.4 5 0.458451704545455 0.4912109375 33.8586597781097 4 -1 1 
0 250 11.4 6 0.514404296875 0.478125 43.4701276990807 3 1 -1 
1 260 11.4 6 0.4203125 0.4921875 28.6137222143408 4 0 1 
0 260 11.4 6 0.46391369047619 0.49609375 43.6224492337213 3 0 -1 
1 270 11.4 6 0.470394736842105 0.47109375 31.4124750507743 4 -1 1 
0 270 11.4 7 0.4345703125 0.45625 56.3558552004835 3 1 -1 
1 280 11.4 6 0.483685661764706 0.48203125 20.6078473341455 4 -1 1 
0 280 11.4 7 0.481640625 0.446875 48.4310446218884 3 1 -1 
1 290 11.4 6 0.450954861111111 0.475 24.7804653146387 4 -1 1 
0 290 11.4 7 0.44140625 0.48203125 41.1787228063428 3 1 -1 
1 300 11.4 6 0.450639204545455 0.4578125 30.7068163119134 4 -1 1 
0 300 11.4 7 0.418131510416667 0.453125 21.4169075078233 3 1 -1 
1 310 11.4 6 0.462158203125 0.4912109375 32.9949861050723 4 -1 1 
0 310 11.4 7 0.489397321428571 0.440625 2.97651030564136 3 1 -1 
1 320 11.4 7 0.439380787037037 0.497395833333333 19.8181938349899 4 -1 1 
0 320 11.4 8 0.447358630952381 0.4208984375 7.84102401157746 3 1 -1 
1 330 11.4 7 0.471168154761905 0.381510416666667 37.2776152010137 4 -1 1 
0 330 11.4 8 0.436383928571429 0.3876953125 29.8951515863013 3 1 -1 
1 340 11.4 7 0.476996527777778 0.3154296875 35.355643485109 4 -1 1 
0 340 11.4 8 0.44453125 0.4578125 21.1028999316751 3 1 -1 
1 350 11.4 7 0.448006465517241 0.37421875 16.1406389166261 4 -1 1 
0 350 11.4 8 0.44453125 0.465625 23.0182455901672 3 1 -1 
1 360 11.4 7 0.455193014705882 0.4390625 22.2502745418286 4 -2 1 
0 360 11.4 9 0.499770220588235 0.51953125 23.2103168991045 3 2 -1 
1 370 11.4 7 0.465087890625 0.46484375 27.8511157825635 4 -2 1 
0 370 11.4 9 0.48125 0.51640625 18.3276855534949 3 2 -1 
1 380 11.4 8 0.45 0.501302083333333 28.5398688150743 4 -1 1 
0 380 11.4 9 0.467578125 0.49921875 11.5145111005219 3 1 -1 
1 390 11.4 8 0.52001953125 0.483072916666667 29.5578420163338 4 -1 1 
0 390 11.4 9 0.463423295454545 0.53984375 27.5262992547626 3 1 -1 
1 400 11.4 8 0.441685267857143 0.453125 16.5456539100237 4 -2 1 
0 400 11.4 10 0.477734375 0.509375 33.8073263640243 3 2 -1 
1 410 11.4 8 0.437634698275862 0.404296875 29.5221155798972 4 -2 1 
0 410 11.4 10 0.434151785714286 0.49296875 39.9426775186677 3 2 -1 
1 420 11.4 8 0.452938988095238 0.4599609375 16.8787686296599 4 -2 1 
0 420 11.4 10 0.457741477272727 0.53125 36.734972740323 3 2 -1 
1 430 11.4 8 0.447265625 0.397135416666667 30.4963185793517 4 -3 1 
0 430 11.4 11 0.56343005952381 0.54609375 27.4070987083011 3 3 -1 
1 440 11.4 8 0.393028846153846 0.395833333333333 33.6044117838374 4 -3 1 
0 440 11.4 11 0.480251736111111 0.56328125 30.4598065173592 3 3 -1 
1 450 11.4 9 0.42485119047619 0.434895833333333 20.8494118565971 4 -2 1 
0 450 11.4 11 0.438368055555556 0.5390625 32.2304688015223 3 2 -1 
1 460 11.4 9 0.438251201923077 0.39921875 34.1511731009532 4 -2 1 
0 460 11.4 11 0.47509765625 0.494419642857143 16.1863094103663 3 2 -1 
1 470 11.4 9 0.4300537109375 0.4390625 24.1339731684015 4 -2 1 
0 470 11.4 11 0.462775735294118 0.515625 6.57813155522158 3 2 -1 
1 480 11.4 9 0.449728260869565 0.415625 14.3567045726434 4 -2 1 
0 480 11.4 11 0.475911458333333 0.44296875 38.8464504380458 3 2 -1 
1 490 11.4 9 0.500186011904762 0.5029296875 6.00845572007772 4 -2 1 
0 490 11.4 11 0.447358630952381 0.40078125 30.4860125567346 3 2 -1 
1 500 11.4 10 0.453814338235294 0.51875 19.5907537222263 4 -1 1 
0 500 11.4 11 0.44580078125 0.37421875 12.588490623924 3 1 -1 
1 510 11.4 10 0.4581298828125 0.4875 17.6355483544203 4 -1 1 
0 510 11.4 11 0.466145833333333 0.42265625 14.6905464412975 3 1 -1 
1 520 11.4 10 0.469200721153846 0.46796875 22.8450786509883 4 -1 1 
0 520 11.4 11 0.473345588235294 0.4521484375 14.3176195229841 3 1 -1 
1 530 11.4 10 0.455433238636364 0.484375 9.50362448618842 4 -2 1 
0 530 11.4 12 0.4568359375 0.4619140625 15.0168348389802 3 2 -1 
1 540 11.4 10 0.484197443181818 0.50625 21.0840199146658 4 -2 1 
0 540 11.4 12 0.488037109375 0.4375 40.462491761261 3 2 -1 
1 550 11.4 11 0.467013888888889 0.4703125 20.9959605074221 4 -1 1 
0 550 11.4 12 0.489322916666667 0.419921875 35.9512156456967 3 1 -1 
1 560 11.4 11 0.449348958333333 0.4921875 23.9049010233387 4 -1 1 
0 560 11.4 12 0.432528409090909 0.416015625 28.104569878917 3 1 -1 
1 570 11.4 11 0.463758680555556 0.51484375 14.656200780455 4 -1 1 
0 570 11.4 12 0.402126736111111 0.3623046875 44.5567141048837 3 1 -1 
1 580 11.4 11 0.5234375 0.5421875 6.28204236064683 4 -2 1 
0 580 11.4 13 0.534855769230769 0.34765625 36.1942017371541 3 2 -1 
1 590 11.4 11 0.493489583333333 0.56640625 5.64239887770084 4 -2 1 
0 590 11.4 13 0.439034598214286 0.3984375 24.2618769632317 3 2 -1 
1 600 11.4 12 0.432373046875 0.51953125 16.5513041622775 4 -1 1 
0 600 11.4 13 0.452990301724138 0.4345703125 4.86481371844697 3 1 -1 
1 610 11.4 12 0.432477678571429 0.484375 24.8616574142791 4 -1 1 
0 610 11.4 13 0.546549479166667 0.451171875 8.40284187840339 3 1 -1 
1 620 11.4 12 0.41015625 0.3056640625 33.8559395510331 4 -1 1 
0 620 11.4 13 0.513125 0.515625 2.80598509332248 3 1 -1 
1 630 11.4 12 0.420703125 0.390625 17.8605124443047 4 -1 1 
0 630 11.4 13 0.488932291666667 0.470703125 5.48909083991284 3 1 -1 
1 640 11.4 12 0.439887152777778 0.40234375 27.6912812335958 4 -2 1 
0 640 11.4 14 0.535970052083333 0.4421875 30.1515729253205 3 2 -1 
1 650 11.4 12 0.440755208333333 0.361328125 28.6574597618142 4 -2 1 
0 650 11.4 14 0.520833333333333 0.46484375 20.0063367292379 3 2 -1 
1 660 11.4 12 0.434495192307692 0.415364583333333 4.24411973252603 4 -2 1 
0 660 11.4 14 0.571732954545455 0.503125 7.88667430993199 3 2 -1 
1 670 11.4 12 0.442057291666667 0.372395833333333 32.9025259775359 4 -2 1 
0 670 11.4 14 0.509868421052632 0.5015625 9.33352200080563 3 2 -1 
1 680 11.4 12 0.420099431818182 0.2890625 32.6587456842028 4 -2 1 
0 680 11.4 14 0.508167613636364 0.4890625 30.0846519987484 3 2 -1 
1 690 11.4 13 0.412890625 0.328125 29.3269998299845 4 -1 1 
0 690 11.4 14 0.556396484375 0.4953125 33.5932212139448 3 1 -1 
1 700 11.4 13 0.443244485294118 0.41015625 30.9890762010824 4 -1 1 
0 700 11.4 14 0.544642857142857 0.51171875 46.151546615831 3 1 -1 
1 710 11.4 13 0.420138888888889 0.431640625 28.7452781456908 4 -2 1 
0 710 11.4 15 0.488075657894737 0.55625 42.8303270769822 3 2 -1 
1 720 11.4 14 0.434814453125 0.416015625 10.806572392647 4 -1 1 
0 720 11.4 15 0.45751953125 0.53857421875 46.8064232068378 3 1 -1 
1 730 11.4 14 0.535714285714286 0.4541015625 9.85803971811396 4 -1 1 
0 730 11.4 15 0.52783203125 0.425 41.6855463924857 3 1 -1 
1 740 11.4 14 0.47421875 0.5791015625 2.79366970820754 4 -1 1 
0 740 11.4 15 0.45703125 0.421875 28.6383220638267 3 1 -1 
1 750 11.4 14 0.399181547619048 0.575 4.82627419711528 4 -2 1 
0 750 11.4 16 0.456752232142857 0.41796875 7.43957180351073 3 2 -1 
1 760 11.4 14 0.439670138888889 0.521875 15.4529428338616 4 -2 1 
0 760 11.4 16 0.510546875 0.3984375 7.33550988609924 3 2 -1 
1 770 11.4 15 0.427734375 0.5439453125 7.35758057841557 4 -1 1 
0 770 11.4 16 0.481276939655172 0.37890625 2.69258240356725 3 1 -1 
1 780 11.4 15 0.420006793478261 0.537109375 10.1676445146559 4 -1 1 
0 780 11.4 16 0.526083669354839 0.309895833333333 40.3980582586587 3 1 -1 
1 790 11.4 15 0.487909226190476 0.484375 22.6519063926038 4 -1 1 
0 790 11.4 16 0.508167613636364 0.3173828125 32.1732887750594 3 1 -1 
1 800 11.4 16 0.463686342592593 0.359375 35.2756719701221 4 0 1 
0 800 11.4 16 0.471571180555556 0.33984375 25.7669114639716 3 0 -1 
1 810 11.4 16 0.433423913043478 0.34375 4.25813214568556 4 0 1 
0 810 11.4 16 0.497596153846154 0.403125 41.7809928469579 3 0 -1 
1 820 11.4 16 0.454427083333333 0.4140625 26.4894256654466 4 0 1 
0 820 11.4 16 0.493840144230769 0.4296875 34.8899239878715 3 0 -1 
1 830 11.4 16 0.384615384615385 0.428385416666667 25.8200339438768 4 0 1 
0 830 11.4 16 0.48900462962963 0.49921875 12.4191730616657 3 0 -1 
1 840 11.4 16 0.4140625 0.385416666666667 19.3947630742678 4 -1 1 
0 840 11.4 17 0.507161458333333 0.56171875 17.1954019141877 3 1 -1 
1 850 11.4 17 0.486328125 0.428385416666667 22.9969299130987 4 0 1 
0 850 11.4 17 0.493055555555556 0.60078125 10.8878111773142 3 0 -1 
1 860 11.4 17 0.453125 0.3623046875 29.2245155001545 4 0 1 
0 860 11.4 17 0.421875 0.471875 17.1349091209423 3 0 -1 
1 870 11.4 17 0.408954326923077 0.44140625 18.7459202960679 4 0 1 
0 870 11.4 17 0.47109375 0.44453125 9.33792675421525 3 0 -1 
1 880 11.4 17 0.47900390625 0.4873046875 3.51310929507142 4 0 1 
0 880 11.4 17 0.4453125 0.500651041666667 5.63968488616104 3 0 -1 
1 890 11.4 17 0.455965909090909 0.4921875 8.154699533859 4 0 1 
0 890 11.4 17 0.383429276315789 0.4912109375 5.038077451337 3 0 -1 
1 900 11.4 17 0.463727678571429 0.55234375 8.41842953536883 4 0 1 
0 900 11.4 17 0.453822544642857 0.390625 0 3 0 -1 
1 910 11.4 17 0.511948529411765 0.5087890625 3.33024950748223 4 0 1 
0 910 11.4 17 0.492838541666667 0.375 0 3 0 -1 
1 920 11.4 18 0.4609375 0.5146484375 2.99599785054633 4 0 1 
0 920 11.4 18 0.485608552631579 0.4296875 0 3 0 -1 
1 930 11.4 18 0.399586397058823 0.5185546875 27.2527158679569 4 0 1 
0 930 11.4 18 0.457950367647059 0.216145833333333 28.9142856384426 3 0 -1 
1 940 11.4 18 0.438802083333333 0.4775390625 31.4799334714978 4 0 1 
0 940 11.4 18 0.458333333333333 0.32890625 38.7913648529641 3 0 -1 
1 950 11.4 18 0.4267578125 0.4404296875 14.4002506224422 4 0 2 
0 950 11.4 18 0.458333333333333 0.38359375 37.495371308594 2 0 -2 
1 960 11.4 18 0.436883223684211 0.4326171875 8.57026614146825 4 0 2 
0 960 11.4 18 0.527099609375 0.475 29.5164715353462 2 0 -2 
1 970 11.4 19 0.456730769230769 0.455078125 17.3259361611701 4 1 2 
0 970 11.4 18 0.473889802631579 0.52734375 15.018961574601 2 -1 -2 
1 980 11.4 19 0.453125 0.4970703125 21.7558178047864 4 1 2 
0 980 11.4 18 0.446134868421053 0.5 21.2093199997784 2 -1 -2 
1 990 11.4 19 0.494715073529412 0.5390625 9.12961901234105 4 1 2 
0 990 11.4 18 0.440625 0.4072265625 5.15355148414572 2 -1 -2 
1 1000 11.4 19 0.514105902777778 0.5576171875 4.64853485729851 4 1 2 
0 1000 11.4 18 0.447544642857143 0.4130859375 4.83351097481238 2 -1 -2 
1 1010 11.4 19 0.457409274193548 0.44921875 38.5372178847621 4 1 2 
0 1010 11.4 18 0.387784090909091 0.421875 6.37419207716129 2 -1 -2 
1 1020 11.4 19 0.464164402173913 0.4208984375 28.8427064029283 4 0 2 
0 1020 11.4 19 0.388980263157895 0.423828125 11.5254587040717 2 0 -2 
1 1030 11.4 19 0.541360294117647 0.5126953125 12.673391594134 4 0 2 
0 1030 11.4 19 0.438210227272727 0.36875 23.9136852118478 2 0 -2 
1 1040 11.4 20 0.485243055555556 0.5515625 4.21990700776732 4 1 2 
0 1040 11.4 19 0.397904829545455 0.376953125 28.8487434735033 2 -1 -2 
1 1050 11.4 20 0.418198529411765 0.5953125 9.91421558224607 4 1 2 
0 1050 11.4 19 0.382998511904762 0.37109375 33.6340601176843 2 -1 -2 
1 1060 11.4 20 0.53515625 0.5517578125 21.795029530352 4 1 2 
0 1060 11.4 19 0.429857336956522 0.302734375 47.3761543394987 2 -1 -2 
1 1070 11.4 20 0.472152217741936 0.591796875 31.7997114355167 4 1 2 
0 1070 11.4 19 0.437669836956522 0.25390625 0 2 -1 -2 
1 1080 11.4 20 0.38671875 0.5986328125 9.69552701009707 4 1 2 
0 1080 11.4 19 0.444921875 0.35546875 0 2 -1 -2 
1 1090 11.4 20 0.568824404761905 0.53515625 8.69762027689463 4 1 2 
0 1090 11.4 19 0.444163602941176 0.3828125 0 2 -1 -2 
1 1100 11.4 20 0.492857142857143 0.541015625 13.0996935070147 4 1 2 
0 1100 11.4 19 0.396484375 0.2578125 34.296501279285 2 -1 -2 
1 1110 11.4 20 0.465006510416667 0.5625 7.6173443145769 4 1 2 
0 1110 11.4 19 0.3828125 0.2666015625 39.7594895386042 2 -1 -2 
1 1120 11.4 21 0.539583333333333 0.6240234375 7.4592903643225 4 2 2 
0 1120 11.4 19 0.411931818181818 0.3369140625 21.0786858659356 2 -2 -2 
1 1130 11.4 21 0.547940340909091 0.626953125 6.42743066422879 4 2 2 
0 1130 11.4 19 0.396354166666667 0.3 25.3948475998758 2 -2 -2 
1 1140 11.4 21 0.586838942307692 0.560546875 6.58832144187247 4 1 2 
0 1140 11.4 20 0.388237847222222 0.3625 27.2229405081844 2 -1 -2 
1 1150 11.4 21 0.476841517857143 0.5615234375 5.85718077343783 4 1 2 
0 1150 11.4 20 0.471354166666667 0.3623046875 24.1614244785129 2 -1 -2 
1 1160 11.4 21 0.46125 0.5927734375 2.14066544788926 4 1 2 
0 1160 11.4 20 0.404747596153846 0.403645833333333 2.04168905063636 2 -1 -2 
1 1170 11.4 21 0.4865234375 0.5009765625 6.6585263470451 4 1 2 
0 1170 11.4 20 0.385120738636364 0.3828125 4.97725816040883 2 -1 -2 
1 1180 11.4 21 0.532470703125 0.466796875 7.41819931916626 3 1 1 
0 1180 11.4 20 0.418836805555556 0.333333333333333 4.27190347168813 2 -1 -1 
1 1190 11.4 21 0.464453125 0.5107421875 7.27429909189374 3 1 1 
0 1190 11.4 20 0.388454861111111 0.350260416666667 6.53633279455069 2 -1 -1 
1 1200 11.4 21 0.493726325757576 0.590625 7.17480542872854 3 1 1 
0 1200 11.4 20 0.3857421875 0.396484375 3.90512483795333 2 -1 -1 
1 1210 11.4 21 0.572265625 0.6421875 6.62271097740007 3 1 1 
0 1210 11.4 20 0.388392857142857 0.248697916666667 26.3390885929283 2 -1 -1 
1 1220 11.4 22 0.50732421875 0.5751953125 9.49251644548048 3 2 1 
0 1220 11.4 20 0.373046875 0.2333984375 21.8179306860282 2 -2 -1 
1 1230 11.4 22 0.492466517857143 0.5703125 4.01078651782049 3 2 2 
0 1230 11.4 20 0.37353515625 0.33203125 20.269753240491 1 -2 -2 
1 1240 11.4 22 0.60205078125 0.60546875 4.75942884413225 3 2 2 
0 1240 11.4 20 0.3703125 0.33046875 6.68526699439542 1 -2 -2 
1 1250 11.4 22 0.497916666666667 0.5390625 10.6481027591123 3 2 2 
0 1250 11.4 20 0.356336805555556 0.36015625 6.44322515476848 1 -2 -2 
1 1260 11.4 22 0.429036458333333 0.541666666666667 13.5869889058231 3 2 2 
0 1260 11.4 20 0.366753472222222 0.3609375 15.8635869548061 1 -2 -2 
1 1270 11.4 22 0.561580882352941 0.5625 16.6315719791826 2 1 1 
0 1270 11.4 21 0.3896484375 0.36328125 21.6343247716327 1 -1 -1 
1 1280 11.4 22 0.534412202380952 0.5625 17.6295593252244 2 1 1 
0 1280 11.4 21 0.383370535714286 0.39375 8.26442638467753 1 -1 -1 
1 1290 11.4 22 0.552619485294118 0.5078125 8.29343922668438 2 1 1 
0 1290 11.4 21 0.413856907894737 0.41328125 9.47053115426109 1 -1 -1 
1 1300 11.4 22 0.51203125 0.498697916666667 15.0279418246377 2 1 1 
0 1300 11.4 21 0.391826923076923 0.45234375 18.4424890386687 1 -1 -1 
1 1310 11.4 22 0.47734375 0.4150390625 34.0294967925214 2 1 1 
0 1310 11.4 21 0.379185267857143 0.45859375 9.62391989290654 1 -1 -1 
1 1320 11.4 22 0.49311755952381 0.37890625 15.8637975487473 2 1 1 
0 1320 11.4 21 0.402529761904762 0.453125 7.7046387033819 1 -1 -1 
1 1330 11.4 22 0.55712890625 0.44375 9.18925598594409 2 1 1 
0 1330 11.4 21 0.426491477272727 0.45078125 8.08598011753466 1 -1 -1 
1 1340 11.4 23 0.480329241071429 0.5109375 10.2893054406837 2 2 1 
0 1340 11.4 21 0.405831473214286 0.44921875 0 1 -2 -1 
1 1350 11.4 23 0.480618990384615 0.55078125 7.8177323230441 2 2 1 
0 1350 11.4 21 0.381076388888889 0.3984375 0 1 -2 -1 
1 1360 11.4 23 0.606201171875 0.5693359375 12.3962465666326 2 2 1 
0 1360 11.4 21 0.37890625 0.3671875 0 1 -2 -1 
1 1370 11.4 23 0.606201171875 0.5419921875 20.8434326371591 2 2 1 
0 1370 11.4 21 0.37890625 0.41015625 0 1 -2 -1 
1 1380 11.4 23 0.629464285714286 0.584635416666667 9.5897641931488 2 2 1 
0 1380 11.4 21 0.370442708333333 NaN NaN 1 -2 -1 
1 1390 11.4 23 NaN NaN NaN 2 2 1 
0 1390 11.4 21 NaN NaN NaN 1 -2 -1 
