1 30 8.6 1 NaN 0.237903225806452 20.8448693346135 3 0 0 
0 30 8.8 1 NaN 0.216733870967742 8.69517598632102 3 0 0 
1 40 8.6 1 NaN 0.285483870967742 14.8608471238626 3 0 0 
0 40 8.8 1 NaN 0.231451612903226 14.403425735541 3 0 0 
1 50 8.6 1 0.383064516129032 0.358870967741936 18.1113374766541 3 0 0 
0 50 8.8 1 0.382056451612903 0.291129032258065 21.9760323624564 3 0 0 
1 60 8.6 1 0.383064516129032 0.466935483870968 21.5725257335943 3 0 0 
0 60 8.8 1 0.383064516129032 0.431451612903226 19.1813261290858 3 0 0 
1 70 8.6 1 0.393817204301075 0.491935483870968 16.1717933690692 3 0 0 
0 70 8.8 1 0.405846774193548 0.470161290322581 16.4524776354585 3 0 0 
1 80 8.6 1 0.473622311827957 0.492741935483871 17.4331080186713 3 0 0 
0 80 8.8 1 0.483266129032258 0.495161290322581 16.3025130054083 3 0 0 
1 90 8.6 1 0.42414314516129 0.445161290322581 20.3988937250602 3 0 0 
0 90 8.8 1 0.393057503506311 0.488709677419355 12.4824759242973 3 0 0 
1 100 8.6 1 0.450892857142857 0.47258064516129 23.9904751445559 3 0 0 
0 100 8.8 1 0.383276740237691 0.480645161290323 20.9268508241441 3 0 0 
1 110 8.6 2 0.478195937873357 0.47741935483871 24.5619950228933 3 0 0 
0 110 8.8 2 0.469758064516129 0.483064516129032 23.5866184158214 3 0 0 
1 120 8.6 2 0.426663306451613 0.476612903225806 26.0764658950231 3 0 0 
0 120 8.8 2 0.404931761786601 0.47741935483871 25.2979404503269 3 0 0 
1 130 8.6 2 0.418071847507331 0.470161290322581 22.6271668613625 3 0 0 
0 130 8.8 2 0.406030855539972 0.509677419354839 17.6244286566597 3 0 0 
1 140 8.6 2 0.481374807987711 0.412903225806452 38.4959897562863 3 0 0 
0 140 8.8 2 0.464586255259467 0.479838709677419 18.2420346402148 3 0 0 
1 150 8.6 2 0.417533818938606 0.391129032258065 32.3464222343299 3 -1 0 
0 150 8.8 3 0.413844086021505 0.495161290322581 27.5520345287643 3 1 0 
1 160 8.6 3 0.401942815249267 0.445161290322581 23.9867826006936 3 0 0 
0 160 8.8 3 0.415139296187683 0.500806451612903 22.0464184111246 3 0 0 
1 170 8.6 3 0.474078341013825 0.478225806451613 25.0748010126681 3 0 0 
0 170 8.8 3 0.471774193548387 0.508870967741936 16.7852153462671 3 0 0 
1 180 8.6 3 0.398689516129032 0.453629032258065 24.9789017902931 3 0 0 
0 180 8.8 3 0.420130272952854 0.540322580645161 21.3795865237041 3 0 0 
1 190 8.6 3 0.390937019969278 0.365322580645161 41.7950235803049 3 -1 0 
0 190 8.8 4 0.440982404692082 0.469758064516129 32.6312406707529 3 1 0 
1 200 8.6 3 0.462976539589443 0.393548387096774 36.0980308558782 3 -1 0 
0 200 8.8 4 0.491599462365591 0.400806451612903 34.3612588861892 3 1 0 
1 210 8.6 4 0.40431141439206 0.454838709677419 23.8574654786535 3 0 0 
0 210 8.8 4 0.430020811654526 0.459677419354839 29.3542560803882 3 0 0 
1 220 8.6 4 0.41633064516129 0.432258064516129 25.3601582514924 3 0 0 
0 220 8.8 4 0.425403225806452 0.465322580645161 14.0004781362746 3 0 0 
1 230 8.6 4 0.470046082949309 0.458870967741936 12.4458199688059 3 0 0 
0 230 8.8 4 0.494324970131422 0.470967741935484 13.6572018937512 3 0 0 
1 240 8.6 4 0.407834101382488 0.466129032258065 11.1804706163022 3 -1 0 
0 240 8.8 5 0.425477897252091 0.507258064516129 11.5293879146678 3 1 0 
1 250 8.6 4 0.402073732718894 0.485483870967742 10.4435727021091 3 -1 0 
0 250 8.8 5 0.396859083191851 0.508870967741936 16.255720484619 3 1 0 
1 260 8.6 5 0.453917050691244 0.435483870967742 17.1787623090534 3 0 0 
0 260 8.8 5 0.45083746898263 0.495161290322581 16.1306591802797 3 0 0 
1 270 8.6 5 0.414672216441207 0.408064516129032 26.0759079219152 3 0 0 
0 270 8.8 5 0.416816009557945 0.503225806451613 17.5215697738329 3 0 0 
1 280 8.6 5 0.415898617511521 0.421774193548387 21.4032110860088 3 -1 0 
0 280 8.8 6 0.461612903225806 0.512096774193548 20.4632730354097 3 1 0 
1 290 8.6 5 0.45852534562212 0.437096774193548 19.8043117357592 3 -1 0 
0 290 8.8 6 0.511760752688172 0.507258064516129 22.2282946158925 3 1 0 
1 300 8.6 6 0.407546082949309 0.409677419354839 21.2538105950739 3 0 0 
0 300 8.8 6 0.407258064516129 0.509677419354839 23.7459311912709 3 0 0 
1 310 8.6 6 0.415139296187683 0.455645161290323 17.9671788846257 3 0 0 
0 310 8.8 6 0.383064516129032 0.495967741935484 25.1451437824176 3 0 0 
1 320 8.6 6 0.479488078541374 0.435483870967742 28.5313598094967 3 0 0 
0 320 8.8 6 0.475806451612903 0.496975806451613 33.3571033868067 3 0 0 
1 330 8.6 6 0.423135080645161 0.40241935483871 29.7436215422281 3 -1 0 
0 330 8.8 7 0.424082313681869 0.482862903225806 23.2593796778052 3 1 0 
1 340 8.6 6 0.388709677419355 0.467741935483871 21.9624774568011 3 -1 0 
0 340 8.8 7 0.436950146627566 0.415322580645161 36.4812162529818 3 1 0 
1 350 8.6 7 0.471390168970814 0.506451612903226 10.1827398946559 3 0 0 
0 350 8.8 7 0.470196353436185 0.400806451612903 28.9899237528568 3 0 0 
1 360 8.6 7 0.418309438470729 0.449193548387097 12.2593160914391 3 0 0 
0 360 8.8 7 0.382115749525617 0.484677419354839 13.8297075037044 3 0 0 
1 370 8.6 7 0.406206171107994 0.467741935483871 13.7645038260061 3 0 0 
0 370 8.8 7 0.437836021505376 0.493951612903226 23.954767522741 3 0 0 
1 380 8.6 7 0.447832661290323 0.484677419354839 14.3203832111569 3 -1 0 
0 380 8.8 8 0.467144563918757 0.516129032258065 24.9687032975685 3 1 0 
1 390 8.6 7 0.387096774193548 0.449193548387097 18.0673103981836 3 -1 0 
0 390 8.8 8 0.460789766407119 0.458064516129032 38.6792707721063 3 1 0 
1 400 8.6 8 0.392089093701997 0.436290322580645 26.3122590431328 3 0 0 
0 400 8.8 8 0.455278592375367 0.485483870967742 19.9548552654361 3 0 0 
1 410 8.6 8 0.454459203036053 0.350806451612903 29.2521339814417 3 0 0 
0 410 8.8 8 0.473870967741935 0.537903225806452 13.2525722609219 3 0 0 
1 420 8.6 8 0.398064516129032 0.384677419354839 16.2402789565891 3 0 0 
0 420 8.8 8 0.446935483870968 0.55241935483871 5.01311582627372 3 0 0 
1 430 8.6 8 0.394354838709677 0.410282258064516 7.42084135324333 3 0 0 
0 430 8.8 8 0.444424964936886 0.544354838709677 8.64042051615499 3 0 0 
1 440 8.6 8 0.446740591397849 0.459677419354839 13.3765511587503 3 -1 0 
0 440 8.8 9 0.471929280397022 0.487903225806452 8.72240469819197 3 1 0 
1 450 8.6 8 0.409139784946237 0.368279569892473 36.2951666806965 3 -1 0 
0 450 8.8 9 0.412692847124825 0.412096774193548 29.1106879353166 3 1 0 
1 460 8.6 8 0.418269230769231 0.360215053763441 22.5780832467264 3 -1 0 
0 460 8.8 9 0.437587657784011 0.440322580645161 30.0063494329225 3 1 0 
1 470 8.6 9 0.458728652751423 0.32258064516129 31.861073629405 3 0 0 
0 470 8.8 9 0.493035190615836 0.488709677419355 17.0989191156497 3 0 0 
1 480 8.6 9 0.39573732718894 0.408064516129032 28.5917011386229 3 -1 0 
0 480 8.8 10 0.429166666666667 0.490322580645161 13.4303959928529 3 1 0 
1 490 8.6 9 0.404193548387097 0.420161290322581 27.1081069324886 3 -1 0 
0 490 8.8 10 0.408357771260997 0.509677419354839 12.8408955974542 3 1 0 
1 500 8.6 9 0.463440860215054 0.44758064516129 16.0031273419385 3 -1 0 
0 500 8.8 10 0.469516129032258 0.524193548387097 10.3330958895495 3 1 0 
1 510 8.6 9 0.436491935483871 0.436290322580645 7.08078431651833 3 -1 0 
0 510 8.8 10 0.43678459937565 0.508870967741936 8.85020726382434 3 1 0 
1 520 8.6 9 0.402937788018433 0.48252688172043 9.94902417024228 3 -1 0 
0 520 8.8 10 0.418988269794721 0.47741935483871 8.5618923346095 3 1 0 
1 530 8.6 9 0.426075268817204 0.470430107526882 12.6969283148065 3 -2 0 
0 530 8.8 11 0.457795698924731 0.470967741935484 12.0247804201704 3 2 0 
1 540 8.6 9 0.423542183622829 0.379032258064516 27.8850069636477 3 -2 0 
0 540 8.8 11 0.431182795698925 0.498387096774194 7.3890632327799 3 2 0 
1 550 8.6 9 0.401209677419355 0.328225806451613 16.8576721145044 3 -2 0 
0 550 8.8 11 0.473471986417657 0.540322580645161 3.82945152650884 3 2 0 
1 560 8.6 10 0.42558651026393 0.400201612903226 12.6503087111242 3 -1 0 
0 560 8.8 11 0.476906158357771 0.548387096774194 13.2218432972004 3 1 0 
1 570 8.6 10 0.400744416873449 0.407258064516129 16.5837255684826 3 -1 0 
0 570 8.8 11 0.431034482758621 0.554838709677419 11.8640609715071 3 1 0 
1 580 8.6 10 0.398617511520737 0.364516129032258 27.4835696805091 3 -1 0 
0 580 8.8 11 0.48984468339307 0.520161290322581 7.50945616875574 3 1 0 
1 590 8.6 10 0.443548387096774 0.29758064516129 35.348903723636 3 -1 0 
0 590 8.8 11 0.50462962962963 0.485483870967742 15.3566807393118 3 1 0 
1 600 8.6 10 0.382056451612903 0.278225806451613 24.8004000001076 3 -2 0 
0 600 8.8 12 0.471668081494058 0.541935483870968 6.92272196307336 3 2 0 
1 610 8.6 10 0.389516129032258 0.352822580645161 21.1741241348547 3 -2 0 
0 610 8.8 12 0.459832506203474 0.54758064516129 5.65795298126064 3 2 0 
1 620 8.6 10 0.39207779886148 0.360483870967742 12.9878885805582 3 -2 0 
0 620 8.8 12 0.503494623655914 0.566129032258065 5.35676023170168 3 2 0 
1 630 8.6 10 0.382115749525617 0.366935483870968 14.8099011258013 3 -2 0 
0 630 8.8 12 0.455645161290323 0.570967741935484 5.94002110827185 3 2 0 
1 640 8.6 11 0.385611205432937 0.315524193548387 6.56888927602623 3 -1 0 
0 640 8.8 12 0.438172043010753 0.601612903225806 5.04837776178474 3 1 0 
1 650 8.6 11 0.3875 0.323387096774194 14.0570580834741 3 -2 0 
0 650 8.8 13 0.502912186379928 0.541129032258065 42.2768415625232 3 2 0 
1 660 8.6 11 0.370967741935484 0.296774193548387 14.8871920116418 3 -2 0 
0 660 8.8 13 0.465251423149905 0.548387096774194 41.8081080184331 3 2 0 
1 670 8.6 11 0.395161290322581 0.292741935483871 14.1602357556514 3 -2 0 
0 670 8.8 13 0.503482404692082 0.624193548387097 22.6549773894011 3 2 0 
1 680 8.6 11 0.403225806451613 0.280645161290323 12.5102120621493 3 -2 0 
0 680 8.8 13 0.549683179723502 0.615322580645161 13.7954077002783 3 2 0 
1 690 8.6 11 0.368951612903226 0.265322580645161 5.76806962270797 3 -2 0 
0 690 8.8 13 0.510528673835125 0.65241935483871 4.76172785230887 3 2 0 
1 700 8.6 11 0.369134897360704 0.309677419354839 12.8181525148756 3 -3 0 
0 700 8.8 14 0.462426686217009 0.579838709677419 13.1140636823323 3 3 0 
1 710 8.6 11 0.373271889400922 0.29758064516129 28.9365178722514 3 -3 0 
0 710 8.8 14 0.462701612903226 0.481451612903226 15.7754306869039 3 3 0 
1 720 8.6 11 0.352066532258065 0.394354838709677 13.1798540399432 3 -3 0 
0 720 8.8 14 0.477639296187683 0.470161290322581 17.934862998596 3 3 0 
1 730 8.6 12 0.396313364055299 0.424395161290323 21.4311539176347 3 -2 0 
0 730 8.8 14 0.49674317617866 0.481451612903226 10.1986888193861 3 2 0 
1 740 8.6 12 0.384109916367981 0.42741935483871 26.1936632601121 3 -2 0 
0 740 8.8 14 0.499551971326165 0.555645161290323 8.08868261666547 3 2 0 
1 750 8.6 12 0.360383064516129 0.329637096774194 15.301200110652 3 -2 0 
0 750 8.8 14 0.471464019851117 0.608064516129032 13.4664721778874 3 2 0 
1 760 8.6 12 0.385483870967742 0.270967741935484 26.0571356456285 3 -2 0 
0 760 8.8 14 0.522177419354839 0.625806451612903 11.1120425167061 3 2 0 
1 770 8.6 12 0.417137096774194 0.278225806451613 21.8158813824932 3 -2 0 
0 770 8.8 14 0.543663594470046 0.605645161290323 6.12802362824431 3 2 0 
1 780 8.6 12 0.374327956989247 0.332661290322581 3.97066185201206 3 -3 0 
0 780 8.8 15 0.540125885129819 0.632056451612903 8.68807489988485 3 3 0 
1 790 8.6 12 0.442204301075269 0.353494623655914 11.8698429395491 3 -3 0 
0 790 8.8 15 0.547757056451613 0.606854838709677 5.18420560613414 3 3 0 
1 800 8.6 12 0.478225806451613 0.254032258064516 19.5434797439061 3 -3 0 
0 800 8.8 15 0.581413210445469 0.67741935483871 4.79848648804661 3 3 0 
1 810 8.6 12 0.403225806451613 0.248655913978495 8.61542453127409 3 -3 0 
0 810 8.8 15 0.50752688172043 0.64616935483871 7.48607160488238 3 3 0 
1 820 8.6 13 0.426267281105991 0.235483870967742 21.2474474764757 3 -2 0 
0 820 8.8 15 0.488523573200993 0.516129032258065 42.8867363202863 3 2 0 
1 830 8.6 13 0.426267281105991 0.295967741935484 19.1317064075648 3 -2 0 
0 830 8.8 15 0.496415770609319 0.526612903225806 38.6907343242197 3 2 0 
1 840 8.6 13 0.350302419354839 0.411290322580645 13.7699718210023 3 -2 0 
0 840 8.8 15 0.464381720430108 0.521774193548387 33.9148042613501 3 2 0 
1 850 8.6 13 0.403225806451613 0.396774193548387 9.33516350479723 3 -2 0 
0 850 8.8 15 0.510289210233593 0.456451612903226 17.6525798108816 3 2 0 
1 860 8.6 13 0.423387096774194 0.434677419354839 5.51564130483105 3 -2 0 
0 860 8.8 15 0.585511679644049 0.461290322580645 15.3677640527517 3 2 0 
1 870 8.6 14 0.383352534562212 0.510483870967742 3.58009163661154 3 -1 0 
0 870 8.8 15 0.462624069478908 0.423387096774194 10.0728164990955 3 1 0 
1 880 8.6 14 0.418951612903226 0.519153225806452 5.36508062000995 3 -2 0 
0 880 8.8 16 0.38858234295416 0.440860215053763 1.70191989590009 3 2 0 
1 890 8.6 14 0.447224857685009 0.457661290322581 5.41117775476863 3 -2 0 
0 890 8.8 16 0.443548387096774 0.51747311827957 7.38022013401799 3 2 0 
1 900 8.6 14 0.449215344376635 0.273185483870968 19.5527026851332 3 -2 0 
0 900 8.8 16 0.41164095371669 0.490591397849462 3.76104279522688 3 2 0 
1 910 8.6 14 0.463449531737773 0.265120967741936 26.2362547323617 3 -2 0 
0 910 8.8 16 0.414685908319185 0.361290322580645 39.7406201322802 3 2 0 
1 920 8.6 14 0.498655913978495 0.382258064516129 24.5829890335224 3 -2 0 
0 920 8.8 16 0.483467741935484 0.368548387096774 43.2958239749662 3 2 0 
1 930 8.6 14 0.434543010752688 0.458870967741936 15.0690562074989 3 -2 0 
0 930 8.8 16 0.387298387096774 0.439516129032258 33.1116299178234 3 2 0 
1 940 8.6 14 0.41034155597723 0.485483870967742 10.2750833701791 3 -2 0 
0 940 8.8 16 0.390945747800587 0.459677419354839 23.0672635814379 3 2 0 
1 950 8.6 14 0.483602150537634 0.504032258064516 7.1790844274505 3 -2 0 
0 950 8.8 16 0.457258064516129 0.479032258064516 10.0694566554015 3 2 0 
1 960 8.6 14 0.401103565365026 0.442741935483871 6.65267151300561 3 -3 0 
0 960 8.8 17 0.451612903225806 0.499193548387097 10.5912065496367 3 3 0 
1 970 8.6 15 0.385528673835125 0.431451612903226 5.41193465951677 3 -2 0 
0 970 8.8 17 0.471290322580645 0.520161290322581 5.26502661742227 3 2 0 
1 980 8.6 15 0.394489247311828 0.352150537634409 4.40558144841184 3 -2 0 
0 980 8.8 17 0.534778225806452 0.591733870967742 6.10252251907876 3 2 0 
1 990 8.6 15 0.347311827956989 0.236559139784946 15.0999407930256 3 -2 0 
0 990 8.8 17 0.507718894009217 0.672379032258065 3.55635279229123 3 2 0 
1 1000 8.6 15 0.38565668202765 0.224462365591398 17.0884124237205 3 -2 0 
0 1000 8.8 17 0.442275042444822 0.680443548387097 9.36344107364356 3 2 0 
1 1010 8.6 16 0.434863523573201 0.245967741935484 19.9292896914538 3 -1 0 
0 1010 8.8 17 0.516830294530154 0.612903225806452 17.2409396495667 3 1 0 
1 1020 8.6 16 0.347062211981567 0.320967741935484 10.928084599695 3 -1 0 
0 1020 8.8 17 0.482622887864823 0.383064516129032 45.2197979562161 3 1 0 
1 1030 8.6 16 0.404711375212224 0.445161290322581 11.5154532303565 3 -1 0 
0 1030 8.8 17 0.469827586206897 0.354838709677419 38.0777537392615 3 1 0 
1 1040 8.6 16 0.429603494623656 0.516935483870968 3.84909924559711 3 -1 0 
0 1040 8.8 17 0.534904233870968 0.401209677419355 9.01387818865997 3 1 0 
1 1050 8.6 16 0.369959677419355 0.495967741935484 5.208875674388 3 -1 0 
0 1050 8.8 17 0.487903225806452 0.44758064516129 1.80277563773199 3 1 0 
1 1060 8.6 16 0.418394777265745 0.521774193548387 10.7947186333946 3 -1 0 
0 1060 8.8 17 0.396646859083192 0.299395161290323 38.6391726520047 3 1 0 
1 1070 8.6 17 0.450146627565982 0.531451612903226 9.98245237300262 3 0 0 
0 1070 8.8 17 0.383064516129032 0.380040322580645 11.2462166947259 3 0 0 
1 1080 8.6 17 0.443687430478309 0.55 3.79693360823541 3 -1 0 
0 1080 8.8 18 0.381854838709677 0.413306451612903 6.49828506120554 3 1 0 
1 1090 8.6 17 0.425093052109181 0.456451612903226 21.9547270535153 3 -1 0 
0 1090 8.8 18 0.39758064516129 0.415322580645161 29.1270139180883 3 1 0 
1 1100 8.6 17 0.512096774193548 0.375 5.57785080787284 3 -1 0 
0 1100 8.8 18 0.426782682512733 0.516935483870968 26.4770505529302 3 1 0 
1 1110 8.6 17 0.467105263157895 0.33366935483871 9.58663571635319 3 -1 0 
0 1110 8.8 18 0.424354838709677 0.506451612903226 16.5344111564045 3 1 0 
1 1120 8.6 17 0.494160177975528 0.315524193548387 23.6252940084572 3 -1 0 
0 1120 8.8 18 0.482358870967742 0.470967741935484 18.5411616499977 3 1 0 
1 1130 8.6 17 0.553614097968937 0.413306451612903 17.6153470445438 3 -1 0 
0 1130 8.8 18 0.479364326375712 0.474193548387097 21.8898307494619 3 1 0 
1 1140 8.6 17 0.461021505376344 0.490927419354839 12.0916378099033 3 -1 0 
0 1140 8.8 18 0.423891129032258 0.495967741935484 15.6371857386376 3 1 0 
1 1150 8.6 18 0.403958944281525 0.462701612903226 2.81877867062405 3 0 0 
0 1150 8.8 18 0.503848973607038 0.500806451612903 16.8793296971635 3 0 0 
1 1160 8.6 18 0.494070208728653 0.313709677419355 14.3554091137341 3 -1 0 
0 1160 8.8 19 0.553091397849462 0.543548387096774 12.0944228169349 3 1 0 
1 1170 8.6 18 0.437096774193548 0.342741935483871 7.24938410141592 3 -1 0 
0 1170 8.8 19 0.474331235247836 0.55241935483871 11.4148625177192 3 1 0 
1 1180 8.6 18 0.457779886148008 0.344354838709677 5.94819620020089 3 -1 0 
0 1180 8.8 19 0.496774193548387 0.553427419354839 14.2396207565523 3 1 0 
1 1190 8.6 18 0.539136622390892 0.317741935483871 6.48879650414362 3 -1 0 
0 1190 8.8 19 0.53821044546851 0.629032258064516 4.52325534106548 3 1 0 
1 1200 8.6 18 0.401942815249267 0.383064516129032 3.45971424690483 3 -1 0 
0 1200 8.8 19 0.459229390681004 0.584677419354839 2.70345001346588 3 1 0 
1 1210 8.6 19 0.37683284457478 0.304032258064516 7.15171613051087 3 0 0 
0 1210 8.8 19 0.445806451612903 0.491935483870968 10.918638761576 3 0 0 
1 1220 8.6 19 0.489247311827957 0.333870967741936 11.4401664734695 3 0 0 
0 1220 8.8 19 0.532407407407407 0.600806451612903 11.1018016555873 3 0 0 
1 1230 8.6 19 0.298790322580645 0.369354838709677 2.07314992137755 3 0 0 
0 1230 8.8 19 0.514909977494374 0.409274193548387 53.6400037285606 3 0 0 
1 1240 8.6 19 0.358870967741936 0.333064516129032 9.86270695635933 3 0 0 
0 1240 8.8 19 0.483592880978865 0.300403225806452 26.4622372447985 3 0 0 
1 1250 8.6 19 0.358870967741936 0.328225806451613 11.601371179122 3 0 0 
0 1250 8.8 19 0.578984819734345 0.278225806451613 23.3016832345931 3 0 0 
1 1260 8.6 20 0.349320882852292 0.341935483870968 19.1806569931367 3 1 0 
0 1260 8.8 19 0.507474429583005 0.419354838709677 9.30556736632134 3 -1 0 
1 1270 8.6 20 0.369847670250896 0.380645161290323 20.1579687052263 3 1 0 
0 1270 8.8 19 0.454677419354839 0.422043010752688 13.0504367705973 3 -1 0 
1 1280 8.6 20 0.409498207885305 0.433064516129032 13.1040820531071 3 1 0 
0 1280 8.8 19 0.523883374689826 0.44758064516129 8.04651630914703 3 -1 0 
1 1290 8.6 20 0.360407066052227 0.494354838709677 5.82656396490587 3 1 0 
0 1290 8.8 19 0.469812554489974 0.338709677419355 36.125783970214 3 -1 0 
1 1300 8.6 20 0.370755517826825 0.5 6.91523900075886 3 1 0 
0 1300 8.8 19 0.442036290322581 0.412903225806452 11.3227531478406 3 -1 0 
1 1310 8.6 20 0.426570458404075 0.513709677419355 8.30402686147464 3 1 0 
0 1310 8.8 19 0.516129032258065 0.397177419354839 7.96420116604292 3 -1 0 
1 1320 8.6 20 0.401545698924731 0.544354838709677 5.6822593546175 3 0 0 
0 1320 8.8 20 0.468682795698925 0.42741935483871 5.17322170637044 3 0 0 
1 1330 8.6 20 0.406854838709677 0.514516129032258 8.30967244983309 3 0 0 
0 1330 8.8 20 0.432551319648094 0.366935483870968 11.5296678332011 3 0 0 
1 1340 8.6 20 0.483480749219563 0.478225806451613 24.5510043822149 3 0 0 
0 1340 8.8 20 0.402721774193548 0.288978494623656 5.85284866690002 3 0 0 
1 1350 8.6 20 0.484139784946237 0.558870967741935 14.8873118378372 3 0 0 
0 1350 8.8 20 0.337976539589443 0.31989247311828 18.2726400113424 3 0 0 
1 1360 8.6 21 0.547603046594982 0.639516129032258 4.59348213205025 3 1 0 
0 1360 8.8 20 0.369175627240143 0.307795698924731 15.1701881607294 3 -1 0 
1 1370 8.6 21 0.613372093023256 0.671774193548387 4.14967401761218 3 1 0 
0 1370 8.8 20 0.337096774193548 0.226814516129032 14.9723817723909 3 -1 0 
1 1380 8.6 21 0.537996277915633 0.716129032258064 3.71749727677817 3 1 0 
0 1380 8.8 20 0.296875 0.217741935483871 14.7794296689882 3 -1 0 
1 1390 8.6 21 0.572958669354839 0.716129032258064 4.97164475790804 3 1 1 
0 1390 8.8 20 0.304435483870968 0.215322580645161 9.10241394401188 2 -1 -1 
1 1400 8.6 21 0.662970430107527 0.655645161290323 4.55813535447194 3 1 1 
0 1400 8.8 20 0.304435483870968 0.242741935483871 17.8090754319672 2 -1 -1 
1 1410 8.6 21 0.523755259467041 0.549193548387097 19.1875651798713 3 1 1 
0 1410 8.8 20 0.296572580645161 0.240322580645161 15.0608227220584 2 -1 -1 
1 1420 8.6 21 0.429523141654979 0.416129032258064 19.3486359046088 3 1 1 
0 1420 8.8 20 0.363539898132428 0.289516129032258 18.8430520228228 2 -1 -1 
1 1430 8.6 21 0.549193548387097 0.37258064516129 21.3270263826074 3 1 1 
0 1430 8.8 20 0.363539898132428 0.407258064516129 26.0722724986037 2 -1 -1 
1 1440 8.6 21 0.471129032258065 0.369354838709677 18.0163912233636 3 1 1 
0 1440 8.8 20 0.407119021134594 0.448387096774194 22.9877996958828 2 -1 -1 
1 1450 8.6 21 0.414956011730205 0.382258064516129 13.8388046630833 3 1 1 
0 1450 8.8 20 0.460483870967742 0.42741935483871 13.5925298356836 2 -1 -1 
1 1460 8.6 21 0.472542242703533 0.437096774193548 16.0403159410516 3 1 1 
0 1460 8.8 20 0.511476426799007 0.429838709677419 19.8902046618578 2 -1 -1 
1 1470 8.6 21 0.419004207573633 0.515322580645161 7.11590294583518 3 0 1 
0 1470 8.8 21 0.456133919843597 0.380645161290323 12.2177973372481 2 0 -1 
1 1480 8.6 21 0.419354838709677 0.52258064516129 6.19497005976588 3 0 1 
0 1480 8.8 21 0.393328445747801 0.40241935483871 11.3070000742373 2 0 -1 
1 1490 8.6 21 0.453947368421053 0.495161290322581 4.62514693513492 3 0 1 
0 1490 8.8 21 0.491487455197133 0.445161290322581 9.31709961922674 2 0 -1 
1 1500 8.6 21 0.44105222734255 0.560483870967742 2.89386699114515 3 0 1 
0 1500 8.8 21 0.496151026392962 0.408870967741935 3.14054661314906 2 0 -1 
1 1510 8.6 22 0.427016129032258 0.531451612903226 4.73905665949421 3 1 1 
0 1510 8.8 21 0.476238479262673 0.404233870967742 6.96554503910511 2 -1 -1 
1 1520 8.6 22 0.462779156327543 0.571774193548387 7.56168619725936 3 1 1 
0 1520 8.8 21 0.48666253101737 0.394153225806452 4.69344402897374 2 -1 -1 
1 1530 8.6 22 0.47592504743833 0.607258064516129 5.66347635389399 3 1 1 
0 1530 8.8 21 0.521290322580645 0.362903225806452 3.16227766016838 2 -1 -1 
1 1540 8.6 22 0.535483870967742 0.688709677419355 5.47802468041071 3 1 1 
0 1540 8.8 21 0.497983870967742 0.266129032258065 3.16227766016838 2 -1 -1 
1 1550 8.6 22 0.630428039702233 0.663709677419355 3.42651424062404 3 1 1 
0 1550 8.8 21 0.598548387096774 0.233870967741935 2.5 2 -1 -1 
1 1560 8.6 22 0.509255865102639 0.538709677419355 15.9110432217694 3 1 1 
0 1560 8.8 21 0.497715053763441 0.205645161290323 18.8215302247187 2 -1 -1 
1 1570 8.6 22 0.497610513739546 0.473387096774194 25.399916589425 3 1 1 
0 1570 8.8 21 0.507003395585739 0.19489247311828 16.635542109227 2 -1 -1 
1 1580 8.6 22 0.59346198156682 0.454838709677419 30.4513761047569 3 1 1 
0 1580 8.8 21 0.560215053763441 0.271505376344086 23.2598547146859 2 -1 -1 
1 1590 8.6 22 0.493157380254154 0.345161290322581 38.2861361539204 3 1 1 
0 1590 8.8 21 0.422192353643967 0.252016129032258 24.0865073462811 2 -1 -1 
1 1600 8.6 22 0.451451612903226 0.349193548387097 36.2567114271674 3 1 1 
0 1600 8.8 21 0.363709677419355 0.271774193548387 17.3456463145113 2 -1 -1 
1 1610 8.6 22 0.535282258064516 0.491129032258064 5.60075407477139 3 1 1 
0 1610 8.8 21 0.502932551319648 0.295967741935484 14.7290744455258 2 -1 -1 
1 1620 8.6 22 0.502284946236559 0.541935483870968 10.4404042650074 3 1 1 
0 1620 8.8 21 0.410229202037351 0.286290322580645 14.0887095316319 2 -1 -1 
1 1630 8.6 22 0.496523915461624 0.675 7.5752114725163 3 1 1 
0 1630 8.8 21 0.409867172675522 0.266935483870968 11.9573953189142 2 -1 -1 
1 1640 8.6 22 0.562836021505376 0.778225806451613 7.59016994374947 3 1 1 
0 1640 8.8 21 0.423387096774194 0.193548387096774 12.4521479760839 2 -1 -1 
1 1650 8.6 23 0.504239040529363 0.673387096774194 4.11572897031386 3 1 1 
0 1650 8.8 22 0.433709677419355 0.243951612903226 6.30561532179646 2 -1 -1 
1 1660 8.6 23 0.435874089490114 0.649193548387097 6.32995872831682 3 1 1 
0 1660 8.8 22 0.377016129032258 0.290322580645161 3.04138126514911 2 -1 -1 
1 1670 8.6 23 0.48073476702509 0.66633064516129 2.83176468288734 3 1 1 
0 1670 8.8 22 0.393593189964158 0.326612903225806 2.06155281280883 2 -1 -1 
1 1680 8.6 23 0.45800550747443 0.664314516129032 7.51095522609236 3 1 1 
0 1680 8.8 22 0.400744416873449 0.25 35.7945526581909 2 -1 -1 
1 1690 8.6 23 0.457233626588465 0.597782258064516 10.8445583620451 3 1 1 
0 1690 8.8 22 0.417705278592375 0.25 0 2 -1 -1 
1 1700 8.6 23 0.564882697947214 0.517137096774194 9.98764900624275 3 1 1 
0 1700 8.8 22 0.438814866760168 0.310483870967742 0 2 -1 -1 
1 1710 8.6 23 0.524769585253456 0.487903225806452 40.6917086307965 3 1 1 
0 1710 8.8 22 0.410764375876578 0.181451612903226 17.7552809045647 2 -1 -1 
1 1720 8.6 23 0.544018817204301 0.57258064516129 31.1585888829654 3 1 1 
0 1720 8.8 22 0.433563748079877 0.237903225806452 5 2 -1 -1 
1 1730 8.6 23 0.606182795698925 0.707258064516129 6.26193410231175 3 1 1 
0 1730 8.8 22 0.456356736242884 0.186491935483871 12.6425405596772 2 -1 -1 
1 1740 8.6 23 0.535042242703533 0.676612903225806 5.11923039919686 3 1 1 
0 1740 8.8 22 0.359237536656892 0.244623655913978 5.58692286691832 2 -1 -1 
1 1750 8.6 23 0.555065524193548 0.712096774193548 4.8297781821882 3 1 1 
0 1750 8.8 22 0.31619623655914 0.217741935483871 15.6208191837821 2 -1 -1 
1 1760 8.6 23 0.642025089605735 0.787903225806452 5.06842287084091 3 1 1 
0 1760 8.8 22 0.395527859237537 0.163978494623656 15.7997387335596 2 -1 -1 
1 1770 8.6 24 0.57389888337469 0.841129032258064 8.35783563679829 3 2 2 
0 1770 8.8 22 0.241568914956012 0.129032258064516 4.46341889121481 1 -2 -2 
1 1780 8.6 24 0.620266479663394 0.768548387096774 5.68525433830478 3 2 2 
0 1780 8.8 22 0.278225806451613 0.192204301075269 7.57661846528073 1 -2 -2 
1 1790 8.6 24 0.702804252199414 0.625 6.44217745628807 3 2 2 
0 1790 8.8 22 NaN 0.247311827956989 15.8787304664338 1 -2 -2 
1 1800 8.6 24 0.576012354152368 0.462096774193548 17.6087484744875 3 2 2 
0 1800 8.8 22 0.245161290322581 0.272849462365591 23.1294261448956 1 -2 -2 
1 1810 8.6 24 0.53721198156682 0.458870967741936 27.331630031836 3 2 2 
0 1810 8.8 22 0.219086021505376 0.283602150537634 36.9019310866068 1 -2 -2 
1 1820 8.6 24 0.647401433691756 0.416129032258064 23.8729942254342 3 2 2 
0 1820 8.8 22 0.219086021505376 0.221774193548387 15.8530425687862 1 -2 -2 
1 1830 8.6 24 0.51308025177026 0.448387096774194 30.9337296817798 3 2 2 
0 1830 8.8 22 0.280834914611006 0.233870967741935 21.6577509117461 1 -2 -2 
1 1840 8.6 24 0.501304554079696 0.583064516129032 10.6607763569818 3 2 2 
0 1840 8.8 22 0.310035842293907 0.301411290322581 9.723737453886 1 -2 -2 
1 1850 8.6 24 0.643909899888765 0.62258064516129 13.2554196666789 3 2 2 
0 1850 8.8 22 0.301747311827957 0.286290322580645 3.99587741051513 1 -2 -2 
1 1860 8.6 24 0.556350806451613 0.659677419354839 6.61995444087152 3 2 2 
0 1860 8.8 22 0.255292338709677 0.261088709677419 8.45863521590771 1 -2 -2 
1 1870 8.6 24 0.600806451612903 0.729838709677419 6.16571733316411 3 1 2 
0 1870 8.8 23 0.201612903225806 0.215725806451613 3.91443065641488 1 -1 -2 
1 1880 8.6 24 0.704115684093437 0.715322580645161 5.14875698559997 3 1 2 
0 1880 8.8 23 0.234879032258065 0.229838709677419 8.54153421622422 1 -1 -2 
1 1890 8.6 24 0.686400293255132 0.787903225806452 12.2276630718588 3 1 2 
0 1890 8.8 23 0.248271889400922 0.209677419354839 0 1 -1 -2 
1 1900 8.6 24 0.745430107526882 0.829032258064516 7.46383837330559 3 1 2 
0 1900 8.8 23 NaN NaN NaN 1 -1 -2 
1 1910 8.6 24 0.762096774193548 0.82258064516129 6.10139026042689 3 1 2 
0 1910 8.8 23 NaN NaN NaN 1 -1 -2 
