1 30 8 1 NaN 0.303427419354839 25.7683359495927 3 0 0 
0 30 7.2 1 NaN 0.234879032258065 21.2392272334097 3 0 0 
1 40 8 1 NaN 0.347782258064516 29.0069779311025 3 0 0 
0 40 7.2 1 NaN 0.270967741935484 29.6813594190598 3 0 0 
1 50 8 1 0.370967741935484 0.367943548387097 30.5816467121724 3 0 0 
0 50 7.2 1 0.370967741935484 0.365322580645161 36.9396391786394 3 0 0 
1 60 8 1 0.368279569892473 0.456653225806452 25.752878972582 3 0 0 
0 60 7.2 1 0.368279569892473 0.483064516129032 34.7151674476318 3 0 0 
1 70 8 1 0.38125 0.463709677419355 28.0565839049093 3 0 0 
0 70 7.2 1 0.374395161290323 0.498387096774194 33.2054614201043 3 0 0 
1 80 8 1 0.4640603085554 0.42741935483871 35.1352680795449 3 0 0 
0 80 7.2 1 0.490874363327674 0.502016129032258 40.3462223011503 3 0 0 
1 90 8 1 0.400388291517324 0.445161290322581 37.6039620732257 3 0 0 
0 90 7.2 1 0.421956295525494 0.523185483870968 47.0389420836334 3 0 0 
1 100 8 2 0.411290322580645 0.468548387096774 34.5301711650554 3 1 0 
0 100 7.2 1 0.38508064516129 0.463709677419355 42.4928425247626 3 -1 0 
1 110 8 2 0.474193548387097 0.489516129032258 35.5476761432787 3 1 0 
0 110 7.2 1 0.463534361851332 0.436290322580645 35.3805349868257 3 -1 0 
1 120 8 2 0.415012406947891 0.493548387096774 34.6512572225012 3 0 0 
0 120 7.2 2 0.403642936596218 0.470161290322581 27.9136110649087 3 0 0 
1 130 8 3 0.419354838709677 0.484677419354839 35.9046447762681 3 1 0 
0 130 7.2 2 0.387308998302207 0.470967741935484 30.3652000473371 3 -1 0 
1 140 8 3 0.466935483870968 0.496774193548387 34.8378341557529 3 1 0 
0 140 7.2 2 0.459440227703985 0.487903225806452 27.1148043251116 3 -1 0 
1 150 8 3 0.423998044965787 0.485483870967742 25.8383387859079 3 1 0 
0 150 7.2 2 0.386451612903226 0.443548387096774 26.7009353294403 3 -1 0 
1 160 8 3 0.405241935483871 0.420967741935484 24.7088650131946 3 0 0 
0 160 7.2 3 0.393511730205279 0.467741935483871 34.7798502385056 3 0 0 
1 170 8 3 0.477598566308244 0.461290322580645 23.2716453268516 3 0 0 
0 170 7.2 3 0.475322580645161 0.411290322580645 40.5560694898473 3 0 0 
1 180 8 4 0.37316715542522 0.479838709677419 16.5884298499489 3 1 0 
0 180 7.2 3 0.409543010752688 0.399193548387097 25.9201752689105 3 -1 0 
1 190 8 4 0.387768817204301 0.482258064516129 17.1821016497724 3 1 0 
0 190 7.2 3 0.412258064516129 0.414314516129032 7.25542802182986 3 -1 0 
1 200 8 4 0.482022849462366 0.484677419354839 16.6890554456536 3 1 0 
0 200 7.2 3 0.483006912442396 0.380040322580645 38.9151951124488 3 -1 0 
1 210 8 5 0.415322580645161 0.488709677419355 17.0701314848839 3 1 0 
0 210 7.2 4 0.413111342351717 0.344354838709677 38.0604831912852 3 -1 0 
1 220 8 5 0.417876344086021 0.480645161290323 18.9044815270898 3 1 0 
0 220 7.2 4 0.39573732718894 0.363911290322581 31.9210836446152 3 -1 0 
1 230 8 5 0.493130227001195 0.503225806451613 18.6936156257633 3 1 0 
0 230 7.2 4 0.465359237536657 0.413978494623656 11.832570025087 3 -1 0 
1 240 8 6 0.439642137096774 0.490322580645161 18.5708253370615 3 2 0 
0 240 7.2 4 0.381136044880785 0.387096774193548 33.0045025813064 3 -2 0 
1 250 8 6 0.380865102639296 0.471774193548387 22.4749887693442 3 2 0 
0 250 7.2 4 0.382862903225806 0.36491935483871 37.7315027535414 3 -2 0 
1 260 8 6 0.476190476190476 0.475806451612903 19.0141435825155 3 1 0 
0 260 7.2 5 0.479454685099846 0.419354838709677 35.6194107275375 3 -1 0 
1 270 8 6 0.420659392789374 0.47741935483871 21.2863057054481 3 1 0 
0 270 7.2 5 0.402140198511166 0.45 33.8197786214679 3 -1 0 
1 280 8 6 0.412037037037037 0.498387096774194 20.7762938093639 3 1 0 
0 280 7.2 5 0.385630498533724 0.465322580645161 30.1595296535629 3 -1 0 
1 290 8 7 0.496679316888046 0.539516129032258 22.4249247061824 3 2 0 
0 290 7.2 5 0.477570564516129 0.437903225806452 32.4080762037338 3 -2 0 
1 300 8 7 0.428329864724246 0.557258064516129 23.8294176764007 3 1 0 
0 300 7.2 6 0.391465053763441 0.411290322580645 31.5401945435631 3 -1 0 
1 310 8 7 0.388056835637481 0.55241935483871 34.6674433947214 3 1 0 
0 310 7.2 6 0.367996604414261 0.36491935483871 2.99786012838304 3 -1 0 
1 320 8 7 0.47363523573201 0.487903225806452 32.1911082280254 3 1 0 
0 320 7.2 6 0.475604838709677 0.448387096774194 31.9491884556477 3 -1 0 
1 330 8 7 0.413575268817204 0.425806451612903 34.664428808052 3 1 0 
0 330 7.2 6 0.415787841191067 0.494354838709677 31.9775720123978 3 -1 0 
1 340 8 7 0.432503506311361 0.424193548387097 40.3814657183205 3 0 0 
0 340 7.2 7 0.376209677419355 0.471774193548387 35.8588499409088 3 0 0 
1 350 8 8 0.498991935483871 0.462096774193548 38.4970481422302 3 1 0 
0 350 7.2 7 0.477716468590832 0.408870967741935 43.0956627053871 3 -1 0 
1 360 8 8 0.396444281524927 0.471774193548387 24.8895209393789 3 1 0 
0 360 7.2 7 0.409859521331946 0.414516129032258 35.8606171173763 3 -1 0 
1 370 8 8 0.406081989247312 0.469758064516129 25.1350496915186 3 1 0 
0 370 7.2 7 0.373079877112135 0.480645161290323 34.5443037579247 3 -1 0 
1 380 8 8 0.479637096774194 0.484879032258065 28.8293199765359 3 0 0 
0 380 7.2 8 0.469959677419355 0.460483870967742 25.5092665987744 3 0 0 
1 390 8 8 0.416239002932551 0.404838709677419 31.7522069200777 3 0 0 
0 390 7.2 8 0.407661290322581 0.490322580645161 27.7898559914734 3 0 0 
1 400 8 9 0.375960061443932 0.439516129032258 23.1910564001991 3 1 0 
0 400 7.2 8 0.375733137829912 0.492943548387097 27.0192886869965 3 -1 0 
1 410 8 9 0.4466642228739 0.371774193548387 30.7283441917953 3 1 0 
0 410 7.2 8 0.463183730715288 0.524193548387097 16.7272794061058 3 -1 0 
1 420 8 9 0.417251051893408 0.425 13.9206397294747 3 1 0 
0 420 7.2 8 0.381384408602151 0.412903225806452 31.0696820562144 3 -1 0 
1 430 8 9 0.426123271889401 0.478225806451613 14.3600165098845 3 1 0 
0 430 7.2 8 0.394657258064516 0.381451612903226 26.6635085327147 3 -1 0 
1 440 8 9 0.473442714126808 0.488709677419355 10.0407095613984 3 1 0 
0 440 7.2 8 0.471370967741935 0.423387096774194 15.2589929828142 3 -1 0 
1 450 8 9 0.442396313364055 0.474193548387097 10.6339128325779 3 1 0 
0 450 7.2 8 0.373350439882698 0.439516129032258 15.0529173434374 3 -1 0 
1 460 8 9 0.421458625525947 0.468548387096774 7.75623008478381 3 0 0 
0 460 7.2 9 0.384072580645161 0.46875 5.40192428996546 3 0 0 
1 470 8 10 0.456093189964158 0.485483870967742 13.7178271904335 3 1 0 
0 470 7.2 9 0.470897615708275 0.445564516129032 9.47781425834185 3 -1 0 
1 480 8 10 0.418906810035842 0.434677419354839 33.9503537049482 3 1 0 
0 480 7.2 9 0.406979977753059 0.317204301075269 38.4488978241399 3 -1 0 
1 490 8 10 0.432678821879383 0.380645161290323 36.3743065591847 3 1 0 
0 490 7.2 9 0.401497695852535 0.376344086021505 24.7669702875906 3 -1 0 
1 500 8 10 0.466935483870968 0.428225806451613 18.3046351268994 3 1 0 
0 500 7.2 9 0.47799059139785 0.373991935483871 28.9678202000513 3 -1 0 
1 510 8 10 0.411155913978495 0.479838709677419 11.442977529381 3 1 0 
0 510 7.2 9 0.431573802541544 0.367741935483871 38.5279198340905 3 -1 0 
1 520 8 11 0.4283357771261 0.479032258064516 10.7604222194054 3 2 0 
0 520 7.2 9 0.392174432497013 0.434677419354839 30.0869688828962 3 -2 0 
1 530 8 11 0.476851851851852 0.5 3.94697094343622 3 2 0 
0 530 7.2 9 0.472239454094293 0.470967741935484 11.4956335304753 3 -2 0 
1 540 8 11 0.393049155145929 0.499193548387097 4.51524572968475 3 2 0 
0 540 7.2 9 0.41633064516129 0.426075268817204 12.4434026299614 3 -2 0 
1 550 8 11 0.423203812316716 0.505376344086022 3.85303360737082 3 1 0 
0 550 7.2 10 0.406362007168459 0.377688172043011 22.6752074775822 3 -1 0 
1 560 8 11 0.464381720430108 0.505040322580645 12.1267862469804 3 1 0 
0 560 7.2 10 0.480342741935484 0.330645161290323 26.3741744902542 3 -1 0 
1 570 8 11 0.411160249739854 0.492943548387097 6.14602331070232 3 1 0 
0 570 7.2 10 0.428679435483871 0.329838709677419 40.709529123994 3 -1 0 
1 580 8 12 0.420101553166069 0.460685483870968 14.7850894000965 3 2 0 
0 580 7.2 10 0.432891705069124 0.374193548387097 14.8345070138317 3 -2 0 
1 590 8 12 0.518145161290323 0.559475806451613 2.35174491915957 3 2 0 
0 590 7.2 10 0.476755218216319 0.410483870967742 17.4904074372317 3 -2 0 
1 600 8 12 0.450052029136316 0.585685483870968 2.96465666990087 3 2 0 
0 600 7.2 10 0.369354838709677 0.424395161290323 22.1679310547334 3 -2 0 
1 610 8 12 0.38863287250384 0.615322580645161 6.68453081502111 3 2 0 
0 610 7.2 10 0.368279569892473 0.416666666666667 7.69372051890156 3 -2 0 
1 620 8 12 0.505184331797235 0.578629032258065 5.39838551481558 3 1 0 
0 620 7.2 11 0.425806451612903 0.325604838709677 34.9544795212154 3 -1 0 
1 630 8 13 0.462523719165085 0.563172043010753 4.61444045401574 3 2 0 
0 630 7.2 11 0.378681626928471 0.278225806451613 47.0106370941726 3 -2 0 
1 640 8 13 0.423542183622829 0.604838709677419 9.09334263682174 3 2 0 
0 640 7.2 11 0.373271889400922 0.298387096774194 52.6684762893495 3 -2 0 
1 650 8 13 0.526113671274962 0.485887096774194 45.3721375096338 3 2 0 
0 650 7.2 11 0.432512733446519 0.263709677419355 31.5231375525367 3 -2 0 
1 660 8 13 0.45124633431085 0.536290322580645 30.88504070057 3 2 0 
0 660 7.2 11 0.379558204768583 0.370967741935484 35.2352435857683 3 -2 0 
1 670 8 14 0.391129032258065 0.577620967741936 14.1668996751972 3 2 0 
0 670 7.2 12 0.399018232819074 0.416129032258065 34.6394865112916 3 -2 0 
1 680 8 14 0.475382003395586 0.537634408602151 3.1540940609738 3 2 0 
0 680 7.2 12 0.483294930875576 0.47741935483871 30.7801457770812 3 -2 0 
1 690 8 14 0.387096774193548 0.462365591397849 11.8679671240808 3 2 0 
0 690 7.2 12 0.414784946236559 0.486290322580645 32.4153003509448 3 -2 0 
1 700 8 14 0.368145161290323 0.504032258064516 10.7691454567524 3 2 0 
0 700 7.2 12 0.376920122887865 0.451612903225806 7.16774717423797 3 -2 0 
1 710 8 14 0.45946519524618 0.472782258064516 11.3518512095778 3 2 0 
0 710 7.2 12 0.473924731182796 0.473387096774194 33.8453528365148 3 -2 0 
1 720 8 14 0.419489247311828 0.34758064516129 41.5823479849844 3 1 0 
0 720 7.2 13 0.416263440860215 0.426612903225806 29.9712381941528 3 -1 0 
1 730 8 14 0.404905913978495 0.430443548387097 24.1263002330612 3 1 0 
0 730 7.2 13 0.367996604414261 0.380645161290323 27.8793721323137 3 -1 0 
1 740 8 14 0.468052109181141 0.48991935483871 9.78250532003949 3 1 0 
0 740 7.2 13 0.481536502546689 0.423387096774194 10.458975655013 3 -1 0 
1 750 8 15 0.438448766603416 0.47883064516129 6.40918322152142 3 2 0 
0 750 7.2 13 0.377629733520337 0.490927419354839 8.38564421767826 3 -2 0 
1 760 8 15 0.458333333333333 0.472782258064516 6.18860393210595 3 2 0 
0 760 7.2 13 0.368279569892473 0.490591397849462 9.41760893351871 3 -2 0 
1 770 8 15 0.503870967741935 0.5 5.32340373473209 3 2 0 
0 770 7.2 13 0.461100569259962 0.469086021505376 14.7522568201573 3 -2 0 
1 780 8 15 0.469662058371736 0.517137096774194 6.2840423424707 3 2 0 
0 780 7.2 13 0.399529569892473 0.323924731182796 43.3431776233804 3 -2 0 
1 790 8 15 0.470852534562212 0.542338709677419 4.95544132496622 3 2 0 
0 790 7.2 13 0.361954459203036 0.321572580645161 31.5995198052677 3 -2 0 
1 800 8 15 0.577529325513197 0.535282258064516 13.2970696431056 3 2 0 
0 800 7.2 13 0.417626728110599 0.351814516129032 29.1209359346074 3 -2 0 
1 810 8 15 0.515745007680491 0.508064516129032 9.86154146165801 3 1 0 
0 810 7.2 14 0.361352357320099 0.401209677419355 11.4054312238987 3 -1 0 
1 820 8 16 0.493477229601518 0.526881720430108 9.07630921452116 3 2 0 
0 820 7.2 14 0.37258064516129 0.304435483870968 32.9335997820637 3 -2 0 
1 830 8 16 0.565714908456844 0.5 5.46254712711682 3 2 0 
0 830 7.2 14 0.452037351443124 0.346774193548387 31.9361205232984 3 -2 0 
1 840 8 16 0.466957885304659 0.540322580645161 3.17179848064491 3 2 0 
0 840 7.2 14 0.402675953079179 0.409274193548387 27.6044107798757 3 -2 0 
1 850 8 16 0.468672456575682 0.473790322580645 40.1690800994548 3 2 0 
0 850 7.2 14 0.347670250896057 0.369959677419355 8.50046169449312 3 -2 0 
1 860 8 16 0.537096774193548 0.508870967741936 35.5683555130487 3 1 0 
0 860 7.2 15 0.367302052785924 0.30241935483871 19.9314054580178 3 -1 0 
1 870 8 16 0.44758064516129 0.545161290322581 19.101930790477 3 1 0 
0 870 7.2 15 0.366612903225806 0.341935483870968 11.0296002164757 3 -1 0 
1 880 8 16 0.475111234705228 0.513104838709677 25.0758306320697 3 1 0 
0 880 7.2 15 0.376550868486352 0.411290322580645 5.9589071888438 3 -1 0 
1 890 8 16 0.528225806451613 0.485887096774194 23.1109450990167 3 1 0 
0 890 7.2 15 0.436491935483871 0.32258064516129 23.2199775539524 3 -1 0 
1 900 8 17 0.47551140833989 0.455645161290323 25.2768170906519 3 2 0 
0 900 7.2 15 0.344941348973607 0.370161290322581 21.1937012018949 3 -2 0 
1 910 8 17 0.478147762747138 0.479838709677419 14.424235228394 3 2 0 
0 910 7.2 15 0.366625310173697 0.361290322580645 23.5199325380764 3 -2 0 
1 920 8 17 0.58366935483871 0.382056451612903 43.9393240906647 3 1 0 
0 920 7.2 16 0.456378299120235 0.396774193548387 31.8723565521791 3 -1 0 
1 930 8 17 0.481906534325889 0.390120967741936 46.3151264588398 3 1 0 
0 930 7.2 16 0.338306451612903 0.395967741935484 30.7174806992032 3 -1 0 
1 940 8 17 0.443836405529954 0.403225806451613 41.7222052583465 3 1 0 
0 940 7.2 16 0.3678955453149 0.413709677419355 36.0204743718023 3 -1 0 
1 950 8 17 0.497311827956989 0.384072580645161 11.1997618387654 3 1 0 
0 950 7.2 16 0.434934017595308 0.413709677419355 32.0619182027125 3 -1 0 
1 960 8 17 0.42669930875576 0.435483870967742 15.0010148994244 3 1 0 
0 960 7.2 16 0.412130376344086 0.418548387096774 22.1346588079419 3 -1 0 
1 970 8 17 0.400537634408602 0.457661290322581 17.7450230763688 3 1 0 
0 970 7.2 16 0.397089761570827 0.446774193548387 24.0601405712546 3 -1 0 
1 980 8 17 0.459425403225806 0.449596774193548 18.7596928139401 3 0 0 
0 980 7.2 17 0.457130730050934 0.484677419354839 19.6217884549636 3 0 0 
1 990 8 18 0.368145161290323 0.4375 31.1407517470845 3 1 0 
0 990 7.2 17 0.443951612903226 0.493548387096774 25.2266919999682 3 -1 0 
1 1000 8 18 0.368145161290323 0.471774193548387 23.5491302822734 3 1 0 
0 1000 7.2 17 0.409032258064516 0.507258064516129 29.309927033422 3 -1 0 
1 1010 8 18 0.453947368421053 0.46875 24.614912439139 3 1 0 
0 1010 7.2 17 0.443022440392707 0.495161290322581 21.2326447313765 3 -1 0 
1 1020 8 18 0.389784946236559 0.457661290322581 32.0039060116105 3 1 0 
0 1020 7.2 17 0.448521505376344 0.524193548387097 16.888000041648 3 -1 0 
1 1030 8 18 0.371884164222874 NaN NaN 3 0 0 
0 1030 7.2 18 0.431034482758621 0.498387096774194 6.37025022477369 3 0 0 
1 1040 8 18 0.448732718894009 NaN NaN 3 0 0 
0 1040 7.2 18 0.5 0.430645161290323 35.9948622729293 3 0 0 
1 1050 8 18 0.379743833017078 NaN NaN 3 0 0 
0 1050 7.2 18 0.460253456221198 0.438709677419355 32.0250700438702 3 0 0 
1 1060 8 18 0.368279569892473 0.112903225806452 0 3 0 0 
0 1060 7.2 18 0.435901001112347 0.480645161290323 10.2692247902302 3 0 0 
1 1070 8 18 0.431259600614439 0.247983870967742 49.7443464124316 3 0 0 
0 1070 7.2 18 0.483321114369501 0.5 11.8857141883308 3 0 0 
1 1080 8 18 0.399059139784946 0.248655913978495 43.9732307124817 3 -1 0 
0 1080 7.2 19 0.444009216589862 0.562903225806452 13.6208953891506 3 1 0 
1 1090 8 18 0.40383064516129 0.246774193548387 34.3356833793688 3 -1 0 
0 1090 7.2 19 0.47955069124424 0.632258064516129 20.495201834251 3 1 0 
1 1100 8 18 0.458165322580645 0.266129032258065 6.47688233607362 3 -1 0 
0 1100 7.2 19 0.546594982078853 0.637903225806452 17.7547427369681 3 1 0 
1 1110 8 18 0.442876344086022 0.276209677419355 32.4160806542325 3 -2 0 
0 1110 7.2 20 0.488368486352357 0.682258064516129 17.1553125767937 3 2 0 
1 1120 8 19 0.472690615835777 0.276209677419355 30.2120698418243 3 -1 0 
0 1120 7.2 20 0.506612903225806 0.681451612903226 19.7435098014137 3 1 0 
1 1130 8 19 0.560794044665012 0.279233870967742 29.8983083061119 2 -1 -1 
0 1130 7.2 20 0.565601736972705 0.737096774193548 9.68350553597222 3 1 1 
1 1140 8 19 0.511200716845878 0.273185483870968 31.4118575379524 2 -1 -1 
0 1140 7.2 20 0.48312818336163 0.774193548387097 4.57647771600742 3 1 1 
1 1150 8 19 0.499032258064516 0.264112903225806 30.7052158104632 2 -1 -1 
0 1150 7.2 20 0.550883256528418 0.696774193548387 6.05125360172636 3 1 1 
1 1160 8 19 0.619399641577061 0.185483870967742 11.9844039515719 2 -1 -1 
0 1160 7.2 20 0.597638248847926 0.615322580645161 7.56954286123498 3 1 1 
1 1170 8 19 0.450806451612903 0.294354838709677 18.060935188863 2 -1 -1 
0 1170 7.2 20 0.44331119544592 0.567741935483871 3.32930064374711 3 1 1 
1 1180 8 20 0.448387096774194 0.351612903225806 19.9443079736074 2 0 -1 
0 1180 7.2 20 0.500604838709677 0.541666666666667 10.6193912281728 3 0 1 
1 1190 8 20 0.584408602150538 0.40241935483871 22.6846702769433 2 0 -1 
0 1190 7.2 20 0.642741935483871 0.518817204301075 12.3580742960512 3 0 1 
1 1200 8 20 0.462365591397849 0.425806451612903 22.1082859563007 2 0 -1 
0 1200 7.2 20 0.417194700460829 0.419354838709677 9.29303142197293 3 0 1 
1 1210 8 20 0.506878557874763 0.431451612903226 26.8958464711731 2 0 -1 
0 1210 7.2 20 0.501728110599078 0.393817204301075 6.64349616540364 3 0 1 
1 1220 8 20 0.564516129032258 0.551411290322581 4.89957380626605 2 0 -1 
0 1220 7.2 20 0.644937275985663 0.31989247311828 26.542553849695 3 0 1 
1 1230 8 20 0.441532258064516 0.579637096774194 10.8790608839713 2 -1 -1 
0 1230 7.2 21 0.443260368663594 0.330645161290323 17.9232193829665 3 1 1 
1 1240 8 20 0.475268817204301 0.571572580645161 22.1222428890706 2 -1 -1 
0 1240 7.2 21 0.482694892473118 0.354838709677419 5.3553772070337 3 1 1 
1 1250 8 21 0.573821339950372 0.591733870967742 24.3254897916192 2 0 -1 
0 1250 7.2 21 0.562668010752688 0.253024193548387 29.8161142865649 3 0 1 
1 1260 8 21 0.435915898617512 0.54133064516129 17.3290393138259 2 0 -1 
0 1260 7.2 21 0.463587487781036 0.320564516129032 22.847825341315 3 0 1 
1 1270 8 21 0.443817204301075 0.513440860215054 9.76142621971358 2 0 -1 
0 1270 7.2 21 0.505561735261402 0.341733870967742 15.2011903151212 3 0 1 
1 1280 8 21 0.59929435483871 0.517137096774194 6.37492070740428 2 0 -1 
0 1280 7.2 21 0.576762246117085 0.402217741935484 6.02452722041178 3 0 1 
1 1290 8 21 0.405161290322581 0.524193548387097 5.92221190617218 2 0 -1 
0 1290 7.2 21 0.437986651835373 0.442540322580645 7.26739741249169 3 0 1 
1 1300 8 21 0.502150537634409 0.527217741935484 9.45386539094128 2 0 -1 
0 1300 7.2 21 0.434431977559607 0.409274193548387 7.94585879102225 3 0 1 
1 1310 8 21 0.638824884792627 0.492943548387097 2.92951380539215 2 0 -1 
0 1310 7.2 21 0.547547043010753 0.333064516129032 33.9656867974978 3 0 1 
1 1320 8 21 0.433029453015428 0.512096774193548 4.14135047440031 2 0 -1 
0 1320 7.2 21 0.447462049335863 0.329637096774194 38.2197806964151 3 0 1 
1 1330 8 21 0.543202764976959 0.539314516129032 6.34955422845488 2 0 -1 
0 1330 7.2 21 0.539314516129032 0.278225806451613 13.4392400846206 3 0 1 
1 1340 8 21 0.629032258064516 0.72883064516129 5.49782700121213 2 0 -1 
0 1340 7.2 21 0.623138957816377 0.235887096774194 8.85839368896604 3 0 1 
1 1350 8 21 0.386730205278592 0.756048387096774 4.02136125544837 2 0 -1 
0 1350 7.2 21 0.491774193548387 0.1875 9.05900753963741 3 0 1 
1 1360 8 22 0.522058823529412 0.79133064516129 5.19447642857691 2 1 -1 
0 1360 7.2 21 0.523689516129032 0.171370967741935 5.31507290636733 3 -1 1 
1 1370 8 22 0.538187855787476 0.801411290322581 6.3276122990571 2 1 0 
0 1370 7.2 21 0.565577249575552 0.141129032258065 0 2 -1 0 
1 1380 8 22 0.50733137829912 0.825604838709677 6.83652366963944 2 1 0 
0 1380 7.2 21 0.494399641577061 0.139112903225806 6.02079728939615 2 -1 0 
1 1390 8 22 0.482009925558313 0.866935483870968 6.43926162511681 2 1 0 
0 1390 7.2 21 0.565136476426799 0.137096774193548 0 2 -1 0 
1 1400 8 22 0.549627791563275 0.85752688172043 7.03849364249257 2 1 0 
0 1400 7.2 21 0.616625310173697 0.137096774193548 0 2 -1 0 
