1 30 6.6 1 NaN 0.265322580645161 11.3760261465105 3 0 0 
0 30 6.6 1 NaN 0.307459677419355 19.6048372629061 3 0 0 
1 40 6.6 1 NaN 0.308064516129032 20.9054872822762 3 0 0 
0 40 6.6 1 NaN 0.345967741935484 30.4743601480394 3 0 0 
1 50 6.6 1 0.365927419354839 0.386290322580645 24.7617881528336 3 0 0 
0 50 6.6 1 0.36760752688172 0.399193548387097 35.6857854253368 3 0 0 
1 60 6.6 1 0.364247311827957 0.498655913978495 15.0970080150735 3 0 0 
0 60 6.6 1 0.364247311827957 0.518145161290323 13.4947199947308 3 0 0 
1 70 6.6 1 0.438911290322581 0.482862903225806 23.6393892086486 3 0 0 
0 70 6.6 1 0.437903225806452 0.514112903225806 19.0071099500196 3 0 0 
1 80 6.6 1 0.440860215053763 0.470967741935484 29.2199509296476 3 0 0 
0 80 6.6 1 0.473185483870968 0.511088709677419 17.5118392471998 3 0 0 
1 90 6.6 1 0.380208333333333 0.464717741935484 36.2630192852797 3 -1 0 
0 90 6.6 2 0.393145161290323 0.485887096774194 24.9145815169251 3 1 0 
1 100 6.6 1 0.435282258064516 0.491935483870968 37.0562473010933 3 -1 0 
0 100 6.6 2 0.4 0.505040322580645 24.2279203411032 3 1 0 
1 110 6.6 2 0.473973607038123 0.354838709677419 52.66227064675 3 0 0 
0 110 6.6 2 0.445216907675195 0.492943548387097 34.0427456889426 3 0 0 
1 120 6.6 2 0.380960729312763 0.398387096774194 46.8658032082348 3 -1 0 
0 120 6.6 3 0.396401985111663 0.494959677419355 35.3283441447241 3 1 0 
1 130 6.6 2 0.396110056925996 0.480645161290323 40.6480162487072 3 -1 0 
0 130 6.6 3 0.412775891341256 0.491935483870968 40.2188501514235 3 1 0 
1 140 6.6 3 0.458027859237537 0.504032258064516 36.4091218508019 3 0 0 
0 140 6.6 3 0.466733870967742 0.486895161290323 27.4527050444454 3 0 0 
1 150 6.6 3 0.37316715542522 0.491935483870968 35.8457599860511 3 -1 0 
0 150 6.6 4 0.389888337468983 0.430443548387097 34.0680746765297 3 1 0 
1 160 6.6 3 0.432258064516129 0.514516129032258 41.0679966518981 3 -1 0 
0 160 6.6 4 0.415130568356375 0.42258064516129 24.9642177053222 3 1 0 
1 170 6.6 4 0.443028095733611 0.479838709677419 41.0041428456041 3 0 0 
0 170 6.6 4 0.473423753665689 0.445967741935484 35.1523085180812 3 0 0 
1 180 6.6 4 0.415322580645161 0.496774193548387 33.5828430531768 3 0 0 
0 180 6.6 4 0.386451612903226 0.436290322580645 34.3377383320463 3 0 0 
1 190 6.6 4 0.468475073313783 0.489516129032258 39.4885344274949 3 0 0 
0 190 6.6 4 0.38863287250384 0.502016129032258 25.5951538861321 3 0 0 
1 200 6.6 5 0.490285923753666 0.491129032258064 30.8113739896759 3 0 0 
0 200 6.6 5 0.436155913978495 0.479838709677419 34.2086015511733 3 0 0 
1 210 6.6 5 0.419843597262952 0.500806451612903 32.6251558697345 3 0 0 
0 210 6.6 5 0.403485952133195 0.469354838709677 33.0552660853341 3 0 0 
1 220 6.6 5 0.406546489563567 0.500806451612903 37.1939054516173 3 0 0 
0 220 6.6 5 0.422427035330261 0.458870967741935 39.0852924638512 3 0 0 
1 230 6.6 6 0.459475806451613 0.487903225806452 37.8194761504019 3 1 0 
0 230 6.6 5 0.458450210378682 0.453629032258065 40.6935385631743 3 -1 0 
1 240 6.6 6 0.424817898022893 0.495967741935484 32.8560053276062 3 1 0 
0 240 6.6 5 0.394635343618513 0.395161290322581 32.1514502839874 3 -1 0 
1 250 6.6 6 0.438966275659824 0.529032258064516 31.7732267668358 3 0 0 
0 250 6.6 6 0.377217741935484 0.414516129032258 41.4247456500684 3 0 0 
1 260 6.6 7 0.494516129032258 0.502016129032258 29.6155469883362 3 1 0 
0 260 6.6 6 0.430178268251273 0.418548387096774 40.4845902205268 3 -1 0 
1 270 6.6 7 0.445967741935484 0.528225806451613 30.1588064617902 3 1 0 
0 270 6.6 6 0.373422159887798 0.444354838709677 33.0628955917169 3 -1 0 
1 280 6.6 7 0.435291858678955 0.442741935483871 42.1687277400329 3 1 0 
0 280 6.6 6 0.375 0.400806451612903 40.5025700813551 3 -1 0 
1 290 6.6 7 0.466612903225806 0.456451612903226 37.1656931786892 3 0 0 
0 290 6.6 7 0.446908602150538 0.4375 39.2652116819935 3 0 0 
1 300 6.6 7 0.415860215053763 0.490322580645161 35.1254954767178 3 0 0 
0 300 6.6 7 0.410557184750733 0.417338709677419 38.3264154758538 3 0 0 
1 310 6.6 8 0.432795698924731 0.498387096774194 38.6301962110845 3 1 0 
0 310 6.6 7 0.405425219941349 0.401612903225806 47.7138617192891 3 -1 0 
1 320 6.6 8 0.461693548387097 0.505040322580645 35.5652653747236 3 1 0 
0 320 6.6 7 0.441970546984572 0.436290322580645 40.0273246984953 3 -1 0 
1 330 6.6 8 0.437438905180841 0.491935483870968 29.2468016769756 3 1 0 
0 330 6.6 7 0.367851906158358 0.44758064516129 29.2310525047559 3 -1 0 
1 340 6.6 8 0.446236559139785 0.449193548387097 45.2647484919306 3 0 0 
0 340 6.6 8 0.392921146953405 0.438709677419355 27.2066442499635 3 0 0 
1 350 6.6 8 0.495463709677419 0.455645161290323 26.3092167569011 3 0 0 
0 350 6.6 8 0.434475806451613 0.434677419354839 33.824270215998 3 0 0 
1 360 6.6 9 0.411589008363202 0.44758064516129 28.814087398788 3 1 0 
0 360 6.6 8 0.391685205784205 0.476814516129032 28.156378632375 3 -1 0 
1 370 6.6 9 0.399798387096774 0.424193548387097 38.8422528157103 3 1 0 
0 370 6.6 8 0.416422287390029 0.438508064516129 32.9409028108405 3 -1 0 
1 380 6.6 9 0.454133064516129 0.476612903225806 31.9396355369244 3 0 0 
0 380 6.6 9 0.478942652329749 0.455645161290323 30.0880788944071 3 0 0 
1 390 6.6 9 0.398596176821983 0.478225806451613 28.9525332309709 3 0 0 
0 390 6.6 9 0.419484911550468 0.358870967741936 38.2707440494746 3 0 0 
1 400 6.6 9 0.423570381231672 0.483064516129032 30.6986592184673 3 0 0 
0 400 6.6 9 0.375268817204301 0.409677419354839 30.3018853543805 3 0 0 
1 410 6.6 10 0.457258064516129 0.483870967741936 36.0974394329295 3 1 0 
0 410 6.6 9 0.442741935483871 0.365591397849462 42.8775087440655 3 -1 0 
1 420 6.6 10 0.418548387096774 0.475 46.7345331376189 3 1 0 
0 420 6.6 9 0.391612903225807 0.396505376344086 44.2749380480649 3 -1 0 
1 430 6.6 10 0.450911640953717 0.504838709677419 35.3729044673789 3 1 0 
0 430 6.6 9 0.383064516129032 0.340725806451613 42.417824442637 3 -1 0 
1 440 6.6 11 0.456622678396872 0.507258064516129 28.5037236462131 3 1 0 
0 440 6.6 10 0.446572580645161 0.356451612903226 41.2967055363399 3 -1 0 
1 450 6.6 11 0.451612903225806 0.510483870967742 28.1630630622601 3 1 0 
0 450 6.6 10 0.364601018675722 0.412903225806452 33.5041277394031 3 -1 0 
1 460 6.6 11 0.47134974533107 0.548387096774194 32.9676184811583 3 1 0 
0 460 6.6 10 0.375212224108659 0.424193548387097 29.7273914064697 3 -1 0 
1 470 6.6 11 0.468548387096774 0.514516129032258 37.1199651501764 3 1 0 
0 470 6.6 10 0.41823476702509 0.444354838709677 37.8161232239259 3 -1 0 
1 480 6.6 12 0.392977150537634 0.544354838709677 38.6943598903011 3 1 0 
0 480 6.6 11 0.364388794567063 0.415322580645161 34.0690795519503 3 -1 0 
1 490 6.6 12 0.432459677419355 0.560483870967742 39.8916683752374 3 1 0 
0 490 6.6 11 0.395385304659498 0.36491935483871 34.5479616129096 3 -1 0 
1 500 6.6 12 0.458616298811545 0.562903225806452 37.225773477486 3 1 0 
0 500 6.6 11 0.417114695340502 0.317741935483871 37.8048367292096 3 -1 0 
1 510 6.6 12 0.434408602150538 0.538709677419355 22.5216983005638 3 1 0 
0 510 6.6 11 0.362679211469534 0.299731182795699 25.5646129702666 3 -1 0 
1 520 6.6 13 0.470196353436185 0.576612903225806 15.118066914081 3 2 0 
0 520 6.6 11 0.37133431085044 0.401881720430108 34.9682581914448 3 -2 0 
1 530 6.6 13 0.496399769585253 0.625 6.2969388520003 3 2 0 
0 530 6.6 11 0.429435483870968 0.405241935483871 19.9624647776771 3 -2 0 
1 540 6.6 13 0.437365591397849 0.63508064516129 6.14714069814021 3 1 0 
0 540 6.6 12 0.351280834914611 0.278225806451613 35.5014803373032 3 -1 0 
1 550 6.6 13 0.423861480075901 0.670362903225806 4.11618508750508 3 1 0 
0 550 6.6 12 0.385856079404466 0.287298387096774 15.4664116866745 3 -1 0 
1 560 6.6 14 0.457223001402525 0.561290322580645 41.720761229725 3 2 0 
0 560 6.6 12 0.459677419354839 0.292338709677419 6.57974949375653 3 -2 0 
1 570 6.6 14 0.466212458286986 0.565322580645161 34.0698669088391 3 2 0 
0 570 6.6 12 0.430645161290323 0.300403225806452 5.60672646017469 3 -2 0 
1 580 6.6 14 0.50866935483871 0.473387096774194 23.2937451001504 3 2 0 
0 580 6.6 12 0.404648956356736 0.329637096774194 5.07351834848374 3 -2 0 
1 590 6.6 14 0.501512096774194 0.42741935483871 15.0045175311567 3 2 0 
0 590 6.6 12 0.445381231671554 0.384072580645161 19.2973484154643 3 -2 0 
1 600 6.6 14 0.405 0.474193548387097 33.799096800864 3 2 0 
0 600 6.6 12 0.409899888765295 0.401209677419355 28.4389741274965 3 -2 0 
1 610 6.6 14 0.41213921901528 0.442741935483871 26.9426779132421 3 1 0 
0 610 6.6 13 0.438004032258065 0.456653225806452 23.6230674921589 3 -1 0 
1 620 6.6 14 0.449223416965353 0.466129032258065 35.8232973065535 3 1 0 
0 620 6.6 13 0.484237536656892 0.527217741935484 11.5679841669152 3 -1 0 
1 630 6.6 15 0.41506243496358 0.491935483870968 38.1759018987983 3 2 0 
0 630 6.6 13 0.37640252454418 0.558467741935484 7.85859171494483 3 -2 0 
1 640 6.6 15 0.474846390168971 0.528225806451613 41.0015763544702 3 2 0 
0 640 6.6 13 0.364023297491039 0.506048387096774 5.25300207333681 3 -2 0 
1 650 6.6 15 0.488659274193548 0.525806451612903 38.9896089134486 3 2 0 
0 650 6.6 13 0.474565756823821 0.418346774193548 18.912165080115 3 -2 0 
1 660 6.6 15 0.461337760910816 0.62258064516129 40.8713726022271 3 2 0 
0 660 6.6 13 0.338104838709677 0.357258064516129 37.7112884808985 3 -2 0 
1 670 6.6 15 0.488819648093842 0.620967741935484 29.4460021078077 3 2 0 
0 670 6.6 13 0.36491935483871 0.301075268817204 32.2759653297619 3 -2 0 
1 680 6.6 16 0.519466073414905 0.59375 29.050475940292 3 2 0 
0 680 6.6 14 0.417493796526055 0.326612903225806 32.7329964614404 3 -2 0 
1 690 6.6 16 0.441397849462366 0.613911290322581 29.1823498897916 3 2 0 
0 690 6.6 14 0.39986559139785 0.362903225806452 2.06155281280883 3 -2 0 
1 700 6.6 16 0.393817204301075 0.645161290322581 25.0200918297908 3 2 0 
0 700 6.6 14 0.442617866004963 0.293010752688172 30.1063639902391 3 -2 0 
1 710 6.6 16 0.585253456221198 0.581451612903226 46.8660961336303 3 2 0 
0 710 6.6 14 0.448055028462998 0.255040322580645 29.660579970933 3 -2 0 
1 720 6.6 17 0.475439882697947 0.557258064516129 45.5552563018659 3 3 0 
0 720 6.6 14 0.409090909090909 0.21875 14.6079413786299 3 -3 0 
1 730 6.6 17 0.406524926686217 0.515322580645161 39.8418759758703 3 3 0 
0 730 6.6 14 0.475073313782991 0.285282258064516 18.1305514801123 3 -3 0 
1 740 6.6 17 0.422766749379653 0.520967741935484 22.4972404424059 3 3 0 
0 740 6.6 14 0.467741935483871 0.394153225806452 19.3145842526822 3 -3 0 
1 750 6.6 17 0.451052867383513 0.477822580645161 29.1661992906433 3 3 0 
0 750 6.6 14 0.361480075901328 0.355846774193548 4.4261620612139 3 -3 0 
1 760 6.6 17 0.443181818181818 0.570161290322581 25.6101162529063 3 3 0 
0 760 6.6 14 0.365591397849462 0.34375 9.28276224816377 3 -3 0 
1 770 6.6 17 0.503083491461101 0.607258064516129 23.2130329097419 3 2 0 
0 770 6.6 15 0.339421252371917 0.347782258064516 18.382654019729 3 -2 0 
1 780 6.6 17 0.500750187546887 0.691935483870968 16.3602349652693 3 2 0 
0 780 6.6 15 0.31221198156682 0.227150537634409 18.9139899914129 3 -2 0 
1 790 6.6 17 0.494026284348865 0.698387096774194 16.0106295755863 3 2 0 
0 790 6.6 15 0.344758064516129 0.202956989247312 10.9931421140117 3 -2 0 
1 800 6.6 18 0.588073005093379 0.637903225806452 18.7289979961386 3 3 0 
0 800 6.6 15 0.344758064516129 0.297379032258065 12.6860505975359 3 -3 0 
1 810 6.6 18 0.519217570350034 0.606451612903226 23.4473668068112 3 3 0 
0 810 6.6 15 0.314516129032258 0.29133064516129 10.2381099445243 3 -3 0 
1 820 6.6 18 0.493338008415147 0.65 12.8337697489926 3 3 0 
0 820 6.6 15 0.30241935483871 0.236895161290323 15.6456230543263 3 -3 0 
1 830 6.6 18 0.580141129032258 0.723387096774194 4.28551669576933 3 3 0 
0 830 6.6 15 0.294354838709677 0.220161290322581 6.72073409387509 3 -3 0 
1 840 6.6 18 0.504737903225806 0.713709677419355 6.06892601508614 3 3 1 
0 840 6.6 15 0.310752688172043 0.221774193548387 8.07310121115366 2 -3 -1 
1 850 6.6 18 0.50823252688172 0.745967741935484 4.11508377954518 3 3 1 
0 850 6.6 15 0.293850806451613 0.220766129032258 6.78964992187972 2 -3 -1 
1 860 6.6 19 0.587701612903226 0.763709677419355 5.14619352905089 3 3 2 
0 860 6.6 16 0.289426523297491 0.207661290322581 3.97427746020704 1 -3 -2 
1 870 6.6 19 0.524014336917563 0.695161290322581 6.15621510267878 3 3 2 
0 870 6.6 16 0.292931688804554 0.211693548387097 6.53643768419189 1 -3 -2 
1 880 6.6 19 0.562291434927697 0.620161290322581 8.79986364468429 3 3 2 
0 880 6.6 16 0.326612903225806 0.255040322580645 14.8089575288847 1 -3 -2 
1 890 6.6 19 0.598517872711421 0.569354838709677 16.0789607929047 3 3 2 
0 890 6.6 16 0.326612903225806 0.279032258064516 22.4385401171719 1 -3 -2 
1 900 6.6 19 0.512634408602151 0.49758064516129 13.689884885451 3 3 2 
0 900 6.6 16 0.304753820033956 0.323588709677419 27.3873749614539 1 -3 -2 
1 910 6.6 19 0.543309438470729 0.554032258064516 15.1503561343133 3 3 2 
0 910 6.6 16 0.286290322580645 0.324596774193548 22.937907928521 1 -3 -2 
1 920 6.6 19 0.566244239631337 0.668548387096774 27.7105222223667 3 3 2 
0 920 6.6 16 0.279953917050691 0.244959677419355 23.1999287740206 1 -3 -2 
1 930 6.6 19 0.516229838709677 0.662096774193548 31.3052564786265 3 3 2 
0 930 6.6 16 0.33508064516129 0.28125 34.690686987702 1 -3 -2 
1 940 6.6 19 0.482954545454545 0.666935483870968 28.9632496412183 3 3 2 
0 940 6.6 16 0.346774193548387 0.309139784946237 33.9813659668756 1 -3 -2 
1 950 6.6 20 0.595262096774194 0.719758064516129 32.502551691354 3 3 2 
0 950 6.6 17 0.395665322580645 0.25 34.5805085472968 1 -3 -2 
1 960 6.6 20 0.554659498207885 0.694556451612903 21.0658905182199 3 3 2 
0 960 6.6 17 0.28125 0.30510752688172 31.5084235646132 1 -3 -2 
1 970 6.6 20 0.603189149560117 0.696572580645161 6.69270200764413 3 3 2 
0 970 6.6 17 0.348790322580645 0.252016129032258 2.54950975679639 1 -3 -2 
1 980 6.6 20 0.703984819734345 0.715725806451613 27.3879573037576 3 3 2 
0 980 6.6 17 0.369354838709677 0.165322580645161 3.20156211871642 1 -3 -2 
1 990 6.6 20 0.671370967741936 0.70866935483871 32.0392141133054 3 3 2 
0 990 6.6 17 0.325268817204301 0.207661290322581 1.5 1 -3 -2 
1 1000 6.6 20 0.793346774193548 0.645161290322581 37.3363094051889 3 2 2 
0 1000 6.6 18 0.435483870967742 0.186827956989247 8.45789053907363 1 -2 -2 
