1 30 5.4 1 NaN 0.239516129032258 18.5375067353359 3 0 0 
0 30 8.6 1 NaN 0.286290322580645 19.3948211762165 3 0 0 
1 40 5.4 1 NaN 0.320967741935484 24.3141298399011 3 0 0 
0 40 8.6 1 NaN 0.285483870967742 30.0244732645041 3 0 0 
1 50 5.4 1 0.383064516129032 0.354032258064516 26.7561945029747 3 0 0 
0 50 8.6 1 NaN 0.337096774193548 38.0036813917111 3 0 0 
1 60 5.4 1 0.375 0.462096774193548 24.1683165101197 3 0 0 
0 60 8.6 1 0.375 0.483064516129032 31.7193985785554 3 0 0 
1 70 5.4 1 0.374151103565365 0.491935483870968 23.4751842785089 3 0 0 
0 70 8.6 1 0.374151103565365 0.46875 26.6105408467446 3 0 0 
1 80 5.4 1 0.464045698924731 0.483064516129032 24.1553251852578 3 0 0 
0 80 8.6 1 0.458746898263027 0.45866935483871 30.1327378980034 3 0 0 
1 90 5.4 1 0.405728587319244 0.487903225806452 21.9078109881777 3 0 0 
0 90 8.6 1 0.409005376344086 0.487903225806452 27.5710972842238 3 0 0 
1 100 5.4 2 0.446572580645161 0.5 24.2637096466723 3 1 0 
0 100 8.6 1 0.408218125960061 0.463709677419355 29.6273095396953 3 -1 0 
1 110 5.4 2 0.506720430107527 0.516129032258065 23.9601343212246 3 0 0 
0 110 8.6 2 0.470262096774194 0.45866935483871 27.3869029179684 3 0 0 
1 120 5.4 2 0.420295698924731 0.514516129032258 24.0429357831645 3 0 0 
0 120 8.6 2 0.389616935483871 0.429838709677419 25.1597325444203 3 0 0 
1 130 5.4 2 0.387096774193548 0.481451612903226 24.1805084350971 3 0 0 
0 130 8.6 2 0.374596774193548 0.469354838709677 32.9474969419598 3 0 0 
1 140 5.4 3 0.480189340813464 0.523387096774194 25.5971458295382 3 0 0 
0 140 8.6 3 0.486205432937182 0.449193548387097 25.0016466143808 3 0 0 
1 150 5.4 3 0.388104838709677 0.495161290322581 20.0261032362667 3 0 0 
0 150 8.6 3 0.435365275142315 0.475806451612903 27.7789089109017 3 0 0 
1 160 5.4 3 0.374151103565365 0.52258064516129 19.987411124427 3 0 0 
0 160 8.6 3 0.401881720430108 0.457258064516129 31.1818260568418 3 0 0 
1 170 5.4 3 0.470288624787776 0.49758064516129 16.9701200269875 3 0 0 
0 170 8.6 3 0.47700119474313 0.445967741935484 32.9788143563166 3 0 0 
1 180 5.4 3 0.375 0.520161290322581 13.8253733761685 3 0 0 
0 180 8.6 3 0.450230414746544 0.443548387096774 18.7266278915892 3 0 0 
1 190 5.4 4 0.387447405329593 0.504838709677419 18.6041004774218 3 0 0 
0 190 8.6 4 0.404185867895545 0.462701612903226 15.5296013438939 3 0 0 
1 200 5.4 4 0.444032258064516 0.459677419354839 19.091085656849 3 0 0 
0 200 8.6 4 0.473118279569892 0.409274193548387 40.7385968732158 3 0 0 
1 210 5.4 4 0.408964019851117 0.473387096774194 19.8186771918132 3 0 0 
0 210 8.6 4 0.429193548387097 0.462701612903226 23.6618502896178 3 0 0 
1 220 5.4 5 0.424088359046283 0.49758064516129 18.5212786998289 3 1 0 
0 220 8.6 4 0.396434634974533 0.444556451612903 25.9039562794377 3 -1 0 
1 230 5.4 5 0.437762973352034 0.47741935483871 22.6997031604853 3 0 0 
0 230 8.6 5 0.451400679117148 0.475806451612903 19.547706137969 3 0 0 
1 240 5.4 5 0.397849462365591 0.432258064516129 18.9464694101751 3 0 0 
0 240 8.6 5 0.429062126642772 0.465322580645161 32.3916465856772 3 0 0 
1 250 5.4 5 0.444412442396313 0.491129032258064 24.852842807619 3 0 0 
0 250 8.6 5 0.421706989247312 0.483064516129032 37.5562268614757 3 0 0 
1 260 5.4 6 0.478195937873357 0.512903225806452 28.821440821843 3 0 0 
0 260 8.6 6 0.474146110056926 0.441935483870968 42.2329048608639 3 0 0 
1 270 5.4 6 0.435344827586207 0.459677419354839 34.3250988191406 3 0 0 
0 270 8.6 6 0.434838709677419 0.430645161290323 32.6464217027513 3 0 0 
1 280 5.4 6 0.43394777265745 0.485483870967742 32.8975963205549 3 0 0 
0 280 8.6 6 0.396584440227704 0.454032258064516 32.2583504337928 3 0 0 
1 290 5.4 6 0.480571847507331 0.476612903225806 33.5108055620727 3 0 0 
0 290 8.6 6 0.448387096774194 0.408870967741935 40.5840617136934 3 0 0 
1 300 5.4 7 0.430331541218638 0.450604838709677 6.93758704234745 3 0 0 
0 300 8.6 7 0.407258064516129 0.444556451612903 34.7642081183988 3 0 0 
1 310 5.4 7 0.391897081413211 0.477822580645161 15.6306352020044 3 0 0 
0 310 8.6 7 0.423555107526882 0.469758064516129 24.2056388069765 3 0 0 
1 320 5.4 7 0.489516129032258 0.430645161290323 40.9644967561134 3 0 0 
0 320 8.6 7 0.4908357771261 0.409677419354839 33.7871879351602 3 0 0 
1 330 5.4 7 0.414542143600416 0.493548387096774 37.2643688813714 3 0 0 
0 330 8.6 7 0.418346774193548 0.417741935483871 33.7500337111874 3 0 0 
1 340 5.4 7 0.385447214076246 0.495161290322581 37.0476279013098 3 0 0 
0 340 8.6 7 0.396260997067449 0.440322580645161 31.8005065579621 3 0 0 
1 350 5.4 7 0.469864176570458 0.442741935483871 25.6488038106012 3 -1 0 
0 350 8.6 8 0.449915110356537 0.495967741935484 36.9969583115187 3 1 0 
1 360 5.4 8 0.403972520908005 0.484677419354839 22.0320622927998 3 0 0 
0 360 8.6 8 0.420395421436004 0.5 43.8636210885165 3 0 0 
1 370 5.4 8 0.385869565217391 0.501612903225806 15.4482306930522 3 0 0 
0 370 8.6 8 0.416422287390029 0.470766129032258 38.5221930389375 3 0 0 
1 380 5.4 8 0.466935483870968 0.511290322580645 8.44763013981296 3 0 0 
0 380 8.6 8 0.481350806451613 0.471774193548387 39.1264340444283 3 0 0 
1 390 5.4 9 0.426589184060721 0.546774193548387 10.9379699370386 3 1 0 
0 390 8.6 8 0.421594982078853 0.362903225806452 56.8028790700589 3 -1 0 
1 400 5.4 9 0.431916873449131 0.542741935483871 11.8146702044209 3 1 0 
0 400 8.6 8 0.426893408134642 0.410282258064516 50.5428984513622 3 -1 0 
1 410 5.4 9 0.477822580645161 0.524193548387097 11.7005105953577 3 0 0 
0 410 8.6 9 0.451751946607341 0.401612903225806 35.2856061380536 3 0 0 
1 420 5.4 9 0.483989563567362 0.594354838709677 15.708212504178 3 0 0 
0 420 8.6 9 0.431619623655914 0.430443548387097 37.2370749888446 3 0 0 
1 430 5.4 10 0.449596774193548 0.645161290322581 7.29720018214748 3 1 0 
0 430 8.6 9 0.423924731182796 0.358870967741936 40.6156762118047 3 -1 0 
1 440 5.4 10 0.523185483870968 0.57741935483871 21.0648928516832 3 1 0 
0 440 8.6 9 0.459274193548387 0.405241935483871 37.8295918636263 3 -1 0 
1 450 5.4 10 0.430617352614016 0.52258064516129 20.8647086269581 3 1 0 
0 450 8.6 9 0.400645161290323 0.360887096774194 21.3525461644699 3 -1 0 
1 460 5.4 11 0.420866935483871 0.556451612903226 30.2919119188073 3 2 0 
0 460 8.6 9 0.37589605734767 0.357862903225806 21.8485733587772 3 -2 0 
1 470 5.4 11 0.522177419354839 0.571774193548387 27.2689652788912 3 2 0 
0 470 8.6 9 0.421935483870968 0.35241935483871 25.2414136207447 3 -2 0 
1 480 5.4 11 0.462609970674487 0.588709677419355 23.7602673165283 3 1 0 
0 480 8.6 10 0.390524193548387 0.344354838709677 20.4614038858105 3 -1 0 
1 490 5.4 11 0.380305602716469 0.562096774193548 22.8947758594097 3 1 0 
0 490 8.6 10 0.441638370118845 0.389112903225806 26.8048483408933 3 -1 0 
1 500 5.4 11 0.511460101867572 0.412298387096774 25.6505148404144 3 1 0 
0 500 8.6 10 0.463037634408602 0.457661290322581 40.6427307467109 3 -1 0 
1 510 5.4 11 0.481079404466501 0.356854838709677 24.3523943462407 3 1 0 
0 510 8.6 10 0.40937019969278 0.419354838709677 33.9133390081338 3 -1 0 
1 520 5.4 11 0.470800889877642 0.35241935483871 21.5567583273732 3 0 0 
0 520 8.6 11 0.379032258064516 0.398185483870968 34.2071114178235 3 0 0 
1 530 5.4 11 0.561879652605459 0.413709677419355 19.0104626775208 3 0 0 
0 530 8.6 11 0.447343453510436 0.423387096774194 29.6793297519922 3 0 0 
1 540 5.4 12 0.461059907834101 0.478225806451613 16.5061168205386 3 1 0 
0 540 8.6 11 0.394354838709677 0.428225806451613 24.3458955838927 3 -1 0 
1 550 5.4 12 0.420530913978495 0.483870967741936 7.10194939533701 3 1 0 
0 550 8.6 11 0.375 0.438709677419355 33.049982052109 3 -1 0 
1 560 5.4 12 0.4875 0.499193548387097 5.75253305763882 3 1 0 
0 560 8.6 11 0.421370967741936 0.461290322580645 36.8978387390449 3 -1 0 
1 570 5.4 12 0.463916459884202 0.491129032258064 12.5822540381439 3 0 0 
0 570 8.6 12 0.378456221198157 0.48991935483871 27.3051035683418 3 0 0 
1 580 5.4 13 0.46060794044665 0.471774193548387 17.4507649325654 3 1 0 
0 580 8.6 12 0.373991935483871 0.481182795698925 44.7641028673791 3 -1 0 
1 590 5.4 13 0.496588089330025 0.486290322580645 34.0226883760468 3 1 0 
0 590 8.6 12 0.404516129032258 0.487903225806452 55.5899330378646 3 -1 0 
1 600 5.4 13 0.442288306451613 0.566935483870968 52.890496410082 3 1 0 
0 600 8.6 12 0.389043381535039 0.463709677419355 0 3 -1 0 
1 610 5.4 14 0.474510368663594 0.567741935483871 47.3017226020677 3 2 0 
0 610 8.6 12 0.387096774193548 0.25 45.7192519623845 3 -2 0 
1 620 5.4 14 0.536053130929791 0.585483870967742 30.5841731370879 3 2 0 
0 620 8.6 12 0.42741935483871 0.330645161290323 22.5222112591104 3 -2 0 
1 630 5.4 14 0.483326068003487 0.515322580645161 10.287566441831 3 2 0 
0 630 8.6 12 0.339235624123422 0.289314516129032 40.6351075667161 3 -2 0 
1 640 5.4 14 0.506182795698925 0.509677419354839 7.7586849419584 3 2 0 
0 640 8.6 12 0.3515625 0.389112903225806 16.5909762220748 3 -2 0 
1 650 5.4 14 0.586326979472141 0.567741935483871 3.08059275544733 3 2 0 
0 650 8.6 12 0.328965053763441 0.384408602150538 4.61970656855608 3 -2 0 
1 660 5.4 15 0.499697580645161 0.658870967741936 5.03248618684896 3 2 0 
0 660 8.6 13 0.314247311827957 0.30510752688172 17.9465939584557 3 -2 0 
1 670 5.4 15 0.499596774193548 0.689516129032258 3.0145761269734 3 2 0 
0 670 8.6 13 0.324932795698925 0.311827956989247 23.1239836218248 3 -2 0 
1 680 5.4 15 0.569424964936886 0.718548387096774 4.0506895562665 3 2 0 
0 680 8.6 13 0.319168734491315 0.205645161290323 22.0690446831875 3 -2 0 
1 690 5.4 16 0.549479166666667 0.708064516129032 4.5167730427381 3 3 1 
0 690 8.6 13 0.313004032258065 0.201612903225806 17.0111757733567 2 -3 -1 
1 700 5.4 16 0.547188317349608 0.674193548387097 3.9382391318972 3 3 1 
0 700 8.6 13 0.367741935483871 0.260752688172043 6.12203791545666 2 -3 -1 
1 710 5.4 16 0.599137931034483 0.630376344086021 7.63231178799908 3 2 1 
0 710 8.6 14 0.368951612903226 0.32258064516129 8.37726191998346 2 -2 -1 
1 720 5.4 16 0.54317876344086 0.502688172043011 6.77253636019137 3 2 1 
0 720 8.6 14 0.323387096774194 0.379032258064516 14.2340071637057 2 -2 -1 
1 730 5.4 16 0.556345500848896 0.404569892473118 11.2451747372339 3 2 1 
0 730 8.6 14 0.38508064516129 0.368548387096774 40.2825791784852 2 -2 -1 
1 740 5.4 16 0.556451612903226 0.451612903225806 9.9734695595158 3 2 1 
0 740 8.6 14 0.384216589861751 0.357862903225806 42.1705046635391 2 -2 -1 
1 750 5.4 16 0.516549059139785 0.408266129032258 33.8610126166134 3 1 1 
0 750 8.6 15 0.319022770398482 0.473118279569892 22.4750939392264 2 -1 -1 
1 760 5.4 16 0.523617511520737 0.374193548387097 45.2441963994495 3 1 1 
0 760 8.6 15 0.325940860215054 0.493951612903226 3.20156211871642 2 -1 -1 
1 770 5.4 17 0.563455008488964 0.445967741935484 47.1604687734077 3 2 1 
0 770 8.6 15 0.325940860215054 0.408266129032258 48.3921329025587 2 -2 -1 
1 780 5.4 17 0.547611662531017 0.512903225806452 57.0406701841453 3 2 1 
0 780 8.6 15 0.271421370967742 0.370161290322581 27.9332574622289 2 -2 -1 
1 790 5.4 17 0.596561969439728 0.513104838709677 62.5198425821957 3 2 1 
0 790 8.6 15 0.300115207373272 0.241129032258065 19.0496621138037 2 -2 -1 
1 800 5.4 17 0.65104620749782 0.553427419354839 46.6594996566589 3 1 1 
0 800 8.6 16 0.321428571428571 0.274193548387097 18.7942103811808 2 -1 -1 
1 810 5.4 17 0.531309297912713 0.554435483870968 21.9761689341897 3 1 1 
0 810 8.6 16 0.313844086021505 0.290322580645161 10.203372875772 2 -1 -1 
1 820 5.4 17 0.501612903225806 0.596774193548387 7.02079368019724 3 1 1 
0 820 8.6 16 0.387600806451613 0.313172043010753 12.1406664733763 2 -1 -1 
1 830 5.4 17 0.543634792626728 0.609879032258065 5.8338282244649 3 1 1 
0 830 8.6 16 0.388664874551971 0.34005376344086 25.2472806643362 2 -1 -1 
1 840 5.4 17 0.470351043643264 0.575 40.5491143641299 3 1 1 
0 840 8.6 16 0.341621863799283 0.26747311827957 18.4559722577513 2 -1 -1 
1 850 5.4 17 0.493833017077799 0.586290322580645 31.6899580595673 3 1 1 
0 850 8.6 16 0.490591397849462 0.375 43.3882016900309 2 -1 -1 
1 860 5.4 17 0.573588709677419 0.623387096774194 33.9581850707826 3 0 1 
0 860 8.6 17 0.543202764976959 0.367943548387097 45.0499227309198 2 0 -1 
1 870 5.4 18 0.487651209677419 0.606451612903226 32.857266459951 3 1 1 
0 870 8.6 17 0.435483870967742 0.3 35.589960390276 2 -1 -1 
1 880 5.4 18 0.481518817204301 0.634677419354839 35.636915145156 3 1 1 
0 880 8.6 17 0.444700460829493 0.216733870967742 4.31941221517841 2 -1 -1 
1 890 5.4 18 0.483870967741936 0.573387096774194 34.3279474638257 3 1 1 
0 890 8.6 17 0.359543010752688 0.320564516129032 4.0917579053017 2 -1 -1 
1 900 5.4 18 0.459543010752688 0.617741935483871 24.1804743191532 3 1 1 
0 900 8.6 17 0.42442767950052 0.268817204301075 7.386656122559 2 -1 -1 
1 910 5.4 19 0.476507713884993 0.550806451612903 35.7341079576795 3 2 1 
0 910 8.6 17 0.390745007680492 0.243279569892473 8.98704827834902 2 -2 -1 
1 920 5.4 19 0.517977150537634 0.568548387096774 33.4475163163735 3 2 1 
0 920 8.6 17 0.498991935483871 0.228494623655914 10.7869689586421 2 -2 -1 
1 930 5.4 19 0.480594758064516 0.495161290322581 29.9026604339131 3 2 1 
0 930 8.6 17 0.45773596176822 0.368279569892473 2.94729661853645 2 -2 -1 
1 940 5.4 19 0.533134642356241 0.466935483870968 33.3982806873077 3 2 2 
0 940 8.6 17 0.397849462365591 0.469354838709677 41.7919132927386 1 -2 -2 
1 950 5.4 19 0.545595533498759 0.467741935483871 28.7632733291746 3 1 2 
0 950 8.6 18 0.484879032258065 0.436290322580645 54.0922882331802 1 -1 -2 
1 960 5.4 20 0.480342741935484 0.55241935483871 19.5328852768392 3 2 2 
0 960 8.6 18 0.403823178016726 0.352822580645161 14.9783255896347 1 -2 -2 
1 970 5.4 20 0.552893738140418 0.588709677419355 12.6096593100977 3 2 2 
0 970 8.6 18 0.518145161290323 0.38508064516129 6.02079728939615 1 -2 -2 
1 980 5.4 20 0.590570719602978 0.643548387096774 6.67523694057788 3 2 2 
0 980 8.6 18 0.554985337243402 NaN NaN 1 -2 -2 
1 990 5.4 20 0.503360215053763 0.62258064516129 5.04177281027768 3 2 2 
0 990 8.6 18 0.317943548387097 NaN NaN 1 -2 -2 
1 1000 5.4 20 0.668850806451613 0.589516129032258 20.9230597485062 3 2 2 
0 1000 8.6 18 0.379608294930876 NaN NaN 1 -2 -2 
1 1010 5.4 20 0.70221027479092 0.609677419354839 37.5335725915919 3 2 2 
0 1010 8.6 18 0.366071428571429 NaN NaN 1 -2 -2 
1 1020 5.4 21 0.601426799007444 0.604838709677419 44.6205829239075 3 3 3 
0 1020 8.6 18 0.491431451612903 NaN NaN 0 -3 -3 
1 1030 5.4 21 0.787903225806452 0.681451612903226 29.4622449476623 3 3 3 
0 1030 8.6 18 0.759072580645161 0.137096774193548 3 0 -3 -3 
1 1040 5.4 21 0.784274193548387 0.789314516129032 3.95973356689974 3 3 3 
0 1040 8.6 18 0.759072580645161 0.17741935483871 0 0 -3 -3 
