1 30 7.8 1 NaN 0.299193548387097 13.2565879447906 2 0 0 
0 30 10.2 1 NaN 0.37258064516129 28.5937994067047 2 0 0 
1 40 7.8 1 NaN 0.32258064516129 17.4031863742964 2 0 0 
0 40 10.2 1 NaN 0.376612903225806 25.925629324519 2 0 0 
1 50 7.8 1 NaN 0.358064516129032 25.6797185363343 2 0 0 
0 50 10.2 1 NaN 0.433064516129032 20.5890329806542 2 0 0 
1 60 7.8 1 0.383064516129032 0.484677419354839 37.8225837868217 2 0 0 
0 60 10.2 1 0.383064516129032 0.467741935483871 23.9946118481354 2 0 0 
1 70 7.8 1 0.383995037220844 0.469354838709677 36.9047111407589 2 0 0 
0 70 10.2 1 0.382133995037221 0.501612903225806 24.5493645461528 2 0 0 
1 80 7.8 1 0.47394540942928 0.455645161290323 28.564308350153 2 0 0 
0 80 10.2 1 0.486042183622829 0.493548387096774 25.0067567513733 2 0 0 
1 90 7.8 1 0.383064516129032 0.494354838709677 24.7303364285688 2 0 0 
0 90 10.2 1 0.412186379928315 0.485887096774194 37.9686847221404 2 0 0 
1 100 7.8 1 0.392990074441687 0.501612903225806 21.755403619718 2 0 0 
0 100 10.2 1 0.398617511520737 0.383064516129032 45.6541896741503 2 0 0 
1 110 7.8 2 0.466397849462366 0.470967741935484 28.368567404071 2 0 0 
0 110 10.2 2 0.463235294117647 0.416129032258064 44.4770414608195 2 0 0 
1 120 7.8 2 0.411290322580645 0.478225806451613 38.1045580044119 2 0 0 
0 120 10.2 2 0.409629981024668 0.470161290322581 40.2308404641051 2 0 0 
1 130 7.8 2 0.401785714285714 0.466733870967742 30.8809322257324 2 0 0 
0 130 10.2 2 0.415322580645161 0.501612903225806 37.6429404039333 2 0 0 
1 140 7.8 2 0.470307917888563 0.458870967741935 32.0944817587635 2 0 0 
0 140 10.2 2 0.507754342431762 0.483870967741936 32.6902450880249 2 0 0 
1 150 7.8 3 0.40061669829222 0.457258064516129 35.6344696014109 2 1 0 
0 150 10.2 2 0.413306451612903 0.451612903225806 31.9037189021798 2 -1 0 
1 160 7.8 3 0.383064516129032 0.444354838709677 28.1757915031831 2 0 0 
0 160 10.2 3 0.383064516129032 0.441129032258065 23.8350837668665 2 0 0 
1 170 7.8 3 0.497828784119107 0.470967741935484 11.574024741483 2 0 0 
0 170 10.2 3 0.47897465437788 0.47883064516129 12.6680575561227 2 0 0 
1 180 7.8 3 0.412186379928315 0.478225806451613 9.63855625586961 2 0 0 
0 180 10.2 3 0.383064516129032 0.504032258064516 18.6580444934634 2 0 0 
1 190 7.8 4 0.390322580645161 0.485887096774194 10.0733467264925 2 1 0 
0 190 10.2 3 0.402469758064516 0.370967741935484 38.0061936241383 2 -1 0 
1 200 7.8 4 0.489667338709677 0.462701612903226 9.96221255305634 2 1 0 
0 200 10.2 3 0.472248576850095 0.297379032258065 29.9076885416621 2 -1 0 
1 210 7.8 4 0.405123339658444 0.400806451612903 27.7789272614509 2 1 0 
0 210 10.2 3 0.40180265654649 0.310483870967742 31.8516603962896 2 -1 0 
1 220 7.8 4 0.399769585253456 0.40241935483871 14.3296428574323 2 0 0 
0 220 10.2 4 0.417786738351255 0.413709677419355 25.5996955192767 2 0 0 
1 230 7.8 4 0.454459203036053 0.454838709677419 29.9012798866131 2 0 0 
0 230 10.2 4 0.47134974533107 0.475 32.6221403918431 2 0 0 
1 240 7.8 5 0.410104364326376 0.439516129032258 26.763381038676 2 0 0 
0 240 10.2 5 0.455645161290323 0.534677419354839 40.0587979779534 2 0 0 
1 250 7.8 5 0.398745519713262 0.419354838709677 29.6696935188461 2 0 0 
0 250 10.2 5 0.435483870967742 0.55241935483871 39.756901400154 2 0 0 
1 260 7.8 5 0.475 0.410483870967742 30.7050094391981 2 0 0 
0 260 10.2 5 0.540034562211982 0.529032258064516 37.7512194738087 2 0 0 
1 270 7.8 6 0.383064516129032 0.40625 30.3553379395399 2 0 0 
0 270 10.2 6 0.431876061120543 0.574193548387097 38.5793889227785 2 0 0 
1 280 7.8 6 0.383064516129032 0.436491935483871 30.6830359353803 2 0 0 
0 280 10.2 6 0.42741935483871 0.512903225806452 41.8073512961913 2 0 0 
1 290 7.8 6 0.463709677419355 0.365322580645161 39.2809363391349 2 0 0 
0 290 10.2 6 0.50651364764268 0.432258064516129 41.0731216180559 2 0 0 
1 300 7.8 6 0.41044142614601 0.39616935483871 33.0823436623045 2 0 0 
0 300 10.2 6 0.411962365591398 0.47258064516129 37.8686283133846 2 0 0 
1 310 7.8 6 0.439753320683112 0.421370967741936 33.9617387136305 2 0 0 
0 310 10.2 6 0.383064516129032 0.432258064516129 41.5655372935187 2 0 0 
1 320 7.8 6 0.488213399503722 0.42258064516129 39.207341584159 2 -1 0 
0 320 10.2 7 0.478494623655914 0.450806451612903 40.5576786218113 2 1 0 
1 330 7.8 6 0.383064516129032 0.445161290322581 41.7977445011324 2 -1 0 
0 330 10.2 7 0.443899018232819 0.473387096774194 44.8555210542668 2 1 0 
1 340 7.8 7 0.383064516129032 0.446774193548387 36.8875028615228 2 0 0 
0 340 10.2 7 0.432571684587814 0.42258064516129 50.8432647767771 2 0 0 
1 350 7.8 7 0.47363523573201 0.47258064516129 30.6321471427524 2 0 0 
0 350 10.2 7 0.492555831265509 0.491935483870968 46.4897385917314 2 0 0 
1 360 7.8 7 0.415514592933948 0.481451612903226 32.6054267791186 2 0 0 
0 360 10.2 7 0.415994623655914 0.484677419354839 42.4642176313179 2 0 0 
1 370 7.8 7 0.383064516129032 0.468548387096774 32.2690869834897 2 0 0 
0 370 10.2 7 0.423387096774194 0.469354838709677 44.0469571505321 2 0 0 
1 380 7.8 7 0.469758064516129 0.470161290322581 27.6618150131311 2 -1 0 
0 380 10.2 8 0.505893300248139 0.483870967741936 34.3800804462585 2 1 0 
1 390 7.8 7 0.387903225806452 0.481451612903226 14.9911441566379 2 -1 0 
0 390 10.2 8 0.450561009817672 0.506048387096774 26.1773457079568 2 1 0 
1 400 7.8 7 0.383064516129032 0.484879032258065 11.0272947515179 2 -1 0 
0 400 10.2 8 0.449731182795699 0.48991935483871 4.82432046414086 2 1 0 
1 410 7.8 8 0.418621700879765 0.478494623655914 10.7267399199438 2 0 0 
0 410 10.2 8 0.493401759530792 0.382258064516129 27.7835071902673 2 0 0 
1 420 7.8 8 0.379765395894428 0.326612903225806 31.0095134277369 2 0 0 
0 420 10.2 8 0.461451612903226 0.534274193548387 9.61334690211687 2 0 0 
1 430 7.8 8 0.387852822580645 0.271505376344086 25.3133323557704 2 -1 0 
0 430 10.2 9 0.432603686635945 0.504032258064516 7.61577310586391 2 1 0 
1 440 7.8 8 0.433602150537634 0.324596774193548 24.535299751945 2 -1 0 
0 440 10.2 9 0.541253101736973 0.426075268817204 43.311684672277 2 1 0 
1 450 7.8 8 0.401965725806452 0.421370967741936 10.716211035506 2 -1 0 
0 450 10.2 9 0.453995601173021 0.360887096774194 38.1330859331425 2 1 0 
1 460 7.8 9 0.403225806451613 0.393548387096774 22.5784301922997 2 0 0 
0 460 10.2 9 0.383995037220844 0.354838709677419 30.5307878659233 2 0 0 
1 470 7.8 9 0.449344758064516 0.443548387096774 18.0420103307576 2 0 0 
0 470 10.2 9 0.472278225806452 0.443548387096774 16.9016136383983 2 0 0 
1 480 7.8 9 0.429233870967742 0.455645161290323 8.32556728614588 2 0 0 
0 480 10.2 9 0.395430107526882 0.350806451612903 43.4218437821968 2 0 0 
1 490 7.8 9 0.383064516129032 0.458870967741935 10.6771471339628 2 0 0 
0 490 10.2 9 0.422235023041475 0.272849462365591 39.7287534946674 2 0 0 
1 500 7.8 9 0.468672456575682 0.488709677419355 5.0852468796944 2 0 0 
0 500 10.2 9 0.499633431085044 0.384408602150538 15.3940823997545 2 0 0 
1 510 7.8 10 0.411600496277916 0.50241935483871 7.50530776713762 2 1 0 
0 510 10.2 9 0.413187855787476 0.336021505376344 38.575430355429 2 -1 0 
1 520 7.8 10 0.383064516129032 0.496774193548387 9.04828433169783 2 1 0 
0 520 10.2 9 0.421082949308756 0.326612903225806 31.1190409677885 2 -1 0 
1 530 7.8 10 0.473325062034739 0.519354838709677 5.41877143140428 2 1 0 
0 530 10.2 9 0.491935483870968 0.363709677419355 25.3410728948852 2 -1 0 
1 540 7.8 10 0.425 0.491935483870968 6.12632380103259 2 0 0 
0 540 10.2 10 0.42002688172043 0.422379032258065 13.7999139761725 2 0 0 
1 550 7.8 10 0.385752688172043 0.532258064516129 7.16040495235306 2 0 0 
0 550 10.2 10 0.426159274193548 0.409274193548387 5.80417782325929 2 0 0 
1 560 7.8 10 0.461405529953917 0.52116935483871 9.62867783498171 2 0 0 
0 560 10.2 10 0.497119815668203 0.294354838709677 31.4702369100923 2 0 0 
1 570 7.8 10 0.403494623655914 0.401612903225806 25.0012275398366 2 0 0 
0 570 10.2 10 0.436155913978495 0.337903225806452 28.1802647039628 2 0 0 
1 580 7.8 11 0.391129032258065 0.437903225806452 9.99443068049892 2 1 0 
0 580 10.2 10 0.435035842293907 0.411290322580645 27.570886549401 2 -1 0 
1 590 7.8 11 0.450992555831265 0.47741935483871 26.8234051078335 2 1 0 
0 590 10.2 10 0.501485568760611 0.431451612903226 35.055013935394 2 -1 0 
1 600 7.8 11 0.410007331378299 0.504838709677419 39.4525134881685 2 1 0 
0 600 10.2 10 0.417540322580645 0.383870967741935 21.426866683157 2 -1 0 
1 610 7.8 11 0.436757215619694 0.520161290322581 28.6837199835483 2 1 0 
0 610 10.2 10 0.399193548387097 0.391129032258065 23.6193623596591 2 -1 0 
1 620 7.8 11 0.524193548387097 0.540322580645161 26.6424580941349 2 0 0 
0 620 10.2 11 0.474014336917563 0.398387096774194 2.94782651144192 2 0 0 
1 630 7.8 12 0.447412634408602 0.485215053763441 38.8213888179468 2 1 0 
0 630 10.2 11 0.391129032258065 0.393817204301075 3.33326603416473 2 -1 0 
1 640 7.8 12 0.383064516129032 0.469086021505376 30.3561282488939 2 1 0 
0 640 10.2 11 0.383064516129032 0.502688172043011 5.55555555555556 2 -1 0 
1 650 7.8 12 0.486175115207373 0.428763440860215 8.04559423880659 2 1 0 
0 650 10.2 11 0.445719602977668 0.344354838709677 47.0681694967987 2 -1 0 
1 660 7.8 12 0.411290322580645 0.362903225806452 49.2268518866088 2 0 0 
0 660 10.2 12 0.415524193548387 0.338709677419355 34.9229212839673 2 0 0 
1 670 7.8 12 0.403763440860215 0.42741935483871 43.220236392987 2 0 0 
0 670 10.2 12 0.407258064516129 0.394354838709677 25.8575345290288 2 0 0 
1 680 7.8 12 0.483870967741936 0.483870967741936 41.6402943143246 2 0 0 
0 680 10.2 12 0.495018975332068 0.420967741935484 28.8042136732209 2 0 0 
1 690 7.8 13 0.424448217317487 0.495161290322581 43.6229431400495 2 1 0 
0 690 10.2 12 0.410170250896057 0.425 30.3695364197368 2 -1 0 
1 700 7.8 13 0.3984375 0.508064516129032 45.3885067671686 2 1 0 
0 700 10.2 12 0.383064516129032 0.421774193548387 29.7791870598762 2 -1 0 
1 710 7.8 13 0.497983870967742 0.516935483870968 49.998487836197 2 1 0 
0 710 10.2 12 0.477357320099256 0.388709677419355 39.6754908823814 2 -1 0 
1 720 7.8 13 0.411053130929791 0.516935483870968 39.3609416019102 2 1 0 
0 720 10.2 12 0.40070564516129 0.399193548387097 24.568285112266 2 -1 0 
1 730 7.8 13 0.383064516129032 0.465322580645161 27.7495592649623 2 1 0 
0 730 10.2 12 0.383064516129032 0.465322580645161 38.958171228271 2 -1 0 
1 740 7.8 13 0.474654377880184 0.416129032258065 10.8676977213879 2 1 0 
0 740 10.2 12 0.499423963133641 0.469354838709677 22.7104018428794 2 -1 0 
1 750 7.8 13 0.413508064516129 0.45 12.6214473093249 2 0 0 
0 750 10.2 13 0.438879456706282 0.509677419354839 16.6235772505769 2 0 0 
1 760 7.8 13 0.421146953405018 0.437903225806452 3.85380446781837 2 0 0 
0 760 10.2 13 0.383064516129032 0.476612903225806 12.6489072758145 2 0 0 
1 770 7.8 13 0.489369501466276 0.471774193548387 3.84739304534136 2 0 0 
0 770 10.2 13 0.492338709677419 0.495967741935484 5.84033133265744 2 0 0 
1 780 7.8 13 0.45468509984639 0.458064516129032 6.38275418860793 2 0 0 
0 780 10.2 13 0.41676267281106 0.482258064516129 6.62068383406907 2 0 0 
1 790 7.8 13 0.387365591397849 0.515120967741936 5.61079832657961 2 0 0 
0 790 10.2 13 0.401209677419355 0.483870967741936 6.12396682997787 2 0 0 
1 800 7.8 14 0.537096774193548 0.513104838709677 4.82744925675592 2 1 0 
0 800 10.2 13 0.481518817204301 0.455645161290323 5 2 -1 0 
1 810 7.8 14 0.472110215053763 0.494623655913979 7.09235701365257 2 1 0 
0 810 10.2 13 0.385752688172043 0.493951612903226 1.11803398874989 2 -1 0 
1 820 7.8 14 0.449820788530466 0.466397849462366 18.1182130816292 2 1 0 
0 820 10.2 13 0.411290322580645 0.419354838709677 14.7054411698527 2 -1 0 
1 830 7.8 15 0.575268817204301 0.414314516129032 34.5151265182514 2 2 0 
0 830 10.2 13 0.516129032258065 0.266129032258065 36.6054901692335 2 -2 0 
1 840 7.8 15 0.482809847198642 0.381451612903226 31.1403108247042 2 1 0 
0 840 10.2 14 0.386859582542694 0.270967741935484 29.8127318237896 2 -1 0 
1 850 7.8 15 0.43125 0.436290322580645 18.5538512881461 2 1 0 
0 850 10.2 14 0.41647465437788 0.301612903225806 30.6476014570826 2 -1 0 
1 860 7.8 15 0.482190860215054 0.480645161290323 11.5950738379209 2 1 0 
0 860 10.2 14 0.446236559139785 0.389516129032258 18.9251705961674 2 -1 0 
1 870 7.8 15 0.44758064516129 0.523387096774194 6.43275616687607 2 1 0 
0 870 10.2 14 0.376344086021505 0.429838709677419 4.13910375805886 2 -1 0 
1 880 7.8 15 0.39602534562212 0.52741935483871 9.21908280306589 2 1 0 
0 880 10.2 14 0.383064516129032 0.430645161290323 4.14050048115888 2 -1 0 
1 890 7.8 16 0.495967741935484 0.540322580645161 10.1980258534764 2 1 0 
0 890 10.2 15 0.415658602150538 0.395161290322581 4.61494684737767 2 -1 0 
1 900 7.8 16 0.460685483870968 0.553427419354839 9.68625670261352 2 1 0 
0 900 10.2 15 0.355769230769231 0.451612903225806 4.43315916957293 2 -1 0 
1 910 7.8 16 0.40851814516129 0.580645161290323 0.853553390593274 2 1 0 
0 910 10.2 15 0.368663594470046 0.413306451612903 2.06155281280883 2 -1 0 
1 920 7.8 17 0.56341642228739 0.618279569892473 5.69864946384911 2 2 0 
0 920 10.2 15 0.391417050691244 0.268145161290323 35.9339672176619 2 -2 0 
1 930 7.8 17 0.495967741935484 0.64247311827957 4.56535550613992 2 2 0 
0 930 10.2 15 0.346505376344086 0.217741935483871 16.4012194668567 2 -2 0 
1 940 7.8 17 0.411038306451613 0.440524193548387 44.3902660138889 2 2 0 
0 940 10.2 15 0.357862903225806 0.213709677419355 21.2891170607803 2 -2 0 
1 950 7.8 17 0.585410557184751 0.391129032258065 31.5631326492041 2 1 0 
0 950 10.2 16 0.3841642228739 0.325604838709677 32.1585585694573 2 -1 0 
1 960 7.8 17 0.507289081885856 0.338709677419355 17.6314788659135 2 1 0 
0 960 10.2 16 0.379608294930876 0.295967741935484 27.6273113732487 2 -1 0 
1 970 7.8 17 0.434422750424448 0.342741935483871 27.591754828957 2 1 0 
0 970 10.2 16 0.383064516129032 0.390322580645161 24.0895821658635 2 -1 0 
1 980 7.8 17 0.472394540942928 0.459677419354839 28.5468496404774 2 1 0 
0 980 10.2 16 0.465437788018433 0.420967741935484 40.0054406131674 2 -1 0 
1 990 7.8 17 0.447782258064516 0.529569892473118 13.9864224247453 2 0 0 
0 990 10.2 17 0.400254668930391 0.413709677419355 18.5849956867042 2 0 0 
1 1000 7.8 17 0.383064516129032 0.510752688172043 10.6668196667669 2 0 0 
0 1000 10.2 17 0.397770398481973 0.42741935483871 9.28847220199003 2 0 0 
1 1010 7.8 17 0.46060794044665 0.432795698924731 10.784480120395 2 0 0 
0 1010 10.2 17 0.469758064516129 0.413709677419355 31.529144970511 2 0 0 
1 1020 7.8 17 0.380645161290323 0.456989247311828 10.7203816379145 2 0 0 
0 1020 10.2 17 0.47911866359447 0.396774193548387 28.9987151482316 2 0 0 
1 1030 7.8 17 0.383064516129032 0.487903225806452 6.31891336224411 2 0 0 
0 1030 10.2 17 0.431227598566308 0.430645161290323 8.97865058269008 2 0 0 
1 1040 7.8 17 0.393951612903226 0.256720430107527 39.0130244705247 2 0 0 
0 1040 10.2 17 0.601478494623656 0.525806451612903 7.9244933509645 2 0 0 
1 1050 7.8 17 0.373991935483871 0.295698924731183 14.5415691464024 2 0 0 
0 1050 10.2 17 0.494318181818182 0.499193548387097 7.8544076222302 2 0 0 
1 1060 7.8 17 0.383064516129032 0.399193548387097 15.2467950212608 2 0 0 
0 1060 10.2 17 0.435035842293907 0.468548387096774 6.6360409658776 2 0 0 
1 1070 7.8 17 0.42741935483871 0.473118279569892 14.6807256127169 2 0 0 
0 1070 10.2 17 0.455645161290323 0.442741935483871 2.5138303858429 2 0 0 
1 1080 7.8 18 0.383064516129032 0.470430107526882 15.7166320828355 2 0 0 
0 1080 10.2 18 0.457056451612903 0.437903225806452 4.84892865056532 2 0 0 
1 1090 7.8 18 0.383064516129032 0.316129032258065 38.62052719777 2 0 0 
0 1090 10.2 18 0.404737903225806 0.432258064516129 18.7157799130786 2 0 0 
1 1100 7.8 18 0.460253456221198 0.391935483870968 22.8624269308954 2 0 0 
0 1100 10.2 18 0.487327188940092 0.462096774193548 33.1995056338856 2 0 0 
1 1110 7.8 18 0.402277039848197 0.434475806451613 11.0739962710894 2 0 0 
0 1110 10.2 18 0.442671809256662 0.495161290322581 26.3807860767404 2 0 0 
1 1120 7.8 18 0.379765395894428 0.420362903225806 13.019578460624 2 -1 0 
0 1120 10.2 19 0.453225806451613 0.543548387096774 25.1083042241676 2 1 0 
1 1130 7.8 18 0.327284946236559 0.345766129032258 15.2365783750681 2 -1 0 
0 1130 10.2 19 0.615874363327674 0.601612903225806 24.2966597116343 2 1 0 
1 1140 7.8 18 0.294354838709677 0.315524193548387 11.9963777946968 2 -1 0 
0 1140 10.2 19 0.512374860956618 0.683870967741935 22.0390275642822 2 1 0 
1 1150 7.8 18 0.287298387096774 0.297379032258065 11.0851577209073 2 -1 0 
0 1150 10.2 19 0.475403225806452 0.695967741935484 18.3284393037487 2 1 0 
1 1160 7.8 18 NaN 0.318548387096774 27.4277854703371 2 -1 0 
0 1160 10.2 19 0.629743833017078 0.616129032258065 23.0478279557863 2 1 0 
1 1170 7.8 19 0.300403225806452 0.349193548387097 30.9237251436391 2 0 0 
0 1170 10.2 19 0.5 0.485887096774194 25.6434124560066 2 0 0 
1 1180 7.8 19 0.366315136476427 0.343548387096774 24.0252418334413 2 0 0 
0 1180 10.2 19 0.469153225806452 0.480846774193548 25.624963085828 2 0 0 
1 1190 7.8 19 0.366315136476427 0.363709677419355 21.0408427198837 2 -1 0 
0 1190 10.2 20 0.595910138248848 0.465725806451613 21.285878535177 2 1 0 
1 1200 7.8 19 0.395609318996416 0.459677419354839 11.8957933714994 2 -1 0 
0 1200 10.2 20 0.48258064516129 0.508064516129032 24.9957992522411 2 1 0 
1 1210 7.8 19 0.415012406947891 0.482258064516129 7.38661904617608 2 -1 0 
0 1210 10.2 20 0.46491935483871 0.474798387096774 13.9513058275979 2 1 0 
1 1220 7.8 19 0.486070381231672 0.482258064516129 10.9800183581497 2 -1 0 
0 1220 10.2 20 0.567036290322581 0.453629032258065 11.7548080767433 2 1 0 
1 1230 7.8 19 0.333436724565757 0.506451612903226 4.11744716575551 2 -1 0 
0 1230 10.2 20 0.480769230769231 0.383870967741935 26.1686134377708 2 1 0 
1 1240 7.8 19 0.370967741935484 0.42258064516129 6.32966038635017 2 -1 0 
0 1240 10.2 20 0.444668458781362 0.418548387096774 23.8328337654539 2 1 0 
1 1250 7.8 20 0.474078341013825 0.420967741935484 18.9381287532449 2 0 0 
0 1250 10.2 20 0.588709677419355 0.37258064516129 3.84994696116452 2 0 0 
1 1260 7.8 20 0.318181818181818 0.45241935483871 23.8754375364988 2 0 0 
0 1260 10.2 20 0.474754558204769 0.458870967741936 10.6846568862728 2 0 0 
1 1270 7.8 20 0.341397849462366 0.45241935483871 20.7069357886386 2 0 0 
0 1270 10.2 20 0.458909370199693 0.480645161290323 16.7077094801526 2 0 0 
1 1280 7.8 20 0.342237903225806 0.46875 8.64682217955432 2 0 0 
0 1280 10.2 20 0.588709677419355 0.504032258064516 6.39524662652961 2 0 0 
1 1290 7.8 20 0.309475806451613 0.479838709677419 6.02221562917659 2 0 0 
0 1290 10.2 20 0.516129032258065 0.520161290322581 4.12310562561766 2 0 0 
1 1300 7.8 20 0.327284946236559 0.527217741935484 10.327072430894 2 0 0 
0 1300 10.2 20 0.500350631136045 NaN NaN 2 0 0 
1 1310 7.8 20 0.327284946236559 0.581653225806452 16.1318551330037 2 0 0 
0 1310 10.2 20 0.649193548387097 NaN NaN 2 0 0 
1 1320 7.8 21 0.31606699751861 0.444556451612903 19.5048956107058 2 1 0 
0 1320 10.2 20 0.521273637374861 NaN NaN 2 -1 0 
1 1330 7.8 21 0.349546370967742 0.453629032258065 22.8471480530976 2 1 0 
0 1330 10.2 20 0.486175115207373 NaN NaN 2 -1 0 
1 1340 7.8 21 0.349546370967742 0.405241935483871 16.1226607709535 2 1 0 
0 1340 10.2 20 0.625 NaN NaN 2 -1 0 
1 1350 7.8 21 0.394354838709677 0.379032258064516 24.8859308537271 2 1 0 
0 1350 10.2 20 0.459293394777266 0.137096774193548 4.66961951333465 2 -1 0 
1 1360 7.8 21 0.430806451612903 0.435483870967742 22.0422136122199 2 1 0 
0 1360 10.2 20 0.383064516129032 0.205645161290323 17.7421532862998 2 -1 0 
1 1370 7.8 21 0.513064516129032 0.551612903225806 16.6303089695783 2 0 0 
0 1370 10.2 21 0.466733870967742 0.245161290322581 23.2353363202604 2 0 0 
1 1380 7.8 21 0.49719982078853 0.638709677419355 10.9633502062232 2 0 0 
0 1380 10.2 21 0.357940446650124 0.285483870967742 4.87543298429007 2 0 0 
1 1390 7.8 21 0.458064516129032 0.658266129032258 7.21389912141003 2 0 0 
0 1390 10.2 21 0.357661290322581 0.309677419354839 5.80068559300157 2 0 0 
1 1400 7.8 21 0.570322580645161 0.667338709677419 3.0996721728992 2 0 0 
0 1400 10.2 21 0.401612903225806 0.314516129032258 4.76290071851573 2 0 0 
1 1410 7.8 21 0.544802867383513 0.626008064516129 7.11943763641943 2 0 0 
0 1410 10.2 21 0.290322580645161 0.289314516129032 6.58338623567855 2 0 0 
1 1420 7.8 22 0.555840664711632 0.631720430107527 4.38038754158096 2 1 1 
0 1420 10.2 21 NaN 0.303427419354839 1.54822601875876 1 -1 -1 
1 1430 7.8 22 0.658343672456576 0.669354838709677 9.17738862809595 2 1 1 
0 1430 10.2 21 NaN 0.29133064516129 7.62768197099943 1 -1 -1 
1 1440 7.8 22 0.549217267552182 0.56989247311828 36.7493737948363 2 1 1 
0 1440 10.2 21 0.343672456575682 0.363911290322581 7.99395670448069 1 -1 -1 
1 1450 7.8 22 0.441980286738351 0.357862903225806 43.9459092308831 2 1 1 
0 1450 10.2 21 0.381552419354839 0.329637096774194 29.5403555130489 1 -1 -1 
1 1460 7.8 22 0.552785923753666 0.354838709677419 34.449491804024 2 0 1 
0 1460 10.2 22 0.466733870967742 0.324596774193548 38.5919572429643 1 0 -1 
1 1470 7.8 22 0.425521821631879 0.432459677419355 32.4284328620824 2 0 1 
0 1470 10.2 22 0.415012406947891 0.381048387096774 30.8596486869589 1 0 -1 
1 1480 7.8 22 0.384139784946237 0.433870967741935 36.6640421552638 2 0 1 
0 1480 10.2 22 0.383064516129032 0.405645161290323 47.1675000482566 1 0 -1 
1 1490 7.8 22 0.43508064516129 0.384072580645161 15.27780600202 2 0 1 
0 1490 10.2 22 0.432459677419355 0.449596774193548 33.6393761627248 1 0 -1 
1 1500 7.8 22 0.387903225806452 0.397177419354839 5.16093724256222 2 0 1 
0 1500 10.2 22 0.460626185958254 0.5 25.6534015629621 1 0 -1 
1 1510 7.8 22 0.383870967741936 0.491935483870968 4.65982087309949 2 0 1 
0 1510 10.2 22 0.39247311827957 0.435483870967742 20.0076062438108 1 0 -1 
1 1520 7.8 22 0.442972350230415 0.451612903225806 11.2892618777213 2 0 1 
0 1520 10.2 22 0.474596774193548 0.376008064516129 14.3715437900795 1 0 -1 
1 1530 7.8 22 0.400806451612903 0.44758064516129 18.9708065794068 2 0 1 
0 1530 10.2 22 0.440322580645161 0.425403225806452 24.6228845212918 1 0 -1 
1 1540 7.8 22 0.384408602150538 0.44758064516129 18.0239480838134 2 0 1 
0 1540 10.2 22 0.407732447817837 0.46875 14.1084226398823 1 0 -1 
1 1550 7.8 22 0.456182795698925 0.373387096774194 28.8390560961577 2 0 1 
0 1550 10.2 22 0.491935483870968 0.51008064516129 3.40975968598815 1 0 -1 
1 1560 7.8 22 0.44047619047619 0.399193548387097 14.852805336757 2 0 1 
0 1560 10.2 22 0.446650124069479 0.420362903225806 35.6738669535555 1 0 -1 
1 1570 7.8 23 0.438306451612903 0.4375 9.83522156053159 2 1 1 
0 1570 10.2 22 0.408602150537634 0.401209677419355 26.6692707061892 1 -1 -1 
1 1580 7.8 23 0.538978494623656 0.502016129032258 6.76127813468473 2 1 1 
0 1580 10.2 22 0.461290322580645 0.443548387096774 1.11803398874989 1 -1 -1 
1 1590 7.8 23 0.494106699751861 0.564516129032258 7.72488719958854 2 1 1 
0 1590 10.2 22 0.402295285359802 0.362903225806452 7.15891053163818 1 -1 -1 
1 1600 7.8 23 0.519489247311828 0.577956989247312 5.50569801846026 2 1 1 
0 1600 10.2 22 0.438585607940447 0.245967741935484 20.0062490237426 1 -1 -1 
1 1610 7.8 23 0.587173579109063 0.52116935483871 9.56736945294553 2 1 1 
0 1610 10.2 22 0.458870967741936 0.243951612903226 5.1478150704935 1 -1 -1 
1 1620 7.8 23 0.53125 0.525201612903226 8.74554878628321 2 0 1 
0 1620 10.2 23 0.452788978494624 0.25 24.2813391566071 1 0 -1 
1 1630 7.8 23 0.383064516129032 0.440322580645161 30.0699723736502 2 0 1 
0 1630 10.2 23 0.441532258064516 0.259408602150538 25.2910678080566 1 0 -1 
1 1640 7.8 23 0.411290322580645 0.42741935483871 17.7840465171646 2 0 1 
0 1640 10.2 23 0.491935483870968 0.25 25.1747841285866 1 0 -1 
1 1650 7.8 23 0.459852734922861 0.504032258064516 19.2857782416155 2 0 1 
0 1650 10.2 23 0.392857142857143 0.331451612903226 6.56975625494469 1 0 -1 
1 1660 7.8 23 0.473877980364656 0.634677419354839 12.5641524967746 2 0 1 
0 1660 10.2 23 0.346774193548387 0.29133064516129 5.10705351013917 1 0 -1 
1 1670 7.8 23 0.605062724014337 0.686290322580645 7.13963967590494 2 0 2 
0 1670 10.2 23 0.356854838709677 0.224798387096774 7.74510635874076 0 0 -2 
1 1680 7.8 24 0.647177419354839 0.729032258064516 9.41649873857578 2 1 2 
0 1680 10.2 23 0.278225806451613 0.243951612903226 1.58113883008419 0 -1 -2 
1 1690 7.8 24 0.701164874551971 0.735483870967742 6.99800567261333 2 1 2 
0 1690 10.2 23 0.233870967741935 0.233870967741935 0 0 -1 -2 
1 1700 7.8 24 0.728494623655914 0.785483870967742 5.60044856978651 2 1 2 
0 1700 10.2 23 NaN 0.217741935483871 0 0 -1 -2 
