1 30 6.8 1 NaN 0.262903225806452 18.1786891000048 2 0 0 
0 30 9.2 1 NaN 0.350806451612903 37.8168949779723 2 0 0 
1 40 6.8 1 NaN 0.29758064516129 23.5035835264898 2 0 0 
0 40 9.2 1 NaN 0.392137096774194 35.9381672403194 2 0 0 
1 50 6.8 1 0.370967741935484 0.363709677419355 33.1246877501583 2 0 0 
0 50 9.2 1 0.380645161290323 0.413306451612903 38.0862312760369 2 0 0 
1 60 6.8 1 0.383064516129032 0.486290322580645 45.7766330015341 2 0 0 
0 60 9.2 1 0.383064516129032 0.448588709677419 37.8985949307202 2 0 0 
1 70 6.8 1 0.42090570719603 0.498387096774194 39.521408054704 2 0 0 
0 70 9.2 1 0.442876344086022 0.448588709677419 38.879147361612 2 0 0 
1 80 6.8 1 0.520471464019851 0.508064516129032 38.7463181639625 2 0 0 
0 80 9.2 1 0.424283154121864 0.445564516129032 37.6366371504837 2 0 0 
1 90 6.8 1 0.405241935483871 0.52741935483871 39.0168673375534 2 0 0 
0 90 9.2 1 0.383064516129032 0.442540322580645 36.8442140011289 2 0 0 
1 100 6.8 1 0.405241935483871 0.483870967741936 42.0294560320751 2 0 0 
0 100 9.2 1 0.414589442815249 0.440524193548387 34.5575669788158 2 0 0 
1 110 6.8 2 0.510215053763441 0.515322580645161 38.2450133508341 2 0 0 
0 110 9.2 2 0.370967741935484 0.424395161290323 35.0983167363234 2 0 0 
1 120 6.8 2 0.395161290322581 0.528225806451613 30.7938336387084 2 0 0 
0 120 9.2 2 0.383064516129032 0.432459677419355 37.3818373545905 2 0 0 
1 130 6.8 2 0.405241935483871 0.440322580645161 48.0338811256107 2 0 0 
0 130 9.2 2 0.407258064516129 0.452620967741936 37.6741531851853 2 0 0 
1 140 6.8 2 0.511232718894009 0.470967741935484 36.957451857795 2 0 0 
0 140 9.2 2 0.464516129032258 0.45866935483871 38.92497240651 2 0 0 
1 150 6.8 3 0.41342504743833 0.45241935483871 30.3965963290934 2 0 0 
0 150 9.2 3 0.404411764705882 0.455645161290323 36.1192109957183 2 0 0 
1 160 6.8 3 0.404665898617512 0.470967741935484 16.3303486258709 2 0 0 
0 160 9.2 3 0.397513440860215 0.453225806451613 24.4778670466209 2 0 0 
1 170 6.8 3 0.482358870967742 0.440322580645161 27.1521068375844 2 0 0 
0 170 9.2 3 0.4625 0.482258064516129 22.2228710693782 2 0 0 
1 180 6.8 3 0.435117302052786 0.45241935483871 28.4517975153668 2 0 0 
0 180 9.2 3 0.398655913978495 0.483870967741936 21.4737933499745 2 0 0 
1 190 6.8 3 0.469758064516129 0.484677419354839 20.8127490636012 2 0 0 
0 190 9.2 3 0.397429435483871 0.47258064516129 20.1811527785299 2 0 0 
1 200 6.8 4 0.495967741935484 0.486290322580645 13.4094781570421 2 0 0 
0 200 9.2 4 0.464019851116625 0.433064516129032 17.9456487039935 2 0 0 
1 210 6.8 4 0.415796963946869 0.462903225806452 19.1708114191245 2 0 0 
0 210 9.2 4 0.427923387096774 0.487903225806452 21.4421500248969 2 0 0 
1 220 6.8 4 0.413771712158809 0.460483870967742 19.9574276455792 2 0 0 
0 220 9.2 4 0.378629032258065 0.48991935483871 20.8331890503082 2 0 0 
1 230 6.8 4 0.497479838709677 0.430645161290323 16.3089460111463 2 0 0 
0 230 9.2 4 0.499327956989247 0.511088709677419 22.7991843003724 2 0 0 
1 240 6.8 5 0.395698924731183 0.448387096774194 9.61557750927368 2 1 0 
0 240 9.2 4 0.410618279569893 0.46875 31.7232517247884 2 -1 0 
1 250 6.8 5 0.383995037220844 0.434677419354839 3.10449550723158 2 0 0 
0 250 9.2 5 0.393145161290323 0.461021505376344 26.5419875446244 2 0 0 
1 260 6.8 6 0.469913151364764 0.432258064516129 34.1261620942432 2 1 0 
0 260 9.2 5 0.473655913978495 0.358870967741936 29.3856249404163 2 -1 0 
1 270 6.8 6 0.440284178187404 0.488709677419355 29.2668550181773 2 1 0 
0 270 9.2 5 0.397933467741936 0.375 39.5918765309003 2 -1 0 
1 280 6.8 6 0.410980148883375 0.534677419354839 29.3796218527017 2 1 0 
0 280 9.2 5 0.395781637717122 0.387903225806452 36.5188963399064 2 -1 0 
1 290 6.8 7 0.553629032258065 0.57258064516129 25.3890145253148 2 2 0 
0 290 9.2 5 0.379032258064516 0.374193548387097 34.0609086703851 2 -2 0 
1 300 6.8 7 0.480645161290323 0.570161290322581 26.0286777708368 2 1 0 
0 300 9.2 6 0.362615207373272 0.349193548387097 33.7407035200776 2 -1 0 
1 310 6.8 7 0.526497695852535 0.57258064516129 27.1753484418805 2 1 0 
0 310 9.2 6 0.360887096774194 0.346774193548387 22.0231331819101 2 -1 0 
1 320 6.8 7 0.616202346041056 0.618548387096774 21.0926165975596 2 1 0 
0 320 9.2 6 NaN 0.283266129032258 18.568616323533 2 -1 0 
1 330 6.8 8 0.484206989247312 0.54758064516129 30.4875751155896 2 2 0 
0 330 9.2 6 0.313940092165899 0.306451612903226 12.3035690285106 2 -2 0 
1 340 6.8 8 0.476992409867173 0.465322580645161 31.0158958749749 2 2 0 
0 340 9.2 6 0.395527859237537 0.368951612903226 25.558033896071 2 -2 0 
1 350 6.8 8 0.591733870967742 0.390322580645161 24.5880590010436 2 2 0 
0 350 9.2 6 0.395527859237537 0.376008064516129 19.8275343713832 2 -2 0 
1 360 6.8 8 0.485111662531017 0.420967741935484 23.672227570019 2 1 0 
0 360 9.2 7 0.342741935483871 0.415322580645161 25.4818705977671 2 -1 0 
1 370 6.8 8 0.412903225806452 0.484677419354839 9.58859093793988 2 1 0 
0 370 9.2 7 0.363575268817204 0.40625 24.7397878416774 2 -1 0 
1 380 6.8 8 0.58965844402277 0.594354838709677 7.08477059625981 2 1 0 
0 380 9.2 7 0.365322580645161 0.339717741935484 22.7332995466671 2 -1 0 
1 390 6.8 8 0.501152073732719 0.549193548387097 18.3854292842298 2 1 0 
0 390 9.2 7 0.337557603686636 0.314516129032258 26.688643158568 2 -1 0 
1 400 6.8 9 0.47011385199241 0.541935483870968 13.0379850935349 2 2 0 
0 400 9.2 7 0.340322580645161 0.310483870967742 25.1812890972362 2 -2 0 
1 410 6.8 9 0.600537634408602 0.537096774193548 14.1568284684798 2 2 0 
0 410 9.2 7 0.329301075268817 0.313508064516129 25.2554395716322 2 -2 0 
1 420 6.8 9 0.481518817204301 0.47741935483871 17.2580333863591 2 1 0 
0 420 9.2 8 0.318238213399504 0.319556451612903 16.8774659219205 2 -1 0 
1 430 6.8 9 0.419975186104218 0.456451612903226 10.9395677144418 2 1 0 
0 430 9.2 8 0.320564516129032 0.349798387096774 18.0302749132833 2 -1 0 
1 440 6.8 9 0.600537634408602 0.484677419354839 4.63325687425308 2 1 0 
0 440 9.2 8 0.320564516129032 0.409274193548387 17.6020889366296 2 -1 0 
1 450 6.8 9 0.48741935483871 0.52258064516129 6.57863884136388 2 1 0 
0 450 9.2 8 0.320276497695852 0.459677419354839 5.3132517648928 2 -1 0 
1 460 6.8 9 0.399769585253456 0.560483870967742 4.13225469808408 2 1 0 
0 460 9.2 8 0.326612903225806 0.404569892473118 6.08856780835372 2 -1 0 
1 470 6.8 9 0.616935483870968 0.558467741935484 3.54889453594075 2 1 0 
0 470 9.2 8 0.326612903225806 0.391129032258065 7.66416013675052 2 -1 0 
1 480 6.8 9 0.496117084826762 0.587701612903226 7.85947133668743 2 1 0 
0 480 9.2 8 0.32585685483871 0.387096774193548 10.8727344292289 2 -1 0 
1 490 6.8 9 0.421658986175115 0.534274193548387 9.00117755022255 2 0 0 
0 490 9.2 9 0.346102150537634 0.379032258064516 19.1146679592629 2 0 0 
1 500 6.8 9 0.613911290322581 0.430443548387097 36.1915366653662 2 0 0 
0 500 9.2 9 0.349654377880184 0.412096774193548 27.7864367052569 2 0 0 
1 510 6.8 9 0.475302419354839 0.386088709677419 15.6425815244734 2 0 0 
0 510 9.2 9 0.349146110056926 0.482862903225806 23.7613069864162 2 0 0 
1 520 6.8 9 0.41960685483871 0.366935483870968 39.4828844431477 2 0 0 
0 520 9.2 9 0.393145161290323 0.429435483870968 31.4103613749962 2 0 0 
1 530 6.8 10 0.583333333333333 0.433870967741935 43.9296635655978 2 1 0 
0 530 9.2 9 0.424395161290323 0.400537634408602 25.2514482026417 2 -1 0 
1 540 6.8 10 0.460637480798771 0.475 25.1779763759004 2 0 0 
0 540 9.2 10 0.38863287250384 0.5 19.2435685873831 2 0 0 
1 550 6.8 10 0.495362903225806 0.570564516129032 21.404686838188 2 0 0 
0 550 9.2 10 0.453917050691244 0.450604838709677 7.2174126712453 2 0 0 
1 560 6.8 10 0.598118279569893 0.570564516129032 19.3496832832771 2 0 0 
0 560 9.2 10 0.5091642228739 0.418548387096774 16.0886140135612 2 0 0 
1 570 6.8 11 0.49929873772791 0.515120967741936 26.8121454771382 2 1 0 
0 570 9.2 10 0.418346774193548 0.478494623655914 27.977940908295 2 -1 0 
1 580 6.8 11 0.440020161290323 0.419354838709677 33.450710753159 2 1 0 
0 580 9.2 10 0.434979838709677 0.495161290322581 29.243422630125 2 -1 0 
1 590 6.8 11 0.571339950372208 0.421370967741936 41.2244307068181 2 0 0 
0 590 9.2 11 0.498847926267281 0.466733870967742 32.3615707755557 2 0 0 
1 600 6.8 11 0.505645161290323 0.474462365591398 43.1810464326779 2 0 1 
0 600 9.2 11 0.461917562724014 0.451612903225806 32.5261172852778 1 0 -1 
1 610 6.8 11 0.455141129032258 0.566532258064516 43.4770054166567 2 0 1 
0 610 9.2 11 0.370967741935484 0.405241935483871 42.5 1 0 -1 
1 620 6.8 12 0.532258064516129 0.416666666666667 48.4611621364576 2 0 1 
0 620 9.2 12 0.370967741935484 0.266129032258065 29.7889718102122 1 0 -1 
1 630 6.8 12 0.486895161290323 0.341129032258065 40.9158643117189 2 0 1 
0 630 9.2 12 0.341129032258065 0.309677419354839 31.4257568540902 1 0 -1 
1 640 6.8 12 0.48125 0.380645161290323 34.705162497704 2 0 1 
0 640 9.2 12 0.342069892473118 0.374193548387097 37.5467608271956 1 0 -1 
1 650 6.8 12 0.559535104364326 0.448387096774194 17.7413904135777 2 0 1 
0 650 9.2 12 0.364143920595534 0.400201612903226 27.1420155890847 1 0 -1 
1 660 6.8 12 0.465542521994135 0.579032258064516 8.93061691293524 2 0 1 
0 660 9.2 12 0.335013440860215 0.319354838709677 22.7217417148598 1 0 -1 
1 670 6.8 12 0.446320564516129 0.675 4.4288236312378 2 0 1 
0 670 9.2 12 0.372695852534562 0.316935483870968 33.0823985861114 1 0 -1 
1 680 6.8 13 0.655241935483871 0.707258064516129 4.09767908913762 2 1 1 
0 680 9.2 12 0.33991935483871 0.331989247311828 29.7763452863848 1 -1 -1 
1 690 6.8 13 0.496935483870968 0.75241935483871 6.08946365506178 2 0 2 
0 690 9.2 13 0.366647465437788 0.320564516129032 31.3129366237024 0 0 -2 
1 700 6.8 14 0.460101867572156 0.738709677419355 5.6231843484956 2 1 2 
0 700 9.2 13 0.415322580645161 0.326612903225806 33.8710791088799 0 -1 -2 
1 710 6.8 14 0.601992409867173 0.809677419354839 5.74414048110592 2 1 2 
0 710 9.2 13 0.469354838709677 0.231854838709677 28.7821000624119 0 -1 -2 
1 720 6.8 14 0.447792869269949 0.80241935483871 4.11120852530879 2 1 2 
0 720 9.2 13 0.414426523297491 0.157258064516129 0.924950591148529 0 -1 -2 
1 730 6.8 14 0.386827956989247 0.766129032258065 0 2 0 2 
0 730 9.2 14 0.395161290322581 0.204301075268817 4.03855127458555 0 0 -2 
1 740 6.8 14 0.516439205955335 0.55241935483871 0 2 0 2 
0 740 9.2 14 0.508064516129032 0.338709677419355 5.37028226393007 0 0 -2 
1 750 6.8 14 0.448924731182796 0.26008064516129 32.8709598277872 2 0 2 
0 750 9.2 14 0.399697580645161 0.404569892473118 21.1647658405468 0 0 -2 
1 760 6.8 14 0.420840407470289 0.235215053763441 22.0155503889989 2 0 2 
0 760 9.2 14 0.383064516129032 0.456989247311828 33.900496495769 0 0 -2 
1 770 6.8 14 0.479838709677419 0.289516129032258 38.9425348586151 2 -1 2 
0 770 9.2 15 0.486751152073733 0.442204301075269 37.9303652195553 0 1 -2 
1 780 6.8 14 0.40874363327674 0.387096774193548 36.3842342056746 2 -1 2 
0 780 9.2 15 0.43081494057725 0.502688172043011 37.0310970941686 0 1 -2 
1 790 6.8 15 0.395917338709677 0.423387096774194 25.748938245029 2 0 2 
0 790 9.2 15 0.383064516129032 0.462365591397849 20.5165021635417 0 0 -2 
1 800 6.8 15 0.499193548387097 0.423387096774194 15.0561946827999 2 0 2 
0 800 9.2 15 0.481518817204301 0.423387096774194 6.07165419406725 0 0 -2 
1 810 6.8 15 0.502016129032258 0.524193548387097 9.7913473502739 2 0 2 
0 810 9.2 15 0.359447004608295 0.380376344086022 2.16338908589441 0 0 -2 
1 820 6.8 15 0.474596774193548 0.549193548387097 19.3317554541328 2 0 2 
0 820 9.2 15 0.395161290322581 0.397849462365591 6.57811404447272 0 0 -2 
1 830 6.8 16 0.65105459057072 0.580645161290323 4.48517841842349 2 1 2 
0 830 9.2 15 0.35426267281106 NaN NaN 0 -1 -2 
1 840 6.8 16 0.55581494057725 0.656451612903226 2.42988458637764 2 1 2 
0 840 9.2 15 0.324596774193548 NaN NaN 0 -1 -2 
1 850 6.8 16 0.479472140762463 0.769354838709677 5.33201730808895 2 1 2 
0 850 9.2 15 0.45866935483871 NaN NaN 0 -1 -2 
1 860 6.8 16 0.530241935483871 0.789516129032258 2.70059778312504 2 1 2 
0 860 9.2 15 0.529569892473118 NaN NaN 0 -1 -2 
