1 30 12.4 1 NaN 0.303427419354839 32.4533785073931 3 0 0 
0 30 5.6 1 NaN 0.283870967741935 30.9503885245473 3 0 0 
1 40 12.4 1 NaN 0.354838709677419 26.6543381505875 3 0 0 
0 40 5.6 1 NaN 0.311290322580645 24.9402041975439 3 0 0 
1 50 12.4 1 0.366568914956012 0.390322580645161 26.1803342609803 3 0 0 
0 50 5.6 1 0.366935483870968 0.337096774193548 26.6706505828243 3 0 0 
1 60 12.4 1 0.364247311827957 0.482258064516129 30.8690832945824 3 0 0 
0 60 5.6 1 0.364247311827957 0.434677419354839 29.1586871288521 3 0 0 
1 70 12.4 1 0.438895781637717 0.504032258064516 35.3854792980672 3 0 0 
0 70 5.6 1 0.430602716468591 0.481451612903226 32.6151860385824 3 0 0 
1 80 12.4 1 0.44758064516129 0.457661290322581 24.8993793458574 3 0 0 
0 80 5.6 1 0.455024813895782 0.462903225806452 37.6097854607651 3 0 0 
1 90 12.4 1 0.37133431085044 0.411290322580645 27.9659907416974 3 0 0 
0 90 5.6 1 0.393721198156682 0.479838709677419 36.3184530881615 3 0 0 
1 100 12.4 1 0.384072580645161 0.42258064516129 26.8131933128683 3 -1 0 
0 100 5.6 2 0.436360448807854 0.468548387096774 37.2551156313833 3 1 0 
1 110 12.4 2 0.432219662058372 0.437903225806452 31.0027679861919 3 0 0 
0 110 5.6 2 0.477449223416965 0.494354838709677 40.9536649135399 3 0 0 
1 120 12.4 2 0.37869623655914 0.450604838709677 26.0279207092209 3 0 0 
0 120 5.6 2 0.412541713014461 0.504838709677419 38.6468872125615 3 0 0 
1 130 12.4 2 0.398924731182796 0.37741935483871 36.0938284543984 3 -1 0 
0 130 5.6 3 0.418145161290323 0.487903225806452 40.327660482461 3 1 0 
1 140 12.4 2 0.439292114695341 0.418548387096774 28.6228433653824 3 -1 0 
0 140 5.6 3 0.452822580645161 0.494354838709677 41.0689943414475 3 1 0 
1 150 12.4 3 0.369684750733138 0.42258064516129 30.9888736296589 3 0 0 
0 150 5.6 3 0.413172043010753 0.481451612903226 35.0602370742761 3 0 0 
1 160 12.4 3 0.399193548387097 0.44758064516129 17.9020737361712 3 -1 0 
0 160 5.6 4 0.462436332767402 0.413709677419355 43.8047437697622 3 1 0 
1 170 12.4 3 0.434677419354839 0.440524193548387 23.0132647224249 3 -1 0 
0 170 5.6 4 0.470094086021505 0.468548387096774 26.7944502862941 3 1 0 
1 180 12.4 4 0.380161290322581 0.443548387096774 23.4083831180963 3 0 0 
0 180 5.6 4 0.401519851116625 0.470766129032258 17.5715386610144 3 0 0 
1 190 12.4 4 0.400379506641366 0.369354838709677 39.1647322901489 3 -1 0 
0 190 5.6 5 0.427843803056027 0.514112903225806 19.6488290120787 3 1 0 
1 200 12.4 4 0.439740143369176 0.249193548387097 29.4630995729894 3 -1 0 
0 200 5.6 5 0.46384872080089 0.421774193548387 49.0445444171355 3 1 0 
1 210 12.4 5 0.364247311827957 0.345161290322581 26.9782454763522 3 0 0 
0 210 5.6 5 0.40531660692951 0.456451612903226 47.3073803071043 3 0 0 
1 220 12.4 5 0.376185958254269 0.445967741935484 30.0971413904116 3 -1 0 
0 220 5.6 6 0.454301075268817 0.511290322580645 35.6243066594092 3 1 0 
1 230 12.4 5 0.439838709677419 0.45 33.5491642150861 3 -1 0 
0 230 5.6 6 0.473325062034739 0.495161290322581 35.4270873771699 3 1 0 
1 240 12.4 6 0.387936827956989 0.443548387096774 32.6117424313141 3 0 0 
0 240 5.6 6 0.403369815668203 0.437903225806452 38.3041905625433 3 0 0 
1 250 12.4 6 0.411290322580645 0.420967741935484 27.3413243406328 3 0 0 
0 250 5.6 6 0.404923599320883 0.45 41.7362505519912 3 0 0 
1 260 12.4 6 0.462557603686636 0.448588709677419 25.9481791131738 3 -1 0 
0 260 5.6 7 0.452233250620347 0.468548387096774 34.7486526769165 3 1 0 
1 270 12.4 6 0.364247311827957 0.444556451612903 29.4021528499345 3 -1 0 
0 270 5.6 7 0.417876344086022 0.450806451612903 38.343467364967 3 1 0 
1 280 12.4 6 0.361559139784946 0.389516129032258 37.8637651321791 3 -1 0 
0 280 5.6 7 0.444464809384164 0.432258064516129 46.5115852076126 3 1 0 
1 290 12.4 6 0.44039270687237 0.420967741935484 41.8600995766903 3 -1 0 
0 290 5.6 7 0.454151732377539 0.470967741935484 42.5984153771457 3 1 0 
1 300 12.4 7 0.402479091995221 0.475806451612903 49.6028390991989 3 -1 0 
0 300 5.6 8 0.398064516129032 0.52741935483871 35.3120904538209 3 1 0 
1 310 12.4 7 0.414112903225806 0.473118279569893 42.4012325351999 3 -1 0 
0 310 5.6 8 0.467741935483871 0.510483870967742 32.154218809552 3 1 0 
1 320 12.4 7 0.42023141654979 0.340725806451613 43.7846055346163 3 -1 0 
0 320 5.6 8 0.496290322580645 0.492741935483871 35.2047729173377 3 1 0 
1 330 12.4 7 0.396889400921659 0.335483870967742 35.0579636081253 3 -2 0 
0 330 5.6 9 0.423891129032258 0.466935483870968 43.767736277918 3 2 0 
1 340 12.4 7 0.437701612903226 0.370967741935484 29.902492460156 3 -2 0 
0 340 5.6 9 0.439516129032258 0.479838709677419 32.909305641352 3 2 0 
1 350 12.4 8 0.436950146627566 0.437903225806452 30.7467606847788 3 -1 0 
0 350 5.6 9 0.462003722084367 0.52258064516129 27.4731070888289 3 1 0 
1 360 12.4 8 0.389635603345281 0.404838709677419 37.0787956421107 3 -1 0 
0 360 5.6 9 0.38054435483871 0.424193548387097 40.8004364800704 3 1 0 
1 370 12.4 8 0.395797962648557 0.416129032258064 40.0482002267188 3 -1 0 
0 370 5.6 9 0.460777126099707 0.462903225806452 34.4209333671921 3 1 0 
1 380 12.4 8 0.417338709677419 0.394354838709677 30.2881044738976 3 -2 0 
0 380 5.6 10 0.4778972520908 0.518548387096774 39.450404400061 3 2 0 
1 390 12.4 8 0.377454417952314 0.378024193548387 26.4162420468977 3 -2 0 
0 390 5.6 10 0.428763440860215 0.548387096774194 35.3322912879614 3 2 0 
1 400 12.4 8 0.38565668202765 0.372983870967742 20.4128658095086 3 -2 0 
0 400 5.6 10 0.453522920203735 0.549193548387097 31.2127069924374 3 2 0 
1 410 12.4 9 0.402217741935484 0.359677419354839 27.413778344898 3 -1 0 
0 410 5.6 10 0.509072580645161 0.52258064516129 31.8977250073012 3 1 0 
1 420 12.4 9 0.379677419354839 0.361290322580645 29.7881055243274 3 -1 0 
0 420 5.6 10 0.413306451612903 0.498387096774194 37.9356329716617 3 1 0 
1 430 12.4 9 0.421774193548387 0.408064516129032 31.1204527077471 3 -2 0 
0 430 5.6 11 0.40061669829222 0.489516129032258 34.0869056659506 3 2 0 
1 440 12.4 9 0.481748726655348 0.481854838709677 25.052206529247 3 -2 0 
0 440 5.6 11 0.443548387096774 0.504032258064516 23.2462465523971 3 2 0 
1 450 12.4 10 0.376051893408135 0.464717741935484 31.6171254086717 3 -1 0 
0 450 5.6 11 0.415739710789766 0.492943548387097 6.16703219284608 3 1 0 
1 460 12.4 10 0.364667338709677 0.42258064516129 35.8005402130968 3 -1 0 
0 460 5.6 11 0.468443197755961 0.434475806451613 20.5402267579569 3 1 0 
1 470 12.4 10 0.425841514726508 0.420161290322581 34.8277306982781 3 -1 0 
0 470 5.6 11 0.49633431085044 0.493951612903226 22.2100173696761 3 1 0 
1 480 12.4 11 0.416017797552837 0.420967741935484 30.0996495926368 3 0 0 
0 480 5.6 11 0.408303464755078 0.466129032258065 36.8843330068404 3 0 0 
1 490 12.4 11 0.419592030360531 0.445967741935484 34.6897535253942 3 -1 0 
0 490 5.6 12 0.393548387096774 0.440524193548387 28.2162856620474 3 1 0 
1 500 12.4 11 0.449223416965353 0.440524193548387 41.54445007649 3 -1 0 
0 500 5.6 12 0.452489481065919 0.457661290322581 10.5655434288624 3 1 0 
1 510 12.4 11 0.411290322580645 0.461021505376344 40.3009006127207 3 -1 0 
0 510 5.6 12 0.372545582047686 0.459677419354839 5.27630140550935 3 1 0 
1 520 12.4 11 0.426782682512733 0.371975806451613 45.3573739279014 3 -1 0 
0 520 5.6 12 0.424731182795699 0.403225806451613 41.4287753287387 3 1 0 
1 530 12.4 11 0.457748948106592 0.380040322580645 50.2169707559555 3 -1 0 
0 530 5.6 12 0.47155017921147 0.4 45.5594870659624 3 1 0 
1 540 12.4 12 0.42130593132154 0.414314516129032 39.0653440499945 3 0 0 
0 540 5.6 12 0.393817204301075 0.421774193548387 39.4896617982272 3 0 0 
1 550 12.4 12 0.421477079796265 0.461693548387097 17.9287787674151 3 0 0 
0 550 5.6 12 0.385483870967742 0.465322580645161 37.7496425623788 3 0 0 
1 560 12.4 12 0.483687683284458 0.533266129032258 19.5980233491425 3 0 0 
0 560 5.6 12 0.439852150537634 0.482258064516129 26.8651296496173 3 0 0 
1 570 12.4 12 0.37316715542522 0.47883064516129 15.31478683249 3 0 0 
0 570 5.6 12 0.400166852057842 0.512096774193548 6.59641329762792 3 0 0 
1 580 12.4 12 0.375252016129032 0.407258064516129 35.0402770515327 3 -1 0 
0 580 5.6 13 0.420506912442396 0.490322580645161 13.7544340534872 3 1 0 
1 590 12.4 12 0.453947368421053 0.460685483870968 18.8229487105672 3 -1 0 
0 590 5.6 13 0.4453125 0.458064516129032 18.5327562591995 3 1 0 
1 600 12.4 13 0.379032258064516 0.481854838709677 38.0693419138117 3 0 0 
0 600 5.6 13 0.405241935483871 0.410282258064516 24.0416867819647 3 0 0 
1 610 12.4 13 0.388824884792627 0.469354838709677 33.4229291737233 3 0 0 
0 610 5.6 13 0.483234295415959 0.456653225806452 21.2085131092348 3 0 0 
1 620 12.4 13 0.45052729528536 0.386088709677419 44.2949211886168 3 0 0 
0 620 5.6 13 0.486954459203036 0.507056451612903 14.6061869628748 3 0 0 
1 630 12.4 13 0.434475806451613 0.411290322580645 33.6092864637112 3 -1 0 
0 630 5.6 14 0.388104838709677 0.416935483870968 40.7880626089349 3 1 0 
1 640 12.4 13 0.383870967741935 0.478494623655914 30.5580630784813 3 -1 0 
0 640 5.6 14 0.413624787775891 0.451612903225806 37.0113476187572 3 1 0 
1 650 12.4 13 0.430491551459293 0.461021505376344 16.9578177754956 3 -1 0 
0 650 5.6 14 0.439217443249701 0.499193548387097 31.9150242193746 3 1 0 
1 660 12.4 13 0.363671274961598 0.326612903225806 43.6682691932394 3 -1 0 
0 660 5.6 14 0.447699240986717 0.493548387096774 27.5748846730869 3 1 0 
1 670 12.4 14 0.402801358234295 0.336693548387097 33.0003470769563 3 -1 0 
0 670 5.6 15 0.481048387096774 0.537096774193548 15.3052890756198 3 1 0 
1 680 12.4 14 0.408218125960061 0.398185483870968 25.1072077408559 3 -1 0 
0 680 5.6 15 0.476612903225806 0.558064516129032 19.0847228450964 3 1 0 
1 690 12.4 14 0.360144312393888 0.29758064516129 16.685186277495 3 -1 0 
0 690 5.6 15 0.455529953917051 0.506451612903226 31.7318070845849 3 1 0 
1 700 12.4 14 0.381048387096774 0.325 12.9323778265513 3 -1 0 
0 700 5.6 15 0.494389901823282 0.631048387096774 19.0131716032349 3 1 0 
1 710 12.4 14 0.411764705882353 0.342741935483871 9.78370423001636 3 -1 0 
0 710 5.6 15 0.516366223908918 0.636088709677419 19.3155326081475 3 1 0 
1 720 12.4 14 0.371351766513057 0.361895161290323 23.2366697685922 3 -2 0 
0 720 5.6 16 0.451124144672532 0.587701612903226 29.8410258032818 3 2 0 
1 730 12.4 15 0.373487903225806 0.355846774193548 20.6037683260859 3 -1 0 
0 730 5.6 16 0.496129032258065 0.586693548387097 38.2582077020886 3 1 0 
1 740 12.4 15 0.414458525345622 0.419354838709677 27.0596928531707 3 -1 0 
0 740 5.6 16 0.532258064516129 0.437903225806452 43.9948349932696 3 1 0 
1 750 12.4 15 0.376935483870968 0.434475806451613 17.5814567405739 3 -1 0 
0 750 5.6 16 0.444220430107527 0.465725806451613 30.9606095801741 3 1 0 
1 760 12.4 15 0.404793906810036 0.458333333333333 11.1703609244387 3 -1 0 
0 760 5.6 16 0.386088709677419 0.451612903225806 24.0861995930366 3 1 0 
1 770 12.4 16 0.433635752688172 0.501344086021505 3.25668240394703 3 0 0 
0 770 5.6 16 0.521057347670251 0.474462365591398 10.3889937824458 3 0 0 
1 780 12.4 16 0.381358560794045 0.485887096774194 9.3407708461347 3 -1 0 
0 780 5.6 17 0.441323692992214 0.452956989247312 20.7213471729704 3 1 0 
1 790 12.4 16 0.445920303605313 0.459677419354839 6.02079728939615 3 -1 0 
0 790 5.6 17 0.381300403225806 0.373991935483871 35.1806766993167 3 1 0 
1 800 12.4 16 0.446631878557875 0.336021505376344 25.3588686035058 3 -1 0 
0 800 5.6 17 0.543010752688172 0.367943548387097 27.4105308932021 3 1 0 
1 810 12.4 16 0.398473502304148 0.373655913978495 11.9670526369909 3 -1 0 
0 810 5.6 17 0.452653485952133 0.351612903225806 30.6001703350469 3 1 0 
1 820 12.4 16 0.469278033794163 0.314516129032258 29.8607109320616 3 -1 0 
0 820 5.6 17 0.43904174573055 0.387903225806452 12.6655735508423 3 1 0 
1 830 12.4 16 0.478998655913978 0.442540322580645 28.9845856091233 3 -1 0 
0 830 5.6 17 0.435794044665012 0.428225806451613 11.6348530454691 3 1 0 
1 840 12.4 16 0.436021505376344 0.470766129032258 24.191791578715 3 -1 0 
0 840 5.6 17 0.390322580645161 0.467741935483871 14.6291785166584 3 1 0 
1 850 12.4 17 0.420698924731183 0.509072580645161 22.2941913754976 3 0 0 
0 850 5.6 17 0.376260080645161 0.52258064516129 21.884957355237 3 0 0 
1 860 12.4 17 0.528225806451613 0.505040322580645 23.237838136503 3 -1 0 
0 860 5.6 18 0.521712158808933 0.538709677419355 22.2079641121775 3 1 0 
1 870 12.4 17 0.477272727272727 0.492943548387097 24.1082170745509 3 -1 0 
0 870 5.6 18 0.415477667493797 0.505040322580645 23.1562816896015 3 1 0 
1 880 12.4 17 0.491298811544992 0.403225806451613 35.39758760052 3 -1 0 
0 880 5.6 18 0.411827956989247 0.526209677419355 24.3778574901349 3 1 0 
1 890 12.4 17 0.552995391705069 0.393145161290323 29.7460962260414 3 -1 0 
0 890 5.6 18 0.476094470046083 0.442540322580645 27.5456853896618 3 1 0 
1 900 12.4 18 0.439238042269188 0.391129032258065 14.2911591319288 3 -1 0 
0 900 5.6 19 0.392990074441687 0.454637096774194 32.1564587604122 3 1 0 
1 910 12.4 18 0.439516129032258 0.360215053763441 7.56113248043046 3 -1 0 
0 910 5.6 19 0.460061443932412 0.441532258064516 27.9631668218461 3 1 0 
1 920 12.4 18 0.448313782991202 0.46505376344086 22.8632074181365 3 -1 0 
0 920 5.6 19 0.468413978494624 0.440524193548387 35.4043680525405 3 1 0 
1 930 12.4 18 0.407661290322581 0.448924731182796 19.1636615395781 3 -1 0 
0 930 5.6 19 0.440346299810247 0.423387096774194 46.8145812978758 3 1 0 
1 940 12.4 18 0.421594982078853 0.475806451612903 13.8908136646942 3 -1 0 
0 940 5.6 19 0.426869501466276 0.469354838709677 24.8172021119124 3 1 0 
1 950 12.4 18 0.435771889400922 0.351814516129032 27.2719045419098 3 -1 0 
0 950 5.6 19 0.461917562724014 0.511290322580645 22.8198028650613 3 1 0 
1 960 12.4 19 0.365512333965844 0.330645161290323 19.6684752925319 3 -1 0 
0 960 5.6 20 0.44948476702509 0.567204301075269 28.2868955848242 3 1 0 
1 970 12.4 19 0.363407258064516 0.370161290322581 21.3710712988733 3 -1 0 
0 970 5.6 20 0.430299539170507 0.512096774193548 0 3 1 0 
1 980 12.4 19 0.40488614800759 0.450604838709677 19.0624786756376 3 -1 0 
0 980 5.6 20 0.490591397849462 0.459677419354839 0 3 1 0 
1 990 12.4 20 0.359831029185868 0.493951612903226 28.1770946669913 3 0 0 
0 990 5.6 20 0.475345622119816 0.383064516129032 0 3 0 0 
1 1000 12.4 20 0.436239919354839 0.507056451612903 29.5495551408102 3 0 0 
0 1000 5.6 20 0.36747311827957 0.391129032258065 0 3 0 0 
1 1010 12.4 20 0.418988269794721 0.51008064516129 15.3505710251901 3 0 0 
0 1010 5.6 20 0.497311827956989 0.407258064516129 0 3 0 0 
1 1020 12.4 20 0.348185483870968 0.612903225806452 5.79400674789605 3 0 0 
0 1020 5.6 20 0.474686379928315 0.235887096774194 25.3475837112732 3 0 0 
1 1030 12.4 20 0.450426944971537 0.651209677419355 4.53900035844925 3 0 0 
0 1030 5.6 20 0.360732009925558 0.1875 15.9526926746236 3 0 0 
1 1040 12.4 20 0.444098240469208 0.639112903225806 5.14639290899289 3 0 0 
0 1040 5.6 20 0.542338709677419 0.253225806451613 16.4035481440161 3 0 0 
1 1050 12.4 20 0.374534739454094 0.530241935483871 17.300447143333 3 0 0 
0 1050 5.6 20 0.422341696535245 0.343548387096774 14.7255363170251 3 0 0 
1 1060 12.4 20 0.444464809384164 0.486895161290323 16.4054348324347 3 0 0 
0 1060 5.6 20 0.38009337860781 0.441129032258065 12.1925807168035 3 0 0 
1 1070 12.4 21 0.4646829810901 0.466733870967742 4.95194101601104 3 1 0 
0 1070 5.6 20 0.470161290322581 0.454637096774194 6.14735933492463 3 -1 0 
1 1080 12.4 21 0.438685958254269 0.497983870967742 4.60977222864644 3 1 0 
0 1080 5.6 20 0.364563567362429 0.470430107526882 3.22819383691888 3 -1 0 
1 1090 12.4 21 0.416129032258064 0.463709677419355 0 3 0 0 
0 1090 5.6 21 0.369758064516129 0.514112903225806 12.2576506721313 3 0 0 
1 1100 12.4 21 0.442062818336163 0.379032258064516 0 3 0 0 
0 1100 5.6 21 0.432152875175316 0.51008064516129 2.54950975679639 3 0 0 
1 1110 12.4 21 0.412680756395996 0.473790322580645 25.2685575369866 3 0 0 
0 1110 5.6 21 0.397849462365591 0.540322580645161 9.39414711402797 3 0 0 
1 1120 12.4 21 0.387992831541219 0.463709677419355 0 3 0 0 
0 1120 5.6 21 0.418202764976959 0.485887096774194 3.80788655293195 3 0 0 
1 1130 12.4 21 0.496351766513057 0.395161290322581 0 3 0 0 
0 1130 5.6 21 0.47542242703533 0.310483870967742 28.1239906223603 3 0 0 
1 1140 12.4 21 0.443422379032258 0.294354838709677 39.3954312071844 3 0 0 
0 1140 5.6 21 0.385630498533724 0.299731182795699 26.3450961422055 3 0 0 
1 1150 12.4 21 0.430443548387097 0.307459677419355 23.8540337764247 3 0 0 
0 1150 5.6 21 0.429079696394687 0.25241935483871 29.4282683704147 3 0 0 
1 1160 12.4 22 0.479032258064516 0.338709677419355 14.6547865877537 3 1 0 
0 1160 5.6 21 0.434811827956989 0.360483870967742 21.3735227457042 3 -1 0 
1 1170 12.4 22 0.41519250780437 0.428427419354839 14.2509053902559 3 1 0 
0 1170 5.6 21 0.390433815350389 0.404032258064516 10.6265342238732 3 -1 0 
1 1180 12.4 22 0.416666666666667 0.461693548387097 23.9023827048552 3 1 0 
0 1180 5.6 21 0.409392789373814 0.457258064516129 23.3439736109752 3 -1 0 
1 1190 12.4 22 0.489326375711575 0.445564516129032 34.9170108786037 3 1 0 
0 1190 5.6 21 0.511256720430108 0.516935483870968 22.8993480446015 3 -1 0 
1 1200 12.4 22 0.414446002805049 0.448588709677419 40.544703580598 3 1 0 
0 1200 5.6 21 0.432882414151925 0.54758064516129 15.7360277812545 3 -1 0 
1 1210 12.4 22 0.452956989247312 0.391129032258065 36.06944292391 3 1 0 
0 1210 5.6 21 0.420866935483871 0.566935483870968 8.05351424497989 3 -1 0 
1 1220 12.4 22 0.561155913978495 0.353494623655914 23.3897939655238 3 0 0 
0 1220 5.6 22 0.622479838709677 0.65625 8.00193653828346 3 0 0 
1 1230 12.4 22 0.499762808349146 0.451612903225806 44.814691120032 3 0 0 
0 1230 5.6 22 0.417258064516129 0.643145161290323 3.61780259542092 3 0 0 
1 1240 12.4 22 0.486005692599621 0.270161290322581 0 3 0 0 
0 1240 5.6 22 0.392961876832845 0.642137096774194 7.95064064039519 3 0 0 
1 1250 12.4 22 0.586228287841191 0.278225806451613 0 3 0 0 
0 1250 5.6 22 0.567448680351906 0.559475806451613 22.6255910482803 3 0 0 
1 1260 12.4 22 0.488709677419355 0.30241935483871 0 3 0 0 
0 1260 5.6 22 0.435806451612903 0.444556451612903 19.8936294284387 3 0 0 
1 1270 12.4 22 0.47614247311828 0.439516129032258 0 3 0 0 
0 1270 5.6 22 0.421370967741936 0.378024193548387 21.1157183390653 3 0 0 
1 1280 12.4 22 0.469470046082949 0.300403225806452 43.419465680729 3 0 0 
0 1280 5.6 22 0.474395161290323 0.434475806451613 24.5122559925012 3 0 0 
1 1290 12.4 23 0.379330943847073 0.336693548387097 17.8675683852056 3 1 0 
0 1290 5.6 22 0.417338709677419 0.383870967741936 34.7919072325163 3 -1 0 
1 1300 12.4 23 0.437298387096774 0.297043010752688 29.9062891330008 3 1 0 
0 1300 5.6 22 0.418621700879765 0.460483870967742 38.1002603743485 3 -1 0 
1 1310 12.4 23 0.463133640552995 0.33366935483871 31.0814563360109 3 1 0 
0 1310 5.6 22 0.475955794504182 0.526209677419355 19.8493603915388 3 -1 0 
1 1320 12.4 23 0.364247311827957 0.426411290322581 19.5355239495612 3 1 0 
0 1320 5.6 22 0.410534274193548 0.506720430107527 9.54897612502241 3 -1 0 
1 1330 12.4 23 0.388104838709677 0.508064516129032 4.93589295432356 3 0 0 
0 1330 5.6 23 0.430875576036866 NaN NaN 3 0 0 
1 1340 12.4 23 0.47689205955335 0.564516129032258 9.27412643669627 3 0 0 
0 1340 5.6 23 0.500366568914956 NaN NaN 3 0 0 
1 1350 12.4 23 0.443548387096774 0.529569892473118 18.5438643775649 3 0 0 
0 1350 5.6 23 0.432646356033453 NaN NaN 3 0 0 
1 1360 12.4 23 0.391840607210626 0.55241935483871 28.2321403602897 3 0 0 
0 1360 5.6 23 0.444444444444444 NaN NaN 3 0 0 
1 1370 12.4 23 0.496612903225806 0.598118279569892 20.858605724835 3 0 0 
0 1370 5.6 23 0.498449131513648 NaN NaN 3 0 0 
1 1380 12.4 24 0.494571960297767 0.700604838709677 3.99678882445245 3 1 1 
0 1380 5.6 23 0.478494623655914 0.129032258064516 0 2 -1 -1 
1 1390 12.4 24 0.494175627240143 0.604166666666667 53.8813978042823 3 1 1 
0 1390 5.6 23 0.491723259762309 0.167338709677419 14.2652097991115 2 -1 -1 
1 1400 12.4 24 0.556451612903226 0.529569892473118 54.5848745329753 3 1 1 
0 1400 5.6 23 0.593189964157706 0.181451612903226 9.12521126293915 2 -1 -1 
1 1410 12.4 24 0.465668202764977 0.536290322580645 40.2523291251575 3 1 1 
0 1410 5.6 23 0.465389784946237 0.27741935483871 6.76492990208207 2 -1 -1 
1 1420 12.4 24 0.452956989247312 0.425403225806452 29.3342802877453 3 1 1 
0 1420 5.6 23 0.517389112903226 0.387903225806452 14.4886989709594 2 -1 -1 
1 1430 12.4 24 0.443548387096774 0.360887096774194 18.7683243791235 3 1 1 
0 1430 5.6 23 0.41439205955335 0.494354838709677 22.3859750536421 2 -1 -1 
1 1440 12.4 24 0.416582661290323 0.340725806451613 3.64005494464026 3 1 1 
0 1440 5.6 23 0.407556750298686 0.566129032258065 22.748001381038 2 -1 -1 
1 1450 12.4 24 0.38508064516129 0.298387096774194 2.69258240356725 3 1 1 
0 1450 5.6 23 0.418279569892473 0.592741935483871 24.3439968430862 2 -1 -1 
1 1460 12.4 24 0.433870967741935 0.297379032258065 22.7622703526725 3 1 1 
0 1460 5.6 23 0.485131048387097 0.607862903225806 20.1050209041372 2 -1 -1 
1 1470 12.4 24 0.426542776998598 0.311290322580645 25.0437215743071 3 1 1 
0 1470 5.6 23 0.477258064516129 0.571572580645161 14.9544835517224 2 -1 -1 
1 1480 12.4 24 0.436323924731183 0.406451612903226 18.899736839223 3 1 1 
0 1480 5.6 23 0.428679435483871 0.45866935483871 17.1357854562236 2 -1 -1 
1 1490 12.4 24 0.492741935483871 0.514516129032258 7.92241168309087 3 1 1 
0 1490 5.6 23 0.45497311827957 0.384408602150538 15.6734645413492 2 -1 -1 
1 1500 12.4 24 0.462669094693028 0.611895161290323 7.55093582697723 3 0 1 
0 1500 5.6 24 0.407108721624851 0.298387096774194 16.3448520815637 2 0 -1 
1 1510 12.4 24 0.435195852534562 0.641129032258065 8.00306693713283 3 0 1 
0 1510 5.6 24 0.390322580645161 0.30241935483871 3.60555127546399 2 0 -1 
1 1520 12.4 25 0.502160138248848 0.755040322580645 16.2573625114797 3 1 1 
0 1520 5.6 24 0.424395161290323 0.21505376344086 20.0064474427449 2 -1 -1 
1 1530 12.4 25 0.658986175115207 0.777217741935484 6.42944010683364 3 1 1 
0 1530 5.6 24 0.509072580645161 NaN NaN 2 -1 -1 
1 1540 12.4 25 0.731854838709677 0.795698924731183 4.9721197586022 3 1 1 
0 1540 5.6 24 NaN NaN NaN 2 -1 -1 
