1 30 10.6 1 NaN 0.229838709677419 20.939395142836 3 0 0 
0 30 9 1 NaN 0.290322580645161 23.9285829385295 3 0 0 
1 40 10.6 1 NaN 0.250806451612903 20.6060982348469 3 0 0 
0 40 9 1 NaN 0.311290322580645 25.4329088163312 3 0 0 
1 50 10.6 1 0.383064516129032 0.329838709677419 26.0251545906377 3 0 0 
0 50 9 1 0.379032258064516 0.344354838709677 25.3032904295202 3 0 0 
1 60 10.6 1 0.383064516129032 0.448387096774194 31.6688012512328 3 0 0 
0 60 9 1 0.383064516129032 0.492943548387097 13.5659362060902 3 0 0 
1 70 10.6 1 0.398588709677419 0.454032258064516 26.9301328986576 3 0 0 
0 70 9 1 0.389314516129032 0.47741935483871 22.1124304968396 3 0 0 
1 80 10.6 1 0.485023041474654 0.470161290322581 26.754628632234 3 0 0 
0 80 9 1 0.481374807987711 0.484677419354839 23.7865127286971 3 0 0 
1 90 10.6 1 0.414071190211346 0.479032258064516 23.0765541212293 3 0 0 
0 90 9 1 0.396505376344086 0.505645161290323 24.075861760461 3 0 0 
1 100 10.6 1 0.41633064516129 0.500806451612903 26.2086765210438 3 0 0 
0 100 9 1 0.394524617996604 0.504032258064516 14.7294481042325 3 0 0 
1 110 10.6 2 0.477639296187683 0.474193548387097 15.629078233787 3 0 0 
0 110 9 2 0.482078853046595 0.493279569892473 23.5476775061602 3 0 0 
1 120 10.6 2 0.417562724014337 0.512903225806452 21.5993643242181 3 0 0 
0 120 9 2 0.406451612903226 0.439516129032258 31.7970591983427 3 0 0 
1 130 10.6 2 0.400345622119816 0.492741935483871 25.8558549530688 3 0 0 
0 130 9 2 0.394354838709677 0.378225806451613 36.2530413351274 3 0 0 
1 140 10.6 2 0.466397849462366 0.512096774193548 22.7915423761599 3 0 0 
0 140 9 2 0.462313895781638 0.462903225806452 27.7514208125974 3 0 0 
1 150 10.6 3 0.411002304147465 0.483064516129032 20.9372245955357 3 0 0 
0 150 9 3 0.425166034155598 0.487096774193548 25.013881246188 3 0 0 
1 160 10.6 3 0.423036465638149 0.511290322580645 20.8363637394646 3 0 0 
0 160 9 3 0.434677419354839 0.429032258064516 28.2428532385925 3 0 0 
1 170 10.6 3 0.464640198511166 0.525806451612903 15.2489591719691 3 0 0 
0 170 9 3 0.487231182795699 0.44758064516129 23.1409731642551 3 0 0 
1 180 10.6 3 0.419354838709677 0.482258064516129 23.9713137614492 3 0 0 
0 180 9 3 0.401713709677419 0.475806451612903 24.5752012976808 3 0 0 
1 190 10.6 4 0.431977559607293 0.444354838709677 28.1814487262793 3 0 0 
0 190 9 4 0.390360983102919 0.463709677419355 25.5958909407047 3 0 0 
1 200 10.6 4 0.465651135005974 0.430645161290323 26.5158515472235 3 0 0 
0 200 9 4 0.452388337468983 0.499193548387097 26.9680112325689 3 0 0 
1 210 10.6 4 0.40994623655914 0.439516129032258 21.4653705580485 3 0 0 
0 210 9 4 0.412010368663594 0.462096774193548 32.9057345123186 3 0 0 
1 220 10.6 4 0.425201612903226 0.495967741935484 28.3232243341924 3 0 0 
0 220 9 4 0.427822580645161 0.438709677419355 32.9977230391195 3 0 0 
1 230 10.6 5 0.472670250896057 0.501612903225806 21.7945258886355 3 0 0 
0 230 9 5 0.461441532258065 0.435483870967742 26.5666628514312 3 0 0 
1 240 10.6 5 0.424916573971079 0.485483870967742 22.5992575272017 3 0 0 
0 240 9 5 0.401451612903226 0.483064516129032 23.9576415632942 3 0 0 
1 250 10.6 5 0.442815249266862 0.531451612903226 23.3265797556908 3 0 0 
0 250 9 5 0.418394777265745 0.45 26.7785525796244 3 0 0 
1 260 10.6 5 0.487437965260546 0.487096774193548 26.4545713887714 3 0 0 
0 260 9 5 0.47438330170778 0.416129032258065 19.9263308754604 3 0 0 
1 270 10.6 6 0.447356630824373 0.497983870967742 25.8990358764218 3 0 0 
0 270 9 6 0.395665322580645 0.465322580645161 19.4525786730118 3 0 0 
1 280 10.6 6 0.468672456575682 0.483870967741936 22.3794029794281 3 0 0 
0 280 9 6 0.389314516129032 0.429838709677419 26.5968309689102 3 0 0 
1 290 10.6 6 0.482258064516129 0.390322580645161 42.061743814717 3 0 0 
0 290 9 6 0.462173579109063 0.455645161290323 19.1549826651719 3 0 0 
1 300 10.6 6 0.444311246730602 0.47258064516129 24.4363944772967 3 0 0 
0 300 9 6 0.403801843317972 0.434677419354839 26.1291025253087 3 0 0 
1 310 10.6 6 0.462269585253456 0.498387096774194 13.9622806424609 3 0 0 
0 310 9 6 0.400729646697389 0.393548387096774 40.7272021506803 3 0 0 
1 320 10.6 6 0.497407834101383 0.519153225806452 5.95581320536879 3 -1 0 
0 320 9 7 0.454032258064516 0.436290322580645 29.421557807322 3 1 0 
1 330 10.6 7 0.434053069719043 0.504032258064516 10.9489126071035 3 0 0 
0 330 9 7 0.409343715239155 0.445967741935484 25.2728624548486 3 0 0 
1 340 10.6 7 0.426570458404075 0.412096774193548 33.5601150203098 3 0 0 
0 340 9 7 0.40818858560794 0.481451612903226 21.6866551554573 3 0 0 
1 350 10.6 7 0.481416549789621 0.439516129032258 12.5848818254547 3 0 0 
0 350 9 7 0.460424133811231 0.504838709677419 18.4747779131812 3 0 0 
1 360 10.6 7 0.410049627791563 0.550403225806452 6.78234794038063 3 0 0 
0 360 9 7 0.432585685483871 0.448387096774194 16.8199334407502 3 0 0 
1 370 10.6 7 0.40625 0.459677419354839 29.2600413139812 3 0 0 
0 370 9 7 0.452233250620347 0.395967741935484 18.6984421297236 3 0 0 
1 380 10.6 7 0.47258064516129 0.464516129032258 19.234329401527 3 -1 0 
0 380 9 8 0.475161290322581 0.445967741935484 5.26012567444875 3 1 0 
1 390 10.6 7 0.383064516129032 0.474798387096774 6.08834442395615 3 -1 0 
0 390 9 8 0.430351906158358 0.491129032258064 10.0999199532674 3 1 0 
1 400 10.6 7 0.407608695652174 0.48991935483871 7.6042709928284 3 -1 0 
0 400 9 8 0.393721198156682 0.444354838709677 5.36614452740673 3 1 0 
1 410 10.6 8 0.454889112903226 0.40241935483871 27.030450731946 3 0 0 
0 410 9 8 0.472394540942928 0.467741935483871 10.6286931508318 3 0 0 
1 420 10.6 8 0.472101133391456 0.401612903225806 26.4335115553017 3 0 0 
0 420 9 8 0.380040322580645 0.451612903225806 14.2615043047896 3 0 0 
1 430 10.6 8 0.503897849462366 0.470967741935484 15.5337653480784 3 0 0 
0 430 9 8 0.392614601018676 0.448387096774194 16.6443880307059 3 0 0 
1 440 10.6 8 0.494032258064516 0.520967741935484 12.0498730596101 3 -1 0 
0 440 9 9 0.410618279569892 0.424395161290323 27.5330764525075 3 1 0 
1 450 10.6 8 0.443800403225806 0.579032258064516 6.23032144313064 3 -1 0 
0 450 9 9 0.405589543937709 0.454301075268817 21.9090822580039 3 1 0 
1 460 10.6 9 0.432347670250896 0.587096774193548 5.03770876901478 3 0 0 
0 460 9 9 0.415505865102639 0.359879032258065 40.3472400981926 3 0 0 
1 470 10.6 9 0.486290322580645 0.576612903225806 4.43611024606788 3 0 0 
0 470 9 9 0.501512096774194 0.319354838709677 36.8461524642101 3 0 0 
1 480 10.6 9 0.427939646201873 0.496774193548387 11.798004249441 3 0 0 
0 480 9 9 0.415770609318996 0.416129032258065 29.344936887113 3 0 0 
1 490 10.6 9 0.425 0.456451612903226 12.9316680892619 3 -1 0 
0 490 9 10 0.402721774193548 0.451612903225806 14.7879269684994 3 1 0 
1 500 10.6 9 0.487327188940092 0.367741935483871 12.7185390943667 3 -1 0 
0 500 9 10 0.477639296187683 0.487903225806452 23.3779046808038 3 1 0 
1 510 10.6 9 0.396313364055299 0.437903225806452 13.3942609100259 3 -1 0 
0 510 9 10 0.428225806451613 0.493548387096774 22.7467929372863 3 1 0 
1 520 10.6 10 0.393241167434716 0.481451612903226 23.2208571435557 3 0 0 
0 520 9 10 0.419162826420891 0.493548387096774 17.2048446857235 3 0 0 
1 530 10.6 10 0.462365591397849 0.416935483870968 28.5747485698273 3 -1 0 
0 530 9 11 0.472379032258065 0.481854838709677 11.8218425004996 3 1 0 
1 540 10.6 10 0.403862478777589 0.433870967741935 25.8705004779504 3 -1 0 
0 540 9 11 0.429771505376344 0.488911290322581 15.688077859241 3 1 0 
1 550 10.6 10 0.383064516129032 0.450806451612903 26.5618039715741 3 -1 0 
0 550 9 11 0.436217008797654 0.485887096774194 19.2059757095206 3 1 0 
1 560 10.6 11 0.4375 0.436290322580645 25.8445753605666 3 0 0 
0 560 9 11 0.494623655913979 0.440322580645161 37.7779234430888 3 0 0 
1 570 10.6 11 0.395161290322581 0.471774193548387 23.0018592278022 3 0 0 
0 570 9 11 0.436491935483871 0.468548387096774 30.6953416005665 3 0 0 
1 580 10.6 11 0.396213183730715 0.484879032258065 18.0683623900846 3 0 0 
0 580 9 11 0.383064516129032 0.479032258064516 17.0159383556183 3 0 0 
1 590 10.6 11 0.462539021852237 0.492943548387097 20.0070541382919 3 0 0 
0 590 9 11 0.474579242636746 0.484677419354839 6.14924162439915 3 0 0 
1 600 10.6 11 0.446572580645161 0.450604838709677 24.6503758525748 3 -1 0 
0 600 9 12 0.440860215053763 0.5 7.16106548284416 3 1 0 
1 610 10.6 11 0.45142089093702 0.413709677419355 35.2716828410447 3 -1 0 
0 610 9 12 0.411840175953079 0.511290322580645 6.80905125517501 3 1 0 
1 620 10.6 11 0.481942496493689 0.420362903225806 22.0691362683418 3 -1 0 
0 620 9 12 0.438844086021505 0.471774193548387 13.6539030516978 3 1 0 
1 630 10.6 11 0.432882414151925 0.483870967741936 7.23849725396243 3 -1 0 
0 630 9 12 0.411290322580645 0.464516129032258 14.1298500252572 3 1 0 
1 640 10.6 11 0.415497896213184 0.491935483870968 7.87668798692182 3 -1 0 
0 640 9 12 0.417075736325386 0.47258064516129 5.3284502062185 3 1 0 
1 650 10.6 12 0.476478494623656 0.397177419354839 32.0666007894998 3 0 0 
0 650 9 12 0.472239454094293 0.470161290322581 5.9952877640479 3 0 0 
1 660 10.6 12 0.404637096774194 0.358064516129032 25.4862850394656 3 -1 0 
0 660 9 13 0.431899641577061 0.5 12.395056226085 3 1 0 
1 670 10.6 12 0.41164095371669 0.412096774193548 24.4759547761398 3 -1 0 
0 670 9 13 0.419004207573633 0.473387096774194 22.2039821485987 3 1 0 
1 680 10.6 12 0.455278592375367 0.483870967741936 8.86580104695035 3 -1 0 
0 680 9 13 0.495698924731183 0.46875 22.5607705764675 3 1 0 
1 690 10.6 12 0.427867383512545 0.498387096774194 7.76422882096819 3 -1 0 
0 690 9 13 0.436347926267281 0.476814516129032 26.0411050014306 3 1 0 
1 700 10.6 12 0.419179523141655 0.505040322580645 17.3584191355947 3 -1 0 
0 700 9 13 0.394978005865103 0.474798387096774 23.9168896420577 3 1 0 
1 710 10.6 12 0.469959677419355 0.482862903225806 7.99832237084548 3 -1 0 
0 710 9 13 0.460853494623656 0.426612903225806 27.1506439052309 3 1 0 
1 720 10.6 12 0.407102977667494 0.508064516129032 10.2960682257419 3 -1 0 
0 720 9 13 0.423963133640553 0.440322580645161 14.5668526230828 3 1 0 
1 730 10.6 13 0.450222469410456 0.519153225806452 5.54336515358691 3 0 0 
0 730 9 13 0.394153225806452 0.429032258064516 14.5206564594845 3 0 0 
1 740 10.6 13 0.499731182795699 0.5625 3.83905431624128 3 -1 0 
0 740 9 14 0.455955334987593 0.419354838709677 15.0720971298062 3 1 0 
1 750 10.6 13 0.476133391455972 0.551612903225806 5.47605944957799 3 -1 0 
0 750 9 14 0.414247311827957 0.439516129032258 17.5107042306222 3 1 0 
1 760 10.6 13 0.452543424317618 0.574193548387097 4.70259112204095 3 -1 0 
0 760 9 14 0.399731182795699 0.401209677419355 26.3298634456686 3 1 0 
1 770 10.6 14 0.536840175953079 0.612903225806452 5.44361730970663 3 0 0 
0 770 9 14 0.407258064516129 0.366935483870968 30.4458626747462 3 0 0 
1 780 10.6 14 0.482459677419355 0.632258064516129 12.2323859691394 3 0 0 
0 780 9 14 0.35971986417657 0.360887096774194 29.1112791846526 3 0 0 
1 790 10.6 14 0.4778972520908 0.679032258064516 15.9898353591416 3 0 0 
0 790 9 14 0.376440092165899 0.251008064516129 32.5099556395159 3 0 0 
1 800 10.6 14 0.587962962962963 0.573387096774194 12.7281070710067 3 0 0 
0 800 9 14 0.467237903225806 0.272177419354839 12.6139551538262 3 0 0 
1 810 10.6 14 0.462813620071685 0.484677419354839 6.6322686912421 3 -1 0 
0 810 9 15 0.354838709677419 0.352822580645161 16.3430320940056 3 1 0 
1 820 10.6 14 0.388440860215054 0.515322580645161 7.39262520785212 3 -1 0 
0 820 9 15 0.382795698924731 0.374193548387097 21.2834932601552 3 1 0 
1 830 10.6 14 0.541023842917251 0.533870967741936 6.43750463989726 3 -1 0 
0 830 9 15 0.466129032258065 0.405645161290323 24.0638313773422 3 1 0 
1 840 10.6 15 0.468876008064516 0.573387096774194 11.0691020211649 3 0 0 
0 840 9 15 0.396673387096774 0.387096774193548 10.1443724250787 3 0 0 
1 850 10.6 15 0.451108870967742 0.670967741935484 9.11057973664764 3 0 0 
0 850 9 15 0.400806451612903 0.31989247311828 18.5326505062485 3 0 0 
1 860 10.6 15 0.554099462365591 0.608870967741936 19.7557652426808 3 0 0 
0 860 9 15 0.467069892473118 0.318548387096774 25.687672003527 3 0 0 
1 870 10.6 15 0.452746975806452 0.534677419354839 21.137215850037 3 0 0 
0 870 9 15 0.411940686784599 0.379032258064516 31.1803040634497 3 0 0 
1 880 10.6 15 0.439012096774194 0.5 22.5681976790918 3 0 0 
0 880 9 15 0.428283410138249 0.393145161290323 25.7065925131235 3 0 0 
1 890 10.6 16 0.522177419354839 0.460483870967742 19.7108737356117 3 1 0 
0 890 9 15 0.465591397849462 0.340322580645161 31.9250941135295 3 -1 0 
1 900 10.6 16 0.468166383701188 0.461290322580645 20.7726636196248 3 1 0 
0 900 9 15 0.373991935483871 0.410483870967742 17.6106703461491 3 -1 0 
1 910 10.6 16 0.473566308243728 0.438709677419355 16.0223738365778 3 0 0 
0 910 9 16 0.401209677419355 0.418548387096774 10.6898429633571 3 0 0 
1 920 10.6 16 0.524973985431842 0.470161290322581 9.7577658944256 3 0 0 
0 920 9 16 0.468245967741936 0.441935483870968 19.9629946961393 3 0 0 
1 930 10.6 16 0.447441601779755 0.532258064516129 4.60158158630514 3 0 0 
0 930 9 16 0.386693548387097 0.424193548387097 13.8565340845306 3 0 0 
1 940 10.6 16 0.441129032258065 0.535483870967742 8.887301446428 3 0 0 
0 940 9 16 0.409887798036466 0.395161290322581 16.185055653015 3 0 0 
1 950 10.6 16 0.481758832565284 0.556451612903226 9.272293283661 3 0 0 
0 950 9 16 0.46889400921659 0.391129032258065 6.80954396704612 3 0 0 
1 960 10.6 17 0.449715370018975 0.621774193548387 4.9634197489782 3 1 0 
0 960 9 16 0.467972350230415 0.350806451612903 8.03038163356896 3 -1 0 
1 970 10.6 17 0.431003584229391 0.633064516129032 6.05723661948526 3 1 0 
0 970 9 16 0.457373271889401 0.323924731182796 7.4850928429195 3 -1 0 
1 980 10.6 17 0.498759305210918 0.486290322580645 19.9824150743589 3 1 0 
0 980 9 16 0.561155913978495 0.349462365591398 7.09232905825754 3 -1 0 
1 990 10.6 17 0.420821114369501 0.419354838709677 34.4842927530432 3 1 0 
0 990 9 16 0.433387096774194 0.327620967741936 28.4655154285787 3 -1 0 
1 1000 10.6 17 0.383064516129032 0.467741935483871 22.7516106646429 3 1 0 
0 1000 9 16 0.388440860215054 0.320967741935484 11.7101546627069 3 -1 0 
1 1010 10.6 17 0.463709677419355 0.500806451612903 12.0669962380542 3 0 0 
0 1010 9 17 0.465927419354839 0.345161290322581 20.0538061520558 3 0 0 
1 1020 10.6 17 0.45497311827957 0.50241935483871 6.12855226705927 3 0 0 
0 1020 9 17 0.427297165200391 0.430645161290323 13.7813061917427 3 0 0 
1 1030 10.6 18 0.406754032258065 0.496774193548387 5.23447789737012 3 1 0 
0 1030 9 17 0.399926686217009 0.45866935483871 9.1371881959515 3 -1 0 
1 1040 10.6 18 0.441687344913151 0.575604838709677 11.8507289133387 3 1 0 
0 1040 9 17 0.458728652751423 0.424731182795699 11.8382003880275 3 -1 0 
1 1050 10.6 18 0.454507857733664 0.60752688172043 11.5616931542025 3 1 0 
0 1050 9 17 0.380376344086022 0.32258064516129 8.39728929194409 3 -1 0 
1 1060 10.6 18 0.490504682622268 0.625 3.588696779002 3 1 0 
0 1060 9 17 0.370519713261649 0.31989247311828 3.59006432699702 3 -1 0 
1 1070 10.6 18 0.588089330024814 0.68010752688172 2.80079107104319 3 1 0 
0 1070 9 17 0.44489247311828 0.274193548387097 5.11570992054187 3 -1 0 
1 1080 10.6 18 0.54967008797654 0.68010752688172 3.59006432699702 3 0 0 
0 1080 9 18 0.294858870967742 0.264112903225806 14.6821883732798 3 0 0 
1 1090 10.6 19 0.589123242349049 0.594758064516129 35.3123625259861 3 1 0 
0 1090 9 18 NaN 0.249193548387097 6.85456772062897 3 -1 0 
1 1100 10.6 19 0.65241935483871 0.500806451612903 54.6696556341181 3 1 0 
0 1100 9 18 0.294354838709677 0.230645161290323 14.1511914621744 3 -1 0 
1 1110 10.6 19 0.567985746436609 0.54758064516129 33.6272624762345 3 1 0 
0 1110 9 18 0.26282991202346 0.280645161290323 14.5130361482353 3 -1 0 
1 1120 10.6 19 0.525453629032258 0.546774193548387 18.8097222820418 3 1 0 
0 1120 9 18 0.292741935483871 0.310483870967742 8.29330620110771 3 -1 0 
1 1130 10.6 19 0.590100111234705 0.570161290322581 16.965416463792 3 1 0 
0 1130 9 18 0.300115207373272 0.298387096774194 19.1258225886233 3 -1 0 
1 1140 10.6 19 0.513972243060765 0.606451612903226 15.3814219869956 3 1 0 
0 1140 9 18 0.291834677419355 0.242943548387097 14.9584456848526 3 -1 0 
1 1150 10.6 19 0.525624349635796 0.570161290322581 34.3875375154 3 1 0 
0 1150 9 18 NaN 0.236895161290323 9.24122597245489 3 -1 0 
1 1160 10.6 20 0.613133640552995 0.439516129032258 19.7166987233479 3 2 0 
0 1160 9 18 NaN 0.270161290322581 16.7274503339741 3 -2 0 
1 1170 10.6 20 0.53849846390169 0.388709677419355 20.8539656380576 3 1 0 
0 1170 9 19 0.306612903225806 0.338709677419355 34.8554487490141 3 -1 0 
1 1180 10.6 20 0.503780241935484 0.471774193548387 36.4267137897463 3 1 0 
0 1180 9 19 0.398667601683029 0.289516129032258 31.1033702350272 3 -1 0 
1 1190 10.6 20 0.48292220113852 0.533870967741936 35.4553042154161 3 1 0 
0 1190 9 19 0.398667601683029 0.332258064516129 31.8257543095946 3 -1 0 
1 1200 10.6 20 0.497390891840607 0.567540322580645 14.9970564911908 3 1 0 
0 1200 9 19 0.393695014662757 0.406451612903226 35.0265402146203 3 -1 0 
1 1210 10.6 20 0.454362170087977 0.564516129032258 8.96259399583956 3 1 0 
0 1210 9 19 0.425201612903226 0.379838709677419 38.8583303420392 3 -1 0 
1 1220 10.6 20 0.533333333333333 0.554435483870968 9.49243130085716 3 0 0 
0 1220 9 20 0.463285229202037 0.456451612903226 22.9407319452765 3 0 0 
1 1230 10.6 20 0.475638440860215 0.51008064516129 10.7735151501971 3 0 0 
0 1230 9 20 0.46135752688172 0.456451612903226 21.9868630754049 3 0 0 
1 1240 10.6 20 0.380517826825127 0.496975806451613 4.84415346220548 3 0 0 
0 1240 9 20 0.418346774193548 0.459677419354839 15.3639610306789 3 0 0 
1 1250 10.6 20 0.468548387096774 0.582661290322581 6.11275729677043 3 0 0 
0 1250 9 20 0.43936678614098 0.432795698924731 15.6001315320592 3 0 0 
1 1260 10.6 20 0.471774193548387 0.649193548387097 7.51079395217488 3 0 0 
0 1260 9 20 0.377279102384292 0.372311827956989 25.9148912580516 3 0 0 
1 1270 10.6 20 0.477066532258065 0.679838709677419 27.1024284901143 3 0 0 
0 1270 9 20 0.374243951612903 0.276881720430108 25.9429555607026 3 0 0 
1 1280 10.6 20 0.556802244039271 0.592741935483871 21.0009728546759 3 0 0 
0 1280 9 20 0.429791271347249 0.288978494623656 23.3001551483956 3 0 0 
1 1290 10.6 20 0.489755884917175 0.582258064516129 22.9864358845441 3 0 0 
0 1290 9 20 0.375 0.352150537634409 22.5413084763978 3 0 0 
1 1300 10.6 21 0.462096774193548 0.570967741935484 21.1174292150964 3 1 0 
0 1300 9 20 0.38508064516129 0.296370967741936 33.7800698741659 3 -1 0 
1 1310 10.6 21 0.53991935483871 0.606451612903226 12.9238049615196 3 1 0 
0 1310 9 20 0.406810035842294 0.236895161290323 18.8191201184853 3 -1 0 
1 1320 10.6 21 0.503378378378378 0.562903225806452 16.1946429370946 3 1 0 
0 1320 9 20 0.334914611005693 0.25241935483871 17.214838300301 3 -1 0 
1 1330 10.6 21 0.423387096774194 0.510483870967742 5.96233018375075 3 1 0 
0 1330 9 20 0.372535842293907 0.356451612903226 11.266121057322 3 -1 0 
1 1340 10.6 21 0.55241935483871 0.491935483870968 3.67104547002048 3 1 0 
0 1340 9 20 0.374450146627566 0.475 11.3242213001863 3 -1 0 
1 1350 10.6 21 0.512903225806452 0.57258064516129 13.0195647029153 3 1 0 
0 1350 9 20 0.365285923753666 0.435483870967742 29.4891833004545 3 -1 0 
1 1360 10.6 21 0.493951612903226 0.548387096774194 5.74136600279392 3 0 0 
0 1360 9 21 0.38858234295416 0.354838709677419 35.5266056297064 3 0 0 
1 1370 10.6 21 0.553548387096774 0.611895161290323 14.6493925597049 3 0 0 
0 1370 9 21 0.376792114695341 0.303427419354839 31.223626310875 3 0 0 
1 1380 10.6 21 0.50111234705228 0.529233870967742 21.5266659307155 3 0 1 
0 1380 9 21 0.363172043010753 0.269153225806452 17.9636443208098 2 0 -1 
1 1390 10.6 21 0.452529325513196 0.486895161290323 22.3552832804953 3 0 1 
0 1390 9 21 0.38508064516129 0.226814516129032 9.04429616155172 2 0 -1 
1 1400 10.6 21 0.555155529953917 0.519153225806452 25.9742798880988 3 0 1 
0 1400 9 21 0.387096774193548 0.216733870967742 4.96945158774648 2 0 -1 
1 1410 10.6 21 0.476116625310174 0.526881720430108 12.0306536969637 3 0 1 
0 1410 9 21 0.389219015280136 0.319556451612903 13.8270716616098 2 0 -1 
1 1420 10.6 21 0.477102534562212 0.417338709677419 36.0674679128659 3 0 1 
0 1420 9 21 0.415322580645161 0.353225806451613 20.8377241409698 2 0 -1 
1 1430 10.6 21 0.490927419354839 0.431451612903226 32.044759906293 3 0 1 
0 1430 9 21 0.436827956989247 0.35241935483871 14.5445193862235 2 0 -1 
1 1440 10.6 22 0.423819124423963 0.481854838709677 14.9612839679397 3 1 1 
0 1440 9 21 0.422983870967742 0.399193548387097 24.3199116593029 2 -1 -1 
1 1450 10.6 22 0.410589060308555 0.481854838709677 9.07201885354216 3 1 1 
0 1450 9 21 0.403064516129032 0.433064516129032 19.06113734854 2 -1 -1 
1 1460 10.6 22 0.532894736842105 0.547379032258065 8.4604158320376 3 1 1 
0 1460 9 21 0.439838709677419 0.419354838709677 16.3770024510064 2 -1 -1 
1 1470 10.6 22 0.453698553948832 0.639112903225806 8.94705397566416 3 1 1 
0 1470 9 21 0.445301542776999 0.339516129032258 28.6125001777562 2 -1 -1 
1 1480 10.6 22 0.476688508064516 0.536290322580645 39.8143760932409 3 1 1 
0 1480 9 21 0.4161866359447 0.345161290322581 17.9022544402525 2 -1 -1 
1 1490 10.6 22 0.557837701612903 0.527217741935484 26.4580971828472 3 0 1 
0 1490 9 22 0.457506203473945 0.389516129032258 7.58774596480517 2 0 -1 
1 1500 10.6 22 0.517857142857143 0.528225806451613 20.0561711201316 3 0 1 
0 1500 9 22 0.416282642089094 0.425 13.7426130604388 2 0 -1 
1 1510 10.6 22 0.488459399332592 0.439516129032258 0 3 0 1 
0 1510 9 22 0.38508064516129 0.494959677419355 2.99165773579443 2 0 -1 
1 1520 10.6 22 0.536751152073733 0.362903225806452 0 3 0 1 
0 1520 9 22 0.466013824884793 0.610887096774194 3.65262480146392 2 0 -1 
1 1530 10.6 22 0.473745519713262 0.326612903225806 0 3 0 1 
0 1530 9 22 0.372311827956989 0.563508064516129 11.3325074763852 2 0 -1 
1 1540 10.6 22 0.499439964157706 0.439516129032258 0 3 0 1 
0 1540 9 22 0.417338709677419 0.467741935483871 29.6509318478074 2 0 -1 
1 1550 10.6 22 0.582506203473945 0.298387096774194 32.7566787083184 3 0 1 
0 1550 9 22 0.439180107526882 0.463709677419355 27.9354721392964 2 0 -1 
1 1560 10.6 22 0.505009775171065 0.288978494623656 29.3588717643626 3 0 1 
0 1560 9 22 0.455309139784946 0.450604838709677 27.7044710875682 2 0 -1 
1 1570 10.6 22 0.476050830889541 0.328629032258065 31.3761683413954 3 0 1 
0 1570 9 22 0.438620071684588 0.40241935483871 35.1359984347358 2 0 -1 
1 1580 10.6 22 0.546309872922776 0.394354838709677 36.4774641601467 3 0 1 
0 1580 9 22 0.494815668202765 0.35 24.0374095406439 2 0 -1 
1 1590 10.6 22 0.502592165898618 0.479838709677419 24.4216144291432 3 -1 1 
0 1590 9 23 0.340322580645161 0.358870967741936 9.54010387325998 2 1 -1 
1 1600 10.6 22 0.551282051282051 0.522849462365591 22.1293018409496 3 -1 1 
0 1600 9 23 0.380712365591398 0.430645161290323 11.6014483981181 2 1 -1 
1 1610 10.6 22 0.63508064516129 0.526209677419355 42.4794067755189 3 -1 1 
0 1610 9 23 0.239247311827957 0.513709677419355 16.2901808812038 2 1 -1 
1 1620 10.6 22 0.560813034891376 0.592741935483871 51.2079095453036 3 -1 1 
0 1620 9 23 0.25031017369727 0.414516129032258 24.894081162433 2 1 -1 
1 1630 10.6 22 0.58729293809939 0.616935483870968 44.2634160453077 3 -1 2 
0 1630 9 23 0.237903225806452 0.304838709677419 24.37765474693 1 1 -2 
1 1640 10.6 22 0.670928402832415 0.608870967741936 0 3 -1 2 
0 1640 9 23 0.237903225806452 0.263709677419355 13.987748135291 1 1 -2 
1 1650 10.6 22 0.52945301542777 0.588709677419355 0 3 -1 2 
0 1650 9 23 0.269354838709677 0.233870967741935 14.9558911569157 1 1 -2 
1 1660 10.6 22 0.549454459203036 0.299731182795699 55.2690758356549 3 -1 2 
0 1660 9 23 0.327620967741936 0.283870967741935 17.0509134148404 1 1 -2 
1 1670 10.6 23 0.623127880184332 0.282258064516129 35.5651979522385 3 0 2 
0 1670 9 23 0.327620967741936 0.333064516129032 25.0885314215541 1 0 -2 
1 1680 10.6 23 0.531891495601173 0.298387096774194 23.2575333065184 3 0 2 
0 1680 9 23 0.340277777777778 0.391129032258065 23.4160613750124 1 0 -2 
1 1690 10.6 23 0.488335253456221 0.494623655913979 9.96957496683468 3 -1 2 
0 1690 9 24 0.366223908918406 0.408870967741935 20.2446157993623 1 1 -2 
1 1700 10.6 23 0.566898826979472 0.389784946236559 34.7461218380682 3 -1 2 
0 1700 9 24 0.391801075268817 0.433870967741935 19.9260111641238 1 1 -2 
1 1710 10.6 23 0.449333800841515 0.381720430107527 32.7488952363736 3 -1 2 
0 1710 9 24 0.413679808841099 0.5 19.2346164147467 1 1 -2 
1 1720 10.6 23 0.388709677419355 0.389784946236559 6.77251991788307 3 -1 2 
0 1720 9 24 0.459811827956989 0.549395161290323 20.2467506718064 1 1 -2 
1 1730 10.6 23 0.395161290322581 0.431451612903226 5.09901951359278 3 -1 2 
0 1730 9 24 0.549916573971079 0.559475806451613 15.0963171129199 1 1 -2 
1 1740 10.6 23 0.316244239631336 0.471774193548387 0 3 -1 2 
0 1740 9 24 0.53309811827957 0.537298387096774 13.9052374382008 1 1 -2 
1 1750 10.6 23 0.354166666666667 0.399193548387097 0 3 -1 2 
0 1750 9 24 0.532373271889401 0.560483870967742 10.3983456376682 1 1 -2 
1 1760 10.6 23 0.262096774193548 0.209677419354839 20.8086520466848 3 -1 2 
0 1760 9 24 0.651321684587814 0.71875 10.8321158262963 1 1 -2 
1 1770 10.6 23 0.296774193548387 0.170698924731183 13.8775316370548 3 -1 2 
0 1770 9 24 0.529681899641577 0.751008064516129 6.32091167152824 1 1 -2 
1 1780 10.6 23 0.415826612903226 0.17741935483871 7.91560985632883 2 -2 1 
0 1780 9 25 0.513348164627364 0.769153225806452 13.7533828422565 1 2 -1 
1 1790 10.6 23 0.412186379928315 0.186491935483871 10.4503262010792 2 -2 1 
0 1790 9 25 0.592897022332506 0.57258064516129 48.5062319898755 1 2 -1 
1 1800 10.6 23 0.331797235023041 0.240322580645161 17.6045128198647 2 -2 1 
0 1800 9 25 0.484991039426523 0.492741935483871 38.5076320112344 1 2 -1 
1 1810 10.6 23 0.390161290322581 0.328225806451613 21.7744986077548 2 -2 1 
0 1810 9 25 0.440524193548387 0.479838709677419 25.955021749895 1 2 -1 
1 1820 10.6 23 0.415658602150538 0.386290322580645 12.5411940460301 2 -2 1 
0 1820 9 25 0.607685009487666 0.469758064516129 24.3514145537863 1 2 -1 
1 1830 10.6 23 0.437072336265885 0.487903225806452 21.3499409816835 2 -2 1 
0 1830 9 25 0.480388563049853 0.426411290322581 11.9526436925905 1 2 -1 
1 1840 10.6 23 0.427167338709677 0.516129032258065 20.3279476170237 2 -2 1 
0 1840 9 25 0.404978962131837 0.394153225806452 13.1053501303285 1 2 -1 
1 1850 10.6 24 0.526965725806452 0.509677419354839 11.324685568323 2 -1 1 
0 1850 9 25 0.397360703812317 0.375 5.10760897367892 1 1 -1 
1 1860 10.6 24 0.509752438109527 0.580645161290323 10.309063389245 2 -1 1 
0 1860 9 25 0.377371916508539 0.353494623655914 2.84681096758714 1 1 -1 
1 1870 10.6 24 0.560589983022071 0.669354838709677 3.1839593801908 2 -1 1 
0 1870 9 25 0.430645161290323 0.245967741935484 3.49793115826596 1 1 -1 
1 1880 10.6 24 0.645678246484698 0.738709677419355 7.70960957527083 2 -1 1 
0 1880 9 25 0.430645161290323 0.204637096774194 7.7049655840972 1 1 -1 
1 1890 10.6 24 0.573200992555831 0.687903225806452 6.79577263812903 2 -1 1 
0 1890 9 25 0.395545314900154 0.263104838709677 2.12946757819886 1 1 -1 
1 1900 10.6 24 0.528642936596218 0.616129032258065 9.93802602793057 2 -1 1 
0 1900 9 25 0.569444444444444 0.257056451612903 9.64808074455869 1 1 -1 
1 1910 10.6 24 0.580141129032258 0.49758064516129 5.18835007769043 2 -1 1 
0 1910 9 25 0.569444444444444 0.315524193548387 16.5897919536896 1 1 -1 
1 1920 10.6 24 0.463933691756272 0.489516129032258 6.52940282213986 2 -1 1 
0 1920 9 25 0.43241935483871 0.336693548387097 27.3936054556662 1 1 -1 
1 1930 10.6 24 0.504032258064516 0.519354838709677 6.77390720338151 2 -1 1 
0 1930 9 25 0.554791271347249 0.369623655913979 19.8964551132573 1 1 -1 
1 1940 10.6 24 0.640120967741936 0.567540322580645 19.0920097077168 2 -1 1 
0 1940 9 25 0.666582661290323 0.366935483870968 14.8660687473185 1 1 -1 
1 1950 10.6 24 0.562072336265885 0.504032258064516 2.51612377556149 2 -1 1 
0 1950 9 25 0.527479091995221 0.290322580645161 0 1 1 -1 
1 1960 10.6 24 0.561491935483871 0.558467741935484 14.6358278361975 2 -1 1 
0 1960 9 25 0.553283410138249 0.298387096774194 0 1 1 -1 
1 1970 10.6 24 0.684363799283154 0.652217741935484 35.9234884436646 2 -1 1 
0 1970 9 25 0.491004962779156 0.229838709677419 0 1 1 -1 
1 1980 10.6 24 0.604838709677419 0.652217741935484 50.8041049511009 2 -1 1 
0 1980 9 25 0.42684331797235 0.153225806451613 0 1 1 -1 
1 1990 10.6 24 0.636200716845878 0.705645161290323 37.2539870690571 2 -1 1 
0 1990 9 25 0.540322580645161 0.17741935483871 1 1 1 -1 
1 2000 10.6 24 0.636200716845878 0.826612903225806 9.21954445729289 2 -1 1 
0 2000 9 25 0.58991935483871 0.141129032258065 0 1 1 -1 
