1 30 10.2 1 NaN 0.297043010752688 27.6573274200344 3 0 0 
0 30 9.8 1 NaN 0.336693548387097 31.6542924964164 3 0 0 
1 40 10.2 1 NaN 0.350806451612903 38.3640588763734 3 0 0 
0 40 9.8 1 NaN 0.34758064516129 30.1561124699792 3 0 0 
1 50 10.2 1 0.382258064516129 0.421370967741936 28.8887218943353 3 0 0 
0 50 9.8 1 0.381336405529954 0.412096774193548 25.4947185853374 3 0 0 
1 60 10.2 1 0.383064516129032 0.480645161290323 20.703405028587 3 0 0 
0 60 9.8 1 0.383064516129032 0.45241935483871 25.7646450905708 3 0 0 
1 70 10.2 1 0.395398481973435 0.474193548387097 21.0183229580191 3 0 0 
0 70 9.8 1 0.417931688804554 0.46875 26.3551483292211 3 0 0 
1 80 10.2 1 0.462173579109063 0.489516129032258 20.381523900195 3 0 0 
0 80 9.8 1 0.44898316970547 0.471774193548387 27.2501515370421 3 0 0 
1 90 10.2 1 0.42244623655914 0.470161290322581 17.3202662912071 3 0 0 
0 90 9.8 1 0.400322580645161 0.48991935483871 23.0543274571422 3 0 0 
1 100 10.2 1 0.42650293255132 0.505645161290323 17.8355302192488 3 0 0 
0 100 9.8 1 0.418458781362007 0.44758064516129 24.8642178153055 3 0 0 
1 110 10.2 2 0.492338709677419 0.515120967741936 11.8982876613788 3 0 0 
0 110 9.8 2 0.462953629032258 0.473387096774194 20.5987497517726 3 0 0 
1 120 10.2 2 0.402741935483871 0.484879032258065 15.1563425746558 3 0 0 
0 120 9.8 2 0.417114695340502 0.478225806451613 20.8454150359312 3 0 0 
1 130 10.2 2 0.383064516129032 0.371774193548387 41.3442141060057 3 0 0 
0 130 9.8 2 0.395564516129032 0.378225806451613 26.9599039432219 3 0 0 
1 140 10.2 2 0.46562980030722 0.369623655913979 21.9348793723531 3 -1 0 
0 140 9.8 3 0.472096774193548 0.433064516129032 19.9949869478651 3 1 0 
1 150 10.2 2 0.403691066997519 0.473118279569892 27.326194093403 3 -1 0 
0 150 9.8 3 0.414766407119021 0.446774193548387 8.89464995672396 3 1 0 
1 160 10.2 3 0.401209677419355 0.39616935483871 44.8116880375873 3 0 0 
0 160 9.8 3 0.431818181818182 0.425806451612903 28.1094089940756 3 0 0 
1 170 10.2 3 0.464549731182796 0.418346774193548 27.290530591786 3 0 0 
0 170 9.8 3 0.46889400921659 0.446774193548387 25.5888089431118 3 0 0 
1 180 10.2 3 0.402605459057072 0.457258064516129 16.2021040916983 3 -1 0 
0 180 9.8 4 0.42130593132154 0.481451612903226 25.9046549365937 3 1 0 
1 190 10.2 4 0.406891495601173 0.475 17.7513285327479 3 0 0 
0 190 9.8 4 0.428763440860215 0.475 22.837692895165 3 0 0 
1 200 10.2 4 0.469470046082949 0.480645161290323 18.4474240639833 3 0 0 
0 200 9.8 4 0.495347394540943 0.467741935483871 24.2764164440441 3 0 0 
1 210 10.2 4 0.407102977667494 0.472782258064516 23.9064958303393 3 -1 0 
0 210 9.8 5 0.383064516129032 0.458064516129032 24.0173293273936 3 1 0 
1 220 10.2 4 0.42192082111437 0.471774193548387 25.5449010513609 3 -1 0 
0 220 9.8 5 0.383064516129032 0.515120967741936 23.7892459200446 3 1 0 
1 230 10.2 4 0.474340175953079 0.395161290322581 38.9858030776854 3 -1 0 
0 230 9.8 5 0.476173020527859 0.491935483870968 26.4500459724538 3 1 0 
1 240 10.2 5 0.403380893300248 0.415322580645161 36.7277031094566 3 0 0 
0 240 9.8 5 0.428494623655914 0.503024193548387 27.3562396641998 3 0 0 
1 250 10.2 5 0.407066052227343 0.461290322580645 21.7840426582833 3 -1 0 
0 250 9.8 6 0.427995391705069 0.448387096774194 20.4335285411731 3 1 0 
1 260 10.2 5 0.480075901328273 0.464516129032258 10.0635005650726 3 -1 0 
0 260 9.8 6 0.471224340175953 0.467741935483871 21.9359619322137 3 1 0 
1 270 10.2 6 0.408554147465438 0.492741935483871 20.5300150350204 3 0 0 
0 270 9.8 6 0.419820099255583 0.451612903225806 20.1000930341961 3 0 0 
1 280 10.2 6 0.393433179723502 0.490322580645161 22.5717330852351 3 0 0 
0 280 9.8 6 0.426915322580645 0.455645161290323 22.435484553698 3 0 0 
1 290 10.2 6 0.474798387096774 0.399193548387097 39.5048470885327 3 0 0 
0 290 9.8 6 0.480075901328273 0.461290322580645 20.7820497705236 3 0 0 
1 300 10.2 6 0.422201138519924 0.456653225806452 26.8685841775566 3 -1 0 
0 300 9.8 7 0.409647550776583 0.483064516129032 23.6548765304889 3 1 0 
1 310 10.2 6 0.401881720430108 0.459677419354839 26.9149430300638 3 -1 0 
0 310 9.8 7 0.413402457757296 0.483870967741936 23.7092223443897 3 1 0 
1 320 10.2 6 0.478739002932551 0.4 36.9245478797119 3 -1 0 
0 320 9.8 7 0.4522238514174 0.499193548387097 26.1194142646838 3 1 0 
1 330 10.2 6 0.400434243176179 0.367943548387097 29.3068203846937 3 -1 0 
0 330 9.8 7 0.442972350230415 0.475 21.4979778202408 3 1 0 
1 340 10.2 6 0.383064516129032 0.383064516129032 30.089694908424 3 -1 0 
0 340 9.8 7 0.489354838709677 0.479032258064516 20.436926944036 3 1 0 
1 350 10.2 7 0.445246179966044 0.479838709677419 18.9428203370601 3 0 0 
0 350 9.8 7 0.497013142174432 0.458064516129032 22.6516909706125 3 0 0 
1 360 10.2 7 0.40610599078341 0.495967741935484 13.1073357249502 3 0 0 
0 360 9.8 7 0.444145758661888 0.494354838709677 26.6769615775608 3 0 0 
1 370 10.2 7 0.383064516129032 0.45866935483871 25.2264218313787 3 -1 0 
0 370 9.8 8 0.436009817671809 0.470161290322581 34.4502182219013 3 1 0 
1 380 10.2 7 0.430443548387097 0.465725806451613 31.1372780503262 3 -1 0 
0 380 9.8 8 0.446428571428571 0.478225806451613 32.0454145901841 3 1 0 
1 390 10.2 7 0.408870967741935 0.423387096774194 27.8874023209269 3 -2 0 
0 390 9.8 9 0.458636836628512 0.481451612903226 20.4998964272102 3 2 0 
1 400 10.2 8 0.404435483870968 0.387903225806452 34.6333400615527 3 -1 0 
0 400 9.8 9 0.42831541218638 0.510483870967742 27.3714673068778 3 1 0 
1 410 10.2 8 0.418202764976959 0.367741935483871 38.6894881794226 3 -1 0 
0 410 9.8 9 0.551915322580645 0.519354838709677 22.6728916692921 3 1 0 
1 420 10.2 8 0.39057917888563 0.395161290322581 32.7883472371034 3 -1 0 
0 420 9.8 9 0.415967741935484 0.467741935483871 14.3570978475879 3 1 0 
1 430 10.2 8 0.399193548387097 0.42741935483871 24.4876265262816 3 -1 0 
0 430 9.8 9 0.402457757296467 0.506451612903226 7.77986135441658 3 1 0 
1 440 10.2 8 0.481261859582543 0.440322580645161 24.6822150923026 3 -1 0 
0 440 9.8 9 0.474228611500701 0.495967741935484 12.7417176789856 3 1 0 
1 450 10.2 8 0.413387096774194 0.482258064516129 25.148795695896 3 -1 0 
0 450 9.8 9 0.419665012406948 0.471774193548387 23.3488610970747 3 1 0 
1 460 10.2 8 0.401942815249267 0.462903225806452 30.0073194393557 3 -2 0 
0 460 9.8 10 0.439012096774194 0.451612903225806 18.0393678257042 3 2 0 
1 470 10.2 9 0.461774193548387 0.466935483870968 20.2857533528074 3 -1 0 
0 470 9.8 10 0.495007680491551 0.493951612903226 22.3314606645898 3 1 0 
1 480 10.2 9 0.435138248847926 0.426411290322581 26.5451334845997 3 -1 0 
0 480 9.8 10 0.399361559139785 0.425403225806452 18.6495861971011 3 1 0 
1 490 10.2 9 0.431048387096774 0.411290322580645 29.1533779045691 3 -1 0 
0 490 9.8 10 0.383064516129032 0.412096774193548 33.8149070373066 3 1 0 
1 500 10.2 9 0.490367383512545 0.401881720430108 16.6421143069702 3 -1 0 
0 500 9.8 10 0.448870967741935 0.471774193548387 32.8835108441809 3 1 0 
1 510 10.2 9 0.41084229390681 0.439516129032258 6.95118565870374 3 -2 0 
0 510 9.8 11 0.401713709677419 0.465322580645161 19.8532710716727 3 2 0 
1 520 10.2 10 0.424486803519062 0.367741935483871 23.3083260525932 3 -1 0 
0 520 9.8 11 0.408206831119545 0.512096774193548 9.97140844947248 3 1 0 
1 530 10.2 10 0.430831265508685 0.426612903225806 14.4720803757603 3 -1 0 
0 530 9.8 11 0.429435483870968 0.485887096774194 1.46307437956157 3 1 0 
1 540 10.2 10 0.441964285714286 0.491935483870968 12.5284855260618 3 -1 0 
0 540 9.8 11 0.382115749525617 0.474798387096774 6.49602505951577 3 1 0 
1 550 10.2 11 0.507754342431762 0.525 15.3966210694684 3 0 0 
0 550 9.8 11 0.392389112903226 0.408602150537634 14.1929032430439 3 0 0 
1 560 10.2 11 0.508342602892102 0.533870967741936 15.9972556803482 3 0 0 
0 560 9.8 11 0.401328273244782 0.434139784946237 2.04168905063637 3 0 0 
1 570 10.2 11 0.482180020811655 0.518548387096774 26.3754943514918 3 0 0 
0 570 9.8 11 0.380472350230415 0.354838709677419 38.6617057496666 3 0 0 
1 580 10.2 12 0.50139043381535 0.531451612903226 29.8189473379651 3 1 0 
0 580 9.8 11 0.391666666666667 0.346774193548387 43.5387852582467 3 -1 0 
1 590 10.2 12 0.520687237026648 0.526612903225806 30.8010803318505 3 1 0 
0 590 9.8 11 0.40255376344086 0.368951612903226 28.9816023989509 3 -1 0 
1 600 10.2 12 0.461290322580645 0.457258064516129 27.0835197673691 3 0 0 
0 600 9.8 12 0.389448924731183 0.311290322580645 32.7578294362638 3 0 0 
1 610 10.2 12 0.396739130434783 0.429032258064516 24.2574122728042 3 0 0 
0 610 9.8 12 0.387480798771121 0.370161290322581 29.2449215655715 3 0 0 
1 620 10.2 12 0.484677419354839 0.445161290322581 20.3256936877207 3 0 0 
0 620 9.8 12 0.4857910906298 0.456317204301075 25.8034232954184 3 0 0 
1 630 10.2 12 0.413450460829493 0.482258064516129 12.8352992863217 3 0 0 
0 630 9.8 12 0.410714285714286 0.459677419354839 16.3853443241614 3 0 0 
1 640 10.2 12 0.383064516129032 0.462096774193548 5.94265611496004 3 0 0 
0 640 9.8 12 0.400645161290323 0.480645161290323 14.8791656767557 3 0 0 
1 650 10.2 12 0.473057184750733 0.454032258064516 5.71935660635304 3 0 0 
0 650 9.8 12 0.485576923076923 0.418548387096774 11.7296152299144 3 0 0 
1 660 10.2 13 0.422235023041475 0.467741935483871 18.3878650672195 3 1 0 
0 660 9.8 12 0.436379928315412 0.438172043010753 20.2176547034398 3 -1 0 
1 670 10.2 13 0.436995967741936 0.457258064516129 20.2647853233213 3 1 0 
0 670 9.8 12 0.441857440166493 0.434139784946237 33.057030570025 3 -1 0 
1 680 10.2 13 0.466642228739003 0.466129032258065 20.1647648333008 3 1 0 
0 680 9.8 12 0.501344086021505 0.419354838709677 31.1339090258531 3 -1 0 
1 690 10.2 13 0.46918202764977 0.476612903225806 32.9770334828564 3 0 0 
0 690 9.8 13 0.438037634408602 0.370967741935484 43.584476127927 3 0 0 
1 700 10.2 14 0.465988779803647 0.486290322580645 42.3343711321414 3 1 0 
0 700 9.8 13 0.397379032258065 0.41633064516129 25.2747887775647 3 -1 0 
1 710 10.2 14 0.487258064516129 0.465725806451613 39.8932396856665 3 1 0 
0 710 9.8 13 0.448655913978495 0.462701612903226 21.9572842891215 3 -1 0 
1 720 10.2 14 0.405465949820789 0.42741935483871 35.3612998460768 3 1 0 
0 720 9.8 13 0.383064516129032 0.520161290322581 10.9194684425012 3 -1 0 
1 730 10.2 14 0.394959677419355 0.349462365591398 42.6924307550638 3 1 0 
0 730 9.8 13 0.462307152875175 0.491935483870968 13.6108605474994 3 -1 0 
1 740 10.2 14 0.462845622119816 0.455645161290323 28.5158680117038 3 0 0 
0 740 9.8 14 0.497741935483871 0.499193548387097 16.3721757077286 3 0 0 
1 750 10.2 14 0.407258064516129 0.390322580645161 31.134436047391 3 0 0 
0 750 9.8 14 0.443740399385561 0.508064516129032 24.1416215443441 3 0 0 
1 760 10.2 14 0.388306451612903 0.417741935483871 18.9459867395852 3 0 0 
0 760 9.8 14 0.433266129032258 0.47883064516129 19.1620884586031 3 0 0 
1 770 10.2 14 0.434363799283154 0.44489247311828 22.8608472249434 3 0 0 
0 770 9.8 14 0.480715287517532 0.445564516129032 5.3819329172963 3 0 0 
1 780 10.2 14 0.396712158808933 0.407258064516129 23.0488611432322 3 -1 0 
0 780 9.8 15 0.472983870967742 0.515120967741936 4.14352773303953 3 1 0 
1 790 10.2 14 0.393625192012289 0.318548387096774 26.1772802254168 3 -1 0 
0 790 9.8 15 0.481332138590203 0.506048387096774 5.78085233741685 3 1 0 
1 800 10.2 15 0.44024926686217 0.44758064516129 5.09901951359278 3 0 0 
0 800 9.8 15 0.47073361082206 0.373655913978495 11.9723739899395 3 0 0 
1 810 10.2 15 0.380913978494624 0.272177419354839 36.0644057292609 3 0 0 
0 810 9.8 15 0.459389400921659 0.333333333333333 1.65890073286675 3 0 0 
1 820 10.2 15 0.402073732718894 0.351612903225806 28.511371687689 3 0 0 
0 820 9.8 15 0.460253456221198 0.317204301075269 34.9957484870704 3 0 0 
1 830 10.2 15 0.438667232597623 0.383870967741936 16.0587670044974 3 0 0 
0 830 9.8 15 0.482173174872665 0.424731182795699 19.1982552645748 3 0 0 
1 840 10.2 15 0.38252688172043 0.494354838709677 8.03313488744181 3 0 0 
0 840 9.8 15 0.447054698457223 0.313508064516129 26.6687737940375 3 0 0 
1 850 10.2 15 0.383064516129032 0.471774193548387 9.69957597294564 3 -1 0 
0 850 9.8 16 0.417562724014337 0.293346774193548 22.8027621729855 3 1 0 
1 860 10.2 15 0.437596006144393 0.497983870967742 9.55621550886901 3 -1 0 
0 860 9.8 16 0.458436724565757 0.387096774193548 27.4497705960499 3 1 0 
1 870 10.2 15 0.447328629032258 0.474798387096774 16.8550129421726 3 -1 0 
0 870 9.8 16 0.469534050179212 0.508870967741936 22.4693677096312 3 1 0 
1 880 10.2 16 0.410887096774194 0.451612903225806 10.8551636164443 3 0 0 
0 880 9.8 16 0.420362903225806 0.496774193548387 18.6780636138013 3 0 0 
1 890 10.2 16 0.436379928315412 0.459677419354839 6.16821509924915 3 0 0 
0 890 9.8 16 0.482741935483871 0.512903225806452 20.9206471988048 3 0 0 
1 900 10.2 16 0.39432703003337 0.373991935483871 26.6475498460523 3 0 0 
0 900 9.8 16 0.470522803114572 0.529233870967742 3.4905689944204 3 0 0 
1 910 10.2 16 0.428056027164686 0.299731182795699 23.8090554836682 3 0 0 
0 910 9.8 16 0.470910138248848 0.454637096774194 9.84292306623772 3 0 0 
1 920 10.2 16 0.460829493087558 0.375 21.5696174673657 3 -1 0 
0 920 9.8 17 0.515979689366786 0.485887096774194 16.6425175870472 3 1 0 
1 930 10.2 16 0.374193548387097 0.358064516129032 30.9596669783902 3 -1 0 
0 930 9.8 17 0.473916330645161 0.516129032258065 34.2038321312878 3 1 0 
1 940 10.2 16 0.411098310291859 0.388709677419355 28.4453890119669 3 -1 0 
0 940 9.8 17 0.39758064516129 0.49758064516129 28.2821459405847 3 1 0 
1 950 10.2 16 0.466397849462366 0.481451612903226 20.0470514299611 3 -1 0 
0 950 9.8 17 0.456378299120235 0.494959677419355 22.5907540986264 3 1 0 
1 960 10.2 16 0.422538200339559 0.496975806451613 10.8068965694596 3 -1 0 
0 960 9.8 17 0.443996415770609 0.463709677419355 19.8753221690887 3 1 0 
1 970 10.2 16 0.383064516129032 0.515120967741936 10.7952006741584 3 -1 0 
0 970 9.8 17 0.430575035063114 0.45866935483871 14.6364774938885 3 1 0 
1 980 10.2 16 0.422653958944281 0.471774193548387 2.06155281280883 3 -2 0 
0 980 9.8 18 0.48125 0.494959677419355 8.37525242769278 3 2 0 
1 990 10.2 17 0.405465949820789 0.401209677419355 2.69258240356725 3 -1 0 
0 990 9.8 18 0.454301075268817 0.533266129032258 9.91459038509855 3 1 0 
1 1000 10.2 17 0.422811059907834 0.283602150537634 24.1727486378217 3 -1 0 
0 1000 9.8 18 0.446339950372208 0.435483870967742 31.7715648616588 3 1 0 
1 1010 10.2 17 0.447004608294931 0.353494623655914 18.4832560886274 3 -1 0 
0 1010 9.8 18 0.539081885856079 0.513709677419355 18.0409478489695 3 1 0 
1 1020 10.2 17 0.36219165085389 0.356182795698925 19.4932834088288 3 -1 0 
0 1020 9.8 18 0.476173020527859 0.52741935483871 22.7378159094545 3 1 0 
1 1030 10.2 17 0.382056451612903 0.285282258064516 24.7587159704328 3 -1 0 
0 1030 9.8 18 0.472968936678614 0.576612903225806 20.3790828108171 3 1 0 
1 1040 10.2 17 0.388440860215054 0.274193548387097 27.8851577664303 3 -1 0 
0 1040 9.8 18 0.571029776674938 0.533266129032258 4.90372476502775 3 1 0 
1 1050 10.2 17 0.339465725806452 0.362096774193548 16.1063179034311 3 -1 0 
0 1050 9.8 18 0.467979127134725 0.504838709677419 21.4322586051559 3 1 0 
1 1060 10.2 17 0.365749525616698 0.411290322580645 16.0890276925624 3 -1 0 
0 1060 9.8 18 0.448976426799007 0.459677419354839 19.443269775634 3 1 0 
1 1070 10.2 17 0.408333333333333 0.454032258064516 17.3528053910859 3 -2 0 
0 1070 9.8 19 0.576825127334465 0.404032258064516 25.3195777515744 3 2 0 
1 1080 10.2 18 0.417137096774194 0.484677419354839 18.893598125167 3 -1 0 
0 1080 9.8 19 0.497871863799283 0.412634408602151 6.73046488476149 3 1 0 
1 1090 10.2 18 0.401785714285714 0.484677419354839 17.7945947739519 3 -1 0 
0 1090 9.8 19 0.463709677419355 0.466733870967742 7.07278339895213 3 1 0 
1 1100 10.2 18 0.424647177419355 0.444354838709677 7.99768315479762 3 -1 0 
0 1100 9.8 19 0.539857320099256 0.479838709677419 9.10813296144067 3 1 0 
1 1110 10.2 18 0.394153225806452 0.520967741935484 9.39254251599839 3 -1 0 
0 1110 9.8 19 0.464421252371917 0.42741935483871 18.4967673144147 3 1 0 
1 1120 10.2 18 0.41973886328725 0.593548387096774 8.91190931085716 3 -1 0 
0 1120 9.8 19 0.398924731182796 0.362903225806452 7.56336690281206 3 1 0 
1 1130 10.2 19 0.514838709677419 0.641935483870968 5.10028448796391 3 0 0 
0 1130 9.8 19 0.527956989247312 0.326612903225806 6.15334426689097 3 0 0 
1 1140 10.2 19 0.470430107526882 0.65241935483871 3.22896971848973 3 0 0 
0 1140 9.8 19 0.492137096774194 0.19758064516129 14.3386566287464 3 0 0 
1 1150 10.2 19 0.545821114369502 0.643548387096774 9.30830263755247 3 0 0 
0 1150 9.8 19 0.585043988269795 0.276612903225806 27.4659985253915 3 0 0 
1 1160 10.2 19 0.620828698553949 0.587096774193548 10.8246712463546 3 0 0 
0 1160 9.8 19 0.643010752688172 0.333870967741936 19.5694239547119 3 0 0 
1 1170 10.2 19 0.51690946930281 0.442540322580645 43.6869353436268 3 0 0 
0 1170 9.8 19 0.400489631336406 0.386424731182796 36.6541929911817 3 0 0 
1 1180 10.2 19 0.494694397283531 0.397177419354839 48.5342921410055 3 -1 0 
0 1180 9.8 20 0.393738140417457 0.406451612903226 35.1202704717802 3 1 0 
1 1190 10.2 19 0.449092741935484 0.410282258064516 42.2183311859456 3 -1 0 
0 1190 9.8 20 0.45741935483871 0.429435483870968 18.6673948757392 3 1 0 
1 1200 10.2 19 0.406810035842294 0.421774193548387 30.4567663555161 3 -1 0 
0 1200 9.8 20 0.464213709677419 0.491935483870968 19.4495506837394 3 1 0 
1 1210 10.2 19 0.392665130568356 0.454838709677419 26.0331872803349 3 -1 0 
0 1210 9.8 20 0.432724957555178 0.501008064516129 10.5449477153977 3 1 0 
1 1220 10.2 20 0.412154377880184 0.487903225806452 21.3671646242986 3 0 0 
0 1220 9.8 20 0.478889943074004 0.455645161290323 18.6870293543214 3 0 0 
1 1230 10.2 20 0.413856304985337 0.444556451612903 12.7303651698092 3 0 0 
0 1230 9.8 20 0.398316970546985 0.479838709677419 18.3303282106704 3 0 0 
1 1240 10.2 20 0.397727272727273 0.481451612903226 12.5032339744869 3 0 0 
0 1240 9.8 20 0.390552995391705 0.443548387096774 17.2097069884036 3 0 0 
1 1250 10.2 20 0.451836917562724 0.490322580645161 5.68174303098399 3 0 0 
0 1250 9.8 20 0.513196480938416 0.436827956989247 7.45928311967836 3 0 0 
1 1260 10.2 20 0.359543010752688 0.466935483870968 18.3815251178784 3 0 0 
0 1260 9.8 20 0.478983382209189 0.397177419354839 31.9338453911629 3 0 0 
1 1270 10.2 20 0.383064516129032 0.420161290322581 24.9687589205226 3 0 0 
0 1270 9.8 20 0.478195937873357 0.379032258064516 35.5634819106717 3 0 0 
1 1280 10.2 20 0.476310483870968 0.367943548387097 27.4796317312522 3 0 0 
0 1280 9.8 20 0.566666666666667 0.400201612903226 37.0837927290811 3 0 0 
1 1290 10.2 20 0.348790322580645 0.394153225806452 25.9529971535988 3 0 0 
0 1290 9.8 20 0.486559139784946 0.393817204301075 33.7049682300907 3 0 0 
1 1300 10.2 20 0.368951612903226 0.344758064516129 30.9834308246752 3 0 0 
0 1300 9.8 20 0.46875 0.461021505376344 15.111333884622 3 0 0 
1 1310 10.2 20 0.355990783410138 0.309475806451613 28.3997747945604 3 0 0 
0 1310 9.8 20 0.578629032258065 0.528225806451613 11.1171736365309 3 0 0 
1 1320 10.2 20 0.338325652841782 0.368951612903226 17.4576036199683 3 -1 0 
0 1320 9.8 21 0.490668202764977 0.514784946236559 9.45094627976012 3 1 0 
1 1330 10.2 20 0.363978494623656 0.436491935483871 23.2247524078666 3 -1 0 
0 1330 9.8 21 0.443387096774194 0.486559139784946 9.10759622434393 3 1 0 
1 1340 10.2 21 0.408154121863799 0.391935483870968 40.7217839699857 3 0 0 
0 1340 9.8 21 0.547750424448217 0.391129032258065 41.3214447001237 3 0 0 
1 1350 10.2 21 0.37774926686217 0.419354838709677 29.6267447327216 3 0 0 
0 1350 9.8 21 0.487231182795699 0.344086021505376 20.7608431543334 3 0 0 
1 1360 10.2 21 0.401297335203366 0.357258064516129 38.3543234577082 3 0 0 
0 1360 9.8 21 0.411626344086022 0.377688172043011 26.0106530773136 3 0 0 
1 1370 10.2 21 0.429637096774194 0.312903225806452 37.8834565978457 3 0 0 
0 1370 9.8 21 0.478629032258064 0.436827956989247 12.4716794386743 3 0 0 
1 1380 10.2 21 0.416363163371488 0.442540322580645 20.484944969725 3 0 0 
0 1380 9.8 21 0.413474462365591 0.471774193548387 9.25410530427268 3 0 0 
1 1390 10.2 21 0.455322580645161 0.533064516129032 22.2426193276132 3 0 0 
0 1390 9.8 21 0.402822580645161 0.528225806451613 2.68816503408199 3 0 0 
1 1400 10.2 21 0.574074074074074 0.636290322580645 13.3136551143126 3 0 0 
0 1400 9.8 21 0.472782258064516 0.372983870967742 26.82853188756 3 0 0 
1 1410 10.2 21 0.553194789081886 0.666129032258065 12.463776472048 3 0 0 
0 1410 9.8 21 0.446068548387097 0.316129032258065 10.0780602555032 3 0 0 
1 1420 10.2 21 0.527450372208437 0.642137096774194 14.5249370999168 3 0 0 
0 1420 9.8 21 0.451612903225806 0.317204301075269 10.6153698082331 3 0 0 
1 1430 10.2 21 0.581077188940092 0.628024193548387 16.6824925695823 3 0 0 
0 1430 9.8 21 0.549539170506912 0.289314516129032 15.5427868097889 3 0 0 
1 1440 10.2 22 0.493145161290323 0.654838709677419 11.1220349011829 3 1 1 
0 1440 9.8 21 0.473057184750733 0.266129032258065 27.9491933443534 2 -1 -1 
1 1450 10.2 22 0.531048387096774 0.644354838709677 26.9922151695621 3 1 1 
0 1450 9.8 21 0.59375 0.227150537634409 23.4816503912268 2 -1 -1 
1 1460 10.2 22 0.584354838709677 0.604838709677419 27.1910515656759 3 1 1 
0 1460 9.8 21 0.663709677419355 0.237903225806452 11.7511212476814 2 -1 -1 
1 1470 10.2 22 0.48163082437276 0.565322580645161 30.1332849688366 3 1 1 
0 1470 9.8 21 0.413375973303671 0.272849462365591 12.7562421114818 2 -1 -1 
1 1480 10.2 22 0.498588709677419 0.531451612903226 34.2609235221326 3 1 1 
0 1480 9.8 21 0.468548387096774 0.311827956989247 8.50867304772766 2 -1 -1 
1 1490 10.2 22 0.591733870967742 0.525806451612903 20.3331978699992 3 0 1 
0 1490 9.8 22 0.541858678955453 0.294354838709677 23.5218723437562 2 0 -1 
1 1500 10.2 22 0.426585094549499 0.381048387096774 17.0966273844411 3 0 1 
0 1500 9.8 22 0.47258064516129 0.342741935483871 23.9096226541498 2 0 -1 
1 1510 10.2 22 0.449764784946237 0.342741935483871 22.5618509021887 3 0 1 
0 1510 9.8 22 0.391129032258065 0.413306451612903 6.4351364843532 2 0 -1 
1 1520 10.2 22 0.530337941628264 0.399193548387097 16.9033738016984 3 0 1 
0 1520 9.8 22 0.470713073005093 0.456653225806452 16.9034598673915 2 0 -1 
1 1530 10.2 22 0.453293010752688 0.485483870967742 13.1613490262443 3 0 1 
0 1530 9.8 22 0.413306451612903 0.444556451612903 19.4814878885779 2 0 -1 
1 1540 10.2 22 0.455813172043011 0.49758064516129 9.67696824008333 3 0 1 
0 1540 9.8 22 0.383736559139785 0.455645161290323 13.6651907516504 2 0 -1 
1 1550 10.2 22 0.514784946236559 0.528225806451613 8.89727366953406 3 0 1 
0 1550 9.8 22 0.454637096774194 0.440524193548387 9.82235018202138 2 0 -1 
1 1560 10.2 22 0.466877880184332 0.493951612903226 0.5 3 0 1 
0 1560 9.8 22 0.351254480286738 0.419354838709677 14.590573949239 2 0 -1 
1 1570 10.2 22 0.460848074921956 0.421370967741936 2.91547594742265 3 0 1 
0 1570 9.8 22 0.377520161290323 0.524193548387097 11.3919622491808 2 0 -1 
1 1580 10.2 23 0.5459229390681 0.42741935483871 5.65685424949238 3 1 1 
0 1580 9.8 22 0.420967741935484 0.509408602150538 12.853714259616 2 -1 -1 
1 1590 10.2 23 0.494239631336406 0.449596774193548 5.59016994374947 3 1 1 
0 1590 9.8 22 0.341733870967742 0.526209677419355 6.02079728939615 2 -1 -1 
1 1600 10.2 23 0.495845552297165 0.48991935483871 2.54950975679639 3 0 1 
0 1600 9.8 23 0.370347394540943 0.362903225806452 20.0249843945008 2 0 -1 
1 1610 10.2 23 0.58636836628512 0.481854838709677 10.5118980208143 3 0 1 
0 1610 9.8 23 0.426209677419355 0.271505376344086 29.5825157861832 2 0 -1 
1 1620 10.2 23 0.501008064516129 0.364247311827957 32.7910949221605 3 0 1 
0 1620 9.8 23 0.328533026113671 0.291666666666667 27.1797017316214 2 0 -1 
1 1630 10.2 23 0.484062980030722 0.391129032258065 37.3470667096761 3 0 1 
0 1630 9.8 23 0.341877880184332 0.356182795698925 25.5876664271775 2 0 -1 
1 1640 10.2 23 0.582661290322581 0.459677419354839 18.7649582590204 3 0 1 
0 1640 9.8 23 0.325716845878136 0.365591397849462 22.9528263174437 2 0 -1 
1 1650 10.2 23 0.552995391705069 0.580645161290323 22.1950137536954 3 0 1 
0 1650 9.8 23 0.326075268817204 0.27116935483871 30.9246384600582 2 0 -1 
1 1660 10.2 23 0.535618279569893 0.701612903225806 13.2080074649056 3 0 1 
0 1660 9.8 23 0.378780241935484 0.249193548387097 18.8066137542922 2 0 -1 
1 1670 10.2 23 0.554147465437788 0.776209677419355 5.69210240976168 3 0 1 
0 1670 9.8 23 0.413558467741936 0.233870967741935 19.3103311226433 2 0 -1 
