1 30 7.2 1 NaN 0.200604838709677 17.1422911409761 3 0 0 
0 30 8.8 1 NaN 0.299395161290323 25.5471731277182 3 0 0 
1 40 7.2 1 NaN 0.267137096774194 39.8502775032634 3 0 0 
0 40 8.8 1 NaN 0.290322580645161 26.1225869938649 3 0 0 
1 50 7.2 1 0.370967741935484 0.309475806451613 37.1058336476744 3 0 0 
0 50 8.8 1 0.370967741935484 0.304435483870968 33.1534054766258 3 0 0 
1 60 7.2 1 0.368279569892473 0.424395161290323 37.5697752008851 3 0 0 
0 60 8.8 1 0.368279569892473 0.388104838709677 44.7023314788823 3 0 0 
1 70 7.2 1 0.386904761904762 0.480846774193548 36.6726390635472 3 0 0 
0 70 8.8 1 0.39247311827957 0.38508064516129 40.963638749774 3 0 0 
1 80 7.2 1 0.481048387096774 0.483870967741936 35.8749096584893 3 0 0 
0 80 8.8 1 0.455495818399044 0.451612903225806 25.7146436590567 3 0 0 
1 90 7.2 1 0.419086021505376 0.484879032258065 36.6656585422657 3 0 0 
0 90 8.8 1 0.39454094292804 0.488709677419355 32.8891499923772 3 0 0 
1 100 7.2 1 0.380952380952381 0.497983870967742 39.5922072643913 3 -1 0 
0 100 8.8 2 0.429147465437788 0.456451612903226 33.8858067059696 3 1 0 
1 110 7.2 2 0.466589861751152 0.470430107526882 37.0169831607909 3 0 0 
0 110 8.8 2 0.46875 0.498387096774194 31.2534029410817 3 0 0 
1 120 7.2 2 0.404089861751152 0.355846774193548 48.1556193108229 3 0 0 
0 120 8.8 2 0.413684475806452 0.520967741935484 33.713548647886 3 0 0 
1 130 7.2 2 0.395329301075269 0.313709677419355 52.6627635094893 3 0 0 
0 130 8.8 2 0.444220430107527 0.534274193548387 26.0306509881753 3 0 0 
1 140 7.2 3 0.471774193548387 0.394354838709677 33.5327955251626 3 0 0 
0 140 8.8 3 0.483548387096774 0.536290322580645 23.7902671902442 3 0 0 
1 150 7.2 3 0.41705069124424 0.403225806451613 38.14977911418 3 0 0 
0 150 8.8 3 0.432315668202765 0.45 46.9800327123931 3 0 0 
1 160 7.2 3 0.389296187683284 0.444354838709677 34.1090261408486 3 -1 0 
0 160 8.8 4 0.424088359046283 0.466935483870968 35.1971424469007 3 1 0 
1 170 7.2 4 0.477956989247312 0.434677419354839 26.6388408914303 3 0 0 
0 170 8.8 4 0.459341397849462 0.466129032258065 40.7101165450857 3 0 0 
1 180 7.2 4 0.425691244239631 0.465322580645161 18.4891286374771 3 0 0 
0 180 8.8 4 0.412939882697947 0.473790322580645 13.0590018386328 3 0 0 
1 190 7.2 5 0.403691066997519 0.473790322580645 6.580194140483 3 1 0 
0 190 8.8 4 0.420698924731183 0.461021505376344 3.47935270902439 3 -1 0 
1 200 7.2 5 0.501185958254269 0.483870967741936 5.76773331529885 3 1 0 
0 200 8.8 4 0.443899018232819 0.349462365591398 38.9418489251279 3 -1 0 
1 210 7.2 5 0.432891705069124 0.407258064516129 35.1918191599118 3 1 0 
0 210 8.8 4 0.390841013824885 0.352822580645161 28.7008373962119 3 -1 0 
1 220 7.2 5 0.390508684863524 0.445967741935484 27.0025391471006 3 0 0 
0 220 8.8 5 0.409498207885305 0.310483870967742 36.3201464888814 3 0 0 
1 230 7.2 5 0.450035063113604 0.454032258064516 15.7466883530312 3 0 0 
0 230 8.8 5 0.469758064516129 0.42258064516129 20.026000292241 3 0 0 
1 240 7.2 5 0.404166666666667 0.491129032258064 8.08604558073156 3 0 0 
0 240 8.8 5 0.411656891495601 0.474193548387097 4.30737719083287 3 0 0 
1 250 7.2 5 0.4212158808933 0.479032258064516 5.4797282219091 3 0 0 
0 250 8.8 5 0.403393817204301 0.520161290322581 8.49677208624996 3 0 0 
1 260 7.2 6 0.47883064516129 0.515322580645161 3.12575821061583 3 1 0 
0 260 8.8 5 0.488819648093842 0.454838709677419 14.307750475391 3 -1 0 
1 270 7.2 6 0.435239491691105 0.479032258064516 13.3234810874797 3 0 0 
0 270 8.8 6 0.442307692307692 0.395161290322581 15.4124206699296 3 0 0 
1 280 7.2 6 0.41364247311828 0.548387096774194 4.70740372013436 3 0 0 
0 280 8.8 6 0.368727598566308 0.395161290322581 17.016369916245 3 0 0 
1 290 7.2 6 0.470161290322581 0.570161290322581 3.71390488968725 3 0 0 
0 290 8.8 6 0.414314516129032 0.413306451612903 17.0707014672335 3 0 0 
1 300 7.2 7 0.422552836484983 0.537903225806452 19.4385526111145 3 1 0 
0 300 8.8 6 0.420483870967742 0.420362903225806 22.6459681403254 3 -1 0 
1 310 7.2 7 0.405913978494624 0.540322580645161 13.4613509100367 3 1 0 
0 310 8.8 6 0.440042075736325 0.436491935483871 30.1230088652409 3 -1 0 
1 320 7.2 7 0.465725806451613 0.458870967741935 24.93959667805 3 0 0 
0 320 8.8 7 0.466733870967742 0.326612903225806 43.1077495761509 3 0 0 
1 330 7.2 7 0.429240374609781 0.482258064516129 19.6513197981543 3 0 0 
0 330 8.8 7 0.418682795698925 0.42258064516129 34.9900869959792 3 0 0 
1 340 7.2 7 0.407258064516129 0.530645161290323 23.6436733916651 3 0 0 
0 340 8.8 7 0.392943548387097 0.425 36.2772925805124 3 0 0 
1 350 7.2 7 0.474146110056926 0.459677419354839 25.2254884994639 3 0 0 
0 350 8.8 7 0.470814132104455 0.479838709677419 36.708178991569 3 0 0 
1 360 7.2 7 0.383064516129032 0.444354838709677 39.4979536174668 3 -1 0 
0 360 8.8 8 0.435609879032258 0.511290322580645 29.1574915913241 3 1 0 
1 370 7.2 8 0.376344086021505 0.366935483870968 46.0356657270646 3 0 0 
0 370 8.8 8 0.421850998463902 0.501612903225806 36.3095026671889 3 0 0 
1 380 7.2 8 0.466642228739003 0.416935483870968 43.5838055712832 3 0 0 
0 380 8.8 8 0.476129032258065 0.496774193548387 38.6113934353507 3 0 0 
1 390 7.2 8 0.373487903225806 0.491935483870968 34.5646295171678 3 0 0 
0 390 8.8 8 0.440714908456844 0.487903225806452 42.4448769077262 3 0 0 
1 400 7.2 8 0.388709677419355 0.481854838709677 35.042994541376 3 0 0 
0 400 8.8 8 0.440645161290323 0.478225806451613 42.2570557091381 3 0 0 
1 410 7.2 8 0.43991935483871 0.381451612903226 32.7653968393432 3 -1 0 
0 410 8.8 9 0.492943548387097 0.357258064516129 42.89709851918 3 1 0 
1 420 7.2 8 0.428064516129032 0.425 31.4887401236296 3 -1 0 
0 420 8.8 9 0.37225073313783 0.421774193548387 17.8830654625512 3 1 0 
1 430 7.2 8 0.40515427769986 0.448588709677419 17.985445610449 3 -1 0 
0 430 8.8 9 0.384642356241234 0.445161290322581 4.98843255504274 3 1 0 
1 440 7.2 8 0.468841642228739 0.479838709677419 4.82338136992598 3 -1 0 
0 440 8.8 9 0.47773492286115 0.498387096774194 3.36449819094448 3 1 0 
1 450 7.2 9 0.432027649769585 0.433467741935484 6.02079728939615 3 0 0 
0 450 8.8 9 0.368279569892473 0.517741935483871 6.55137975672098 3 0 0 
1 460 7.2 9 0.40531660692951 0.220430107526882 31.2588350342437 3 -1 0 
0 460 8.8 10 0.386935483870968 0.546774193548387 12.0326945427149 3 1 0 
1 470 7.2 9 0.467897022332506 0.349462365591398 12.5316923929078 3 -1 0 
0 470 8.8 10 0.473014888337469 0.516129032258065 12.4825834281478 3 1 0 
1 480 7.2 9 0.433333333333333 0.353225806451613 17.433225227001 3 -1 0 
0 480 8.8 10 0.38758064516129 0.530241935483871 8.49803834785737 3 1 0 
1 490 7.2 9 0.417251051893408 0.314516129032258 20.2077051435182 3 -2 0 
0 490 8.8 11 0.389846041055719 0.519153225806452 17.7311918463567 3 2 0 
1 500 7.2 9 0.491935483870968 0.338709677419355 10.6786136522293 3 -2 0 
0 500 8.8 11 0.437866568914956 0.462903225806452 41.2036241025166 3 2 0 
1 510 7.2 9 0.44432382133995 0.258064516129032 17.9498729675142 3 -2 0 
0 510 8.8 11 0.429745657568238 0.487903225806452 50.9460843335305 3 2 0 
1 520 7.2 10 0.395872865275142 0.237096774193548 14.7156038859494 3 -1 0 
0 520 8.8 11 0.457741935483871 0.536290322580645 43.4727086709778 3 1 0 
1 530 7.2 10 0.44391495601173 0.349193548387097 11.5482744113269 3 -2 0 
0 530 8.8 12 0.49266862170088 0.52741935483871 21.0847412702165 3 2 0 
1 540 7.2 10 0.383904569892473 0.391129032258065 5.36269138716737 3 -2 0 
0 540 8.8 12 0.430229716520039 0.466129032258065 28.2830026318684 3 2 0 
1 550 7.2 10 0.413018433179724 0.476612903225806 24.1848267016035 3 -2 0 
0 550 8.8 12 0.402875175315568 0.47741935483871 31.6249067364851 3 2 0 
1 560 7.2 10 0.482293127629733 0.487903225806452 31.6424279730277 3 -2 0 
0 560 8.8 12 0.478629032258064 0.504032258064516 33.7723678338767 3 2 0 
1 570 7.2 11 0.390645161290323 0.493548387096774 30.128299588458 3 -1 0 
0 570 8.8 12 0.403225806451613 0.467741935483871 30.2980291871819 3 1 0 
1 580 7.2 11 0.371723790322581 0.466733870967742 29.9233101423989 3 -2 0 
0 580 8.8 13 0.418682795698925 0.510483870967742 21.4092141260745 3 2 0 
1 590 7.2 11 0.457506203473945 0.455645161290323 20.1178178538012 3 -2 0 
0 590 8.8 13 0.503072196620584 0.5 25.8171590292337 3 2 0 
1 600 7.2 11 0.393346774193548 0.508064516129032 9.17457428723455 3 -2 0 
0 600 8.8 13 0.44463818657367 0.5 31.6599219516533 3 2 0 
1 610 7.2 11 0.397782258064516 0.448387096774194 16.7412633075809 3 -2 0 
0 610 8.8 13 0.417258064516129 0.443548387096774 36.9569897136095 3 2 0 
1 620 7.2 12 0.438879456706282 0.451612903225806 18.6055242090382 3 -1 0 
0 620 8.8 13 0.526713709677419 0.411290322580645 40.9186821988047 3 1 0 
1 630 7.2 12 0.44304435483871 0.433870967741935 31.0730857282995 3 -1 0 
0 630 8.8 13 0.430280957336108 0.449596774193548 8.90521827383104 3 1 0 
1 640 7.2 12 0.409106182795699 0.337096774193548 31.7462312029975 3 -1 0 
0 640 8.8 13 0.368145161290323 0.487903225806452 19.4716123498123 3 1 0 
1 650 7.2 12 0.435133239831697 0.437903225806452 14.3251910566178 3 -1 0 
0 650 8.8 13 0.448511166253102 0.394153225806452 32.98065115742 3 1 0 
1 660 7.2 12 0.468793828892006 0.428225806451613 17.5265261457553 3 -1 0 
0 660 8.8 13 0.412768817204301 0.419354838709677 25.3162595847959 3 1 0 
1 670 7.2 12 0.43250350631136 0.465322580645161 7.34481536056744 3 -2 0 
0 670 8.8 14 0.371700879765396 0.44758064516129 9.94820954931479 3 2 0 
1 680 7.2 13 0.438990182328191 0.523185483870968 7.82338580694393 3 -1 0 
0 680 8.8 14 0.441687344913151 0.346774193548387 42.2441230189753 3 1 0 
1 690 7.2 13 0.450736325385694 0.44758064516129 5.25892299867595 3 -1 0 
0 690 8.8 14 0.418870967741935 0.474462365591398 9.37063827002908 3 1 0 
1 700 7.2 13 0.425115207373272 0.411290322580645 23.6907154809643 3 -1 0 
0 700 8.8 14 0.38241935483871 0.521505376344086 11.1206562508954 3 1 0 
1 710 7.2 13 0.449046920821114 0.342741935483871 39.5142765742759 3 -1 0 
0 710 8.8 14 0.452324478178368 0.396505376344086 45.9629479913537 3 1 0 
1 720 7.2 13 0.414890552995392 0.207661290322581 18.1796589626978 3 -2 0 
0 720 8.8 15 0.42831541218638 0.325604838709677 50.4363121362564 3 2 0 
1 730 7.2 13 0.429347826086957 0.240591397849462 36.7306478929812 3 -2 0 
0 730 8.8 15 0.413375973303671 0.448588709677419 18.7477129090231 3 2 0 
1 740 7.2 13 0.462096774193548 0.344086021505376 31.2815325754504 3 -2 0 
0 740 8.8 15 0.485421836228288 0.502016129032258 5.17179563029077 3 2 0 
1 750 7.2 14 0.377520161290323 0.282258064516129 48.8237387079968 3 -1 0 
0 750 8.8 15 0.444503395585739 0.416129032258064 35.6670173294735 3 1 0 
1 760 7.2 14 0.374423963133641 0.341129032258065 39.5467643010742 3 -1 0 
0 760 8.8 15 0.439516129032258 0.469354838709677 35.4770191838123 3 1 0 
1 770 7.2 14 0.451923076923077 0.39758064516129 18.938640987487 3 -1 0 
0 770 8.8 15 0.521001344086021 0.510483870967742 31.4642511489537 3 1 0 
1 780 7.2 14 0.389280913978495 0.409677419354839 15.9761136099998 3 -2 0 
0 780 8.8 16 0.450312174817898 0.514516129032258 26.1933777534581 3 2 0 
1 790 7.2 14 0.387288786482335 0.425 10.9636515355784 3 -2 0 
0 790 8.8 16 0.399193548387097 0.489516129032258 28.6300403601692 3 2 0 
1 800 7.2 14 0.462096774193548 0.454032258064516 14.4065314894908 3 -2 0 
0 800 8.8 16 0.472849462365591 0.463709677419355 27.3643493499986 3 2 0 
1 810 7.2 15 0.375474383301708 0.505040322580645 22.2994509831654 3 -1 0 
0 810 8.8 16 0.445259042033236 0.429838709677419 20.7301048304278 3 1 0 
1 820 7.2 15 0.383736559139785 0.45866935483871 24.5530725022369 3 -1 0 
0 820 8.8 16 0.41647465437788 0.451612903225806 16.7632124184698 3 1 0 
1 830 7.2 15 0.446480938416422 0.382056451612903 15.9687207956851 3 -1 0 
0 830 8.8 16 0.482718894009217 0.540322580645161 27.9617486887527 3 1 0 
1 840 7.2 15 0.428763440860215 0.340725806451613 22.5698972768558 3 -2 0 
0 840 8.8 17 0.436451612903226 0.525201612903226 26.6842463891475 3 2 0 
1 850 7.2 15 0.399193548387097 0.289516129032258 36.5176841875988 3 -2 0 
0 850 8.8 17 0.413381123058542 0.540322580645161 34.7555804570988 3 2 0 
1 860 7.2 16 0.450764006791171 0.360483870967742 18.7332597520343 3 -1 0 
0 860 8.8 17 0.494623655913979 0.443548387096774 19.313207915828 3 1 0 
1 870 7.2 16 0.374787775891341 0.432258064516129 11.0704911597003 3 -1 0 
0 870 8.8 17 0.451612903225806 0.388440860215054 39.7784129759474 3 1 0 
1 880 7.2 16 0.405560271646859 0.455645161290323 6.53103269659441 3 -1 0 
0 880 8.8 17 0.403729838709677 0.40994623655914 42.6539350389608 3 1 0 
1 890 7.2 16 0.420866935483871 0.471774193548387 18.2948128788739 3 -1 0 
0 890 8.8 17 0.45776740237691 0.44489247311828 17.0421950088259 3 1 0 
1 900 7.2 17 0.380218216318786 0.489516129032258 14.3825697900765 3 -1 0 
0 900 8.8 18 0.449327956989247 0.433467741935484 0.707106781186548 3 1 0 
1 910 7.2 17 0.41044142614601 0.536290322580645 7.95420195394861 3 -1 0 
0 910 8.8 18 0.38594470046083 0.290322580645161 40.8609302259226 3 1 0 
1 920 7.2 17 0.452886247877759 0.533870967741936 6.71292817029376 3 -1 0 
0 920 8.8 18 0.362903225806452 0.241935483870968 31.3477223594035 3 1 0 
1 930 7.2 17 0.393145161290323 0.5 4.96560210954604 3 -1 0 
0 930 8.8 18 0.463098729227761 0.336693548387097 11.6163856776913 3 1 0 
1 940 7.2 17 0.368279569892473 0.483870967741936 4.29281749662417 3 -1 0 
0 940 8.8 18 0.408900836320191 0.444556451612903 6.80475533043428 3 1 0 
1 950 7.2 17 0.427016129032258 0.504838709677419 3.18956484534092 3 -1 0 
0 950 8.8 18 0.518817204301075 0.466397849462366 2.8007910710432 3 1 0 
1 960 7.2 17 0.408808933002481 0.496774193548387 5.81487353914973 3 -1 0 
0 960 8.8 18 0.468862007168459 0.375 32.6085136554498 3 1 0 
1 970 7.2 17 0.381048387096774 0.499193548387097 2.90919410561817 3 -1 0 
0 970 8.8 18 0.432703003337041 0.363911290322581 17.6289940446893 3 1 0 
1 980 7.2 17 0.41 0.490322580645161 4.72087161574621 3 -1 0 
0 980 8.8 18 0.54147465437788 0.398185483870968 13.7804155072953 3 1 0 
1 990 7.2 18 0.434475806451613 0.531451612903226 20.0813130745406 3 0 0 
0 990 8.8 18 0.488884045335658 0.407258064516129 10.7729590228663 3 0 0 
1 1000 7.2 18 0.463933691756272 0.544354838709677 22.347157840396 3 0 0 
0 1000 8.8 18 0.505040322580645 0.36491935483871 6.00968123576833 3 0 0 
1 1010 7.2 18 0.472410865874363 0.591935483870968 25.8481888154029 3 0 0 
0 1010 8.8 18 0.636872759856631 0.281451612903226 14.2074175097199 3 0 0 
1 1020 7.2 18 0.446704067321178 0.589516129032258 27.7885647755824 3 0 0 
0 1020 8.8 18 0.445239334027055 0.291935483870968 6.24859194492087 3 0 0 
1 1030 7.2 18 0.389838709677419 0.465322580645161 16.3834696307366 3 0 0 
0 1030 8.8 18 0.410589060308555 0.411290322580645 16.8978829115243 3 0 0 
1 1040 7.2 18 0.475614439324117 0.387903225806452 38.2462298620111 3 -1 0 
0 1040 8.8 19 0.456048387096774 0.437903225806452 24.3510359296687 3 1 0 
1 1050 7.2 19 0.443548387096774 0.425 36.1053375627513 3 0 0 
0 1050 8.8 19 0.383980938416422 0.459677419354839 29.9255680515962 3 0 0 
1 1060 7.2 19 0.431829637096774 0.445161290322581 24.7185099722823 3 0 0 
0 1060 8.8 19 0.368145161290323 0.483870967741936 31.2008414376384 3 0 0 
1 1070 7.2 19 0.491935483870968 0.46875 21.843651482315 3 0 0 
0 1070 8.8 19 0.448055028462998 0.514112903225806 41.4364580380023 3 0 0 
1 1080 7.2 19 0.454925115207373 0.512096774193548 11.815743690364 3 0 0 
0 1080 8.8 19 0.384576612903226 0.415322580645161 25.4988062974488 3 0 0 
1 1090 7.2 20 0.408751493428913 0.535282258064516 5.69853003525886 3 1 0 
0 1090 8.8 19 0.368279569892473 0.391129032258065 16.0078105935821 3 -1 0 
1 1100 7.2 20 0.465725806451613 0.601814516129032 3.86722998591501 3 1 0 
0 1100 8.8 19 0.455443548387097 0.342741935483871 3.64005494464026 3 -1 0 
1 1110 7.2 20 0.411866359447005 0.637096774193548 4.09148199288504 3 0 0 
0 1110 8.8 20 0.411465638148668 0.342741935483871 4.03112887414927 3 0 0 
1 1120 7.2 20 0.402258064516129 0.577620967741936 9.1568728353914 3 0 0 
0 1120 8.8 20 0.403846153846154 0.270161290322581 3.60555127546399 3 0 0 
1 1130 7.2 20 0.457223001402525 0.395967741935484 33.6189361225937 3 0 0 
0 1130 8.8 20 0.457085253456221 0.282258064516129 25.5054198281117 3 0 0 
1 1140 7.2 20 0.468339307048984 0.392741935483871 35.6513982084304 3 0 0 
0 1140 8.8 20 0.421102150537634 0.341397849462366 19.9457429244711 3 0 0 
1 1150 7.2 20 0.41547192353644 0.437903225806452 16.8638991404678 3 0 0 
0 1150 8.8 20 0.402258064516129 0.354032258064516 26.3417608059287 3 0 0 
1 1160 7.2 20 0.509992987377279 0.492741935483871 9.36837706648299 3 0 0 
0 1160 8.8 20 0.426663306451613 0.40241935483871 5.54621059156624 3 0 0 
1 1170 7.2 20 0.482809847198642 0.505645161290323 7.62081039223679 3 0 0 
0 1170 8.8 20 0.375 0.458064516129032 6.23614793176586 3 0 0 
1 1180 7.2 20 0.499881404174573 0.459677419354839 1 3 0 0 
0 1180 8.8 20 0.37741935483871 0.480645161290323 5.97007415653643 3 0 0 
1 1190 7.2 20 0.572253705318221 0.411290322580645 2.23606797749979 3 0 0 
0 1190 8.8 20 0.424731182795699 0.525 7.83754035725205 3 0 0 
1 1200 7.2 20 0.487214791502754 0.453629032258065 4.7169905660283 3 0 0 
0 1200 8.8 20 0.397707979626486 0.510483870967742 8.07618003371615 3 0 0 
1 1210 7.2 20 0.471514047866805 0.409274193548387 8.07774721070176 3 0 0 
0 1210 8.8 20 0.394686907020873 0.523387096774194 5.71329592316379 3 0 0 
1 1220 7.2 20 0.573252688172043 0.419354838709677 0 3 -1 0 
0 1220 8.8 21 0.453163771712159 0.505645161290323 9.60422654213372 3 1 0 
1 1230 7.2 21 0.505802517702596 0.32258064516129 0 3 0 0 
0 1230 8.8 21 0.410740469208211 0.556451612903226 7.85943303389434 3 0 0 
1 1240 7.2 21 0.496898263027295 0.154569892473118 15.8173559455808 3 0 0 
0 1240 8.8 21 0.414818548387097 0.70241935483871 4.27505682022469 3 0 0 
1 1250 7.2 21 0.645967741935484 0.153225806451613 12.9324468750022 3 0 0 
0 1250 8.8 21 0.545698924731183 0.735483870967742 5.29130326876993 3 0 0 
1 1260 7.2 21 0.496662958843159 0.199596774193548 6.84005471798858 3 0 0 
0 1260 8.8 21 0.420890937019969 0.770161290322581 5.13170113760923 3 0 0 
1 1270 7.2 21 0.449848790322581 0.262096774193548 9.17819052554922 3 0 0 
0 1270 8.8 21 0.45852534562212 0.673387096774194 2.97940396680777 3 0 0 
1 1280 7.2 21 0.66470223325062 0.235887096774194 8.71886475616811 3 0 0 
0 1280 8.8 21 0.44727047146402 0.540322580645161 12.5107148209938 3 0 0 
1 1290 7.2 21 0.521313364055299 0.373387096774194 13.6652040376243 3 0 0 
0 1290 8.8 21 0.411030176899063 0.362903225806452 27.1950915120369 3 0 0 
1 1300 7.2 21 0.423870967741936 0.371774193548387 10.6962123780497 3 0 0 
0 1300 8.8 21 0.40621266427718 0.346774193548387 29.9959422018594 3 0 0 
1 1310 7.2 21 0.452116935483871 0.381451612903226 29.5524142074536 3 0 0 
0 1310 8.8 21 0.429554079696395 0.337365591397849 29.8394857860182 3 0 0 
1 1320 7.2 21 0.424947970863684 0.40241935483871 16.631985601631 3 0 0 
0 1320 8.8 21 0.39454094292804 0.375 28.7529104117713 3 0 0 
1 1330 7.2 21 0.388440860215054 0.436290322580645 11.5607923963299 3 0 0 
0 1330 8.8 21 0.38508064516129 0.29758064516129 36.7778173880447 3 0 0 
1 1340 7.2 21 0.481854838709677 0.483870967741936 13.1608959405608 3 0 0 
0 1340 8.8 21 0.460853494623656 0.391935483870968 22.3412018044989 3 0 0 
1 1350 7.2 22 0.418314255983351 0.487903225806452 8.06220974817398 3 0 0 
0 1350 8.8 22 0.414627363737486 0.431451612903226 26.678993030359 3 0 0 
1 1360 7.2 22 0.417096774193548 0.526612903225806 4.90400040327244 3 0 0 
0 1360 8.8 22 0.409610215053763 0.416935483870968 32.7691419940059 3 0 0 
1 1370 7.2 22 0.55241935483871 0.531451612903226 10.063656240453 3 0 0 
0 1370 8.8 22 0.541383701188455 0.42741935483871 32.8517267470216 3 0 0 
1 1380 7.2 22 0.471102150537634 0.494354838709677 8.52894596263109 3 0 0 
0 1380 8.8 22 0.542251051893408 0.424395161290323 37.6643249874073 3 0 0 
1 1390 7.2 22 0.43200146627566 0.410483870967742 18.9279638754613 3 0 0 
0 1390 8.8 22 0.453853046594982 0.423387096774194 27.064438228348 3 0 0 
1 1400 7.2 22 0.567928039702233 0.362903225806452 13.7699523878627 3 0 0 
0 1400 8.8 22 0.355769230769231 0.424395161290323 20.1197135043006 3 0 0 
1 1410 7.2 22 0.488683662851197 0.462701612903226 6.81141987222956 3 0 0 
0 1410 8.8 22 0.442137096774194 0.426075268817204 23.4925077271831 3 0 0 
1 1420 7.2 22 0.403709677419355 0.465725806451613 3.29722093044749 3 0 0 
0 1420 8.8 22 0.413870967741935 0.440860215053763 23.2917370467096 3 0 0 
1 1430 7.2 22 0.466935483870968 0.483870967741936 3.97254993038156 3 0 0 
0 1430 8.8 22 0.437381404174573 0.359879032258065 30.7695261319072 3 0 0 
1 1440 7.2 22 0.499423963133641 0.485215053763441 2.06825239763673 3 0 0 
0 1440 8.8 22 0.443716397849462 0.446572580645161 17.8913999174549 3 0 0 
1 1450 7.2 22 0.468548387096774 0.505376344086022 2.36347315597287 3 0 0 
0 1450 8.8 22 0.384550084889643 0.450604838709677 21.7498826776763 3 0 0 
1 1460 7.2 22 0.525369623655914 0.493279569892473 2.7403098038593 3 0 0 
0 1460 8.8 22 0.411866359447005 0.435483870967742 17.4848959382489 3 0 0 
1 1470 7.2 22 0.477150537634409 0.564516129032258 4.27926279876755 3 0 0 
0 1470 8.8 22 0.434017595307918 0.349798387096774 8.45332728397881 3 0 0 
1 1480 7.2 22 0.439516129032258 0.586021505376344 10.8987826718233 3 0 0 
0 1480 8.8 22 0.45852534562212 0.275806451612903 15.9275769917363 3 0 0 
1 1490 7.2 22 0.548387096774194 0.643145161290323 15.4469569051782 3 0 0 
0 1490 8.8 22 0.516129032258065 0.262096774193548 5.1954017667053 3 0 0 
1 1500 7.2 23 0.483198924731183 0.662298387096774 18.0217672400908 3 1 0 
0 1500 8.8 22 0.481699751861042 0.278225806451613 5.93600464606686 3 -1 0 
1 1510 7.2 23 0.462141577060932 0.458064516129032 37.0867876501889 3 0 0 
0 1510 8.8 23 0.453965053763441 0.312096774193548 14.967968186804 3 0 0 
1 1520 7.2 23 0.543586789554531 0.483064516129032 22.8701590565512 3 0 0 
0 1520 8.8 23 0.462976539589443 0.375806451612903 29.6497821906859 3 0 0 
1 1530 7.2 23 0.464307048984468 0.49758064516129 25.8350800501043 3 0 0 
0 1530 8.8 23 0.376941457586619 0.403225806451613 29.6698951664971 3 0 0 
1 1540 7.2 23 0.42023141654979 0.398387096774194 29.5220627052148 3 0 0 
0 1540 8.8 23 0.418058755760369 0.399193548387097 30.0640675312733 3 0 0 
1 1550 7.2 23 0.469758064516129 0.404838709677419 25.8275703810092 3 0 0 
0 1550 8.8 23 0.448064516129032 0.382258064516129 14.0521309272732 3 0 0 
1 1560 7.2 23 0.441593352883675 0.420161290322581 33.2056505499497 3 0 0 
0 1560 8.8 23 0.41179435483871 0.436290322580645 16.235832653183 3 0 0 
1 1570 7.2 23 0.421023359288098 0.450806451612903 26.9346388318091 3 0 0 
0 1570 8.8 23 0.374039938556068 0.410483870967742 23.0752148299051 3 0 0 
1 1580 7.2 23 0.515891840607211 0.486290322580645 7.24037948634567 3 0 0 
0 1580 8.8 23 0.43721198156682 0.368548387096774 19.001134208883 3 0 0 
1 1590 7.2 23 0.462231182795699 0.530645161290323 16.2363142699556 3 0 0 
0 1590 8.8 23 0.376344086021505 0.375 10.6758765627463 3 0 0 
1 1600 7.2 23 0.467091571279917 0.548387096774194 9.98388834350949 3 0 0 
0 1600 8.8 23 0.373655913978495 0.373387096774194 19.900702533861 3 0 0 
1 1610 7.2 23 0.568324372759857 0.554838709677419 2.02431957703962 3 0 0 
0 1610 8.8 23 0.372983870967742 0.391129032258065 20.9037549405496 3 0 0 
1 1620 7.2 23 0.532741935483871 0.658064516129032 2.59152100557626 3 0 0 
0 1620 8.8 23 0.412826420890937 0.317540322580645 6.76133201004592 3 0 0 
1 1630 7.2 23 0.492286115007013 0.688709677419355 6.36273583301359 3 0 0 
0 1630 8.8 23 0.462224108658744 0.252016129032258 3.97178329689667 3 0 0 
1 1640 7.2 23 0.573252688172043 0.560483870967742 10.1689851696052 3 0 0 
0 1640 8.8 23 0.501273344651952 0.348790322580645 7.58256295793483 3 0 0 
1 1650 7.2 24 0.496543778801843 0.466129032258065 17.5203442102254 3 1 0 
0 1650 8.8 23 0.425115207373272 0.409274193548387 8.51262096382698 3 -1 0 
1 1660 7.2 24 0.515212609970674 0.482258064516129 15.1376685600806 3 1 0 
0 1660 8.8 23 0.334341397849462 0.438172043010753 6.70191294399498 3 -1 0 
1 1670 7.2 24 0.654711375212224 0.529032258064516 7.39288400017431 3 1 0 
0 1670 8.8 23 0.363306451612903 0.376344086021505 1.55337848752797 3 -1 0 
1 1680 7.2 24 0.523818454613653 0.521774193548387 6.59248926128309 3 1 0 
0 1680 8.8 23 0.300509337860781 0.3125 24.2155205773059 3 -1 0 
1 1690 7.2 24 0.501008064516129 0.504032258064516 9.09670780061981 3 1 0 
0 1690 8.8 23 0.330645161290323 0.425403225806452 14.8998616704002 3 -1 0 
1 1700 7.2 24 0.644810659186536 0.497311827956989 6.23292017389332 3 1 0 
0 1700 8.8 23 0.379838709677419 0.445564516129032 3.77703126559062 3 -1 0 
1 1710 7.2 24 0.53437019969278 0.504032258064516 0 3 0 0 
0 1710 8.8 24 0.280913978494624 0.467741935483871 2.32509176253098 3 0 0 
1 1720 7.2 24 0.538094227504245 0.495967741935484 0 3 0 0 
0 1720 8.8 24 0.322947214076246 0.40994623655914 15.1134297979413 3 0 0 
1 1730 7.2 24 0.670967741935484 0.439516129032258 0 3 0 0 
0 1730 8.8 24 0.351612903225806 0.381048387096774 35.6157508072883 3 0 0 
1 1740 7.2 24 0.54986231313926 0.44758064516129 0 3 0 0 
0 1740 8.8 24 0.271774193548387 0.379032258064516 44.1974256032465 3 0 0 
1 1750 7.2 24 0.487007168458781 NaN NaN 3 0 0 
0 1750 8.8 24 0.331011730205279 0.441532258064516 44.0545260785867 3 0 0 
1 1760 7.2 24 0.632903225806452 NaN NaN 3 0 0 
0 1760 8.8 24 0.358870967741936 0.448588709677419 42.6549915670772 3 0 0 
1 1770 7.2 24 0.520545314900154 0.114247311827957 5.23231068210904 3 0 0 
0 1770 8.8 24 0.284867172675522 0.453629032258065 35.6722263837444 3 0 0 
1 1780 7.2 24 0.451478494623656 0.284274193548387 24.5444420239615 3 0 0 
0 1780 8.8 24 0.319971537001898 0.384677419354839 52.058237436468 3 0 0 
1 1790 7.2 24 0.605539971949509 0.402217741935484 16.7965028969923 3 0 0 
0 1790 8.8 24 0.323588709677419 0.443548387096774 31.7093166741087 3 0 0 
1 1800 7.2 24 0.539947486871718 0.473790322580645 9.49077549146357 3 0 0 
0 1800 8.8 24 0.313556067588326 0.407258064516129 30.0195460820611 3 0 0 
1 1810 7.2 24 0.528081797235023 0.599798387096774 3.91964080854429 3 0 0 
0 1810 8.8 24 0.313667232597623 0.310483870967742 34.8680606779576 3 0 0 
1 1820 7.2 24 0.672538200339559 0.608870967741936 50.2177020929946 3 0 0 
0 1820 8.8 24 0.30752688172043 0.219086021505376 12.8861646568724 3 0 0 
1 1830 7.2 25 0.6783357771261 0.734677419354839 28.9886297854496 3 1 1 
0 1830 8.8 24 0.340149769585253 0.201612903225806 8.09026766474202 2 -1 -1 
1 1840 7.2 25 0.788810483870968 0.719354838709677 27.0631672130775 3 1 1 
0 1840 8.8 24 0.364176570458404 0.134408602150538 3.75618939599059 2 -1 -1 
1 1850 7.2 25 0.788810483870968 0.782258064516129 18.18694741432 3 1 1 
0 1850 8.8 24 0.364176570458404 0.120967741935484 5.59016994374947 2 -1 -1 
