1 30 8.6 1 NaN 0.241935483870968 20.3170124544671 3 0 0 
0 30 9.6 1 NaN 0.27258064516129 16.5702993033288 3 0 0 
1 40 8.6 1 NaN 0.330645161290323 28.0519333972912 3 0 0 
0 40 9.6 1 NaN 0.325 27.4460124980485 3 0 0 
1 50 8.6 1 0.383064516129032 0.389516129032258 30.3409311048536 3 0 0 
0 50 9.6 1 NaN 0.374193548387097 30.7208132857453 3 0 0 
1 60 8.6 1 0.375 0.467741935483871 28.7254045179228 3 0 0 
0 60 9.6 1 0.375 0.456451612903226 22.4041861704623 3 0 0 
1 70 8.6 1 0.374596774193548 0.491129032258064 30.2016403250724 3 0 0 
0 70 9.6 1 0.375 0.454838709677419 20.3170941112644 3 0 0 
1 80 8.6 1 0.462258064516129 0.534677419354839 24.8276679150842 3 0 0 
0 80 9.6 1 0.452447163515017 0.420967741935484 21.7999447567688 3 0 0 
1 90 8.6 1 0.428249525616698 0.50241935483871 28.2902327873211 3 0 0 
0 90 9.6 1 0.396712158808933 0.396774193548387 30.1298358458629 3 0 0 
1 100 8.6 1 0.444838709677419 0.488709677419355 32.8307633763373 3 0 0 
0 100 9.6 1 0.427096774193548 0.433064516129032 31.4536876787016 3 0 0 
1 110 8.6 2 0.483534946236559 0.5 34.3599578889298 3 0 0 
0 110 9.6 2 0.474798387096774 0.478225806451613 32.0888301287547 3 0 0 
1 120 8.6 2 0.391862170087977 0.493548387096774 39.6277051360383 3 0 0 
0 120 9.6 2 0.419210829493088 0.481451612903226 31.0564734314509 3 0 0 
1 130 8.6 2 0.386035653650255 0.454032258064516 37.6438605592783 3 0 0 
0 130 9.6 2 0.421129032258065 0.5 30.9386221717908 3 0 0 
1 140 8.6 2 0.458404074702886 0.464516129032258 36.4094910003921 3 0 0 
0 140 9.6 2 0.479838709677419 0.479032258064516 25.6300240748071 3 0 0 
1 150 8.6 3 0.424777530589544 0.500806451612903 35.1686289435753 3 0 0 
0 150 9.6 3 0.386746143057504 0.495161290322581 23.7468224540893 3 0 0 
1 160 8.6 3 0.428064516129032 0.503225806451613 38.2629249218446 3 0 0 
0 160 9.6 3 0.385483870967742 0.474193548387097 26.3823678408817 3 0 0 
1 170 8.6 4 0.484646401985112 0.525806451612903 35.1534471872293 3 0 0 
0 170 9.6 4 0.449333800841515 0.466129032258065 29.7717747072682 3 0 0 
1 180 8.6 4 0.433845766129032 0.534677419354839 35.6578513280529 3 0 0 
0 180 9.6 4 0.375 0.463709677419355 27.6213782980728 3 0 0 
1 190 8.6 4 0.428024193548387 0.516129032258065 34.1749247480137 3 -1 0 
0 190 9.6 5 0.395929339477727 0.460483870967742 29.3087826829321 3 1 0 
1 200 8.6 4 0.470196353436185 0.504032258064516 33.3908332551393 3 -1 0 
0 200 9.6 5 0.459677419354839 0.479838709677419 31.0762240494944 3 1 0 
1 210 8.6 5 0.415754608294931 0.495967741935484 27.6163903152881 3 0 0 
0 210 9.6 5 0.439660138248848 0.460483870967742 26.1906667139401 3 0 0 
1 220 8.6 5 0.410923753665689 0.444556451612903 24.5253836610169 3 -1 0 
0 220 9.6 6 0.446236559139785 0.483064516129032 24.6187797817053 3 1 0 
1 230 8.6 5 0.431283602150538 0.450604838709677 30.0448150483452 3 -1 0 
0 230 9.6 6 0.499551971326165 0.504032258064516 24.0575525987931 3 1 0 
1 240 8.6 6 0.394489247311828 0.386088709677419 42.39298319726 3 0 0 
0 240 9.6 6 0.437025616698292 0.506451612903226 26.7828942898898 3 0 0 
1 250 8.6 6 0.433786078098472 0.410282258064516 40.4126821599424 3 0 0 
0 250 9.6 6 0.421370967741936 0.529032258064516 28.3394002742667 3 0 0 
1 260 8.6 6 0.417776998597475 0.411290322580645 45.4828316667825 3 -1 0 
0 260 9.6 7 0.472614247311828 0.498387096774194 36.9413639749614 3 1 0 
1 270 8.6 6 0.407090053763441 0.408064516129032 46.6986310043286 3 -1 0 
0 270 9.6 7 0.414932362122789 0.488911290322581 35.0938616221783 3 1 0 
1 280 8.6 7 0.406546489563567 0.441129032258065 35.0818850638307 3 0 0 
0 280 9.6 7 0.453703703703704 0.506048387096774 41.4206542918491 3 0 0 
1 290 8.6 7 0.429280397022332 0.466935483870968 46.8619004210477 3 0 0 
0 290 9.6 7 0.486150070126227 0.402217741935484 54.6341728255868 3 0 0 
1 300 8.6 7 0.390762463343108 0.498387096774194 48.0855258907576 3 -1 0 
0 300 9.6 8 0.415023894862605 0.423387096774194 39.7518442915753 3 1 0 
1 310 8.6 7 0.392137096774194 0.512903225806452 42.1356052728066 3 -1 0 
0 310 9.6 8 0.40625 0.366129032258064 38.8398341124029 3 1 0 
1 320 8.6 8 0.467338709677419 0.516129032258065 51.2144290307364 3 0 0 
0 320 9.6 8 0.483030913978495 0.398387096774194 50.9365094425836 3 0 0 
1 330 8.6 8 0.427809573361082 0.491935483870968 52.4281467078304 3 0 0 
0 330 9.6 8 0.405241935483871 0.429838709677419 24.5471447223607 3 0 0 
1 340 8.6 8 0.416290322580645 0.454301075268817 19.8308594808571 3 -1 0 
0 340 9.6 9 0.418653576437588 0.504838709677419 6.95016072912332 3 1 0 
1 350 8.6 8 0.457661290322581 0.387096774193548 23.6791577516075 3 -1 0 
0 350 9.6 9 0.467741935483871 0.517741935483871 11.5474665871233 3 1 0 
1 360 8.6 8 0.410483870967742 0.281451612903226 46.0677985125156 3 -1 0 
0 360 9.6 9 0.440738025415445 0.52741935483871 18.1141327474529 3 1 0 
1 370 8.6 8 0.397401433691756 0.363709677419355 21.0731783864008 3 -1 0 
0 370 9.6 9 0.473521505376344 0.516935483870968 23.4115007843163 3 1 0 
1 380 8.6 8 0.43934811827957 0.423387096774194 15.0451583073521 3 -2 0 
0 380 9.6 10 0.497741935483871 0.418548387096774 49.149628972759 3 2 0 
1 390 8.6 9 0.401583034647551 0.425 13.3539623142949 3 -1 0 
0 390 9.6 10 0.432258064516129 0.503225806451613 34.6710420878281 3 1 0 
1 400 8.6 9 0.397707979626486 0.416129032258064 14.9073580728412 3 -1 0 
0 400 9.6 10 0.415322580645161 0.529032258064516 32.9768491138109 3 1 0 
1 410 8.6 9 0.440092165898617 0.465322580645161 20.8394952949578 3 -1 0 
0 410 9.6 10 0.529737903225806 0.536290322580645 35.4149124842604 3 1 0 
1 420 8.6 9 0.385630498533724 0.485483870967742 15.8391162356931 3 -2 0 
0 420 9.6 11 0.446930280957336 0.539314516129032 42.8187697397602 3 2 0 
1 430 8.6 10 0.372390891840607 0.466129032258065 20.9258086010441 3 -1 0 
0 430 9.6 11 0.385447214076246 0.5625 35.4868042519737 3 1 0 
1 440 8.6 10 0.421107994389902 0.432258064516129 17.7205934307876 3 -1 0 
0 440 9.6 11 0.464456391875747 0.424731182795699 53.9597306713381 3 1 0 
1 450 8.6 11 0.383904569892473 0.418548387096774 20.0980903549658 3 0 0 
0 450 9.6 11 0.445381231671554 0.516129032258065 27.0416345659799 3 0 0 
1 460 8.6 11 0.41173835125448 0.439516129032258 13.9233746337553 3 0 0 
0 460 9.6 11 0.481929510155317 0.391129032258065 49.4770505430266 3 0 0 
1 470 8.6 11 0.416788856304985 0.488709677419355 21.0139098581386 3 0 0 
0 470 9.6 11 0.533955857385399 0.388104838709677 44.7103060736401 3 0 0 
1 480 8.6 11 0.421129032258065 0.513709677419355 40.7038463667044 3 0 0 
0 480 9.6 11 0.433284457478006 0.345967741935484 41.7209198166629 3 0 0 
1 490 8.6 11 0.419354838709677 0.532258064516129 43.7150419225267 3 -1 0 
0 490 9.6 12 0.373991935483871 0.398387096774194 36.0516835099361 3 1 0 
1 500 8.6 12 0.494070208728653 0.519354838709677 35.9517279611647 3 0 0 
0 500 9.6 12 0.455220713073005 0.426612903225806 29.2198220493445 3 0 0 
1 510 8.6 12 0.412402669632925 0.499193548387097 21.8282010282294 3 0 0 
0 510 9.6 12 0.408787541713014 0.460483870967742 32.014386620522 3 0 0 
1 520 8.6 12 0.379765395894428 0.495967741935484 16.4746120671674 3 0 0 
0 520 9.6 12 0.393709677419355 0.494959677419355 34.5326211010171 3 0 0 
1 530 8.6 12 0.475806451612903 0.529032258064516 8.30209067358619 3 -1 0 
0 530 9.6 13 0.475974462365591 0.477150537634409 28.4486828664706 3 1 0 
1 540 8.6 13 0.435339861751152 0.533064516129032 5.49291784814718 3 0 0 
0 540 9.6 13 0.397401433691756 0.384072580645161 34.1824261385467 3 0 0 
1 550 8.6 13 0.391465053763441 0.508064516129032 11.0793342770351 3 0 0 
0 550 9.6 13 0.374596774193548 0.359879032258065 33.6447282921979 3 0 0 
1 560 8.6 13 0.458870967741936 0.383870967741935 63.9341888122149 3 0 0 
0 560 9.6 13 0.463343108504399 0.354838709677419 24.7341707152769 3 0 0 
1 570 8.6 13 0.402073732718894 0.376008064516129 45.6472463660781 3 0 0 
0 570 9.6 13 0.414112903225806 0.491935483870968 21.7346295537169 3 0 0 
1 580 8.6 14 0.390552995391705 0.34375 33.3561514598503 3 1 0 
0 580 9.6 13 0.408266129032258 0.630376344086022 1.57134840263678 3 -1 0 
1 590 8.6 14 0.459879032258065 0.326612903225806 37.1174176916363 3 1 0 
0 590 9.6 13 0.475268817204301 0.540322580645161 51.7311448587163 3 -1 0 
1 600 8.6 14 0.4265850945495 0.375 40.2003490986658 3 1 0 
0 600 9.6 13 0.464904420549582 0.495967741935484 38.4284013361139 3 -1 0 
1 610 8.6 14 0.48045905707196 0.32741935483871 42.9306227390852 3 0 0 
0 610 9.6 14 0.446029776674938 0.385483870967742 36.5459640063697 3 0 0 
1 620 8.6 14 0.465909090909091 0.32258064516129 30.2456539519218 3 0 0 
0 620 9.6 14 0.484604105571848 0.401612903225806 29.858275133222 3 0 0 
1 630 8.6 14 0.353718637992832 0.367741935483871 25.02058987667 3 0 0 
0 630 9.6 14 0.505956744868035 0.449193548387097 24.434464710282 3 0 0 
1 640 8.6 14 0.463133640552995 0.392741935483871 18.4958812039743 3 0 0 
0 640 9.6 14 0.503642039542144 0.500806451612903 22.2309852832046 3 0 0 
1 650 8.6 15 0.452368951612903 0.455645161290323 26.6534533678615 3 1 0 
0 650 9.6 14 0.561544991511036 0.435483870967742 34.0671096199558 3 -1 0 
1 660 8.6 15 0.372370266479663 0.479838709677419 38.7108014913124 3 1 0 
0 660 9.6 14 0.436457174638487 0.445967741935484 28.9611011355693 3 -1 0 
1 670 8.6 15 0.421901528013582 0.440322580645161 26.8804523717823 3 0 0 
0 670 9.6 15 0.387672811059908 0.462903225806452 8.13602180302986 3 0 0 
1 680 8.6 15 0.463497453310696 0.449193548387097 4.61837544469279 3 0 0 
0 680 9.6 15 0.504301075268817 0.514784946236559 6.11512940483007 3 0 0 
1 690 8.6 16 0.431312569521691 0.434677419354839 5.21205708431575 3 1 0 
0 690 9.6 15 0.452060931899642 0.528225806451613 2.06155281280883 3 -1 0 
1 700 8.6 16 0.503808243727599 0.532258064516129 6.32468586276099 3 1 0 
0 700 9.6 15 0.428702346041056 0.435483870967742 0 3 -1 0 
1 710 8.6 16 0.587903225806452 0.618548387096774 6.67040582392154 3 1 0 
0 710 9.6 15 0.529074702886248 0.354838709677419 0 3 -1 0 
1 720 8.6 16 0.410204714640198 0.463709677419355 35.4372862491423 3 1 0 
0 720 9.6 15 0.438620071684588 0.188172043010753 20.464385225119 3 -1 0 
1 730 8.6 16 0.376550868486352 0.491935483870968 27.1510506839364 3 1 0 
0 730 9.6 15 0.415898617511521 0.262096774193548 29.7041250329414 3 -1 0 
1 740 8.6 17 0.46320564516129 0.483870967741936 28.1603875444217 3 2 0 
0 740 9.6 15 0.506048387096774 0.34758064516129 26.4430595204635 3 -2 0 
1 750 8.6 17 0.402031063321386 0.387903225806452 37.0787949918678 3 2 0 
0 750 9.6 15 0.457903225806452 0.434677419354839 23.1738330718803 3 -2 0 
1 760 8.6 17 0.384615384615385 0.354838709677419 31.4556560012242 3 1 0 
0 760 9.6 16 0.444104560622914 0.516129032258065 6.02659011029213 3 -1 0 
1 770 8.6 17 0.435483870967742 0.391935483870968 23.1062368656533 3 1 0 
0 770 9.6 16 0.514112903225806 0.512096774193548 11.2914602541517 3 -1 0 
1 780 8.6 17 0.375930521091811 0.439516129032258 5.88316019027413 3 1 0 
0 780 9.6 16 0.515417457305503 0.53494623655914 3.85611733711765 3 -1 0 
1 790 8.6 18 0.344574780058651 0.49758064516129 9.27259546626512 3 2 0 
0 790 9.6 16 0.489976958525346 0.429435483870968 4.60977222864644 3 -2 0 
1 800 8.6 18 0.312903225806452 0.553225806451613 9.6480091179231 3 2 0 
0 800 9.6 16 0.55241935483871 0.310483870967742 7.15891053163818 3 -2 0 
1 810 8.6 18 0.362231182795699 0.513709677419355 9.9893298294853 3 2 0 
0 810 9.6 16 0.479520373514431 0.320564516129032 3.53553390593274 3 -2 0 
1 820 8.6 18 0.370161290322581 0.509677419354839 6.83356838314449 3 2 0 
0 820 9.6 16 0.474584555229717 0.279233870967742 35.6496187182631 3 -2 0 
1 830 8.6 18 0.424731182795699 0.409677419354839 4.38304159147156 3 2 0 
0 830 9.6 16 0.544489247311828 0.256451612903226 29.2623205586353 3 -2 0 
1 840 8.6 18 0.333027859237537 0.503225806451613 7.62308936859827 3 2 0 
0 840 9.6 16 0.461143695014663 0.290322580645161 30.0578928857731 3 -2 0 
1 850 8.6 18 0.337365591397849 0.605846774193548 2.71533470927579 3 1 0 
0 850 9.6 17 0.471648185483871 0.268548387096774 4.41087327389168 3 -1 0 
1 860 8.6 18 0.360056925996205 0.738911290322581 1.95836543585804 3 1 0 
0 860 9.6 17 0.535215053763441 0.243548387096774 4.25953585551341 3 -1 0 
1 870 8.6 18 0.32758064516129 0.637096774193548 4.18946451498034 3 1 0 
0 870 9.6 17 0.500488758553275 0.269354838709677 8.32628373071703 3 -1 0 
1 880 8.6 18 0.406017369727047 0.540322580645161 3.573062992178 3 1 0 
0 880 9.6 17 0.541282642089094 0.382258064516129 10.2801038038762 3 -1 0 
1 890 8.6 18 0.438895781637717 0.491935483870968 4.2636554875992 3 1 0 
0 890 9.6 17 0.603709677419355 0.448588709677419 15.8713500083782 3 -1 0 
1 900 8.6 19 0.427016129032258 0.456989247311828 6.63791052984619 3 2 0 
0 900 9.6 17 0.446102150537634 0.479838709677419 15.6604597633658 3 -2 0 
1 910 8.6 19 0.468245967741936 0.387096774193548 39.0020685157009 3 2 0 
0 910 9.6 17 0.369959677419355 0.536290322580645 0 3 -2 0 
1 920 8.6 19 0.493626430801249 0.342741935483871 53.1480178613844 3 2 0 
0 920 9.6 17 0.478158602150538 NaN NaN 3 -2 0 
1 930 8.6 19 0.532361455748553 0.452620967741936 47.5032754573219 3 2 0 
0 930 9.6 17 0.415322580645161 NaN NaN 3 -2 0 
1 940 8.6 19 0.523769100169779 0.433467741935484 34.6136788407759 3 2 0 
0 940 9.6 17 0.376466275659824 0.181451612903226 0 3 -2 0 
1 950 8.6 19 0.546223446105429 0.351612903225806 37.4954499559576 3 2 0 
0 950 9.6 17 0.554147465437788 0.199596774193548 28.1513765205185 3 -2 0 
1 960 8.6 20 0.501374633431085 0.373387096774194 39.010887555557 3 3 0 
0 960 9.6 17 0.380084151472651 0.215725806451613 24.4078573059364 3 -3 0 
1 970 8.6 20 0.51391779396462 0.516129032258065 29.7550244523179 3 2 1 
0 970 9.6 18 0.373138957816377 0.282258064516129 20.1558911214004 2 -2 -1 
1 980 8.6 20 0.568346774193548 0.535483870967742 17.4432680202871 3 2 1 
0 980 9.6 18 0.377592165898617 0.330645161290323 27.1707014233968 2 -2 -1 
1 990 8.6 20 0.458548387096774 0.535483870967742 8.77182026676691 3 2 1 
0 990 9.6 18 0.37741935483871 0.395161290322581 34.9323104275882 2 -2 -1 
1 1000 8.6 20 0.401528013582343 0.610483870967742 5.09598237131586 3 2 1 
0 1000 9.6 18 0.393328445747801 0.387096774193548 39.9639056929888 2 -2 -1 
1 1010 8.6 20 0.497903225806452 0.695967741935484 9.33735704903641 3 2 1 
0 1010 9.6 18 0.412903225806452 0.274193548387097 23.164728224634 2 -2 -1 
1 1020 8.6 20 0.442617866004963 0.689516129032258 5.66121440690434 3 1 1 
0 1020 9.6 19 0.377688172043011 0.283266129032258 5.43496430895138 2 -1 -1 
1 1030 8.6 20 0.437836021505376 0.668346774193548 5.77470078758312 3 1 1 
0 1030 9.6 19 0.359819734345351 0.272849462365591 4.47881687701451 2 -1 -1 
1 1040 8.6 21 0.498422159887798 0.659274193548387 8.59635671654331 3 2 1 
0 1040 9.6 19 0.415632754342432 0.212701612903226 21.9071018180339 2 -2 -1 
1 1050 8.6 21 0.467423599320883 0.598790322580645 5.31752737607009 3 2 1 
0 1050 9.6 19 0.354601518026565 0.198588709677419 14.0586537100521 2 -2 -1 
1 1060 8.6 21 0.444295101553166 0.564516129032258 2.31511720064624 3 2 1 
0 1060 9.6 19 0.402105734767025 0.270161290322581 15.8586723366478 2 -2 -1 
1 1070 8.6 21 0.553763440860215 0.409274193548387 3.28785921941466 3 2 1 
0 1070 9.6 19 0.44133064516129 0.358870967741936 21.1510497339376 2 -2 -1 
1 1080 8.6 21 0.493768328445748 0.426612903225806 31.3098562764925 3 2 1 
0 1080 9.6 19 0.390188172043011 0.368951612903226 15.1250241681042 2 -2 -1 
1 1090 8.6 21 0.513196480938416 0.525 20.8040887254406 3 2 1 
0 1090 9.6 19 0.44105222734255 0.402217741935484 15.850344324017 2 -2 -1 
1 1100 8.6 21 0.557258064516129 0.513709677419355 18.6546090065453 3 2 1 
0 1100 9.6 19 0.527361751152074 0.359677419354839 37.5897171939058 2 -2 -1 
1 1110 8.6 21 0.535786290322581 0.487096774193548 14.1984965370974 3 1 1 
0 1110 9.6 20 0.367204301075269 0.454838709677419 19.7098933094415 2 -1 -1 
1 1120 8.6 21 0.54247311827957 0.464516129032258 12.653263115019 3 1 2 
0 1120 9.6 20 0.396889400921659 0.491935483870968 3.56877232865175 1 -1 -2 
1 1130 8.6 21 0.559416508538899 0.493548387096774 15.9603978466803 3 1 2 
0 1130 9.6 20 0.540322580645161 0.463709677419355 4.38764766582546 1 -1 -2 
1 1140 8.6 21 0.512656810035842 0.476814516129032 21.3030006732558 3 1 2 
0 1140 9.6 20 0.397332506203474 0.493951612903226 3.68535808165275 1 -1 -2 
1 1150 8.6 21 0.48948732718894 0.485215053763441 7.43186032418677 3 1 2 
0 1150 9.6 20 0.370967741935484 0.452620967741936 7.32428488521257 1 -1 -2 
1 1160 8.6 22 0.546102150537634 0.487903225806452 7.67828665292753 3 2 2 
0 1160 9.6 20 0.525537634408602 0.473790322580645 16.5604951616792 1 -2 -2 
1 1170 8.6 22 0.52073732718894 0.530913978494624 5.73384108270683 3 2 2 
0 1170 9.6 20 0.304280397022333 0.300403225806452 42.6174846747201 1 -2 -2 
1 1180 8.6 22 0.505422691879866 0.647849462365591 11.5703064222862 3 2 2 
0 1180 9.6 20 0.376728110599078 0.282258064516129 0 1 -2 -2 
1 1190 8.6 22 0.600989736070381 0.71236559139785 4.8627701493496 3 2 2 
0 1190 9.6 20 0.397177419354839 0.233870967741935 0 1 -2 -2 
1 1200 8.6 22 0.555017921146953 0.602150537634409 20.6529748039519 3 2 2 
0 1200 9.6 20 0.252352150537634 0.217741935483871 0 1 -2 -2 
1 1210 8.6 22 0.5115518744551 0.451612903225806 28.5597202943633 3 2 2 
0 1210 9.6 20 0.309139784946237 0.122983870967742 1.58113883008419 1 -2 -2 
1 1220 8.6 22 0.603756884343037 0.365322580645161 41.57500075958 3 2 2 
0 1220 9.6 20 0.309139784946237 0.219758064516129 5.85234995535981 1 -2 -2 
1 1230 8.6 22 0.527962833099579 0.445161290322581 21.7564860955675 3 1 2 
0 1230 9.6 21 0.295250896057348 0.21875 25.4270178129462 1 -1 -2 
1 1240 8.6 22 0.489784946236559 0.463709677419355 16.3595414833391 3 1 2 
0 1240 9.6 21 0.430555555555556 0.264112903225806 18.2985106737647 1 -1 -2 
1 1250 8.6 22 0.621774193548387 0.595967741935484 5.62824654445661 3 1 2 
0 1250 9.6 21 0.430555555555556 0.236290322580645 15.0479217743629 1 -1 -2 
1 1260 8.6 22 0.487701612903226 0.608064516129032 12.6908388855755 3 1 2 
0 1260 9.6 21 0.313172043010753 0.237096774193548 6.70514691228506 1 -1 -2 
1 1270 8.6 22 0.510436432637571 0.518548387096774 29.7089678636709 3 1 2 
0 1270 9.6 21 0.380040322580645 0.219354838709677 5.74706419441625 1 -1 -2 
1 1280 8.6 22 0.638940092165899 0.515322580645161 41.1841183733824 3 1 3 
0 1280 9.6 21 0.451108870967742 0.209677419354839 5.43334205812973 0 -1 -3 
1 1290 8.6 22 0.631154499151104 0.511290322580645 38.8720256007961 3 1 3 
0 1290 9.6 21 0.33352534562212 0.321774193548387 16.6011461952968 0 -1 -3 
1 1300 8.6 22 0.691532258064516 0.490591397849462 32.9535169897689 3 1 3 
0 1300 9.6 21 0.377932551319648 0.387096774193548 19.1671500525873 0 -1 -3 
