1 30 7.6 1 NaN 0.270967741935484 18.8888826374794 2 0 0 
0 30 6.2 1 NaN 0.727150537634409 23.0525222269572 2 0 0 
1 40 7.6 1 NaN 0.290322580645161 23.6683799601397 2 0 0 
0 40 6.2 1 NaN 0.670362903225806 31.168692437966 2 0 0 
1 50 7.6 1 0.370967741935484 0.34758064516129 30.6068214167765 2 0 0 
0 50 6.2 1 0.37258064516129 0.604838709677419 38.4814509862031 2 0 0 
1 60 7.6 1 0.383064516129032 0.475 40.0024795039303 2 0 0 
0 60 6.2 1 0.381912442396313 0.491935483870968 44.6141125500189 2 0 0 
1 70 7.6 1 0.414458525345622 0.462903225806452 39.1433486006704 2 0 0 
0 70 6.2 1 0.433312655086849 0.500806451612903 39.5903630541295 2 0 0 
1 80 7.6 1 0.47926267281106 0.490322580645161 39.7604203456591 2 0 0 
0 80 6.2 1 0.455170777988615 0.496774193548387 37.7022338690748 2 0 0 
1 90 7.6 1 0.42741935483871 0.483870967741936 39.8847439156034 2 0 0 
0 90 6.2 1 0.408681214421252 0.523387096774194 39.888641600445 2 0 0 
1 100 7.6 1 0.397465437788018 0.498387096774194 43.1237459170387 2 0 0 
0 100 6.2 1 0.41647465437788 0.511290322580645 41.1552858180704 2 0 0 
1 110 7.6 2 0.491935483870968 0.489516129032258 39.9089055255579 2 0 0 
0 110 6.2 2 0.458870967741935 0.508064516129032 39.3372487228449 2 0 0 
1 120 7.6 2 0.414136622390892 0.492741935483871 39.5673618507447 2 0 0 
0 120 6.2 2 0.425084889643463 0.518548387096774 39.579343056329 2 0 0 
1 130 7.6 2 0.391439205955335 0.489516129032258 41.3573854481041 2 0 0 
0 130 6.2 2 0.415322580645161 0.499193548387097 42.045429402434 2 0 0 
1 140 7.6 2 0.485215053763441 0.487096774193548 40.5807681572336 2 0 0 
0 140 6.2 2 0.499193548387097 0.513709677419355 42.6658364157624 2 0 0 
1 150 7.6 2 0.42002688172043 0.434677419354839 42.573848207067 2 -1 0 
0 150 6.2 3 0.4223259762309 0.535282258064516 43.5479726972542 2 1 0 
1 160 7.6 3 0.383064516129032 0.442741935483871 26.9422046280676 2 0 0 
0 160 6.2 3 0.394623655913978 0.52258064516129 29.0000080192442 2 0 0 
1 170 7.6 3 0.456720430107527 0.475806451612903 17.3132657291787 2 0 0 
0 170 6.2 3 0.504608294930876 0.510483870967742 6.00648877081675 2 0 0 
1 180 7.6 3 0.382776497695852 0.494354838709677 3.46458878106838 2 0 0 
0 180 6.2 3 0.432854137447405 0.506451612903226 4.12475161373625 2 0 0 
1 190 7.6 3 0.398905529953917 0.443548387096774 4.49068072519268 2 0 0 
0 190 6.2 3 0.40607210626186 0.574193548387097 9.89469992418664 2 0 0 
1 200 7.6 3 0.463709677419355 0.441129032258065 3.82981348873905 2 0 0 
0 200 6.2 3 0.495766129032258 0.559677419354839 8.10197766546844 2 0 0 
1 210 7.6 4 0.404793906810036 0.486290322580645 15.4692717215984 2 0 0 
0 210 6.2 4 0.438004032258065 0.528225806451613 30.8699728803117 2 0 0 
1 220 7.6 4 0.420066413662239 0.478225806451613 28.8936315020574 2 0 0 
0 220 6.2 4 0.416582661290323 0.53125 32.2599204426226 2 0 0 
1 230 7.6 5 0.488127240143369 0.496774193548387 39.5817014500633 2 1 0 
0 230 6.2 4 0.458126550868486 0.559139784946237 36.1762381167454 2 -1 0 
1 240 7.6 5 0.443373071528752 0.52258064516129 40.4878829105651 2 1 0 
0 240 6.2 4 0.39289314516129 0.633064516129032 44.6153063894016 2 -1 0 
1 250 7.6 6 0.456720430107527 0.537096774193548 40.8441982983943 2 2 0 
0 250 6.2 4 0.396091811414392 0.567540322580645 40.6256295941053 2 -2 0 
1 260 7.6 6 0.527361751152074 0.538709677419355 38.9206811938421 2 1 0 
0 260 6.2 5 0.425 0.637096774193548 40.1473577074728 2 -1 0 
1 270 7.6 6 0.463064516129032 0.55241935483871 40.921828637054 2 1 0 
0 270 6.2 5 0.389516129032258 0.645161290322581 37.4616834398207 2 -1 0 
1 280 7.6 6 0.462813620071685 0.556451612903226 45.5680052248715 2 1 0 
0 280 6.2 5 0.386808755760369 0.566935483870968 41.4506377108382 2 -1 0 
1 290 7.6 6 0.507795698924731 0.505040322580645 46.4143868503001 2 0 0 
0 290 6.2 6 0.433602150537634 0.545161290322581 44.4515285964025 2 0 0 
1 300 7.6 6 0.444249649368864 0.352822580645161 42.1919447680478 2 0 0 
0 300 6.2 6 0.406451612903226 0.526612903225806 41.0763936535582 2 0 0 
1 310 7.6 6 0.417842741935484 0.331451612903226 38.7336894737032 2 0 0 
0 310 6.2 6 0.441532258064516 0.505645161290323 39.369613002961 2 0 0 
1 320 7.6 6 0.471326164874552 0.40241935483871 36.2154146768237 2 0 0 
0 320 6.2 6 0.513370118845501 0.482258064516129 38.6142980199461 2 0 0 
1 330 7.6 7 0.383064516129032 0.457258064516129 39.0244287993726 2 0 0 
0 330 6.2 7 0.452096774193548 0.495967741935484 39.3273558850539 2 0 0 
1 340 7.6 7 0.383995037220844 0.454032258064516 31.3548606170176 2 0 0 
0 340 6.2 7 0.42911714770798 0.545161290322581 28.8276909100403 2 0 0 
1 350 7.6 7 0.468475073313783 0.490322580645161 18.3126463071645 2 0 0 
0 350 6.2 7 0.49971198156682 0.528225806451613 10.2507797085489 2 0 0 
1 360 7.6 7 0.383064516129032 0.478225806451613 11.0458951161027 2 0 0 
0 360 6.2 7 0.427035330261137 0.508064516129032 9.36385228692424 2 0 0 
1 370 7.6 7 0.383064516129032 0.466935483870968 10.3929184092257 2 0 0 
0 370 6.2 7 0.389688940092166 0.587903225806452 28.0993166309965 2 0 0 
1 380 7.6 8 0.466733870967742 0.494623655913979 16.5742839065208 2 1 0 
0 380 6.2 7 0.508352534562212 0.537903225806452 13.420621889403 2 -1 0 
1 390 7.6 8 0.395833333333333 0.497311827956989 13.809610464426 2 0 0 
0 390 6.2 8 0.45083746898263 0.483064516129032 12.3510416551415 2 0 0 
1 400 7.6 8 0.383064516129032 0.278225806451613 33.4551939166402 2 0 0 
0 400 6.2 8 0.417931688804554 0.448588709677419 4.71879849317531 2 0 0 
1 410 7.6 8 0.429838709677419 0.334677419354839 36.1915611457819 2 0 0 
0 410 6.2 8 0.537298387096774 0.440322580645161 15.8342819113862 2 0 0 
1 420 7.6 8 0.388440860215054 0.361290322580645 30.8231251746344 2 -1 0 
0 420 6.2 9 0.455806451612903 0.470766129032258 22.4278330295958 2 1 0 
1 430 7.6 8 0.383064516129032 0.396774193548387 28.9762866672919 2 -1 0 
0 430 6.2 9 0.408986175115207 0.487903225806452 40.1937818651827 2 1 0 
1 440 7.6 8 0.432184750733138 0.441935483870968 27.549641035969 2 -1 0 
0 440 6.2 9 0.514112903225806 0.571774193548387 42.5125716086656 2 1 0 
1 450 7.6 9 0.390372983870968 0.462903225806452 25.5697392584031 2 0 0 
0 450 6.2 9 0.442338709677419 0.525806451612903 46.7965294164416 2 0 0 
1 460 7.6 9 0.387406947890819 0.433064516129032 25.4505709579386 2 0 0 
0 460 6.2 9 0.452798861480076 0.431451612903226 35.4583093354901 2 0 0 
1 470 7.6 9 0.419758064516129 0.388709677419355 23.8745546394273 2 -1 0 
0 470 6.2 10 0.525921658986175 0.434475806451613 38.3565914663112 2 1 0 
1 480 7.6 9 0.423811544991511 0.457258064516129 26.159533898008 2 -1 0 
0 480 6.2 10 0.485356536502547 0.467741935483871 37.8914121359748 2 1 0 
1 490 7.6 9 0.429099462365591 0.429838709677419 25.0072263349611 2 -1 0 
0 490 6.2 10 0.499615975422427 0.478225806451613 49.2998901783891 2 1 0 
1 500 7.6 10 0.575806451612903 0.37258064516129 27.3106580391725 2 0 0 
0 500 6.2 10 0.591468590831918 0.441935483870968 50.7901999243058 2 0 0 
1 510 7.6 10 0.390891840607211 0.332258064516129 19.1333099352521 2 -1 0 
0 510 6.2 11 0.456346423562412 0.439516129032258 48.6354925659134 2 1 0 
1 520 7.6 10 0.395161290322581 0.323387096774194 17.2095883216346 2 -1 0 
0 520 6.2 11 0.471041055718475 0.44758064516129 40.3763868342425 2 1 0 
1 530 7.6 10 0.467741935483871 0.438709677419355 16.2673129231998 2 -1 0 
0 530 6.2 11 0.53366935483871 0.513104838709677 43.0701918427447 2 1 0 
1 540 7.6 11 0.358006912442396 0.404838709677419 24.7857224441126 2 0 0 
0 540 6.2 11 0.475806451612903 0.565524193548387 56.7026279115986 2 0 0 
1 550 7.6 11 0.397465437788018 0.395967741935484 35.7956432991724 2 0 0 
0 550 6.2 11 0.423963133640553 0.575268817204301 36.5952886360323 2 0 0 
1 560 7.6 11 0.424462365591398 0.45241935483871 30.827422180627 2 0 0 
0 560 6.2 11 0.517281105990783 0.538978494623656 24.4436004568193 2 0 0 
1 570 7.6 11 0.433380084151473 0.436290322580645 24.8968208975562 2 0 0 
0 570 6.2 11 0.426075268817204 0.558467741935484 42.7940122403264 2 0 0 
1 580 7.6 11 0.395161290322581 0.421774193548387 14.4167885548102 2 0 0 
0 580 6.2 11 0.383064516129032 0.562096774193548 21.5675824582081 2 0 0 
1 590 7.6 11 0.484604105571848 0.441532258064516 4.89068248603495 2 -1 0 
0 590 6.2 12 0.538018433179723 0.559677419354839 7.8731096223532 2 1 0 
1 600 7.6 12 0.354502688172043 0.454637096774194 4.73893081845272 2 0 0 
0 600 6.2 12 0.472222222222222 0.483064516129032 12.9955429111409 2 0 0 
1 610 7.6 12 0.395161290322581 0.452956989247312 2.84681096758714 2 0 0 
0 610 6.2 12 0.505161290322581 0.441129032258065 20.5805362252085 2 0 0 
1 620 7.6 12 0.425806451612903 0.376008064516129 22.5694415863102 2 0 0 
0 620 6.2 12 0.579362170087977 0.469354838709677 21.2779176841246 2 0 0 
1 630 7.6 12 0.300403225806452 0.381048387096774 26.3361667065912 2 -1 0 
0 630 6.2 13 0.519916911045943 0.487903225806452 14.8877831864208 2 1 0 
1 640 7.6 12 0.334677419354839 0.319354838709677 25.5861659209131 2 -1 0 
0 640 6.2 13 0.546774193548387 0.508064516129032 7.92676068425639 2 1 0 
1 650 7.6 12 0.334677419354839 0.319354838709677 14.2222070718795 2 -1 0 
0 650 6.2 13 0.640322580645161 0.473387096774194 13.3439306399307 2 1 0 
1 660 7.6 12 0.312034739454094 0.309677419354839 11.642377400382 2 -1 0 
0 660 6.2 13 0.526612903225806 0.4 25.6493287901351 2 1 0 
1 670 7.6 13 0.370601173020528 0.334677419354839 19.6703432195375 2 0 0 
0 670 6.2 13 0.457342954159593 0.449596774193548 37.5033331851984 2 0 0 
1 680 7.6 13 0.361042183622829 0.375 18.664837033071 2 0 0 
0 680 6.2 13 0.588709677419355 0.397177419354839 28.6094390018399 2 0 0 
1 690 7.6 13 0.349193548387097 0.323387096774194 20.5916710890298 2 0 0 
0 690 6.2 13 0.497983870967742 0.479838709677419 39.560080889705 2 0 0 
1 700 7.6 14 0.40610599078341 0.321774193548387 23.9841819708263 2 0 0 
0 700 6.2 14 0.491733870967742 0.564516129032258 60.3515692826845 2 0 0 
1 710 7.6 14 0.411290322580645 0.332258064516129 20.8523740353189 2 0 0 
0 710 6.2 14 0.588472485768501 0.565524193548387 52.1238269563243 2 0 0 
1 720 7.6 14 0.383995037220844 0.325806451612903 34.7605177600393 2 0 0 
0 720 6.2 14 0.485599078341014 0.496975806451613 49.476791649641 2 0 0 
1 730 7.6 14 0.383064516129032 0.362096774193548 28.4068282472851 2 0 0 
0 730 6.2 14 0.419354838709677 0.480645161290323 42.4964810899046 2 0 0 
1 740 7.6 14 0.440860215053763 0.379838709677419 15.2780441159827 2 0 0 
0 740 6.2 14 0.534867172675522 0.465322580645161 42.438978075572 2 0 0 
1 750 7.6 14 0.397727272727273 0.443548387096774 9.66269740663923 2 0 0 
0 750 6.2 14 0.458625525946704 0.4375 29.0522778648527 2 0 0 
1 760 7.6 15 0.434139784946237 0.518548387096774 5.62537167717699 2 1 0 
0 760 6.2 14 0.434363799283154 0.502304147465438 25.4047436549155 2 -1 0 
1 770 7.6 15 0.525985663082437 0.545967741935484 5.24562513821085 2 1 0 
0 770 6.2 14 0.593077956989247 0.482862903225806 38.2848169295138 2 -1 0 
1 780 7.6 15 0.392857142857143 0.575806451612903 7.13190854902192 2 0 0 
0 780 6.2 15 0.506964809384164 0.59758064516129 31.9962697495903 2 0 0 
1 790 7.6 15 0.42741935483871 0.587096774193548 3.89391300430941 2 0 0 
0 790 6.2 15 0.520373514431239 0.623387096774194 23.2395820965163 2 0 0 
1 800 7.6 16 0.604838709677419 0.642741935483871 7.42728927002868 2 1 0 
0 800 6.2 15 0.651674937965261 0.678763440860215 7.87256238164248 2 -1 0 
1 810 7.6 16 0.45303605313093 0.591129032258064 2.51140728923803 1 1 -1 
0 810 6.2 15 0.471438172043011 0.650537634408602 6.18589919887442 2 -1 1 
1 820 7.6 16 0.43010752688172 0.308064516129032 29.6172497757158 1 1 -1 
0 820 6.2 15 0.538489736070381 0.638440860215054 3.25668240394703 2 -1 1 
1 830 7.6 16 0.511520737327189 0.350806451612903 11.4312127699088 1 1 -1 
0 830 6.2 15 0.613709677419355 0.497311827956989 6.5815744617416 2 -1 1 
1 840 7.6 16 0.329178885630499 0.366129032258065 13.3544467362924 1 0 -1 
0 840 6.2 16 0.466774193548387 0.456989247311828 7.73180382867107 2 0 1 
1 850 7.6 16 0.349462365591398 0.434677419354839 15.0563995960914 1 0 -1 
0 850 6.2 16 0.458064516129032 0.579838709677419 29.668916928441 2 0 1 
1 860 7.6 16 0.443996415770609 0.417741935483871 11.2323660664369 1 0 -1 
0 860 6.2 16 0.567428315412186 0.50241935483871 17.0030486044038 2 0 1 
1 870 7.6 16 0.329301075268817 0.478225806451613 7.15868282039743 1 0 -1 
0 870 6.2 16 0.473303670745273 0.492943548387097 4.48807830691108 2 0 1 
1 880 7.6 17 0.370967741935484 0.45241935483871 3.78226869840311 1 1 -1 
0 880 6.2 16 0.473958333333333 0.501344086021505 4.32677817178882 2 -1 1 
1 890 7.6 17 0.470430107526882 0.458064516129032 8.48882695156008 1 1 -1 
0 890 6.2 16 0.574932795698925 0.480846774193548 13.3569013986405 2 -1 1 
1 900 7.6 17 0.273185483870968 0.467741935483871 18.9388247402159 1 1 -1 
0 900 6.2 16 0.530367943548387 0.316532258064516 8.73212459828649 2 -1 1 
1 910 7.6 17 0.316935483870968 0.433064516129032 34.0422768796102 1 1 -1 
0 910 6.2 16 0.573885199240987 0.229838709677419 0 2 -1 1 
1 920 7.6 17 0.316935483870968 0.404838709677419 22.46900889942 1 1 -1 
0 920 6.2 16 0.673526140155729 0.681451612903226 61.2510377282383 2 -1 1 
1 930 7.6 17 0.332795698924731 0.420967741935484 16.8600310158313 1 1 -1 
0 930 6.2 16 0.504330943847073 0.609879032258065 11.86764559411 2 -1 1 
1 940 7.6 18 0.389784946236559 0.326612903225806 24.5332104130765 1 2 -1 
0 940 6.2 16 0.469015280135823 0.571572580645161 23.0400794793182 2 -2 1 
1 950 7.6 18 0.434587813620072 0.307258064516129 18.803825137015 1 2 -1 
0 950 6.2 16 0.601926523297491 0.549395161290323 35.3665030155491 2 -2 1 
1 960 7.6 18 0.350806451612903 0.405645161290323 21.1592744966593 1 2 -1 
0 960 6.2 16 0.501935483870968 0.568548387096774 33.2608002961787 2 -2 1 
1 970 7.6 18 0.36491935483871 0.445967741935484 24.3829082025699 1 2 -1 
0 970 6.2 16 0.459860703812317 0.606451612903226 6.0176156315209 2 -2 1 
1 980 7.6 18 0.408724340175953 0.441935483870968 10.0124098158805 1 2 -1 
0 980 6.2 16 0.429032258064516 0.595967741935484 4.97548903077983 2 -2 1 
1 990 7.6 18 0.44489247311828 0.537096774193548 12.2173465385865 1 1 -1 
0 990 6.2 17 0.393145161290323 0.532258064516129 6.43752228359717 2 -1 1 
1 1000 7.6 19 0.465245775729647 0.678225806451613 4.2759414137184 1 2 -1 
0 1000 6.2 17 0.354032258064516 0.525806451612903 17.4191577830468 2 -2 1 
1 1010 7.6 19 0.56160394265233 0.714516129032258 4.20056507354311 1 2 -1 
0 1010 6.2 17 0.507258064516129 0.542741935483871 26.2367324521424 2 -2 1 
1 1020 7.6 19 0.470430107526882 0.754032258064516 4.62855648366412 1 2 0 
0 1020 6.2 17 0.45032991202346 0.678427419354839 34.4866832494488 1 -2 0 
1 1030 7.6 19 0.650537634408602 0.757258064516129 2.43058104678121 1 2 0 
0 1030 6.2 17 0.47926267281106 0.778225806451613 2.5 1 -2 0 
1 1040 7.6 19 0.619134897360704 0.733064516129032 5.33872066609155 1 2 0 
0 1040 6.2 17 0.549448217317487 0.663978494623656 54.8481480015998 1 -2 0 
1 1050 7.6 20 0.499633431085044 0.807258064516129 2.6995887912286 1 3 0 
0 1050 6.2 17 0.519585253456221 0.57258064516129 59.6657355607052 1 -3 0 
1 1060 7.6 20 0.457258064516129 0.816532258064516 6.7345130272408 1 3 0 
0 1060 6.2 17 0.759677419354839 0.241935483870968 0 1 -3 0 
