1 30 8.4 1 NaN 0.309475806451613 22.2805492595994 2 0 0 
0 30 7.2 1 NaN 0.259677419354839 18.3351050808153 2 0 0 
1 40 8.4 1 NaN 0.323588709677419 22.0341578052248 2 0 0 
0 40 7.2 1 NaN 0.281451612903226 17.7206162367403 2 0 0 
1 50 8.4 1 0.370967741935484 0.417338709677419 32.3277353035192 2 0 0 
0 50 7.2 1 0.370967741935484 0.364516129032258 27.4595557900906 2 0 0 
1 60 8.4 1 0.383064516129032 0.470967741935484 40.2551405947359 2 0 0 
0 60 7.2 1 0.383064516129032 0.47741935483871 42.1663363749896 2 0 0 
1 70 8.4 1 0.420794930875576 0.474193548387097 36.0045986675814 2 0 0 
0 70 7.2 1 0.398905529953917 0.47741935483871 39.2926405050209 2 0 0 
1 80 8.4 1 0.466793168880455 0.494354838709677 40.3997352320068 2 0 0 
0 80 7.2 1 0.465542521994135 0.475 39.3536357449237 2 0 0 
1 90 8.4 1 0.409867172675522 0.489516129032258 39.3913126731197 2 0 0 
0 90 7.2 1 0.393010752688172 0.480645161290323 39.1774723172038 2 0 0 
1 100 8.4 1 0.408986175115207 0.494354838709677 38.9375642739909 2 0 0 
0 100 7.2 1 0.401985111662531 0.466935483870968 41.5716899066565 2 0 0 
1 110 8.4 2 0.467237903225806 0.488709677419355 37.9447340465544 2 0 0 
0 110 7.2 2 0.483870967741936 0.495161290322581 40.317739990387 2 0 0 
1 120 8.4 2 0.39489247311828 0.501612903225806 38.0969080592983 2 0 0 
0 120 7.2 2 0.383064516129032 0.479032258064516 40.0365366746905 2 0 0 
1 130 8.4 2 0.38802729528536 0.501612903225806 37.9510532808146 2 0 0 
0 130 7.2 2 0.387406947890819 0.479838709677419 38.3493336767079 2 0 0 
1 140 8.4 3 0.505272952853598 0.520967741935484 38.5485901800366 2 1 0 
0 140 7.2 2 0.464717741935484 0.454838709677419 35.5673114224868 2 -1 0 
1 150 8.4 3 0.436766862170088 0.462096774193548 31.2473518389191 2 0 0 
0 150 7.2 3 0.383064516129032 0.467741935483871 28.920737929534 2 0 0 
1 160 8.4 3 0.422456575682382 0.479838709677419 15.5471222556349 2 0 0 
0 160 7.2 3 0.383064516129032 0.411290322580645 33.998507425917 2 0 0 
1 170 8.4 3 0.521712158808933 0.482862903225806 5.31542052093132 2 0 0 
0 170 7.2 3 0.45497311827957 0.47741935483871 13.6993536343015 2 0 0 
1 180 8.4 3 0.447748655913978 0.476814516129032 5.3510873783424 2 0 0 
0 180 7.2 3 0.38508064516129 0.507056451612903 5.46281207563264 2 0 0 
1 190 8.4 4 0.448588709677419 0.424193548387097 21.7985146411532 2 1 0 
0 190 7.2 3 0.383064516129032 0.504032258064516 3.46611521255606 2 -1 0 
1 200 8.4 4 0.527973790322581 0.45 23.6116122778196 2 1 0 
0 200 7.2 3 0.45127688172043 0.358870967741936 36.219168688633 2 -1 0 
1 210 8.4 4 0.447054698457223 0.431451612903226 5.73722541499143 2 1 0 
0 210 7.2 3 0.383995037220844 0.265322580645161 31.9377356239387 2 -1 0 
1 220 8.4 4 0.435483870967742 0.450806451612903 13.5032250213108 2 0 0 
0 220 7.2 4 0.39005376344086 0.341129032258065 22.6724098146024 2 0 0 
1 230 8.4 5 0.49151103565365 0.379838709677419 38.3298861452453 2 1 0 
0 230 7.2 4 0.453163771712159 0.425 13.946634568026 2 -1 0 
1 240 8.4 5 0.444775596072931 0.403225806451613 30.7337048054211 2 1 0 
0 240 7.2 4 0.385215053763441 0.499193548387097 4.65406345628462 2 -1 0 
1 250 8.4 5 0.503083491461101 0.503225806451613 25.8142050186577 2 1 0 
0 250 7.2 4 0.385215053763441 0.436290322580645 2.96923396549905 2 -1 0 
1 260 8.4 6 0.512634408602151 0.548387096774194 27.6613879357663 2 2 0 
0 260 7.2 4 0.391129032258065 0.437096774193548 4.1806922768252 2 -2 0 
1 270 8.4 6 0.452956989247312 0.575 28.9810946543124 2 1 0 
0 270 7.2 5 0.383064516129032 0.393145161290323 5.53103173457805 2 -1 0 
1 280 8.4 6 0.440322580645161 0.570161290322581 29.286743405598 2 1 0 
0 280 7.2 5 0.383995037220844 0.376008064516129 4.56241415666976 2 -1 0 
1 290 8.4 6 0.524462365591398 0.513709677419355 29.2283323645036 2 1 0 
0 290 7.2 5 0.430299539170507 0.37258064516129 25.7783362911016 2 -1 0 
1 300 8.4 7 0.413187855787476 0.516129032258065 28.0966652727052 2 2 0 
0 300 7.2 5 0.383064516129032 0.417741935483871 21.9167563501552 2 -2 0 
1 310 8.4 7 0.419066820276498 0.528225806451613 26.8903761469638 2 1 0 
0 310 7.2 6 0.383064516129032 0.424193548387097 6.04404887895128 2 -1 0 
1 320 8.4 7 0.517059553349876 0.501612903225806 26.7736033542003 2 1 0 
0 320 7.2 6 0.475806451612903 0.467741935483871 7.9302520791398 2 -1 0 
1 330 8.4 8 0.467192082111437 0.503225806451613 48.1320865906875 2 2 0 
0 330 7.2 6 0.344758064516129 0.39616935483871 9.316637804119 2 -2 0 
1 340 8.4 8 0.509125636672326 0.52258064516129 45.6282484478678 2 2 0 
0 340 7.2 6 0.451612903225806 0.275201612903226 25.3990534017792 2 -2 0 
1 350 8.4 8 0.606112054329372 0.564516129032258 34.1648041980047 2 2 0 
0 350 7.2 6 0.451612903225806 0.285282258064516 11.8128767811417 2 -2 0 
1 360 8.4 8 0.495669056152927 0.512903225806452 43.2613743518772 2 2 0 
0 360 7.2 6 0.328812316715543 0.225806451612903 23.3310009621524 2 -2 0 
1 370 8.4 8 0.39602534562212 0.493548387096774 57.4806789011053 2 2 0 
0 370 7.2 6 0.395527859237537 0.317741935483871 19.9943135253514 2 -2 0 
1 380 8.4 9 0.553763440860215 0.492741935483871 39.7463766318371 2 3 0 
0 380 7.2 6 0.395527859237537 0.383064516129032 4.17965891022357 2 -3 0 
1 390 8.4 9 0.479838709677419 0.462903225806452 16.753175155485 2 2 0 
0 390 7.2 7 0.368951612903226 0.403225806451613 6.81001536064403 2 -2 0 
1 400 8.4 9 0.409850230414747 0.487903225806452 17.0042319632748 2 2 0 
0 400 7.2 7 0.388824884792627 0.429032258064516 6.83437010054273 2 -2 0 
1 410 8.4 9 0.589112903225806 0.529569892473118 6.86963771466203 2 2 0 
0 410 7.2 7 0.402016129032258 0.455645161290323 4.59982088766665 2 -2 0 
1 420 8.4 9 0.483366935483871 0.522177419354839 9.65660395791398 2 1 0 
0 420 7.2 8 0.379456706281834 0.442540322580645 7.69939845360895 2 -1 0 
1 430 8.4 9 0.483870967741936 0.362903225806452 29.156057851842 2 1 0 
0 430 7.2 8 0.451948924731183 0.527217741935484 6.02755698726301 2 -1 0 
1 440 8.4 9 0.613614800759013 0.342741935483871 19.278846189294 2 1 0 
0 440 7.2 8 0.532258064516129 0.491935483870968 29.9183987392097 2 -1 0 
1 450 8.4 9 0.48073476702509 0.348387096774194 20.4401441722548 2 1 0 
0 450 7.2 8 0.462173579109063 0.530241935483871 32.8663575883147 2 -1 0 
1 460 8.4 10 0.435009487666034 0.414516129032258 20.5762824578223 2 2 0 
0 460 7.2 8 0.37410394265233 0.423387096774194 26.1963737948595 2 -2 0 
1 470 8.4 10 0.580645161290323 0.508064516129032 12.4120232168289 2 2 0 
0 470 7.2 8 0.300403225806452 0.301411290322581 39.0809691820916 2 -2 0 
1 480 8.4 10 0.46505376344086 0.54133064516129 14.7125898689391 2 2 0 
0 480 7.2 8 0.394686907020873 0.304435483870968 33.0399857213413 2 -2 0 
1 490 8.4 10 0.43168880455408 0.548387096774194 11.6405885520292 2 1 0 
0 490 7.2 9 0.366004962779156 0.28125 21.5984801577688 2 -1 0 
1 500 8.4 10 0.509677419354839 0.51008064516129 3.42439495097989 2 1 0 
0 500 7.2 9 0.431141439205955 0.391129032258065 17.9546540797452 2 -1 0 
1 510 8.4 11 0.463517665130568 0.428225806451613 30.9436367102103 2 2 0 
0 510 7.2 9 0.401814516129032 0.394354838709677 25.8063067318941 2 -2 0 
1 520 8.4 11 0.383064516129032 0.459677419354839 27.5675083482295 2 2 0 
0 520 7.2 9 0.396281362007168 0.453225806451613 20.3235593160268 2 -2 0 
1 530 8.4 11 0.460829493087558 0.533870967741936 15.4259138664193 2 2 0 
0 530 7.2 9 0.430695564516129 0.437096774193548 17.617866596411 2 -2 0 
1 540 8.4 11 0.448666253101737 0.569354838709677 11.9924402658092 2 2 0 
0 540 7.2 9 0.372535842293907 0.405913978494624 13.5167951103276 2 -2 0 
1 550 8.4 11 0.48366935483871 0.595967741935484 12.2402629437019 2 2 0 
0 550 7.2 9 0.384216589861751 0.339717741935484 26.3369280389473 2 -2 0 
1 560 8.4 11 0.595161290322581 0.658064516129032 6.20612992207414 2 2 0 
0 560 7.2 9 0.389112903225806 0.268817204301075 12.5293752066998 2 -2 0 
1 570 8.4 12 0.511760752688172 0.716129032258064 5.65213755841377 2 3 0 
0 570 7.2 9 0.385976702508961 0.207661290322581 12.8574381684004 2 -3 0 
1 580 8.4 12 0.525604838709677 0.729032258064516 6.64247199150752 2 3 1 
0 580 7.2 9 0.430299539170507 0.236895161290323 6.10186038384339 1 -3 -1 
1 590 8.4 13 0.591680814940577 0.736290322580645 5.02530587852671 2 3 1 
0 590 7.2 10 0.490495391705069 0.216733870967742 10.4672412464247 1 -3 -1 
1 600 8.4 13 0.487519201228879 0.717741935483871 11.5300536425506 2 3 1 
0 600 7.2 10 0.476075268817204 0.191532258064516 8.11938893237969 1 -3 -1 
1 610 8.4 13 0.476310483870968 0.607258064516129 16.0623066580411 2 3 1 
0 610 7.2 10 0.370967741935484 0.22741935483871 18.5146390364868 1 -3 -1 
1 620 8.4 13 0.529301075268817 0.516129032258065 16.7998173987469 2 3 1 
0 620 7.2 10 0.494354838709677 0.27741935483871 15.457736132579 1 -3 -1 
1 630 8.4 13 0.454838709677419 0.331653225806452 29.9636898319324 2 3 1 
0 630 7.2 10 0.414650537634409 0.358064516129032 6.79897084533648 1 -3 -1 
1 640 8.4 13 0.416666666666667 0.355645161290323 24.8688650984919 2 2 1 
0 640 7.2 11 0.395781637717122 0.433870967741935 9.18299571936759 1 -2 -1 
1 650 8.4 13 0.515395894428152 0.409677419354839 17.9472653206495 2 2 1 
0 650 7.2 11 0.488479262672811 0.506451612903226 7.90361870263623 1 -2 -1 
1 660 8.4 13 0.467925219941349 0.416935483870968 36.3189584096083 2 2 1 
0 660 7.2 11 0.395471464019851 0.549193548387097 22.0891260784167 1 -2 -1 
1 670 8.4 13 0.435246679316888 0.470161290322581 36.8834528260758 2 2 1 
0 670 7.2 11 0.388196480938416 0.482258064516129 23.7160662059882 1 -2 -1 
1 680 8.4 14 0.583333333333333 0.569354838709677 23.4340207202367 2 3 1 
0 680 7.2 11 0.325716845878136 0.421370967741936 4.25160984638437 1 -3 -1 
1 690 8.4 14 0.515155728587319 0.682258064516129 20.7316134859458 2 3 1 
0 690 7.2 11 0.299395161290323 0.315860215053763 1.21360933279169 1 -3 -1 
1 700 8.4 14 0.525033602150538 0.729032258064516 20.405031099897 2 3 1 
0 700 7.2 11 NaN 0.195564516129032 2.69258240356725 1 -3 -1 
1 710 8.4 14 0.661458333333333 0.712903225806452 19.8071508644423 2 3 1 
0 710 7.2 11 NaN 0.151881720430108 6.77186905024322 1 -3 -1 
1 720 8.4 15 0.561950146627566 0.642137096774194 16.1130001060382 2 3 1 
0 720 7.2 12 0.251008064516129 0.233870967741935 13.9034555022921 1 -3 -1 
1 730 8.4 15 0.458333333333333 0.577620967741936 18.3368633288867 2 3 1 
0 730 7.2 12 NaN 0.256451612903226 22.2683628072551 1 -3 -1 
1 740 8.4 15 0.616935483870968 0.507056451612903 3.91380654909657 2 3 1 
0 740 7.2 12 NaN 0.310483870967742 15.8324928632701 1 -3 -1 
1 750 8.4 15 0.5055256869773 0.416129032258064 29.3251316667932 2 3 1 
0 750 7.2 12 0.281017369727047 0.390322580645161 17.3844352210463 1 -3 -1 
1 760 8.4 15 0.479435483870968 0.403225806451613 14.3811822197495 2 3 1 
0 760 7.2 12 0.287298387096774 0.406451612903226 10.4385247655725 1 -3 -1 
1 770 8.4 15 0.643145161290323 0.429032258064516 7.85297456852972 2 3 1 
0 770 7.2 12 0.287298387096774 0.494959677419355 9.23208945008807 1 -3 -1 
1 780 8.4 16 0.530115927419355 0.417338709677419 8.58912717348875 2 3 1 
0 780 7.2 13 0.296774193548387 0.560483870967742 0 1 -3 -1 
1 790 8.4 16 0.510483870967742 0.462365591397849 3.6047387514062 2 3 1 
0 790 7.2 13 0.295506912442396 0.270161290322581 0 1 -3 -1 
1 800 8.4 16 0.6625 0.646505376344086 22.5318917360795 2 3 1 
0 800 7.2 13 0.2875 0.205645161290323 18.3575597506858 1 -3 -1 
1 810 8.4 16 0.511401557285873 0.738911290322581 19.8950996573027 2 3 1 
0 810 7.2 13 0.272849462365591 0.190860215053763 11.2659496839248 1 -3 -1 
1 820 8.4 16 0.542803970223325 0.604032258064516 52.6602565595942 2 3 2 
0 820 7.2 13 NaN 0.181451612903226 11.3323196518634 0 -3 -2 
1 830 8.4 16 0.666774193548387 0.629838709677419 36.6432484743127 2 3 2 
0 830 7.2 13 0.264112903225806 0.244354838709677 9.92472265795646 0 -3 -2 
1 840 8.4 16 0.660578747628083 0.576612903225806 38.507126102007 2 2 2 
0 840 7.2 14 0.258064516129032 0.253225806451613 11.2591115650426 0 -2 -2 
1 850 8.4 17 0.755760368663595 0.631048387096774 36.720834926756 2 3 2 
0 850 7.2 14 NaN 0.224193548387097 10.1810770955466 0 -3 -2 
1 860 8.4 17 0.755760368663595 0.704637096774194 28.1020117991373 2 3 2 
0 860 7.2 14 NaN 0.221774193548387 6.62788417887583 0 -3 -2 
