1 30 10.2 1 NaN 0.3447265625 23.6917388328475 3 0 0 
0 30 8.6 1 NaN 0.30546875 35.0173297434621 3 0 0 
1 40 10.2 1 NaN 0.3046875 28.2513269050445 3 0 0 
0 40 8.6 1 NaN 0.3046875 35.7208463187979 3 0 0 
1 50 10.2 1 NaN 0.321875 28.1930783134478 3 0 0 
0 50 8.6 1 NaN 0.34921875 40.1985393319458 3 0 0 
1 60 10.2 1 0.3671875 0.415625 32.9233988817289 3 0 0 
0 60 8.6 1 0.37109375 0.49609375 47.590700029213 3 0 0 
1 70 10.2 1 0.36328125 0.42890625 30.061466202197 3 0 0 
0 70 8.6 1 0.37109375 0.5140625 47.5304812602658 3 0 0 
1 80 10.2 1 0.446614583333333 0.501953125 41.6724345549633 3 0 0 
0 80 8.6 1 0.474516369047619 0.514322916666667 44.4020371823457 3 0 0 
1 90 10.2 1 0.422724184782609 0.4921875 39.6657470493652 3 0 0 
0 90 8.6 1 0.439732142857143 0.3625 60.5971405726533 3 0 0 
1 100 10.2 2 0.374150815217391 0.3890625 45.5420595222628 3 1 0 
0 100 8.6 1 0.398947010869565 0.3953125 44.4048121504828 3 -1 0 
1 110 10.2 2 0.451171875 0.46953125 25.3297645966749 3 1 0 
0 110 8.6 1 0.443050986842105 0.4453125 17.2976346618972 3 -1 0 
1 120 10.2 2 0.43359375 0.4625 22.4302351458807 3 0 0 
0 120 8.6 2 0.406072443181818 0.48125 11.7779164749205 3 0 0 
1 130 10.2 3 0.383138020833333 0.52109375 25.2269299044701 3 1 0 
0 130 8.6 2 0.402669270833333 0.458984375 10.4265822190271 3 -1 0 
1 140 10.2 3 0.452445652173913 0.4462890625 33.1127032467873 3 1 0 
0 140 8.6 2 0.456845238095238 0.43671875 32.5638240551451 3 -1 0 
1 150 10.2 3 0.4415625 0.416015625 34.9093449388945 3 1 0 
0 150 8.6 2 0.401506696428571 0.42578125 26.3171831730747 3 -1 0 
1 160 10.2 3 0.39609375 0.359375 51.1927964986092 3 0 0 
0 160 8.6 3 0.374822443181818 0.434375 23.0769629057587 3 0 0 
1 170 10.2 3 0.45625 0.4125 33.580392377517 3 0 0 
0 170 8.6 3 0.46968005952381 0.484375 46.8758550222741 3 0 0 
1 180 10.2 4 0.417080965909091 0.446875 28.0818521056555 3 1 0 
0 180 8.6 3 0.419921875 0.49296875 45.1236141168867 3 -1 0 
1 190 10.2 4 0.384114583333333 0.4892578125 33.6318471992556 3 0 0 
0 190 8.6 4 0.396484375 0.48828125 52.7426933522321 3 0 0 
1 200 10.2 4 0.461143092105263 0.5029296875 44.8142988983768 3 0 0 
0 200 8.6 4 0.47705078125 0.46953125 57.0903126978657 3 0 0 
1 210 10.2 4 0.4259765625 0.40390625 48.5696043483529 3 0 0 
0 210 8.6 4 0.434988839285714 0.4515625 50.9776695524574 3 0 0 
1 220 10.2 5 0.36328125 0.4203125 30.2980206210554 3 0 0 
0 220 8.6 5 0.420797413793103 0.465625 37.0343324106318 3 0 0 
1 230 10.2 5 0.409765625 0.45859375 25.025883089114 3 0 0 
0 230 8.6 5 0.447840073529412 0.4453125 36.985017851391 3 0 0 
1 240 10.2 6 0.4306640625 0.4359375 23.8879781186345 3 1 0 
0 240 8.6 5 0.43070652173913 0.4 36.1141211479469 3 -1 0 
1 250 10.2 6 0.386875 0.51796875 30.5107569154901 3 1 0 
0 250 8.6 5 0.386548913043478 0.40859375 33.6130029340931 3 -1 0 
1 260 10.2 6 0.440321180555556 0.50078125 33.2364332143928 3 0 0 
0 260 8.6 6 0.44140625 0.42890625 22.7452403659113 3 0 0 
1 270 10.2 6 0.436244419642857 0.4671875 27.2741668811597 3 0 0 
0 270 8.6 6 0.407924107142857 0.4625 20.2406931431021 3 0 0 
1 280 10.2 6 0.395582932692308 0.478515625 30.3731880995254 3 0 0 
0 280 8.6 6 0.37109375 0.53828125 24.8618593457253 3 0 0 
1 290 10.2 6 0.45578125 0.42578125 24.9081528009116 3 0 0 
0 290 8.6 6 0.4490234375 0.53984375 28.4298165770116 3 0 0 
1 300 10.2 6 0.43515625 0.41640625 16.5253918315631 3 0 0 
0 300 8.6 6 0.403935185185185 0.5421875 19.5079868752312 3 0 0 
1 310 10.2 7 0.415005387931034 0.45546875 17.3631727556108 3 1 0 
0 310 8.6 6 0.37109375 0.53359375 17.499577419809 3 -1 0 
1 320 10.2 7 0.467610677083333 0.4640625 20.3285498637833 3 0 0 
0 320 8.6 7 0.451264880952381 0.4984375 19.2502871444358 3 0 0 
1 330 10.2 7 0.465066964285714 0.470703125 24.7183317865189 3 0 0 
0 330 8.6 7 0.4365625 0.47421875 32.4350240477394 3 0 0 
1 340 10.2 7 0.40576171875 0.5015625 32.2104719782466 3 0 0 
0 340 8.6 7 0.396577380952381 0.4609375 39.7388957637239 3 0 0 
1 350 10.2 7 0.464488636363636 0.49765625 25.0585479197658 3 0 0 
0 350 8.6 7 0.457763671875 0.478125 38.5688706274575 3 0 0 
1 360 10.2 8 0.430700231481481 0.54453125 31.4860443487026 3 0 0 
0 360 8.6 8 0.366443452380952 0.4755859375 46.1169098073765 3 0 0 
1 370 10.2 8 0.39546875 0.4890625 30.3037805705158 3 0 0 
0 370 8.6 8 0.390980113636364 0.4404296875 34.5638857144269 3 0 0 
1 380 10.2 8 0.4673828125 0.43828125 26.088883574554 3 0 0 
0 380 8.6 8 0.468039772727273 0.3640625 34.7301562889328 3 0 0 
1 390 10.2 8 0.393780048076923 0.49140625 28.3158255667042 3 0 0 
0 390 8.6 8 0.4228125 0.39140625 24.8716095198715 3 0 0 
1 400 10.2 8 0.400318287037037 0.501953125 34.4395234103656 3 0 0 
0 400 8.6 8 0.415409482758621 0.47890625 25.0055901701376 3 0 0 
1 410 10.2 8 0.470486111111111 0.44921875 29.0316068643933 3 -1 0 
0 410 8.6 9 0.472301136363636 0.56796875 18.6552808861785 3 1 0 
1 420 10.2 9 0.412471064814815 0.443359375 25.7273651112405 3 0 0 
0 420 8.6 9 0.447010869565217 0.54921875 13.5776325480739 3 0 0 
1 430 10.2 9 0.36328125 0.3876953125 35.3445762964369 3 0 0 
0 430 8.6 9 0.409342447916667 0.56640625 6.87734048149506 3 0 0 
1 440 10.2 9 0.465087890625 0.375 30.548605277655 3 0 0 
0 440 8.6 9 0.470394736842105 0.59921875 13.53926582232 3 0 0 
1 450 10.2 9 0.38671875 0.341796875 36.1141391978344 3 0 0 
0 450 8.6 9 0.452546296296296 0.53203125 23.0425546662652 3 0 0 
1 460 10.2 9 0.36328125 0.26171875 24.3014702631874 3 -1 0 
0 460 8.6 10 0.413504464285714 0.51328125 29.7778892115154 3 1 0 
1 470 10.2 9 0.452097039473684 0.32890625 13.9738951324218 3 -1 0 
0 470 8.6 10 0.500813802083333 0.46796875 38.7198532309479 3 1 0 
1 480 10.2 10 0.443181818181818 0.421875 22.2156975020749 3 0 0 
0 480 8.6 10 0.470703125 0.44765625 26.3569541442272 3 0 0 
1 490 10.2 10 0.383322010869565 0.4328125 26.847376129339 3 0 0 
0 490 8.6 10 0.409375 0.40390625 33.6380986961534 3 0 0 
1 500 10.2 10 0.426846590909091 0.4328125 30.133565943907 3 0 0 
0 500 8.6 10 0.415364583333333 0.36328125 30.6434743393377 3 0 0 
1 510 10.2 10 0.429408482142857 0.425 35.1337294154861 3 0 0 
0 510 8.6 10 0.413383152173913 0.3578125 28.6316223332377 3 0 0 
1 520 10.2 11 0.399594907407407 0.40859375 32.1801907918628 3 0 0 
0 520 8.6 11 0.37109375 0.439453125 27.4215699142952 3 0 0 
1 530 10.2 11 0.449835526315789 0.4421875 27.5095059184803 3 0 0 
0 530 8.6 11 0.427176339285714 0.42265625 23.6954246600799 3 0 0 
1 540 10.2 11 0.454241071428571 0.52109375 12.0688677157228 3 0 0 
0 540 8.6 11 0.42085597826087 0.419921875 19.2324970171507 3 0 0 
1 550 10.2 11 0.388822115384615 0.55546875 17.9700327890986 3 0 0 
0 550 8.6 11 0.376953125 0.4228515625 12.7433808491502 3 0 0 
1 560 10.2 11 0.429154829545455 0.5703125 11.1663976154593 3 0 0 
0 560 8.6 11 0.444779829545455 0.3466796875 25.9344494617152 3 0 0 
1 570 10.2 12 0.44375 0.58828125 4.80793186028421 3 1 0 
0 570 8.6 11 0.418108258928571 0.310546875 16.3286136736473 3 -1 0 
1 580 10.2 12 0.425071022727273 0.5453125 12.2407078770526 3 1 0 
0 580 8.6 11 0.4021875 0.3828125 2.32907321447017 3 -1 0 
1 590 10.2 12 0.464146205357143 0.458333333333333 23.0119975594286 3 1 0 
0 590 8.6 11 0.464409722222222 0.4328125 30.7484174704802 3 -1 0 
1 600 10.2 12 0.463350183823529 0.4521484375 16.4817948082425 3 1 0 
0 600 8.6 11 0.424429086538462 0.47890625 22.4890397084403 3 -1 0 
1 610 10.2 12 0.419480846774194 0.546875 13.4378108231184 3 0 0 
0 610 8.6 12 0.421424278846154 0.4189453125 21.96109661758 3 0 0 
1 620 10.2 12 0.451450892857143 0.44921875 37.573924768448 3 0 0 
0 620 8.6 12 0.471946022727273 0.306640625 37.9815356032874 3 0 0 
1 630 10.2 12 0.45359375 0.490625 20.7048000012357 3 0 0 
0 630 8.6 12 0.475027901785714 0.36328125 37.7553883214369 3 0 0 
1 640 10.2 13 0.368607954545455 0.43125 15.6535513123173 3 1 0 
0 640 8.6 12 0.444010416666667 0.4171875 29.751872781881 3 -1 0 
1 650 10.2 13 0.38671875 0.35234375 15.9939742615433 3 1 0 
0 650 8.6 12 0.53052662037037 0.47109375 39.8519356486438 3 -1 0 
1 660 10.2 13 0.393780048076923 0.32421875 16.5006531166454 3 1 0 
0 660 8.6 12 0.493303571428571 0.4828125 47.4661322430031 3 -1 0 
1 670 10.2 13 0.373263888888889 0.36640625 10.8759532562156 3 0 0 
0 670 8.6 13 0.473115808823529 0.52734375 53.0791046479502 3 0 0 
1 680 10.2 13 0.44921875 0.34765625 12.1212441609146 3 0 0 
0 680 8.6 13 0.55322265625 0.57890625 48.4542139296882 3 0 0 
1 690 10.2 14 0.403428819444444 0.41484375 3.95952719689997 3 1 0 
0 690 8.6 13 0.49671875 0.5234375 38.9836057672653 3 -1 0 
1 700 10.2 14 0.363636363636364 0.46953125 7.73072318838516 3 1 0 
0 700 8.6 13 0.38764880952381 0.4560546875 29.387870481171 3 -1 0 
1 710 10.2 14 0.385602678571429 0.55625 6.51461313527899 3 1 0 
0 710 8.6 13 0.436197916666667 0.4052734375 14.8385710992119 3 -1 0 
1 720 10.2 14 0.421730324074074 0.65078125 4.03927595422923 3 1 0 
0 720 8.6 13 0.429296875 0.2953125 20.9559235625052 3 -1 0 
1 730 10.2 14 0.422572544642857 0.67578125 4.98500517686526 3 1 0 
0 730 8.6 13 0.42094494047619 0.24140625 29.5855902698628 3 -1 0 
1 740 10.2 14 0.532398897058823 0.54140625 9.86181481689123 3 1 0 
0 740 8.6 13 0.4537109375 0.32265625 31.8327589141058 3 -1 0 
1 750 10.2 15 0.465651939655172 0.46796875 9.27615777067527 3 2 0 
0 750 8.6 13 0.37548828125 0.41796875 31.8612212293703 3 -2 0 
1 760 10.2 15 0.439713541666667 0.46953125 11.7194722718159 3 2 0 
0 760 8.6 13 0.366071428571429 0.35234375 20.0364556314576 3 -2 0 
1 770 10.2 15 0.499191810344828 0.50390625 6.06826066657119 3 2 0 
0 770 8.6 13 0.4263671875 0.390625 19.7776067033 3 -2 0 
1 780 10.2 15 0.428571428571429 0.496875 3.19657814967816 3 2 0 
0 780 8.6 13 0.368024553571429 0.4578125 21.4419914666166 3 -2 0 
1 790 10.2 15 0.450260416666667 0.54296875 6.67439471531782 3 1 0 
0 790 8.6 14 0.384171195652174 0.46484375 19.7206218925633 3 -1 0 
1 800 10.2 15 0.51171875 0.6015625 3.16275923114233 3 1 0 
0 800 8.6 14 0.402173913043478 0.4072265625 13.4852231611391 3 -1 0 
1 810 10.2 15 0.495671452702703 0.65703125 3.56705779406252 3 1 0 
0 810 8.6 14 0.419270833333333 0.360677083333333 14.727056978793 3 -1 0 
1 820 10.2 15 0.490542763157895 0.6625 3.76698069757864 3 1 0 
0 820 8.6 14 0.3421875 0.359375 18.6214119306935 3 -1 0 
1 830 10.2 15 0.610491071428571 0.52890625 14.3600598872712 3 1 0 
0 830 8.6 14 0.3603515625 0.33984375 29.3189213493652 3 -1 0 
1 840 10.2 16 0.542267628205128 0.5 17.1982106633677 3 2 0 
0 840 8.6 14 0.3125 0.357421875 19.1718194856058 3 -2 0 
1 850 10.2 16 0.45546875 0.496875 23.6006938327334 3 2 0 
0 850 8.6 14 0.379427083333333 0.3109375 22.2864117750904 3 -2 0 
1 860 10.2 16 0.520399305555556 0.4015625 27.9206371941675 3 2 0 
0 860 8.6 14 0.43984375 0.29453125 21.6533385040014 3 -2 0 
1 870 10.2 16 0.467881944444444 0.35625 30.8337525754125 3 1 0 
0 870 8.6 15 0.375 0.340625 10.0415626129657 3 -1 0 
1 880 10.2 16 0.4375 0.3703125 21.6702940513972 3 1 0 
0 880 8.6 15 0.374822443181818 0.378125 17.5737998257384 3 -1 0 
1 890 10.2 16 0.455502717391304 0.33984375 14.0929249591219 3 1 0 
0 890 8.6 15 0.444196428571429 0.43046875 25.7831078901208 3 -1 0 
1 900 10.2 16 0.468424479166667 0.36875 7.50096508300171 3 1 0 
0 900 8.6 15 0.46337890625 0.47109375 19.8751801867016 3 -1 0 
1 910 10.2 16 0.394368489583333 0.4390625 4.2319996887858 3 1 0 
0 910 8.6 15 0.428645833333333 0.4140625 18.5684824818424 3 -1 0 
1 920 10.2 16 0.427159926470588 0.48203125 5.65389101046524 3 0 0 
0 920 8.6 16 0.453125 0.37109375 11.5332179075358 3 0 0 
1 930 10.2 17 0.420572916666667 0.5125 6.58299188895225 3 1 0 
0 930 8.6 16 0.489728009259259 0.4306640625 11.7370138476438 3 -1 0 
1 940 10.2 17 0.360546875 0.55546875 3.00455909230653 3 1 0 
0 940 8.6 16 0.443638392857143 0.41015625 11.8118556315232 3 -1 0 
1 950 10.2 17 0.3955078125 0.46640625 4.87076264053995 3 1 0 
0 950 8.6 16 0.493896484375 0.486328125 7.95583318421897 3 -1 0 
1 960 10.2 17 0.423403532608696 0.5796875 3.73191341483631 3 1 0 
0 960 8.6 16 0.49560546875 0.388671875 4.22452186315261 3 -1 0 
1 970 10.2 17 0.441200657894737 0.6703125 3.63592313817432 3 1 0 
0 970 8.6 16 0.503817471590909 0.2646484375 4.19801824211117 3 -1 0 
1 980 10.2 17 0.564236111111111 0.68203125 6.28066193916857 3 1 0 
0 980 8.6 16 0.595758928571429 0.225 15.7597547973223 3 -1 0 
1 990 10.2 17 0.43671875 0.703125 7.27463960350617 3 0 0 
0 990 8.6 17 0.540967987804878 0.26484375 8.64035142266236 3 0 0 
1 1000 10.2 17 0.340625 0.661458333333333 7.88180946164802 3 0 0 
0 1000 8.6 17 0.546875 0.30859375 5.02046819052014 3 0 0 
1 1010 10.2 17 0.477120535714286 0.552083333333333 11.4749634305481 3 0 0 
0 1010 8.6 17 0.635546875 0.39140625 15.5478666494076 3 0 0 
1 1020 10.2 17 0.387770432692308 0.45703125 1.96211650579089 3 0 0 
0 1020 8.6 17 0.589339717741936 0.39609375 36.2082041881748 3 0 0 
1 1030 10.2 17 0.403428819444444 0.444010416666667 12.5266703899658 3 0 0 
0 1030 8.6 17 0.452566964285714 0.3890625 28.5587629711579 3 0 0 
1 1040 10.2 17 0.4203125 0.333984375 36.2159054954668 3 0 0 
0 1040 8.6 17 0.57328869047619 0.46796875 16.122326081136 3 0 0 
1 1050 10.2 18 0.35986328125 0.26953125 27.0874057684869 3 1 0 
0 1050 8.6 17 0.546164772727273 0.384375 25.8150703343615 3 -1 0 
1 1060 10.2 18 0.399338942307692 0.29140625 26.7107204661167 3 1 0 
0 1060 8.6 17 0.448958333333333 0.43125 26.7002404217405 3 -1 0 
1 1070 10.2 18 0.415501644736842 0.4109375 15.4792000428265 3 1 0 
0 1070 8.6 17 0.542258522727273 0.50625 16.3411783103674 3 -1 0 
1 1080 10.2 18 0.395692567567568 0.44140625 5.74441927582416 3 1 0 
0 1080 8.6 17 0.526154891304348 0.53125 21.4959420804695 3 -1 0 
1 1090 10.2 18 0.369698660714286 0.4890625 5.49237129281388 3 1 0 
0 1090 8.6 17 0.432410037878788 0.537109375 15.6284996080878 3 -1 0 
1 1100 10.2 19 0.419828869047619 0.59765625 5.22765709359843 3 2 0 
0 1100 8.6 17 0.487877155172414 0.5 0 3 -2 0 
1 1110 10.2 19 0.426953125 0.5125 12.1223591614028 3 2 0 
0 1110 8.6 17 0.489322916666667 0.41015625 0 3 -2 0 
1 1120 10.2 19 0.386970766129032 0.5171875 10.9850190238526 3 2 0 
0 1120 8.6 17 0.455965909090909 0.47265625 0 3 -2 0 
1 1130 10.2 19 0.467578125 0.60390625 11.7258701124365 3 2 0 
0 1130 8.6 17 0.511568509615385 0.19921875 29.3881876873952 3 -2 0 
1 1140 10.2 19 0.459309895833333 0.5265625 13.9717348000012 3 1 0 
0 1140 8.6 18 0.44046875 0.2607421875 35.3941793169333 3 -1 0 
1 1150 10.2 19 0.385962701612903 0.409375 18.8515922672326 3 1 1 
0 1150 8.6 18 0.448061342592593 0.34296875 28.0071370658703 2 -1 -1 
1 1160 10.2 19 0.410342261904762 0.33046875 7.44189315388852 3 1 1 
0 1160 8.6 18 0.453536184210526 0.4328125 21.7013866985343 2 -1 -1 
1 1170 10.2 20 0.413773148148148 0.35 7.67133047506608 3 2 1 
0 1170 8.6 18 0.445172991071429 0.46875 13.056789799085 2 -2 -1 
1 1180 10.2 20 0.39289314516129 0.30390625 3.15781313982445 3 2 1 
0 1180 8.6 18 0.380859375 0.54296875 11.267600711866 2 -2 -1 
1 1190 10.2 20 0.4296875 0.371875 7.46651253527721 3 2 1 
0 1190 8.6 18 0.4814453125 0.5712890625 7.40838191382389 2 -2 -1 
1 1200 10.2 20 0.457477678571429 0.4390625 7.5173368619764 3 2 1 
0 1200 8.6 18 0.438920454545455 0.509765625 4.74341649025257 2 -2 -1 
1 1210 10.2 20 0.468083079268293 0.43671875 2.1726880183476 3 2 1 
0 1210 8.6 18 0.408954326923077 0.470703125 8.86002257333467 2 -2 -1 
1 1220 10.2 20 0.55625 0.49296875 11.0736325636755 3 2 1 
0 1220 8.6 18 0.429987980769231 0.376953125 18.3983694929741 2 -2 -1 
1 1230 10.2 20 0.511328125 0.49609375 3.9156864934187 3 1 1 
0 1230 8.6 19 0.334517045454545 0.255859375 17.8675683852056 2 -1 -1 
1 1240 10.2 20 0.5078125 0.4875 6.02362964893209 3 1 1 
0 1240 8.6 19 0.36171875 0.251953125 28.2577423018896 2 -1 -1 
1 1250 10.2 20 0.597155448717949 0.44375 15.9576457142075 3 1 1 
0 1250 8.6 19 0.32421875 0.212890625 32.7845522828663 2 -1 -1 
1 1260 10.2 20 0.579375 0.4921875 11.9266218687942 3 1 1 
0 1260 8.6 19 0.268229166666667 0.2125 27.408485796741 2 -1 -1 
1 1270 10.2 21 0.54609375 0.56875 5.39808727097713 3 2 2 
0 1270 8.6 19 0.310546875 0.2015625 4.55042791967823 1 -2 -2 
1 1280 10.2 21 0.683120265151515 0.6828125 5.57100195532241 3 2 2 
0 1280 8.6 19 0.310546875 0.2 5.31289106535547 1 -2 -2 
1 1290 10.2 21 0.569972826086957 0.596875 13.796767593864 3 2 2 
0 1290 8.6 19 0.2119140625 0.20859375 6.4319331848938 1 -2 -2 
1 1300 10.2 21 0.510999177631579 0.5390625 13.1076626283586 3 1 2 
0 1300 8.6 20 0.24609375 0.22578125 5.457481778868 1 -1 -2 
1 1310 10.2 21 0.660435267857143 0.475 6.87784326653518 3 1 2 
0 1310 8.6 20 0.24609375 0.25234375 8.56408951382028 1 -1 -2 
1 1320 10.2 21 0.531072443181818 0.53671875 4.77701060066085 3 1 2 
0 1320 8.6 20 0.272904829545455 0.234375 7.6324848293761 1 -1 -2 
1 1330 10.2 21 0.495271381578947 0.48359375 15.339629694892 3 1 2 
0 1330 8.6 20 0.283653846153846 0.2890625 8.15771566769785 1 -1 -2 
1 1340 10.2 21 0.64501953125 0.321875 4.10302379666921 3 1 2 
0 1340 8.6 20 0.283653846153846 0.30546875 10.8059221063489 1 -1 -2 
1 1350 10.2 21 0.544603924418605 0.36015625 4.48331795371314 3 1 2 
0 1350 8.6 20 0.315234375 0.35390625 15.1672823352307 1 -1 -2 
1 1360 10.2 21 0.475 0.4359375 7.72825866334233 3 1 2 
0 1360 8.6 20 0.387019230769231 0.35078125 5.96118942831286 1 -1 -2 
1 1370 10.2 21 0.565172697368421 0.51328125 9.44616023725773 3 1 2 
0 1370 8.6 20 0.40625 0.29609375 8.73830478633279 1 -1 -2 
1 1380 10.2 21 0.509164663461538 0.5265625 12.6993329740406 3 1 2 
0 1380 8.6 20 0.384114583333333 0.3421875 8.212145062349 1 -1 -2 
1 1390 10.2 21 0.464988425925926 0.534375 4.13051212361671 3 1 2 
0 1390 8.6 20 0.372916666666667 0.396875 7.03509297110127 1 -1 -2 
1 1400 10.2 21 0.54078125 0.50859375 6.75470377940106 3 1 2 
0 1400 8.6 20 0.415625 0.4296875 4.8049414821205 1 -1 -2 
1 1410 10.2 21 0.5955078125 0.51484375 18.0702510041713 3 1 3 
0 1410 8.6 20 0.369698660714286 0.46484375 4.5188792530166 0 -1 -3 
1 1420 10.2 22 0.672433035714286 0.5556640625 26.7635992779004 3 1 3 
0 1420 8.6 21 0.405078125 0.4609375 3.11298462515779 0 -1 -3 
1 1430 10.2 22 0.672433035714286 0.61328125 37.1074498312717 3 1 3 
0 1430 8.6 21 0.420572916666667 0.4697265625 12.0703493553206 0 -1 -3 
