1 30 7.6 1 NaN 0.27741935483871 14.8451898063989 3 0 0 
0 30 9.6 1 NaN 0.38508064516129 35.0891721190455 3 0 0 
1 40 7.6 1 NaN 0.292741935483871 18.3026501554728 3 0 0 
0 40 9.6 1 NaN 0.337903225806452 28.8535181321711 3 0 0 
1 50 7.6 1 0.383064516129032 0.359677419354839 21.8227881442658 3 0 0 
0 50 9.6 1 0.377016129032258 0.346774193548387 25.9781739046553 3 0 0 
1 60 7.6 1 0.375 0.42741935483871 23.50218084209 3 0 0 
0 60 9.6 1 0.375 0.483064516129032 17.7216212666286 3 0 0 
1 70 7.6 1 0.374596774193548 0.442204301075269 39.983836864757 3 0 0 
0 70 9.6 1 0.380846774193548 0.482258064516129 7.91783451446651 3 0 0 
1 80 7.6 1 0.453554360812425 0.401209677419355 47.2232163184389 3 0 0 
0 80 9.6 1 0.459832506203474 0.490322580645161 11.6082181813272 3 0 0 
1 90 7.6 1 0.418346774193548 0.355645161290323 48.6390992030811 3 0 0 
0 90 9.6 1 0.418817204301075 0.479032258064516 24.9387237370801 3 0 0 
1 100 7.6 1 0.414554531490015 0.436290322580645 28.5159918840132 3 -1 0 
0 100 9.6 2 0.440668202764977 0.487903225806452 28.6210617668642 3 1 0 
1 110 7.6 2 0.449066213921901 0.494354838709677 23.8211370974326 3 0 0 
0 110 9.6 2 0.497665534804754 0.474193548387097 39.5402923169458 3 0 0 
1 120 7.6 2 0.400124069478908 0.481451612903226 30.0182631170262 3 0 0 
0 120 9.6 2 0.393870967741936 0.508064516129032 41.7995079503018 3 0 0 
1 130 7.6 2 0.422715053763441 0.5 35.0347189590927 3 0 0 
0 130 9.6 2 0.38508064516129 0.484677419354839 46.250521055771 3 0 0 
1 140 7.6 3 0.487026647966339 0.490322580645161 41.766654323695 3 0 0 
0 140 9.6 3 0.483266129032258 0.490927419354839 36.0776971145286 3 0 0 
1 150 7.6 3 0.426768990634755 0.512903225806452 30.8442515602796 3 0 0 
0 150 9.6 3 0.389952956989247 0.485887096774194 44.5141300353162 3 0 0 
1 160 7.6 3 0.395967741935484 0.492741935483871 17.7337723637357 3 -1 0 
0 160 9.6 4 0.380568356374808 0.416129032258064 54.5431764056891 3 1 0 
1 170 7.6 4 0.489601018675722 0.528225806451613 14.7879123733096 3 0 0 
0 170 9.6 4 0.463387096774193 0.45866935483871 38.8739283127642 3 0 0 
1 180 7.6 4 0.375 0.499193548387097 8.55405658252095 3 0 0 
0 180 9.6 4 0.409418202764977 0.478494623655914 23.199548660114 3 0 0 
1 190 7.6 4 0.401122019635344 0.509677419354839 7.30403623505687 3 0 0 
0 190 9.6 4 0.431977559607293 0.38508064516129 42.8141202763507 3 0 0 
1 200 7.6 5 0.466129032258065 0.491129032258064 22.4362035607708 3 1 0 
0 200 9.6 4 0.499816715542522 0.360483870967742 34.3551741873874 3 -1 0 
1 210 7.6 5 0.412037037037037 0.487096774193548 29.5324438220582 3 1 0 
0 210 9.6 4 0.419086021505376 0.423387096774194 40.3171322785073 3 -1 0 
1 220 7.6 5 0.411935483870968 0.502688172043011 43.1512509567354 3 0 0 
0 220 9.6 5 0.386520737327189 0.474462365591398 39.6032451736058 3 0 0 
1 230 7.6 6 0.467204301075269 0.475806451612903 39.1119843927354 3 1 0 
0 230 9.6 5 0.471774193548387 0.376612903225806 46.8097939138625 3 -1 0 
1 240 7.6 6 0.423271889400922 0.400806451612903 39.1153610688813 3 1 0 
0 240 9.6 5 0.409899888765295 0.391935483870968 46.8743031617016 3 -1 0 
1 250 7.6 6 0.430483870967742 0.395967741935484 34.0054292021676 3 0 0 
0 250 9.6 6 0.392228739002933 0.45241935483871 45.6433810918044 3 0 0 
1 260 7.6 6 0.496129032258065 0.465322580645161 43.610798487695 3 0 0 
0 260 9.6 6 0.471975806451613 0.501612903225806 47.4485373723024 3 0 0 
1 270 7.6 7 0.415712799167534 0.482258064516129 43.1150846436234 3 1 0 
0 270 9.6 6 0.395806451612903 0.498387096774194 45.0453067740409 3 -1 0 
1 280 7.6 7 0.387646627565982 0.5 45.0810346668632 3 1 0 
0 280 9.6 6 0.385611205432937 0.443548387096774 39.0930927391996 3 -1 0 
1 290 7.6 7 0.474929873772791 0.455645161290323 23.2317673148167 3 1 0 
0 290 9.6 6 0.470925297113752 0.471774193548387 35.2000361706189 3 -1 0 
1 300 7.6 7 0.403057795698925 0.416129032258065 30.9075211064143 3 0 0 
0 300 9.6 7 0.407258064516129 0.396774193548387 45.3449180450241 3 0 0 
1 310 7.6 7 0.415994623655914 0.415322580645161 35.5658737433477 3 0 0 
0 310 9.6 7 0.398425499231951 0.464516129032258 28.6302355757316 3 0 0 
1 320 7.6 7 0.483709677419355 0.381451612903226 28.2369205254113 3 0 0 
0 320 9.6 7 0.476867572156197 0.484677419354839 21.4146298740596 3 0 0 
1 330 7.6 8 0.430020811654526 0.419354838709677 23.2408603158826 3 1 0 
0 330 9.6 7 0.384817671809257 0.443548387096774 20.1023521718056 3 -1 0 
1 340 7.6 8 0.442903225806452 0.482258064516129 13.4672644881053 3 1 0 
0 340 9.6 7 0.382881231671554 0.446774193548387 10.0236608603119 3 -1 0 
1 350 7.6 8 0.500201612903226 0.512903225806452 6.82998784554387 3 1 0 
0 350 9.6 7 0.46326164874552 0.446774193548387 6.38828026835789 3 -1 0 
1 360 7.6 8 0.438211574952562 0.491935483870968 12.0493841665717 3 1 0 
0 360 9.6 7 0.404032258064516 0.490322580645161 14.3395944178942 3 -1 0 
1 370 7.6 9 0.434927697441602 0.480846774193548 17.0504220291131 3 1 0 
0 370 9.6 8 0.390288978494624 0.462701612903226 13.0326017727219 3 -1 0 
1 380 7.6 9 0.497720897615708 0.530241935483871 5.92072081849026 3 1 0 
0 380 9.6 8 0.460161290322581 0.375 28.2842712474619 3 -1 0 
1 390 7.6 9 0.477610356536503 0.472782258064516 11.7649051833793 3 1 0 
0 390 9.6 8 0.441676267281106 0.30241935483871 51.0344069544421 3 -1 0 
1 400 7.6 9 0.457971464019851 0.345161290322581 47.0280735934754 3 1 0 
0 400 9.6 8 0.431451612903226 0.283064516129032 40.1146008476155 3 -1 0 
1 410 7.6 10 0.48292220113852 0.382258064516129 21.880033491166 3 1 0 
0 410 9.6 9 0.470713073005093 0.367741935483871 36.7742005489803 3 -1 0 
1 420 7.6 10 0.397903225806452 0.453225806451613 14.2591074739436 3 1 0 
0 420 9.6 9 0.421146953405018 0.449193548387097 36.0605490768467 3 -1 0 
1 430 7.6 10 0.38508064516129 0.441532258064516 13.4683402852499 3 1 0 
0 430 9.6 9 0.412351443123939 0.47258064516129 27.3638852334059 3 -1 0 
1 440 7.6 10 0.456935483870968 0.446572580645161 15.0782466964319 3 0 0 
0 440 9.6 10 0.491129032258064 0.512903225806452 31.1910947605796 3 0 0 
1 450 7.6 10 0.433730715287518 0.465725806451613 25.1423473965329 3 0 0 
0 450 9.6 10 0.434408602150538 0.505645161290323 29.9766267840909 3 0 0 
1 460 7.6 11 0.430611559139785 0.420362903225806 43.1698392667337 3 1 0 
0 460 9.6 10 0.407991202346041 0.479032258064516 39.2926201410002 3 -1 0 
1 470 7.6 11 0.438288920056101 0.460685483870968 28.0556294437204 3 1 0 
0 470 9.6 10 0.480645161290323 0.474798387096774 51.1192000342828 3 -1 0 
1 480 7.6 11 0.433029453015428 0.518145161290323 28.403976137325 3 0 0 
0 480 9.6 11 0.410282258064516 0.505040322580645 26.0368849777001 3 0 0 
1 490 7.6 11 0.401392961876833 0.411290322580645 37.4140746226621 3 0 0 
0 490 9.6 11 0.377620967741935 0.455645161290323 1.5 3 0 0 
1 500 7.6 12 0.44898316970547 0.429032258064516 23.0910651461962 3 1 0 
0 500 9.6 11 0.459838709677419 0.368279569892473 39.6930777702647 3 -1 0 
1 510 7.6 12 0.435638957816377 0.534677419354839 12.5032912012515 3 1 0 
0 510 9.6 11 0.39247311827957 0.26008064516129 34.1218215885273 3 -1 0 
1 520 7.6 12 0.414314516129032 0.518548387096774 8.68660896329179 3 1 0 
0 520 9.6 11 0.381496415770609 0.309475806451613 40.7709207053442 3 -1 0 
1 530 7.6 12 0.464795285359802 0.456451612903226 21.9976961975452 3 1 0 
0 530 9.6 11 0.473655913978495 0.404233870967742 27.949712434113 3 -1 0 
1 540 7.6 12 0.431570208728653 0.467741935483871 26.5833097673839 3 1 0 
0 540 9.6 11 0.385685483870968 0.418548387096774 39.6241849863398 3 -1 0 
1 550 7.6 13 0.441532258064516 0.466129032258065 28.9932234746732 3 1 0 
0 550 9.6 12 0.391705069124424 0.471774193548387 18.318007583426 3 -1 0 
1 560 7.6 13 0.487903225806452 0.471774193548387 34.9639854581124 3 1 0 
0 560 9.6 12 0.43508064516129 0.492741935483871 10.0103216323892 3 -1 0 
1 570 7.6 13 0.469354838709677 0.483870967741936 49.5062772801347 3 1 0 
0 570 9.6 12 0.390806451612903 0.514112903225806 6.8209650531732 3 -1 0 
1 580 7.6 14 0.486373748609566 0.55510752688172 42.4300322534495 3 2 0 
0 580 9.6 12 0.387298387096774 0.477150537634409 5.6897697995648 3 -2 0 
1 590 7.6 14 0.538824884792627 0.536290322580645 44.7213595499958 3 1 0 
0 590 9.6 13 0.417626728110599 0.549731182795699 8.97026124337385 3 -1 0 
1 600 7.6 14 0.500366568914956 0.395161290322581 29.711217944946 3 1 0 
0 600 9.6 13 0.431451612903226 0.379838709677419 58.4807033633774 3 -1 0 
1 610 7.6 14 0.43050284629981 0.304435483870968 26.9652464469162 3 1 0 
0 610 9.6 13 0.471451612903226 0.457258064516129 38.2536936639963 3 -1 0 
1 620 7.6 14 0.502956989247312 0.296774193548387 27.1302572850624 3 1 0 
0 620 9.6 13 0.518649193548387 0.476814516129032 12.2409515796258 3 -1 0 
1 630 7.6 14 0.431451612903226 0.325806451612903 31.0778034565453 3 1 0 
0 630 9.6 13 0.466786926994907 0.594758064516129 5.16545966929819 3 -1 0 
1 640 7.6 14 0.429554079696395 0.310483870967742 23.9577450043941 3 1 0 
0 640 9.6 13 0.487634408602151 0.57258064516129 2.56302423521428 3 -1 0 
1 650 7.6 14 0.519556451612903 0.343548387096774 17.7281253195128 3 0 0 
0 650 9.6 14 0.521121351766513 0.375 32.7160428576477 3 0 0 
1 660 7.6 15 0.46135752688172 0.408064516129032 11.2360302962162 3 1 0 
0 660 9.6 14 0.439516129032258 0.394354838709677 24.3441708372049 3 -1 0 
1 670 7.6 15 0.413624787775891 0.498387096774194 17.9872249002257 3 1 0 
0 670 9.6 14 0.397952853598015 0.381451612903226 20.0578401108345 3 -1 0 
1 680 7.6 15 0.46712158808933 0.551612903225806 21.2860984259274 3 1 0 
0 680 9.6 14 0.456989247311828 0.345161290322581 15.1976765553055 3 -1 0 
1 690 7.6 15 0.451222684703434 0.495161290322581 18.4730205993295 3 1 0 
0 690 9.6 14 0.370799731182796 0.363709677419355 22.836918173906 3 -1 0 
1 700 7.6 15 0.449441687344913 0.473387096774194 22.6493853079905 3 1 0 
0 700 9.6 14 0.405975073313783 0.367741935483871 25.3647680123347 3 -1 0 
1 710 7.6 15 0.47244623655914 0.475 19.7291442300633 3 1 0 
0 710 9.6 14 0.441290322580645 0.424395161290323 20.5470576364161 3 -1 0 
1 720 7.6 16 0.460654936461388 0.527217741935484 4.24879664225737 3 1 0 
0 720 9.6 15 0.451612903225806 0.453629032258065 5.69908823954181 3 -1 0 
1 730 7.6 16 0.471176821983274 0.584677419354839 5.65685424949238 3 1 0 
0 730 9.6 15 0.442972350230415 0.354838709677419 2.19216374084716 3 -1 0 
1 740 7.6 16 0.491129032258064 0.588709677419355 0 3 0 0 
0 740 9.6 16 0.48508064516129 0.349462365591398 17.6085278631498 3 0 0 
1 750 7.6 16 0.432537220843672 0.467741935483871 0 3 0 0 
0 750 9.6 16 0.498271889400922 0.390120967741936 44.9970891759323 3 0 0 
1 760 7.6 16 0.473790322580645 0.292338709677419 42.8981351576033 3 0 0 
0 760 9.6 16 0.527822580645161 0.441532258064516 29.6704708975186 3 0 0 
1 770 7.6 16 0.460829493087558 0.193548387096774 18.5359260789224 3 0 0 
0 770 9.6 16 0.560009487666034 0.417741935483871 38.3892676361902 3 0 0 
1 780 7.6 16 0.41164095371669 0.220967741935484 22.9001254043418 3 0 0 
0 780 9.6 16 0.491240266963293 0.486895161290323 12.2443776650855 3 0 0 
1 790 7.6 16 0.473715651135006 0.345766129032258 29.4360502735938 3 -1 0 
0 790 9.6 17 0.444220430107527 0.495161290322581 22.0178031450801 3 1 0 
1 800 7.6 17 0.478398617511521 0.391129032258065 22.0649527306068 3 0 0 
0 800 9.6 17 0.432795698924731 0.491935483870968 14.0357226473039 3 0 0 
1 810 7.6 17 0.422001008064516 0.47258064516129 8.43733521179895 3 0 0 
0 810 9.6 17 0.412130376344086 0.491935483870968 15.6524758424985 3 0 0 
1 820 7.6 17 0.41547192353644 0.533870967741936 12.833600577751 3 0 0 
0 820 9.6 17 0.40180265654649 0.445564516129032 18.6681547025945 3 0 0 
1 830 7.6 18 0.489143920595534 0.574193548387097 16.7821997494483 3 1 0 
0 830 9.6 17 0.471102150537634 0.334677419354839 0 3 -1 0 
1 840 7.6 18 0.47608137829912 0.641129032258065 12.9439123581287 3 1 0 
0 840 9.6 17 0.347835314091681 0.379032258064516 0 3 -1 0 
1 850 7.6 18 0.498801220575414 0.615322580645161 7.65251615854369 3 1 0 
0 850 9.6 17 0.350470430107527 0.205645161290323 24.3772434864978 3 -1 0 
1 860 7.6 18 0.567357038123167 0.65241935483871 10.8295102057905 3 1 0 
0 860 9.6 17 0.395161290322581 0.169354838709677 17.8559751308954 3 -1 0 
1 870 7.6 19 0.513387096774193 0.680645161290323 10.1129015748005 3 2 0 
0 870 9.6 17 0.306115591397849 0.231854838709677 6.17607238543063 3 -2 0 
1 880 7.6 19 0.550201612903226 0.648387096774194 13.7255388344192 3 2 0 
0 880 9.6 17 0.359318996415771 0.24758064516129 15.4018820784903 3 -2 0 
1 890 7.6 19 0.619032258064516 0.473387096774194 11.3994998923722 3 1 0 
0 890 9.6 18 0.362903225806452 0.318548387096774 16.2724969155492 3 -1 0 
1 900 7.6 19 0.511917562724014 0.355645161290323 2.45965819074299 3 1 0 
0 900 9.6 18 0.335253456221198 0.415322580645161 12.6989499552491 3 -1 0 
1 910 7.6 19 0.504359197907585 0.388709677419355 6.15680848435403 3 1 0 
0 910 9.6 18 0.388248847926267 0.426612903225806 10.9392485519498 3 -1 0 
1 920 7.6 19 0.580813172043011 0.553225806451613 6.71645454315245 3 1 0 
0 920 9.6 18 0.388248847926267 0.39758064516129 6.62304482797788 3 -1 0 
1 930 7.6 19 0.489583333333333 0.536290322580645 5.88717154576996 3 1 0 
0 930 9.6 18 0.361242884250474 0.413306451612903 3.61865612208153 3 -1 0 
1 940 7.6 19 0.456989247311828 0.541666666666667 1.55337848752797 3 0 0 
0 940 9.6 19 0.365255376344086 0.456989247311828 3.25753567369737 3 0 0 
1 950 7.6 19 0.568238213399504 0.490591397849462 6.54327459313252 3 0 0 
0 950 9.6 19 0.422379032258065 0.51747311827957 5.49163143500766 3 0 0 
1 960 7.6 19 0.52726157082749 0.486559139784946 15.0315026127349 3 0 0 
0 960 9.6 19 0.366666666666667 0.506720430107527 12.2291649637958 3 0 0 
1 970 7.6 20 0.477394916911046 0.424731182795699 28.6845245149429 3 1 0 
0 970 9.6 19 0.3625 0.455645161290323 29.8218090584921 3 -1 0 
1 980 7.6 20 0.590806451612903 0.469086021505376 10.823228952306 3 1 0 
0 980 9.6 19 0.417114695340502 0.431451612903226 26.2169226378995 3 -1 0 
1 990 7.6 20 0.517831541218638 0.395161290322581 33.6747837877669 3 1 0 
0 990 9.6 19 0.333394428152493 0.382056451612903 35.7736985585737 3 -1 0 
1 1000 7.6 20 0.514457120377655 0.349193548387097 37.5702695325852 3 1 0 
0 1000 9.6 19 0.378411910669975 0.420362903225806 29.0951317080904 3 -1 0 
1 1010 7.6 20 0.615244536940687 0.412903225806452 24.28838720297 3 1 1 
0 1010 9.6 19 0.398617511520737 0.415322580645161 36.3615435575306 2 -1 -1 
1 1020 7.6 20 0.548745519713262 0.506451612903226 16.4788520636633 3 0 1 
0 1020 9.6 20 0.350806451612903 0.383064516129032 37.1804134710738 2 0 -1 
1 1030 7.6 20 0.525425627240143 0.629032258064516 16.3553775323415 3 0 1 
0 1030 9.6 20 0.38802729528536 0.311827956989247 14.4328690979017 2 0 -1 
1 1040 7.6 21 0.56748726655348 0.612096774193548 15.6937150489982 3 1 1 
0 1040 9.6 20 0.428427419354839 0.224462365591398 14.1105971145222 2 -1 -1 
1 1050 7.6 21 0.555555555555556 0.585483870967742 15.3738178674266 3 1 1 
0 1050 9.6 20 0.330278592375367 0.259408602150538 8.58278498403567 2 -1 -1 
1 1060 7.6 21 0.540842872008325 0.574193548387097 22.6235273084131 3 1 1 
0 1060 9.6 20 0.330141129032258 0.283602150537634 22.0817922493807 2 -1 -1 
1 1070 7.6 21 0.54872311827957 0.474193548387097 33.5027339429483 3 1 1 
0 1070 9.6 20 0.328917050691244 0.245967741935484 14.6672054023631 2 -1 -1 
1 1080 7.6 21 0.512565641410353 0.507258064516129 24.1693299242151 3 1 1 
0 1080 9.6 20 0.32168458781362 0.245967741935484 18.2724840504962 2 -1 -1 
1 1090 7.6 21 0.491129032258064 0.500806451612903 18.870147354474 3 1 1 
0 1090 9.6 20 0.414170506912442 0.288709677419355 21.3769991446122 2 -1 -1 
1 1100 7.6 21 0.588133640552995 0.569354838709677 5.64664678458373 3 1 1 
0 1100 9.6 20 0.414170506912442 0.328225806451613 17.0412819247795 2 -1 -1 
1 1110 7.6 21 0.515681003584229 0.616935483870968 10 3 0 1 
0 1110 9.6 21 0.337903225806452 0.357258064516129 11.8780557299183 2 0 -1 
1 1120 7.6 21 0.510289210233593 0.586693548387097 6.80073525436772 3 0 1 
0 1120 9.6 21 0.370967741935484 0.416129032258064 9.20657276390179 2 0 -1 
1 1130 7.6 21 0.572702834799609 0.431451612903226 0 3 0 1 
0 1130 9.6 21 0.474078341013825 0.451612903225806 33.75264322445 2 0 -1 
1 1140 7.6 21 0.520894428152493 0.44758064516129 0 3 0 1 
0 1140 9.6 21 0.368709677419355 0.438709677419355 30.8256402083903 2 0 -1 
1 1150 7.6 21 0.493870967741936 0.451612903225806 0 3 0 1 
0 1150 9.6 21 0.386622390891841 0.483870967741936 15.0632540770497 2 0 -1 
1 1160 7.6 21 0.576302729528536 0.443548387096774 0 3 0 1 
0 1160 9.6 21 0.440939278937381 0.517741935483871 10.641466793421 2 0 -1 
1 1170 7.6 21 0.572292626728111 0.350806451612903 0 3 0 1 
0 1170 9.6 21 0.409032258064516 0.523387096774194 15.4254992973342 2 0 -1 
1 1180 7.6 21 0.460457856399584 0.214717741935484 28.0721100714979 3 0 1 
0 1180 9.6 21 0.428152492668622 0.426612903225806 37.087662098685 2 0 -1 
1 1190 7.6 21 0.500298685782557 0.237096774193548 23.3257541320361 3 0 1 
0 1190 9.6 21 0.492319508448541 0.487096774193548 24.8590913695168 2 0 -1 
1 1200 7.6 21 0.480619146722164 0.256451612903226 19.802106752097 3 0 1 
0 1200 9.6 21 0.440524193548387 0.5 16.6996084597556 2 0 -1 
1 1210 7.6 21 0.609491315136476 0.227822580645161 12.9578402680507 1 -1 -1 
0 1210 9.6 22 0.503456221198157 0.533870967741936 20.4137101981863 2 1 1 
1 1220 7.6 21 0.580645161290323 0.310483870967742 15.0035898144239 0 -1 -2 
0 1220 9.6 22 0.533870967741936 0.525806451612903 22.2534574868013 2 1 2 
1 1230 7.6 21 0.505929791271347 0.382056451612903 9.62832362232323 0 -1 -2 
0 1230 9.6 22 0.307411674347158 0.507258064516129 23.4680208319726 2 1 2 
1 1240 7.6 22 0.508870967741936 0.451612903225806 11.6217089266507 0 0 -2 
0 1240 9.6 22 0.332816377171216 0.449596774193548 34.5797457263573 2 0 2 
1 1250 7.6 22 0.547757056451613 0.512096774193548 0 0 0 -2 
0 1250 9.6 22 0.401985111662531 0.413306451612903 19.6022957839127 2 0 2 
1 1260 7.6 22 0.50055617352614 0.504032258064516 0 0 0 -2 
0 1260 9.6 22 0.363539898132428 0.502016129032258 1.5 2 0 2 
1 1270 7.6 22 0.452452956989247 0.443548387096774 0 0 0 -2 
0 1270 9.6 22 0.373991935483871 0.548387096774194 1 2 0 2 
1 1280 7.6 22 0.520872865275142 0.268145161290323 32.1636440721508 0 -1 -2 
0 1280 9.6 23 0.390860215053763 0.620967741935484 1.4142135623731 2 1 2 
1 1290 7.6 22 0.46357063403782 0.326612903225806 6.08276253029822 0 -1 -2 
0 1290 9.6 23 0.421436004162331 0.590725806451613 1.5 2 1 2 
1 1300 7.6 22 0.452116935483871 0.389112903225806 4.92442890089805 0 -1 -2 
0 1300 9.6 23 0.442448680351906 0.637096774193548 0.5 2 1 2 
1 1310 7.6 22 0.510920698924731 0.240927419354839 25.753509641368 0 -1 -2 
0 1310 9.6 23 0.466081593927894 0.5 46.6822711140238 2 1 2 
1 1320 7.6 22 0.475 0.261290322580645 19.7840916528301 0 -1 -2 
0 1320 9.6 23 0.445046082949309 0.290322580645161 44.8626742516666 2 1 2 
1 1330 7.6 22 0.443548387096774 0.354032258064516 10.3976199876094 0 -1 -2 
0 1330 9.6 23 0.492069892473118 0.360887096774194 28.6545360399906 2 1 2 
1 1340 7.6 22 0.503744239631336 0.362903225806452 9.30642357485312 0 -1 -2 
0 1340 9.6 23 0.560361681329423 0.422379032258065 8.94013675662375 2 1 2 
1 1350 7.6 22 0.35413744740533 0.456451612903226 7.8033363604791 0 -1 -2 
0 1350 9.6 23 0.539722031571723 0.483870967741936 15.249293929897 2 1 2 
1 1360 7.6 23 0.3963133640553 0.441532258064516 19.6856674108094 0 0 -1 
0 1360 9.6 23 0.566820276497696 0.504032258064516 16.6668420958239 1 0 1 
1 1370 7.6 23 0.499193548387097 0.537634408602151 9.86915451745089 0 0 -1 
0 1370 9.6 23 0.637423714036617 0.462365591397849 5.02512875183013 1 0 1 
1 1380 7.6 23 0.319168734491315 0.528225806451613 8.06405181854019 0 0 -1 
0 1380 9.6 23 0.559990125082291 0.404569892473118 21.9527989870374 1 0 1 
1 1390 7.6 23 0.383064516129032 0.53494623655914 5.90196773221387 0 0 -1 
0 1390 9.6 23 0.494581653225806 0.282258064516129 34.9240922143016 1 0 1 
1 1400 7.6 23 0.491935483870968 0.547043010752688 5.1814231326226 0 0 -1 
0 1400 9.6 23 0.611197270471464 0.372311827956989 12.1999902285364 1 0 1 
1 1410 7.6 23 0.269713261648745 0.452956989247312 16.1616344070521 0 0 -1 
0 1410 9.6 23 0.514112903225806 0.486559139784946 4.30313924725471 1 0 1 
1 1420 7.6 23 0.328629032258065 0.467741935483871 35.2678470220213 0 0 -1 
0 1420 9.6 23 0.471308933002481 0.446236559139785 9.28430960602592 1 0 1 
1 1430 7.6 23 0.328629032258065 0.401881720430108 41.9907157871785 0 0 -1 
0 1430 9.6 23 0.569758064516129 0.323924731182796 35.6293617117192 1 0 1 
1 1440 7.6 23 0.240367383512545 0.349798387096774 42.9405590444369 0 0 -1 
0 1440 9.6 23 0.530195048762191 0.245967741935484 0 1 0 1 
1 1450 7.6 23 0.263104838709677 0.383064516129032 21.7899756439787 0 0 -1 
0 1450 9.6 23 0.479838709677419 0.403225806451613 0 1 0 1 
1 1460 7.6 23 0.263104838709677 0.484879032258065 32.8695015422222 0 0 -1 
0 1460 9.6 23 0.625 0.133064516129032 0 1 0 1 
1 1470 7.6 23 0.288709677419355 0.582661290322581 33.9845628385514 0 0 -1 
0 1470 9.6 23 0.581317204301075 0.217741935483871 0 1 0 1 
1 1480 7.6 24 0.408064516129032 0.66633064516129 50.6968196161536 0 1 -1 
0 1480 9.6 23 0.622983870967742 NaN NaN 1 -1 1 
1 1490 7.6 24 0.408064516129032 0.710685483870968 29.6905384941151 0 1 -1 
0 1490 9.6 23 0.63418458781362 0.145161290322581 0 1 -1 1 
1 1500 7.6 24 0.282258064516129 0.753024193548387 18.3928725732037 0 1 -1 
0 1500 9.6 23 0.585013440860215 0.165322580645161 0 1 -1 1 
