1 30 10 1 NaN 0.260483870967742 18.6716933430524 3 0 0 
0 30 9.2 1 NaN 0.262096774193548 15.5882907826206 3 0 0 
1 40 10 1 NaN 0.273387096774194 18.0887053521507 3 0 0 
0 40 9.2 1 NaN 0.304032258064516 19.6886041934363 3 0 0 
1 50 10 1 0.370967741935484 0.344354838709677 26.3928853817079 3 0 0 
0 50 9.2 1 0.370967741935484 0.334677419354839 22.0230538537995 3 0 0 
1 60 10 1 0.368279569892473 0.438709677419355 22.7970440132566 3 0 0 
0 60 9.2 1 0.368279569892473 0.475 25.9530362295658 3 0 0 
1 70 10 1 0.381154499151104 0.478225806451613 30.6936472156756 3 0 0 
0 70 9.2 1 0.374775985663082 0.470430107526882 22.3569905461018 3 0 0 
1 80 10 1 0.474078341013825 0.523387096774194 34.7514670755405 3 0 0 
0 80 9.2 1 0.477941176470588 0.46875 25.489955926218 3 0 0 
1 90 10 1 0.410119667013528 0.528225806451613 34.4357115548603 3 0 0 
0 90 9.2 1 0.400836320191159 0.464516129032258 23.0846049029862 3 0 0 
1 100 10 1 0.395344574780059 0.458064516129032 30.7970885618121 3 -1 0 
0 100 9.2 2 0.395527859237537 0.471774193548387 26.6415728351416 3 1 0 
1 110 10 2 0.461143695014663 0.47741935483871 28.9250014276333 3 0 0 
0 110 9.2 2 0.494694397283531 0.475806451612903 28.6629744753383 3 0 0 
1 120 10 2 0.421554252199413 0.491935483870968 29.4505852772047 3 0 0 
0 120 9.2 2 0.391612903225807 0.469354838709677 26.0100235633225 3 0 0 
1 130 10 2 0.400476539589443 0.506048387096774 35.7585795529761 3 0 0 
0 130 9.2 2 0.368145161290323 0.454838709677419 25.1194993804678 3 0 0 
1 140 10 3 0.475086405529954 0.497983870967742 34.7700012972315 3 0 0 
0 140 9.2 3 0.474533106960951 0.459677419354839 27.8314259415597 3 0 0 
1 150 10 3 0.413037634408602 0.394354838709677 45.8749227258343 3 0 0 
0 150 9.2 3 0.372434017595308 0.464516129032258 26.1230710685961 3 0 0 
1 160 10 3 0.407450076804915 0.416935483870968 46.512539391645 3 0 0 
0 160 9.2 3 0.368279569892473 0.454838709677419 26.448892239138 3 0 0 
1 170 10 3 0.487455197132616 0.44758064516129 29.2500032355831 3 -1 0 
0 170 9.2 4 0.481488269794721 0.457258064516129 35.0568557156535 3 1 0 
1 180 10 3 0.384817671809257 0.495161290322581 10.3243334700977 3 -1 0 
0 180 9.2 4 0.413306451612903 0.441129032258065 25.693983337822 3 1 0 
1 190 10 4 0.368279569892473 0.482258064516129 10.9535938413548 3 0 0 
0 190 9.2 4 0.404065860215054 0.398387096774194 34.7928849075533 3 0 0 
1 200 10 4 0.473607038123167 0.467741935483871 10.4890039794235 3 0 0 
0 200 9.2 4 0.484026054590571 0.454838709677419 21.8170490275191 3 0 0 
1 210 10 4 0.368145161290323 0.454637096774194 14.7989116770443 3 0 0 
0 210 9.2 4 0.437772449869224 0.474798387096774 23.9447455413475 3 0 0 
1 220 10 4 0.379800307219662 0.430443548387097 8.85593119257727 3 -1 0 
0 220 9.2 5 0.420130272952854 0.474798387096774 22.3340324053865 3 1 0 
1 230 10 4 0.468145161290323 0.407258064516129 37.5185662825741 3 -1 0 
0 230 9.2 5 0.484604105571848 0.382258064516129 37.0777865159285 3 1 0 
1 240 10 5 0.408938172043011 0.415322580645161 23.0600756545946 3 0 0 
0 240 9.2 5 0.437708565072303 0.454838709677419 32.8508354001546 3 0 0 
1 250 10 5 0.40258064516129 0.47258064516129 8.2597672568305 3 0 0 
0 250 9.2 5 0.406298003072197 0.454032258064516 15.695629837711 3 0 0 
1 260 10 5 0.456918505942275 0.489516129032258 3.85189330737567 3 0 0 
0 260 9.2 5 0.46415770609319 0.474193548387097 18.1723183253824 3 0 0 
1 270 10 5 0.402605459057072 0.462096774193548 12.9678982066557 3 0 0 
0 270 9.2 5 0.423225806451613 0.469354838709677 18.850001932831 3 0 0 
1 280 10 6 0.416042626728111 0.465322580645161 9.65036854223516 3 0 0 
0 280 9.2 6 0.420506912442396 0.441532258064516 19.8863457759943 3 0 0 
1 290 10 6 0.484108159392789 0.544354838709677 9.25436201748243 3 0 0 
0 290 9.2 6 0.459101382488479 0.433467741935484 31.111311840844 3 0 0 
1 300 10 6 0.446054925893636 0.553225806451613 19.5641601273924 3 0 0 
0 300 9.2 6 0.441842431761787 0.345161290322581 44.770844139297 3 0 0 
1 310 10 6 0.444052419354839 0.545967741935484 29.5343225725322 3 0 0 
0 310 9.2 6 0.443972835314092 0.37741935483871 34.6751590750199 3 0 0 
1 320 10 7 0.516739980449658 0.524193548387097 29.112352204547 3 1 0 
0 320 9.2 6 0.508064516129032 0.344354838709677 26.5314496757085 3 -1 0 
1 330 10 7 0.447936432637571 0.491129032258064 34.3950222287339 3 0 0 
0 330 9.2 7 0.355286738351255 0.40241935483871 22.1955330770271 3 0 0 
1 340 10 7 0.426459293394777 0.470967741935484 37.2915805720033 3 0 0 
0 340 9.2 7 0.373271889400922 0.395967741935484 20.1498427842837 3 0 0 
1 350 10 7 0.548655913978495 0.50241935483871 32.1417681046945 3 0 0 
0 350 9.2 7 0.4195301542777 0.420967741935484 22.2481909102074 3 0 0 
1 360 10 8 0.448714717741936 0.495161290322581 35.7636802020891 3 1 0 
0 360 9.2 7 0.417674731182796 0.416935483870968 28.4499873544538 3 -1 0 
1 370 10 8 0.451911589008363 0.528225806451613 37.8751765991314 3 1 0 
0 370 9.2 7 0.450044802867384 0.407258064516129 37.0792904555148 3 -1 0 
1 380 10 8 0.543798665183537 0.523185483870968 36.4496988108242 3 0 0 
0 380 9.2 8 0.489764267990074 0.415322580645161 32.8537598985791 3 0 0 
1 390 10 8 0.457130730050934 0.515322580645161 35.9495071811411 3 0 0 
0 390 9.2 8 0.335483870967742 0.431451612903226 35.8806049093542 3 0 0 
1 400 10 8 0.447258064516129 0.506451612903226 27.9315708193885 3 0 0 
0 400 9.2 8 0.369269949066214 0.425806451612903 31.9077779848115 3 0 0 
1 410 10 9 0.516290322580645 0.440322580645161 47.8488941274088 3 1 0 
0 410 9.2 8 0.41893039049236 0.418548387096774 30.0686392784098 3 -1 0 
1 420 10 9 0.438575268817204 0.462903225806452 37.9514117855804 3 0 0 
0 420 9.2 9 0.377279102384292 0.418548387096774 28.1542431484061 3 0 0 
1 430 10 9 0.463399503722084 0.488709677419355 31.0153566778227 3 0 0 
0 430 9.2 9 0.367741935483871 0.458064516129032 33.0591818306358 3 0 0 
1 440 10 9 0.568399044205496 0.467741935483871 13.2898408165954 3 0 0 
0 440 9.2 9 0.464895635673624 0.408064516129032 27.1820132940726 3 0 0 
1 450 10 9 0.433467741935484 0.476612903225806 19.5535408276937 3 0 0 
0 450 9.2 9 0.392425115207373 0.408870967741935 31.7448208770604 3 0 0 
1 460 10 9 0.412166900420757 0.490927419354839 23.74772031237 3 0 0 
0 460 9.2 9 0.42883064516129 0.420161290322581 24.1485326925005 3 0 0 
1 470 10 10 0.540497896213184 0.528225806451613 38.1958707321001 3 0 0 
0 470 9.2 10 0.448588709677419 0.470967741935484 15.8650598876818 3 0 0 
1 480 10 10 0.441935483870968 0.525537634408602 39.342545202145 3 0 0 
0 480 9.2 10 0.418202764976959 0.481451612903226 23.0463811124429 3 0 0 
1 490 10 10 0.415154569892473 0.423387096774194 49.1592460247404 3 0 0 
0 490 9.2 10 0.439900153609831 0.469354838709677 19.2526003779541 3 0 0 
1 500 10 10 0.501910016977929 0.424193548387097 49.144939337907 3 0 0 
0 500 9.2 10 0.487327188940092 0.456451612903226 19.3398425153681 3 0 0 
1 510 10 11 0.438387096774194 0.39616935483871 21.0078302777672 3 0 0 
0 510 9.2 11 0.400754422476587 0.412096774193548 24.3319045558173 3 0 0 
1 520 10 11 0.414818548387097 0.384677419354839 22.4014844881746 3 0 0 
0 520 9.2 11 0.43934811827957 0.40241935483871 30.2880435942531 3 0 0 
1 530 10 11 0.408064516129032 0.401612903225806 27.9323400917949 3 0 0 
0 530 9.2 11 0.477534562211982 0.491129032258064 46.5149193861142 3 0 0 
1 540 10 11 0.409739454094293 0.4 26.8882490667948 3 0 0 
0 540 9.2 11 0.415322580645161 0.523387096774194 41.8592066747442 3 0 0 
1 550 10 11 0.429193548387097 0.37741935483871 25.7333720986894 3 0 0 
0 550 9.2 11 0.408808933002481 0.52741935483871 37.3419100191708 3 0 0 
1 560 10 11 0.457844574780059 0.370161290322581 47.575980850582 3 0 0 
0 560 9.2 11 0.430913978494624 0.463709677419355 36.2527559537302 3 0 0 
1 570 10 11 0.386693548387097 0.432459677419355 27.2530221325108 3 -1 0 
0 570 9.2 12 0.432518975332068 0.469354838709677 31.5468384239159 3 1 0 
1 580 10 12 0.396697388632873 0.454637096774194 28.72334929815 3 0 0 
0 580 9.2 12 0.44573252688172 0.504838709677419 35.379696769822 3 0 0 
1 590 10 12 0.509724857685009 0.463709677419355 31.8558932453383 3 0 0 
0 590 9.2 12 0.486783154121864 0.513709677419355 23.9265176580116 3 0 0 
1 600 10 12 0.458506763787721 0.426612903225806 44.6273077410498 3 0 0 
0 600 9.2 12 0.374615975422427 0.456451612903226 31.2329466507275 3 0 0 
1 610 10 12 0.396994134897361 0.487903225806452 35.855420345065 3 0 0 
0 610 9.2 12 0.408064516129032 0.445967741935484 31.7738620020236 3 0 0 
1 620 10 12 0.514267990074442 0.429838709677419 35.9442064768337 3 -1 0 
0 620 9.2 13 0.474340175953079 0.404032258064516 39.314609824036 3 1 0 
1 630 10 13 0.434232480533927 0.406451612903226 30.1975500667385 3 0 0 
0 630 9.2 13 0.413241415192508 0.444354838709677 39.0512098049634 3 0 0 
1 640 10 13 0.399376832844575 0.450806451612903 19.7201885729712 3 0 0 
0 640 9.2 13 0.424614305750351 0.467741935483871 42.1071288783651 3 0 0 
1 650 10 13 0.466589861751152 0.443548387096774 16.6988401023612 3 0 0 
0 650 9.2 13 0.478427419354839 0.383064516129032 27.1172227900477 3 0 0 
1 660 10 13 0.438585607940447 0.413709677419355 25.8757653604181 3 0 0 
0 660 9.2 13 0.407908428720083 0.441532258064516 15.4123162820927 3 0 0 
1 670 10 14 0.386760752688172 0.45241935483871 8.01586384884138 3 1 0 
0 670 9.2 13 0.388824884792627 0.419354838709677 22.0227155455452 3 -1 0 
1 680 10 14 0.433284457478006 0.479838709677419 8.86865100548976 3 1 0 
0 680 9.2 13 0.461143695014663 0.4375 36.9120576505835 3 -1 0 
1 690 10 14 0.417403746097815 0.5 5.19871017137298 3 1 0 
0 690 9.2 13 0.408064516129032 0.333333333333333 33.5846804953057 3 -1 0 
1 700 10 14 0.404102384291725 0.487903225806452 9.36964506228858 3 0 0 
0 700 9.2 14 0.434553349875931 0.276881720430108 37.722800334912 3 0 0 
1 710 10 14 0.474875930521092 0.50241935483871 9.82778109744745 3 0 0 
0 710 9.2 14 0.483870967741936 0.331451612903226 37.9545134193103 3 0 0 
1 720 10 14 0.466445852534562 0.471774193548387 20.1918334982652 3 0 0 
0 720 9.2 14 0.451751946607341 0.391129032258065 30.1456694561525 3 0 0 
1 730 10 14 0.496748178980229 0.505645161290323 19.0408848022538 3 0 0 
0 730 9.2 14 0.45510752688172 0.424193548387097 30.3834097130842 3 0 0 
1 740 10 15 0.544965786901271 0.633064516129032 32.873373189829 3 1 0 
0 740 9.2 14 0.514516129032258 0.375 29.8459011722704 3 -1 0 
1 750 10 15 0.539886660854403 0.618951612903226 38.1433492730621 3 0 0 
0 750 9.2 15 0.454362170087977 0.448387096774194 26.8340938874164 3 0 0 
1 760 10 15 0.513492555831266 0.636088709677419 46.0298835287315 3 0 0 
0 760 9.2 15 0.411866359447005 0.387903225806452 47.9079615745177 3 0 0 
1 770 10 16 0.600134408602151 0.547379032258065 70.244266503946 3 1 1 
0 770 9.2 15 0.532258064516129 0.371774193548387 39.3750324743608 2 -1 -1 
1 780 10 16 0.507952508960574 0.501612903225806 69.5317817493619 3 1 1 
0 780 9.2 15 0.492084826762246 0.308870967741935 22.879103972509 2 -1 -1 
1 790 10 16 0.407096774193548 0.57258064516129 61.7964082844131 3 1 1 
0 790 9.2 15 0.410786290322581 0.283266129032258 13.8327957612291 2 -1 -1 
1 800 10 16 0.506311360448808 0.585483870967742 47.1395391598846 3 1 1 
0 800 9.2 15 0.514112903225806 0.3125 10.8980575134985 2 -1 -1 
1 810 10 16 0.44927843803056 0.570967741935484 39.1621433010629 3 1 1 
0 810 9.2 15 0.417712066905615 0.290322580645161 28.6956902003381 2 -1 -1 
1 820 10 16 0.399529569892473 0.495161290322581 39.3019805366021 3 1 1 
0 820 9.2 15 0.430875576036866 0.35383064516129 16.426198654723 2 -1 -1 
1 830 10 17 0.49758064516129 0.540322580645161 37.6345178509589 3 2 1 
0 830 9.2 15 0.412154377880184 0.404233870967742 24.1423717127517 2 -2 -1 
1 840 10 17 0.468803056027165 0.538709677419355 41.5320434867451 3 1 1 
0 840 9.2 16 0.346774193548387 0.375 31.7743706077298 2 -1 -1 
1 850 10 17 0.488172043010753 0.536290322580645 38.1053453004243 3 1 1 
0 850 9.2 16 0.373559907834101 0.365322580645161 27.5829148175691 2 -1 -1 
1 860 10 17 0.546956295525494 0.52741935483871 32.5953267633681 3 1 1 
0 860 9.2 16 0.483137829912023 0.358870967741936 29.7806855942278 2 -1 -1 
1 870 10 17 0.49573055028463 0.584677419354839 28.595526917087 3 1 1 
0 870 9.2 16 0.370564516129032 0.314516129032258 26.3305828761726 2 -1 -1 
1 880 10 17 0.474462365591398 0.578225806451613 20.2508336285687 3 1 1 
0 880 9.2 16 0.351612903225806 0.318548387096774 26.1767846111988 2 -1 -1 
1 890 10 18 0.519075682382134 0.560483870967742 19.833460869576 3 2 1 
0 890 9.2 16 0.381272401433692 0.32258064516129 21.7891208432389 2 -2 -1 
1 900 10 18 0.468597262952102 0.535483870967742 18.5419768416532 3 1 1 
0 900 9.2 17 0.324066213921901 0.395161290322581 22.8765071561293 2 -1 -1 
1 910 10 18 0.480884109916368 0.563709677419355 7.3096676609935 3 1 1 
0 910 9.2 17 0.339969758064516 0.399193548387097 15.7133028138798 2 -1 -1 
1 920 10 18 0.584293394777266 0.540322580645161 4.88987443229545 3 1 1 
0 920 9.2 17 0.321428571428571 0.388709677419355 13.7701430928299 2 -1 -1 
1 930 10 18 0.46584440227704 0.533064516129032 19.3687499464301 3 1 1 
0 930 9.2 17 0.362377279102384 0.367741935483871 23.4275234310331 2 -1 -1 
1 940 10 18 0.509543010752688 0.501612903225806 37.7779328724529 3 1 1 
0 940 9.2 17 0.383701188455009 0.35 30.5176316724184 2 -1 -1 
1 950 10 18 0.61768219832736 0.580645161290323 39.0281724658991 3 1 1 
0 950 9.2 17 0.432258064516129 0.425806451612903 38.719251768942 2 -1 -1 
1 960 10 18 0.501710654936461 0.625806451612903 37.3294703488286 3 1 1 
0 960 9.2 17 0.450500556173526 0.421774193548387 35.7164304684212 2 -1 -1 
1 970 10 18 0.560819892473118 0.559677419354839 53.1927674067479 3 1 1 
0 970 9.2 17 0.487552594670407 0.409677419354839 37.6484390187831 2 -1 -1 
1 980 10 18 0.585203366058906 0.549193548387097 37.7661108727569 3 0 1 
0 980 9.2 18 0.588172043010753 0.400806451612903 37.3450094790537 2 0 -1 
1 990 10 19 0.426344086021505 0.526612903225806 15.6724118390482 3 1 1 
0 990 9.2 18 0.415044493882091 0.441935483870968 28.1679940838828 2 -1 -1 
1 1000 10 19 0.533485273492286 0.462701612903226 9.7319718679418 3 1 1 
0 1000 9.2 18 0.450748847926267 0.439516129032258 28.7485164360313 2 -1 -1 
1 1010 10 19 0.576774193548387 0.429032258064516 44.512473491999 3 1 1 
0 1010 9.2 18 0.515725806451613 0.349798387096774 40.7983973390807 2 -1 -1 
1 1020 10 19 0.465851814516129 0.535483870967742 35.5665365902416 3 1 1 
0 1020 9.2 18 0.400633640552995 0.244959677419355 22.2107901367914 2 -1 -1 
1 1030 10 20 0.518049155145929 0.611290322580645 42.1562323016371 3 2 1 
0 1030 9.2 18 0.400806451612903 0.238911290322581 15.4010114242027 2 -2 -1 
1 1040 10 20 0.587148803329865 0.65241935483871 35.3555757956616 3 2 1 
0 1040 9.2 18 0.19758064516129 0.196236559139785 15.8074290239554 2 -2 -1 
1 1050 10 20 0.534331797235023 0.636290322580645 31.2166623926854 3 1 1 
0 1050 9.2 19 0.443548387096774 0.162298387096774 14.7477993648168 2 -1 -1 
1 1060 10 20 0.590270551508845 0.553225806451613 37.4936709039264 3 1 1 
0 1060 9.2 19 0.397681451612903 0.167338709677419 13.8381294977178 2 -1 -1 
1 1070 10 20 0.610887096774194 0.440322580645161 44.8864443239664 3 1 1 
0 1070 9.2 19 0.590725806451613 0.30241935483871 19.565004852308 2 -1 -1 
1 1080 10 20 0.471537001897533 0.450806451612903 37.1324129625274 3 1 1 
0 1080 9.2 19 0.348240469208211 0.311491935483871 29.5562031281807 2 -1 -1 
1 1090 10 20 0.44758064516129 0.5 30.8479691722296 3 1 1 
0 1090 9.2 19 0.374423963133641 0.380040322580645 21.548233355335 2 -1 -1 
1 1100 10 20 0.578281423804227 0.515322580645161 32.3263251637454 3 1 1 
0 1100 9.2 19 0.435117302052786 0.327620967741936 31.7599096311721 2 -1 -1 
1 1110 10 21 0.494052419354839 0.606451612903226 28.3636916352212 3 2 1 
0 1110 9.2 19 0.333266129032258 0.292338709677419 40.114950697469 2 -2 -1 
1 1120 10 21 0.52059331797235 0.646774193548387 38.232410890987 3 2 1 
0 1120 9.2 19 0.321339950372208 0.269153225806452 26.2709252061717 2 -2 -1 
1 1130 10 21 0.678997194950912 0.591397849462366 22.3832340049519 3 1 1 
0 1130 9.2 20 0.264112903225806 0.171370967741935 12.9148330762047 2 -1 -1 
1 1140 10 21 0.518660915228807 0.567540322580645 40.4993840725102 3 1 1 
0 1140 9.2 20 0.28110599078341 0.171370967741935 10.486173680283 2 -1 -1 
1 1150 10 21 0.474042338709677 0.594758064516129 32.877994987509 3 1 1 
0 1150 9.2 20 0.359375 0.285282258064516 18.6408485327011 2 -1 -1 
1 1160 10 21 0.631203473945409 0.663306451612903 27.2785469794866 3 1 1 
0 1160 9.2 20 0.355846774193548 0.358870967741936 10.1716355008864 2 -1 -1 
1 1170 10 21 0.500672043010753 0.555443548387097 25.0761665017016 3 1 1 
0 1170 9.2 20 0.317540322580645 0.360887096774194 43.1048898034357 2 -1 -1 
1 1180 10 21 0.428016726403823 0.448588709677419 12.5839522852093 3 1 1 
0 1180 9.2 20 0.344758064516129 0.426411290322581 37.4843108211486 2 -1 -1 
1 1190 10 21 0.607974910394265 0.506048387096774 2.3953408974514 3 1 1 
0 1190 9.2 20 0.344758064516129 0.448588709677419 11.19374326935 2 -1 -1 
1 1200 10 21 0.483610822060354 0.444354838709677 35.0468944391706 3 1 1 
0 1200 9.2 20 0.382056451612903 0.417338709677419 17.8085793290469 2 -1 -1 
1 1210 10 21 0.381144393241167 0.468548387096774 23.3376007912444 3 1 1 
0 1210 9.2 20 0.408357771260997 0.378024193548387 24.6758473041635 2 -1 -1 
1 1220 10 21 0.431451612903226 0.465322580645161 8.05885460225728 3 1 1 
0 1220 9.2 20 0.444397283531409 0.478225806451613 11.5829572038835 2 -1 -1 
1 1230 10 21 0.411693548387097 0.433467741935484 24.9395751967379 3 0 1 
0 1230 9.2 21 0.446908602150538 0.425 10.2032164941951 2 0 -1 
1 1240 10 21 0.424462365591398 0.456451612903226 15.369751970913 3 0 1 
0 1240 9.2 21 0.457325268817204 0.476814516129032 5.73357173292493 2 0 -1 
1 1250 10 21 0.457506203473945 0.486290322580645 3.03290917071689 3 0 1 
0 1250 9.2 21 0.509925558312655 0.473118279569892 3.21792017365801 2 0 -1 
1 1260 10 22 0.407661290322581 0.515120967741936 6.3117892377115 3 1 1 
0 1260 9.2 21 0.48433983495874 0.425403225806452 9.96242942258564 2 -1 -1 
1 1270 10 22 0.451612903225806 0.53125 7.25104520547542 3 1 1 
0 1270 9.2 21 0.494021134593993 0.290322580645161 28.3063597094363 2 -1 -1 
1 1280 10 22 0.52570564516129 0.543346774193548 27.9935923439634 3 1 1 
0 1280 9.2 21 0.607210626185958 0.147177419354839 8.5 2 -1 -1 
1 1290 10 22 0.482221407624633 0.699596774193548 19.9709248975159 3 1 1 
0 1290 9.2 21 0.459929435483871 0.157258064516129 3.60555127546399 2 -1 -1 
1 1300 10 22 0.607302867383513 0.807459677419355 5.14486717139386 2 1 0 
0 1300 9.2 21 0.596198156682028 0.169354838709677 4.47213595499958 2 -1 0 
1 1310 10 22 0.821908602150538 0.832661290322581 4.3117493181592 2 1 0 
0 1310 9.2 21 0.623138957816377 0.171370967741935 6.5 2 -1 0 
1 1320 10 22 0.541129032258065 NaN NaN 2 1 0 
0 1320 9.2 21 0.192972350230415 0.155913978494624 8.30874410993172 2 -1 0 
