1 30 5.6 1 NaN 0.313508064516129 18.4400409305517 3 0 0 
0 30 5.8 1 NaN 0.295362903225806 13.4520055433895 3 0 0 
1 40 5.6 1 NaN 0.40241935483871 30.6807943195535 3 0 0 
0 40 5.8 1 NaN 0.295362903225806 19.8517381482275 3 0 0 
1 50 5.6 1 0.380040322580645 0.410483870967742 27.0522281199589 3 0 0 
0 50 5.8 1 0.379032258064516 0.349798387096774 23.7966924480981 3 0 0 
1 60 5.6 1 0.375 0.49758064516129 29.2239510896364 3 0 0 
0 60 5.8 1 0.375 0.47883064516129 26.1674717925572 3 0 0 
1 70 5.6 1 0.38688455008489 0.498387096774194 30.6300657205645 3 0 0 
0 70 5.8 1 0.399830220713073 0.471198156682028 33.5713651311372 3 0 0 
1 80 5.6 1 0.460322580645161 0.480645161290323 35.7266717217899 3 0 0 
0 80 5.8 1 0.476539589442815 0.490207373271889 32.4529676987802 3 0 0 
1 90 5.6 1 0.434371523915462 0.491129032258064 36.1578626709476 3 0 0 
0 90 5.8 1 0.406970046082949 0.473118279569893 39.6276409127083 3 0 0 
1 100 5.6 2 0.451774193548387 0.513709677419355 41.2029842031231 3 1 0 
0 100 5.8 1 0.390120967741936 0.474193548387097 25.8913123657649 3 -1 0 
1 110 5.6 2 0.471774193548387 0.504838709677419 41.2951124438361 3 0 0 
0 110 5.8 2 0.455846774193548 0.47258064516129 27.1447748476651 3 0 0 
1 120 5.6 2 0.437434963579605 0.505645161290323 39.2696205852736 3 0 0 
0 120 5.8 2 0.386592741935484 0.473387096774194 25.191613724089 3 0 0 
1 130 5.6 3 0.445806451612903 0.45241935483871 35.8057814339217 3 1 0 
0 130 5.8 2 0.374596774193548 0.458064516129032 28.1757256912135 3 -1 0 
1 140 5.6 3 0.485266749379653 0.483064516129032 30.5520040257165 3 0 0 
0 140 5.8 3 0.448756720430108 0.432258064516129 30.9960071633449 3 0 0 
1 150 5.6 3 0.427029136316337 0.491935483870968 19.4451676209546 3 0 0 
0 150 5.8 3 0.386520737327189 0.456317204301075 40.5859229259431 3 0 0 
1 160 5.6 4 0.42925219941349 0.474193548387097 15.2246169134033 3 1 0 
0 160 5.8 3 0.410063113604488 0.526612903225806 13.6607075299854 3 -1 0 
1 170 5.6 4 0.477150537634409 0.473790322580645 27.0105584716911 3 0 0 
0 170 5.8 4 0.439804147465438 0.500806451612903 4.16218072263191 3 0 0 
1 180 5.6 4 0.435357862903226 0.467741935483871 23.54248688595 3 0 0 
0 180 5.8 4 0.412819799777531 0.504032258064516 5.89025435018968 3 0 0 
1 190 5.6 4 0.451612903225806 0.40241935483871 39.6581310886138 3 0 0 
0 190 5.8 4 0.41258064516129 0.476478494623656 31.4852367239933 3 0 0 
1 200 5.6 5 0.475631136044881 0.460483870967742 33.4814634867848 3 0 0 
0 200 5.8 5 0.463548387096774 0.500806451612903 35.3066248838334 3 0 0 
1 210 5.6 5 0.41113523573201 0.464516129032258 29.8284023440336 3 0 0 
0 210 5.8 5 0.419732862903226 0.495967741935484 39.4924887559309 3 0 0 
1 220 5.6 5 0.433064516129032 0.392741935483871 36.7569947847839 3 0 0 
0 220 5.8 5 0.455069124423963 0.391129032258065 37.46607979917 3 0 0 
1 230 5.6 5 0.479838709677419 0.444354838709677 33.8514875270389 3 0 0 
0 230 5.8 5 0.482758620689655 0.425 33.499879820545 3 0 0 
1 240 5.6 6 0.456425598335068 0.491129032258064 35.2806327318423 3 0 0 
0 240 5.8 6 0.433895405669599 0.405241935483871 24.0299444803496 3 0 0 
1 250 5.6 6 0.418621700879765 0.460483870967742 36.1827505605137 3 0 0 
0 250 5.8 6 0.44115890083632 0.468548387096774 23.2822760814251 3 0 0 
1 260 5.6 6 0.465542521994135 0.45866935483871 35.06700899959 3 0 0 
0 260 5.8 6 0.471774193548387 0.486290322580645 25.4283609910849 3 0 0 
1 270 5.6 7 0.42827468230694 0.519153225806452 37.9831869322162 3 1 0 
0 270 5.8 6 0.389616935483871 0.450940860215054 31.4804392300579 3 -1 0 
1 280 5.6 7 0.443100358422939 0.42741935483871 46.462089855625 3 1 0 
0 280 5.8 6 0.379456706281834 0.445564516129032 44.7090954145117 3 -1 0 
1 290 5.6 7 0.509992987377279 0.423387096774194 39.6257371225829 3 0 0 
0 290 5.8 7 0.454133064516129 0.413018433179723 48.6583821710182 3 0 0 
1 300 5.6 7 0.42241935483871 0.478225806451613 38.1505746372787 3 0 0 
0 300 5.8 7 0.402217741935484 0.428225806451613 33.1810858141878 3 0 0 
1 310 5.6 7 0.391678885630499 0.456451612903226 27.0896435121968 3 0 0 
0 310 5.8 7 0.391801075268817 0.46505376344086 43.2716036504604 3 0 0 
1 320 5.6 7 0.457096774193548 0.483870967741936 31.5685242491231 3 0 0 
0 320 5.8 7 0.469024926686217 0.471102150537634 34.3515023542458 3 0 0 
1 330 5.6 8 0.419721407624633 0.512096774193548 38.8330459767577 3 1 0 
0 330 5.8 7 0.387936827956989 0.482862903225806 16.1948890472814 3 -1 0 
1 340 5.6 9 0.444743130227001 0.52258064516129 36.6043784867452 3 1 0 
0 340 5.8 8 0.388306451612903 0.449596774193548 23.7170824512628 3 -1 0 
1 350 5.6 9 0.492511520737327 0.542741935483871 36.4397328278043 3 1 0 
0 350 5.8 8 0.432795698924731 0.341397849462366 46.9611555818498 3 -1 0 
1 360 5.6 10 0.463579604578564 0.534677419354839 35.2594817650908 3 2 0 
0 360 5.8 8 0.383602150537634 0.276881720430108 34.0177954683832 3 -2 0 
1 370 5.6 10 0.478225806451613 0.534677419354839 35.0141557646782 3 2 0 
0 370 5.8 8 0.386385199240987 0.274193548387097 45.0882058076311 3 -2 0 
1 380 5.6 10 0.525201612903226 0.498387096774194 29.153475595885 3 2 0 
0 380 5.8 8 0.398745519713262 0.403225806451613 26.2632161270036 3 -2 0 
1 390 5.6 10 0.446505376344086 0.510483870967742 37.7365297310291 3 1 0 
0 390 5.8 9 0.383709677419355 0.42258064516129 24.5531285976528 3 -1 0 
1 400 5.6 10 0.411290322580645 0.50241935483871 41.7239487200552 3 1 0 
0 400 5.8 9 0.404569892473118 0.448252688172043 41.3544371700057 3 -1 0 
1 410 5.6 11 0.486335125448029 0.495967741935484 34.6542624708842 3 2 0 
0 410 5.8 9 0.442152605459057 0.448252688172043 49.0482886699563 3 -2 0 
1 420 5.6 11 0.460909498207885 0.48252688172043 26.977967569563 3 1 0 
0 420 5.8 10 0.390967741935484 0.420967741935484 38.9912750521083 3 -1 0 
1 430 5.6 11 0.450483870967742 0.530913978494624 37.1693619132125 3 1 0 
0 430 5.8 10 0.40625 0.426747311827957 19.4796378149559 3 -1 0 
1 440 5.6 11 0.524940262843489 0.439516129032258 41.757481265969 3 1 0 
0 440 5.8 10 0.438760080645161 0.459677419354839 14.5474164828833 3 -1 0 
1 450 5.6 11 0.470852534562212 0.367943548387097 46.8549902527531 3 1 0 
0 450 5.8 10 0.375806451612903 0.505376344086022 3.98591185282393 3 -1 0 
1 460 5.6 11 0.4195301542777 0.404233870967742 17.0828711256651 3 1 0 
0 460 5.8 10 0.38233137829912 0.449596774193548 16.9481364707067 3 -1 0 
1 470 5.6 11 0.529978962131837 0.395161290322581 28.6155744129042 3 0 0 
0 470 5.8 11 0.439264112903226 0.467741935483871 15.2830206413784 3 0 0 
1 480 5.6 12 0.452798861480076 0.45241935483871 27.8295437012525 3 1 0 
0 480 5.8 11 0.364717741935484 0.368951612903226 23.9034439916309 3 -1 0 
1 490 5.6 12 0.484468339307049 0.47741935483871 26.3990480148878 3 1 0 
0 490 5.8 11 0.380292338709677 0.395833333333333 22.9675600834935 3 -1 0 
1 500 5.6 12 0.490927419354839 0.521774193548387 38.7735047775544 3 1 0 
0 500 5.8 11 0.427671370967742 0.397177419354839 30.1204305430602 3 -1 0 
1 510 5.6 12 0.447292626728111 0.491935483870968 44.6532740175341 3 1 0 
0 510 5.8 11 0.398118279569892 0.430875576036866 53.7892991182719 3 -1 0 
1 520 5.6 12 0.424789621318373 0.488911290322581 53.8764313880439 3 1 0 
0 520 5.8 11 0.395322580645161 0.45497311827957 54.502645327781 3 -1 0 
1 530 5.6 13 0.460872162485066 0.485215053763441 56.2237118730517 3 1 0 
0 530 5.8 12 0.452864293659622 0.395161290322581 52.2160584062602 3 -1 0 
1 540 5.6 13 0.431073588709677 0.415322580645161 65.4388297934279 3 1 0 
0 540 5.8 12 0.425067204301075 0.445276497695852 30.4296798629395 3 -1 0 
1 550 5.6 13 0.454349078341014 0.404233870967742 56.0835209763025 3 1 0 
0 550 5.8 12 0.444424964936886 0.511520737327189 9.77945951373609 3 -1 0 
1 560 5.6 13 0.477822580645161 0.334677419354839 51.2612208493901 3 1 0 
0 560 5.8 12 0.52988614800759 0.532258064516129 7.74543182810453 3 -1 0 
1 570 5.6 13 0.466680814940577 0.404032258064516 48.0378531258757 3 1 0 
0 570 5.8 12 0.458896982310094 0.563364055299539 6.7023429463074 3 -1 0 
1 580 5.6 14 0.502150537634409 0.412903225806452 39.6443044064794 3 2 0 
0 580 5.8 12 0.386290322580645 0.575268817204301 5.09731105489266 3 -2 0 
1 590 5.6 14 0.523582600195503 0.433064516129032 16.9666263270087 3 1 0 
0 590 5.8 13 0.452543424317618 0.5625 3.80788655293195 3 -1 0 
1 600 5.6 14 0.467204301075269 0.490322580645161 11.8346037187786 3 1 0 
0 600 5.8 13 0.405337941628264 0.477822580645161 20.1556443707464 3 -1 0 
1 610 5.6 14 0.456195014662757 0.486290322580645 42.8341830970079 3 1 0 
0 610 5.8 13 0.375 0.272849462365591 34.7118097113018 3 -1 0 
1 620 5.6 14 0.561724565756824 0.487096774193548 38.1436281344197 3 1 0 
0 620 5.8 13 0.385528673835125 0.217741935483871 18.6410251128982 3 -1 0 
1 630 5.6 14 0.47951176983435 0.510483870967742 27.8978203674358 3 1 0 
0 630 5.8 13 0.379480286738351 0.368663594470046 17.3635594482552 3 -1 0 
1 640 5.6 14 0.404142228739003 0.470161290322581 26.9737472775374 3 1 0 
0 640 5.8 13 0.406524926686217 0.384216589861751 17.627875872784 3 -1 0 
1 650 5.6 15 0.47101814516129 0.483064516129032 24.3576334586057 3 2 0 
0 650 5.8 13 0.443365102639296 0.410138248847926 22.2253233430665 3 -2 0 
1 660 5.6 15 0.447811059907834 0.506048387096774 33.9600571218769 3 1 0 
0 660 5.8 14 0.384992987377279 0.45866935483871 28.6605411898178 3 -1 0 
1 670 5.6 15 0.460142679900744 0.509072580645161 36.9004296451077 3 1 0 
0 670 5.8 14 0.377912186379928 0.340437788018433 37.7717839150471 3 -1 0 
1 680 5.6 15 0.520527859237537 0.493279569892473 30.5269343196348 3 1 0 
0 680 5.8 14 0.426915322580645 0.292338709677419 24.6482720385774 3 -1 0 
1 690 5.6 16 0.488012205754141 0.509408602150538 16.8305621761197 3 2 0 
0 690 5.8 14 0.359627016129032 0.335483870967742 16.8836119753617 3 -2 0 
1 700 5.6 16 0.444354838709677 0.432459677419355 31.6544095920903 3 2 0 
0 700 5.8 14 0.366935483870968 0.432258064516129 16.5656192555607 3 -2 0 
1 710 5.6 16 0.546290322580645 0.477150537634409 19.0221896359676 3 1 0 
0 710 5.8 15 0.430210918114144 0.487903225806452 2.3484354687246 3 -1 0 
1 720 5.6 16 0.508064516129032 0.459677419354839 19.3579386118206 3 1 0 
0 720 5.8 15 0.386622390891841 0.436827956989247 24.1178675316381 3 -1 0 
1 730 5.6 16 0.501588465298143 0.395161290322581 38.113416616915 3 1 0 
0 730 5.8 15 0.37316715542522 0.463709677419355 22.348510710171 3 -1 0 
1 740 5.6 16 0.550047438330171 0.431451612903226 23.5465355437479 3 1 0 
0 740 5.8 15 0.449780058651026 0.489516129032258 16.7852271460319 3 -1 0 
1 750 5.6 16 0.512992831541219 0.393145161290323 41.2931638647515 3 0 0 
0 750 5.8 16 0.334252971137521 0.536290322580645 15.6964746506473 3 0 0 
1 760 5.6 17 0.493778801843318 0.358870967741936 31.2409987036266 3 1 0 
0 760 5.8 16 0.36405529953917 0.526881720430108 17.9222668673615 3 -1 0 
1 770 5.6 17 0.573055028462998 0.377688172043011 8.21033389777148 3 1 0 
0 770 5.8 16 0.442204301075269 0.549395161290323 22.3208894086844 3 -1 0 
1 780 5.6 17 0.509189797449362 0.450268817204301 12.1691691980086 3 1 0 
0 780 5.8 16 0.348454301075269 0.495967741935484 12.9365045545729 3 -1 0 
1 790 5.6 17 0.515498991935484 0.457661290322581 8.74642784226795 3 1 0 
0 790 5.8 16 0.406502016129032 0.483870967741936 21.2602916254693 3 -1 0 
1 800 5.6 17 0.610171696149844 0.395161290322581 43.1291419390683 3 0 0 
0 800 5.8 17 0.399926686217009 0.36491935483871 40.969500851243 3 0 0 
1 810 5.6 17 0.524830220713073 0.476814516129032 19.3852281017152 3 0 0 
0 810 5.8 17 0.336079943899018 0.286290322580645 30.3191358715911 3 0 0 
1 820 5.6 18 0.522242455775234 0.435483870967742 23.74350630518 3 1 0 
0 820 5.8 17 0.367204301075269 0.221774193548387 29.2061637330205 3 -1 0 
1 830 5.6 18 0.615025466893039 0.456653225806452 25.6856010166226 3 1 1 
0 830 5.8 17 0.371204933586338 0.243951612903226 25.1384104441301 2 -1 -1 
1 840 5.6 18 0.492741935483871 0.42741935483871 46.758460102369 3 1 1 
0 840 5.8 17 0.352726574500768 0.342165898617512 25.8275751429558 2 -1 -1 
1 850 5.6 18 0.428427419354839 0.435483870967742 24.0556244927591 3 1 1 
0 850 5.8 17 0.38863287250384 0.36491935483871 17.9634029589936 2 -1 -1 
1 860 5.6 18 0.588946869070209 0.454637096774194 18.8184218016153 3 0 1 
0 860 5.8 18 0.405529953917051 0.39758064516129 36.4076563063563 2 0 -1 
1 870 5.6 18 0.456730769230769 0.479838709677419 12.5072149402156 3 0 1 
0 870 5.8 18 0.399823588709677 0.460829493087558 29.0889336162537 2 0 -1 
1 880 5.6 18 0.44849706744868 0.479838709677419 6.85595715831708 3 0 1 
0 880 5.8 18 0.442741935483871 0.482142857142857 13.2509095182713 2 0 -1 
1 890 5.6 19 0.543255131964809 0.485887096774194 4.7169905660283 3 1 1 
0 890 5.8 18 0.502688172043011 0.516129032258065 5.13545919764036 2 -1 -1 
1 900 5.6 19 0.456779233870968 0.324596774193548 65.4083328024801 3 1 1 
0 900 5.8 18 0.514705882352941 0.516129032258065 9.65601846501414 2 -1 -1 
1 910 5.6 19 0.639448924731183 0.233870967741935 0 3 0 1 
0 910 5.8 19 0.529719235364397 0.323387096774194 53.2414402432423 2 0 -1 
1 920 5.6 19 0.703494623655914 0.262096774193548 0 3 0 1 
0 920 5.8 19 0.583034647550777 0.323387096774194 53.4358003529538 2 0 -1 
1 930 5.6 19 0.435915898617512 0.274193548387097 0 3 0 1 
0 930 5.8 19 0.475043591979076 0.379032258064516 58.2235364821454 2 0 -1 
1 940 5.6 19 0.38508064516129 0.225806451612903 23.7697286480094 3 -1 1 
0 940 5.8 20 0.477910238429173 0.373655913978495 53.5235737360879 2 1 -1 
1 950 5.6 19 0.358870967741936 0.274193548387097 12.8160056179763 3 -1 1 
0 950 5.8 20 0.53168202764977 0.329493087557604 42.9919660530104 2 1 -1 
1 960 5.6 19 0.440591397849462 0.235887096774194 33.936629366886 3 -1 1 
0 960 5.8 20 0.484139784946237 0.374423963133641 26.3035043090817 2 1 -1 
1 970 5.6 20 0.399968982630273 0.300806451612903 29.899271390858 3 0 1 
0 970 5.8 20 0.428987455197133 0.476814516129032 9.34569353875327 2 0 -1 
1 980 5.6 20 0.436443932411674 0.388104838709677 14.4166390872214 3 0 1 
0 980 5.8 20 0.455170777988615 0.518548387096774 2.62365169671021 2 0 -1 
1 990 5.6 20 0.476501668520578 0.413978494623656 6.75010861171989 3 0 1 
0 990 5.8 20 0.387096774193548 0.554435483870968 7.01521704881651 2 0 -1 
1 1000 5.6 20 0.454838709677419 0.294354838709677 5.8309518948453 3 0 1 
0 1000 5.8 20 0.383736559139785 0.605510752688172 3.10034664959727 2 0 -1 
1 1010 5.6 20 0.475302419354839 0.201612903225806 8.94427190999916 3 0 1 
0 1010 5.8 20 0.417338709677419 0.604838709677419 12.5505058759494 2 0 -1 
1 1020 5.6 20 0.455376344086022 0.235887096774194 6.04152298679729 3 0 1 
0 1020 5.8 20 0.390916808149406 0.631048387096774 32.8236561066712 2 0 -1 
1 1030 5.6 20 0.458266129032258 0.185483870967742 6.40312423743285 3 -1 1 
0 1030 5.8 21 0.383776091081594 0.621975806451613 27.7381055894682 2 1 -1 
1 1040 5.6 20 0.507056451612903 0.189516129032258 22.2766694099455 3 -1 1 
0 1040 5.8 21 0.428175403225806 0.626008064516129 32.4824781143543 2 1 -1 
1 1050 5.6 20 0.458699902248289 0.228494623655914 19.5704890790646 3 -1 1 
0 1050 5.8 21 0.387672811059908 0.510752688172043 29.5282780474102 2 1 -1 
1 1060 5.6 20 0.444032258064516 0.30241935483871 28.1517917136911 3 -1 1 
0 1060 5.8 21 0.407706093189964 0.487903225806452 25.7099202643649 2 1 -1 
1 1070 5.6 20 0.529089861751152 0.42741935483871 26.9407488049176 3 -1 1 
0 1070 5.8 21 0.446157495256167 0.51008064516129 27.5408787078408 2 1 -1 
1 1080 5.6 20 0.480550284629981 0.487096774193548 23.3275009596571 3 -1 1 
0 1080 5.8 21 0.407450076804915 0.441532258064516 24.3823706804732 2 1 -1 
1 1090 5.6 21 0.431626928471248 0.503225806451613 24.169536572506 3 0 1 
0 1090 5.8 21 0.422741935483871 0.341397849462366 39.178916986744 2 0 -1 
1 1100 5.6 21 0.509150124069479 0.504838709677419 24.0850165052978 3 0 2 
0 1100 5.8 21 0.459408602150538 0.389112903225806 16.9490914416322 1 0 -2 
1 1110 5.6 21 0.478046594982079 0.551612903225806 17.2729145424226 3 0 2 
0 1110 5.8 21 0.419086021505376 0.388440860215054 8.79219152204645 1 0 -2 
1 1120 5.6 21 0.45497311827957 0.6 18.3557637730066 3 0 3 
0 1120 5.8 21 0.450696480938416 0.254032258064516 13.2573946514616 0 0 -3 
1 1130 5.6 21 0.554003456221198 0.580645161290323 17.5634174487591 3 0 3 
0 1130 5.8 21 0.52883064516129 0.256451612903226 9.69345392275398 0 0 -3 
1 1140 5.6 22 0.518631813125695 0.592741935483871 29.6307723885918 3 1 3 
0 1140 5.8 21 0.480322580645161 0.256451612903226 7.95273926284978 0 -1 -3 
1 1150 5.6 22 0.494032258064516 0.681451612903226 21.7990698934479 3 1 3 
0 1150 5.8 21 0.499844913151365 0.254032258064516 14.8637621048437 0 -1 -3 
1 1160 5.6 22 0.524193548387097 0.758064516129032 4.68440407380614 3 1 3 
0 1160 5.8 21 0.536465638148668 0.216935483870968 6.88609686342404 0 -1 -3 
1 1170 5.6 22 0.460372636262514 0.723790322580645 5.31507290636733 3 0 3 
0 1170 5.8 22 0.442772952853598 0.204637096774194 15.4903309246001 0 0 -3 
1 1180 5.6 22 0.567436040044494 0.701612903225806 8.90224690738243 3 0 3 
0 1180 5.8 22 0.517641129032258 0.191129032258065 7.55696862931721 0 0 -3 
1 1190 5.6 22 0.598074921956296 0.383064516129032 59.5503988231817 3 0 3 
0 1190 5.8 22 0.681451612903226 0.236290322580645 9.3877550323274 0 0 -3 
1 1200 5.6 22 0.470357454228422 0.358870967741936 23.9008368054342 3 0 3 
0 1200 5.8 22 0.34062980030722 0.278225806451613 13.4143843315176 0 0 -3 
1 1210 5.6 22 0.471774193548387 0.399193548387097 6.08276253029822 3 0 3 
0 1210 5.8 22 0.410557184750733 0.388709677419355 10.4682581673013 0 0 -3 
1 1220 5.6 22 0.559443288241415 0.333333333333333 39.5402222136774 3 0 3 
0 1220 5.8 22 0.425403225806452 0.408870967741935 18.822476782903 0 0 -3 
1 1230 5.6 22 0.477114210985179 0.366935483870968 44.1245147361071 3 0 3 
0 1230 5.8 22 0.363287250384025 0.445161290322581 33.0749653624187 0 0 -3 
1 1240 5.6 22 0.509369070208729 0.389784946236559 10.689807859921 3 0 3 
0 1240 5.8 22 0.376550868486352 0.475806451612903 38.771756243235 0 0 -3 
1 1250 5.6 22 0.637308998302207 0.37258064516129 18.2030395567757 3 0 3 
0 1250 5.8 22 0.502016129032258 0.395161290322581 48.8052864251655 0 0 -3 
1 1260 5.6 22 0.432258064516129 0.404032258064516 20.3839566122967 3 0 3 
0 1260 5.8 22 0.410229202037351 0.423963133640553 46.1590835170687 0 0 -3 
1 1270 5.6 22 0.385694249649369 0.457258064516129 28.9618637728702 3 0 3 
0 1270 5.8 22 0.413306451612903 0.485887096774194 36.7662753336303 0 0 -3 
1 1280 5.6 23 0.447931276297335 0.483870967741936 41.3162928277356 3 1 3 
0 1280 5.8 22 0.448680351906158 0.506048387096774 6.02079728939615 0 -1 -3 
1 1290 5.6 23 0.472614247311828 0.501344086021505 2.36306666260641 3 0 3 
0 1290 5.8 23 0.399798387096774 0.5 0 0 0 -3 
1 1300 5.6 23 0.518463497453311 0.505376344086022 2.66177696757523 3 0 3 
0 1300 5.8 23 0.374596774193548 0.504032258064516 0 0 0 -3 
1 1310 5.6 23 0.54053480475382 0.502688172043011 1.55555555555556 3 0 3 
0 1310 5.8 23 0.419858870967742 0.467741935483871 0 0 0 -3 
