1 30 9.4 1 NaN 0.337701612903226 28.6581629645161 2 0 0 
0 30 6.8 1 NaN 0.284677419354839 20.9113803568193 2 0 0 
1 40 9.4 1 NaN 0.357258064516129 34.0094753917729 2 0 0 
0 40 6.8 1 NaN 0.299193548387097 23.1986188574063 2 0 0 
1 50 9.4 1 NaN 0.380645161290323 34.8641161207584 2 0 0 
0 50 6.8 1 0.395161290322581 0.376612903225806 34.7735582382138 2 0 0 
1 60 9.4 1 0.383064516129032 0.455645161290323 34.5025100622594 2 0 0 
0 60 6.8 1 0.383064516129032 0.462903225806452 38.8686406285207 2 0 0 
1 70 9.4 1 0.42741935483871 0.474193548387097 36.3841959713577 2 0 0 
0 70 6.8 1 0.388824884792627 0.464717741935484 32.1735340364319 2 0 0 
1 80 9.4 1 0.4908357771261 0.47258064516129 39.617463862845 2 0 0 
0 80 6.8 1 0.46875 0.494959677419355 32.8022490655445 2 0 0 
1 90 9.4 1 0.383064516129032 0.519153225806452 32.4852255335382 2 0 0 
0 90 6.8 1 0.393010752688172 0.434677419354839 47.6978378401338 2 0 0 
1 100 9.4 2 0.442972350230415 0.484879032258065 34.8655487302261 2 1 0 
0 100 6.8 1 0.390322580645161 0.483064516129032 41.8235307824097 2 -1 0 
1 110 9.4 2 0.494815668202765 0.490322580645161 41.511063641823 2 0 0 
0 110 6.8 2 0.439228110599078 0.487903225806452 42.690912965435 2 0 0 
1 120 9.4 2 0.416034155597723 0.479032258064516 38.2932661164872 2 0 0 
0 120 6.8 2 0.417786738351255 0.495967741935484 39.2382322189342 2 0 0 
1 130 9.4 2 0.38833746898263 0.438709677419355 35.7577981552536 2 0 0 
0 130 6.8 2 0.486559139784946 0.493548387096774 39.5210143254198 2 0 0 
1 140 9.4 3 0.486175115207373 0.437903225806452 35.5264563047928 2 0 0 
0 140 6.8 3 0.504962779156327 0.487096774193548 34.8756461746394 2 0 0 
1 150 9.4 3 0.395471464019851 0.426075268817204 29.2849396062597 2 0 0 
0 150 6.8 3 0.383064516129032 0.509677419354839 21.5797277680453 2 0 0 
1 160 9.4 3 0.383064516129032 0.419354838709677 23.9841025107674 2 0 0 
0 160 6.8 3 0.44786866359447 0.519354838709677 15.9439856619339 2 0 0 
1 170 9.4 3 0.469758064516129 0.352822580645161 35.4701275913662 2 0 0 
0 170 6.8 3 0.518695014662757 0.470161290322581 12.772528945117 2 0 0 
1 180 9.4 3 0.407258064516129 0.370967741935484 38.1543829647952 2 -1 0 
0 180 6.8 4 0.383064516129032 0.481451612903226 3.12540770415239 2 1 0 
1 190 9.4 4 0.383064516129032 0.471774193548387 26.1200681303522 2 0 0 
0 190 6.8 4 0.383064516129032 0.45241935483871 8.41070627743911 2 0 0 
1 200 9.4 4 0.47011385199241 0.487903225806452 20.1740818425098 2 0 0 
0 200 6.8 4 0.482940446650124 0.426612903225806 15.212174808232 2 0 0 
1 210 9.4 4 0.434838709677419 0.461290322580645 19.0039140958622 2 0 0 
0 210 6.8 4 0.383064516129032 0.417741935483871 13.218034351091 2 0 0 
1 220 9.4 4 0.458165322580645 0.408064516129032 25.4552992896027 2 -1 0 
0 220 6.8 5 0.410534274193548 0.418548387096774 34.5220579884853 2 1 0 
1 230 9.4 5 0.444354838709677 0.462903225806452 30.7552398376436 2 0 0 
0 230 6.8 5 0.481350806451613 0.466129032258065 28.9696349591447 2 0 0 
1 240 9.4 5 0.383064516129032 0.409677419354839 28.2771031507996 2 0 0 
0 240 6.8 5 0.395698924731183 0.47258064516129 26.8815045997157 2 0 0 
1 250 9.4 5 0.390322580645161 0.398185483870968 5.76627471358249 2 -1 0 
0 250 6.8 6 0.440524193548387 0.536290322580645 29.9380202207815 2 1 0 
1 260 9.4 6 0.442204301075269 0.454637096774194 4.62693751275199 2 0 0 
0 260 6.8 6 0.515552995391705 0.521505376344086 34.1717859049241 2 0 0 
1 270 9.4 6 0.383064516129032 0.399193548387097 25.3723839786727 2 0 0 
0 270 6.8 6 0.407006048387097 0.420362903225806 50.6209004657449 2 0 0 
1 280 9.4 6 0.383064516129032 0.394354838709677 30.7341827935649 2 0 0 
0 280 6.8 6 0.409119106699752 0.335483870967742 44.6749166956047 2 0 0 
1 290 9.4 6 0.488191244239631 0.453225806451613 29.7640246800712 2 0 0 
0 290 6.8 6 0.458921370967742 0.391129032258065 26.9094455414188 2 0 0 
1 300 9.4 6 0.409392789373814 0.476612903225806 26.6975653152678 2 0 0 
0 300 6.8 6 0.423991935483871 0.433064516129032 36.1243926746251 2 0 0 
1 310 9.4 7 0.389400921658986 0.488709677419355 33.8929639693281 2 0 0 
0 310 6.8 7 0.433467741935484 0.462096774193548 44.8010343889987 2 0 0 
1 320 9.4 7 0.453917050691244 0.468548387096774 39.3716343450762 2 0 0 
0 320 6.8 7 0.526881720430108 0.510483870967742 39.3509776032257 2 0 0 
1 330 9.4 7 0.383064516129032 0.432258064516129 38.140851951545 2 0 0 
0 330 6.8 7 0.39758064516129 0.520161290322581 42.9174936617713 2 0 0 
1 340 9.4 7 0.393920595533499 0.37741935483871 42.5050475602401 2 0 0 
0 340 6.8 7 0.39758064516129 0.52258064516129 39.0123639514688 2 0 0 
1 350 9.4 7 0.478046594982079 0.359677419354839 36.818173327511 2 0 0 
0 350 6.8 7 0.517990074441687 0.496774193548387 39.5578450983227 2 0 0 
1 360 9.4 8 0.435887096774194 0.395967741935484 28.7037483509752 2 1 0 
0 360 6.8 7 0.416982922201138 0.420967741935484 24.3640448030319 2 -1 0 
1 370 9.4 8 0.404989919354839 0.440322580645161 18.7305141812564 2 1 0 
0 370 6.8 7 0.383064516129032 0.498387096774194 5.74153760028447 2 -1 0 
1 380 9.4 8 0.53351814516129 0.459677419354839 18.7172214141071 2 0 0 
0 380 6.8 8 0.444168734491315 0.501344086021505 6.57421533320544 2 0 0 
1 390 9.4 8 0.463410991636798 0.440860215053763 20.8676825768845 2 0 0 
0 390 6.8 8 0.383064516129032 0.358870967741936 31.4841229828623 2 0 0 
1 400 9.4 8 0.450664136622391 0.483870967741936 27.4603258965661 2 0 0 
0 400 6.8 8 0.383064516129032 0.277217741935484 27.0238243667531 2 0 0 
1 410 9.4 8 0.527988614800759 0.439516129032258 33.7840827813772 2 0 0 
0 410 6.8 8 0.437655086848635 0.329838709677419 25.13064024321 2 0 0 
1 420 9.4 9 0.468052109181141 0.436290322580645 29.9985187591025 2 1 0 
0 420 6.8 8 0.385215053763441 0.418548387096774 21.5898940209791 2 -1 0 
1 430 9.4 9 0.398521505376344 0.467741935483871 27.9625720372728 2 1 0 
0 430 6.8 8 0.385752688172043 0.497311827956989 14.2560485101862 2 -1 0 
1 440 9.4 9 0.524193548387097 0.421774193548387 42.6126692970258 2 1 0 
0 440 6.8 8 0.424193548387097 0.546370967741936 3.80788655293195 2 -1 0 
1 450 9.4 10 0.442012288786482 0.456653225806452 38.2620115478444 2 2 0 
0 450 6.8 8 0.377791563275434 0.279569892473118 40.1663427174435 2 -2 0 
1 460 9.4 10 0.455141129032258 0.516129032258065 38.5458169793664 2 1 0 
0 460 6.8 9 0.390508684863524 0.181451612903226 8.31623659454011 2 -1 0 
1 470 9.4 10 0.559535104364326 0.507056451612903 38.1198149938301 2 1 0 
0 470 6.8 9 0.440982404692082 0.287298387096774 26.9465491951755 2 -1 0 
1 480 9.4 11 0.432347670250896 0.432258064516129 37.0910943610915 2 2 0 
0 480 6.8 9 0.386180351906158 0.295161290322581 29.5821351453144 2 -2 0 
1 490 9.4 11 0.396601382488479 0.506451612903226 32.418350411092 2 2 0 
0 490 6.8 9 0.416890681003584 0.37258064516129 25.3461884986714 2 -2 0 
1 500 9.4 11 0.540322580645161 0.513709677419355 22.6753002675978 2 2 0 
0 500 6.8 9 0.404953917050691 0.442204301075269 29.2627554767932 2 -2 0 
1 510 9.4 11 0.465725806451613 0.517137096774194 16.2978889815516 2 2 0 
0 510 6.8 9 0.370967741935484 0.479838709677419 13.8924439894498 2 -2 0 
1 520 9.4 11 0.396401985111663 0.537298387096774 22.0905814234254 2 2 0 
0 520 6.8 9 0.387672811059908 0.336021505376344 33.7389410533033 2 -2 0 
1 530 9.4 12 0.489247311827957 0.533602150537634 25.3458681737373 2 2 0 
0 530 6.8 10 0.418778801843318 0.274193548387097 28.6742695217705 2 -2 0 
1 540 9.4 12 0.445084485407066 0.41633064516129 46.1989071739051 2 2 0 
0 540 6.8 10 0.370967741935484 0.340322580645161 22.656433845547 2 -2 0 
1 550 9.4 12 0.407795698924731 0.436491935483871 31.2463510137679 2 2 0 
0 550 6.8 10 0.383064516129032 0.429838709677419 11.9962810748165 2 -2 0 
1 560 9.4 12 0.519354838709677 0.466397849462366 37.0936094887583 2 2 0 
0 560 6.8 10 0.435483870967742 0.45866935483871 16.1111731755409 2 -2 0 
1 570 9.4 12 0.449509116409537 0.173387096774194 11.1803398874989 2 1 0 
0 570 6.8 11 0.385483870967742 0.470766129032258 3.99515428335215 2 -1 0 
1 580 9.4 12 0.383064516129032 0.25 23.259406699226 2 1 0 
0 580 6.8 11 0.409274193548387 0.425 30.740130843803 2 -1 0 
1 590 9.4 12 0.549827188940092 0.338709677419355 37.6115839057905 2 1 0 
0 590 6.8 11 0.426178660049628 0.473387096774194 32.0468098490091 2 -1 0 
1 600 9.4 12 0.505593132154006 0.370161290322581 38.523701953691 2 1 0 
0 600 6.8 11 0.359491315136476 0.449193548387097 15.3043825231032 2 -1 0 
1 610 9.4 13 0.49968982630273 0.440322580645161 26.6235317309434 2 2 0 
0 610 6.8 11 0.379032258064516 0.490322580645161 11.2545131727125 2 -2 0 
1 620 9.4 13 0.625620347394541 0.483064516129032 19.6137636715294 2 2 0 
0 620 6.8 11 NaN 0.458064516129032 13.0618456387028 2 -2 0 
1 630 9.4 13 0.505077658303465 0.481854838709677 8.79128889547058 2 2 0 
0 630 6.8 11 0.319412442396313 0.434677419354839 18.2839339256987 2 -2 0 
1 640 9.4 13 0.402649769585253 0.540322580645161 7.72247177519659 2 1 0 
0 640 6.8 12 0.394428152492669 0.376612903225806 17.1166024939854 2 -1 0 
1 650 9.4 13 0.604838709677419 0.40625 16.5345541146511 2 1 0 
0 650 6.8 12 0.394428152492669 0.375806451612903 11.4877287305032 2 -1 0 
1 660 9.4 13 0.38252688172043 0.352822580645161 6.78781370907458 2 1 0 
0 660 6.8 12 0.412298387096774 0.340322580645161 21.7692863144955 2 -1 0 
1 670 9.4 13 0.439228110599078 0.347782258064516 4.5608846928052 2 1 0 
0 670 6.8 12 0.451400679117148 0.468548387096774 10.8560698967405 2 -1 0 
1 680 9.4 13 0.475806451612903 0.410282258064516 12.7528066608053 2 1 0 
0 680 6.8 12 0.509828629032258 0.508064516129032 15.1872195456038 2 -1 0 
1 690 9.4 14 0.410016977928693 0.455645161290323 4.84215718652695 2 2 0 
0 690 6.8 12 0.382560483870968 0.47883064516129 6.3723092751562 2 -2 0 
1 700 9.4 14 0.409274193548387 0.529838709677419 16.6373411203317 2 1 0 
0 700 6.8 13 0.396091811414392 0.465725806451613 1.11803398874989 2 -1 0 
1 710 9.4 14 0.50682382133995 0.507258064516129 31.3346201531915 2 1 0 
0 710 6.8 13 0.432123655913978 0.417338709677419 2.91547594742265 2 -1 0 
1 720 9.4 14 0.466995221027479 0.411290322580645 25.4608000063018 2 1 0 
0 720 6.8 13 0.356671554252199 0.256048387096774 24.1505693514666 2 -1 0 
1 730 9.4 14 0.470897615708275 0.459677419354839 22.6850621892469 2 1 0 
0 730 6.8 13 0.390198511166253 0.152217741935484 5.72628007139364 2 -1 0 
1 740 9.4 15 0.557347670250896 0.421370967741936 19.0373856870458 2 2 0 
0 740 6.8 13 0.411962365591398 0.265120967741936 19.3250711972545 2 -2 0 
1 750 9.4 15 0.487305854241338 0.413306451612903 11.9391995191519 2 2 0 
0 750 6.8 13 0.386730205278592 0.342741935483871 24.1214268909148 2 -2 0 
1 760 9.4 15 0.476507713884993 0.524193548387097 3.6099664368293 2 2 0 
0 760 6.8 13 0.368951612903226 0.366935483870968 20.5234638461039 2 -2 0 
1 770 9.4 15 0.590462833099579 0.553225806451613 6.35949001309591 2 2 0 
0 770 6.8 13 0.336021505376344 0.411290322580645 6.76198119954023 2 -2 0 
1 780 9.4 15 0.503312211981567 0.566129032258065 7.28202546653324 2 2 0 
0 780 6.8 13 0.319789081885856 0.415322580645161 4 2 -2 0 
1 790 9.4 16 0.420866935483871 0.562903225806452 28.7638808852141 2 3 0 
0 790 6.8 13 0.308467741935484 0.258064516129032 20.5806153751863 2 -3 0 
1 800 9.4 16 0.625504032258065 0.529032258064516 23.6444966558872 2 3 0 
0 800 6.8 13 0.308467741935484 0.342741935483871 11.0380674548952 2 -3 0 
1 810 9.4 16 0.5 0.507056451612903 11.0956901126508 2 2 0 
0 810 6.8 14 0.302109181141439 0.325806451612903 38.5254491869068 2 -2 0 
1 820 9.4 16 0.492851906158358 0.506048387096774 2.69258240356725 2 2 0 
0 820 6.8 14 NaN 0.380040322580645 24.1387848739213 2 -2 0 
1 830 9.4 16 0.642943548387097 0.455645161290323 0 2 2 0 
0 830 6.8 14 NaN 0.469758064516129 7.59877509473352 2 -2 0 
1 840 9.4 16 0.541129032258065 0.334677419354839 0 2 2 0 
0 840 6.8 14 0.2875 0.547379032258065 6.4885130919278 2 -2 0 
1 850 9.4 16 0.522903225806452 0.354838709677419 0 2 2 0 
0 850 6.8 14 NaN 0.558467741935484 3.01241786426403 2 -2 0 
1 860 9.4 16 0.663138440860215 0.276209677419355 35.3058068878195 2 1 0 
0 860 6.8 15 NaN 0.459677419354839 31.5534027428049 2 -1 0 
1 870 9.4 17 0.507056451612903 0.278225806451613 24.8954832575897 2 2 0 
0 870 6.8 15 0.280791788856305 0.49758064516129 21.3107400488307 2 -2 0 
1 880 9.4 17 0.476814516129032 0.320564516129032 24.6763485299799 2 2 0 
0 880 6.8 15 NaN 0.511290322580645 8.45329625964019 2 -2 0 
1 890 9.4 17 0.645161290322581 0.440860215053763 23.4998278314546 2 1 0 
0 890 6.8 16 NaN 0.439516129032258 10.0547675369318 2 -1 0 
1 900 9.4 17 0.508064516129032 0.479838709677419 2.06155281280883 2 1 0 
0 900 6.8 16 0.2962158808933 0.405241935483871 15.6098694628068 2 -1 0 
1 910 9.4 17 0.495601173020528 0.429435483870968 13.6473440639562 2 1 0 
0 910 6.8 16 0.331989247311828 0.282258064516129 17.0838966202989 2 -1 0 
1 920 9.4 17 0.557347670250896 0.300403225806452 6.5 2 1 0 
0 920 6.8 16 0.331989247311828 0.307459677419355 13.4656743059419 2 -1 0 
1 930 9.4 17 0.467741935483871 0.3125 0.707106781186548 2 1 0 
0 930 6.8 16 0.356602822580645 0.381048387096774 20.7991894782389 2 -1 0 
1 940 9.4 17 0.416666666666667 0.233870967741935 20.4705160701532 2 0 0 
0 940 6.8 17 0.420506912442396 0.338709677419355 40.4812839938886 2 0 0 
1 950 9.4 17 0.542338709677419 0.162298387096774 7.00652374367853 2 0 0 
0 950 6.8 17 0.518481182795699 0.366935483870968 48.1534101128905 2 0 0 
1 960 9.4 18 0.456989247311828 0.267137096774194 23.7750940635088 2 1 0 
0 960 6.8 17 0.431027164685908 0.424193548387097 37.622118842169 2 -1 0 
1 970 9.4 18 0.405913978494624 0.40625 36.4120690530055 2 1 0 
0 970 6.8 17 0.370967741935484 0.407258064516129 21.3323256639207 2 -1 0 
1 980 9.4 18 0.518481182795699 0.480846774193548 46.538701989053 2 1 0 
0 980 6.8 17 0.434139784946237 0.341935483870968 11.1061644610428 2 -1 0 
1 990 9.4 18 0.436559139784946 0.519153225806452 44.3419879778277 2 1 0 
0 990 6.8 17 0.37258064516129 0.414516129032258 30.7457638052388 2 -1 0 
1 1000 9.4 18 0.423639112903226 0.54133064516129 44.2006604491889 2 1 0 
0 1000 6.8 17 0.395161290322581 0.435483870967742 30.2865842902876 2 -1 0 
1 1010 9.4 19 0.564516129032258 0.551411290322581 53.5403490510106 2 2 1 
0 1010 6.8 17 NaN 0.289516129032258 24.779938883756 1 -2 -1 
1 1020 9.4 19 0.468548387096774 0.493279569892473 36.3980597042379 2 1 1 
0 1020 6.8 18 0.35383064516129 0.307258064516129 16.041043005586 1 -1 -1 
1 1030 9.4 19 0.400806451612903 0.373655913978495 12.9516292378432 2 1 1 
0 1030 6.8 18 0.415658602150538 0.331451612903226 7.12849101105269 1 -1 -1 
1 1040 9.4 19 0.490927419354839 0.368279569892473 2.79765466222422 2 1 1 
0 1040 6.8 18 0.471774193548387 0.430645161290323 18.0663601993856 1 -1 -1 
1 1050 9.4 19 0.441700268817204 0.422379032258065 10.5011355091421 2 1 1 
0 1050 6.8 18 0.380645161290323 0.529569892473118 6.36753709088573 1 -1 -1 
1 1060 9.4 20 0.470934139784946 0.477150537634409 3.18438723637808 2 2 1 
0 1060 6.8 18 0.379765395894428 0.560483870967742 7.82623792124926 1 -2 -1 
1 1070 9.4 20 0.607468443197756 0.46505376344086 8.08319435655296 2 2 1 
0 1070 6.8 18 0.370967741935484 0.540322580645161 0 1 -2 -1 
1 1080 9.4 20 0.565188172043011 0.319556451612903 23.5943832331629 2 2 1 
0 1080 6.8 18 0.284498207885305 NaN NaN 1 -2 -1 
1 1090 9.4 20 0.603387096774193 0.399193548387097 20.8048923182734 2 2 1 
0 1090 6.8 18 NaN NaN NaN 1 -2 -1 
1 1100 9.4 20 0.703812316715542 0.576612903225806 20.9664919848734 2 2 2 
0 1100 6.8 18 NaN NaN NaN 0 -2 -2 
1 1110 9.4 20 0.659562211981567 0.775806451612903 11.5704086795807 2 2 2 
0 1110 6.8 18 0.276881720430108 0.165322580645161 0 0 -2 -2 
1 1120 9.4 20 0.72244623655914 0.799193548387097 8.14840387989522 2 2 2 
0 1120 6.8 18 NaN 0.163306451612903 3.53553390593274 0 -2 -2 
