1 30 7.2 1 NaN 0.306451612903226 27.6741966641201 3 0 0 
0 30 9.4 1 NaN 0.329637096774194 25.6102280518695 3 0 0 
1 40 7.2 1 NaN 0.306451612903226 27.6741966641201 3 0 0 
0 40 9.4 1 NaN 0.32258064516129 26.4283824275664 3 0 0 
1 50 7.2 1 0.383064516129032 0.348387096774194 25.9408325693296 3 0 0 
0 50 9.4 1 NaN 0.370967741935484 29.450819286218 3 0 0 
1 60 7.2 1 0.375 0.482258064516129 26.6778750769912 3 0 0 
0 60 9.4 1 0.375 0.426612903225806 31.2610134147774 3 0 0 
1 70 7.2 1 0.374596774193548 0.508870967741936 27.6635429648993 3 0 0 
0 70 9.4 1 0.375 0.42741935483871 21.2772241346632 3 0 0 
1 80 7.2 1 0.455645161290323 0.505645161290323 23.7228505179027 3 0 0 
0 80 9.4 1 0.460872162485066 0.437903225806452 16.3316210521104 3 0 0 
1 90 7.2 1 0.424899193548387 0.490322580645161 35.472889013434 3 0 0 
0 90 9.4 1 0.409139784946237 0.454032258064516 32.7552449204875 3 0 0 
1 100 7.2 2 0.463399503722084 0.518548387096774 33.8976841844814 3 1 0 
0 100 9.4 1 0.390905017921147 0.471774193548387 37.3788560151444 3 -1 0 
1 110 7.2 2 0.499677419354839 0.507258064516129 23.9934962840601 3 0 0 
0 110 9.4 2 0.436379928315412 0.473387096774194 32.9774243440819 3 0 0 
1 120 7.2 2 0.415034562211982 0.512096774193548 25.5997827935876 3 0 0 
0 120 9.4 2 0.403375149342891 0.47258064516129 34.8939166872643 3 0 0 
1 130 7.2 2 0.403225806451613 0.478225806451613 22.690730961117 3 0 0 
0 130 9.4 2 0.43530855539972 0.483064516129032 41.541889245513 3 0 0 
1 140 7.2 2 0.453190743338008 0.463709677419355 20.2636269221097 3 -1 0 
0 140 9.4 3 0.480585424133811 0.490322580645161 46.5564363459522 3 1 0 
1 150 7.2 3 0.390288978494624 0.485483870967742 14.529654711108 3 0 0 
0 150 9.4 3 0.429166666666667 0.491129032258064 33.2546104939982 3 0 0 
1 160 7.2 3 0.43969144460028 0.488709677419355 15.8942477254565 3 0 0 
0 160 9.4 3 0.412573313782991 0.501612903225806 34.0231235174272 3 0 0 
1 170 7.2 3 0.462539021852237 0.495161290322581 20.1111775748645 3 -1 0 
0 170 9.4 4 0.449003795066414 0.499193548387097 40.1940959421042 3 1 0 
1 180 7.2 4 0.430931321540062 0.525 17.4533659626112 3 0 0 
0 180 9.4 4 0.410483870967742 0.466397849462366 34.1044277749706 3 0 0 
1 190 7.2 4 0.474630376344086 0.545161290322581 25.2354364170921 3 0 0 
0 190 9.4 4 0.370967741935484 0.508064516129032 52.9465245959376 3 0 0 
1 200 7.2 5 0.518346774193548 0.496774193548387 13.6064324862867 3 1 0 
0 200 9.4 4 0.460181451612903 0.385483870967742 47.6413081784436 3 -1 0 
1 210 7.2 5 0.387096774193548 0.418548387096774 30.0818609101367 3 0 0 
0 210 9.4 5 0.419653524492234 0.398387096774194 26.6626760394258 3 0 0 
1 220 7.2 5 0.374596774193548 0.478494623655914 19.640453217709 3 0 0 
0 220 9.4 5 0.419952210274791 0.474193548387097 14.2785563909067 3 0 0 
1 230 7.2 5 0.44898316970547 0.435483870967742 12.2407714503793 3 0 0 
0 230 9.4 5 0.456779233870968 0.515322580645161 22.8294125409607 3 0 0 
1 240 7.2 5 0.396774193548387 0.350806451612903 34.9059801340446 3 -1 0 
0 240 9.4 6 0.452205882352941 0.528225806451613 21.777859873736 3 1 0 
1 250 7.2 6 0.417338709677419 0.390322580645161 35.848275144183 3 0 0 
0 250 9.4 6 0.478908188585608 0.520161290322581 26.5233083012899 3 0 0 
1 260 7.2 6 0.435483870967742 0.417741935483871 33.1262790866745 3 0 0 
0 260 9.4 6 0.482018308631212 0.516129032258065 29.4853730558552 3 0 0 
1 270 7.2 6 0.397642679900744 0.45 35.431624982536 3 0 0 
0 270 9.4 6 0.436461388074291 0.517741935483871 34.6214409694362 3 0 0 
1 280 7.2 6 0.405975073313783 0.455645161290323 35.7184225551758 3 0 0 
0 280 9.4 6 0.445458404074703 0.508870967741936 33.6533063107536 3 0 0 
1 290 7.2 7 0.440860215053763 0.481451612903226 33.9245568401032 3 0 0 
0 290 9.4 7 0.439149560117302 0.518548387096774 36.964272808396 3 0 0 
1 300 7.2 7 0.414796633941094 0.495967741935484 33.4612896051646 3 0 0 
0 300 9.4 7 0.388440860215054 0.500806451612903 39.3706068994942 3 0 0 
1 310 7.2 7 0.44815668202765 0.518548387096774 35.399331377587 3 0 0 
0 310 9.4 7 0.449372759856631 0.469354838709677 39.1577498698889 3 0 0 
1 320 7.2 7 0.471522177419355 0.508870967741936 33.7683353365613 3 0 0 
0 320 9.4 7 0.446236559139785 0.479838709677419 39.0838457052864 3 0 0 
1 330 7.2 8 0.452476958525346 0.533064516129032 34.4006129632735 3 1 0 
0 330 9.4 7 0.38508064516129 0.484879032258065 43.3196740694544 3 -1 0 
1 340 7.2 8 0.431916873449131 0.559677419354839 35.2720056797919 3 0 0 
0 340 9.4 8 0.40284178187404 0.417338709677419 28.3822598146183 3 0 0 
1 350 7.2 8 0.465260545905707 0.511290322580645 26.3808174721099 3 0 0 
0 350 9.4 8 0.446495037220844 0.282258064516129 38.3200749443169 3 0 0 
1 360 7.2 9 0.435967741935484 0.490322580645161 20.0099738820585 3 1 0 
0 360 9.4 8 0.412557603686636 0.339516129032258 37.0696420429383 3 -1 0 
1 370 7.2 9 0.445126227208976 0.509677419354839 24.3932247910963 3 1 0 
0 370 9.4 8 0.408266129032258 0.454637096774194 36.1435796872889 3 -1 0 
1 380 7.2 9 0.464429723502304 0.52741935483871 34.703407866751 3 1 0 
0 380 9.4 8 0.461693548387097 0.480846774193548 39.7265610183906 3 -1 0 
1 390 7.2 9 0.471774193548387 0.504838709677419 37.5903498748449 3 1 0 
0 390 9.4 8 0.396337365591398 0.450806451612903 35.5655773286587 3 -1 0 
1 400 7.2 10 0.481919875130073 0.508064516129032 36.7056365615507 3 2 0 
0 400 9.4 8 0.372628083491461 0.42258064516129 37.4762610391702 3 -2 0 
1 410 7.2 10 0.503276209677419 0.511088709677419 47.1911916736066 3 1 0 
0 410 9.4 9 0.401392961876833 0.445564516129032 10.4780156822906 3 -1 0 
1 420 7.2 10 0.475700339558574 0.469086021505376 29.6612644814618 3 0 0 
0 420 9.4 10 0.379962779156328 0.490927419354839 44.9981631074251 3 0 0 
1 430 7.2 11 0.474865591397849 0.395161290322581 50.235514992706 3 1 0 
0 430 9.4 10 0.41823476702509 0.446774193548387 50.2411216184935 3 -1 0 
1 440 7.2 11 0.519937275985663 0.333870967741935 47.4459780268833 3 1 0 
0 440 9.4 10 0.457373271889401 0.404838709677419 46.7878089383507 3 -1 0 
1 450 7.2 11 0.44289802289282 0.433064516129032 34.4408797671927 3 1 0 
0 450 9.4 10 0.404001240694789 0.446236559139785 13.0020640862645 3 -1 0 
1 460 7.2 11 0.448084677419355 0.444354838709677 38.6122780404607 3 1 0 
0 460 9.4 10 0.422335203366059 0.420698924731183 9.62635384745659 3 -1 0 
1 470 7.2 11 0.500155086848635 0.458870967741935 42.4361347692444 3 1 0 
0 470 9.4 10 0.427755376344086 0.366935483870968 38.1572594798326 3 -1 0 
1 480 7.2 12 0.448853989813243 0.480645161290323 42.5387329570723 3 1 0 
0 480 9.4 11 0.383568548387097 0.387903225806452 23.7572559080247 3 -1 0 
1 490 7.2 12 0.422211021505376 0.495967741935484 48.9651297189757 3 1 0 
0 490 9.4 11 0.384817671809257 0.416129032258064 22.3100631716 3 -1 0 
1 500 7.2 12 0.523969534050179 0.498991935483871 48.6158686840476 3 1 0 
0 500 9.4 11 0.443731671554252 0.532258064516129 17.2650868646477 3 -1 0 
1 510 7.2 12 0.465920915712799 0.493951612903226 26.238144951476 3 1 0 
0 510 9.4 11 0.386612903225806 0.513709677419355 25.4838370734055 3 -1 0 
1 520 7.2 12 0.454637096774194 0.492943548387097 12.0925461257817 3 1 0 
0 520 9.4 11 0.411290322580645 0.429838709677419 22.1475562193608 3 -1 0 
1 530 7.2 12 0.538575268817204 0.441935483870968 35.8897282360857 3 1 0 
0 530 9.4 11 0.452872983870968 0.412903225806452 23.623592504575 3 -1 0 
1 540 7.2 12 0.47639653815893 0.481451612903226 33.7393507621089 3 0 0 
0 540 9.4 12 0.355014025245442 0.359879032258065 31.608339451855 3 0 0 
1 550 7.2 13 0.523363377609108 0.529032258064516 26.8227199089718 3 1 0 
0 550 9.4 12 0.371679316888046 0.27258064516129 32.0963022867941 3 -1 0 
1 560 7.2 13 0.615823136818687 0.555645161290323 36.209720340075 3 1 0 
0 560 9.4 12 0.337365591397849 0.329032258064516 41.163021116194 3 -1 0 
1 570 7.2 13 0.478942652329749 0.532258064516129 55.1708387466447 3 1 0 
0 570 9.4 12 0.324395161290323 0.394354838709677 57.0500825866268 3 -1 0 
1 580 7.2 13 0.442708333333333 0.521774193548387 63.8896883875054 3 1 0 
0 580 9.4 12 0.349270353302611 0.434475806451613 60.3108289489141 3 -1 0 
1 590 7.2 14 0.495967741935484 0.484879032258065 53.769069749764 3 1 0 
0 590 9.4 13 0.38594470046083 0.485887096774194 66.1095248087203 3 -1 0 
1 600 7.2 14 0.453897849462366 0.495967741935484 6.19930416794722 3 1 0 
0 600 9.4 13 0.411508282476024 0.503024193548387 59.7735682406892 3 -1 0 
1 610 7.2 14 0.434384164222874 0.471774193548387 29.4593737095116 3 1 0 
0 610 9.4 13 0.425403225806452 0.403225806451613 59.4694265937778 3 -1 0 
1 620 7.2 14 0.481350806451613 0.469086021505376 19.4334152947411 3 0 0 
0 620 9.4 14 0.501764112903226 0.378225806451613 44.9396257338138 3 0 0 
1 630 7.2 14 0.391532258064516 0.366935483870968 58.2620153439335 3 0 0 
0 630 9.4 14 0.467100439882698 0.395967741935484 36.736998842814 3 0 0 
1 640 7.2 15 0.42741935483871 0.403225806451613 57.1517871774145 3 1 0 
0 640 9.4 14 0.4375 0.418548387096774 35.2771805390576 3 -1 0 
1 650 7.2 15 0.466397849462366 0.456451612903226 49.7581537687394 3 1 0 
0 650 9.4 14 0.481653225806452 0.478225806451613 28.5608669138412 3 -1 0 
1 660 7.2 15 0.464650537634409 0.454838709677419 40.6804615458645 3 1 0 
0 660 9.4 14 0.427002224694105 0.462096774193548 23.6449880285389 3 -1 0 
1 670 7.2 15 0.449596774193548 0.444556451612903 37.9406188877949 3 1 0 
0 670 9.4 14 0.484627016129032 0.533064516129032 12.5102968863299 3 -1 0 
1 680 7.2 15 0.49247311827957 0.422379032258065 29.6540894847343 3 0 0 
0 680 9.4 15 0.47741935483871 0.523387096774194 17.0032473411218 3 0 0 
1 690 7.2 16 0.463940092165899 0.434475806451613 35.0490821228309 3 1 0 
0 690 9.4 15 0.375 0.425806451612903 19.9094633719018 3 -1 0 
1 700 7.2 16 0.449092741935484 0.460685483870968 20.1712014206067 3 1 0 
0 700 9.4 15 0.389976958525346 0.432258064516129 10.0679332530718 3 -1 0 
1 710 7.2 16 0.492302052785924 0.360887096774194 33.3542349444796 3 1 0 
0 710 9.4 15 0.404665898617512 0.478225806451613 18.581366296192 3 -1 0 
1 720 7.2 16 0.448548387096774 0.443548387096774 16.2612185706385 3 0 0 
0 720 9.4 16 0.399617996604414 0.475806451612903 14.7547410199095 3 0 0 
1 730 7.2 16 0.409361851332398 0.457661290322581 5.61230495584435 3 0 0 
0 730 9.4 16 0.417338709677419 0.488709677419355 9.06490720511573 3 0 0 
1 740 7.2 16 0.4765625 0.409274193548387 10.6916466320049 3 0 0 
0 740 9.4 16 0.465860215053763 0.503225806451613 13.328508074318 3 0 0 
1 750 7.2 16 0.462998102466793 0.475806451612903 10.238114656904 3 0 0 
0 750 9.4 16 0.450210378681627 0.518548387096774 25.1976231947799 3 0 0 
1 760 7.2 16 0.429339477726575 0.384677419354839 33.5892456157909 3 0 0 
0 760 9.4 16 0.386622390891841 0.485483870967742 33.9921081461475 3 0 0 
1 770 7.2 16 0.494153225806452 0.416129032258065 15.0000374900592 3 0 0 
0 770 9.4 16 0.390762463343108 0.495161290322581 22.8326252132168 3 0 0 
1 780 7.2 16 0.458696599825632 0.430645161290323 24.0875866120153 3 0 0 
0 780 9.4 16 0.406309297912713 0.483870967741936 35.9395651920854 3 0 0 
1 790 7.2 17 0.461876832844575 0.479838709677419 21.4024951368352 3 0 0 
0 790 9.4 17 0.391532258064516 0.449596774193548 42.0772240633375 3 0 0 
1 800 7.2 17 0.495161290322581 0.511290322580645 10.0630685600983 3 0 0 
0 800 9.4 17 0.404803646563815 0.450268817204301 53.3513214064699 3 0 0 
1 810 7.2 17 0.451290322580645 0.529032258064516 7.13134535269492 3 0 0 
0 810 9.4 17 0.41363163371488 0.454301075268817 48.687654147571 3 0 0 
1 820 7.2 17 0.471635150166852 0.581451612903226 18.4255080083385 3 0 1 
0 820 9.4 17 0.40070564516129 0.387096774193548 46.0551519889914 2 0 -1 
1 830 7.2 18 0.531423804226919 0.574193548387097 29.9741991820083 3 1 1 
0 830 9.4 17 0.486005692599621 0.412634408602151 42.3658093949436 2 -1 -1 
1 840 7.2 18 0.528616024973985 0.538709677419355 37.74258164384 3 1 1 
0 840 9.4 17 0.445489844683393 0.287298387096774 41.8648780545287 2 -1 -1 
1 850 7.2 18 0.524865591397849 0.5 46.7136087194596 3 1 1 
0 850 9.4 17 0.568548387096774 0.378024193548387 40.8768098128572 2 -1 -1 
1 860 7.2 18 0.561195445920304 0.431451612903226 42.0736851492874 3 1 1 
0 860 9.4 17 0.589442815249267 0.305443548387097 21.1846533072565 2 -1 -1 
1 870 7.2 18 0.49573732718894 0.430645161290323 24.0899706077001 3 1 1 
0 870 9.4 17 0.379032258064516 0.35383064516129 9.49932078031489 2 -1 -1 
1 880 7.2 18 0.474865591397849 0.416935483870968 18.1122740380995 3 0 1 
0 880 9.4 18 0.395497311827957 0.369959677419355 11.8314071812124 2 0 -1 
1 890 7.2 19 0.585 0.432258064516129 20.2620394042847 3 1 1 
0 890 9.4 18 0.429838709677419 0.354838709677419 7.49193564501067 2 -1 -1 
1 900 7.2 19 0.504857038123167 0.489516129032258 16.7453504208988 3 1 1 
0 900 9.4 18 0.351722873900293 0.337365591397849 14.2521300101578 2 -1 -1 
1 910 7.2 19 0.448414905450501 0.508870967741936 4.35891883816076 3 1 1 
0 910 9.4 18 0.399193548387097 0.329838709677419 30.383595162819 2 -1 -1 
1 920 7.2 19 0.497311827956989 0.504032258064516 1.46011261594915 3 1 1 
0 920 9.4 18 0.438242784380306 0.291666666666667 40.1744947318307 2 -1 -1 
1 930 7.2 19 0.439264112903226 0.536290322580645 3.55833636800846 3 1 1 
0 930 9.4 18 0.388664874551971 0.461021505376344 33.4110047225989 2 -1 -1 
1 940 7.2 19 0.439098998887653 0.555443548387097 8.67239111911019 3 1 1 
0 940 9.4 18 0.397910557184751 0.445564516129032 34.3547667726038 2 -1 -1 
1 950 7.2 20 0.540842872008325 0.584677419354839 15.4530955410289 3 1 1 
0 950 9.4 19 0.406490015360983 0.344758064516129 29.6015202312314 2 -1 -1 
1 960 7.2 20 0.545135275754422 0.575604838709677 31.0720066146676 3 1 1 
0 960 9.4 19 0.375973303670745 0.19758064516129 0 2 -1 -1 
1 970 7.2 20 0.594193548387097 0.599798387096774 32.86460581583 3 1 1 
0 970 9.4 19 0.447983870967742 0.221774193548387 0 2 -1 -1 
1 980 7.2 20 0.663474462365591 0.576612903225806 40.2261430814475 3 1 1 
0 980 9.4 19 0.510304659498208 0.17741935483871 12.7769323391806 2 -1 -1 
1 990 7.2 20 0.581011730205279 0.565524193548387 34.1997649998114 3 1 2 
0 990 9.4 19 0.664986559139785 0.223118279569893 6.88441725190363 1 -1 -2 
1 1000 7.2 20 0.7665770609319 0.507258064516129 50.9374063128601 3 1 2 
0 1000 9.4 19 0.678152492668622 0.190524193548387 10.661856351653 1 -1 -2 
1 1010 7.2 20 0.764784946236559 0.639112903225806 44.7658715543474 3 1 2 
0 1010 9.4 19 0.678152492668622 0.200268817204301 1.47534300379185 1 -1 -2 
