1 30 9.8 1 NaN 0.245967741935484 16.3926471827483 2 0 0 
0 30 9.8 1 NaN 0.258870967741935 4.66710490724574 2 0 0 
1 40 9.8 1 NaN 0.384072580645161 42.6870599979954 2 0 0 
0 40 9.8 1 NaN 0.267741935483871 2.14871833402096 2 0 0 
1 50 9.8 1 0.370967741935484 0.450604838709677 42.5466950741087 2 0 0 
0 50 9.8 1 0.370967741935484 0.345161290322581 17.9644893527271 2 0 0 
1 60 9.8 1 0.383064516129032 0.523185483870968 35.4442406950835 2 0 0 
0 60 9.8 1 0.383064516129032 0.455645161290323 25.503343939866 2 0 0 
1 70 9.8 1 0.415034562211982 0.498991935483871 31.1719224464862 2 0 0 
0 70 9.8 1 0.408410138248848 0.47258064516129 37.5790026455535 2 0 0 
1 80 9.8 1 0.46831797235023 0.48991935483871 30.715197262827 2 0 0 
0 80 9.8 1 0.483064516129032 0.491935483870968 39.0097115322437 2 0 0 
1 90 9.8 1 0.402514231499051 0.460685483870968 33.8185818728644 2 0 0 
0 90 9.8 1 0.404485887096774 0.505645161290323 39.1686881313807 2 0 0 
1 100 9.8 1 0.410030241935484 0.403225806451613 42.019186755209 2 0 0 
0 100 9.8 1 0.401985111662531 0.488911290322581 42.0879971992096 2 0 0 
1 110 9.8 2 0.483870967741936 0.42741935483871 46.9783672413661 2 0 0 
0 110 9.8 2 0.49260752688172 0.470766129032258 42.9005161168008 2 0 0 
1 120 9.8 2 0.40874363327674 0.440322580645161 38.2567556687957 2 0 0 
0 120 9.8 2 0.412563667232598 0.483064516129032 41.5499903266283 2 0 0 
1 130 9.8 2 0.400124069478908 0.467741935483871 28.985165536029 2 0 0 
0 130 9.8 2 0.414685908319185 0.466733870967742 34.0281666810067 2 0 0 
1 140 9.8 2 0.483198924731183 0.51008064516129 31.4456719256249 2 0 0 
0 140 9.8 2 0.480090725806452 0.497983870967742 31.7956750206837 2 0 0 
1 150 9.8 2 0.411078098471986 0.426612903225806 32.6783523109856 2 -1 0 
0 150 9.8 3 0.411078098471986 0.406451612903226 45.1603206143661 2 1 0 
1 160 9.8 3 0.406783681214421 0.393548387096774 26.7517916224312 2 0 0 
0 160 9.8 3 0.383995037220844 0.391129032258065 41.2451079220645 2 0 0 
1 170 9.8 3 0.497983870967742 0.45 8.11485561058762 2 0 0 
0 170 9.8 3 0.488636363636364 0.487096774193548 15.0661201586259 2 0 0 
1 180 9.8 3 0.440065982404692 0.45241935483871 12.3819923591707 2 0 0 
0 180 9.8 3 0.383064516129032 0.521774193548387 17.1283203420806 2 0 0 
1 190 9.8 3 0.395781637717122 0.490322580645161 6.46655998067721 2 0 0 
0 190 9.8 3 0.398689516129032 0.506048387096774 13.2947284869084 2 0 0 
1 200 9.8 3 0.496255760368664 0.546774193548387 9.91089605154652 2 0 0 
0 200 9.8 3 0.476382488479263 0.493279569892473 9.73127564690547 2 0 0 
1 210 9.8 4 0.410815939278937 0.500806451612903 15.1266093216366 2 1 0 
0 210 9.8 3 0.411514336917563 0.369959677419355 34.9548521848978 2 -1 0 
1 220 9.8 4 0.383995037220844 0.494354838709677 17.8562140046986 2 1 0 
0 220 9.8 3 0.40905017921147 0.376008064516129 24.5290221428572 2 -1 0 
1 230 9.8 4 0.497067448680352 0.445967741935484 4.2296015493808 2 1 0 
0 230 9.8 3 0.486111111111111 0.380645161290323 28.7188421006152 2 -1 0 
1 240 9.8 4 0.383064516129032 0.428225806451613 4.94698910272079 2 0 0 
0 240 9.8 4 0.450172811059908 0.42258064516129 18.3362600750262 2 0 0 
1 250 9.8 4 0.383064516129032 0.491129032258064 25.6545110666619 2 0 0 
0 250 9.8 4 0.438172043010753 0.45 14.1690499116882 2 0 0 
1 260 9.8 4 0.447177419354839 0.425806451612903 25.677949828856 2 0 0 
0 260 9.8 4 0.515492359932088 0.562096774193548 18.1876389108583 2 0 0 
1 270 9.8 5 0.383064516129032 0.371774193548387 35.7697789312182 2 1 0 
0 270 9.8 4 0.465591397849462 0.474193548387097 14.4414511630543 2 -1 0 
1 280 9.8 5 0.390264976958525 0.406451612903226 41.2819899122552 2 1 0 
0 280 9.8 4 0.417931688804554 0.459677419354839 27.5312010786593 2 -1 0 
1 290 9.8 6 0.477822580645161 0.445967741935484 44.2092083741774 2 1 0 
0 290 9.8 5 0.48900293255132 0.47741935483871 34.4476986840791 2 -1 0 
1 300 9.8 6 0.422043010752688 0.459677419354839 26.2793384904019 2 1 0 
0 300 9.8 5 0.4146110056926 0.470967741935484 38.6747207621812 2 -1 0 
1 310 9.8 6 0.410786290322581 0.494354838709677 38.033431386428 2 1 0 
0 310 9.8 5 0.383064516129032 0.474193548387097 42.6152102254561 2 -1 0 
1 320 9.8 6 0.502481389578164 0.52741935483871 42.137680346442 2 1 0 
0 320 9.8 5 0.463709677419355 0.471774193548387 46.83514203571 2 -1 0 
1 330 9.8 6 0.425806451612903 0.529838709677419 44.7751180483016 2 1 0 
0 330 9.8 5 0.399905123339659 0.436491935483871 38.5669223368785 2 -1 0 
1 340 9.8 7 0.418168880455408 0.498387096774194 43.9233578321297 2 1 0 
0 340 9.8 6 0.397933467741936 0.481182795698925 41.3431424385006 2 -1 0 
1 350 9.8 7 0.516397849462366 0.487903225806452 40.6986874526417 2 1 0 
0 350 9.8 6 0.469639468690702 0.399193548387097 47.3328321704771 2 -1 0 
1 360 9.8 7 0.435099846390169 0.457258064516129 35.4759029024696 2 1 0 
0 360 9.8 6 0.407706093189964 0.409274193548387 51.966367616349 2 -1 0 
1 370 9.8 7 0.420698924731183 0.370161290322581 39.974369323685 2 1 0 
0 370 9.8 6 0.391993087557604 0.357258064516129 46.807335770537 2 -1 0 
1 380 9.8 7 0.495967741935484 0.396774193548387 32.1342665360117 2 1 0 
0 380 9.8 6 0.47897465437788 0.40241935483871 39.6786819838046 2 -1 0 
1 390 9.8 7 0.393010752688172 0.408870967741935 12.7271001521284 2 0 0 
0 390 9.8 7 0.440743338008415 0.475806451612903 31.417966900436 2 0 0 
1 400 9.8 8 0.383064516129032 0.395967741935484 6.03536341330161 2 1 0 
0 400 9.8 7 0.394354838709677 0.511290322580645 16.1236356913102 2 -1 0 
1 410 9.8 8 0.451302729528536 0.437903225806452 4.20461311977066 2 1 0 
0 410 9.8 7 0.526881720430108 0.511290322580645 13.6858148169398 2 -1 0 
1 420 9.8 8 0.40994623655914 0.503225806451613 5.86075479179289 2 1 0 
0 420 9.8 7 0.429329371816638 0.487903225806452 10.40190480957 2 -1 0 
1 430 9.8 8 0.424810246679317 0.518548387096774 3.30694844947125 2 1 0 
0 430 9.8 7 0.430645161290323 0.470967741935484 6.38175515855091 2 -1 0 
1 440 9.8 8 0.487536656891496 0.491935483870968 8.52482736260586 2 1 0 
0 440 9.8 7 0.527016129032258 0.5 8.68693136237284 2 -1 0 
1 450 9.8 9 0.49133064516129 0.505645161290323 10.8109262074304 2 2 0 
0 450 9.8 7 0.465195246179966 0.439516129032258 5.09901951359278 2 -2 0 
1 460 9.8 9 0.409778225806452 0.512096774193548 13.6890708041548 2 2 0 
0 460 9.8 7 0.421118951612903 0.365591397849462 33.8718410531108 2 -2 0 
1 470 9.8 9 0.46236559139785 0.534677419354839 8.08464047678915 2 2 0 
0 470 9.8 7 0.494815668202765 0.286290322580645 10.9658560997307 2 -2 0 
1 480 9.8 9 0.439112903225806 0.495967741935484 3.30129506581982 2 2 0 
0 480 9.8 7 0.402469758064516 0.342741935483871 30.7259617829491 2 -2 0 
1 490 9.8 9 0.415085388994307 0.370967741935484 30.1460858596053 2 1 0 
0 490 9.8 8 0.43778801843318 0.350806451612903 34.0571188648188 2 -1 0 
1 500 9.8 10 0.516129032258065 0.448387096774194 22.6811001567943 2 2 0 
0 500 9.8 8 0.461290322580645 0.388709677419355 28.5742560459365 2 -2 0 
1 510 9.8 10 0.424731182795699 0.508064516129032 14.0824609633221 2 2 0 
0 510 9.8 8 0.400633640552995 0.4375 26.7375277436823 2 -2 0 
1 520 9.8 11 0.417931688804554 0.570161290322581 5.3155108504445 2 3 0 
0 520 9.8 8 0.405707196029777 0.413978494623656 36.2078791796444 2 -3 0 
1 530 9.8 11 0.577956989247312 0.612903225806452 6.86799619563015 2 3 0 
0 530 9.8 8 0.479472140762463 0.338709677419355 46.6904562451794 2 -3 0 
1 540 9.8 11 0.494119623655914 0.675 3.22583143595865 2 3 0 
0 540 9.8 8 0.402073732718894 0.288306451612903 40.8588644529685 2 -3 0 
1 550 9.8 11 0.513379765395894 0.701612903225806 3.69676174324267 2 2 0 
0 550 9.8 9 0.442972350230415 0.309475806451613 40.9159470038115 2 -2 0 
1 560 9.8 12 0.598471986417657 0.762903225806452 2.50087513958959 2 3 1 
0 560 9.8 9 0.476254480286738 0.294354838709677 37.3758770009588 1 -3 -1 
1 570 9.8 12 0.498772791023843 0.743548387096774 7.48521203001603 2 3 1 
0 570 9.8 9 0.380913978494624 0.304435483870968 38.6072043700333 1 -3 -1 
1 580 9.8 12 0.482078853046595 0.705645161290323 17.7060676118812 2 3 1 
0 580 9.8 9 0.441244239631336 0.294354838709677 40.1593799866823 1 -3 -1 
1 590 9.8 12 0.535359801488834 0.67258064516129 30.7078832330225 2 3 1 
0 590 9.8 9 0.491487455197133 0.344086021505376 36.3219581840405 1 -3 -1 
1 600 9.8 12 0.464861751152074 0.64758064516129 29.635322396572 2 2 1 
0 600 9.8 10 0.394153225806452 0.270161290322581 27.422909137941 1 -2 -1 
1 610 9.8 12 0.435721062618596 0.542741935483871 33.3951130118651 2 2 1 
0 610 9.8 10 0.420506912442396 0.287096774193548 10.9375347503941 1 -2 -1 
1 620 9.8 13 0.538978494623656 0.508870967741936 37.2130219996014 2 3 1 
0 620 9.8 10 0.438844086021505 0.340322580645161 11.6786767062008 1 -3 -1 
1 630 9.8 13 0.47758064516129 0.519354838709677 41.2235338471211 2 3 1 
0 630 9.8 10 0.364454094292804 0.386290322580645 10.7576175237577 1 -3 -1 
1 640 9.8 13 0.40241935483871 0.57258064516129 38.8664126633148 2 3 1 
0 640 9.8 10 0.403846153846154 0.433870967741935 35.9066139997574 1 -3 -1 
1 650 9.8 13 0.49317617866005 0.520161290322581 5.02430068349743 2 2 1 
0 650 9.8 11 0.446774193548387 0.492943548387097 32.0620220909198 1 -2 -1 
1 660 9.8 13 0.430977229601518 0.411290322580645 41.4205362553143 2 2 1 
0 660 9.8 11 0.461812144212524 0.551075268817204 4.47473394630173 1 -2 -1 
1 670 9.8 13 0.394153225806452 0.397177419354839 43.783444894805 2 2 1 
0 670 9.8 11 0.39758064516129 0.548387096774194 14.3666636594143 1 -2 -1 
1 680 9.8 13 0.413709677419355 0.490927419354839 41.5040084076527 2 2 1 
0 680 9.8 11 0.475186104218362 0.362903225806452 47.6236684896933 1 -2 -1 
1 690 9.8 14 0.425403225806452 0.561491935483871 29.6637540735089 2 3 1 
0 690 9.8 11 0.420303605313093 0.329838709677419 23.0569500152797 1 -3 -1 
1 700 9.8 14 0.388978494623656 0.567204301075269 35.836167737093 2 2 1 
0 700 9.8 12 0.383064516129032 0.370967741935484 0 1 -2 -1 
1 710 9.8 14 0.489247311827957 0.561827956989247 22.2962439165609 2 2 1 
0 710 9.8 12 0.439516129032258 0.411290322580645 0 1 -2 -1 
1 720 9.8 14 0.490161290322581 0.522849462365591 5.51777518228364 2 2 1 
0 720 9.8 12 0.370967741935484 0.120967741935484 0 1 -2 -1 
1 730 9.8 14 0.449798387096774 0.513440860215054 3.76101018121669 2 2 1 
0 730 9.8 12 0.368548387096774 0.137096774193548 4.71005347306116 1 -2 -1 
1 740 9.8 15 0.573292220113852 0.394354838709677 30.4752410082549 2 3 1 
0 740 9.8 12 0.408870967741935 0.355846774193548 18.2227656383571 1 -3 -1 
1 750 9.8 15 0.504569892473118 0.41633064516129 22.0150381783501 2 2 1 
0 750 9.8 13 0.360599078341014 0.396774193548387 28.8851118939569 1 -2 -1 
1 760 9.8 15 0.536774193548387 0.459677419354839 16.8288436118913 2 2 1 
0 760 9.8 13 0.405577956989247 0.453225806451613 22.9209309529409 1 -2 -1 
1 770 9.8 15 0.640456989247312 0.455645161290323 17.076216401823 2 2 1 
0 770 9.8 13 0.459005376344086 0.492741935483871 16.2971732685271 1 -2 -1 
1 780 9.8 15 0.495601173020528 0.405913978494624 19.5774533865312 2 2 1 
0 780 9.8 13 0.431925996204934 0.495161290322581 16.1455277374392 1 -2 -1 
1 790 9.8 15 0.44876660341556 0.311827956989247 29.4914285938747 2 2 1 
0 790 9.8 13 0.413123167155425 0.508064516129032 10.1554413885497 1 -2 -1 
1 800 9.8 15 0.584203036053131 0.341397849462366 36.0613285307879 2 2 1 
0 800 9.8 13 0.486070381231672 0.475 11.8008846021219 1 -2 -1 
1 810 9.8 15 0.443731671554252 0.366935483870968 19.6674626791426 2 1 1 
0 810 9.8 14 0.351814516129032 0.483064516129032 8.94463326953809 1 -1 -1 
1 820 9.8 15 0.429329371816638 0.377016129032258 23.2508189941308 2 1 1 
0 820 9.8 14 0.370967741935484 0.485483870967742 13.6410116288253 1 -1 -1 
1 830 9.8 15 0.497983870967742 0.337903225806452 35.8850784011822 2 1 1 
0 830 9.8 14 0.461021505376344 0.530645161290323 24.7075907984871 1 -1 -1 
1 840 9.8 15 0.441532258064516 0.343548387096774 18.8230213325482 2 1 1 
0 840 9.8 14 0.394736842105263 0.566129032258065 26.6062748827132 1 -1 -1 
1 850 9.8 16 0.390120967741936 0.385483870967742 15.5273443957119 2 1 1 
0 850 9.8 15 0.383064516129032 0.579301075268817 35.5988379392833 1 -1 -1 
1 860 9.8 16 0.412186379928315 0.479838709677419 24.6867131458034 2 1 1 
0 860 9.8 15 0.414314516129032 0.479838709677419 3.16227766016838 1 -1 -1 
1 870 9.8 16 0.401328273244782 0.543548387096774 25.887038052709 2 1 1 
0 870 9.8 15 0.420637829912023 0.332661290322581 2.91547594742265 1 -1 -1 
1 880 9.8 16 0.381048387096774 0.504838709677419 37.3881021044338 2 1 1 
0 880 9.8 15 0.420698924731183 0.304435483870968 0.707106781186548 1 -1 -1 
1 890 9.8 16 0.483366935483871 0.506451612903226 43.8834312992395 2 1 1 
0 890 9.8 15 0.484491315136476 0.224798387096774 29.7927040637172 1 -1 -1 
1 900 9.8 16 0.39375 0.462096774193548 33.8990196345827 2 1 1 
0 900 9.8 15 0.416834677419355 0.280645161290323 18.839436365331 1 -1 -1 
1 910 9.8 17 0.445246179966044 0.475806451612903 39.4065972218296 2 2 1 
0 910 9.8 15 0.383064516129032 0.379032258064516 21.4410484704676 1 -2 -1 
1 920 9.8 17 0.490171370967742 0.478225806451613 44.7970776379487 2 2 1 
0 920 9.8 15 0.487593052109181 0.428225806451613 25.3721835969933 1 -2 -1 
1 930 9.8 17 0.417818740399386 0.497983870967742 24.361942472732 2 1 1 
0 930 9.8 16 0.39005376344086 0.450806451612903 5.76863405592877 1 -1 -1 
1 940 9.8 17 0.406137992831541 0.428427419354839 12.9257231889107 2 1 1 
0 940 9.8 16 0.383064516129032 0.506451612903226 6.27236924203251 1 -1 -1 
1 950 9.8 17 0.480414746543779 0.449596774193548 3.0647337728864 2 1 1 
0 950 9.8 16 0.488575268817204 0.526881720430108 3.6373509855496 1 -1 -1 
1 960 9.8 17 0.474108658743633 0.44758064516129 1.87930160279372 2 1 1 
0 960 9.8 16 0.437034739454094 0.541666666666667 3.71810947232753 1 -1 -1 
1 970 9.8 17 0.440725806451613 0.375 3.81132613340339 2 1 1 
0 970 9.8 16 0.382133995037221 0.549731182795699 4.00288534933294 1 -1 -1 
1 980 9.8 17 0.560483870967742 0.32258064516129 24.4392343931008 2 1 1 
0 980 9.8 16 0.463709677419355 0.57258064516129 1.77777777777778 1 -1 -1 
1 990 9.8 17 0.495266479663394 0.304435483870968 9.76217207221223 2 0 1 
0 990 9.8 17 0.426971326164875 0.47883064516129 40.4338793917978 1 0 -1 
1 1000 9.8 18 0.419354838709677 0.367943548387097 5.57257399196025 2 1 1 
0 1000 9.8 17 0.422379032258065 0.330645161290323 53.0017173344299 1 -1 -1 
1 1010 9.8 18 0.522681451612903 0.412096774193548 30.9917554267949 2 1 1 
0 1010 9.8 17 0.529953917050691 0.381720430107527 7.7170107982693 1 -1 -1 
1 1020 9.8 18 0.484983314794216 0.430645161290323 21.1022382142186 2 1 1 
0 1020 9.8 17 0.32258064516129 0.43010752688172 6.76914689195772 1 -1 -1 
1 1030 9.8 18 0.500168010752688 0.479032258064516 18.005882619799 2 1 1 
0 1030 9.8 17 0.369623655913978 0.432795698924731 3.0594941859618 1 -1 -1 
1 1040 9.8 19 0.63877688172043 0.55241935483871 13.1963491058381 2 2 1 
0 1040 9.8 17 NaN 0.435483870967742 0 1 -2 -1 
1 1050 9.8 19 0.537594876660342 0.563709677419355 3.71398587347372 2 2 1 
0 1050 9.8 17 0.281854838709677 NaN NaN 1 -2 -1 
1 1060 9.8 19 0.513563049853372 0.558870967741935 4.12589031598464 2 2 1 
0 1060 9.8 17 NaN 0.149193548387097 0 1 -2 -1 
1 1070 9.8 19 0.663978494623656 0.556451612903226 7.97043667642929 2 2 1 
0 1070 9.8 17 0.297379032258065 0.332661290322581 25.5440795488896 1 -2 -1 
1 1080 9.8 19 0.507344470046083 0.659677419354839 12.0232647921264 2 2 1 
0 1080 9.8 17 0.292155425219941 0.332661290322581 26.580067720004 1 -2 -1 
1 1090 9.8 19 0.514901823281907 0.713709677419355 4.69435301313969 2 2 1 
0 1090 9.8 17 NaN 0.223790322580645 22.9961430285975 1 -2 -1 
1 1100 9.8 20 0.658541055718475 0.745161290322581 4.67044228854008 2 3 2 
0 1100 9.8 17 NaN 0.195564516129032 8.29962852484707 0 -3 -2 
1 1110 9.8 20 0.616935483870968 0.775 3.94677693689458 2 3 2 
0 1110 9.8 17 0.256720430107527 0.225806451612903 0 0 -3 -2 
1 1120 9.8 20 0.771057347670251 0.771774193548387 5.9334191451155 2 3 2 
0 1120 9.8 17 NaN NaN NaN 0 -3 -2 
1 1130 9.8 20 0.771057347670251 0.796774193548387 4.61373081203011 2 3 2 
0 1130 9.8 17 NaN NaN NaN 0 -3 -2 
