1 30 10.8 1 NaN 0.311491935483871 36.2449123674025 2 0 0 
0 30 7.6 1 NaN 0.259072580645161 14.4628812862098 2 0 0 
1 40 10.8 1 NaN 0.30241935483871 38.5715302275672 2 0 0 
0 40 7.6 1 NaN 0.27116935483871 22.1062308937653 2 0 0 
1 50 10.8 1 0.379032258064516 0.32258064516129 40.3137720317473 2 0 0 
0 50 7.6 1 0.370967741935484 0.341733870967742 19.0229793703862 2 0 0 
1 60 10.8 1 0.383064516129032 0.481854838709677 42.6248664225666 2 0 0 
0 60 7.6 1 0.383064516129032 0.467741935483871 28.5264255586026 2 0 0 
1 70 10.8 1 0.411290322580645 0.470766129032258 28.2934373919747 2 0 0 
0 70 7.6 1 0.401881720430108 0.488479262672811 40.1231349211877 2 0 0 
1 80 10.8 1 0.456149193548387 0.396774193548387 47.5868161506208 2 0 0 
0 80 7.6 1 0.469292803970223 0.495967741935484 39.426850111105 2 0 0 
1 90 10.8 1 0.403462998102467 0.461290322580645 41.884858591921 2 0 0 
0 90 7.6 1 0.419959677419355 0.483064516129032 36.8392349013614 2 0 0 
1 100 10.8 1 0.415012406947891 0.520161290322581 38.9765694243515 2 0 0 
0 100 7.6 1 0.40668202764977 0.480510752688172 39.8899620210252 2 0 0 
1 110 10.8 2 0.469574780058651 0.491935483870968 40.1198947941757 2 0 0 
0 110 7.6 2 0.487903225806452 0.477822580645161 39.4063221330719 2 0 0 
1 120 10.8 2 0.383064516129032 0.5 39.0494974329121 2 0 0 
0 120 7.6 2 0.383064516129032 0.464381720430108 37.4931273539978 2 0 0 
1 130 10.8 2 0.412442396313364 0.458064516129032 38.3049257831737 2 0 0 
0 130 7.6 2 0.389578163771712 0.475806451612903 27.8469290993672 2 0 0 
1 140 10.8 2 0.480702764976959 0.467741935483871 39.1388979530214 2 0 0 
0 140 7.6 2 0.483064516129032 0.492741935483871 24.8231291990408 2 0 0 
1 150 10.8 3 0.410104364326376 0.45241935483871 33.3640232392608 2 0 0 
0 150 7.6 3 0.409392789373814 0.486175115207373 30.9956071827874 2 0 0 
1 160 10.8 3 0.391705069124424 0.429838709677419 17.4197178203133 2 0 0 
0 160 7.6 3 0.393010752688172 0.494815668202765 27.8336390888359 2 0 0 
1 170 10.8 3 0.481566820276498 0.436290322580645 14.7046269376446 2 0 0 
0 170 7.6 3 0.48666253101737 0.49260752688172 25.7935601435691 2 0 0 
1 180 10.8 3 0.412775891341256 0.489516129032258 7.5892975618185 2 0 0 
0 180 7.6 3 0.413187855787476 0.444220430107527 34.5450604970311 2 0 0 
1 190 10.8 3 0.398655913978495 0.494354838709677 11.5635665496914 2 0 0 
0 190 7.6 3 0.383064516129032 0.430645161290323 30.8966893312872 2 0 0 
1 200 10.8 4 0.48010752688172 0.488709677419355 22.068340096575 2 0 0 
0 200 7.6 4 0.487903225806452 0.45 23.9417851514392 2 0 0 
1 210 10.8 4 0.411514336917563 0.490322580645161 15.0289443337757 2 0 0 
0 210 7.6 4 0.39489247311828 0.408870967741935 37.9395000697786 2 0 0 
1 220 10.8 4 0.413662239089184 0.459677419354839 19.8148280692842 2 0 0 
0 220 7.6 4 0.383064516129032 0.446774193548387 33.7719624708304 2 0 0 
1 230 10.8 5 0.50028801843318 0.480846774193548 18.564788897513 2 0 0 
0 230 7.6 5 0.451388888888889 0.413978494623656 36.6550597965805 2 0 0 
1 240 10.8 5 0.428629032258064 0.424193548387097 39.9865931166668 2 0 0 
0 240 7.6 5 0.41342504743833 0.379704301075269 35.4072517909523 2 0 0 
1 250 10.8 5 0.411038306451613 0.380645161290323 36.8126014494776 2 0 0 
0 250 7.6 5 0.416129032258064 0.452956989247312 36.4865335010691 2 0 0 
1 260 10.8 6 0.49005376344086 0.44758064516129 33.626466307377 2 0 0 
0 260 7.6 6 0.454749103942652 0.452956989247312 36.4404850724081 2 0 0 
1 270 10.8 6 0.434715821812596 0.504838709677419 36.071034496518 2 0 0 
0 270 7.6 6 0.383064516129032 0.463709677419355 33.7098429545335 2 0 0 
1 280 10.8 6 0.400345622119816 0.479838709677419 44.8864635965787 2 0 0 
0 280 7.6 6 0.424627791563276 0.504032258064516 32.8965479727624 2 0 0 
1 290 10.8 6 0.457258064516129 0.460685483870968 43.4827758582243 2 0 0 
0 290 7.6 6 0.50549853372434 0.518145161290323 36.1469630196496 2 0 0 
1 300 10.8 6 0.392741935483871 0.494959677419355 37.8758182492878 2 0 0 
0 300 7.6 6 0.383064516129032 0.487903225806452 40.5828061456224 2 0 0 
1 310 10.8 6 0.406970046082949 0.484879032258065 31.2267984119724 2 0 0 
0 310 7.6 6 0.392059553349876 0.392741935483871 39.0178835092093 2 0 0 
1 320 10.8 7 0.491129032258064 0.474193548387097 45.4996485775773 2 0 0 
0 320 7.6 7 0.481699751861042 0.441129032258065 38.8794462691459 2 0 0 
1 330 10.8 7 0.398689516129032 0.479838709677419 43.7625554645723 2 0 0 
0 330 7.6 7 0.396673387096774 0.464381720430108 35.7866244094658 2 0 0 
1 340 10.8 7 0.391129032258065 0.455645161290323 36.8006089037371 2 0 0 
0 340 7.6 7 0.390264976958525 0.479166666666667 39.6991958653071 2 0 0 
1 350 10.8 7 0.503136200716846 0.498387096774194 35.039538054847 2 0 0 
0 350 7.6 7 0.483467741935484 0.464381720430108 36.3592926035738 2 0 0 
1 360 10.8 7 0.383064516129032 0.52258064516129 41.7193522722346 2 0 0 
0 360 7.6 7 0.393279569892473 0.414650537634409 42.5302434245815 2 0 0 
1 370 10.8 8 0.408410138248848 0.494354838709677 38.3643489211075 2 1 0 
0 370 7.6 7 0.387096774193548 0.463709677419355 25.2172040275391 2 -1 0 
1 380 10.8 8 0.508995037220844 0.50241935483871 16.2073425891478 2 0 0 
0 380 7.6 8 0.483870967741936 0.47258064516129 25.2784606960664 2 0 0 
1 390 10.8 8 0.419354838709677 0.471774193548387 19.8852662123586 2 0 0 
0 390 7.6 8 0.412988115449915 0.461693548387097 30.9216849969032 2 0 0 
1 400 10.8 8 0.389112903225806 0.489516129032258 17.246341167376 2 0 0 
0 400 7.6 8 0.398941532258065 0.487903225806452 26.6185580103444 2 0 0 
1 410 10.8 8 0.495967741935484 0.458064516129032 13.5135091223746 2 0 0 
0 410 7.6 8 0.476992409867173 0.45241935483871 29.5339761633441 2 0 0 
1 420 10.8 8 0.412298387096774 0.479032258064516 16.9087060393394 2 0 0 
0 420 7.6 8 0.437331989247312 0.474798387096774 17.4845984306796 2 0 0 
1 430 10.8 9 0.392857142857143 0.504838709677419 14.8959804318307 2 1 0 
0 430 7.6 8 0.45606960950764 0.428763440860215 36.5575609728687 2 -1 0 
1 440 10.8 9 0.456317204301075 0.513709677419355 22.4451210019508 2 0 0 
0 440 7.6 9 0.493338008415147 0.466397849462366 30.4521456184159 2 0 0 
1 450 10.8 9 0.381854838709677 0.512096774193548 17.4400162335213 2 0 0 
0 450 7.6 9 0.458064516129032 0.428571428571429 37.5840555478833 2 0 0 
1 460 10.8 9 0.384792626728111 0.470967741935484 22.6243964368844 2 0 0 
0 460 7.6 9 0.466985887096774 0.464285714285714 25.6196721981 2 0 0 
1 470 10.8 10 0.445564516129032 0.468548387096774 27.2277942006292 2 1 0 
0 470 7.6 9 0.516381048387097 0.407930107526882 38.0379212870769 2 -1 0 
1 480 10.8 10 0.434782608695652 0.483064516129032 41.8616621178991 2 1 0 
0 480 7.6 9 0.403846153846154 0.429435483870968 40.224475323974 2 -1 0 
1 490 10.8 11 0.44668458781362 0.536290322580645 42.568473711924 2 2 0 
0 490 7.6 9 0.389976958525346 0.429032258064516 37.6883373013138 2 -2 0 
1 500 10.8 11 0.55272952853598 0.587096774193548 37.0051603219181 2 1 0 
0 500 7.6 10 0.386088709677419 0.374327956989247 32.9262351261333 2 -1 0 
1 510 10.8 11 0.437051971326165 0.603225806451613 35.6769279242718 2 1 0 
0 510 7.6 10 0.355990783410138 0.360483870967742 37.7299188806592 2 -1 0 
1 520 10.8 11 0.482447817836812 0.593548387096774 41.9130580923161 2 1 0 
0 520 7.6 10 0.385584677419355 0.358064516129032 39.8739935040104 2 -1 0 
1 530 10.8 11 0.522983870967742 0.490322580645161 45.9995265466166 2 1 0 
0 530 7.6 10 0.46320564516129 0.418548387096774 37.4383345745442 2 -1 0 
1 540 10.8 11 0.404174573055028 0.480645161290323 52.684900294805 2 0 0 
0 540 7.6 11 0.382488479262673 0.479032258064516 49.609381924619 2 0 0 
1 550 10.8 11 0.403513824884793 0.464717741935484 45.0053889441403 2 0 0 
0 550 7.6 11 0.401785714285714 0.505376344086022 46.0711504316815 2 0 0 
1 560 10.8 12 0.491004962779156 0.433467741935484 41.385128538582 2 1 0 
0 560 7.6 11 0.491263440860215 0.508064516129032 45.0860049332928 2 -1 0 
1 570 10.8 12 0.404411764705882 0.506048387096774 44.6494631277339 2 1 0 
0 570 7.6 11 0.407020872865275 0.483870967741936 40.8849863734441 2 -1 0 
1 580 10.8 12 0.400744416873449 0.389516129032258 45.5162710620379 2 1 0 
0 580 7.6 11 0.383064516129032 0.455069124423963 45.3989743858564 2 -1 0 
1 590 10.8 12 0.478629032258065 0.382258064516129 39.7651832780357 2 1 0 
0 590 7.6 11 0.486290322580645 0.43721198156682 38.0659442574556 2 -1 0 
1 600 10.8 12 0.390591397849462 0.421774193548387 36.910618764865 2 0 0 
0 600 7.6 12 0.43394777265745 0.448924731182796 42.3169204210155 2 0 0 
1 610 10.8 12 0.383064516129032 0.470161290322581 38.2480639882464 2 0 0 
0 610 7.6 12 0.412550403225806 0.471774193548387 28.0996677047706 2 0 0 
1 620 10.8 12 0.474706744868035 0.462096774193548 30.9288317171225 2 0 0 
0 620 7.6 12 0.5 0.479166666666667 25.3801191353493 2 0 0 
1 630 10.8 12 0.393901209677419 0.454301075268817 26.4923117064894 2 0 0 
0 630 7.6 12 0.420203735144312 0.519585253456221 31.259433392622 2 0 0 
1 640 10.8 13 0.383064516129032 0.418010752688172 14.2660341565584 2 1 0 
0 640 7.6 12 0.418778801843318 0.536962365591398 31.2614170256107 2 -1 0 
1 650 10.8 13 0.441868279569892 0.439516129032258 33.0605505096331 2 0 0 
0 650 7.6 13 0.51505376344086 0.542741935483871 20.8379764908066 2 0 0 
1 660 10.8 13 0.409392789373814 0.309475806451613 27.7563689911629 2 0 0 
0 660 7.6 13 0.443723702664797 0.504838709677419 19.0009452769326 2 0 0 
1 670 10.8 13 0.405241935483871 0.398185483870968 13.7941686474241 2 0 0 
0 670 7.6 13 0.425047438330171 0.418010752688172 28.2941297283303 2 0 0 
1 680 10.8 13 0.492511520737327 0.441129032258065 18.4115539594783 2 0 0 
0 680 7.6 13 0.505241935483871 0.435483870967742 24.4871841493293 2 0 0 
1 690 10.8 14 0.499193548387097 0.39758064516129 10.3705048216104 2 1 0 
0 690 7.6 13 0.437606112054329 0.483198924731183 20.0304621847919 2 -1 0 
1 700 10.8 14 0.474462365591398 0.44758064516129 13.2566017258777 2 1 0 
0 700 7.6 13 0.395161290322581 0.420161290322581 29.7414136271595 2 -1 0 
1 710 10.8 14 0.571975806451613 0.509408602150538 4.81567784841097 2 0 0 
0 710 7.6 14 0.406451612903226 0.30241935483871 43.9211844713007 2 0 0 
1 720 10.8 14 0.485887096774194 0.479838709677419 3.57394722895516 2 0 0 
0 720 7.6 14 0.396505376344086 0.410483870967742 25.6975959268577 2 0 0 
1 730 10.8 14 0.451411290322581 0.452956989247312 12.1198219372367 2 0 0 
0 730 7.6 14 0.395161290322581 0.493548387096774 12.7208423430251 2 0 0 
1 740 10.8 15 0.569397283531409 0.388104838709677 33.724050106732 2 1 0 
0 740 7.6 14 0.516129032258065 0.410138248847926 30.4724581473263 2 -1 0 
1 750 10.8 15 0.490532959326788 0.383064516129032 41.622482811019 2 0 0 
0 750 7.6 15 0.381048387096774 0.495967741935484 20.6071582448885 2 0 0 
1 760 10.8 15 0.441650853889943 0.398185483870968 36.658653450569 2 0 0 
0 760 7.6 15 0.370631720430108 0.474462365591398 29.1124955304447 2 0 0 
1 770 10.8 15 0.469758064516129 0.438508064516129 17.2480188811926 2 0 0 
0 770 7.6 15 0.435850439882698 0.51008064516129 38.1968818963631 2 0 0 
1 780 10.8 15 0.370967741935484 0.399193548387097 13.803429171782 2 0 0 
0 780 7.6 15 0.415098566308244 0.532258064516129 34.5352562661254 2 0 0 
1 790 10.8 15 0.377304147465438 0.324596774193548 35.8229146237948 2 -1 0 
0 790 7.6 16 0.446519524617997 0.579301075268817 35.2610595396178 2 1 0 
1 800 10.8 15 0.425806451612903 0.281451612903226 28.5810024578694 2 -1 0 
0 800 7.6 16 0.601814516129032 0.611559139784946 36.7007279482405 2 1 0 
1 810 10.8 16 0.361175115207373 0.35241935483871 29.6240193779927 2 0 0 
0 810 7.6 16 0.481290322580645 0.577620967741936 38.3043173258372 2 0 0 
1 820 10.8 16 0.418202764976959 0.411290322580645 32.4076804666449 2 0 0 
0 820 7.6 16 0.425047438330171 0.506451612903226 37.881629685317 2 0 0 
1 830 10.8 16 0.470046082949309 0.438709677419355 35.4384280721278 2 0 0 
0 830 7.6 16 0.507728494623656 0.473387096774194 42.1099737079192 2 0 0 
1 840 10.8 16 0.403700189753321 0.425 25.6875092441328 2 0 0 
0 840 7.6 16 0.392204301075269 0.461693548387097 51.5008591677482 2 0 0 
1 850 10.8 16 0.383064516129032 0.493548387096774 31.5294003322569 2 0 0 
0 850 7.6 16 0.383064516129032 0.495967741935484 39.4446722597417 2 0 0 
1 860 10.8 17 0.478739002932551 0.460483870967742 36.9297176531028 2 1 0 
0 860 7.6 16 0.503629032258065 0.34744623655914 47.2904728998336 2 -1 0 
1 870 10.8 17 0.425179211469534 0.483870967741936 42.6603833856392 2 0 0 
0 870 7.6 17 0.394086021505376 0.385752688172043 34.8534629570108 2 0 0 
1 880 10.8 17 0.383064516129032 0.518548387096774 42.5324805682889 2 0 0 
0 880 7.6 17 0.39573732718894 0.431451612903226 24.421388197773 2 0 0 
1 890 10.8 17 0.541834677419355 0.459677419354839 43.7392728830456 2 0 0 
0 890 7.6 17 0.571572580645161 0.554435483870968 20.9860900323849 2 0 0 
1 900 10.8 17 0.412988115449915 0.479032258064516 35.4700980069759 2 0 0 
0 900 7.6 17 0.449193548387097 0.509072580645161 13.1628288917183 2 0 0 
1 910 10.8 17 0.35383064516129 0.462903225806452 16.0746852747289 2 0 0 
0 910 7.6 17 0.366129032258065 0.456653225806452 10.9280196224302 2 0 0 
1 920 10.8 18 0.490255376344086 0.46505376344086 8.05133483905463 2 1 0 
0 920 7.6 17 0.529838709677419 0.5 6.88617503545368 2 -1 0 
1 930 10.8 18 0.423211781206171 0.412634408602151 7.95471434191062 2 1 0 
0 930 7.6 17 0.435099846390169 0.557258064516129 19.7587240692245 2 -1 0 
1 940 10.8 18 0.441784274193548 0.407258064516129 16.2788205960997 2 0 0 
0 940 7.6 18 0.370967741935484 0.591129032258064 14.3258214426143 2 0 0 
1 950 10.8 18 0.529485887096774 0.451612903225806 15.8823801742686 2 0 0 
0 950 7.6 18 0.604838709677419 0.504032258064516 8.85766440483817 2 0 0 
1 960 10.8 18 0.375 0.308467741935484 18.0069431053691 2 0 0 
0 960 7.6 18 0.4375 0.413709677419355 23.0957615136912 2 0 0 
1 970 10.8 18 0.415826612903226 0.295698924731183 31.7879562384264 2 0 0 
0 970 7.6 18 0.411290322580645 0.366263440860215 35.7594902654537 2 0 0 
1 980 10.8 18 0.458602150537634 0.346774193548387 34.8876133610633 2 0 0 
0 980 7.6 18 0.458333333333333 0.441244239631336 31.9884926527556 2 0 0 
1 990 10.8 18 0.415322580645161 0.336021505376344 21.116606938222 2 0 0 
0 990 7.6 18 0.455645161290323 0.464381720430108 27.9979698923398 2 0 0 
1 1000 10.8 18 0.40488614800759 0.358870967741936 25.4348077343498 2 0 0 
0 1000 7.6 18 0.393817204301075 0.506048387096774 13.7943849115484 2 0 0 
1 1010 10.8 19 0.464465725806452 0.388104838709677 24.6325848607287 2 1 0 
0 1010 7.6 18 0.440020161290323 0.528225806451613 13.819122590513 2 -1 0 
1 1020 10.8 19 0.477741935483871 0.479838709677419 11.774309275375 2 1 0 
0 1020 7.6 18 0.478372434017595 0.494354838709677 6.41202722594013 2 -1 0 
1 1030 10.8 19 0.516129032258065 0.467741935483871 14.6557679228635 2 1 0 
0 1030 7.6 18 0.41633064516129 0.486290322580645 8.295660019632 2 -1 0 
1 1040 10.8 19 0.598622311827957 0.472782258064516 17.9994037995435 2 1 0 
0 1040 7.6 18 0.451612903225806 0.491935483870968 12.4524960774492 2 -1 0 
1 1050 10.8 19 0.524071358748778 0.413709677419355 28.980142350861 2 0 0 
0 1050 7.6 19 0.425084889643464 0.473118279569893 32.5548129532744 2 0 0 
1 1060 10.8 19 0.51241935483871 0.390322580645161 24.2804668013912 2 0 0 
0 1060 7.6 19 0.407568238213399 0.412442396313364 34.9719347392575 2 0 0 
1 1070 10.8 19 0.56891495601173 0.429032258064516 27.9863401761326 2 0 0 
0 1070 7.6 19 0.442652329749104 0.38536866359447 38.2774142981213 2 0 0 
1 1080 10.8 19 0.474320882852292 0.405645161290323 30.1967597671434 2 0 0 
0 1080 7.6 19 0.369781783681214 0.429147465437788 28.3257744000318 2 0 0 
1 1090 10.8 20 0.425047438330171 0.435483870967742 30.8179516735948 2 1 0 
0 1090 7.6 19 0.410282258064516 0.490783410138249 27.5655286151374 2 -1 0 
1 1100 10.8 20 0.480846774193548 0.480645161290323 29.2694567166974 2 0 0 
0 1100 7.6 20 0.470262096774194 0.493087557603687 21.1037937448061 2 0 0 
1 1110 10.8 20 0.426747311827957 0.498655913978495 29.4278390140247 2 0 0 
0 1110 7.6 20 0.438567362428842 0.320564516129032 52.724097689033 2 0 0 
1 1120 10.8 20 0.386363636363636 0.479838709677419 37.4810661598267 2 0 0 
0 1120 7.6 20 0.470307917888563 0.602822580645161 10.9256220020644 2 0 0 
1 1130 10.8 20 0.577620967741936 0.365591397849462 26.7892352669953 2 0 0 
0 1130 7.6 20 0.515762463343108 0.614247311827957 6.96654723758841 2 0 0 
1 1140 10.8 20 0.445852534562212 0.369623655913979 52.6901069963464 2 0 0 
0 1140 7.6 20 0.398132427843803 0.619623655913979 11.9837620106583 2 0 0 
1 1150 10.8 20 0.51954094292804 0.40994623655914 45.0455524759229 2 0 0 
0 1150 7.6 20 0.476209677419355 0.625 18.5797783833439 2 0 0 
1 1160 10.8 20 0.670698924731183 0.440860215053763 42.5467602913077 2 0 0 
0 1160 7.6 20 0.63991935483871 0.547043010752688 36.4252379470584 2 0 0 
1 1170 10.8 20 0.443356374807988 0.295698924731183 20.7975603328839 2 0 0 
0 1170 7.6 20 0.443548387096774 0.559475806451613 29.2685816003824 2 0 0 
1 1180 10.8 20 0.398093841642229 0.260483870967742 20.2138816056875 2 0 0 
0 1180 7.6 20 0.441532258064516 0.383064516129032 44.6662439728302 2 0 0 
1 1190 10.8 20 0.403225806451613 0.326612903225806 22.2908583575111 2 -1 0 
0 1190 7.6 21 0.589213709677419 0.401881720430108 33.0561377257171 2 1 0 
1 1200 10.8 20 0.476881720430108 0.476612903225806 20.8102570177687 2 -1 0 
0 1200 7.6 21 0.493195564516129 0.449596774193548 14.7282197018783 2 1 0 
1 1210 10.8 21 0.443010752688172 0.529838709677419 14.1617956680538 2 0 0 
0 1210 7.6 21 0.380241935483871 0.441129032258065 11.1773072937541 2 0 0 
1 1220 10.8 21 0.532930107526882 0.498387096774194 19.1260443149258 2 0 0 
0 1220 7.6 21 0.483870967741936 0.420698924731183 6.95665592999934 2 0 0 
1 1230 10.8 21 0.514314516129032 0.569354838709677 11.9116484944792 2 0 0 
0 1230 7.6 21 0.442741935483871 0.381720430107527 1.2136093327917 2 0 0 
1 1240 10.8 21 0.444808467741936 0.585483870967742 15.7743339274711 2 0 0 
0 1240 7.6 21 0.380040322580645 0.316532258064516 23.1797579818426 2 0 0 
1 1250 10.8 21 0.559475806451613 0.675 15.7588011144438 2 0 1 
0 1250 7.6 21 0.512096774193548 0.30241935483871 11.0573565493143 1 0 -1 
1 1260 10.8 22 0.504032258064516 0.713709677419355 15.0292779977893 2 1 1 
0 1260 7.6 21 0.565668202764977 0.19758064516129 0 1 -1 -1 
1 1270 10.8 22 0.384072580645161 0.794354838709677 4.90813388816751 2 1 1 
0 1270 7.6 21 0.671146953405018 0.198387096774194 6.67187676605388 1 -1 -1 
1 1280 10.8 22 0.588709677419355 0.769153225806452 4.72880699385508 2 1 1 
0 1280 7.6 21 0.567876344086021 0.191532258064516 6.23692034918179 1 -1 -1 
1 1290 10.8 22 0.439708141321045 0.599798387096774 59.0050207883136 2 1 1 
0 1290 7.6 21 0.317540322580645 0.203225806451613 11.5029031750999 1 -1 -1 
1 1300 10.8 22 0.492884250474383 0.57258064516129 51.3371221542696 2 1 2 
0 1300 7.6 21 0.263440860215054 0.255645161290323 9.81999975159242 0 -1 -2 
1 1310 10.8 22 0.546836228287841 0.586693548387097 24.735049870342 2 1 2 
0 1310 7.6 21 NaN 0.28125 16.9985582989784 0 -1 -2 
1 1320 10.8 22 0.631552419354839 0.568548387096774 9.13297693199334 2 1 2 
0 1320 7.6 21 0.305875576036866 0.274193548387097 16.4059618150996 0 -1 -2 
1 1330 10.8 22 0.67741935483871 0.64616935483871 5.12335662110298 2 1 2 
0 1330 7.6 21 0.298387096774194 0.245967741935484 4 0 -1 -2 
