1 30 7.6 1 NaN 0.2296875 24.5369777503623 3 0 0 
0 30 3.8 1 NaN 0.30625 20.787186808857 3 0 0 
1 40 7.6 1 NaN 0.2375 26.0938065753474 3 0 0 
0 40 3.8 1 NaN 0.30625 25.3049626406755 3 0 0 
1 50 7.6 1 0.36328125 0.340625 28.7276931558568 3 0 0 
0 50 3.8 1 0.39453125 0.36171875 39.1631304530042 3 0 0 
1 60 7.6 1 0.369449013157895 0.4423828125 30.9384441872788 3 0 0 
0 60 3.8 1 0.402587890625 0.51015625 50.2878274676731 3 0 0 
1 70 7.6 1 0.3822265625 0.44921875 32.1181698600485 3 0 0 
0 70 3.8 1 0.427455357142857 0.515625 53.2304330698322 3 0 0 
1 80 7.6 1 0.446732954545455 0.40234375 44.3912891611666 3 0 0 
0 80 3.8 1 0.465494791666667 0.49921875 44.7223498582522 3 0 0 
1 90 7.6 1 0.405552455357143 0.41796875 39.0783226128248 3 0 0 
0 90 3.8 1 0.456492456896552 0.4890625 41.5398313328506 3 0 0 
1 100 7.6 1 0.392415364583333 0.4265625 40.2429862160428 3 -1 0 
0 100 3.8 2 0.459147135416667 0.51953125 41.9462609694864 3 1 0 
1 110 7.6 2 0.44171875 0.45 40.5332938730981 3 0 0 
0 110 3.8 2 0.476262019230769 0.5015625 42.7001916203042 3 0 0 
1 120 7.6 2 0.409855769230769 0.44921875 40.7495058198998 3 0 0 
0 120 3.8 2 0.440557065217391 0.50703125 45.4022338848577 3 0 0 
1 130 7.6 2 0.393229166666667 0.47109375 42.955915149603 3 -1 0 
0 130 3.8 3 0.427641369047619 0.46484375 40.2265946088567 3 1 0 
1 140 7.6 3 0.441583806818182 0.45 42.0143637841573 3 0 0 
0 140 3.8 3 0.465401785714286 0.46015625 43.5320680531444 3 0 0 
1 150 7.6 3 0.415005387931034 0.46015625 41.2610147066825 3 0 0 
0 150 3.8 3 0.42828125 0.47734375 47.4794886774077 3 0 0 
1 160 7.6 3 0.385416666666667 0.45546875 42.5927343251484 3 0 0 
0 160 3.8 3 0.422762784090909 0.43203125 54.7634357941093 3 0 0 
1 170 7.6 4 0.451685855263158 0.465625 49.6131547896711 3 0 0 
0 170 3.8 4 0.493359375 0.4640625 48.1070049585541 3 0 0 
1 180 7.6 4 0.419181034482759 0.47578125 48.0106153798656 3 0 0 
0 180 3.8 4 0.41875 0.49453125 51.2409891984517 3 0 0 
1 190 7.6 4 0.4033203125 0.4515625 51.5849271051423 3 0 0 
0 190 3.8 4 0.4205078125 0.49375 52.6235284438029 3 0 0 
1 200 7.6 4 0.4494140625 0.46015625 39.7340407822728 3 0 0 
0 200 3.8 4 0.48359375 0.4873046875 51.1487404495977 3 0 0 
1 210 7.6 5 0.418146306818182 0.49765625 33.4643032458931 3 0 0 
0 210 3.8 5 0.43115234375 0.46484375 34.8903177255009 3 0 0 
1 220 7.6 5 0.381747159090909 0.5 34.8565030920455 3 0 0 
0 220 3.8 5 0.438313802083333 0.42109375 29.7055888767892 3 0 0 
1 230 7.6 6 0.446940104166667 0.465625 34.406258103009 3 1 0 
0 230 3.8 5 0.4909375 0.4234375 37.1369696126343 3 -1 0 
1 240 7.6 6 0.432789522058824 0.45546875 46.7230811493212 3 1 0 
0 240 3.8 5 0.426700367647059 0.48515625 34.5988073573962 3 -1 0 
1 250 7.6 6 0.43046875 0.4140625 40.1843943245542 3 1 0 
0 250 3.8 5 0.420386904761905 0.51171875 42.5820947568416 3 -1 0 
1 260 7.6 6 0.453125 0.4296875 40.7721000172737 3 0 0 
0 260 3.8 6 0.452275815217391 0.48203125 37.0067021930513 3 0 0 
1 270 7.6 6 0.404447115384615 0.45703125 42.416226963607 3 0 0 
0 270 3.8 6 0.458082932692308 0.5015625 30.7709549377529 3 0 0 
1 280 7.6 7 0.407948369565217 0.44921875 41.6233846704152 3 1 0 
0 280 3.8 6 0.441745923913043 0.4984375 28.525059178615 3 -1 0 
1 290 7.6 7 0.459161931818182 0.459375 38.6595024171228 3 1 0 
0 290 3.8 6 0.45556640625 0.46796875 37.4274991136214 3 -1 0 
1 300 7.6 7 0.433125 0.44609375 37.7270991441894 3 1 0 
0 300 3.8 6 0.434709821428571 0.46953125 31.1341030398188 3 -1 0 
1 310 7.6 7 0.401529947916667 0.45703125 37.6737240085754 3 1 0 
0 310 3.8 6 0.425248579545455 0.521875 13.6249783676883 3 -1 0 
1 320 7.6 7 0.4390625 0.425 35.3973692353955 3 0 0 
0 320 3.8 7 0.444123641304348 0.55546875 4.38969553989878 3 0 0 
1 330 7.6 7 0.425511853448276 0.41796875 34.426183660584 3 0 0 
0 330 3.8 7 0.454985119047619 0.5921875 5.53269401303027 3 0 0 
1 340 7.6 7 0.385896381578947 0.42109375 34.47337053525 3 0 0 
0 340 3.8 7 0.446469907407407 0.53203125 22.7324560021423 3 0 0 
1 350 7.6 8 0.451822916666667 0.45 40.9431410990206 3 1 0 
0 350 3.8 7 0.47734375 0.4921875 29.8492291919376 3 -1 0 
1 360 7.6 8 0.4109375 0.4404296875 32.5803051843483 3 1 0 
0 360 3.8 7 0.47890625 0.5046875 38.4719296869585 3 -1 0 
1 370 7.6 8 0.400065104166667 0.458984375 27.7705620546626 3 0 0 
0 370 3.8 8 0.4013671875 0.4671875 37.8711034975217 3 0 0 
1 380 7.6 8 0.4640625 0.390625 29.9109024186923 3 0 0 
0 380 3.8 8 0.449609375 0.496875 37.1143401664842 3 0 0 
1 390 7.6 9 0.393643465909091 0.42890625 20.9272185379321 3 1 0 
0 390 3.8 8 0.4822265625 0.5283203125 44.522800553366 3 -1 0 
1 400 7.6 9 0.369243421052632 0.4359375 26.572397572736 3 1 0 
0 400 3.8 8 0.407924107142857 0.5185546875 32.1184428090317 3 -1 0 
1 410 7.6 9 0.436941964285714 0.44765625 18.2753453045838 3 0 0 
0 410 3.8 9 0.430803571428571 0.40859375 34.32419564763 3 0 0 
1 420 7.6 9 0.406419836956522 0.48828125 9.78083557473795 3 0 0 
0 420 3.8 9 0.456875 0.40859375 26.5763921190453 3 0 0 
1 430 7.6 9 0.410006009615385 0.50390625 11.0868737676207 3 0 0 
0 430 3.8 9 0.432914402173913 0.431640625 16.5707221179199 3 0 0 
1 440 7.6 10 0.44633152173913 0.490625 16.4774520470882 3 1 0 
0 440 3.8 9 0.464657738095238 0.50390625 13.860480094189 3 -1 0 
1 450 7.6 10 0.450334821428571 0.4625 24.7081493784768 3 1 0 
0 450 3.8 9 0.436990489130435 0.38359375 33.3697750926801 3 -1 0 
1 460 7.6 10 0.419315732758621 0.4390625 52.2878128185876 3 1 0 
0 460 3.8 9 0.43140625 0.3671875 33.8294824790974 3 -1 0 
1 470 7.6 11 0.45703125 0.48359375 48.1823880531863 3 2 0 
0 470 3.8 9 0.459635416666667 0.453125 24.4180807826835 3 -2 0 
1 480 7.6 11 0.47021484375 0.4796875 37.8324807149691 3 2 0 
0 480 3.8 9 0.441650390625 0.4169921875 44.1184305805811 3 -2 0 
1 490 7.6 11 0.439583333333333 0.4546875 19.6637924590788 3 2 0 
0 490 3.8 9 0.4453125 0.315104166666667 33.0913332468934 3 -2 0 
1 500 7.6 11 0.493951612903226 0.51640625 11.1203762457873 3 1 0 
0 500 3.8 10 0.458383413461538 0.421875 13.3951864748857 3 -1 0 
1 510 7.6 12 0.486533717105263 0.459375 5.17114397005962 3 2 0 
0 510 3.8 10 0.403053977272727 0.481770833333333 20.5903900326449 3 -2 0 
1 520 7.6 12 0.486378205128205 0.44453125 20.2096287104359 3 2 0 
0 520 3.8 10 0.417279411764706 0.33984375 46.5226371919846 3 -2 0 
1 530 7.6 12 0.546638257575758 0.4671875 23.0969193528359 3 2 0 
0 530 3.8 10 0.431640625 0.409375 39.5891577212615 3 -2 0 
1 540 7.6 12 0.468631628787879 0.47890625 21.9855684625331 3 1 0 
0 540 3.8 11 0.444393382352941 0.42421875 38.536360856306 3 -1 0 
1 550 7.6 12 0.380766369047619 0.49375 20.4548696992824 3 1 0 
0 550 3.8 11 0.426669034090909 0.446875 36.4386530561879 3 -1 0 
1 560 7.6 12 0.4509765625 0.45078125 18.8472623020843 3 1 0 
0 560 3.8 11 0.435546875 0.5015625 29.6142692859543 3 -1 0 
1 570 7.6 12 0.397879464285714 0.459375 18.0250125014459 3 1 0 
0 570 3.8 11 0.478515625 0.4984375 31.6389622774085 3 -1 0 
1 580 7.6 12 0.3701171875 0.475 7.95249319094137 3 1 0 
0 580 3.8 11 0.412819602272727 0.509375 38.4644995606804 3 -1 0 
1 590 7.6 12 0.398871527777778 0.4890625 13.1500581528168 3 1 0 
0 590 3.8 11 0.438244047619048 0.4578125 42.7338566011789 3 -1 0 
1 600 7.6 13 0.432942708333333 0.49453125 5.19770787929037 3 2 0 
0 600 3.8 11 0.4278125 0.47265625 49.5836711575069 3 -2 0 
1 610 7.6 13 0.457435344827586 0.51328125 14.5278503151236 3 1 0 
0 610 3.8 12 0.404296875 0.4921875 54.4872089921221 3 -1 0 
1 620 7.6 14 0.48509837962963 0.57265625 20.163776372796 3 2 0 
0 620 3.8 12 0.455965909090909 0.521484375 38.7620948866286 3 -2 0 
1 630 7.6 14 0.508694556451613 0.60703125 20.8498280436694 3 2 0 
0 630 3.8 12 0.426171875 0.381510416666667 50.6167170334535 3 -2 0 
1 640 7.6 14 0.511970766129032 0.67109375 20.7889257249855 3 2 0 
0 640 3.8 12 0.390625 0.3232421875 47.271871436412 3 -2 0 
1 650 7.6 15 0.567859738372093 0.66484375 23.7431094943644 3 3 0 
0 650 3.8 12 0.3359375 0.33203125 31.9725195342716 3 -3 0 
1 660 7.6 15 0.569010416666667 0.62421875 21.3643179322421 3 3 0 
0 660 3.8 12 0.302734375 0.31484375 17.8043184327109 3 -3 0 
1 670 7.6 15 0.554778343023256 0.5515625 8.78996999979792 3 2 0 
0 670 3.8 13 0.33203125 0.29296875 11.5879126619993 3 -2 0 
1 680 7.6 15 0.530580357142857 0.55546875 12.6716564282292 3 2 0 
0 680 3.8 13 0.352864583333333 0.4109375 8.00941896954148 3 -2 0 
1 690 7.6 15 0.54828125 0.490625 3.03324759718292 3 2 0 
0 690 3.8 13 0.33046875 0.46328125 5.87544706520499 3 -2 0 
1 700 7.6 15 0.477826286764706 0.4375 2.89479131598207 3 2 0 
0 700 3.8 13 0.390625 0.5265625 5.92614547141116 3 -2 0 
1 710 7.6 15 0.501953125 0.428125 6.31557972893818 3 2 0 
0 710 3.8 13 0.413373161764706 0.52265625 4.34319530412366 3 -2 0 
1 720 7.6 15 0.536959134615385 0.4359375 6.71509034257294 3 2 0 
0 720 3.8 13 0.341796875 0.52734375 5.96239550094871 3 -2 0 
1 730 7.6 16 0.529399671052632 0.51796875 3.65576537214977 3 3 0 
0 730 3.8 13 0.423549107142857 0.432291666666667 3.6373509855496 3 -3 0 
1 740 7.6 16 0.526822916666667 0.584375 3.92804995460965 3 3 0 
0 740 3.8 13 0.37890625 0.39453125 0 3 -3 0 
1 750 7.6 16 0.538845486111111 0.5359375 43.5150383752851 3 3 0 
0 750 3.8 13 0.302734375 0.328125 0 3 -3 0 
1 760 7.6 16 0.505629595588235 0.56796875 46.3811579425023 3 3 0 
0 760 3.8 13 0.29765625 0.3125 0 3 -3 0 
1 770 7.6 16 0.566517857142857 0.6640625 15.7052256314144 3 2 0 
0 770 3.8 14 0.2958984375 0.16796875 5.70452555960952 3 -2 0 
1 780 7.6 17 0.511827256944444 0.61953125 11.400218259822 3 3 0 
0 780 3.8 14 0.31640625 0.27734375 6.61534327344748 3 -3 0 
1 790 7.6 17 0.5113525390625 0.55859375 24.9004141283163 3 2 0 
0 790 3.8 15 0.39453125 0.373046875 4.91994669131323 3 -2 0 
1 800 7.6 17 0.544152462121212 0.52734375 16.5874960340033 3 2 0 
0 800 3.8 15 0.39453125 0.4046875 29.032826663552 3 -2 0 
1 810 7.6 17 0.4615478515625 0.479166666666667 1.4436921727793 3 2 0 
0 810 3.8 15 0.37109375 0.40859375 17.4897155201177 3 -2 0 
1 820 7.6 17 0.392693014705882 0.455729166666667 11.4265640597425 3 2 0 
0 820 3.8 15 0.458891369047619 0.453125 13.269611980388 3 -2 0 
1 830 7.6 17 0.37890625 0.467447916666667 6.1012916840513 3 2 0 
0 830 3.8 15 0.453294836956522 0.541666666666667 25.1910103356843 3 -2 0 
1 840 7.6 17 0.361328125 0.4140625 38.8552670681519 3 2 0 
0 840 3.8 15 0.509515224358974 0.52734375 31.0619656274791 3 -2 0 
1 850 7.6 17 0.373579545454545 0.36640625 40.7285606897131 3 2 0 
0 850 3.8 15 0.521073190789474 0.544270833333333 32.1934201451593 3 -2 0 
1 860 7.6 18 0.423611111111111 0.35703125 43.6523752295337 3 3 0 
0 860 3.8 15 0.57890625 0.361979166666667 33.943554053039 3 -3 0 
1 870 7.6 18 0.360026041666667 0.42265625 43.0055549603103 3 2 0 
0 870 3.8 16 0.546223958333333 0.2998046875 27.3482585322252 3 -2 0 
1 880 7.6 18 0.438895089285714 0.4423828125 56.3429538691393 3 2 0 
0 880 3.8 16 0.509672619047619 0.3359375 9.87697486895785 3 -2 0 
1 890 7.6 18 0.469866071428571 0.42578125 47.8935332463903 3 2 0 
0 890 3.8 16 0.532552083333333 0.404296875 8.0054909497441 3 -2 0 
1 900 7.6 18 0.477384868421053 0.498697916666667 52.412192529126 3 2 0 
0 900 3.8 16 0.463623046875 0.30703125 18.2715522668851 3 -2 0 
1 910 7.6 19 0.438512731481481 0.459635416666667 34.63276962471 3 3 0 
0 910 3.8 16 0.441778273809524 0.365625 16.7086273714899 3 -3 0 
1 920 7.6 19 0.471522177419355 0.440104166666667 22.9530338879859 3 3 0 
0 920 3.8 16 0.447840073529412 0.421875 9.31826242842094 3 -3 0 
1 930 7.6 19 0.470231681034483 0.40234375 25.0318059593584 3 2 0 
0 930 3.8 17 0.436121323529412 0.43046875 6.552753336525 3 -2 0 
1 940 7.6 19 0.484256628787879 0.3296875 43.3047697253099 3 2 0 
0 940 3.8 17 0.405061141304348 0.44453125 7.30842848210971 3 -2 0 
1 950 7.6 19 0.4678125 0.32734375 24.3670999126228 3 2 0 
0 950 3.8 17 0.4283203125 0.43046875 27.7547442708411 3 -2 0 
1 960 7.6 19 0.451480263157895 0.33203125 17.8864004329869 3 2 0 
0 960 3.8 17 0.418258101851852 0.5224609375 31.9568176922442 3 -2 0 
1 970 7.6 19 0.366477272727273 0.31953125 11.7445648459163 3 2 0 
0 970 3.8 17 0.482142857142857 0.5791015625 21.6511872969055 3 -2 0 
1 980 7.6 19 0.396059782608696 0.2796875 11.4863488963848 3 2 0 
0 980 3.8 17 0.549597537878788 0.5673828125 28.9818311046161 3 -2 0 
1 990 7.6 19 0.398654513888889 0.30625 17.574953343255 3 2 0 
0 990 3.8 17 0.483203125 0.5732421875 15.1210090250436 3 -2 0 
1 1000 7.6 19 0.389873798076923 0.36328125 6.6123716776984 3 1 0 
0 1000 3.8 18 0.451822916666667 0.59765625 7.73330845462971 3 -1 0 
1 1010 7.6 20 0.403878348214286 0.3935546875 5.02255895208125 3 2 0 
0 1010 3.8 18 0.478966346153846 0.4482421875 43.4088228933788 3 -2 0 
1 1020 7.6 20 0.4267578125 0.4521484375 5.25766902520026 3 2 0 
0 1020 3.8 18 0.500130208333333 0.4345703125 34.4970838809106 3 -2 0 
1 1030 7.6 20 0.428059895833333 0.4892578125 5.65166670921469 3 2 0 
0 1030 3.8 18 0.435 0.3876953125 27.4037863730131 3 -2 0 
1 1040 7.6 20 0.449497767857143 0.513020833333333 4.13273969309751 3 2 0 
0 1040 3.8 18 0.438244047619048 0.423177083333333 19.2595513449761 3 -2 0 
1 1050 7.6 20 0.502704326923077 0.520833333333333 3.08796180541751 3 2 0 
0 1050 3.8 18 0.451612903225806 0.4609375 7.96108450166127 3 -2 0 
1 1060 7.6 20 0.491053427419355 0.412109375 35.6697599077388 3 2 0 
0 1060 3.8 18 0.485243055555556 0.391927083333333 9.12698727561389 3 -2 0 
1 1070 7.6 20 0.50546875 0.41015625 17.421513559213 3 2 0 
0 1070 3.8 18 0.5390625 0.3125 29.9760545498136 3 -2 0 
1 1080 7.6 20 0.50554435483871 0.4208984375 24.33110341014 3 1 0 
0 1080 3.8 19 0.383731617647059 0.361328125 39.4992270857643 3 -1 0 
1 1090 7.6 20 0.492838541666667 0.4140625 19.1321625301489 3 1 0 
0 1090 3.8 19 0.374080882352941 0.3974609375 38.2261318948363 3 -1 0 
1 1100 7.6 20 0.487955729166667 0.458333333333333 11.3047999607469 3 1 0 
0 1100 3.8 19 0.395833333333333 0.4 37.5809635121979 3 -1 0 
1 1110 7.6 20 0.4853515625 0.40234375 41.8883122806321 3 1 0 
0 1110 3.8 19 0.341796875 0.40625 26.1145323171244 3 -1 0 
1 1120 7.6 20 0.489897629310345 0.373046875 24.7529482265076 3 1 0 
0 1120 3.8 19 0.392427884615385 0.4609375 8.2662348122846 3 -1 0 
1 1130 7.6 20 0.518588362068966 0.3896484375 18.790361344712 3 1 0 
0 1130 3.8 19 0.401442307692308 0.4859375 11.3983432762655 3 -1 0 
1 1140 7.6 20 0.487903225806452 0.4296875 17.1923396065224 3 0 0 
0 1140 3.8 20 0.402853260869565 0.48984375 6.37309967625283 3 0 0 
1 1150 7.6 20 0.455549568965517 0.4375 6.79407823902588 3 0 0 
0 1150 3.8 20 0.443359375 0.53515625 5.92773112848411 3 0 0 
1 1160 7.6 21 0.52890625 0.466796875 14.4324644301239 3 1 0 
0 1160 3.8 20 0.436383928571429 0.5390625 13.990526732266 3 -1 0 
1 1170 7.6 21 0.491861979166667 0.35859375 28.2527267370628 3 1 0 
0 1170 3.8 20 0.42421875 0.520833333333333 10.3691710779401 3 -1 0 
1 1180 7.6 21 0.41375 0.425 20.9330901957122 3 1 0 
0 1180 3.8 20 0.4013671875 0.462239583333333 28.5723205483316 3 -1 0 
1 1190 7.6 21 0.416852678571429 0.484375 26.0099152409134 3 1 0 
0 1190 3.8 20 0.408900669642857 0.3671875 22.908964084021 3 -1 0 
1 1200 7.6 21 0.485887096774194 0.4953125 20.9707224174299 3 1 0 
0 1200 3.8 20 0.408528645833333 0.37109375 8.35416898040585 3 -1 0 
1 1210 7.6 21 0.452427455357143 0.51171875 14.2815017856043 3 1 0 
0 1210 3.8 20 0.414232336956522 0.349609375 21.2322919145332 3 -1 0 
1 1220 7.6 21 0.431555706521739 0.53125 17.6977212428445 3 1 0 
0 1220 3.8 20 0.423502604166667 0.32890625 39.2238689263677 3 -1 0 
1 1230 7.6 21 0.461751302083333 0.59765625 10.8953083830664 3 1 0 
0 1230 3.8 20 0.447415865384615 0.3427734375 12.7934725780295 3 -1 0 
1 1240 7.6 21 0.404551630434783 0.59140625 4.21552635955675 3 1 0 
0 1240 3.8 20 0.430989583333333 0.341796875 12.9309583460105 3 -1 0 
1 1250 7.6 21 0.529017857142857 0.70625 4.96949924693622 3 1 0 
0 1250 3.8 20 0.499162946428571 0.2783203125 11.6318776175381 3 -1 0 
1 1260 7.6 21 0.504158266129032 0.69765625 4.54555139162129 3 1 0 
0 1260 3.8 20 0.433919270833333 0.3134765625 24.1825959633693 3 -1 0 
1 1270 7.6 21 0.463350183823529 0.58984375 11.9407863527704 3 1 0 
0 1270 3.8 20 0.395132211538462 0.3671875 13.8275949802603 3 -1 0 
1 1280 7.6 21 0.519071691176471 0.412109375 18.6236435848288 3 1 0 
0 1280 3.8 20 0.422309027777778 0.46875 8.80066812721903 3 -1 0 
1 1290 7.6 21 0.533063616071429 0.3759765625 21.9872031423259 3 1 0 
0 1290 3.8 20 0.3828125 0.33046875 32.7622371681273 3 -1 0 
1 1300 7.6 21 0.5194091796875 0.3984375 21.2916932864007 3 0 0 
0 1300 3.8 21 0.416015625 0.33046875 34.5951799160726 3 0 0 
1 1310 7.6 21 0.480625 0.455078125 21.5993942710547 3 0 0 
0 1310 3.8 21 0.389322916666667 0.3625 25.1608897464824 3 0 0 
1 1320 7.6 21 0.499112215909091 0.4150390625 4.66135271271158 3 0 0 
0 1320 3.8 21 0.442626953125 0.4078125 16.8333057835432 3 0 0 
1 1330 7.6 22 0.416956018518519 0.3421875 22.388747682189 3 1 0 
0 1330 3.8 21 0.423177083333333 0.4234375 17.4931796968852 3 -1 0 
1 1340 7.6 22 0.467848557692308 0.38671875 22.2850613739646 3 1 0 
0 1340 3.8 21 0.454861111111111 0.45703125 25.6280690902678 3 -1 0 
1 1350 7.6 22 0.445177801724138 0.365234375 10.9338289607458 3 1 0 
0 1350 3.8 21 0.446957236842105 0.4578125 32.5547456151532 3 -1 0 
1 1360 7.6 22 0.416956018518519 0.3935546875 20.152083024838 3 1 0 
0 1360 3.8 21 0.402113970588235 0.4265625 45.1884622141019 3 -1 0 
1 1370 7.6 22 0.481584821428571 0.41015625 7.23040883877773 3 1 0 
0 1370 3.8 21 0.454273897058823 0.465625 45.3040971027673 3 -1 0 
1 1380 7.6 22 0.378018465909091 0.4404296875 8.43345978861577 3 1 0 
0 1380 3.8 21 0.418526785714286 0.435546875 44.8590896211521 3 -1 0 
1 1390 7.6 22 0.446200284090909 0.443359375 10.4730455135737 3 1 0 
0 1390 3.8 21 0.430509868421053 0.392578125 37.8458580005031 3 -1 0 
1 1400 7.6 22 0.497265625 0.3115234375 19.8942167822732 3 1 0 
0 1400 3.8 21 0.461154513888889 0.37109375 44.960920498457 3 -1 0 
1 1410 7.6 22 0.447771990740741 0.2509765625 24.9341278647498 3 1 0 
0 1410 3.8 21 0.365411931818182 0.349609375 35.5742140410479 3 -1 0 
1 1420 7.6 22 0.492042824074074 0.2015625 16.9089654540395 3 0 0 
0 1420 3.8 22 0.500600961538462 0.3623046875 23.7169216766304 3 0 0 
1 1430 7.6 22 0.531808035714286 0.33046875 13.5833980191446 3 0 0 
0 1430 3.8 22 0.54296875 0.3173828125 20.5789606205612 3 0 0 
1 1440 7.6 22 0.481411637931034 0.494140625 13.5405101360486 3 0 0 
0 1440 3.8 22 0.407366071428571 0.28515625 19.3500666233154 3 0 0 
1 1450 7.6 23 0.492995689655172 0.63671875 9.46699997498035 3 1 1 
0 1450 3.8 22 0.41796875 0.3017578125 16.6544002747479 2 -1 -1 
1 1460 7.6 23 0.536420036764706 0.705729166666667 3.80560857949196 3 1 1 
0 1460 3.8 22 0.41796875 0.271484375 9.47741750329665 2 -1 -1 
1 1470 7.6 23 0.5380859375 0.66796875 3.60555127546399 3 1 1 
0 1470 3.8 22 0.348524305555556 0.310546875 3.81401500513542 2 -1 -1 
1 1480 7.6 23 0.482362689393939 0.5390625 5.09901951359278 3 1 1 
0 1480 3.8 22 0.373934659090909 0.392578125 7.72123182080171 2 -1 -1 
1 1490 7.6 23 0.528409090909091 0.37890625 0 3 1 1 
0 1490 3.8 22 0.395833333333333 0.524739583333333 16.3794439827082 2 -1 -1 
1 1500 7.6 23 0.52827380952381 0.390625 0 3 1 1 
0 1500 3.8 22 0.413383152173913 0.475260416666667 30.7525019844458 2 -1 -1 
1 1510 7.6 23 0.511039402173913 0.28125 43.0610032395902 3 0 1 
0 1510 3.8 23 0.464453125 0.34375 34.1564802978474 2 0 -1 
1 1520 7.6 23 0.495225694444444 0.380859375 32.3187252223846 3 0 1 
0 1520 3.8 23 0.535386029411765 0.345703125 14.9194119830744 2 0 -1 
1 1530 7.6 23 0.42431640625 0.209635416666667 26.7959572790131 3 0 1 
0 1530 3.8 23 0.537454044117647 0.4375 22.3923166857478 2 0 -1 
1 1540 7.6 23 0.44078125 0.2431640625 25.2500487073798 3 0 1 
0 1540 3.8 23 0.434244791666667 0.4853515625 34.4246015844229 2 0 -1 
1 1550 7.6 23 0.44819972826087 0.30625 26.6901591504832 3 0 1 
0 1550 3.8 23 0.426215277777778 0.517578125 27.1485754889941 2 0 -1 
1 1560 7.6 23 0.463694852941176 0.4015625 17.4081327910826 3 0 1 
0 1560 3.8 23 0.443359375 0.43515625 33.8991720348103 2 0 -1 
1 1570 7.6 23 0.430889423076923 0.3916015625 13.4689079009649 3 0 1 
0 1570 3.8 23 0.427884615384615 0.5078125 18.6453858249026 2 0 -1 
1 1580 7.6 23 0.432528409090909 0.40234375 15.5943235835448 3 0 1 
0 1580 3.8 23 0.508700284090909 0.52734375 15.4998009164468 2 0 -1 
1 1590 7.6 23 0.441592261904762 0.4462890625 15.1500518607734 3 0 1 
0 1590 3.8 23 0.469105113636364 0.5361328125 18.2009806602378 2 0 -1 
1 1600 7.6 23 0.431640625 0.357421875 32.8823660949148 3 0 1 
0 1600 3.8 23 0.4052734375 0.5703125 18.7501509364573 2 0 -1 
1 1610 7.6 23 0.467354910714286 0.259765625 6.51920240520265 3 0 1 
0 1610 3.8 23 0.491319444444444 0.59375 13.1254702076971 2 0 -1 
1 1620 7.6 23 0.499186197916667 0.318359375 28.2179021190449 3 0 1 
0 1620 3.8 23 0.49140625 0.58984375 32.2615639364432 2 0 -1 
1 1630 7.6 23 0.448467548076923 0.221354166666667 29.3056440982142 3 0 1 
0 1630 3.8 23 0.46630859375 0.5458984375 41.5392017952329 2 0 -1 
1 1640 7.6 23 0.523307291666667 0.220052083333333 17.4636512399584 3 0 1 
0 1640 3.8 23 0.471354166666667 0.5283203125 39.5126704686818 2 0 -1 
1 1650 7.6 23 0.565878378378378 0.208333333333333 4.04721712908894 3 0 1 
0 1650 3.8 23 0.48046875 0.529296875 27.6771662497366 2 0 -1 
1 1660 7.6 24 0.536272321428571 0.21484375 19.7616321532119 3 1 1 
0 1660 3.8 23 0.51953125 0.4171875 48.7006174433226 2 -1 -1 
1 1670 7.6 24 0.584635416666667 0.321875 24.8001601628296 3 1 1 
0 1670 3.8 23 0.571800595238095 0.41875 25.9864995432389 2 -1 -1 
1 1680 7.6 24 0.50109375 0.409375 16.1306573209166 3 0 1 
0 1680 3.8 24 0.563541666666667 0.4484375 24.9835773360797 2 0 -1 
1 1690 7.6 24 0.369318181818182 0.33046875 4.65374469147227 3 0 1 
0 1690 3.8 24 0.482167119565217 0.5921875 9.62120993049786 2 0 -1 
1 1700 7.6 24 0.375 0.2625 11.1849333712308 3 0 1 
0 1700 3.8 24 0.490234375 0.62421875 13.3955546346002 2 0 -1 
1 1710 7.6 24 0.36328125 0.32265625 8.96409941937369 3 0 1 
0 1710 3.8 24 0.514033564814815 0.59765625 7.65713990465718 2 0 -1 
1 1720 7.6 24 0.365885416666667 0.36796875 8.59473413957954 3 0 1 
0 1720 3.8 24 0.495463709677419 0.58828125 3.25522790839714 2 0 -1 
1 1730 7.6 24 0.37109375 0.40078125 4.72970728710587 3 0 1 
0 1730 3.8 24 0.57125 0.56640625 0 2 0 -1 
1 1740 7.6 24 0.33203125 0.440625 13.5523480771072 3 0 1 
0 1740 3.8 24 0.556482263513513 0.48046875 0 2 0 -1 
1 1750 7.6 24 0.384114583333333 0.58203125 18.9192993425908 3 0 1 
0 1750 3.8 24 0.479090073529412 NaN NaN 2 0 -1 
1 1760 7.6 25 0.3984375 0.7 20.0985283276256 3 1 2 
0 1760 3.8 24 0.441706730769231 NaN NaN 1 -1 -2 
1 1770 7.6 25 0.247395833333333 0.77890625 6.45250926125987 3 1 2 
0 1770 3.8 24 0.378348214285714 NaN NaN 1 -1 -2 
1 1780 7.6 25 0.36328125 0.806640625 1.11803398874989 3 1 2 
0 1780 3.8 24 NaN NaN NaN 1 -1 -2 
