1 30 10.8 1 NaN 0.317204301075269 21.4334218822472 3 0 0 
0 30 7.4 1 NaN 0.301411290322581 21.6474553857905 3 0 0 
1 40 10.8 1 NaN 0.336021505376344 22.7746274906456 3 0 0 
0 40 7.4 1 NaN 0.275 29.9277771200175 3 0 0 
1 50 10.8 1 0.36760752688172 0.385752688172043 27.2971563004742 3 0 0 
0 50 7.4 1 0.370967741935484 0.333064516129032 37.8988127084229 3 0 0 
1 60 10.8 1 0.364247311827957 0.505376344086022 29.9148481363882 3 0 0 
0 60 7.4 1 0.364247311827957 0.385483870967742 39.5168560175878 3 0 0 
1 70 10.8 1 0.404345878136201 0.498655913978495 33.6788209866164 3 0 0 
0 70 7.4 1 0.422983870967742 0.444354838709677 24.0387315465737 3 0 0 
1 80 10.8 1 0.456797235023041 0.524193548387097 36.2219221638177 3 0 0 
0 80 7.4 1 0.461861559139785 0.476612903225806 34.2299272260354 3 0 0 
1 90 10.8 1 0.402927120669056 0.440524193548387 31.7908382845888 3 0 0 
0 90 7.4 1 0.402180406212664 0.467741935483871 31.3188685324905 3 0 0 
1 100 10.8 1 0.416129032258064 0.436491935483871 32.0715783336749 3 0 0 
0 100 7.4 1 0.421975806451613 0.466935483870968 23.6509175806807 3 0 0 
1 110 10.8 2 0.452346041055719 0.456653225806452 30.2176485638231 3 0 0 
0 110 7.4 2 0.469556451612903 0.473387096774194 29.1297706693303 3 0 0 
1 120 10.8 2 0.391774193548387 0.40241935483871 47.1449243829328 3 0 0 
0 120 7.4 2 0.372617302052786 0.486895161290323 32.4854188219486 3 0 0 
1 130 10.8 2 0.416808149405773 0.398387096774194 46.9567557656123 3 0 0 
0 130 7.4 2 0.401315789473684 0.473387096774194 32.8667270593165 3 0 0 
1 140 10.8 3 0.462701612903226 0.425 43.8522264767175 3 0 0 
0 140 7.4 3 0.458064516129032 0.468548387096774 30.3810394470009 3 0 0 
1 150 10.8 3 0.378192204301075 0.456451612903226 30.1752079264715 3 0 0 
0 150 7.4 3 0.411940686784599 0.459677419354839 32.0529999553574 3 0 0 
1 160 10.8 3 0.389784946236559 0.487096774193548 35.3994177424942 3 0 0 
0 160 7.4 3 0.432862903225806 0.484879032258065 37.5439275152159 3 0 0 
1 170 10.8 3 0.461597542242704 0.476612903225806 36.3415802145062 3 -1 0 
0 170 7.4 4 0.469193548387097 0.493951612903226 39.2458291333278 3 1 0 
1 180 10.8 4 0.364247311827957 0.483870967741936 36.5535140947154 3 0 0 
0 180 7.4 4 0.396091811414392 0.446236559139785 32.3048199583716 3 0 0 
1 190 10.8 4 0.409274193548387 0.490322580645161 37.4999185859608 3 0 0 
0 190 7.4 4 0.411895161290323 0.454637096774194 32.171734396247 3 0 0 
1 200 10.8 4 0.471918202764977 0.483064516129032 26.5895634859592 3 0 0 
0 200 7.4 4 0.462903225806452 0.42258064516129 32.3335392780142 3 0 0 
1 210 10.8 5 0.402937788018433 0.49758064516129 25.0929419048674 3 0 0 
0 210 7.4 5 0.389267990074442 0.389516129032258 30.9470065835483 3 0 0 
1 220 10.8 5 0.396975806451613 0.507258064516129 31.4780413411599 3 0 0 
0 220 7.4 5 0.387945670628183 0.401209677419355 27.038384770785 3 0 0 
1 230 10.8 5 0.465161290322581 0.501612903225806 36.4659320681983 3 0 0 
0 230 7.4 5 0.436230585424134 0.405241935483871 27.133623306676 3 0 0 
1 240 10.8 6 0.378155680224404 0.530645161290323 34.2141784977388 3 1 0 
0 240 7.4 5 0.390818858560794 0.37258064516129 42.6581881251331 3 -1 0 
1 250 10.8 6 0.402751423149905 0.504032258064516 35.8253734513322 3 0 0 
0 250 7.4 6 0.470307917888563 0.412903225806452 35.4467506091389 3 0 0 
1 260 10.8 6 0.440860215053763 0.467741935483871 33.1619778804475 3 0 0 
0 260 7.4 6 0.456509216589862 0.428225806451613 24.8401163143465 3 0 0 
1 270 10.8 6 0.380960729312763 0.456451612903226 42.7307084813975 3 0 0 
0 270 7.4 6 0.388272849462366 0.449193548387097 24.8724399733271 3 0 0 
1 280 10.8 7 0.45611954459203 0.512096774193548 30.0240874665138 3 1 0 
0 280 7.4 6 0.43508064516129 0.459677419354839 31.5480351412315 3 -1 0 
1 290 10.8 7 0.492799539170507 0.537903225806452 33.4597990523527 3 0 0 
0 290 7.4 7 0.442617866004963 0.430645161290323 30.7026264983785 3 0 0 
1 300 10.8 7 0.364247311827957 0.569354838709677 33.636875041128 3 0 0 
0 300 7.4 7 0.400836320191159 0.409677419354839 32.0496075758296 3 0 0 
1 310 10.8 7 0.363127240143369 0.529032258064516 25.7048181660295 3 0 0 
0 310 7.4 7 0.476814516129032 0.413709677419355 28.6956474248843 3 0 0 
1 320 10.8 8 0.445900537634409 0.450806451612903 27.0966124215921 3 1 0 
0 320 7.4 7 0.469913151364764 0.443548387096774 35.4030244113259 3 -1 0 
1 330 10.8 8 0.395161290322581 0.418548387096774 31.7371282971004 3 1 0 
0 330 7.4 7 0.404953917050691 0.450806451612903 29.2874696936866 3 -1 0 
1 340 10.8 8 0.41633064516129 0.458064516129032 23.9339456573049 3 1 0 
0 340 7.4 7 0.430351906158358 0.458870967741935 27.807952016485 3 -1 0 
1 350 10.8 8 0.448028673835125 0.465322580645161 24.724697940174 3 0 0 
0 350 7.4 8 0.465557795698925 0.437096774193548 29.2682074045141 3 0 0 
1 360 10.8 8 0.399641577060932 0.462903225806452 27.9683608273017 3 0 0 
0 360 7.4 8 0.390961021505376 0.502016129032258 27.9532694219562 3 0 0 
1 370 10.8 9 0.420564516129032 0.462096774193548 33.2525659004165 3 1 0 
0 370 7.4 8 0.451996927803379 0.469758064516129 33.4802984912991 3 -1 0 
1 380 10.8 9 0.426167964404894 0.449596774193548 34.3800305409577 3 1 0 
0 380 7.4 8 0.460541474654378 0.466129032258065 32.3709256315106 3 -1 0 
1 390 10.8 9 0.405397022332506 0.472782258064516 35.5511921941307 3 0 0 
0 390 7.4 9 0.372617302052786 0.429838709677419 28.971224363957 3 0 0 
1 400 10.8 9 0.481324278438031 0.430645161290323 45.2412420351429 3 0 0 
0 400 7.4 9 0.415098566308244 0.418548387096774 26.1567856402226 3 0 0 
1 410 10.8 10 0.476774193548387 0.431451612903226 33.2006378641888 3 1 0 
0 410 7.4 9 0.435887096774194 0.433064516129032 25.6404283259566 3 -1 0 
1 420 10.8 10 0.380785413744741 0.492943548387097 22.9331845944629 3 0 0 
0 420 7.4 10 0.364247311827957 0.424193548387097 24.5244318543144 3 0 0 
1 430 10.8 10 0.383301707779886 0.453225806451613 41.1367830341115 3 0 0 
0 430 7.4 10 0.415524193548387 0.429435483870968 20.3417917575293 3 0 0 
1 440 10.8 10 0.47258064516129 0.436290322580645 37.9945344209809 3 0 0 
0 440 7.4 10 0.450702393340271 0.423387096774194 22.9751539633065 3 0 0 
1 450 10.8 10 0.397753456221198 0.458870967741936 32.6519781850933 3 0 0 
0 450 7.4 10 0.407675194660734 0.442741935483871 28.6913831527096 3 0 0 
1 460 10.8 10 0.409178187403994 0.488709677419355 36.6832282146663 3 0 0 
0 460 7.4 10 0.467741935483871 0.498387096774194 29.0873554274568 3 0 0 
1 470 10.8 11 0.456774193548387 0.436290322580645 37.617698570572 3 0 0 
0 470 7.4 11 0.504032258064516 0.510483870967742 28.7347213803805 3 0 0 
1 480 10.8 11 0.400899503722084 0.404838709677419 35.3124592154235 3 0 0 
0 480 7.4 11 0.384817671809257 0.51008064516129 34.3819817106115 3 0 0 
1 490 10.8 11 0.436827956989247 0.438709677419355 30.3838448504043 3 0 0 
0 490 7.4 11 0.379233870967742 0.479838709677419 34.43478318084 3 0 0 
1 500 10.8 11 0.471619106699752 0.526612903225806 32.0699938743733 3 0 0 
0 500 7.4 11 0.456317204301075 0.392137096774194 34.2703227826594 3 0 0 
1 510 10.8 11 0.414905450500556 0.528225806451613 27.7460360023217 3 0 0 
0 510 7.4 11 0.386011166253102 0.390120967741936 34.2085942481455 3 0 0 
1 520 10.8 12 0.453725038402458 0.533870967741936 34.5911436054878 3 1 0 
0 520 7.4 11 0.380942275042445 0.419354838709677 31.5563396809929 3 -1 0 
1 530 10.8 12 0.486391129032258 0.525 35.1501074364413 3 1 0 
0 530 7.4 11 0.420303605313093 0.431451612903226 33.275376927019 3 -1 0 
1 540 10.8 12 0.424395161290323 0.541935483870968 29.6640788155339 3 0 0 
0 540 7.4 12 0.364247311827957 0.424395161290323 27.3839685424079 3 0 0 
1 550 10.8 12 0.379320276497696 0.551612903225806 33.2825528561868 3 0 0 
0 550 7.4 12 0.407470288624788 0.394354838709677 35.5231137491423 3 0 0 
1 560 10.8 12 0.452822580645161 0.516935483870968 42.3185454789391 3 0 0 
0 560 7.4 12 0.449500768049155 0.366935483870968 41.710714958166 3 0 0 
1 570 10.8 13 0.398870967741935 0.532258064516129 38.7553588636484 3 1 0 
0 570 7.4 12 0.388196480938416 0.413306451612903 25.9194589511037 3 -1 0 
1 580 10.8 13 0.380846774193548 0.5 24.7432508444521 3 1 0 
0 580 7.4 12 0.43976814516129 0.491935483870968 13.0428063120079 3 -1 0 
1 590 10.8 13 0.472507331378299 0.512096774193548 19.0539476269313 3 0 0 
0 590 7.4 13 0.455453149001536 0.451612903225806 18.1325641260223 3 0 0 
1 600 10.8 13 0.433537263626251 0.386088709677419 40.375050711321 3 0 0 
0 600 7.4 13 0.384354838709677 0.433467741935484 43.5726501191466 3 0 0 
1 610 10.8 13 0.386247877758913 0.391129032258065 31.4368246873042 3 0 0 
0 610 7.4 13 0.453629032258065 0.403225806451613 37.841636707159 3 0 0 
1 620 10.8 14 0.436743951612903 0.350806451612903 41.756519102112 3 1 0 
0 620 7.4 13 0.457437275985663 0.474462365591398 16.8741482115095 3 -1 0 
1 630 10.8 14 0.399658808933002 0.42741935483871 19.1366066788847 3 1 0 
0 630 7.4 13 0.384744623655914 0.486895161290323 27.7920137814627 3 -1 0 
1 640 10.8 14 0.444464809384164 0.475 19.6299211347313 3 1 0 
0 640 7.4 13 0.371723790322581 0.509072580645161 31.1460362748253 3 -1 0 
1 650 10.8 14 0.46384872080089 0.482258064516129 14.0871171295227 3 1 0 
0 650 7.4 13 0.429360812425329 0.483870967741936 29.6628000410374 3 -1 0 
1 660 10.8 14 0.389267990074442 0.511290322580645 21.2935533986863 3 0 0 
0 660 7.4 14 0.433162267839687 0.386088709677419 34.8428833898996 3 0 0 
1 670 10.8 14 0.46889400921659 0.528225806451613 18.0745971359771 3 0 0 
0 670 7.4 14 0.456281833616299 0.379032258064516 32.6577573215327 3 0 0 
1 680 10.8 15 0.468475073313783 0.533870967741936 15.9394069901438 3 1 0 
0 680 7.4 14 0.434727822580645 0.433467741935484 28.4699902997521 3 -1 0 
1 690 10.8 15 0.374231950844854 0.571774193548387 17.6393249315122 3 1 0 
0 690 7.4 14 0.424539170506912 0.465322580645161 42.4624470826787 3 -1 0 
1 700 10.8 15 0.405577956989247 0.530645161290323 25.2540690156415 3 0 0 
0 700 7.4 15 0.442362428842505 0.495967741935484 45.4050256392457 3 0 0 
1 710 10.8 15 0.445099255583127 0.483870967741936 42.1805860478009 3 0 0 
0 710 7.4 15 0.506578947368421 0.500806451612903 33.5657807773711 3 0 0 
1 720 10.8 15 0.357404692082111 0.457258064516129 39.5656150355068 3 0 0 
0 720 7.4 15 0.429147465437788 0.493951612903226 41.0445376844174 3 0 0 
1 730 10.8 15 0.400345622119816 0.430645161290323 42.8964627202806 3 0 0 
0 730 7.4 15 0.403024193548387 0.527217741935484 43.6870671909264 3 0 0 
1 740 10.8 16 0.435931899641577 0.403225806451613 46.3713623361315 3 1 0 
0 740 7.4 15 0.482173174872666 0.505376344086022 47.6230308145357 3 -1 0 
1 750 10.8 16 0.369915848527349 0.451612903225806 38.6186102278138 3 1 0 
0 750 7.4 15 0.402180406212664 0.497311827956989 31.5374502408942 3 -1 0 
1 760 10.8 16 0.418817204301075 0.488709677419355 30.2114348158049 3 1 0 
0 760 7.4 15 0.407459677419355 0.491935483870968 32.1403173599764 3 -1 0 
1 770 10.8 16 0.46505376344086 0.537903225806452 30.8270925061582 3 1 0 
0 770 7.4 15 0.454133064516129 0.5 18.2482875908947 3 -1 0 
1 780 10.8 16 0.431307603686636 0.575806451612903 27.5052447347781 3 0 0 
0 780 7.4 16 0.410426267281106 0.348118279569892 46.8786146502729 3 0 0 
1 790 10.8 17 0.373991935483871 0.578225806451613 31.6842497211632 3 1 0 
0 790 7.4 16 0.433380084151473 0.353494623655914 37.9244342752781 3 -1 0 
1 800 10.8 17 0.491385630498534 0.561290322580645 29.6819503342824 3 1 0 
0 800 7.4 16 0.480539971949509 0.370967741935484 32.8180477038551 3 -1 0 
1 810 10.8 17 0.444403714565005 0.503225806451613 14.2875269934685 3 1 0 
0 810 7.4 16 0.386612903225806 0.401209677419355 28.9021946654666 3 -1 0 
1 820 10.8 17 0.458837365591398 0.444354838709677 31.8677292189878 3 1 0 
0 820 7.4 16 0.408531409168081 0.412634408602151 27.3592061652048 3 -1 0 
1 830 10.8 18 0.475496277915633 0.520967741935484 16.9983370868876 3 2 0 
0 830 7.4 16 0.427923387096774 0.338709677419355 10.1551744277982 3 -2 0 
1 840 10.8 18 0.439861751152074 0.605645161290323 7.2279038730867 3 2 0 
0 840 7.4 16 0.358870967741936 0.352150537634409 2.56475139225536 3 -2 0 
1 850 10.8 18 0.487719941348974 0.654838709677419 4.78850804173076 3 2 0 
0 850 7.4 16 0.360887096774194 0.294354838709677 6.40041648873532 3 -2 0 
1 860 10.8 18 0.524731182795699 0.606451612903226 22.120569713478 3 2 0 
0 860 7.4 16 0.435483870967742 0.263104838709677 17.7063236646086 3 -2 0 
1 870 10.8 18 0.479445318646735 0.609677419354839 23.4269407000333 3 2 0 
0 870 7.4 16 0.337158808933002 0.234677419354839 21.8721324958784 3 -2 0 
1 880 10.8 18 0.488709677419355 0.575806451612903 15.4509538199799 3 1 0 
0 880 7.4 17 0.36400293255132 0.287903225806452 21.5193584538774 3 -1 0 
1 890 10.8 18 0.559216589861751 0.571774193548387 11.2180046730511 3 1 0 
0 890 7.4 17 0.368087557603687 0.331989247311828 17.3907801088639 3 -1 0 
1 900 10.8 19 0.5084229390681 0.511290322580645 25.7001958570112 3 2 0 
0 900 7.4 17 0.335777126099707 0.37741935483871 7.65247744223635 3 -2 0 
1 910 10.8 19 0.550776583034648 0.451612903225806 32.1306426682456 3 2 0 
0 910 7.4 17 0.433064516129032 0.358870967741936 22.5725590679302 3 -2 0 
1 920 10.8 19 0.523220244716352 0.429032258064516 15.3732082133481 3 2 0 
0 920 7.4 17 0.435735887096774 0.403225806451613 34.4210068993362 3 -2 0 
1 930 10.8 19 0.425889877641824 0.42258064516129 16.4128376257231 3 2 0 
0 930 7.4 17 0.372673697270471 0.402217741935484 35.7812908850002 3 -2 0 
1 940 10.8 19 0.419578853046595 0.489516129032258 19.5629750265653 3 1 0 
0 940 7.4 18 0.384216589861751 0.387096774193548 35.6111527247795 3 -1 0 
1 950 10.8 19 0.488678660049628 0.567741935483871 16.9404213711629 3 1 0 
0 950 7.4 18 0.458254269449715 0.435483870967742 27.0325869683484 3 -1 0 
1 960 10.8 19 0.465668202764977 0.633870967741935 19.4537124799297 3 1 0 
0 960 7.4 18 0.409867172675522 0.397849462365591 31.390579184426 3 -1 0 
1 970 10.8 20 0.477822580645161 0.640322580645161 21.793498805813 3 2 0 
0 970 7.4 18 0.404953917050691 0.316532258064516 29.7804326842324 3 -2 0 
1 980 10.8 20 0.554958183990442 0.606451612903226 20.401112672201 3 2 0 
0 980 7.4 18 0.479502688172043 0.316532258064516 1.61940943316664 3 -2 0 
1 990 10.8 20 0.489537925021796 0.52258064516129 17.5254579702571 3 2 0 
0 990 7.4 18 0.375645161290323 0.368279569892473 6.41591519711326 3 -2 0 
1 1000 10.8 20 0.504330943847073 0.464516129032258 7.53180129076489 3 2 0 
0 1000 7.4 18 0.442396313364055 0.315524193548387 25.9877153673923 3 -2 0 
1 1010 10.8 20 0.486929922135706 0.504032258064516 16.8100571341448 3 2 0 
0 1010 7.4 18 0.441377171215881 0.384072580645161 25.4408833082565 3 -2 0 
1 1020 10.8 20 0.426344086021505 0.533870967741936 28.1916215511137 3 1 0 
0 1020 7.4 19 0.375848896434635 0.436491935483871 8.98597257898017 3 -1 0 
1 1030 10.8 20 0.425509337860781 0.55 34.3252540633704 3 1 0 
0 1030 7.4 19 0.40625 0.488911290322581 6.9112110301282 3 -1 0 
1 1040 10.8 20 0.495391705069124 0.517741935483871 31.7657272864071 3 1 0 
0 1040 7.4 19 0.435291858678955 0.510752688172043 7.98839826664813 3 -1 0 
1 1050 10.8 21 0.450146627565982 0.540322580645161 30.4551360990497 3 2 0 
0 1050 7.4 19 0.340619694397284 0.44758064516129 7.07106781186548 3 -2 0 
1 1060 10.8 21 0.477990591397849 0.581451612903226 26.4515860509513 3 2 0 
0 1060 7.4 19 0.342741935483871 NaN NaN 3 -2 0 
1 1070 10.8 21 0.535923753665689 0.664516129032258 25.3131250197416 3 2 0 
0 1070 7.4 19 0.41173835125448 NaN NaN 3 -2 0 
1 1080 10.8 21 0.471447253705318 0.653225806451613 25.896717400726 3 2 0 
0 1080 7.4 19 0.352822580645161 NaN NaN 3 -2 0 
1 1090 10.8 21 0.541129032258065 0.701612903225806 26.0190417310929 3 2 1 
0 1090 7.4 19 0.361895161290323 NaN NaN 2 -2 -1 
1 1100 10.8 21 0.623814041745731 0.730645161290323 21.3515583762787 3 2 1 
0 1100 7.4 19 0.369623655913979 NaN NaN 2 -2 -1 
1 1110 10.8 22 0.565188172043011 0.729838709677419 9.93277499028023 3 3 2 
0 1110 7.4 19 0.256598240469208 0.141129032258065 1.5 1 -3 -2 
1 1120 10.8 22 0.539247311827957 0.763709677419355 14.8861204034405 3 3 2 
0 1120 7.4 19 0.400921658986175 0.182459677419355 8.74161172179811 1 -3 -2 
1 1130 10.8 22 0.718637992831541 0.774193548387097 7.47236575822609 3 2 2 
0 1130 7.4 20 0.400921658986175 0.176411290322581 9.49836995015381 1 -2 -2 
1 1140 10.8 22 0.575268817204301 0.745967741935484 0 3 2 2 
0 1140 7.4 20 0.284867172675522 0.182258064516129 7.28404765613191 1 -2 -2 
