1 30 6.6 1 NaN 0.3125 23.0992596919256 3 0 0 
0 30 8.2 1 NaN 0.300806451612903 19.6922814089521 3 0 0 
1 40 6.6 1 NaN 0.350806451612903 37.008034877576 3 0 0 
0 40 8.2 1 NaN 0.312903225806452 23.6638626290824 3 0 0 
1 50 6.6 1 0.383064516129032 0.353225806451613 39.011943818828 3 0 0 
0 50 8.2 1 0.383064516129032 0.364516129032258 28.7834543439482 3 0 0 
1 60 6.6 1 0.375 0.433064516129032 41.863207348598 3 0 0 
0 60 8.2 1 0.375 0.471774193548387 30.3648408662744 3 0 0 
1 70 6.6 1 0.374596774193548 0.488709677419355 28.31209347918 3 0 0 
0 70 8.2 1 0.374596774193548 0.473790322580645 27.9798662812638 3 0 0 
1 80 6.6 1 0.485887096774194 0.562096774193548 24.2006357410286 3 0 0 
0 80 8.2 1 0.462779156327543 0.384072580645161 41.8484282371063 3 0 0 
1 90 6.6 1 0.402140198511166 0.554838709677419 25.4096611370741 3 0 0 
0 90 8.2 1 0.409408602150538 0.363911290322581 34.400093513796 3 0 0 
1 100 6.6 2 0.415322580645161 0.520161290322581 29.8383809905893 3 1 0 
0 100 8.2 1 0.426290322580645 0.385483870967742 36.3383739580301 3 -1 0 
1 110 6.6 2 0.472684703433923 0.486290322580645 35.1303514404922 3 1 0 
0 110 8.2 1 0.464093701996928 0.450806451612903 31.2216296861426 3 -1 0 
1 120 6.6 2 0.446029776674938 0.493548387096774 37.3262643486921 3 0 0 
0 120 8.2 2 0.407119021134594 0.476612903225806 23.9057833219706 3 0 0 
1 130 6.6 3 0.427785923753666 0.517741935483871 44.5536509079566 3 1 0 
0 130 8.2 2 0.415673211781206 0.487903225806452 21.3589779575648 3 -1 0 
1 140 6.6 3 0.491935483870968 0.471774193548387 43.0027461062581 3 1 0 
0 140 8.2 2 0.476332398316971 0.423387096774194 36.3724200400864 3 -1 0 
1 150 6.6 4 0.426411290322581 0.491129032258064 40.7401214962913 3 2 0 
0 150 8.2 2 0.392990074441687 0.422379032258065 31.122696506586 3 -2 0 
1 160 6.6 4 0.405145929339478 0.483064516129032 38.0032365204767 3 1 0 
0 160 8.2 3 0.380241935483871 0.477822580645161 17.3445211836186 3 -1 0 
1 170 6.6 4 0.501920122887865 0.481854838709677 31.9583191311761 3 1 0 
0 170 8.2 3 0.470622119815668 0.47741935483871 10.7057433602375 3 -1 0 
1 180 6.6 5 0.407258064516129 0.467741935483871 26.094552152249 3 1 0 
0 180 8.2 4 0.389112903225806 0.523387096774194 16.6608738673254 3 -1 0 
1 190 6.6 5 0.41179435483871 0.305443548387097 41.3937707784735 3 1 0 
0 190 8.2 4 0.374596774193548 0.516935483870968 5.77772529533472 3 -1 0 
1 200 6.6 5 0.475389321468298 0.357258064516129 27.1745372333904 3 1 0 
0 200 8.2 4 0.446051167964405 0.533870967741936 17.895892603554 3 -1 0 
1 210 6.6 5 0.405385944700461 0.42258064516129 25.2384863371096 3 0 0 
0 210 8.2 5 0.425284629981025 0.494959677419355 20.8385162672311 3 0 0 
1 220 6.6 6 0.414095371669004 0.436290322580645 48.1144468899702 3 1 0 
0 220 8.2 5 0.453420467185762 0.483870967741936 28.6986640049428 3 -1 0 
1 230 6.6 6 0.462307152875175 0.493548387096774 45.9956077945563 3 1 0 
0 230 8.2 5 0.469302809573361 0.397177419354839 44.3158113977411 3 -1 0 
1 240 6.6 6 0.437741935483871 0.50241935483871 44.3130413489843 3 1 0 
0 240 8.2 5 0.419224765868887 0.382258064516129 48.1695878170871 3 -1 0 
1 250 6.6 6 0.440042075736325 0.513709677419355 36.5151126094587 3 0 0 
0 250 8.2 6 0.430241935483871 0.391935483870968 35.8608172153431 3 0 0 
1 260 6.6 7 0.494556451612903 0.492741935483871 34.9721050330895 3 1 0 
0 260 8.2 6 0.441426146010187 0.457661290322581 49.3757124691276 3 -1 0 
1 270 6.6 7 0.411589008363202 0.445161290322581 35.6947314766263 3 1 0 
0 270 8.2 6 0.389193548387097 0.506720430107527 47.4533979550314 3 -1 0 
1 280 6.6 7 0.432096774193548 0.429838709677419 50.4908410953768 3 1 0 
0 280 8.2 6 0.390704584040747 0.440524193548387 62.6082573210448 3 -1 0 
1 290 6.6 8 0.477258064516129 0.482258064516129 42.8903689148157 3 2 0 
0 290 8.2 6 0.449500768049155 0.408266129032258 45.7071772665476 3 -2 0 
1 300 6.6 8 0.42925219941349 0.483064516129032 35.0864933962981 3 2 0 
0 300 8.2 6 0.400201612903226 0.247983870967742 37.9637985454564 3 -2 0 
1 310 6.6 8 0.436827956989247 0.515322580645161 32.9571431965147 3 2 0 
0 310 8.2 6 0.399376832844575 0.409274193548387 18.3983694929741 3 -2 0 
1 320 6.6 9 0.537130376344086 0.529838709677419 40.4935811238404 3 3 0 
0 320 8.2 6 0.445208728652751 0.278225806451613 44.4069177370268 3 -3 0 
1 330 6.6 9 0.471438172043011 0.494354838709677 28.4428285628135 3 2 0 
0 330 8.2 7 0.41882889200561 0.376612903225806 45.0661202598674 3 -2 0 
1 340 6.6 9 0.470843672456576 0.486290322580645 24.6754984567447 3 2 0 
0 340 8.2 7 0.478718637992832 0.425403225806452 21.9813063129054 3 -2 0 
1 350 6.6 9 0.545074884792627 0.486895161290323 7.02819143778315 3 2 0 
0 350 8.2 7 0.470362903225806 0.478494623655914 5.02625184428858 3 -2 0 
1 360 6.6 9 0.437986651835373 0.48991935483871 7.36684970515372 3 2 0 
0 360 8.2 7 0.422456575682382 0.402217741935484 44.898998128999 3 -2 0 
1 370 6.6 10 0.375948766603416 0.527217741935484 5.43674033702558 3 3 0 
0 370 8.2 7 0.422939068100358 0.342741935483871 38.2946156222132 3 -3 0 
1 380 6.6 10 0.516654978962132 0.445161290322581 42.3906416324133 3 3 0 
0 380 8.2 7 0.433870967741935 0.360215053763441 40.0448153268338 3 -3 0 
1 390 6.6 10 0.454604578563996 0.467741935483871 28.7193775458146 3 3 0 
0 390 8.2 7 0.398673257023933 0.354838709677419 37.291529816577 3 -3 0 
1 400 6.6 10 0.436059907834101 0.424193548387097 24.4163651127589 3 2 0 
0 400 8.2 8 0.423387096774194 0.268145161290323 37.767129985703 3 -2 0 
1 410 6.6 11 0.451108870967742 0.441129032258065 21.9342791025274 3 3 0 
0 410 8.2 8 0.426129032258065 0.329838709677419 44.513920151101 3 -3 0 
1 420 6.6 11 0.479838709677419 0.52258064516129 14.9765596447187 3 3 0 
0 420 8.2 8 0.387280058651026 0.395161290322581 37.3346154432694 3 -3 0 
1 430 6.6 11 0.459341397849462 0.568548387096774 13.934174370135 3 3 0 
0 430 8.2 8 0.438709677419355 0.412298387096774 31.1848854711402 3 -3 0 
1 440 6.6 11 0.475604838709677 0.57258064516129 10.858180781908 3 3 0 
0 440 8.2 8 0.437434963579605 0.413709677419355 34.5052085133217 3 -3 0 
1 450 6.6 11 0.451612903225806 0.539516129032258 4.62351786776636 3 2 0 
0 450 8.2 9 0.42189366786141 0.399193548387097 35.9099335790723 3 -2 0 
1 460 6.6 11 0.43475073313783 0.549193548387097 18.3892353079199 3 2 0 
0 460 8.2 9 0.424283154121864 0.413306451612903 29.2590602735263 3 -2 0 
1 470 6.6 11 0.450127334465195 0.489516129032258 20.1624998846054 3 2 0 
0 470 8.2 9 0.457478005865103 0.4 39.4124471038547 3 -2 0 
1 480 6.6 12 0.426075268817204 0.512903225806452 20.5635143552519 3 3 0 
0 480 8.2 9 0.424880525686977 0.420161290322581 24.9639206082226 3 -3 0 
1 490 6.6 12 0.425179211469534 0.518548387096774 19.4358259568708 3 3 0 
0 490 8.2 9 0.40070564516129 0.436290322580645 11.3780253183748 3 -3 0 
1 500 6.6 12 0.463839750260146 0.5 12.7104853103721 3 3 0 
0 500 8.2 9 0.440776209677419 0.431451612903226 1.72618420791831 3 -3 0 
1 510 6.6 12 0.458602150537634 0.519354838709677 4.39436200871209 3 3 0 
0 510 8.2 9 0.375672043010753 0.441532258064516 3.35410196624968 3 -3 0 
1 520 6.6 12 0.470280764635603 0.549395161290323 4.66503209983693 3 2 0 
0 520 8.2 10 0.386180351906158 0.288306451612903 33.3241654059033 3 -2 0 
1 530 6.6 13 0.543548387096774 0.559475806451613 17.5150461729851 3 3 0 
0 530 8.2 10 0.420430107526882 0.241935483870968 24.1290582862092 3 -3 0 
1 540 6.6 13 0.495564516129032 0.513104838709677 52.4671742657476 3 3 0 
0 540 8.2 10 0.350169779286927 0.338709677419355 26.2736245553388 3 -3 0 
1 550 6.6 13 0.438620071684588 0.421774193548387 72.2774346134734 3 2 0 
0 550 8.2 11 0.388248847926267 0.374193548387097 36.2649627967454 3 -2 0 
1 560 6.6 13 0.522849462365591 0.42741935483871 71.3096848265364 3 2 0 
0 560 8.2 11 0.429339477726575 0.4 49.3296427569941 3 -2 0 
1 570 6.6 14 0.443429791271347 0.47741935483871 63.402811580095 3 3 0 
0 570 8.2 11 0.4044477028348 0.460685483870968 47.1571602990896 3 -3 0 
1 580 6.6 14 0.375201612903226 0.451612903225806 55.2796938348352 3 2 0 
0 580 8.2 12 0.420650921658986 0.518145161290323 64.8255733775609 3 -2 0 
1 590 6.6 14 0.438330170777989 0.474462365591398 53.4157425966938 3 2 0 
0 590 8.2 12 0.479838709677419 0.436491935483871 64.4635743720925 3 -2 0 
1 600 6.6 14 0.431451612903226 0.404569892473118 45.8935146133232 3 2 0 
0 600 8.2 12 0.425268817204301 0.507056451612903 50.2595260520934 3 -2 0 
1 610 6.6 14 0.412634408602151 0.36491935483871 43.2624421986481 3 2 0 
0 610 8.2 12 0.39885752688172 0.469758064516129 35.8177967132008 3 -2 0 
1 620 6.6 14 0.485887096774194 0.285483870967742 41.6858815878483 3 2 0 
0 620 8.2 12 0.455477150537634 0.423387096774194 36.2569994612787 3 -2 0 
1 630 6.6 15 0.401583034647551 0.340322580645161 23.2810607255974 3 3 0 
0 630 8.2 12 0.434232480533927 0.457258064516129 26.227639548157 3 -3 0 
1 640 6.6 15 0.391801075268817 0.40241935483871 10.2808732319825 3 3 0 
0 640 8.2 12 0.423387096774194 0.47258064516129 35.055950060546 3 -3 0 
1 650 6.6 15 0.443380376344086 0.401612903225806 19.6480896991905 3 2 0 
0 650 8.2 13 0.483870967741936 0.442741935483871 24.4095880821961 3 -2 0 
1 660 6.6 15 0.417482718894009 0.413709677419355 17.3622606658706 3 2 0 
0 660 8.2 13 0.45258064516129 0.474193548387097 14.9359736400175 3 -2 0 
1 670 6.6 15 0.387992831541219 0.487096774193548 18.6963155254063 3 2 0 
0 670 8.2 13 0.405721966205837 0.547379032258065 13.307306468034 3 -2 0 
1 680 6.6 16 0.459677419354839 0.545161290322581 26.8798593447735 3 3 0 
0 680 8.2 13 0.459389400921659 0.492943548387097 26.8197983557331 3 -3 0 
1 690 6.6 16 0.439814814814815 0.525201612903226 33.1519135772338 3 3 0 
0 690 8.2 13 0.427016129032258 0.47883064516129 14.3901862168735 3 -3 0 
1 700 6.6 16 0.482630272952854 0.577620967741936 20.0398641656403 3 2 0 
0 700 8.2 14 0.411290322580645 0.392137096774194 32.1274170124876 3 -2 0 
1 710 6.6 16 0.602066532258065 0.509072580645161 19.211988184306 3 2 0 
0 710 8.2 14 0.493796526054591 0.471774193548387 14.2719281978577 3 -2 0 
1 720 6.6 16 0.521774193548387 0.467741935483871 4.93614085883683 3 2 0 
0 720 8.2 14 0.422091013824885 0.483870967741936 11.7784919373008 3 -2 0 
1 730 6.6 16 0.547177419354839 0.532258064516129 2.82780152206816 3 2 0 
0 730 8.2 14 0.503360215053763 0.448588709677419 4.32705811048494 3 -2 0 
1 740 6.6 16 0.621517595307918 0.443548387096774 31.4895744942721 3 2 0 
0 740 8.2 14 0.530058651026393 0.337096774193548 21.2102511396367 3 -2 0 
1 750 6.6 16 0.450940860215054 0.448387096774194 22.3463658754361 3 2 0 
0 750 8.2 14 0.454435483870968 0.373387096774194 33.4721221254901 3 -2 0 
1 760 6.6 17 0.478225806451613 0.464516129032258 24.2699964366065 3 2 0 
0 760 8.2 15 0.483870967741936 0.370161290322581 28.5074713166101 3 -2 0 
1 770 6.6 17 0.531586021505376 0.437903225806452 23.5993547659801 3 2 0 
0 770 8.2 15 0.493279569892473 0.362096774193548 35.6537145185233 3 -2 0 
1 780 6.6 17 0.430366004962779 0.44758064516129 23.0005905422703 3 2 0 
0 780 8.2 15 0.427545362903226 0.416935483870968 26.8904262786384 3 -2 0 
1 790 6.6 17 0.417086693548387 0.470161290322581 27.4627821163836 3 2 0 
0 790 8.2 15 0.46415770609319 0.437096774193548 30.0325851421111 3 -2 0 
1 800 6.6 17 0.456653225806452 0.588709677419355 10.8888270234404 3 2 0 
0 800 8.2 15 0.496898263027295 0.361290322580645 15.1280185508882 3 -2 0 
1 810 6.6 17 0.367172675521822 0.65 9.18312092416465 3 2 0 
0 810 8.2 15 0.420576735092864 0.280645161290323 5.51060977306772 3 -2 0 
1 820 6.6 17 0.383225806451613 0.551612903225806 7.66600985153869 3 2 0 
0 820 8.2 15 0.42189366786141 0.357258064516129 28.7858085379631 3 -2 0 
1 830 6.6 17 0.430443548387097 0.504032258064516 6.17563935497807 3 2 0 
0 830 8.2 15 0.495799731182796 0.396505376344086 32.1139438333404 3 -2 0 
1 840 6.6 17 0.422091013824885 0.523387096774194 7.17992412621914 3 2 0 
0 840 8.2 15 0.444124423963134 0.44489247311828 11.21122775542 3 -2 0 
1 850 6.6 18 0.444239631336406 0.520967741935484 5.36261005403495 3 3 0 
0 850 8.2 15 0.433131720430108 0.425403225806452 6.57647321898295 3 -3 0 
1 860 6.6 18 0.518070489844683 0.609677419354839 6.82926173559379 3 3 0 
0 860 8.2 15 0.50554435483871 0.3125 5.31507290636733 3 -3 0 
1 870 6.6 18 0.490975422427035 0.559677419354839 19.7937078620659 3 2 0 
0 870 8.2 16 0.414426523297491 0.268817204301075 28.1527111160335 3 -2 0 
1 880 6.6 18 0.423709677419355 0.516129032258065 3.67977813572986 3 2 0 
0 880 8.2 16 0.39336917562724 0.290322580645161 31.8617994372036 3 -2 0 
1 890 6.6 18 0.464717741935484 0.488709677419355 5.69749563985646 3 2 0 
0 890 8.2 16 0.432678821879383 0.324193548387097 31.3618676709441 3 -2 0 
1 900 6.6 18 0.436134235171696 0.508064516129032 11.2655947416256 3 2 0 
0 900 8.2 16 0.420506912442396 0.400201612903226 35.9721262963146 3 -2 0 
1 910 6.6 18 0.428763440860215 0.526612903225806 25.7494745945733 3 2 0 
0 910 8.2 16 0.406048387096774 0.452620967741936 16.4880991303219 3 -2 0 
1 920 6.6 19 0.503528225806452 0.504838709677419 30.5312678617054 3 3 0 
0 920 8.2 16 0.437096774193548 0.388440860215054 29.6067934845786 3 -3 0 
1 930 6.6 19 0.487625139043382 0.493548387096774 28.1311815206274 3 3 3 
0 930 8.2 16 0.402675953079179 0.297043010752688 22.2764085786578 0 -3 -3 
1 940 6.6 20 0.536612903225806 0.524193548387097 29.028705469672 3 4 3 
0 940 8.2 16 0.384962049335863 0.21505376344086 5.37483055094839 0 -4 -3 
1 950 6.6 20 0.555967741935484 0.554032258064516 42.1325739619033 3 4 3 
0 950 8.2 16 0.435173697270472 0.209677419354839 5.26761480252681 0 -4 -3 
1 960 6.6 20 0.640322580645161 0.545362903225806 46.7699239163635 3 4 3 
0 960 8.2 16 0.344086021505376 0.209677419354839 3.39902892021933 0 -4 -3 
