1 30 7 1 NaN 0.268145161290323 15.6607889203247 2 0 0 
0 30 7.8 1 NaN 0.263104838709677 10.3461986008879 2 0 0 
1 40 7 1 NaN 0.301411290322581 19.9350581008978 2 0 0 
0 40 7.8 1 NaN 0.306451612903226 20.8850419503522 2 0 0 
1 50 7 1 0.383064516129032 0.357862903225806 18.7471163893004 2 0 0 
0 50 7.8 1 NaN 0.351612903225806 23.7840208498035 2 0 0 
1 60 7 1 0.383064516129032 0.485483870967742 38.4567336159406 2 0 0 
0 60 7.8 1 0.383064516129032 0.468548387096774 34.1431055626014 2 0 0 
1 70 7 1 0.398617511520737 0.486290322580645 39.7621844292277 2 0 0 
0 70 7.8 1 0.383064516129032 0.482862903225806 29.7129470126565 2 0 0 
1 80 7 1 0.472926267281106 0.480645161290323 39.3779190471453 2 0 0 
0 80 7.8 1 0.48717008797654 0.458870967741935 37.8093513220147 2 0 0 
1 90 7 1 0.413306451612903 0.439516129032258 40.7337587538186 2 0 0 
0 90 7.8 1 0.383064516129032 0.482258064516129 37.5505018963642 2 0 0 
1 100 7 1 0.398521505376344 0.458064516129032 39.9142803618089 2 0 0 
0 100 7.8 1 0.404089861751152 0.469354838709677 37.1142430111604 2 0 0 
1 110 7 2 0.457085253456221 0.483870967741936 38.6134654890025 2 0 0 
0 110 7.8 2 0.487903225806452 0.462903225806452 35.4125746768974 2 0 0 
1 120 7 2 0.400957661290323 0.483064516129032 40.1688280280647 2 0 0 
0 120 7.8 2 0.400453629032258 0.483870967741936 29.6573791475499 2 0 0 
1 130 7 2 0.420218894009217 0.483870967741936 39.5833487080982 2 0 0 
0 130 7.8 2 0.389688940092166 0.407258064516129 35.7184953149185 2 0 0 
1 140 7 2 0.488213399503722 0.495161290322581 35.3751892631126 2 0 0 
0 140 7.8 2 0.486803519061584 0.436290322580645 40.3171584155516 2 0 0 
1 150 7 3 0.402217741935484 0.470967741935484 34.6594433319771 2 1 0 
0 150 7.8 2 0.408444022770398 0.455645161290323 29.7199886512425 2 -1 0 
1 160 7 3 0.395161290322581 0.404838709677419 29.842341470774 2 0 0 
0 160 7.8 3 0.383064516129032 0.464516129032258 21.5060370428729 2 0 0 
1 170 7 3 0.48963133640553 0.457258064516129 10.0518773654625 2 0 0 
0 170 7.8 3 0.474565756823821 0.469758064516129 19.4996943575756 2 0 0 
1 180 7 3 0.383064516129032 0.5 7.04245061323544 2 0 0 
0 180 7.8 3 0.423387096774194 0.504032258064516 22.5817523611606 2 0 0 
1 190 7 3 0.383064516129032 0.474798387096774 11.3318908356309 2 -1 0 
0 190 7.8 4 0.41383701188455 0.388709677419355 33.7758432411978 2 1 0 
1 200 7 4 0.478372434017595 0.403225806451613 33.399174242906 2 0 0 
0 200 7.8 4 0.48636712749616 0.367741935483871 33.5553739640849 2 0 0 
1 210 7 4 0.383064516129032 0.420161290322581 16.788892260107 2 0 0 
0 210 7.8 4 0.454249379652605 0.434677419354839 18.1100132285818 2 0 0 
1 220 7 4 0.383995037220844 0.444354838709677 14.7106768415803 2 0 0 
0 220 7.8 4 0.404776674937965 0.42258064516129 15.6172010441676 2 0 0 
1 230 7 5 0.431925996204934 0.449193548387097 30.39828570725 2 1 0 
0 230 7.8 4 0.483618951612903 0.416129032258065 29.8555433180661 2 -1 0 
1 240 7 5 0.420161290322581 0.517741935483871 27.3059839531158 2 0 0 
0 240 7.8 5 0.391129032258065 0.429838709677419 28.9619079948819 2 0 0 
1 250 7 5 0.450879765395894 0.542741935483871 27.5688165424705 2 0 0 
0 250 7.8 5 0.3915770609319 0.400806451612903 25.5537336114679 2 0 0 
1 260 7 6 0.519657258064516 0.566935483870968 27.0292950837189 2 1 0 
0 260 7.8 5 0.370967741935484 0.395967741935484 25.4073629266923 2 -1 0 
1 270 7 6 0.383064516129032 0.570967741935484 27.2665569037972 2 0 0 
0 270 7.8 6 0.38182382133995 0.412903225806452 25.0264445811414 2 0 0 
1 280 7 6 0.412730414746544 0.500806451612903 31.5299087718675 2 0 0 
0 280 7.8 6 0.389296187683284 0.371774193548387 28.1086560860959 2 0 0 
1 290 7 6 0.490207373271889 0.487903225806452 26.5491349789461 2 0 0 
0 290 7.8 6 0.481451612903226 0.408064516129032 29.825680714493 2 0 0 
1 300 7 6 0.44815668202765 0.437903225806452 29.0837492822058 2 0 0 
0 300 7.8 6 0.383064516129032 0.445161290322581 28.3421656992655 2 0 0 
1 310 7 7 0.383995037220844 0.419354838709677 39.3747292774862 2 1 0 
0 310 7.8 6 0.383064516129032 0.370161290322581 26.8365092542088 2 -1 0 
1 320 7 7 0.46831797235023 0.410282258064516 36.3840105028581 2 1 0 
0 320 7.8 6 0.479528535980149 0.369354838709677 27.1649348692201 2 -1 0 
1 330 7 7 0.422962648556876 0.465725806451613 31.8455136386696 2 0 0 
0 330 7.8 7 0.413810483870968 0.345766129032258 35.9077971476036 2 0 0 
1 340 7 7 0.452688172043011 0.520161290322581 26.292264434793 2 0 0 
0 340 7.8 7 0.389400921658986 0.365322580645161 30.9921620392788 2 0 0 
1 350 7 7 0.517679900744417 0.538709677419355 25.9488373007674 2 0 0 
0 350 7.8 7 0.453225806451613 0.400806451612903 37.1402006439844 2 0 0 
1 360 7 8 0.383064516129032 0.5 23.1256718307129 2 1 0 
0 360 7.8 7 0.392741935483871 0.454032258064516 39.0361735146482 2 -1 0 
1 370 7 8 0.383064516129032 0.462096774193548 21.2519009009231 2 1 0 
0 370 7.8 7 0.383064516129032 0.460483870967742 28.2161257504852 2 -1 0 
1 380 7 8 0.488213399503722 0.476612903225806 18.642634284513 2 1 0 
0 380 7.8 7 0.486175115207373 0.450806451612903 18.3888343716556 2 -1 0 
1 390 7 8 0.400853889943074 0.476612903225806 11.121517700898 2 1 0 
0 390 7.8 7 0.426367461430575 0.431451612903226 19.1569734568638 2 -1 0 
1 400 7 8 0.383064516129032 0.483870967741936 7.92340419799542 2 1 0 
0 400 7.8 7 0.40488614800759 0.426612903225806 18.6804259058597 2 -1 0 
1 410 7 8 0.472782258064516 0.512903225806452 3.28457148087313 2 0 0 
0 410 7.8 8 0.49260752688172 0.480645161290323 12.6160682877886 2 0 0 
1 420 7 8 0.397681451612903 0.493548387096774 23.568011881915 2 0 0 
0 420 7.8 8 0.441715542521994 0.400806451612903 27.13479159607 2 0 0 
1 430 7 9 0.383064516129032 0.498991935483871 34.1740965508589 2 1 0 
0 430 7.8 8 0.410714285714286 0.391935483870968 34.3400740031476 2 -1 0 
1 440 7 9 0.509216589861751 0.506048387096774 27.7792780024641 2 1 0 
0 440 7.8 8 0.470967741935484 0.384677419354839 35.8162391311159 2 -1 0 
1 450 7 9 0.448588709677419 0.588709677419355 36.3019426573599 2 0 0 
0 450 7.8 9 0.37258064516129 0.369354838709677 37.1768431347187 2 0 0 
1 460 7 10 0.428859447004608 0.59758064516129 36.8875828054614 2 1 0 
0 460 7.8 9 0.377688172043011 0.366935483870968 37.7462130966033 2 -1 0 
1 470 7 10 0.574820788530466 0.583064516129032 31.1334114550338 2 1 0 
0 470 7.8 9 0.351702508960573 0.345161290322581 30.5317201184158 2 -1 0 
1 480 7 10 0.441426146010187 0.615322580645161 24.4706336620045 2 1 0 
0 480 7.8 9 0.34389400921659 0.337096774193548 29.0449972743006 2 -1 0 
1 490 7 10 0.411290322580645 0.616935483870968 20.0046395433493 2 1 0 
0 490 7.8 9 0.370967741935484 0.345161290322581 36.5989876735285 2 -1 0 
1 500 7 10 0.526985111662531 0.518548387096774 9.57596508429264 2 1 0 
0 500 7.8 9 0.483294930875576 0.382258064516129 47.0735978725878 2 -1 0 
1 510 7 10 0.430602716468591 0.467741935483871 13.5069457517676 2 0 0 
0 510 7.8 10 0.415098566308244 0.403225806451613 47.8502327846986 2 0 0 
1 520 7 10 0.417626728110599 0.409677419354839 8.34969279225699 2 0 0 
0 520 7.8 10 0.39602534562212 0.404032258064516 40.3680790960177 2 0 0 
1 530 7 11 0.498487903225806 0.381451612903226 7.39465943050716 2 1 0 
0 530 7.8 10 0.479032258064516 0.423387096774194 36.926559094328 2 -1 0 
1 540 7 11 0.416982922201138 0.470967741935484 37.4979821993563 2 1 0 
0 540 7.8 10 0.39758064516129 0.475 33.4193680924566 2 -1 0 
1 550 7 11 0.432963709677419 0.521774193548387 41.2412966280077 2 1 0 
0 550 7.8 10 0.391532258064516 0.450806451612903 24.2324007069211 2 -1 0 
1 560 7 11 0.622983870967742 0.596774193548387 32.8138711022859 2 0 0 
0 560 7.8 11 0.298387096774194 0.407258064516129 11.5701361084149 2 0 0 
1 570 7 11 0.491004962779156 0.630376344086021 19.6732329982698 2 0 0 
0 570 7.8 11 0.331653225806452 0.360215053763441 6.58774809300328 2 0 0 
1 580 7 12 0.383064516129032 0.641129032258065 19.2012494662059 2 1 0 
0 580 7.8 11 0.337701612903226 0.382056451612903 10.2904027893396 2 -1 0 
1 590 7 12 0.616935483870968 0.526881720430108 13.5481849244716 2 1 0 
0 590 7.8 11 0.337701612903226 0.493951612903226 4.30116263352131 2 -1 0 
1 600 7 12 0.5 0.397177419354839 36.8208417850217 2 1 0 
0 600 7.8 11 0.30241935483871 0.298387096774194 39.5008291903436 2 -1 0 
1 610 7 12 0.491167434715822 0.538709677419355 15.3072990030489 2 1 0 
0 610 7.8 11 0.329301075268817 0.375 0 2 -1 0 
1 620 7 12 0.633512544802867 0.583064516129032 23.5536211812175 2 1 0 
0 620 7.8 11 0.329301075268817 0.217741935483871 23.9635139326435 2 -1 0 
1 630 7 12 0.501296082949309 0.486895161290323 21.2775087907905 2 0 0 
0 630 7.8 12 0.304554079696395 0.248655913978495 20.8787438304058 2 0 0 
1 640 7 13 0.383064516129032 0.463709677419355 15.8655166557913 2 1 0 
0 640 7.8 12 0.391381048387097 0.299395161290323 24.3860426202761 2 -1 0 
1 650 7 13 NaN 0.466935483870968 13.0703300328285 2 1 0 
0 650 7.8 12 0.391381048387097 0.388104838709677 19.0619330677428 2 -1 0 
1 660 7 13 0.453262463343108 0.541129032258065 5.09766944357722 2 1 0 
0 660 7.8 12 0.391129032258065 0.429032258064516 5.32157099245294 2 -1 0 
1 670 7 13 0.383064516129032 0.51747311827957 8.52676167065978 2 1 0 
0 670 7.8 12 0.408218125960061 0.40625 8.81461002097973 2 -1 0 
1 680 7 13 0.501152073732719 0.532258064516129 0 2 0 0 
0 680 7.8 13 0.438940092165899 0.460685483870968 4.48122685129715 2 0 0 
1 690 7 13 0.394489247311828 0.443548387096774 0 2 0 0 
0 690 7.8 13 0.435987903225806 0.535282258064516 3.98784268764458 2 0 0 
1 700 7 13 0.383064516129032 0.288306451612903 30.6471858414439 2 0 0 
0 700 7.8 13 0.455645161290323 0.542338709677419 4.63505926540828 2 0 0 
1 710 7 13 0.449820788530466 0.20866935483871 25.5135085057801 2 0 0 
0 710 7.8 13 0.525042444821732 0.549395161290323 2.77183984746445 2 0 0 
1 720 7 13 0.383064516129032 0.321774193548387 22.5197464053667 2 -1 0 
0 720 7.8 14 0.472782258064516 0.5625 2.62084907435836 2 1 0 
1 730 7 13 0.383064516129032 0.404838709677419 21.3694129726344 2 -1 0 
0 730 7.8 14 0.40625 0.464717741935484 3.87099776238107 2 1 0 
1 740 7 13 0.474654377880184 0.458870967741936 16.5586330817219 2 -1 0 
0 740 7.8 14 0.50031017369727 0.398185483870968 26.2326709149286 2 1 0 
1 750 7 14 0.383064516129032 0.410483870967742 4.00385406817375 2 0 0 
0 750 7.8 14 0.432724957555178 0.492943548387097 11.0948851303 2 0 0 
1 760 7 14 0.383064516129032 0.391129032258065 3.64412280563537 2 0 0 
0 760 7.8 14 0.383064516129032 0.559475806451613 4.44926536536139 2 0 0 
1 770 7 14 0.450100806451613 0.399193548387097 6.84713054710501 2 0 0 
0 770 7.8 14 0.534274193548387 0.483870967741936 3.31369023952813 2 0 0 
1 780 7 14 0.382133995037221 0.42741935483871 25.8487045732074 2 -1 0 
0 780 7.8 15 0.42402376910017 0.373991935483871 12.5866025882479 2 1 0 
1 790 7 14 0.383064516129032 0.473790322580645 41.5267701501135 2 -1 0 
0 790 7.8 15 0.383064516129032 0.323588709677419 22.7031784425625 2 1 0 
1 800 7 14 0.497695852534562 0.441935483870968 58.3618849362896 2 -1 0 
0 800 7.8 15 0.482974910394265 0.318548387096774 21.6015576265401 2 1 0 
1 810 7 15 0.457829301075269 0.442741935483871 44.2776471812972 2 0 0 
0 810 7.8 15 0.402329749103943 0.387096774193548 20.8031911727652 2 0 0 
1 820 7 15 0.395161290322581 0.439516129032258 39.7455132239259 2 0 0 
0 820 7.8 15 0.383995037220844 0.494959677419355 7.67986023020666 2 0 0 
1 830 7 15 0.543621700879765 0.442741935483871 31.5201037365497 2 0 0 
0 830 7.8 15 0.388824884792627 0.490927419354839 3.84285409010608 2 0 0 
1 840 7 15 0.456854838709677 0.409677419354839 19.2399481462237 2 0 0 
0 840 7.8 15 0.369815668202765 0.51008064516129 6.06429137195166 2 0 0 
1 850 7 15 0.383064516129032 0.413306451612903 6.67083203206317 2 -1 0 
0 850 7.8 16 0.382728494623656 0.615927419354839 4.97062393835034 2 1 0 
1 860 7 15 0.45497311827957 0.407258064516129 5.02493781056045 2 -1 0 
0 860 7.8 16 0.436217008797654 0.585685483870968 6.80510845654252 2 1 0 
1 870 7 15 0.419117647058824 0.399193548387097 3.20156211871642 2 -1 0 
0 870 7.8 16 0.419162826420891 0.544354838709677 6.91473074872004 2 1 0 
1 880 7 15 0.383064516129032 0.42741935483871 12.5 2 -1 0 
0 880 7.8 16 0.397177419354839 0.537298387096774 3.39241572745432 2 1 0 
1 890 7 15 0.498138957816377 0.246774193548387 33.8046585988381 2 -1 0 
0 890 7.8 16 0.47741935483871 0.455645161290323 2.82233975755129 2 1 0 
1 900 7 15 0.383064516129032 0.369354838709677 26.4697743698212 2 -2 0 
0 900 7.8 17 0.426075268817204 0.42741935483871 6.57810380911737 2 2 0 
1 910 7 16 0.383064516129032 0.433870967741935 13.9225483423048 2 -1 0 
0 910 7.8 17 0.40607210626186 0.459677419354839 24.1193232585699 2 1 0 
1 920 7 16 0.468982630272953 0.430645161290323 8.8216859969724 2 -1 0 
0 920 7.8 17 0.505796370967742 0.475806451612903 14.8912457410461 2 1 0 
1 930 7 16 0.376344086021505 0.382258064516129 9.21180286937967 2 -1 0 
0 930 7.8 17 0.446620583717358 0.550403225806452 7.66311896062463 2 1 0 
1 940 7 16 0.383064516129032 0.396774193548387 8.22545243321051 2 -1 0 
0 940 7.8 17 0.383064516129032 0.580645161290323 2.21676051329096 2 1 0 
1 950 7 16 0.401612903225806 0.424193548387097 4.88420244269475 2 -1 0 
0 950 7.8 17 0.596774193548387 0.545362903225806 5.70888321752132 2 1 0 
1 960 7 16 0.300403225806452 0.362096774193548 17.8391365606103 2 -2 0 
0 960 7.8 18 0.502085650723026 0.54133064516129 16.7626579087977 2 2 0 
1 970 7 16 0.342741935483871 0.292741935483871 9.06085846498322 2 -2 0 
0 970 7.8 18 0.46505376344086 0.560483870967742 12.5817206310022 2 2 0 
1 980 7 17 0.352822580645161 0.289516129032258 8.73706641541595 2 -1 0 
0 980 7.8 18 0.617540322580645 0.491935483870968 22.5690245334738 2 1 0 
1 990 7 17 0.319124423963134 0.329637096774194 7.6845665206072 2 -1 0 
0 990 7.8 18 0.501642771804062 0.397177419354839 57.3495235998083 2 1 0 
1 1000 7 17 0.402492668621701 0.309677419354839 29.5669857227896 2 -1 0 
0 1000 7.8 18 0.418598790322581 0.459677419354839 55.5311996001211 2 1 0 
1 1010 7 17 0.407991202346041 0.426612903225806 40.4406134988472 2 -1 0 
0 1010 7.8 18 0.561491935483871 0.429435483870968 43.4282105417765 2 1 0 
1 1020 7 17 0.388664874551971 0.445161290322581 42.1741930905366 2 -1 0 
0 1020 7.8 18 0.440365025466893 0.442540322580645 17.3818030551585 2 1 0 
1 1030 7 17 0.393817204301075 0.424193548387097 21.3612028284472 2 -1 0 
0 1030 7.8 18 0.383064516129032 0.477822580645161 12.2203508658974 2 1 0 
1 1040 7 17 0.472062211981567 0.382258064516129 10.2241510282687 2 -2 0 
0 1040 7.8 19 0.501240694789082 0.48991935483871 8.57665180291826 2 2 0 
1 1050 7 17 0.366935483870968 0.470766129032258 8.16765785966093 2 -2 0 
0 1050 7.8 19 0.484318996415771 0.432459677419355 8.20355717434472 2 2 0 
1 1060 7 17 0.359970674486804 0.52258064516129 15.4873660481146 2 -2 0 
0 1060 7.8 19 0.47703366058906 0.387096774193548 1.51158521086976 2 2 0 
1 1070 7 18 0.357862903225806 0.549193548387097 11.3501414857442 2 -1 0 
0 1070 7.8 19 0.605539971949509 0.404569892473118 2.22589751764794 2 1 0 
1 1080 7 18 0.331451612903226 0.540322580645161 8.71841133340242 2 -1 0 
0 1080 7.8 19 0.520650048875855 0.411290322580645 9.28413492328392 2 1 0 
1 1090 7 18 NaN 0.577956989247312 4.91757427197536 2 -1 0 
0 1090 7.8 19 0.525777649769585 0.43010752688172 21.1056288813659 2 1 0 
1 1100 7 18 NaN 0.538978494623656 10.9379041705086 2 -1 0 
0 1100 7.8 19 0.643219832735962 0.412634408602151 30.5469701167827 2 1 0 
1 1110 7 18 0.288306451612903 0.467741935483871 12.9984390710033 2 -1 0 
0 1110 7.8 19 0.524193548387097 0.487903225806452 2.8304673748256 2 1 0 
1 1120 7 18 0.299395161290323 0.407258064516129 28.160939552812 2 -1 0 
0 1120 7.8 19 0.45676523297491 0.477150537634409 6.35106688824484 2 1 0 
1 1130 7 18 0.299395161290323 0.407258064516129 23.527448613428 2 -2 0 
0 1130 7.8 20 0.613636363636364 0.474462365591398 5.81421258866238 2 2 0 
1 1140 7 18 0.3125 0.39247311827957 7.14250595278133 2 -2 0 
0 1140 7.8 20 0.505283648498332 0.386088709677419 29.6929859631151 2 2 0 
1 1150 7 18 0.334677419354839 0.366129032258065 32.9791702895657 2 -2 0 
0 1150 7.8 20 0.40241935483871 0.430443548387097 16.2975608680388 2 2 0 
1 1160 7 19 0.334677419354839 0.358064516129032 26.1365948414919 2 -1 0 
0 1160 7.8 20 0.620698924731183 0.309475806451613 45.7851879035128 2 1 0 
1 1170 7 19 0.325682382133995 0.316935483870968 17.1200465303856 2 -1 0 
0 1170 7.8 20 0.5 0.410282258064516 47.2089749294837 2 1 0 
1 1180 7 19 0.373387096774194 0.32741935483871 7.3208390573277 2 -1 0 
0 1180 7.8 20 0.48310291858679 0.485887096774194 24.2435156882248 2 1 0 
1 1190 7 19 0.330645161290323 0.315322580645161 5.75577424261067 2 -1 0 
0 1190 7.8 20 0.640067911714771 0.592741935483871 11.6667491370063 2 1 0 
1 1200 7 19 0.263709677419355 0.291935483870968 5.37293373609396 2 -1 0 
0 1200 7.8 20 0.48252688172043 0.654233870967742 7.3074298265063 2 1 0 
1 1210 7 19 0.241935483870968 0.268548387096774 6.22648570018404 1 -1 -1 
0 1210 7.8 20 0.413810483870968 0.678427419354839 6.82428983673356 2 1 1 
1 1220 7 19 NaN 0.255645161290323 4.53860099750283 1 -2 -1 
0 1220 7.8 21 0.622983870967742 0.746975806451613 4.40331123676134 2 2 1 
1 1230 7 20 0.296947004608295 0.284677419354839 6.28707637090346 1 -1 -1 
0 1230 7.8 21 0.531030855539972 0.692204301075269 2.0326516756918 2 1 1 
1 1240 7 20 0.455645161290323 0.32741935483871 8.75401008610634 1 -1 -1 
0 1240 7.8 21 0.428605313092979 0.575268817204301 4.73895399764571 2 1 1 
1 1250 7 20 0.455645161290323 0.333870967741936 11.810355730242 1 -1 -1 
0 1250 7.8 21 0.549317617866005 0.505376344086022 25.2752880025236 2 1 1 
1 1260 7 20 0.353578629032258 0.354838709677419 18.6173779374977 1 -1 -1 
0 1260 7.8 21 0.480702764976959 0.446236559139785 26.3976465623695 2 1 1 
1 1270 7 20 0.369354838709677 0.366129032258065 24.3808251573263 1 -1 -1 
0 1270 7.8 21 0.425047438330171 0.40994623655914 32.4564959212384 2 1 1 
1 1280 7 20 0.436693548387097 0.287903225806452 38.2861657009527 1 -1 -1 
0 1280 7.8 21 0.504536290322581 0.363911290322581 35.3472888779936 2 1 1 
1 1290 7 20 0.407006048387097 0.314516129032258 12.8144080384597 1 -1 -1 
0 1290 7.8 21 0.478889943074004 0.38508064516129 31.8770984309735 2 1 1 
1 1300 7 20 0.383064516129032 0.424193548387097 18.8751688244601 1 -1 -1 
0 1300 7.8 21 0.411053130929791 0.38508064516129 14.7182550173587 2 1 1 
1 1310 7 20 0.471370967741935 0.516129032258065 11.8824045711471 1 -1 -1 
0 1310 7.8 21 0.453293010752688 0.392137096774194 17.0658226433092 2 1 1 
1 1320 7 20 0.410669975186104 0.604032258064516 5.25301305210311 1 -1 -1 
0 1320 7.8 21 0.413412563667233 0.405913978494624 22.4360230617536 2 1 1 
1 1330 7 20 0.383064516129032 0.558064516129032 7.51656638222688 1 -1 -1 
0 1330 7.8 21 0.422538200339559 0.295698924731183 22.2059050282575 2 1 1 
1 1340 7 20 0.440322580645161 0.496774193548387 5.6997326338915 1 -1 -1 
0 1340 7.8 21 0.566244239631336 0.454301075268817 10.7588608328091 2 1 1 
1 1350 7 20 0.322004608294931 0.49758064516129 8.58156048014074 0 -1 -2 
0 1350 7.8 21 0.502081165452653 0.46505376344086 8.81093684860739 2 1 2 
1 1360 7 20 0.358064516129032 0.537903225806452 5.26591162283886 0 -1 -2 
0 1360 7.8 21 0.517519466073415 0.390322580645161 26.5603990331632 2 1 2 
1 1370 7 21 0.354838709677419 0.524193548387097 3.78783309260127 0 0 -2 
0 1370 7.8 21 0.630422691879866 0.298387096774194 43.2897216438267 2 0 2 
1 1380 7 21 0.30241935483871 0.565322580645161 5.27349626143318 0 0 -2 
0 1380 7.8 21 0.532834101382488 0.247983870967742 29.6521500063655 2 0 2 
1 1390 7 21 NaN 0.574193548387097 13.4266180235431 0 0 -2 
0 1390 7.8 21 0.56522770398482 0.207661290322581 11.6726175299288 2 0 2 
1 1400 7 21 NaN 0.528225806451613 22.6405632547893 0 -1 -2 
0 1400 7.8 22 0.660349462365591 0.264112903225806 9.7082439194738 2 1 2 
1 1410 7 21 0.285359801488834 0.540322580645161 31.3208174067899 0 -1 -2 
0 1410 7.8 22 0.504176267281106 0.328629032258065 11.1018016555873 2 1 2 
1 1420 7 21 0.378360215053763 0.591129032258064 34.5501024618189 0 -1 -2 
0 1420 7.8 22 0.53494623655914 0.272177419354839 10.2591422643416 2 1 2 
1 1430 7 21 0.378360215053763 0.654032258064516 22.6853443891681 0 -1 -2 
0 1430 7.8 22 0.592293906810036 0.236559139784946 15.4320053672163 2 1 2 
1 1440 7 22 0.251344086021505 0.710483870967742 9.72943940241433 0 0 -1 
0 1440 7.8 22 0.453163771712159 0.245967741935484 15.523507582191 1 0 1 
1 1450 7 22 0.764112903225806 0.729838709677419 8.96266783244849 0 0 -1 
0 1450 7.8 22 0.674899193548387 0.259072580645161 3.40134314488591 1 0 1 
1 1460 7 22 0.764112903225806 0.762096774193548 7.00138785581619 0 0 -1 
0 1460 7.8 22 0.674899193548387 0.182459677419355 8.96772326655722 1 0 1 
1 1470 7 22 0.488911290322581 0.778225806451613 2.51781212888199 0 0 -1 
0 1470 7.8 22 0.754032258064516 0.211693548387097 6.19682956263194 1 0 1 
