1 30 4.8 1 NaN 0.29765625 26.23817146995 3 0 0 
0 30 11.2 1 NaN 0.25390625 19.0800945808235 3 0 0 
1 40 4.8 1 NaN 0.29609375 30.6228499982111 3 0 0 
0 40 11.2 1 NaN 0.28515625 22.9785268273916 3 0 0 
1 50 4.8 1 0.39453125 0.3515625 29.9320304199432 3 0 0 
0 50 11.2 1 0.36328125 0.32578125 28.7829296321627 3 0 0 
1 60 4.8 1 0.401258680555556 0.46171875 39.5049285617477 3 0 0 
0 60 11.2 1 0.369025735294118 0.4697265625 30.8026337367624 3 0 0 
1 70 4.8 1 0.41875 0.49375 42.0246946688338 3 0 0 
0 70 11.2 1 0.381640625 0.4609375 34.6945722954048 3 0 0 
1 80 4.8 1 0.480282738095238 0.51328125 41.5120942385218 3 0 0 
0 80 11.2 1 0.446614583333333 0.396875 47.6952989479105 3 0 0 
1 90 4.8 1 0.454036458333333 0.5125 42.2577444432915 3 0 0 
0 90 11.2 1 0.411458333333333 0.3984375 39.9607100389377 3 0 0 
1 100 4.8 2 0.419270833333333 0.50625 39.1391445799303 3 1 0 
0 100 11.2 1 0.38671875 0.42109375 37.7769814458493 3 -1 0 
1 110 4.8 2 0.473958333333333 0.49140625 37.7672087723016 3 0 0 
0 110 11.2 2 0.439630681818182 0.4125 41.8461487330805 3 0 0 
1 120 4.8 2 0.440328663793103 0.50234375 40.4407997695383 3 0 0 
0 120 11.2 2 0.407315340909091 0.41171875 38.3656110280509 3 0 0 
1 130 4.8 2 0.440504807692308 0.4775390625 33.5753159925085 3 0 0 
0 130 11.2 2 0.397758152173913 0.46171875 38.2093752227512 3 0 0 
1 140 4.8 3 0.492559523809524 0.45390625 43.3674867573451 3 0 0 
0 140 11.2 3 0.435546875 0.47734375 42.4832870898137 3 0 0 
1 150 4.8 3 0.418817934782609 0.4515625 41.2160143449663 3 0 0 
0 150 11.2 3 0.423665364583333 0.46953125 39.3614090308627 3 0 0 
1 160 4.8 3 0.401726973684211 0.46015625 38.8084178974678 3 -1 0 
0 160 11.2 4 0.396661931818182 0.478125 29.838609279905 3 1 0 
1 170 4.8 3 0.465731534090909 0.4267578125 45.9135718262152 3 -1 0 
0 170 11.2 4 0.442294034090909 0.3828125 48.9956071781884 3 1 0 
1 180 4.8 4 0.432842548076923 0.403125 44.3584188825673 3 0 0 
0 180 11.2 4 0.42510775862069 0.40078125 46.6051668432256 3 0 0 
1 190 4.8 4 0.433423913043478 0.4703125 36.5982451184476 3 0 0 
0 190 11.2 4 0.394191576086957 0.42578125 43.4223191257084 3 0 0 
1 200 4.8 4 0.4755859375 0.503125 32.6012261824912 3 -1 0 
0 200 11.2 5 0.457217261904762 0.44609375 34.1795605422483 3 1 0 
1 210 4.8 5 0.447193287037037 0.50390625 16.0911055014507 3 0 0 
0 210 11.2 5 0.399305555555556 0.4421875 18.2227876702862 3 0 0 
1 220 4.8 5 0.43578125 0.482421875 5.18284927087912 3 0 0 
0 220 11.2 5 0.383322010869565 0.47265625 6.84022806289375 3 0 0 
1 230 4.8 5 0.466460129310345 0.4677734375 5.26025087882543 3 0 0 
0 230 11.2 5 0.4248046875 0.4912109375 4.94301230339836 3 0 0 
1 240 4.8 5 0.43859375 0.4171875 36.2600245374033 3 -1 0 
0 240 11.2 6 0.417131696428571 0.4125 37.843596221638 3 1 0 
1 250 4.8 6 0.445652173913043 0.40625 32.6867075298872 3 0 0 
0 250 11.2 6 0.415922619047619 0.459375 26.8703302690915 3 0 0 
1 260 4.8 6 0.476779513888889 0.44140625 25.0878532045551 3 0 0 
0 260 11.2 6 0.456659226190476 0.45859375 27.0975622177399 3 0 0 
1 270 4.8 6 0.446501358695652 0.403125 34.2259810148731 3 0 0 
0 270 11.2 6 0.41765625 0.45859375 37.8586673266967 3 0 0 
1 280 4.8 6 0.412202380952381 0.475 30.1495734285973 3 0 0 
0 280 11.2 6 0.382634943181818 0.4703125 35.6474335788911 3 0 0 
1 290 4.8 6 0.462425595238095 0.4984375 32.4380824150814 3 -1 0 
0 290 11.2 7 0.440234375 0.453125 35.8455892575549 3 1 0 
1 300 4.8 7 0.444852941176471 0.5515625 26.2360275019414 3 0 0 
0 300 11.2 7 0.400173611111111 0.4287109375 31.0490514874356 3 0 0 
1 310 4.8 7 0.434407552083333 0.5625 11.2496262773084 3 0 0 
0 310 11.2 7 0.385579427083333 0.3740234375 3.09743095233681 3 0 0 
1 320 4.8 7 0.458243534482759 0.5048828125 36.2874316794174 3 0 0 
0 320 11.2 7 0.430889423076923 0.36328125 38.7970914490747 3 0 0 
1 330 4.8 7 0.466864224137931 0.43828125 45.0083013008105 3 0 0 
0 330 11.2 7 0.3984375 0.4033203125 32.7473780929675 3 0 0 
1 340 4.8 8 0.436311141304348 0.403125 49.4887521910887 3 0 0 
0 340 11.2 8 0.430876358695652 0.37265625 41.1371419195018 3 0 0 
1 350 4.8 8 0.436612215909091 0.425 36.7004089910313 3 0 0 
0 350 11.2 8 0.4689453125 0.4130859375 45.1106944053464 3 0 0 
1 360 4.8 8 0.43203125 0.46015625 25.1778637886524 3 0 0 
0 360 11.2 8 0.420625 0.435546875 46.4573439041518 3 0 0 
1 370 4.8 8 0.450407608695652 0.49375 25.718699216423 3 0 0 
0 370 11.2 8 0.374822443181818 0.4658203125 51.5085396097666 3 0 0 
1 380 4.8 8 0.4466796875 0.528125 33.6392448696171 3 0 0 
0 380 11.2 8 0.439670138888889 0.3953125 51.3962097478064 3 0 0 
1 390 4.8 9 0.456825657894737 0.490625 30.3537135539571 3 1 0 
0 390 11.2 8 0.392578125 0.400390625 38.4728411095027 3 -1 0 
1 400 4.8 9 0.4267578125 0.53984375 30.7165100238958 3 1 0 
0 400 11.2 8 0.374441964285714 0.428385416666667 40.0338052078869 3 -1 0 
1 410 4.8 9 0.448369565217391 0.4875 28.0392853816807 3 1 0 
0 410 11.2 8 0.436298076923077 0.30078125 41.4707863023573 3 -1 0 
1 420 4.8 10 0.472419507575758 0.5171875 29.556370389336 3 1 0 
0 420 11.2 9 0.398082386363636 0.34140625 44.4893780794225 3 -1 0 
1 430 4.8 10 0.43828125 0.48984375 28.4227881462108 3 1 0 
0 430 11.2 9 0.3974609375 0.421875 33.3802088748843 3 -1 0 
1 440 4.8 10 0.47563244047619 0.5375 34.0873227803668 3 1 0 
0 440 11.2 9 0.408735795454545 0.44140625 36.9574814763366 3 -1 0 
1 450 4.8 11 0.488692434210526 0.52109375 41.3662893662807 3 2 0 
0 450 11.2 9 0.393629807692308 0.41640625 39.5867143400567 3 -2 0 
1 460 4.8 11 0.436011904761905 0.52421875 43.8846983701898 3 2 0 
0 460 11.2 9 0.370271381578947 0.3765625 40.5060101083368 3 -2 0 
1 470 4.8 11 0.451171875 0.5484375 29.5921574295421 3 1 0 
0 470 11.2 10 0.403577302631579 0.4078125 26.1500925539664 3 -1 0 
1 480 4.8 11 0.472055288461538 0.5375 19.5807175527127 3 1 0 
0 480 11.2 10 0.40625 0.4140625 24.5042350213179 3 -1 0 
1 490 4.8 11 0.413722826086957 0.5712890625 8.68452995622326 3 1 0 
0 490 11.2 10 0.37890625 0.43359375 11.7393084080134 3 -1 0 
1 500 4.8 11 0.450120192307692 0.603515625 21.37148192586 3 1 0 
0 500 11.2 10 0.395978009259259 0.4658203125 6.27706007637099 3 -1 0 
1 510 4.8 11 0.428385416666667 0.5693359375 22.2012518259144 3 1 0 
0 510 11.2 10 0.426983173076923 0.47265625 12.3616455823148 3 -1 0 
1 520 4.8 11 0.404296875 0.45078125 45.5088153304338 3 0 0 
0 520 11.2 11 0.446664663461538 0.498697916666667 27.3565570099284 3 0 0 
1 530 4.8 12 0.40234375 0.45546875 36.2578800100035 3 1 0 
0 530 11.2 11 0.4869140625 0.3125 50.1686621437038 3 -1 0 
1 540 4.8 12 0.398220486111111 0.46484375 27.1341762219787 3 1 0 
0 540 11.2 11 0.44296875 0.30078125 27.9732376412986 3 -1 0 
1 550 4.8 12 0.403076171875 0.45703125 35.1662817837477 3 1 0 
0 550 11.2 11 0.4078125 0.4013671875 32.3817838423555 3 -1 0 
1 560 4.8 13 0.470486111111111 0.51171875 33.7894210598391 3 1 0 
0 560 11.2 12 0.440755208333333 0.401041666666667 34.5155084189095 3 -1 0 
1 570 4.8 13 0.403492647058823 0.5087890625 35.3318288873381 3 1 0 
0 570 11.2 12 0.385360054347826 0.4208984375 36.2597609062162 3 -1 0 
1 580 4.8 13 0.40625 0.4359375 46.6420459200865 3 1 0 
0 580 11.2 12 0.3701171875 0.4296875 41.3467780212156 3 -1 0 
1 590 4.8 13 0.484114583333333 0.45 54.1144223332221 3 1 0 
0 590 11.2 12 0.445126488095238 0.37421875 58.6566325685934 3 -1 0 
1 600 4.8 14 0.442023026315789 0.4875 52.7273568792167 3 2 0 
0 600 11.2 12 0.4283203125 0.353125 50.207420204484 3 -2 0 
1 610 4.8 14 0.419667119565217 0.50078125 44.93855739383 3 2 0 
0 610 11.2 12 0.42703125 0.35703125 44.3415697815828 3 -2 0 
1 620 4.8 14 0.464613970588235 0.50390625 30.4859333520011 3 2 0 
0 620 11.2 12 0.422384510869565 0.4234375 37.3649339903718 3 -2 0 
1 630 4.8 14 0.445667613636364 0.5109375 24.1208921250093 3 2 0 
0 630 11.2 12 0.41296875 0.44375 32.9520838480544 3 -2 0 
1 640 4.8 14 0.401041666666667 0.5359375 28.838013565284 3 1 0 
0 640 11.2 13 0.398046875 0.443359375 37.1304003703873 3 -1 0 
1 650 4.8 15 0.460123697916667 0.54453125 40.6840606092194 3 2 0 
0 650 11.2 13 0.425951086956522 0.4365234375 36.9232989022439 3 -2 0 
1 660 4.8 15 0.453584558823529 0.56875 35.202730682803 3 2 0 
0 660 11.2 13 0.380284926470588 0.439453125 30.7400462333528 3 -2 0 
1 670 4.8 15 0.46125 0.51875 26.7952001269423 3 2 0 
0 670 11.2 13 0.3947265625 0.38125 38.6507597847888 3 -2 0 
1 680 4.8 15 0.458683894230769 0.53203125 24.1064311322568 3 2 0 
0 680 11.2 13 0.399876644736842 0.31015625 33.9658766855542 3 -2 0 
1 690 4.8 15 0.50265625 0.52578125 23.3507035807639 3 2 0 
0 690 11.2 13 0.372295673076923 0.39921875 18.9336825595731 3 -2 0 
1 700 4.8 15 0.46890625 0.4765625 24.7273662708662 3 2 0 
0 700 11.2 13 0.399126838235294 0.45703125 18.7229453215629 3 -2 0 
1 710 4.8 15 0.4921875 0.4890625 20.0949683042775 3 1 0 
0 710 11.2 14 0.4111328125 0.46328125 20.6691616418273 3 -1 0 
1 720 4.8 15 0.505859375 0.498046875 16.9728590566965 3 1 0 
0 720 11.2 14 0.376302083333333 0.46484375 11.3470931192785 3 -1 0 
1 730 4.8 16 0.47429435483871 0.497395833333333 14.9700855504679 3 2 0 
0 730 11.2 14 0.361225328947368 0.48359375 9.52680372196474 3 -2 0 
1 740 4.8 16 0.53125 0.479166666666667 8.77098713378871 3 1 0 
0 740 11.2 15 0.397820723684211 0.50546875 5.45882159820787 3 -1 0 
1 750 4.8 16 0.522748161764706 0.483072916666667 10.1010287877539 3 1 0 
0 750 11.2 15 0.393329326923077 0.50703125 7.90774995235866 3 -1 0 
1 760 4.8 16 0.4881591796875 0.3720703125 27.8794597687509 3 1 0 
0 760 11.2 15 0.361213235294118 0.51171875 10.9884226420537 3 -1 0 
1 770 4.8 16 0.54914314516129 0.35390625 30.3933296934017 3 1 0 
0 770 11.2 15 0.400287828947368 0.44609375 28.8067799642625 3 -1 0 
1 780 4.8 16 0.497395833333333 0.4671875 19.6580310023767 3 1 0 
0 780 11.2 15 0.38 0.346875 40.3500587393222 3 -1 0 
1 790 4.8 16 0.454427083333333 0.5015625 26.6304103513872 3 0 0 
0 790 11.2 16 0.40283203125 0.35703125 42.772139603955 3 0 0 
1 800 4.8 16 0.4623046875 0.496875 49.5089575305357 3 0 0 
0 800 11.2 16 0.450927734375 0.34375 31.1578080778758 3 0 0 
1 810 4.8 16 0.484907670454545 0.509375 47.180503034333 3 0 0 
0 810 11.2 16 0.370793269230769 0.3375 21.8551271224245 3 0 0 
1 820 4.8 16 0.44287109375 0.51796875 30.9280490579296 3 0 0 
0 820 11.2 16 0.3697265625 0.35390625 21.7659301688506 3 0 0 
1 830 4.8 17 0.515625 0.521875 11.7902312997522 3 1 0 
0 830 11.2 16 0.4072265625 0.35859375 28.1728095396117 3 -1 0 
1 840 4.8 17 0.4814453125 0.509375 7.78735339281671 3 1 0 
0 840 11.2 16 0.39453125 0.40546875 26.0983726651724 3 -1 0 
1 850 4.8 17 0.4013671875 0.49609375 16.909346984389 3 1 0 
0 850 11.2 16 0.406087239583333 0.4638671875 36.9199454389131 3 -1 0 
1 860 4.8 17 0.485595703125 0.52421875 20.0166955862989 3 1 0 
0 860 11.2 16 0.4349609375 0.44921875 51.4068528910482 3 -1 0 
1 870 4.8 17 0.474014945652174 0.57734375 17.263811853954 3 1 0 
0 870 11.2 16 0.430338541666667 0.392578125 59.2220398162711 3 -1 0 
1 880 4.8 17 0.453974184782609 0.58359375 18.2588477265696 3 0 0 
0 880 11.2 17 0.371626420454545 0.43359375 56.5442304749123 3 0 0 
1 890 4.8 18 0.496279761904762 0.553125 39.7824480407514 3 1 0 
0 890 11.2 17 0.402166193181818 0.326822916666667 38.5246308962809 3 -1 0 
1 900 4.8 18 0.494904891304348 0.5421875 38.402068242219 3 1 0 
0 900 11.2 17 0.410546875 0.377604166666667 16.644043593394 3 -1 0 
1 910 4.8 18 0.53030303030303 0.51328125 26.4908558721347 3 1 0 
0 910 11.2 17 0.3759765625 0.28203125 36.5454299370943 3 -1 0 
1 920 4.8 18 0.541775173611111 0.50234375 15.4125891576463 3 1 0 
0 920 11.2 17 0.362165178571429 0.3375 19.6273091628992 3 -1 0 
1 930 4.8 18 0.53486328125 0.56484375 31.5884419807073 3 1 0 
0 930 11.2 17 0.344618055555556 0.3578125 18.2492343003501 3 -1 0 
1 940 4.8 19 0.55249618902439 0.56640625 39.2639437654623 3 1 0 
0 940 11.2 18 0.36328125 0.3328125 24.4644905731347 3 -1 0 
1 950 4.8 19 0.567325367647059 0.57265625 37.2698419804465 3 1 0 
0 950 11.2 18 NaN 0.33203125 31.6683762733501 3 -1 0 
1 960 4.8 19 0.512109375 0.50546875 34.8827516322504 3 1 0 
0 960 11.2 18 0.35078125 0.29296875 24.910988516412 3 -1 0 
1 970 4.8 19 0.487432065217391 0.484375 30.603045054101 3 0 0 
0 970 11.2 19 0.419921875 0.3759765625 16.0966855900735 3 0 0 
1 980 4.8 19 0.4740234375 0.4365234375 22.5895065323319 3 0 0 
0 980 11.2 19 0.417367788461538 0.435546875 27.5484114434196 3 0 0 
1 990 4.8 19 0.486235119047619 0.505859375 13.536884727659 3 0 0 
0 990 11.2 19 0.4453125 0.412109375 11.7535854988021 3 0 0 
1 1000 4.8 19 0.499421296296296 0.517578125 6.19071781307069 3 0 0 
0 1000 11.2 19 0.4052734375 0.38671875 18.9585546524455 3 0 0 
1 1010 4.8 20 0.544661458333333 0.5419921875 6.67284577488759 3 1 0 
0 1010 11.2 19 0.432942708333333 0.3544921875 7.74604929393681 3 -1 0 
1 1020 4.8 20 0.533717105263158 0.4111328125 30.6000339854923 3 1 0 
0 1020 11.2 19 0.455512152777778 0.384765625 12.904122785997 3 -1 0 
1 1030 4.8 20 0.492447916666667 0.3375 42.4418539821792 3 1 0 
0 1030 11.2 19 0.379934210526316 0.330078125 21.9084382508756 3 -1 0 
1 1040 4.8 20 0.4365234375 0.428125 24.8396633006214 3 1 0 
0 1040 11.2 19 0.385653409090909 0.36328125 22.5820161360251 3 -1 0 
1 1050 4.8 20 0.478260869565217 0.51640625 16.2899022429426 3 1 0 
0 1050 11.2 19 0.4119140625 0.354166666666667 14.0774504805387 3 -1 0 
1 1060 4.8 20 0.4575 0.5375 7.35576315721457 3 1 0 
0 1060 11.2 19 0.395148026315789 0.4140625 4.63706321834814 3 -1 0 
1 1070 4.8 20 0.45265625 0.59609375 4.33329539891516 3 1 0 
0 1070 11.2 19 0.390447443181818 0.1015625 0 3 -1 0 
1 1080 4.8 21 0.467664930555556 0.5734375 20.444701532754 3 2 0 
0 1080 11.2 19 0.439198369565217 0.265625 0 3 -2 0 
1 1090 4.8 21 0.4615625 0.490625 33.7159170998813 3 1 0 
0 1090 11.2 20 0.433035714285714 0.34375 0 3 -1 0 
1 1100 4.8 21 0.495675223214286 0.47109375 15.2939770643568 3 1 0 
0 1100 11.2 20 0.470458984375 0.328125 0 3 -1 0 
1 1110 4.8 21 0.497587316176471 0.4515625 12.755725810351 3 1 0 
0 1110 11.2 20 0.393110795454545 0.224609375 28.0446073247603 3 -1 0 
1 1120 4.8 21 0.496875 0.453125 6.53805104558612 3 1 0 
0 1120 11.2 20 0.391059027777778 0.259765625 27.3541587331799 3 -1 0 
1 1130 4.8 21 0.549632352941176 0.46640625 8.03807066004304 3 1 0 
0 1130 11.2 20 0.396050347222222 0.2078125 22.210779759505 3 -1 0 
1 1140 4.8 21 0.549514358108108 0.54296875 14.1005836229031 3 1 0 
0 1140 11.2 20 0.36328125 0.26953125 21.3688488495792 3 -1 0 
1 1150 4.8 21 0.505800189393939 0.56875 12.6400383779993 3 1 0 
0 1150 11.2 20 0.339226973684211 0.31171875 34.3176197764443 3 -1 0 
1 1160 4.8 21 0.5471875 0.68515625 13.2627478099648 3 1 0 
0 1160 11.2 20 0.347493489583333 0.287109375 38.8448257453659 3 -1 0 
1 1170 4.8 21 0.517903645833333 0.7640625 6.48563853761773 3 1 0 
0 1170 11.2 20 0.364130434782609 0.267578125 29.9083106201323 3 -1 0 
1 1180 4.8 21 0.458478009259259 0.75 8.78665347128951 3 1 0 
0 1180 11.2 20 0.34609375 0.24609375 23.5899620159521 3 -1 0 
1 1190 4.8 21 0.474811422413793 0.61484375 13.0917371602281 3 1 0 
0 1190 11.2 20 0.387152777777778 0.302734375 25.2314836873966 3 -1 0 
1 1200 4.8 22 0.578881048387097 0.55625 11.0970454542237 3 2 0 
0 1200 11.2 20 0.323567708333333 0.380859375 8.14446159474554 3 -2 0 
1 1210 4.8 22 0.51953125 0.58359375 10.6085340914952 3 2 0 
0 1210 11.2 20 0.361328125 0.381510416666667 3.37062259621822 3 -2 0 
1 1220 4.8 22 0.538028492647059 0.63515625 10.5332319497596 3 2 0 
0 1220 11.2 20 0.377261513157895 0.349609375 10.1242283656583 3 -2 0 
1 1230 4.8 22 0.578125 0.575 7.0374205505022 3 2 0 
0 1230 11.2 20 0.349308894230769 0.233072916666667 19.8084494546249 3 -2 0 
1 1240 4.8 22 0.499565972222222 0.6296875 10.6857377483874 3 2 0 
0 1240 11.2 20 0.353125 0.240234375 19.811612756159 3 -2 0 
1 1250 4.8 22 0.530184659090909 0.634375 6.79276176904434 3 2 0 
0 1250 11.2 20 0.352120535714286 0.263671875 1.5 3 -2 0 
1 1260 4.8 22 0.556073588709677 0.61640625 19.946346715084 3 2 0 
0 1260 11.2 20 0.351004464285714 0.287109375 3.20156211871642 3 -2 0 
1 1270 4.8 22 0.491753472222222 0.6453125 16.9594358451195 3 2 0 
0 1270 11.2 20 0.387109375 0.294921875 1.11803398874989 3 -2 0 
1 1280 4.8 22 0.607349537037037 0.59296875 25.2572052015487 3 2 0 
0 1280 11.2 20 0.3994140625 0.2080078125 24.6997487231998 3 -2 0 
1 1290 4.8 22 0.559724506578947 0.6109375 38.2414798118958 3 1 0 
0 1290 11.2 21 0.311298076923077 0.2880859375 12.1911387911588 3 -1 0 
1 1300 4.8 22 0.563328598484849 0.58671875 22.497596362418 3 1 0 
0 1300 11.2 21 NaN 0.35546875 12.9870967810558 3 -1 0 
1 1310 4.8 22 0.640836148648649 0.559895833333333 10.8261255547939 3 1 0 
0 1310 11.2 21 NaN 0.291015625 28.1117427089701 3 -1 0 
1 1320 4.8 23 0.58031631097561 0.5361328125 23.032460532463 3 2 0 
0 1320 11.2 21 0.25 0.28125 35.4215081108334 3 -2 0 
1 1330 4.8 23 0.587890625 0.580078125 12.6240884896968 3 2 0 
0 1330 11.2 21 NaN 0.276041666666667 33.3745631216487 3 -2 0 
1 1340 4.8 23 0.6345703125 0.6015625 34.2052674396233 3 2 0 
0 1340 11.2 21 NaN 0.21484375 14.4868910739139 3 -2 0 
1 1350 4.8 23 0.586197916666667 0.6220703125 19.3321930592596 3 2 0 
0 1350 11.2 21 0.220052083333333 0.23828125 17.7288870121222 3 -2 0 
1 1360 4.8 23 0.571461397058824 0.6630859375 15.8723264611914 3 2 0 
0 1360 11.2 21 NaN 0.270833333333333 15.6318922443645 3 -2 0 
1 1370 4.8 23 0.586063508064516 0.55703125 42.8730536365073 3 1 0 
0 1370 11.2 22 0.26171875 0.302734375 7.51664818918645 3 -1 0 
1 1380 4.8 23 0.5567626953125 0.58203125 38.7793765874746 3 1 0 
0 1380 11.2 22 0.251395089285714 0.201171875 21.8002293565916 3 -1 0 
1 1390 4.8 23 0.532589285714286 0.6203125 28.5902404292906 3 1 0 
0 1390 11.2 22 0.282451923076923 0.220052083333333 16.1066778033903 3 -1 0 
1 1400 4.8 23 0.600428427419355 0.60859375 15.878021976174 3 1 0 
0 1400 11.2 22 0.2919921875 0.266927083333333 6.73186251498465 3 -1 0 
1 1410 4.8 23 0.58203125 0.64375 16.7417446521419 3 1 0 
0 1410 11.2 22 0.280164930555556 0.307291666666667 8.65539728192119 3 -1 0 
1 1420 4.8 23 0.5391845703125 0.69453125 12.6224694419865 3 1 0 
0 1420 11.2 22 0.327566964285714 0.279947916666667 10.2848031455114 3 -1 0 
1 1430 4.8 23 0.587431066176471 0.74609375 14.3905850875222 3 1 0 
0 1430 11.2 22 0.311848958333333 0.158203125 16.0434290698527 3 -1 0 
1 1440 4.8 23 0.5487060546875 0.68203125 19.5294120816484 3 1 0 
0 1440 11.2 22 0.275540865384615 0.173828125 14.8299540358738 3 -1 0 
1 1450 4.8 23 0.537977430555556 0.61953125 17.0732017989481 3 1 0 
0 1450 11.2 22 0.326822916666667 0.22109375 17.8119112675655 3 -1 0 
1 1460 4.8 23 0.615171370967742 0.4658203125 13.2015761337687 3 1 0 
0 1460 11.2 22 0.326822916666667 0.2984375 14.0019592961364 3 -1 0 
1 1470 4.8 23 0.561444256756757 0.434375 17.0485055998963 3 1 0 
0 1470 11.2 22 0.288318452380952 0.3828125 3.22842712474619 3 -1 0 
1 1480 4.8 23 0.512169471153846 0.4046875 22.3982021306536 3 1 0 
0 1480 11.2 22 0.319695723684211 0.4046875 6.09447169664011 3 -1 0 
1 1490 4.8 23 0.608362268518519 0.46171875 18.8851200811714 3 1 0 
0 1490 11.2 22 0.319695723684211 0.396875 7.40506169952073 3 -1 0 
1 1500 4.8 23 0.510587993421053 0.46328125 24.3365988163358 3 1 0 
0 1500 11.2 22 0.357638888888889 0.4046875 28.2828455109208 3 -1 0 
1 1510 4.8 23 0.517780172413793 0.45859375 34.5270114128737 3 0 0 
0 1510 11.2 23 0.384635416666667 0.4 49.7854545591616 3 0 0 
1 1520 4.8 24 0.705729166666667 0.357421875 31.5836075914075 3 1 0 
0 1520 11.2 23 0.4751953125 0.41015625 66.4133522762431 3 -1 0 
1 1530 4.8 24 0.490944602272727 0.3603515625 27.7225915164824 3 1 1 
0 1530 11.2 23 0.504918981481482 0.3173828125 52.2675559204512 2 -1 -1 
1 1540 4.8 24 0.506138392857143 0.2890625 17.0422788170513 3 1 1 
0 1540 11.2 23 0.4809375 0.263671875 38.6182253180441 2 -1 -1 
1 1550 4.8 24 0.588815789473684 0.310546875 27.1096734201023 3 1 1 
0 1550 11.2 23 0.49267578125 0.2373046875 30.4203103536472 2 -1 -1 
1 1560 4.8 24 0.517578125 0.3759765625 12.5831836196484 3 1 1 
0 1560 11.2 23 0.444163602941176 0.2373046875 24.9485773292109 2 -1 -1 
1 1570 4.8 24 0.471819196428571 0.46484375 7.29039254502698 3 1 1 
0 1570 11.2 23 0.369791666666667 0.3203125 13.6918611806545 2 -1 -1 
1 1580 4.8 24 0.451256793478261 0.525390625 10.0482976209399 3 1 1 
0 1580 11.2 23 0.409016927083333 0.3955078125 22.9614104151153 2 -1 -1 
1 1590 4.8 24 0.517578125 0.44453125 33.8900732993537 3 1 1 
0 1590 11.2 23 0.4296875 0.3642578125 31.815487394812 2 -1 -1 
1 1600 4.8 24 0.481272977941177 0.45703125 20.8900500975302 3 1 1 
0 1600 11.2 23 0.454273897058824 0.328125 30.4687040553765 2 -1 -1 
1 1610 4.8 24 0.5313720703125 0.4970703125 6.08530132311662 3 0 1 
0 1610 11.2 24 0.457275390625 0.3798828125 17.0302391861811 2 0 -1 
1 1620 4.8 24 0.555989583333333 0.5458984375 21.2995757995225 3 0 1 
0 1620 11.2 24 0.376302083333333 0.3623046875 24.3842544938613 2 0 -1 
1 1630 4.8 24 0.5123046875 0.58203125 23.481681459478 3 0 1 
0 1630 11.2 24 0.33359375 0.31640625 10.9466181562957 2 0 -1 
1 1640 4.8 24 0.568309294871795 0.541666666666667 16.4525372228477 3 0 1 
0 1640 11.2 24 0.36875 0.3427734375 22.4054766749612 2 0 -1 
1 1650 4.8 24 0.594970703125 0.51171875 28.0701392146766 3 0 1 
0 1650 11.2 24 0.362870065789474 0.4296875 30.0333513843095 2 0 -1 
1 1660 4.8 24 0.555259146341463 0.510416666666667 27.6757435239828 3 0 1 
0 1660 11.2 24 0.395833333333333 0.451171875 23.9266513380555 2 0 -1 
1 1670 4.8 25 0.610076121794872 0.533203125 37.7401380289169 3 1 1 
0 1670 11.2 24 0.40478515625 0.3212890625 31.9534632810471 2 -1 -1 
1 1680 4.8 25 0.568058894230769 0.5078125 13.1130805228084 3 1 1 
0 1680 11.2 24 0.371323529411765 0.25 16.1068732299798 2 -1 -1 
1 1690 4.8 25 0.5724609375 0.46015625 39.9014264393648 3 1 1 
0 1690 11.2 24 0.36328125 0.3291015625 21.4874227366 2 -1 -1 
1 1700 4.8 25 0.611010174418605 0.482421875 53.3057545655959 3 1 1 
0 1700 11.2 24 NaN 0.421875 0 2 -1 -1 
1 1710 4.8 25 0.629009046052632 0.5869140625 38.7526551401669 3 1 1 
0 1710 11.2 24 NaN 0.37109375 0 2 -1 -1 
1 1720 4.8 25 0.65328125 0.6728515625 22.4891767369445 3 1 1 
0 1720 11.2 24 0.20703125 0.25390625 0 2 -1 -1 
1 1730 4.8 25 0.708203125 0.76171875 6.13890839043737 3 1 3 
0 1730 11.2 24 0.20703125 NaN NaN 0 -1 -3 
1 1740 4.8 25 0.77587890625 0.7744140625 6.78051050015574 3 1 3 
0 1740 11.2 24 NaN 0.1015625 0 0 -1 -3 
1 1750 4.8 26 0.803125 0.8369140625 7.11240026335551 3 2 3 
0 1750 11.2 24 NaN NaN NaN 0 -2 -3 
1 1760 4.8 26 0.803125 0.830078125 6.88894225031265 3 2 3 
0 1760 11.2 24 NaN NaN NaN 0 -2 -3 
