1 30 7.6 1 NaN 0.310483870967742 23.6205807083008 2 0 0 
0 30 7.8 1 NaN 0.251612903225806 17.719648348385 2 0 0 
1 40 7.6 1 NaN 0.360483870967742 30.9758433288806 2 0 0 
0 40 7.8 1 NaN 0.273387096774194 22.5639041739588 2 0 0 
1 50 7.6 1 NaN 0.395967741935484 30.5915266578106 2 0 0 
0 50 7.8 1 0.381720430107527 0.364516129032258 36.142337203018 2 0 0 
1 60 7.6 1 0.383064516129032 0.493548387096774 36.8560159905748 2 0 0 
0 60 7.8 1 0.383064516129032 0.435483870967742 38.8268290395941 2 0 0 
1 70 7.6 1 0.393610421836228 0.509677419354839 39.6691438931187 2 0 0 
0 70 7.8 1 0.452956989247312 0.440322580645161 38.0789125746563 2 0 0 
1 80 7.6 1 0.483006912442396 0.504032258064516 39.3742199548735 2 0 0 
0 80 7.8 1 0.477822580645161 0.460483870967742 37.9104614289582 2 0 0 
1 90 7.6 1 0.41823476702509 0.507258064516129 41.0269501778885 2 0 0 
0 90 7.8 1 0.403700189753321 0.456451612903226 35.3710207511946 2 0 0 
1 100 7.6 1 0.393610421836228 0.517741935483871 42.379757197434 2 0 0 
0 100 7.8 1 0.403513824884793 0.453225806451613 33.0895224107273 2 0 0 
1 110 7.6 2 0.476906158357771 0.469354838709677 42.4823373780533 2 0 0 
0 110 7.8 2 0.486352357320099 0.495967741935484 41.9800498124843 2 0 0 
1 120 7.6 2 0.395665322580645 0.484677419354839 38.1358441690247 2 0 0 
0 120 7.8 2 0.421466973886329 0.491935483870968 34.9323032968074 2 0 0 
1 130 7.6 2 0.390552995391705 0.458064516129032 39.144899886288 2 0 0 
0 130 7.8 2 0.41342504743833 0.488709677419355 37.7198334212077 2 0 0 
1 140 7.6 2 0.479105571847507 0.484677419354839 35.2265086627616 2 0 0 
0 140 7.8 2 0.496831797235023 0.469354838709677 40.5027382987368 2 0 0 
1 150 7.6 3 0.406783681214421 0.504032258064516 40.7242937486339 2 0 0 
0 150 7.8 3 0.412186379928315 0.47883064516129 37.2796054498101 2 0 0 
1 160 7.6 3 0.383064516129032 0.490927419354839 33.0302038762222 2 0 0 
0 160 7.8 3 0.383064516129032 0.445564516129032 35.7514476432242 2 0 0 
1 170 7.6 3 0.496831797235023 0.423387096774194 30.6902774309199 2 0 0 
0 170 7.8 3 0.478398617511521 0.42741935483871 20.9787849189663 2 0 0 
1 180 7.6 3 0.418081494057725 0.515322580645161 12.5841855783915 2 0 0 
0 180 7.8 3 0.422983870967742 0.44758064516129 11.5729390590453 2 0 0 
1 190 7.6 3 0.383064516129032 0.496774193548387 12.8620934092855 2 0 0 
0 190 7.8 3 0.391935483870968 0.381048387096774 21.7091235760638 2 0 0 
1 200 7.6 4 0.494106699751861 0.480645161290323 7.24717807426773 2 1 0 
0 200 7.8 3 0.481989247311828 0.386088709677419 24.9594063049478 2 -1 0 
1 210 7.6 4 0.413978494623656 0.470161290322581 15.4808083355895 2 1 0 
0 210 7.8 3 0.425307219662058 0.394153225806452 32.7444002012215 2 -1 0 
1 220 7.6 4 0.383064516129032 0.443548387096774 6.15770321572661 2 1 0 
0 220 7.8 3 0.407706093189964 0.402217741935484 28.4894803402162 2 -1 0 
1 230 7.6 4 0.491004962779156 0.437096774193548 6.11165298429342 2 1 0 
0 230 7.8 3 0.484507640067912 0.367943548387097 22.4360159053185 2 -1 0 
1 240 7.6 5 0.383064516129032 0.443548387096774 30.207977131954 2 1 0 
0 240 7.8 4 0.437275985663082 0.383064516129032 16.1725963724906 2 -1 0 
1 250 7.6 5 0.398118279569892 0.358870967741936 41.2102334447156 2 1 0 
0 250 7.8 4 0.436711079943899 0.433064516129032 20.5607988578773 2 -1 0 
1 260 7.6 6 0.495391705069124 0.437903225806452 29.4838705381802 2 2 0 
0 260 7.8 4 0.499495967741936 0.403225806451613 28.5596197680406 2 -2 0 
1 270 7.6 6 0.405493951612903 0.526612903225806 27.4236688425938 2 2 0 
0 270 7.8 4 0.438709677419355 0.426612903225806 27.7649682737549 2 -2 0 
1 280 7.6 6 0.389976958525346 0.544354838709677 28.2929494599723 2 1 0 
0 280 7.8 5 0.402605459057072 0.430645161290323 24.8493362258818 2 -1 0 
1 290 7.6 6 0.495967741935484 0.554838709677419 26.518129685215 2 1 0 
0 290 7.8 5 0.461917562724014 0.403225806451613 25.8819106742039 2 -1 0 
1 300 7.6 7 0.427207130730051 0.566129032258065 26.5571183579164 2 2 0 
0 300 7.8 5 0.397933467741936 0.383064516129032 25.0639142115265 2 -2 0 
1 310 7.6 7 0.407258064516129 0.493548387096774 26.4114759589133 2 2 0 
0 310 7.8 5 0.390198511166253 0.425 24.1770585872449 2 -2 0 
1 320 7.6 7 0.480342741935484 0.480645161290323 33.1971463755207 2 1 0 
0 320 7.8 6 0.44758064516129 0.469758064516129 35.0097629752013 2 -1 0 
1 330 7.6 7 0.441715542521994 0.533064516129032 39.4347712551778 2 1 0 
0 330 7.8 6 0.406989247311828 0.436491935483871 41.7981648082215 2 -1 0 
1 340 7.6 7 0.456451612903226 0.507258064516129 40.0645008725067 2 1 0 
0 340 7.8 6 0.415034562211982 0.366129032258064 43.4366493526869 2 -1 0 
1 350 7.6 8 0.520161290322581 0.513709677419355 39.6334782736996 2 2 0 
0 350 7.8 6 0.446480938416422 0.389516129032258 44.2842006514973 2 -2 0 
1 360 7.6 8 0.424507168458781 0.518548387096774 48.9250928005162 2 2 0 
0 360 7.8 6 0.383064516129032 0.401612903225806 37.947996610018 2 -2 0 
1 370 7.6 8 0.383064516129032 0.526209677419355 49.2775801790925 2 1 0 
0 370 7.8 7 0.386476426799007 0.368548387096774 31.1080110233772 2 -1 0 
1 380 7.6 8 0.518721198156682 0.486895161290323 37.5531775515611 2 1 0 
0 380 7.8 7 0.458436724565757 0.420967741935484 12.7701686174593 2 -1 0 
1 390 7.6 8 0.443932411674347 0.461021505376344 30.2941608681195 2 1 0 
0 390 7.8 7 0.391465053763441 0.465322580645161 4.67277004898252 2 -1 0 
1 400 7.6 8 0.383064516129032 0.359879032258065 32.8642131786935 2 1 0 
0 400 7.8 7 0.383064516129032 0.457258064516129 8.96125538830584 2 -1 0 
1 410 7.6 8 0.525537634408602 0.343548387096774 20.6565500473218 2 1 0 
0 410 7.8 7 0.452346041055719 0.494354838709677 12.2584717445083 2 -1 0 
1 420 7.6 9 0.460806451612903 0.398387096774194 11.2790845964219 2 2 0 
0 420 7.8 7 0.365207373271889 0.533870967741936 6.91023568092145 2 -2 0 
1 430 7.6 9 0.462365591397849 0.468548387096774 5.66674384556045 2 2 0 
0 430 7.8 7 0.370967741935484 0.517741935483871 5.53981141786389 2 -2 0 
1 440 7.6 9 0.569098240469208 0.534677419354839 6.11727694452934 2 2 0 
0 440 7.8 7 0.418548387096774 0.451612903225806 3.6996731711976 2 -2 0 
1 450 7.6 9 0.500973303670745 0.55241935483871 8.38148393402982 2 1 0 
0 450 7.8 8 0.339717741935484 0.415322580645161 5.09236276436697 2 -1 0 
1 460 7.6 9 0.466793168880455 0.537096774193548 8.29156559759888 2 1 0 
0 460 7.8 8 0.363575268817204 0.370967741935484 17.423178272741 2 -1 0 
1 470 7.6 9 0.610483870967742 0.500806451612903 4.96715436195645 2 1 0 
0 470 7.8 8 0.356182795698925 0.329032258064516 27.4250205977313 2 -1 0 
1 480 7.6 9 0.480006720430108 0.499193548387097 13.1372297659124 2 1 0 
0 480 7.8 8 0.336405529953917 0.378024193548387 27.8565549764964 2 -1 0 
1 490 7.6 10 0.413709677419355 0.520161290322581 10.8452006591057 2 2 0 
0 490 7.8 8 0.397465437788018 0.380040322580645 21.9279648592097 2 -2 0 
1 500 7.6 10 0.501344086021505 0.512903225806452 15.4635303699181 2 1 0 
0 500 7.8 9 0.400806451612903 0.318548387096774 19.5091609033273 2 -1 0 
1 510 7.6 10 0.425851254480287 0.538709677419355 10.5063560531112 2 1 0 
0 510 7.8 9 0.396434634974533 0.375806451612903 34.1532914065027 2 -1 0 
1 520 7.6 11 0.428175403225806 0.575806451612903 3.67347410180253 2 2 0 
0 520 7.8 9 0.420066413662239 0.362903225806452 27.4159819436401 2 -2 0 
1 530 7.6 11 0.587158808933002 0.612903225806452 9.17037300886747 2 2 0 
0 530 7.8 9 0.472350230414747 0.380040322580645 33.7919133724128 2 -2 0 
1 540 7.6 11 0.460483870967742 0.699193548387097 4.29445118379925 2 2 0 
0 540 7.8 9 0.391840607210626 0.34375 33.6025971130368 2 -2 0 
1 550 7.6 11 0.406182795698925 0.698387096774194 2.652603800902 2 2 0 
0 550 7.8 9 0.377520161290323 0.352822580645161 33.0151287156479 2 -2 0 
1 560 7.6 11 0.53125 0.718548387096774 4.08296701606325 2 1 0 
0 560 7.8 10 0.469086021505376 0.296774193548387 29.3787015477628 2 -1 0 
1 570 7.6 12 0.49260752688172 0.72741935483871 7.98215749000567 2 2 1 
0 570 7.8 10 0.434043778801843 0.30241935483871 29.7717606289806 1 -2 -1 
1 580 7.6 12 0.476230899830221 0.669354838709677 6.47219036036126 2 2 1 
0 580 7.8 10 0.458944281524927 0.330645161290323 37.6655806487532 1 -2 -1 
1 590 7.6 12 0.593672456575682 0.579838709677419 35.0819236702533 2 2 1 
0 590 7.8 10 0.570161290322581 0.39247311827957 41.8559558341692 1 -2 -1 
1 600 7.6 13 0.468125960061444 0.435483870967742 39.5324177480761 2 2 1 
0 600 7.8 11 0.376008064516129 0.393817204301075 43.380219153274 1 -2 -1 
1 610 7.6 13 0.4875 0.419354838709677 50.7360969125346 2 2 1 
0 610 7.8 11 0.377520161290323 0.288306451612903 35.8707775440734 1 -2 -1 
1 620 7.6 13 0.604414261460102 0.439516129032258 47.5939005231573 2 2 1 
0 620 7.8 11 0.460181451612903 0.255040322580645 13.0078909818835 1 -2 -1 
1 630 7.6 13 0.476581885856079 0.441129032258065 58.6822503258788 2 2 1 
0 630 7.8 11 0.354626485568761 0.29133064516129 20.0080939596593 1 -2 -1 
1 640 7.6 13 0.423861480075901 0.504838709677419 49.437877224333 2 2 1 
0 640 7.8 11 0.36400293255132 0.371774193548387 8.99118892474023 1 -2 -1 
1 650 7.6 13 0.616666666666667 0.569354838709677 34.0761870570078 2 2 1 
0 650 7.8 11 0.317876344086022 0.392137096774194 5.02552813864842 1 -2 -1 
1 660 7.6 13 0.505184331797235 0.616935483870968 10.8359850434354 2 2 1 
0 660 7.8 11 0.321572580645161 0.276881720430108 25.2466819898243 1 -2 -1 
1 670 7.6 14 0.497503840245776 0.65241935483871 2.68761372249436 2 3 1 
0 670 7.8 11 0.330645161290323 0.287634408602151 6.94949356244705 1 -3 -1 
1 680 7.6 14 0.640579178885631 0.667741935483871 2.56701829916217 2 3 1 
0 680 7.8 11 0.30241935483871 0.223387096774194 20.5918346975974 1 -3 -1 
1 690 7.6 14 0.526014568158168 0.708870967741935 3.60592162534503 2 2 1 
0 690 7.8 12 0.285714285714286 0.243548387096774 14.8337126963456 1 -2 -1 
1 700 7.6 14 0.541374474053296 0.667741935483871 6.63498767567389 2 2 1 
0 700 7.8 12 NaN 0.275 11.9216486274342 1 -2 -1 
1 710 7.6 14 0.655241935483871 0.529838709677419 11.3548984640665 2 2 1 
0 710 7.8 12 NaN 0.320161290322581 14.4019410234953 1 -2 -1 
1 720 7.6 14 0.514832949308756 0.442741935483871 4.2322499756274 2 2 1 
0 720 7.8 12 0.28939205955335 0.339516129032258 21.6280427066532 1 -2 -1 
1 730 7.6 15 0.483064516129032 0.464516129032258 3.66072860125839 2 3 1 
0 730 7.8 12 0.452188940092166 0.365322580645161 17.6980110932565 1 -3 -1 
1 740 7.6 15 0.618145161290323 0.561290322580645 7.77802034323847 2 3 1 
0 740 7.8 12 0.452188940092166 0.405645161290323 6.90815494473281 1 -3 -1 
1 750 7.6 15 0.50758064516129 0.515322580645161 6.20314322215423 2 3 1 
0 750 7.8 12 0.341013824884793 0.416935483870968 6.93465917331948 1 -3 -1 
1 760 7.6 15 0.513563049853372 0.495967741935484 7.33903983636328 2 3 1 
0 760 7.8 12 0.402217741935484 0.44758064516129 0 1 -3 -1 
1 770 7.6 16 0.634530791788856 0.478225806451613 10.3892309031473 2 4 1 
0 770 7.8 12 0.388440860215054 NaN NaN 1 -4 -1 
1 780 7.6 16 0.509150124069479 0.607258064516129 20.2125766329776 2 4 1 
0 780 7.8 12 0.285190615835777 NaN NaN 1 -4 -1 
1 790 7.6 16 0.524544179523142 0.685483870967742 21.5673885371721 2 3 1 
0 790 7.8 13 0.336693548387097 0.150201612903226 4.895688140596 1 -3 -1 
1 800 7.6 16 0.655721966205837 0.734677419354839 16.7983786324949 2 3 2 
0 800 7.8 13 0.266129032258065 0.186290322580645 10.5073886424577 0 -3 -2 
1 810 7.6 16 0.642921146953405 0.714516129032258 10.8758985525133 2 3 2 
0 810 7.8 13 0.295362903225806 0.247983870967742 8.43715281854408 0 -3 -2 
1 820 7.6 17 0.685483870967742 0.736290322580645 9.39680889580607 2 4 2 
0 820 7.8 13 0.225806451612903 0.247311827956989 10.9107716753248 0 -4 -2 
1 830 7.6 17 0.685483870967742 0.783266129032258 7.6859375703709 2 3 2 
0 830 7.8 14 0.225806451612903 0.233870967741935 16.5529453572468 0 -3 -2 
1 840 7.6 17 NaN 0.780913978494624 3.02469329853803 2 3 2 
0 840 7.8 14 0.214717741935484 0.191532258064516 6.80073525436772 0 -3 -2 
