1 30 9.8 1 NaN 0.326612903225806 13.9235291454344 3 0 0 
0 30 10.2 1 NaN 0.261290322580645 16.6042316974716 3 0 0 
1 40 9.8 1 NaN 0.300806451612903 24.3757577913681 3 0 0 
0 40 10.2 1 NaN 0.307258064516129 16.4106757846904 3 0 0 
1 50 9.8 1 0.3658357771261 0.379838709677419 30.3403045340944 3 0 0 
0 50 10.2 1 0.370967741935484 0.376612903225806 27.5403420293849 3 0 0 
1 60 9.8 1 0.364247311827957 0.487903225806452 6.12153600398407 3 0 0 
0 60 10.2 1 0.364247311827957 0.442741935483871 24.5594760026906 3 0 0 
1 70 9.8 1 0.454435483870968 0.471774193548387 4.91506588134104 3 0 0 
0 70 10.2 1 0.389431239388795 0.459677419354839 22.5347790397279 3 0 0 
1 80 9.8 1 0.452060931899642 0.490322580645161 14.6830886949143 3 0 0 
0 80 10.2 1 0.457757296466974 0.487903225806452 23.3455818777166 3 0 0 
1 90 9.8 1 0.364247311827957 0.514516129032258 27.8389564191556 3 0 0 
0 90 10.2 1 0.401279199110122 0.439516129032258 32.1698051472338 3 0 0 
1 100 9.8 2 0.446631878557875 0.478225806451613 23.3880732071333 3 1 0 
0 100 10.2 1 0.407258064516129 0.468548387096774 26.1642235390136 3 -1 0 
1 110 9.8 2 0.485131048387097 0.494354838709677 18.5405295796421 3 0 0 
0 110 10.2 2 0.456346423562412 0.471774193548387 25.6204413144027 3 0 0 
1 120 9.8 2 0.374824684431978 0.495161290322581 22.9344640668582 3 0 0 
0 120 10.2 2 0.382560483870968 0.45241935483871 22.4104284465676 3 0 0 
1 130 9.8 2 0.393433179723502 0.494354838709677 26.215742959763 3 0 0 
0 130 10.2 2 0.414650537634409 0.441935483870968 37.4031611254712 3 0 0 
1 140 9.8 2 0.464717741935484 0.495161290322581 29.4544634761794 3 0 0 
0 140 10.2 2 0.464586255259467 0.481854838709677 49.7308524560971 3 0 0 
1 150 9.8 3 0.409408602150538 0.500806451612903 33.0991619394655 3 0 0 
0 150 10.2 3 0.404060066740823 0.461693548387097 50.1738663778805 3 0 0 
1 160 9.8 3 0.426367461430575 0.483870967741936 23.4101753137725 3 0 0 
0 160 10.2 3 0.415322580645161 0.419354838709677 44.0140114334274 3 0 0 
1 170 9.8 3 0.457795698924731 0.494959677419355 28.0264661452084 3 0 0 
0 170 10.2 3 0.461405529953917 0.453225806451613 52.7525325949593 3 0 0 
1 180 9.8 4 0.38508064516129 0.475806451612903 33.179668107826 3 0 0 
0 180 10.2 4 0.398185483870968 0.471774193548387 36.0454267224496 3 0 0 
1 190 9.8 4 0.419153225806452 0.458064516129032 39.1084928194198 3 0 0 
0 190 10.2 4 0.423913043478261 0.476814516129032 38.9229315912844 3 0 0 
1 200 9.8 4 0.460125448028674 0.441935483870968 34.4117827962829 3 0 0 
0 200 10.2 4 0.466346153846154 0.407258064516129 45.3993458199507 3 0 0 
1 210 9.8 4 0.404521889400922 0.474193548387097 31.753165216974 3 -1 0 
0 210 10.2 5 0.372983870967742 0.465322580645161 40.7653279555398 3 1 0 
1 220 9.8 5 0.426411290322581 0.518548387096774 35.5430256154505 3 0 0 
0 220 10.2 5 0.418548387096774 0.460483870967742 29.5721612471764 3 0 0 
1 230 9.8 5 0.456561583577713 0.488709677419355 30.6691894685577 3 0 0 
0 230 10.2 5 0.455955334987593 0.417741935483871 42.7032600842926 3 0 0 
1 240 9.8 5 0.405465949820788 0.49758064516129 26.444224192683 3 -1 0 
0 240 10.2 6 0.409274193548387 0.434677419354839 38.5676421681599 3 1 0 
1 250 9.8 6 0.425996204933586 0.471774193548387 18.7523508974196 3 0 0 
0 250 10.2 6 0.405645161290323 0.476612903225806 38.6111815244999 3 0 0 
1 260 9.8 6 0.476881720430108 0.486290322580645 18.9328281547256 3 0 0 
0 260 10.2 6 0.456129032258065 0.485483870967742 41.7869807769232 3 0 0 
1 270 9.8 6 0.364247311827957 0.485483870967742 26.8280809318858 3 0 0 
0 270 10.2 6 0.399342891278375 0.5 37.082857321099 3 0 0 
1 280 9.8 6 0.375 0.482258064516129 28.0254175024213 3 0 0 
0 280 10.2 6 0.408467741935484 0.486290322580645 31.0570851391337 3 0 0 
1 290 9.8 6 0.473886328725038 0.507258064516129 33.4503944613123 3 0 0 
0 290 10.2 6 0.463112305854241 0.474798387096774 29.5338728090507 3 0 0 
1 300 9.8 7 0.364247311827957 0.508064516129032 39.5837919431781 3 1 0 
0 300 10.2 6 0.393765508684864 0.393145161290323 44.1044275442018 3 -1 0 
1 310 9.8 7 0.385416666666667 0.485483870967742 42.1444858536465 3 0 0 
0 310 10.2 7 0.42926747311828 0.369354838709677 52.2880848074463 3 0 0 
1 320 9.8 7 0.445445920303605 0.473387096774194 40.6250815737204 3 0 0 
0 320 10.2 7 0.477747909199522 0.391129032258065 40.7388780031318 3 0 0 
1 330 9.8 7 0.399054505005562 0.467741935483871 35.2725150656341 3 0 0 
0 330 10.2 7 0.391935483870968 0.492741935483871 29.9474287464722 3 0 0 
1 340 9.8 7 0.432795698924731 0.451612903225806 28.4058844264614 3 0 0 
0 340 10.2 7 0.43016862170088 0.49758064516129 27.3300005354773 3 0 0 
1 350 9.8 8 0.413306451612903 0.480645161290323 33.3831128243736 3 0 0 
0 350 10.2 8 0.484970674486803 0.501612903225806 41.2990133292723 3 0 0 
1 360 9.8 8 0.381384408602151 0.471774193548387 30.3893140672886 3 0 0 
0 360 10.2 8 0.371700879765396 0.508064516129032 43.6645138944928 3 0 0 
1 370 9.8 8 0.444556451612903 0.496975806451613 25.0141664054491 3 0 0 
0 370 10.2 8 0.362903225806452 0.482862903225806 37.9315201506753 3 0 0 
1 380 9.8 8 0.474228611500701 0.426612903225806 36.4501398549835 3 0 0 
0 380 10.2 8 0.448807854137447 0.440524193548387 32.0394636050258 3 0 0 
1 390 9.8 9 0.395806451612903 0.481451612903226 21.8507055092174 3 0 0 
0 390 10.2 9 0.395483870967742 0.403225806451613 43.8034053559272 3 0 0 
1 400 9.8 9 0.388519924098672 0.408870967741935 37.0869929157226 3 0 0 
0 400 10.2 9 0.444124423963134 0.45241935483871 34.4520188108692 3 0 0 
1 410 9.8 9 0.451612903225806 0.423387096774194 28.8293236947678 3 0 0 
0 410 10.2 9 0.471486175115207 0.487096774193548 36.9859545780321 3 0 0 
1 420 9.8 9 0.380738213399504 0.478494623655914 20.7626847792063 3 0 0 
0 420 10.2 9 0.419354838709677 0.506451612903226 32.6386548681442 3 0 0 
1 430 9.8 9 0.403225806451613 0.504032258064516 24.9472766584636 3 -1 0 
0 430 10.2 10 0.428629032258064 0.514516129032258 26.112634643242 3 1 0 
1 440 9.8 9 0.453255675029869 0.395161290322581 37.9719867393071 3 -1 0 
0 440 10.2 10 0.470878136200717 0.496774193548387 22.8162117093337 3 1 0 
1 450 9.8 9 0.410714285714286 0.370161290322581 15.5675954051003 3 -1 0 
0 450 10.2 10 0.407546082949309 0.425 34.3178868453642 3 1 0 
1 460 9.8 10 0.39544930875576 0.369354838709677 9.95697034958869 3 0 0 
0 460 10.2 10 0.437866568914956 0.473387096774194 21.9863727889053 3 0 0 
1 470 9.8 10 0.466845878136201 0.420161290322581 6.27253870522689 3 0 0 
0 470 10.2 10 0.479390681003584 0.524193548387097 7.75295925625905 3 0 0 
1 480 9.8 10 0.392679900744417 0.490322580645161 4.4628889596336 3 -1 0 
0 480 10.2 11 0.404271206690561 0.518817204301075 29.1176977629913 3 1 0 
1 490 9.8 10 0.409879032258065 0.489516129032258 6.30687042225909 3 -1 0 
0 490 10.2 11 0.420821114369501 0.513440860215054 42.0415200585436 3 1 0 
1 500 9.8 11 0.448548387096774 0.470967741935484 5.13209223557276 3 0 0 
0 500 10.2 11 0.464019851116625 0.467741935483871 31.5158690186388 3 0 0 
1 510 9.8 11 0.374831989247312 0.413709677419355 36.1799601714908 3 0 0 
0 510 10.2 11 0.433406647116325 0.326612903225806 50.8168317572174 3 0 0 
1 520 9.8 11 0.402589134125637 0.441129032258065 40.908741900414 3 0 0 
0 520 10.2 11 0.441898826979472 0.368951612903226 32.9231018326464 3 0 0 
1 530 9.8 11 0.44578853046595 0.456451612903226 29.6248106175459 3 -1 0 
0 530 10.2 12 0.465415632754342 0.394354838709677 40.5219547965245 3 1 0 
1 540 9.8 11 0.364247311827957 0.425 16.5396153809772 3 -1 0 
0 540 10.2 12 0.392641129032258 0.469354838709677 36.3158880505336 3 1 0 
1 550 9.8 11 0.38508064516129 0.450806451612903 17.3957567947028 3 -1 0 
0 550 10.2 12 0.451209677419355 0.454032258064516 32.5320101448253 3 1 0 
1 560 9.8 12 0.416816009557945 0.484677419354839 16.5145174429437 3 0 0 
0 560 10.2 12 0.476722873900293 0.443548387096774 26.1814018873113 3 0 0 
1 570 9.8 12 0.395483870967742 0.491935483870968 10.0149486671986 3 0 0 
0 570 10.2 12 0.408452807646356 0.462096774193548 23.1627559931536 3 0 0 
1 580 9.8 12 0.501185958254269 0.515322580645161 7.07160421217433 3 0 0 
0 580 10.2 12 0.420866935483871 0.462903225806452 20.9784350716338 3 0 0 
1 590 9.8 12 0.505929791271347 0.5 7.73289319528369 3 -1 0 
0 590 10.2 13 0.435009487666034 0.458870967741935 24.0382019802309 3 1 0 
1 600 9.8 12 0.364247311827957 0.491935483870968 17.8508790282893 3 -1 0 
0 600 10.2 13 0.394657258064516 0.436290322580645 24.152460069971 3 1 0 
1 610 9.8 12 0.393279569892473 0.495161290322581 37.8164542218613 3 -1 0 
0 610 10.2 13 0.445161290322581 0.455645161290323 9.94298284695482 3 1 0 
1 620 9.8 12 0.443548387096774 0.460483870967742 44.8664795452634 3 -1 0 
0 620 10.2 13 0.474798387096774 0.532258064516129 4.24438851600004 3 1 0 
1 630 9.8 13 0.416666666666667 0.493951612903226 36.2059383831355 3 0 0 
0 630 10.2 13 0.413920056100982 0.581653225806452 1.81021976899094 3 0 0 
1 640 9.8 13 0.433467741935484 0.480846774193548 35.032816751661 3 0 0 
0 640 10.2 13 0.381048387096774 0.531451612903226 31.1949904465849 3 0 0 
1 650 9.8 13 0.476230899830221 0.455645161290323 17.5256446573208 3 0 0 
0 650 10.2 13 0.41647465437788 0.518548387096774 34.2679900031574 3 0 0 
1 660 9.8 13 0.382363253856943 0.35241935483871 26.8776941545381 3 -1 0 
0 660 10.2 14 0.400537634408602 0.544354838709677 39.1010431144741 3 1 0 
1 670 9.8 13 0.396057347670251 0.357258064516129 21.6008534672131 3 -1 0 
0 670 10.2 14 0.437683284457478 0.54758064516129 35.102356272808 3 1 0 
1 680 9.8 14 0.43721198156682 0.458064516129032 16.9886727365528 3 0 0 
0 680 10.2 14 0.472782258064516 0.511088709677419 36.1119296441033 3 0 0 
1 690 9.8 14 0.377880184331797 0.408064516129032 15.3196279737312 3 0 0 
0 690 10.2 14 0.45039100684262 0.509072580645161 29.5978302738813 3 0 0 
1 700 9.8 14 0.402649769585253 0.379838709677419 16.8689996468734 3 0 0 
0 700 10.2 14 0.469292803970223 0.554435483870968 22.8911256748085 3 0 0 
1 710 9.8 14 0.442428315412186 0.443548387096774 7.60609236798479 3 -1 0 
0 710 10.2 15 0.542562724014337 0.435483870967742 34.5422332855678 3 1 0 
1 720 9.8 14 0.387717121588089 0.369959677419355 14.8000213629499 3 -1 0 
0 720 10.2 15 0.433467741935484 0.357258064516129 22.2499875280336 3 1 0 
1 730 9.8 14 0.388536866359447 0.366935483870968 11.0001699937848 3 -1 0 
0 730 10.2 15 0.45866935483871 0.411290322580645 13.4298749813474 3 1 0 
1 740 9.8 15 0.412550403225806 0.420362903225806 18.1118352451967 3 0 0 
0 740 10.2 15 0.511044880785414 0.455645161290323 9.21213221394246 3 0 0 
1 750 9.8 15 0.375645161290323 0.412634408602151 18.9281134727806 3 0 0 
0 750 10.2 15 0.428152492668622 0.541129032258065 4.00515644079149 3 0 0 
1 760 9.8 15 0.398277126099707 0.301411290322581 23.3026656808459 3 0 0 
0 760 10.2 15 0.402889784946237 0.564516129032258 4.67936886901968 3 0 0 
1 770 9.8 15 0.434853830645161 0.354838709677419 30.3505997291538 3 -1 0 
0 770 10.2 16 0.460532746823069 0.611290322580645 4.39620015453563 3 1 0 
1 780 9.8 15 0.412046370967742 0.391129032258065 29.7723781232861 3 -1 0 
0 780 10.2 16 0.447825024437928 0.594354838709677 8.71322734605924 3 1 0 
1 790 9.8 15 0.492691532258065 0.293346774193548 32.7242201442031 3 -1 0 
0 790 10.2 16 0.504652605459057 0.509677419354839 19.2354874473927 3 1 0 
1 800 9.8 15 0.54176267281106 0.41633064516129 13.802491996588 3 -1 0 
0 800 10.2 16 0.562291434927697 0.474193548387097 28.3524629359264 3 1 0 
1 810 9.8 16 0.408154121863799 0.35 25.9677389341946 3 0 0 
0 810 10.2 16 0.424880525686977 0.436290322580645 26.3860319005011 3 0 0 
1 820 9.8 16 0.398956356736243 0.371774193548387 19.0587724238412 3 0 0 
0 820 10.2 16 0.445276497695853 0.441129032258065 33.7606328244886 3 0 0 
1 830 9.8 16 0.420540796963947 0.442741935483871 9.95108761408951 3 -1 0 
0 830 10.2 17 0.475950460829493 0.470967741935484 38.5092118212797 3 1 0 
1 840 9.8 16 0.382096774193548 0.474193548387097 5.60446128698222 3 -1 0 
0 840 10.2 17 0.448751300728408 0.481451612903226 7.45964779595798 3 1 0 
1 850 9.8 16 0.378225806451613 0.525806451612903 7.37620833220309 3 -1 0 
0 850 10.2 17 0.437683284457478 0.487096774193548 7.25733015467065 3 1 0 
1 860 9.8 17 0.413172043010753 0.473118279569893 7.99776111480467 3 0 0 
0 860 10.2 17 0.50356699751861 0.474462365591398 4.77562120636839 3 0 0 
1 870 9.8 17 0.353565365025467 0.473790322580645 5.1478150704935 3 -1 0 
0 870 10.2 18 0.482199055861526 0.474462365591398 3.33326603416472 3 1 0 
1 880 9.8 17 0.375268817204301 0.304435483870968 7.64852927038918 3 -1 0 
0 880 10.2 18 0.420766129032258 0.528225806451613 14.2105251770588 3 1 0 
1 890 9.8 17 0.380929791271347 0.429435483870968 3.35410196624968 3 -1 0 
0 890 10.2 18 0.606304985337243 0.560483870967742 18.0786136076079 3 1 0 
1 900 9.8 17 0.364552785923754 0.293010752688172 26.7822825374376 3 -1 0 
0 900 10.2 18 0.496673387096774 0.619623655913979 12.589374217321 3 1 0 
1 910 9.8 17 0.466733870967742 0.241935483870968 25.5202047388184 3 -1 0 
0 910 10.2 18 0.457174638487208 0.444354838709677 66.848274301022 3 1 0 
1 920 9.8 17 0.409139784946237 0.306451612903226 20.5167202803005 3 -1 0 
0 920 10.2 18 0.549507168458781 0.459677419354839 49.6480829119787 3 1 0 
1 930 9.8 17 0.337701612903226 0.35241935483871 9.13058878405685 3 -1 0 
0 930 10.2 18 0.49615975422427 0.509677419354839 28.8663587063639 3 1 0 
1 940 9.8 17 0.351814516129032 0.306451612903226 2.95933825506727 3 -1 0 
0 940 10.2 18 0.516666666666667 0.596774193548387 22.7717529348512 3 1 0 
1 950 9.8 18 0.378456221198157 0.417741935483871 4.52150315430013 3 0 0 
0 950 10.2 18 0.550047438330171 0.557459677419355 26.60295634577 3 0 0 
1 960 9.8 18 0.365495391705069 0.453225806451613 15.0632632431917 3 -1 0 
0 960 10.2 19 0.466935483870968 0.480846774193548 34.3764071298248 3 1 0 
1 970 9.8 18 0.390818858560794 0.327620967741936 26.5649018241095 3 -1 0 
0 970 10.2 19 0.460918114143921 0.538306451612903 22.2996661315599 3 1 0 
1 980 9.8 18 0.420406732117812 0.361895161290323 19.6682381609178 3 -1 0 
0 980 10.2 19 0.535806451612903 0.569556451612903 18.0087420116507 3 1 0 
1 990 9.8 18 0.355388563049853 0.388440860215054 7.06057694027524 3 -1 0 
0 990 10.2 19 0.437096774193548 0.461290322580645 33.2124831235553 3 1 0 
1 1000 9.8 18 0.370234604105572 0.380376344086022 3.63307156695101 3 -2 0 
0 1000 10.2 20 0.446002805049088 0.492741935483871 35.4489549853417 3 2 0 
1 1010 9.8 18 0.333333333333333 0.346774193548387 5.59698882093253 3 -2 0 
0 1010 10.2 20 0.492511520737327 0.483064516129032 28.3543093869978 3 2 0 
1 1020 9.8 18 0.350322580645161 0.298387096774194 2.78639120103915 3 -2 0 
0 1020 10.2 20 0.488420181968569 0.491129032258064 30.0136392242523 3 2 0 
1 1030 9.8 18 0.395353302611367 0.306451612903226 22.5506383829374 3 -2 0 
0 1030 10.2 20 0.449333800841515 0.411290322580645 12.3971277969379 3 2 0 
1 1040 9.8 19 0.424627791563276 0.367943548387097 7.10691140008905 3 -1 0 
0 1040 10.2 20 0.511712749615975 0.445967741935484 10.9434881188807 3 1 0 
1 1050 9.8 19 0.404704301075269 0.364516129032258 27.2738194865793 3 -1 0 
0 1050 10.2 20 0.424971198156682 0.487903225806452 10.3650607544992 3 1 0 
1 1060 9.8 19 0.487353372434018 0.448387096774194 16.7420117702622 3 -1 0 
0 1060 10.2 20 0.451437587657784 0.496774193548387 7.43211682206682 3 1 0 
1 1070 9.8 19 0.558349146110057 0.533266129032258 10.6361602109554 3 -1 0 
0 1070 10.2 20 0.518548387096774 0.488709677419355 7.66754670746464 3 1 0 
1 1080 9.8 19 0.499059139784946 0.599462365591398 6.49564328016582 3 -1 0 
0 1080 10.2 20 0.460626185958254 0.562096774193548 4.04681575768489 3 1 0 
1 1090 9.8 19 0.591458944281525 0.506048387096774 11.8532695911297 3 -2 0 
0 1090 10.2 21 0.62531017369727 0.564516129032258 5.8003917961728 3 2 0 
1 1100 9.8 19 0.701344086021505 0.457661290322581 24.0052077683156 3 -2 0 
0 1100 10.2 21 0.61741935483871 0.57741935483871 7.13325891125001 3 2 0 
1 1110 9.8 19 0.416023842917251 0.245967741935484 0 3 -2 0 
0 1110 10.2 21 0.430478309232481 0.542741935483871 10.1891526482894 3 2 0 
1 1120 9.8 20 0.46875 0.282258064516129 0 3 -1 0 
0 1120 10.2 21 0.402915632754342 0.475806451612903 47.6536146622059 3 1 0 
1 1130 9.8 20 0.418010752688172 0.1875 22.410934831015 3 -1 0 
0 1130 10.2 21 0.524342891278375 0.524193548387097 40.1017606555647 3 1 0 
1 1140 9.8 20 0.33352534562212 0.185483870967742 15.305227865014 2 -2 -1 
0 1140 10.2 22 0.471774193548387 0.645967741935484 22.3602307719746 3 2 1 
1 1150 9.8 20 0.325146627565982 0.204301075268817 7.10642996142492 2 -2 -1 
0 1150 10.2 22 0.491774193548387 0.695161290322581 10.3543522151753 3 2 1 
1 1160 9.8 20 0.369354838709677 0.178427419354839 5.9180272737888 2 -2 -1 
0 1160 10.2 22 0.549395161290323 0.784677419354839 2.77153327455557 3 2 1 
1 1170 9.8 20 0.326612903225806 0.182258064516129 5.69209585628701 2 -2 -1 
0 1170 10.2 22 0.497076612903226 0.788306451612903 5.96463552016093 3 2 1 
1 1180 9.8 20 0.358870967741936 0.237096774193548 3.68118541719116 2 -2 -1 
0 1180 10.2 22 0.529569892473118 0.713709677419355 2.46106166897573 3 2 1 
1 1190 9.8 21 0.370967741935484 0.374193548387097 15.6789270061744 2 -1 -1 
0 1190 10.2 22 0.59744623655914 0.540322580645161 9.7082439194738 3 1 1 
1 1200 9.8 21 0.327188940092166 0.462096774193548 17.33777122064 2 -1 -1 
0 1200 10.2 22 0.505900865460268 0.387096774193548 1 3 1 1 
1 1210 9.8 21 0.441756272401434 0.564516129032258 24.4289175654832 2 -1 -1 
0 1210 10.2 22 0.477318548387097 0.393145161290323 5.22015325445528 3 1 1 
1 1220 9.8 21 0.466666666666667 0.59758064516129 6.47482349907089 2 -1 -1 
0 1220 10.2 22 0.539473684210526 0.36491935483871 2.54950975679639 3 1 1 
1 1230 9.8 21 0.386290322580645 0.606451612903226 4.92751538964778 2 -1 -1 
0 1230 10.2 22 0.490725806451613 0.320564516129032 9.60468635614927 3 1 1 
1 1240 9.8 21 0.421658986175115 0.591129032258064 7.58928249456413 2 -1 -1 
0 1240 10.2 22 0.522043010752688 0.245967741935484 26.8745321832871 3 1 1 
1 1250 9.8 21 0.438172043010753 0.520161290322581 9.27331109180573 2 -1 -1 
0 1250 10.2 22 0.580357142857143 0.294354838709677 25.507093240631 3 1 1 
1 1260 9.8 21 0.384615384615385 0.42741935483871 12.1339213311486 2 -1 -1 
0 1260 10.2 22 0.448231009365245 0.345967741935484 20.4093809756114 3 1 1 
1 1270 9.8 21 0.412730414746544 0.457258064516129 6.20862534829979 2 -1 -1 
0 1270 10.2 22 0.432987711213518 0.470161290322581 16.1797567525815 3 1 1 
1 1280 9.8 21 0.46465844402277 0.459677419354839 3.32551702912114 2 -1 -1 
0 1280 10.2 22 0.514267990074442 0.518145161290323 9.11917708404953 3 1 1 
1 1290 9.8 21 0.355006720430108 0.481854838709677 4.15524958859799 2 -1 -1 
0 1290 10.2 22 0.442326490713587 0.490591397849462 3.43757120315148 3 1 1 
1 1300 9.8 22 0.370493358633776 0.461693548387097 10.497776526998 2 0 -1 
0 1300 10.2 22 0.45258064516129 0.404569892473118 7.71776598957336 3 0 1 
1 1310 9.8 22 0.423891129032258 0.462701612903226 34.4797855240837 2 0 -1 
0 1310 10.2 22 0.470430107526882 0.418010752688172 43.8973399788183 3 0 1 
1 1320 9.8 22 0.379608294930876 0.451612903225806 39.7055336162428 2 0 -1 
0 1320 10.2 22 0.476549235993209 0.420698924731183 40.8268900503526 3 0 1 
1 1330 9.8 22 0.347960151802656 0.513104838709677 49.3552391348525 2 0 -1 
0 1330 10.2 22 0.526497695852535 0.422043010752688 47.1471413186291 3 0 1 
1 1340 9.8 22 0.40488614800759 0.463709677419355 46.3867807342383 2 0 -1 
0 1340 10.2 22 0.591831425598335 0.439516129032258 27.9788538841479 3 0 1 
1 1350 9.8 22 0.322115384615385 0.379838709677419 47.8549836097987 2 -1 -1 
0 1350 10.2 23 0.499798387096774 0.397177419354839 38.2494353308652 3 1 1 
1 1360 9.8 22 0.370266479663394 0.382258064516129 26.8365904546627 2 -1 -1 
0 1360 10.2 23 0.470800889877642 0.388709677419355 41.2717011351422 3 1 1 
1 1370 9.8 22 0.394460028050491 0.408870967741935 32.4203464869993 2 -1 -1 
0 1370 10.2 23 0.538624787775891 0.44758064516129 30.7072226695223 3 1 1 
1 1380 9.8 22 0.402329749103943 0.445161290322581 25.1666654636323 2 -1 -1 
0 1380 10.2 23 0.448191593352884 0.467741935483871 17.9794219587319 3 1 1 
1 1390 9.8 22 0.415787841191067 0.467741935483871 18.6477768282265 2 -1 -1 
0 1390 10.2 23 0.412802419354839 0.443548387096774 15.5530606620554 3 1 1 
1 1400 9.8 22 0.461799660441426 0.523185483870968 4.70420925654314 2 -1 -1 
0 1400 10.2 23 0.468291788856305 0.44489247311828 2.60019491677682 3 1 1 
1 1410 9.8 22 0.454393770856507 0.534274193548387 3.80788655293195 2 -1 -1 
0 1410 10.2 23 0.454608294930876 0.412634408602151 8.66586429151627 3 1 1 
1 1420 9.8 22 0.436669829222011 0.594758064516129 8.27647267862342 2 -1 -1 
0 1420 10.2 23 0.478928199791884 0.365591397849462 11.0489504966978 3 1 1 
1 1430 9.8 22 0.415322580645161 0.538306451612903 8.32165848854662 2 -1 -1 
0 1430 10.2 23 0.530529953917051 0.276881720430108 27.283263800272 3 1 1 
1 1440 9.8 22 0.339983022071307 0.502016129032258 8.5146931829632 2 -1 -1 
0 1440 10.2 23 0.50549853372434 0.44489247311828 26.5692463901929 3 1 1 
1 1450 9.8 22 0.358870967741936 0.429435483870968 13.7568164921976 2 -1 -1 
0 1450 10.2 23 0.535208497246263 0.440860215053763 21.6591418724905 3 1 1 
1 1460 9.8 23 0.433691756272401 0.291666666666667 33.2682491013423 2 0 -1 
0 1460 10.2 23 0.602696572580645 0.315524193548387 27.1689085009234 3 0 1 
1 1470 9.8 23 0.344278033794163 0.348790322580645 31.2917577159677 2 0 -1 
0 1470 10.2 23 0.46286078098472 0.321774193548387 30.3710572014871 3 0 1 
1 1480 9.8 23 0.345334101382488 0.334677419354839 31.1257855266104 2 0 -1 
0 1480 10.2 23 0.418889578163772 0.373387096774194 8.59357209795439 3 0 1 
1 1490 9.8 23 0.405376344086022 0.370967741935484 21.6481329830664 2 0 -1 
0 1490 10.2 23 0.501935483870968 0.448387096774194 4.46239004874856 3 0 1 
1 1500 9.8 23 0.368768328445748 0.429032258064516 12.2708155271134 2 0 -1 
0 1500 10.2 23 0.464145597210113 0.495161290322581 10.5018886870467 3 0 1 
1 1510 9.8 23 0.375806451612903 0.491129032258064 18.8085396844131 2 0 -1 
0 1510 10.2 23 0.505131964809384 0.495161290322581 18.0194007518166 3 0 1 
1 1520 9.8 23 0.408498759305211 0.462903225806452 17.9956842711979 2 0 -1 
0 1520 10.2 23 0.54331797235023 0.495967741935484 4.11536977273298 3 0 1 
1 1530 9.8 23 0.342293906810036 0.469354838709677 3.65653416564597 2 0 -1 
0 1530 10.2 23 0.508064516129032 0.450806451612903 7.79938427267937 3 0 1 
1 1540 9.8 23 0.44727047146402 0.456451612903226 29.6299319597385 2 0 -1 
0 1540 10.2 23 0.529894327030033 0.411290322580645 12.7376706805746 3 0 1 
1 1550 9.8 23 0.451612903225806 0.445967741935484 30.2296963861735 2 -1 -1 
0 1550 10.2 24 0.639280913978495 0.428225806451613 7.61411679253492 3 1 1 
1 1560 9.8 23 0.350134408602151 0.446774193548387 20.4544736781493 2 -1 -1 
0 1560 10.2 24 0.478204010462075 0.455645161290323 7.71851818247816 3 1 1 
1 1570 9.8 23 0.384762308998302 0.445967741935484 16.0190852971647 2 -1 -1 
0 1570 10.2 24 0.442372311827957 0.483064516129032 14.375642268886 3 1 1 
1 1580 9.8 23 0.387447405329593 0.428225806451613 12.6106073923628 2 -1 -1 
0 1580 10.2 24 0.472350230414747 0.505645161290323 11.8263252694237 3 1 1 
1 1590 9.8 23 0.378528225806452 0.395967741935484 17.3549455238838 2 -1 -1 
0 1590 10.2 24 0.440556711758585 0.505645161290323 5.25556626161037 3 1 1 
1 1600 9.8 23 0.437701612903226 0.399193548387097 12.1222312639648 2 -1 -1 
0 1600 10.2 24 0.391129032258065 0.470161290322581 10.4891189933234 3 1 1 
1 1610 9.8 23 0.435133239831697 0.492741935483871 5.95939066800451 2 -1 -1 
0 1610 10.2 24 0.460215053763441 0.479838709677419 7.72844321041801 3 1 1 
1 1620 9.8 24 0.401097670250896 0.465725806451613 4.22557429043747 2 0 -1 
0 1620 10.2 24 0.431451612903226 0.469758064516129 5.48697910757956 3 0 1 
1 1630 9.8 24 0.417914746543779 0.466397849462366 3.88406850484895 2 0 -1 
0 1630 10.2 24 0.376061120543294 0.48991935483871 3.53553390593274 3 0 1 
1 1640 9.8 24 0.462096774193548 0.525537634408602 16.6472560263718 2 0 -1 
0 1640 10.2 24 0.445099255583127 0.354838709677419 0 3 0 1 
1 1650 9.8 24 0.416303400174368 0.530913978494624 16.8997952509964 2 0 -1 
0 1650 10.2 24 0.384744623655914 0.298387096774194 0 3 0 1 
1 1660 9.8 24 0.423099078341014 0.435483870967742 26.3561219884883 2 0 -1 
0 1660 10.2 24 0.363127240143369 0.459677419354839 0 3 0 1 
1 1670 9.8 24 0.48178531701891 0.504032258064516 22.8791890227944 2 0 -1 
0 1670 10.2 24 0.469758064516129 0.479838709677419 0 3 0 1 
1 1680 9.8 24 0.45437181663837 0.483870967741936 27.980832471641 2 0 -1 
0 1680 10.2 24 0.422510518934081 0.491935483870968 0 3 0 1 
1 1690 9.8 24 0.52962158808933 0.438508064516129 42.1337130403723 2 0 -1 
0 1690 10.2 24 0.434708436724566 0.203629032258065 35.1907283836003 3 0 1 
1 1700 9.8 24 0.565322580645161 0.390322580645161 35.7796595257217 2 0 -1 
0 1700 10.2 24 0.531206171107994 0.243951612903226 26.5975309173244 3 0 1 
1 1710 9.8 24 0.495060483870968 0.520967741935484 21.6908746964536 2 0 -1 
0 1710 10.2 24 0.428392658509455 0.290322580645161 19.4610425752789 3 0 1 
1 1720 9.8 24 0.487903225806452 0.612903225806452 4.74965257932339 2 0 -1 
0 1720 10.2 24 0.501344086021505 0.323387096774194 7.64432940576185 3 0 1 
1 1730 9.8 24 0.528225806451613 0.659677419354839 2.52427920701633 2 0 -1 
0 1730 10.2 24 0.639400921658986 0.282258064516129 9.07499090290926 3 0 1 
1 1740 9.8 24 0.424251152073733 0.691129032258065 5.28381234783985 2 0 -1 
0 1740 10.2 24 0.540322580645161 0.253225806451613 5.55818411131595 3 0 1 
1 1750 9.8 25 0.457111436950147 0.687903225806452 3.88725189216654 2 1 -1 
0 1750 10.2 24 0.485887096774194 0.26008064516129 7.32203246529241 3 -1 1 
1 1760 9.8 25 0.629032258064516 0.687903225806452 6.87538153251734 2 1 0 
0 1760 10.2 24 0.53741935483871 0.254032258064516 5.31627140334558 2 -1 0 
1 1770 9.8 25 0.516341256366723 0.758064516129032 6.52077377516105 2 1 0 
0 1770 10.2 24 0.515264976958525 0.188508064516129 7.50563903097229 2 -1 0 
1 1780 9.8 25 0.6875 0.781451612903226 4.07039610646486 2 1 0 
0 1780 10.2 24 0.453629032258065 0.189516129032258 9.44406894931689 2 -1 0 
1 1790 9.8 25 0.600806451612903 0.791129032258065 4.77007441994651 2 1 0 
0 1790 10.2 24 0.491935483870968 0.182795698924731 3.84058995521828 2 -1 0 
