1 30 6.6 1 NaN 0.225 3.46423872240104 2 0 0 
0 30 7.6 1 NaN 0.288306451612903 11.595945319263 2 0 0 
1 40 6.6 1 NaN 0.179032258064516 3.3548439958639 2 0 0 
0 40 7.6 1 NaN 0.294354838709677 24.6932730643464 2 0 0 
1 50 6.6 1 NaN 0.262096774193548 11.0218512504021 2 0 0 
0 50 7.6 1 0.389112903225806 0.362903225806452 35.0467760169148 2 0 0 
1 60 6.6 1 0.383064516129032 0.408870967741935 30.1438003668572 2 0 0 
0 60 7.6 1 0.383064516129032 0.456451612903226 40.4176105589327 2 0 0 
1 70 6.6 1 0.383995037220844 0.450806451612903 38.2545821131386 2 0 0 
0 70 7.6 1 0.42741935483871 0.474193548387097 39.5892915367988 2 0 0 
1 80 6.6 1 0.463961693548387 0.475806451612903 34.7568684017887 2 0 0 
0 80 7.6 1 0.484206989247312 0.462903225806452 39.6861798985175 2 0 0 
1 90 6.6 1 0.404411764705882 0.480645161290323 36.3991236028911 2 0 0 
0 90 7.6 1 0.401565464895636 0.492741935483871 35.4041934719196 2 0 0 
1 100 6.6 1 0.443548387096774 0.495967741935484 42.344936679557 2 0 0 
0 100 7.6 1 0.389976958525346 0.442741935483871 39.2994468212238 2 0 0 
1 110 6.6 2 0.476670506912442 0.469758064516129 40.9784870562757 2 0 0 
0 110 7.6 2 0.479838709677419 0.478225806451613 38.8485345139376 2 0 0 
1 120 6.6 2 0.390322580645161 0.393548387096774 46.9436630732054 2 0 0 
0 120 7.6 2 0.418081494057725 0.474798387096774 41.0219929131624 2 0 0 
1 130 6.6 2 0.401209677419355 0.434677419354839 37.6670310602843 2 0 0 
0 130 7.6 2 0.401461693548387 0.487903225806452 44.9762464921863 2 0 0 
1 140 6.6 2 0.487903225806452 0.45241935483871 40.5489860415898 2 0 0 
0 140 7.6 2 0.486559139784946 0.404032258064516 49.4551139782572 2 0 0 
1 150 6.6 3 0.411290322580645 0.489516129032258 35.7024744849077 2 0 0 
0 150 7.6 3 0.409592529711375 0.440322580645161 37.5694251364198 2 0 0 
1 160 6.6 3 0.383064516129032 0.481451612903226 24.8857631431846 2 0 0 
0 160 7.6 3 0.397465437788018 0.469758064516129 10.6900974686407 2 0 0 
1 170 6.6 3 0.509216589861751 0.482862903225806 20.2821370595199 2 0 0 
0 170 7.6 3 0.459310850439883 0.479838709677419 9.76754988851204 2 0 0 
1 180 6.6 3 0.438639551192146 0.418548387096774 33.3612933830257 2 0 0 
0 180 7.6 3 0.383064516129032 0.402217741935484 30.0401989931051 2 0 0 
1 190 6.6 4 0.426663306451613 0.42258064516129 28.7404757056417 2 1 0 
0 190 7.6 3 0.391129032258065 0.412903225806452 23.7847645438065 2 -1 0 
1 200 6.6 4 0.512384792626728 0.476814516129032 6.63593135631521 2 0 0 
0 200 7.6 4 0.460483870967742 0.416129032258065 16.1145333577502 2 0 0 
1 210 6.6 4 0.412186379928315 0.480846774193548 7.24623942025751 2 0 0 
0 210 7.6 4 0.407056451612903 0.491935483870968 6.46551587984506 2 0 0 
1 220 6.6 4 0.383064516129032 0.431451612903226 27.180663984646 2 0 0 
0 220 7.6 4 0.398007590132827 0.474462365591398 7.91280949881518 2 0 0 
1 230 6.6 5 0.500930521091811 0.473387096774194 24.2445828225007 2 1 0 
0 230 7.6 4 0.467517921146953 0.278225806451613 32.2490309931942 2 -1 0 
1 240 6.6 5 0.410394265232975 0.515322580645161 14.795938386174 2 1 0 
0 240 7.6 4 0.43460729312763 0.294354838709677 8.13941029804985 2 -1 0 
1 250 6.6 5 0.383064516129032 0.533870967741936 8.88953457926884 2 1 0 
0 250 7.6 4 0.413530465949821 0.280645161290323 38.4712754085902 2 -1 0 
1 260 6.6 6 0.462049335863378 0.529032258064516 27.1342221153951 2 2 0 
0 260 7.6 4 0.491935483870968 0.337701612903226 27.5046004429045 2 -2 0 
1 270 6.6 6 0.436895161290323 0.534274193548387 22.1694278597076 2 1 0 
0 270 7.6 5 0.418970814132104 0.409274193548387 19.7856504539033 2 -1 0 
1 280 6.6 6 0.445430107526882 0.538306451612903 24.6354092976064 2 1 0 
0 280 7.6 5 0.421477079796265 0.401612903225806 38.0885571370777 2 -1 0 
1 290 6.6 7 0.542842741935484 0.476612903225806 45.8714295455569 2 2 0 
0 290 7.6 5 0.534090909090909 0.388440860215054 36.3839021147413 2 -2 0 
1 300 6.6 7 0.45852534562212 0.555443548387097 30.3682743716927 2 1 0 
0 300 7.6 6 0.377592165898617 0.426075268817204 29.4222990444804 2 -1 0 
1 310 6.6 7 0.46415770609319 0.568548387096774 31.0915669095967 2 1 0 
0 310 7.6 6 0.388709677419355 0.308870967741935 36.6873976554731 2 -1 0 
1 320 6.6 8 0.592267552182163 0.668346774193548 5.07836367862878 2 2 0 
0 320 7.6 6 0.459101382488479 0.285483870967742 16.8704325886263 2 -2 0 
1 330 6.6 8 0.456195014662757 0.543346774193548 50.2010449430616 2 2 0 
0 330 7.6 6 0.344913151364764 0.26747311827957 4.3663610052836 2 -2 0 
1 340 6.6 8 0.404569892473118 0.607862903225806 35.8255739789912 2 1 0 
0 340 7.6 7 0.408770161290323 0.264784946236559 2.59236717953422 2 -1 0 
1 350 6.6 9 0.546236559139785 0.64616935483871 15.1147645213304 2 2 0 
0 350 7.6 7 0.428225806451613 0.225 17.4643529281503 2 -2 0 
1 360 6.6 9 0.469516129032258 0.537096774193548 37.484723238005 2 2 0 
0 360 7.6 7 0.365255376344086 0.267741935483871 23.7800228617122 2 -2 0 
1 370 6.6 9 0.470588235294118 0.533064516129032 22.7849475845467 2 2 0 
0 370 7.6 7 0.410282258064516 0.340322580645161 30.1945137179354 2 -2 0 
1 380 6.6 9 0.514112903225806 0.453225806451613 23.8851744400579 2 2 0 
0 380 7.6 7 0.512096774193548 0.373387096774194 34.1546975587474 2 -2 0 
1 390 6.6 9 0.431675627240143 0.460483870967742 14.3376790238597 2 2 0 
0 390 7.6 7 0.404485887096774 0.390322580645161 28.9229009566757 2 -2 0 
1 400 6.6 9 0.396627565982405 0.469354838709677 16.2605834968489 2 1 0 
0 400 7.6 8 0.383064516129032 0.444354838709677 32.6643809675406 2 -1 0 
1 410 6.6 9 0.49758064516129 0.480645161290323 16.2740770979877 2 1 0 
0 410 7.6 8 0.496774193548387 0.446774193548387 31.9490033340534 2 -1 0 
1 420 6.6 9 0.461693548387097 0.542741935483871 28.0488346309555 2 1 0 
0 420 7.6 8 0.403673835125448 0.457258064516129 37.3220144815946 2 -1 0 
1 430 6.6 10 0.443785578747628 0.649193548387097 30.0666555169491 2 2 0 
0 430 7.6 8 0.397642679900744 0.379838709677419 42.2893930866799 2 -2 0 
1 440 6.6 10 0.57376660341556 0.644354838709677 25.3187278574561 2 2 0 
0 440 7.6 8 0.523617511520737 0.384072580645161 30.6390459106977 2 -2 0 
1 450 6.6 10 0.470046082949309 0.700806451612903 20.0387984915736 2 2 0 
0 450 7.6 8 0.392990074441687 0.399193548387097 34.9673285402564 2 -2 0 
1 460 6.6 11 0.506154499151104 0.628225806451613 38.6108663275025 2 3 1 
0 460 7.6 8 0.395161290322581 0.342741935483871 37.8480752586618 1 -3 -1 
1 470 6.6 11 0.598471986417657 0.57741935483871 17.0303204973799 2 2 1 
0 470 7.6 9 0.521889400921659 0.330645161290323 32.5533246558742 1 -2 -1 
1 480 6.6 11 0.489299007444169 0.475806451612903 8.78334304258207 2 2 1 
0 480 7.6 9 0.375 0.256048387096774 4.74341649025257 1 -2 -1 
1 490 6.6 11 0.498138957816377 0.463709677419355 7.76354679206523 2 2 1 
0 490 7.6 9 0.378528225806452 0.228494623655914 12.4270778521452 1 -2 -1 
1 500 6.6 11 0.528013582342954 0.540322580645161 6.12262773753974 2 2 1 
0 500 7.6 9 0.462557603686636 0.232862903225806 9.09482603297199 1 -2 -1 
1 510 6.6 11 0.485459433040078 0.467741935483871 12.6354633372652 2 2 1 
0 510 7.6 9 0.353908188585608 0.346774193548387 27.8130559204594 1 -2 -1 
1 520 6.6 11 0.474686379928315 0.462903225806452 4.3986046916382 2 2 1 
0 520 7.6 9 0.395161290322581 0.4375 16.5216901960884 1 -2 -1 
1 530 6.6 12 0.60752688172043 0.47258064516129 7.03931294553482 2 3 1 
0 530 7.6 9 0.449596774193548 0.476814516129032 8.17967928313047 1 -3 -1 
1 540 6.6 12 0.509460297766749 0.498387096774194 6.22022326112878 2 3 1 
0 540 7.6 9 0.369623655913979 0.380040322580645 31.8220395823867 1 -3 -1 
1 550 6.6 12 0.534274193548387 0.640322580645161 11.5367538104376 2 3 1 
0 550 7.6 9 0.368548387096774 0.327620967741936 8.86008820789069 1 -3 -1 
1 560 6.6 12 0.639280913978495 0.679838709677419 4.23564928528715 2 3 1 
0 560 7.6 9 0.378225806451613 0.243548387096774 5.99272902966954 1 -3 -1 
1 570 6.6 12 0.526209677419355 0.756048387096774 8.28422595462024 2 2 1 
0 570 7.6 10 0.341397849462366 0.188709677419355 5.59772924601864 1 -2 -1 
1 580 6.6 12 0.509897360703812 0.725806451612903 5.77232304714898 2 2 1 
0 580 7.6 10 0.394354838709677 0.179032258064516 9.14097173372976 1 -2 -1 
1 590 6.6 13 0.638104838709677 0.673387096774194 1.31455021053837 2 2 1 
0 590 7.6 11 0.393817204301075 0.277217741935484 7.99908577726301 1 -2 -1 
1 600 6.6 13 0.504176267281106 0.483870967741936 38.1726248909627 2 2 1 
0 600 7.6 11 0.312903225806452 0.293346774193548 11.9744186052039 1 -2 -1 
1 610 6.6 13 0.520336605890603 0.439516129032258 35.4797516685138 2 2 1 
0 610 7.6 11 0.434475806451613 0.232258064516129 24.0012436853715 1 -2 -1 
1 620 6.6 13 0.607643758765778 0.416129032258064 50.942672828335 2 2 1 
0 620 7.6 11 0.434475806451613 0.293548387096774 11.1025824483365 1 -2 -1 
1 630 6.6 13 0.485806451612903 0.438709677419355 39.3983259763298 2 2 1 
0 630 7.6 11 0.38010752688172 0.361290322580645 19.4471097352023 1 -2 -1 
1 640 6.6 13 0.443548387096774 0.475 38.6383417111598 2 2 1 
0 640 7.6 11 0.408986175115207 0.395967741935484 19.7786851563983 1 -2 -1 
1 650 6.6 14 0.508064516129032 0.52258064516129 37.5438816596883 2 2 1 
0 650 7.6 12 0.459408602150538 0.406451612903226 20.62034351311 1 -2 -1 
1 660 6.6 14 0.450035063113604 0.573387096774194 31.2553255281619 2 2 1 
0 660 7.6 12 0.407258064516129 0.396774193548387 22.4073551414547 1 -2 -1 
1 670 6.6 14 0.442911714770798 0.591129032258064 23.7240020427398 2 2 1 
0 670 7.6 12 0.372177419354839 0.384408602150538 9.25036484090569 1 -2 -1 
1 680 6.6 14 0.560483870967742 0.573387096774194 28.0109555985069 2 2 1 
0 680 7.6 12 0.379838709677419 0.413306451612903 15.7003184681076 1 -2 -1 
1 690 6.6 14 0.511962365591398 0.534677419354839 23.3162515733309 2 2 1 
0 690 7.6 12 0.335125448028674 0.358870967741936 0 1 -2 -1 
1 700 6.6 15 0.550979262672811 0.617741935483871 11.8337771882638 2 3 1 
0 700 7.6 12 0.362903225806452 0.147177419354839 4.5 1 -3 -1 
1 710 6.6 15 0.659562211981567 0.720967741935484 5.27895773057715 2 3 1 
0 710 7.6 12 0.274193548387097 0.181451612903226 9.08089069316247 1 -3 -1 
1 720 6.6 15 0.55426267281106 0.730645161290323 4.87218471950283 2 3 1 
0 720 7.6 12 0.266129032258065 0.185483870967742 7.07106781186548 1 -3 -1 
1 730 6.6 16 0.573553948832036 0.775806451612903 6.13178989857316 2 4 2 
0 730 7.6 12 0.225 0.199596774193548 16.3248277173145 0 -4 -2 
1 740 6.6 16 0.689238042269188 0.738709677419355 5.13796211192668 2 4 2 
0 740 7.6 12 0.224078341013825 0.1875 8.63133825081603 0 -4 -2 
1 750 6.6 16 0.648185483870968 0.771774193548387 3.99425332787462 2 4 2 
0 750 7.6 12 0.221774193548387 0.153225806451613 2.5 0 -4 -2 
1 760 6.6 16 0.774193548387097 0.762903225806452 4.62963699802151 2 3 2 
0 760 7.6 13 NaN 0.147849462365591 2.99023667205808 0 -3 -2 
1 770 6.6 16 0.774193548387097 0.805645161290323 1.73665631459995 2 3 2 
0 770 7.6 13 NaN 0.165322580645161 0 0 -3 -2 
