1 30 5.8 1 NaN 0.283064516129032 15.0727005968085 3 0 0 
0 30 4.8 1 NaN 0.393145161290323 39.3999842974356 3 0 0 
1 40 5.8 1 NaN 0.335483870967742 33.4481462334742 3 0 0 
0 40 4.8 1 NaN 0.39616935483871 38.963145536654 3 0 0 
1 50 5.8 1 NaN 0.425806451612903 32.4628941262861 3 0 0 
0 50 4.8 1 0.383064516129032 0.41633064516129 35.3209276917585 3 0 0 
1 60 5.8 1 0.375 0.495967741935484 30.2250492144404 3 0 0 
0 60 4.8 1 0.375 0.474193548387097 27.5545851868243 3 0 0 
1 70 5.8 1 0.393817204301075 0.50241935483871 28.1845501295461 3 0 0 
0 70 4.8 1 0.385483870967742 0.480645161290323 31.0019034864378 3 0 0 
1 80 5.8 1 0.468827543424318 0.503024193548387 24.0117703453296 3 0 0 
0 80 4.8 1 0.479233870967742 0.505645161290323 24.8053835987697 3 0 0 
1 90 5.8 1 0.411722350230415 0.513104838709677 34.0184546282994 3 0 0 
0 90 4.8 1 0.397022332506204 0.461290322580645 29.2086607360367 3 0 0 
1 100 5.8 1 0.415322580645161 0.443548387096774 39.0621171783237 3 -1 0 
0 100 4.8 2 0.41304347826087 0.473387096774194 33.8712700203954 3 1 0 
1 110 5.8 2 0.450736325385694 0.473387096774194 35.8343663203757 3 0 0 
0 110 4.8 2 0.471630184331797 0.491129032258064 31.0384710383195 3 0 0 
1 120 5.8 2 0.418202764976959 0.492741935483871 32.6816088456539 3 0 0 
0 120 4.8 2 0.395161290322581 0.464717741935484 37.9870485897793 3 0 0 
1 130 5.8 2 0.414650537634409 0.487903225806452 30.5099928337455 3 0 0 
0 130 4.8 2 0.406158357771261 0.47258064516129 35.3558308165196 3 0 0 
1 140 5.8 3 0.461100569259962 0.492741935483871 33.7972527450586 3 0 0 
0 140 4.8 3 0.462243401759531 0.479032258064516 26.8599918215987 3 0 0 
1 150 5.8 3 0.422510518934081 0.513709677419355 29.9393684094624 3 0 0 
0 150 4.8 3 0.390427769985975 0.446774193548387 27.8912012513381 3 0 0 
1 160 5.8 3 0.39586255259467 0.500806451612903 20.1523231428316 3 0 0 
0 160 4.8 3 0.395362903225806 0.457661290322581 25.4620412660419 3 0 0 
1 170 5.8 4 0.472835314091681 0.511290322580645 22.863257521545 3 1 0 
0 170 4.8 3 0.471774193548387 0.393145161290323 23.25848811304 3 -1 0 
1 180 5.8 4 0.441532258064516 0.508870967741936 21.355692445973 3 1 0 
0 180 4.8 3 0.375 0.384677419354839 33.9898850804008 3 -1 0 
1 190 5.8 4 0.426123271889401 0.495967741935484 19.5506420336078 3 0 0 
0 190 4.8 4 0.374596774193548 0.446572580645161 23.7603394475508 3 0 0 
1 200 5.8 5 0.457787298387097 0.414314516129032 37.2815612840611 3 1 0 
0 200 4.8 4 0.439717741935484 0.423387096774194 35.0725169337631 3 -1 0 
1 210 5.8 5 0.475358422939068 0.345967741935484 36.3517231850363 3 1 0 
0 210 4.8 4 0.373463901689708 0.445967741935484 36.7763603198189 3 -1 0 
1 220 5.8 5 0.466589861751152 0.414516129032258 42.7433566443798 3 1 0 
0 220 4.8 4 0.374525616698292 0.379838709677419 39.4269134119972 3 -1 0 
1 230 5.8 5 0.500806451612903 0.483870967741936 38.6300282204636 3 0 0 
0 230 4.8 5 0.430241935483871 0.350806451612903 31.9803222829815 3 0 0 
1 240 5.8 6 0.426724137931034 0.525 33.7829431430595 3 1 0 
0 240 4.8 5 0.397440392706872 0.34005376344086 26.2310373986036 3 -1 0 
1 250 5.8 6 0.445564516129032 0.521774193548387 37.5742185183412 3 1 0 
0 250 4.8 5 0.409106182795699 0.477822580645161 11.0583484390087 3 -1 0 
1 260 5.8 6 0.510630498533724 0.539314516129032 39.5032843445471 3 1 0 
0 260 4.8 5 0.453341013824885 0.405241935483871 35.2926568012136 3 -1 0 
1 270 5.8 7 0.459252971137521 0.516129032258065 43.1655259990825 3 1 0 
0 270 4.8 6 0.377016129032258 0.368951612903226 34.8379511948824 3 -1 0 
1 280 5.8 7 0.408986175115207 0.438709677419355 54.8980981805048 3 1 0 
0 280 4.8 6 0.378482404692082 0.337701612903226 31.5781696680247 3 -1 0 
1 290 5.8 7 0.497311827956989 0.432258064516129 41.6384945283195 3 1 0 
0 290 4.8 6 0.422837243401759 0.456653225806452 24.0186161778499 3 -1 0 
1 300 5.8 7 0.443087557603687 0.453225806451613 32.0836548242174 3 1 0 
0 300 4.8 6 0.399503722084367 0.426411290322581 35.4450779480664 3 -1 0 
1 310 5.8 7 0.433870967741935 0.425806451612903 44.8640596515522 3 1 0 
0 310 4.8 6 0.403927068723703 0.446774193548387 40.9207213302592 3 -1 0 
1 320 5.8 8 0.488709677419355 0.466935483870968 38.1091491305849 3 2 0 
0 320 4.8 6 0.473694316436252 0.430645161290323 40.6844245010315 3 -2 0 
1 330 5.8 8 0.441837732160313 0.513709677419355 38.1954908935624 3 1 0 
0 330 4.8 7 0.404233870967742 0.454838709677419 48.1273363233389 3 -1 0 
1 340 5.8 8 0.466191066997519 0.470967741935484 34.8254378200179 3 1 0 
0 340 4.8 7 0.38536866359447 0.419354838709677 44.0060316771112 3 -1 0 
1 350 5.8 9 0.5091642228739 0.535483870967742 31.9894878645592 3 2 0 
0 350 4.8 7 0.428368121442125 0.392137096774194 45.5060708864982 3 -2 0 
1 360 5.8 9 0.422640382317802 0.516129032258065 35.5540879840577 3 2 0 
0 360 4.8 7 0.385416666666667 0.404233870967742 49.7166535478915 3 -2 0 
1 370 5.8 9 0.447412634408602 0.52741935483871 30.8935142548265 3 2 0 
0 370 4.8 7 0.383832565284178 0.337701612903226 47.3065937306502 3 -2 0 
1 380 5.8 9 0.516353046594982 0.501612903225806 35.4715150608737 3 1 0 
0 380 4.8 8 0.465322580645161 0.376008064516129 32.726540898595 3 -1 0 
1 390 5.8 9 0.414032258064516 0.493548387096774 20.2193934230682 3 1 0 
0 390 4.8 8 0.39432123655914 0.440524193548387 39.1435623414427 3 -1 0 
1 400 5.8 10 0.391830294530154 0.491129032258064 13.4080608533792 3 2 0 
0 400 4.8 8 0.40440188172043 0.433064516129032 33.1601270851672 3 -2 0 
1 410 5.8 10 0.475582437275986 0.466129032258065 13.1812604953539 3 2 0 
0 410 4.8 8 0.487399193548387 0.474193548387097 26.5002267810096 3 -2 0 
1 420 5.8 10 0.379948680351906 0.52258064516129 6.34584091919063 3 2 0 
0 420 4.8 8 0.421370967741936 0.434139784946237 10.5206763462733 3 -2 0 
1 430 5.8 11 0.398387096774194 0.537096774193548 9.57955294612705 3 3 0 
0 430 4.8 8 0.387798036465638 0.395161290322581 4.96472559987915 3 -3 0 
1 440 5.8 11 0.528897849462366 0.5 10.4186479284538 3 2 0 
0 440 4.8 9 0.471407624633431 0.345430107526882 21.226567274581 3 -2 0 
1 450 5.8 11 0.474078341013825 0.520967741935484 9.79612063364118 3 2 0 
0 450 4.8 9 0.442502986857826 0.381048387096774 34.7317830413991 3 -2 0 
1 460 5.8 11 0.398492286115007 0.559677419354839 10.8310532306016 3 2 0 
0 460 4.8 9 0.408602150537634 0.386088709677419 28.5642720089996 3 -2 0 
1 470 5.8 11 0.432795698924731 0.529032258064516 16.4345337360504 3 2 0 
0 470 4.8 9 0.466346153846154 0.402217741935484 23.9836681056265 3 -2 0 
1 480 5.8 11 0.421489563567362 0.525806451612903 25.0617834722226 3 2 0 
0 480 4.8 9 0.403801843317972 0.398185483870968 31.7544258190622 3 -2 0 
1 490 5.8 12 0.460445468509985 0.516935483870968 34.2159483419037 3 3 0 
0 490 4.8 9 0.406891495601173 0.37258064516129 48.3151764264494 3 -3 0 
1 500 5.8 12 0.554723502304147 0.555645161290323 37.4075515745874 3 2 0 
0 500 4.8 10 0.499596774193548 0.430645161290323 39.140112013954 3 -2 0 
1 510 5.8 12 0.460829493087558 0.512096774193548 24.9401765638737 3 2 0 
0 510 4.8 10 0.367636746143058 0.407258064516129 36.785043676485 3 -2 0 
1 520 5.8 12 0.423588709677419 0.510483870967742 13.1436813698692 3 2 0 
0 520 4.8 10 0.400806451612903 0.381048387096774 27.1654581815521 3 -2 0 
1 530 5.8 12 0.491625310173697 0.576612903225806 5.04256452515513 3 2 0 
0 530 4.8 10 0.423771121351767 0.336693548387097 13.0390524845049 3 -2 0 
1 540 5.8 13 0.469220430107527 0.537903225806452 14.3827070912005 3 3 0 
0 540 4.8 10 0.373350439882698 0.323924731182796 11.5590742599653 3 -3 0 
1 550 5.8 13 0.491625310173697 0.575 7.75399088004949 3 3 0 
0 550 4.8 10 0.398244781783681 0.38508064516129 5.20049369487324 3 -3 0 
1 560 5.8 13 0.553464755077658 0.607258064516129 5.00265990478213 3 3 0 
0 560 4.8 10 0.423790322580645 0.363911290322581 3.303247019448 3 -3 0 
1 570 5.8 13 0.487748138957816 0.596774193548387 16.3365327525832 3 2 0 
0 570 4.8 11 0.377016129032258 0.206451612903226 22.0771602243428 3 -2 0 
1 580 5.8 13 0.46878733572282 0.569354838709677 27.7087076106359 3 2 0 
0 580 4.8 11 0.39616935483871 0.273185483870968 14.6551347041837 3 -2 0 
1 590 5.8 13 0.534894540942928 0.520967741935484 38.7655474747544 3 2 0 
0 590 4.8 11 0.446236559139785 0.409274193548387 12.8995620450666 3 -2 0 
1 600 5.8 14 0.500100806451613 0.495967741935484 50.3739551897282 3 3 0 
0 600 4.8 11 0.365645161290323 0.496774193548387 5.12022512460439 3 -3 0 
1 610 5.8 14 0.450639599555061 0.348118279569893 59.6073684720853 3 2 0 
0 610 4.8 12 0.433870967741935 0.549193548387097 4.47607992049099 3 -2 0 
1 620 5.8 14 0.569789081885856 0.42741935483871 53.949991819297 3 2 0 
0 620 4.8 12 0.472140762463343 0.523387096774194 13.0275946253641 3 -2 0 
1 630 5.8 14 0.535601888276947 0.329838709677419 46.7654438836799 3 2 0 
0 630 4.8 12 0.388590203106332 0.509677419354839 26.3628874575705 3 -2 0 
1 640 5.8 14 0.542914746543779 0.4 29.3451140746449 3 2 0 
0 640 4.8 12 0.550067204301075 0.429032258064516 32.0882049940272 3 -2 0 
1 650 5.8 14 0.562194525904203 0.400806451612903 32.1973475743589 3 1 0 
0 650 4.8 13 0.566532258064516 0.387903225806452 26.7509986945638 3 -1 0 
1 660 5.8 14 0.467181899641577 0.457258064516129 24.0520796223841 3 1 0 
0 660 4.8 13 0.339992668621701 0.287903225806452 37.7592937298233 3 -1 0 
1 670 5.8 15 0.501946607341491 0.498387096774194 20.8259025821748 3 2 0 
0 670 4.8 13 0.364516129032258 0.296774193548387 25.5487677096203 3 -2 0 
1 680 5.8 15 0.57648689516129 0.512903225806452 18.5216317225027 3 2 0 
0 680 4.8 13 0.373924731182796 0.34758064516129 4.64509444520466 3 -2 0 
1 690 5.8 15 0.503469617404351 0.522849462365591 22.1489424989462 3 1 0 
0 690 4.8 14 0.34389400921659 0.378024193548387 7.14208094654397 3 -1 0 
1 700 5.8 16 0.528746097814776 0.594086021505376 3.86242254899485 3 2 0 
0 700 4.8 14 0.39485111662531 0.383064516129032 0 3 -2 0 
1 710 5.8 16 0.584574028122415 0.681451612903226 11.279166830205 3 2 0 
0 710 4.8 14 0.394909274193548 0.270161290322581 0 3 -2 0 
1 720 5.8 16 0.498819826907946 0.619623655913979 4.17619829246699 3 2 0 
0 720 4.8 14 0.344086021505376 0.213709677419355 21.4009345590327 3 -2 0 
1 730 5.8 16 0.549221357063404 0.462701612903226 39.7679003037063 3 2 0 
0 730 4.8 14 0.364247311827957 0.205645161290323 23.4226212349333 3 -2 0 
1 740 5.8 16 0.597152217741936 0.5625 24.678721426007 3 2 0 
0 740 4.8 14 0.332258064516129 0.204637096774194 27.4123100084316 3 -2 0 
1 750 5.8 16 0.496079749103943 0.551612903225806 22.5545994832982 3 1 0 
0 750 4.8 15 0.326188455008489 0.294354838709677 14.1420796499735 3 -1 0 
1 760 5.8 16 0.456485215053763 0.607258064516129 8.84517503152063 3 1 0 
0 760 4.8 15 0.372479838709677 0.313709677419355 18.710286056206 3 -1 0 
1 770 5.8 16 0.537001897533207 0.570967741935484 12.9400642306616 3 1 0 
0 770 4.8 15 0.384792626728111 0.309677419354839 17.7653874429201 3 -1 0 
1 780 5.8 16 0.449820788530466 0.531451612903226 8.5652670134217 3 1 0 
0 780 4.8 15 0.363614800759013 0.383064516129032 15.261282933979 3 -1 0 
1 790 5.8 16 0.433299731182796 0.52258064516129 16.4838064278329 3 1 0 
0 790 4.8 15 0.36491935483871 0.409677419354839 15.1480273647922 3 -1 0 
1 800 5.8 17 0.538138440860215 0.54758064516129 25.5219714813021 3 2 0 
0 800 4.8 15 0.398118279569892 0.395967741935484 5.57695771274311 3 -2 0 
1 810 5.8 17 0.465010405827263 0.495967741935484 20.5291214717484 3 1 0 
0 810 4.8 16 0.373079877112135 0.42258064516129 14.0408079079384 3 -1 0 
1 820 5.8 17 0.397727272727273 0.505645161290323 19.1542504253509 3 1 0 
0 820 4.8 16 0.371370967741935 0.469758064516129 27.6407591226278 3 -1 0 
1 830 5.8 18 0.497665534804754 0.518548387096774 18.0485654128714 3 2 0 
0 830 4.8 16 0.443145161290323 0.445564516129032 36.5699391946722 3 -2 0 
1 840 5.8 18 0.477444556451613 0.512903225806452 14.1475359412374 3 2 0 
0 840 4.8 16 0.398148148148148 0.372983870967742 32.4180076027525 3 -2 0 
1 850 5.8 18 0.475026014568158 0.511088709677419 18.8776633356448 3 2 0 
0 850 4.8 16 0.404569892473118 0.393145161290323 7.77817459305202 3 -2 0 
1 860 5.8 18 0.570564516129032 0.549395161290323 10.9851251609156 3 2 0 
0 860 4.8 16 0.480510752688172 0.379032258064516 1 3 -2 0 
1 870 5.8 18 0.502288578901482 0.558467741935484 17.2344660809866 3 2 0 
0 870 4.8 16 0.389486260454002 0.309139784946237 23.5335116489687 3 -2 0 
1 880 5.8 18 0.494758064516129 0.569556451612903 17.7253713346315 3 2 0 
0 880 4.8 16 0.474875930521092 0.30241935483871 7.46548552982625 3 -2 0 
1 890 5.8 18 0.613533266129032 0.486895161290323 27.1009952038543 3 2 0 
0 890 4.8 16 0.533064516129032 0.188508064516129 21.4947347177576 3 -2 0 
1 900 5.8 19 0.499654377880184 0.466733870967742 9.23083707025248 3 2 0 
0 900 4.8 17 0.376660341555977 0.290322580645161 20.6335062953724 3 -2 0 
1 910 5.8 19 0.442972350230415 0.47741935483871 18.0854189805831 3 2 0 
0 910 4.8 17 0.360439068100358 0.355645161290323 17.968462514866 3 -2 0 
1 920 5.8 19 0.546370967741936 0.495967741935484 22.3053762038774 3 2 0 
0 920 4.8 17 0.392943548387097 0.421370967741936 4.69957052614923 3 -2 0 
1 930 5.8 19 0.448924731182796 0.515120967741936 14.259259385593 3 2 0 
0 930 4.8 17 0.419911012235818 0.392137096774194 5.92884206023141 3 -2 0 
1 940 5.8 19 0.375 0.596774193548387 8.07300047972897 3 2 0 
0 940 4.8 17 0.41304347826087 0.348790322580645 0.707106781186548 3 -2 0 
1 950 5.8 19 0.493387096774194 0.654233870967742 25.0728970077282 3 2 0 
0 950 4.8 17 0.409274193548387 0.159274193548387 12.3490890352285 3 -2 0 
1 960 5.8 19 0.481269510926119 0.587701612903226 35.5648016262109 3 2 0 
0 960 4.8 17 0.361790878754171 0.173387096774194 8.24621125123532 3 -2 0 
1 970 5.8 20 0.449677419354839 0.566532258064516 42.0775559238834 3 3 0 
0 970 4.8 17 0.388860887096774 0.25 9.56755418984417 3 -3 0 
1 980 5.8 20 0.544721407624633 0.404233870967742 53.3518530229319 3 2 0 
0 980 4.8 18 0.406637717121588 0.317204301075269 17.366754653585 3 -2 0 
1 990 5.8 20 0.473517872711421 0.339516129032258 46.7544940407039 3 2 0 
0 990 4.8 18 0.375948766603416 0.309475806451613 33.147972510058 3 -2 0 
1 1000 5.8 20 0.413856304985337 0.410483870967742 28.6786132501956 3 2 0 
0 1000 4.8 18 0.436766862170088 0.361895161290323 29.6696633401511 3 -2 0 
1 1010 5.8 20 0.471198156682028 0.495967741935484 33.0500435496949 3 2 3 
0 1010 4.8 18 0.445409429280397 0.376008064516129 13.9367938841916 0 -2 -3 
1 1020 5.8 20 0.434587813620072 0.548387096774194 30.1219124629195 3 2 3 
0 1020 4.8 18 0.440072302558398 0.440524193548387 8.00104343005435 0 -2 -3 
1 1030 5.8 21 0.419186827956989 0.448924731182796 60.5785059761598 3 2 3 
0 1030 4.8 19 0.443346774193548 0.473118279569892 3.91807516684801 0 -2 -3 
1 1040 5.8 21 0.531810035842294 0.459677419354839 51.4102573762351 3 2 3 
0 1040 4.8 19 0.503494623655914 0.490591397849462 4.52649792623988 0 -2 -3 
1 1050 5.8 21 0.497080088987764 0.467741935483871 19.4705587716648 3 2 3 
0 1050 4.8 19 0.400153609831029 0.48252688172043 3.29896724660731 0 -2 -3 
1 1060 5.8 21 0.485822060353798 0.509408602150538 2.63305814981683 3 2 3 
0 1060 4.8 19 0.399193548387097 NaN NaN 0 -2 -3 
1 1070 5.8 21 0.550464320625611 0.528225806451613 13.4737206276224 3 2 3 
0 1070 4.8 19 0.471774193548387 NaN NaN 0 -2 -3 
1 1080 5.8 21 0.489336917562724 0.581989247311828 26.4517226162951 3 1 3 
0 1080 4.8 20 0.266633064516129 0.141129032258065 0 0 -1 -3 
1 1090 5.8 21 0.558131720430108 0.544354838709677 62.2024438457246 3 1 3 
0 1090 4.8 20 0.279692082111437 0.205645161290323 7.15891053163818 0 -1 -3 
1 1100 5.8 21 0.60794930875576 0.439516129032258 69.7996112163155 3 1 3 
0 1100 4.8 20 0.256048387096774 0.235887096774194 8.63133825081603 0 -1 -3 
1 1110 5.8 21 0.525153609831029 0.408602150537634 33.7846150718228 3 1 3 
0 1110 4.8 20 0.291935483870968 0.195564516129032 0.707106781186548 0 -1 -3 
1 1120 5.8 21 0.526769713261649 0.481182795698925 10.1768002720827 3 1 3 
0 1120 4.8 20 0.407258064516129 0.231854838709677 17.4820245071179 0 -1 -3 
1 1130 5.8 21 0.595430107526882 0.412634408602151 3.50387899986908 3 1 3 
0 1130 4.8 20 0.407258064516129 0.222782258064516 16.3843357727907 0 -1 -3 
1 1140 5.8 21 0.510722140762463 0.486559139784946 12.285361753772 3 1 3 
0 1140 4.8 20 0.307661290322581 0.336290322580645 20.7278925017945 0 -1 -3 
1 1150 5.8 21 0.543444328824142 0.532258064516129 5.96015273948206 3 1 3 
0 1150 4.8 20 0.310483870967742 0.434677419354839 7.54370771525973 0 -1 -3 
1 1160 5.8 21 0.623185483870968 0.494623655913979 13.4517865294871 3 1 3 
0 1160 4.8 20 0.310483870967742 0.468548387096774 3.86349227130975 0 -1 -3 
1 1170 5.8 21 0.612428842504744 0.45 49.3204119817376 3 0 3 
0 1170 4.8 21 0.245161290322581 0.383064516129032 13.1325067270192 0 0 -3 
1 1180 5.8 22 0.733366935483871 0.501612903225806 52.5159423206357 3 1 3 
0 1180 4.8 21 NaN 0.254032258064516 16.1468626185556 0 -1 -3 
1 1190 5.8 22 0.733366935483871 0.560483870967742 43.9660030133301 3 1 3 
0 1190 4.8 21 0.221774193548387 0.208333333333333 5.41979243487769 0 -1 -3 
1 1200 5.8 22 0.770609318996416 0.721774193548387 16.5171667439718 3 1 3 
0 1200 4.8 21 0.216935483870968 0.173387096774194 0 0 -1 -3 
1 1210 5.8 22 0.770161290322581 0.763440860215054 6.00659899297409 3 1 3 
0 1210 4.8 21 NaN 0.221774193548387 0 0 -1 -3 
