1 30 7.6 1 NaN 0.17265625 2.87456342247674 3 0 0 
0 30 2.2 1 NaN 0.30859375 28.2487773696091 3 0 0 
1 40 7.6 1 NaN 0.2060546875 9.30587663296443 3 0 0 
0 40 2.2 1 NaN 0.33203125 28.2885114233311 3 0 0 
1 50 7.6 1 NaN 0.26875 24.9705393998104 3 0 0 
0 50 2.2 1 NaN 0.4248046875 35.2179411925349 3 0 0 
1 60 7.6 1 0.36572265625 0.36640625 43.8560678541628 3 0 0 
0 60 2.2 1 0.37421875 0.4853515625 37.2559547457057 3 0 0 
1 70 7.6 1 0.36328125 0.44609375 36.3651858862523 3 0 0 
0 70 2.2 1 0.37109375 0.4890625 45.2794002742499 3 0 0 
1 80 7.6 1 0.454427083333333 0.52421875 28.8008028149982 3 0 0 
0 80 2.2 1 0.472265625 0.48515625 46.8618945345811 3 0 0 
1 90 7.6 1 0.412710336538462 0.5015625 31.1472188010385 3 0 0 
0 90 2.2 1 0.434326171875 0.4875 46.7108936120147 3 0 0 
1 100 7.6 1 0.3837890625 0.4990234375 17.8801481509153 3 0 0 
0 100 2.2 1 0.394361413043478 0.49140625 36.7835846895257 3 0 0 
1 110 7.6 2 0.461647727272727 0.49609375 6.7785886497444 3 0 0 
0 110 2.2 2 0.462890625 0.4921875 33.0226737998733 3 0 0 
1 120 7.6 2 0.4083984375 0.48984375 25.6516559051572 3 0 0 
0 120 2.2 2 0.4140625 0.48046875 42.9500504384153 3 0 0 
1 130 7.6 2 0.380264945652174 0.46484375 42.1546738045886 3 0 0 
0 130 2.2 2 0.406929347826087 0.4953125 41.6699074226851 3 0 0 
1 140 7.6 2 0.436011904761905 0.4625 39.955618889412 3 -1 0 
0 140 2.2 3 0.4763671875 0.48125 40.1005936403422 3 1 0 
1 150 7.6 3 0.440577651515151 0.49453125 27.7736186144672 3 0 0 
0 150 2.2 3 0.4190625 0.45 35.7218485465146 3 0 0 
1 160 7.6 3 0.394230769230769 0.46953125 21.2982754233941 3 0 0 
0 160 2.2 3 0.384765625 0.471875 38.2689075280202 3 0 0 
1 170 7.6 3 0.466542119565217 0.4828125 9.35067444156388 3 0 0 
0 170 2.2 3 0.454483695652174 0.50390625 18.4393728330938 3 0 0 
1 180 7.6 4 0.396647135416667 0.50859375 9.89258306672718 3 0 0 
0 180 2.2 4 0.42875 0.509114583333333 20.7857748005525 3 0 0 
1 190 7.6 4 0.368675595238095 0.446875 9.58292504323438 3 0 0 
0 190 2.2 4 0.380149147727273 0.3984375 45.1689547513431 3 0 0 
1 200 7.6 4 0.451526988636364 0.43984375 16.5669530497386 3 0 0 
0 200 2.2 4 0.453497023809524 0.4423828125 33.9246401642821 3 0 0 
1 210 7.6 4 0.415646114864865 0.4640625 27.6334415425307 3 0 0 
0 210 2.2 4 0.437355324074074 0.478515625 22.4362820533261 3 0 0 
1 220 7.6 5 0.41390625 0.5328125 25.263119305731 3 1 0 
0 220 2.2 4 0.404211956521739 0.45546875 23.9363139790029 3 -1 0 
1 230 7.6 5 0.50927734375 0.54140625 22.354021595815 3 0 0 
0 230 2.2 5 0.443080357142857 0.42578125 9.81565865453332 3 0 0 
1 240 7.6 6 0.438328598484849 0.52265625 28.1355498793419 3 1 0 
0 240 2.2 5 0.416155133928571 0.43125 11.2198540778819 3 -1 0 
1 250 7.6 6 0.36328125 0.55 31.0436926553478 3 1 0 
0 250 2.2 5 0.4040625 0.421875 7.59821053750135 3 -1 0 
1 260 7.6 6 0.467354910714286 0.5125 27.1092062698002 3 1 0 
0 260 2.2 5 0.467698317307692 0.40546875 11.8057063936009 3 -1 0 
1 270 7.6 6 0.448714717741936 0.4453125 34.0223673739712 3 1 0 
0 270 2.2 5 0.409646739130435 0.4 20.6177948044172 3 -1 0 
1 280 7.6 7 0.438920454545455 0.5234375 31.511618864835 3 2 0 
0 280 2.2 5 0.377604166666667 0.39375 34.3379820800074 3 -2 0 
1 290 7.6 7 0.522786458333333 0.5578125 22.764018931687 3 1 0 
0 290 2.2 6 0.421875 0.3740234375 29.7761383240599 3 -1 0 
1 300 7.6 7 0.501689189189189 0.55078125 24.6397323101285 3 1 0 
0 300 2.2 6 0.382421875 0.345703125 33.7549587585794 3 -1 0 
1 310 7.6 8 0.450835129310345 0.58828125 43.3814572249274 3 2 0 
0 310 2.2 6 0.380681818181818 0.380208333333333 23.1926300436884 3 -2 0 
1 320 7.6 8 0.455610795454545 0.60625 20.7288176525645 3 2 0 
0 320 2.2 6 0.402901785714286 0.36328125 28.3717540371968 3 -2 0 
1 330 7.6 8 0.479876893939394 0.53671875 23.4103166585456 3 2 0 
0 330 2.2 6 0.38 0.30859375 45.2611881109636 3 -2 0 
1 340 7.6 8 0.386379076086957 0.496875 36.8052266606265 3 2 0 
0 340 2.2 6 0.388916015625 0.32734375 26.6050560010009 3 -2 0 
1 350 7.6 8 0.515324519230769 0.49453125 34.577489981197 3 1 0 
0 350 2.2 7 0.431107954545455 0.37265625 20.1970660285868 3 -1 0 
1 360 7.6 9 0.482161458333333 0.45625 42.1936712228788 3 2 0 
0 360 2.2 7 0.36484375 0.4296875 27.6164599962918 3 -2 0 
1 370 7.6 9 0.39794921875 0.45703125 43.0371575227355 3 2 0 
0 370 2.2 7 0.3609375 0.48046875 28.2554971973698 3 -2 0 
1 380 7.6 9 0.530101102941177 0.49453125 26.0213198627798 3 2 0 
0 380 2.2 7 0.437239583333333 0.490234375 24.9649754656399 3 -2 0 
1 390 7.6 9 0.488616071428571 0.553125 26.9908628150977 3 2 0 
0 390 2.2 7 0.37451171875 0.420572916666667 26.0587128199382 3 -2 0 
1 400 7.6 9 0.463186553030303 0.55234375 18.2515259239969 3 2 0 
0 400 2.2 7 0.36328125 0.3173828125 36.0243728464607 3 -2 0 
1 410 7.6 9 0.536207932692308 0.55234375 16.8211914361798 3 2 0 
0 410 2.2 7 0.420572916666667 0.30859375 27.7861590756848 3 -2 0 
1 420 7.6 10 0.4791259765625 0.56875 15.4993751285424 3 2 0 
0 420 2.2 8 0.36376953125 0.3515625 20.4963304859899 3 -2 0 
1 430 7.6 10 0.386209239130435 0.59140625 14.4380617055626 3 2 0 
0 430 2.2 8 0.365141369047619 0.33984375 12.0580279702729 3 -2 0 
1 440 7.6 10 0.53422619047619 0.5875 6.90955679867665 3 2 0 
0 440 2.2 8 0.364979619565217 0.365234375 4.79854840701406 3 -2 0 
1 450 7.6 11 0.493844696969697 0.7078125 6.45975436372828 3 3 0 
0 450 2.2 8 0.365542763157895 0.2568359375 8.13388718291417 3 -3 0 
1 460 7.6 11 0.44046875 0.7609375 5.50846816264363 3 3 0 
0 460 2.2 8 0.372691761363636 0.200520833333333 3.50850178394508 3 -3 0 
1 470 7.6 11 0.579927884615385 0.7671875 3.85273569593808 3 3 0 
0 470 2.2 8 0.364979619565217 0.244140625 34.6201833268604 3 -3 0 
1 480 7.6 11 0.479204963235294 0.784375 3.29037104407821 3 3 0 
0 480 2.2 8 0.425390625 0.225 32.4203944704513 3 -3 0 
1 490 7.6 12 0.476004464285714 0.771875 4.07713735973692 3 4 1 
0 490 2.2 8 0.38671875 0.25390625 41.6645590540888 2 -4 -1 
1 500 7.6 12 0.600210336538462 0.6734375 5.80303299722806 3 4 1 
0 500 2.2 8 0.38671875 0.290625 40.2168625044918 2 -4 -1 
1 510 7.6 12 0.474826388888889 0.6046875 22.0029762192133 3 3 1 
0 510 2.2 9 0.387462797619048 0.32734375 29.6894576817717 2 -3 -1 
1 520 7.6 12 0.40078125 0.534375 25.7650544388162 3 3 1 
0 520 2.2 9 0.414679276315789 0.33046875 15.4587606296972 2 -3 -1 
1 530 7.6 12 0.532628676470588 0.5203125 25.9607246815356 3 3 1 
0 530 2.2 9 0.429036458333333 0.3640625 18.1687701174199 2 -3 -1 
1 540 7.6 12 0.452320772058824 0.571875 24.2219931913875 3 3 1 
0 540 2.2 9 0.403053977272727 0.3265625 16.2240506847032 2 -3 -1 
1 550 7.6 12 0.450296336206897 0.5765625 12.596294798564 3 3 1 
0 550 2.2 9 0.418489583333333 0.3484375 14.2263122630179 2 -3 -1 
1 560 7.6 12 0.544577205882353 0.4765625 0 3 2 1 
0 560 2.2 10 0.418489583333333 0.451822916666667 4.25754109542922 2 -2 -1 
1 570 7.6 12 0.510279605263158 0.44921875 18.3575597506858 3 2 1 
0 570 2.2 10 0.40078125 0.4453125 2.08263321598885 2 -2 -1 
1 580 7.6 12 0.496636284722222 0.38671875 0 3 1 1 
0 580 2.2 11 0.419921875 0.52734375 13.102774667055 2 -1 -1 
1 590 7.6 13 0.593433277027027 0.1943359375 18.2321423852217 3 2 1 
0 590 2.2 11 0.419921875 0.3876953125 38.7282404224622 2 -2 -1 
1 600 7.6 13 0.528070494186046 0.25 21.0645663137922 3 2 1 
0 600 2.2 11 0.391493055555556 0.3328125 32.9139137520517 2 -2 -1 
1 610 7.6 13 0.463650173611111 0.36015625 27.8848382854185 3 2 1 
0 610 2.2 11 0.381510416666667 0.34921875 28.5401540780396 2 -2 -1 
1 620 7.6 13 0.493001302083333 0.434375 24.5567232882805 3 1 1 
0 620 2.2 12 0.3837890625 0.365625 35.5808218867675 2 -1 -1 
1 630 7.6 13 0.470231681034483 0.47265625 19.9785447261184 3 1 1 
0 630 2.2 12 0.465523097826087 0.435546875 21.2460459399614 2 -1 -1 
1 640 7.6 13 0.455025337837838 0.50546875 17.2824517855754 3 1 1 
0 640 2.2 12 0.408967391304348 0.53046875 20.2279723716835 2 -1 -1 
1 650 7.6 13 0.516567887931034 0.49453125 11.5636324547239 3 1 1 
0 650 2.2 12 0.476748511904762 0.5578125 10.4466525379458 2 -1 -1 
1 660 7.6 13 0.49169921875 0.478125 19.6152952005188 3 0 1 
0 660 2.2 13 0.447206439393939 0.5421875 14.9343392789366 2 0 -1 
1 670 7.6 13 0.505580357142857 0.47109375 7.47477523391661 3 0 1 
0 670 2.2 13 0.473958333333333 0.4828125 10.5580571611112 2 0 -1 
1 680 7.6 13 0.625 0.5576171875 2.52820109056149 3 0 1 
0 680 2.2 13 0.564538043478261 0.4140625 4.06588669367739 2 0 -1 
1 690 7.6 14 0.565959821428571 0.5712890625 5.05393843831443 3 1 1 
0 690 2.2 13 0.487702546296296 0.3546875 12.5010567811682 2 -1 -1 
1 700 7.6 14 0.571928879310345 0.6826171875 7.48691509096151 3 1 1 
0 700 2.2 13 0.4609375 0.24296875 6.11833071209531 2 -1 -1 
1 710 7.6 14 0.652180989583333 0.587890625 58.462782003571 3 1 1 
0 710 2.2 13 0.650669642857143 0.212890625 4.71204148801283 2 -1 -1 
1 720 7.6 14 0.568033854166667 0.610677083333333 49.9734884133469 3 0 1 
0 720 2.2 14 0.416666666666667 0.2314453125 9.08037049472514 2 0 -1 
1 730 7.6 14 0.488541666666667 0.529296875 39.9061398784698 3 0 1 
0 730 2.2 14 0.345853365384615 0.353515625 23.3680745633588 2 0 -1 
1 740 7.6 14 0.554832175925926 0.51953125 0 3 0 1 
0 740 2.2 14 0.437800480769231 0.4658203125 13.9692411981403 2 0 -1 
1 750 7.6 15 0.494084821428571 0.459635416666667 50.9140314012735 3 1 1 
0 750 2.2 14 0.474494485294118 0.296875 38.3046994505896 2 -1 -1 
1 760 7.6 15 0.479129464285714 0.3681640625 55.9824547894423 3 1 1 
0 760 2.2 14 0.378305288461538 0.408203125 24.8243831746128 2 -1 -1 
1 770 7.6 15 0.5467529296875 0.31953125 46.0597266678302 3 1 1 
0 770 2.2 14 0.41162109375 0.330078125 9.60468635614927 2 -1 -1 
1 780 7.6 15 0.4635009765625 0.38125 36.628950643196 3 1 1 
0 780 2.2 14 0.358203125 0.272135416666667 27.1257773740271 2 -1 -1 
1 790 7.6 15 0.474556587837838 0.42421875 14.904489454899 3 1 1 
0 790 2.2 14 0.337760416666667 0.3349609375 32.9434583398801 2 -1 -1 
1 800 7.6 16 0.585304054054054 0.5171875 10.6085634827352 3 1 1 
0 800 2.2 15 0.3697265625 0.3232421875 27.4301386291544 2 -1 -1 
1 810 7.6 16 0.530367943548387 0.5484375 5.24155051275991 3 1 1 
0 810 2.2 15 0.310431985294118 0.240625 28.7097879825887 2 -1 -1 
1 820 7.6 16 0.5308837890625 0.634375 5.0817026869704 3 1 1 
0 820 2.2 15 0.33935546875 0.29375 15.9170274860656 2 -1 -1 
1 830 7.6 16 0.6875 0.646875 3.32810495392321 3 1 1 
0 830 2.2 15 0.328584558823529 0.34375 0 2 -1 -1 
1 840 7.6 17 0.676525297619048 0.6671875 7.57455940679688 3 2 1 
0 840 2.2 15 0.357319078947368 NaN NaN 2 -2 -1 
1 850 7.6 17 0.8115234375 0.728125 7.13519694699458 3 2 2 
0 850 2.2 15 0.441015625 NaN NaN 1 -2 -2 
1 860 7.6 17 0.8115234375 0.784375 5.06491113166538 3 2 2 
0 860 2.2 15 0.441015625 NaN NaN 1 -2 -2 
