1 30 7.8 1 NaN 0.26747311827957 28.9491745596165 3 0 0 
0 30 7.2 1 NaN 0.251612903225806 19.0785967181444 3 0 0 
1 40 7.8 1 NaN 0.295967741935484 25.3928092578574 3 0 0 
0 40 7.2 1 NaN 0.279032258064516 26.3885553101392 3 0 0 
1 50 7.8 1 0.370967741935484 0.354032258064516 34.2501928768645 3 0 0 
0 50 7.2 1 0.370967741935484 0.345967741935484 28.163455075536 3 0 0 
1 60 7.8 1 0.368279569892473 0.431451612903226 33.2334281602637 3 0 0 
0 60 7.2 1 0.368279569892473 0.496774193548387 29.4309873046015 3 0 0 
1 70 7.8 1 0.387096774193548 0.445161290322581 34.3597706847241 3 0 0 
0 70 7.2 1 0.380241935483871 0.508064516129032 27.2583873229117 3 0 0 
1 80 7.8 1 0.470430107526882 0.470967741935484 37.9878860298714 3 0 0 
0 80 7.2 1 0.465221774193548 0.485483870967742 31.3387863060463 3 0 0 
1 90 7.8 1 0.41974505723205 0.483870967741936 37.7535013427425 3 0 0 
0 90 7.2 1 0.396889400921659 0.517741935483871 25.6829543280629 3 0 0 
1 100 7.8 1 0.392778592375367 0.415322580645161 49.612430482221 3 -1 0 
0 100 7.2 2 0.417242703533026 0.460483870967742 25.0270152343026 3 1 0 
1 110 7.8 2 0.476018675721562 0.45241935483871 37.2909122836655 3 0 0 
0 110 7.2 2 0.48252688172043 0.500806451612903 30.8961935872031 3 0 0 
1 120 7.8 2 0.417663891779396 0.472782258064516 41.1342609895305 3 0 0 
0 120 7.2 2 0.416103017689906 0.486895161290323 40.9107331928337 3 0 0 
1 130 7.8 3 0.373790322580645 0.39758064516129 47.6254271535479 3 0 0 
0 130 7.2 3 0.426523297491039 0.48991935483871 35.7799940852798 3 0 0 
1 140 7.8 3 0.461021505376344 0.466935483870968 37.4043282690697 3 0 0 
0 140 7.2 3 0.480205278592375 0.416129032258064 45.8502045895527 3 0 0 
1 150 7.8 3 0.416935483870968 0.45241935483871 34.8975320820928 3 0 0 
0 150 7.2 3 0.39 0.458870967741936 33.1297024758534 3 0 0 
1 160 7.8 3 0.412298387096774 0.433870967741935 29.395931581461 3 0 0 
0 160 7.2 3 0.374575551782682 0.488709677419355 21.0293483233943 3 0 0 
1 170 7.8 4 0.480645161290323 0.44758064516129 22.8339082667723 3 1 0 
0 170 7.2 3 0.473387096774194 0.483870967741936 20.0582605590713 3 -1 0 
1 180 7.8 4 0.401209677419355 0.445161290322581 21.4481236002781 3 0 0 
0 180 7.2 4 0.388957816377171 0.445564516129032 27.9142737442981 3 0 0 
1 190 7.8 4 0.417776998597475 0.498387096774194 35.5750353010414 3 0 0 
0 190 7.2 4 0.387768817204301 0.362903225806452 24.8401116240724 3 0 0 
1 200 7.8 5 0.475806451612903 0.507056451612903 45.0690376092251 3 1 0 
0 200 7.2 4 0.478158602150538 0.264112903225806 43.9232284787901 3 -1 0 
1 210 7.8 5 0.408509454949944 0.490927419354839 46.0542216703226 3 1 0 
0 210 7.2 4 0.404477196885428 0.286290322580645 26.8527464559357 3 -1 0 
1 220 7.8 5 0.425558312655087 0.397177419354839 41.9478906238466 3 1 0 
0 220 7.2 4 0.395497311827957 0.227822580645161 27.4677784658947 3 -1 0 
1 230 7.8 6 0.479982718894009 0.443548387096774 48.6233511604473 3 1 0 
0 230 7.2 5 0.483870967741936 0.365591397849462 17.6688243470607 3 -1 0 
1 240 7.8 6 0.430150884495317 0.480645161290323 41.7810875476972 3 1 0 
0 240 7.2 5 0.411722350230415 0.395967741935484 37.6321623437161 3 -1 0 
1 250 7.8 6 0.43781017369727 0.505645161290323 38.7198037296999 3 1 0 
0 250 7.2 5 0.368145161290323 0.407258064516129 36.6558178647986 3 -1 0 
1 260 7.8 6 0.511247877758913 0.491935483870968 38.3680310927764 3 1 0 
0 260 7.2 5 0.429753820033956 0.432459677419355 27.9951932700965 3 -1 0 
1 270 7.8 6 0.436914672216441 0.486559139784946 39.0796934956534 3 0 0 
0 270 7.2 6 0.375806451612903 0.495967741935484 20.2148884076133 3 0 0 
1 280 7.8 7 0.401451612903226 0.431451612903226 32.1261940531049 3 1 0 
0 280 7.2 6 0.392741935483871 0.388709677419355 38.1947519481338 3 -1 0 
1 290 7.8 7 0.503183361629881 0.400806451612903 44.3657642336418 3 1 0 
0 290 7.2 6 0.43168880455408 0.366935483870968 33.435267537065 3 -1 0 
1 300 7.8 7 0.461189516129032 0.450806451612903 34.8095361265958 3 1 0 
0 300 7.2 6 0.373533724340176 0.428225806451613 28.1754636062854 3 -1 0 
1 310 7.8 7 0.425328554360812 0.470967741935484 31.3966268772289 3 0 0 
0 310 7.2 7 0.401545698924731 0.445161290322581 33.580207264262 3 0 0 
1 320 7.8 7 0.467069892473118 0.513709677419355 40.0936141842303 3 0 0 
0 320 7.2 7 0.455645161290323 0.448387096774194 26.0499599683927 3 0 0 
1 330 7.8 8 0.438364055299539 0.524193548387097 43.7418384568942 3 1 0 
0 330 7.2 7 0.375350631136045 0.456451612903226 31.5854166481514 3 -1 0 
1 340 7.8 8 0.415621266427718 0.51008064516129 19.3378828210699 3 1 0 
0 340 7.2 7 0.386247877758913 0.456451612903226 31.2707189851511 3 -1 0 
1 350 7.8 8 0.47913744740533 0.509072580645161 19.6107247002132 3 0 0 
0 350 7.2 8 0.478178368121442 0.454637096774194 28.9115575850486 3 0 0 
1 360 7.8 8 0.417842741935484 0.399193548387097 42.6653708748315 3 0 0 
0 360 7.2 8 0.422715053763441 0.470766129032258 29.221129869565 3 0 0 
1 370 7.8 8 0.411962365591398 0.431451612903226 23.5692030121929 3 0 0 
0 370 7.2 8 0.376466275659824 0.401612903225806 40.8307101093719 3 0 0 
1 380 7.8 9 0.480990783410138 0.439516129032258 30.8031171185463 3 0 0 
0 380 7.2 9 0.484237536656892 0.455645161290323 23.3208176911214 3 0 0 
1 390 7.8 9 0.432048984468339 0.433467741935484 43.6881781082999 3 0 0 
0 390 7.2 9 0.414412070759625 0.503225806451613 31.1738283695154 3 0 0 
1 400 7.8 9 0.413231780167264 0.449596774193548 39.199334894299 3 0 0 
0 400 7.2 9 0.382459677419355 0.501612903225806 32.1158087751745 3 0 0 
1 410 7.8 9 0.448185483870968 0.384677419354839 31.182825750178 3 0 0 
0 410 7.2 9 0.460645161290323 0.501008064516129 28.6055987593246 3 0 0 
1 420 7.8 10 0.43252688172043 0.496975806451613 10.9896363291797 3 1 0 
0 420 7.2 9 0.387096774193548 0.445564516129032 19.8899324653626 3 -1 0 
1 430 7.8 10 0.431048387096774 0.492943548387097 5.67685163050091 3 1 0 
0 430 7.2 9 0.382560483870968 0.473790322580645 19.0038673275099 3 -1 0 
1 440 7.8 10 0.467586848635236 0.495967741935484 9.5217845753287 3 0 0 
0 440 7.2 10 0.454032258064516 0.366129032258065 33.9934767805292 3 0 0 
1 450 7.8 10 0.44591212458287 0.495967741935484 3.22676650769158 3 0 0 
0 450 7.2 10 0.403225806451613 0.412903225806452 19.1806988439113 3 0 0 
1 460 7.8 10 0.431259600614439 0.386088709677419 36.6776235235897 3 0 0 
0 460 7.2 10 0.376536098310292 0.487903225806452 11.3188560253845 3 0 0 
1 470 7.8 10 0.457056451612903 0.237903225806452 44.0163034094713 3 0 0 
0 470 7.2 10 0.418010752688172 0.539516129032258 14.8054245843794 3 0 0 
1 480 7.8 10 0.427029136316337 0.33366935483871 38.6657586258566 3 0 0 
0 480 7.2 10 0.423771121351767 0.529032258064516 18.021402762891 3 0 0 
1 490 7.8 11 0.440356182795699 0.445564516129032 33.5483915823355 3 1 0 
0 490 7.2 10 0.37115975422427 0.5 13.8876614321496 3 -1 0 
1 500 7.8 11 0.497311827956989 0.398387096774194 39.7272242242667 3 1 0 
0 500 7.2 10 0.394937275985663 0.488911290322581 9.71051949969535 3 -1 0 
1 510 7.8 11 0.4576144036009 0.467741935483871 12.6788349994942 3 0 0 
0 510 7.2 11 0.398981324278438 0.456989247311828 7.72776160337234 3 0 0 
1 520 7.8 11 0.422258064516129 0.519354838709677 12.2012488596121 3 0 0 
0 520 7.2 11 0.382661290322581 0.479838709677419 11.553611690977 3 0 0 
1 530 7.8 12 0.499224565756824 0.573588709677419 17.1829358785553 3 1 0 
0 530 7.2 11 0.412802419354839 0.359879032258065 32.8552638104949 3 -1 0 
1 540 7.8 12 0.502208141321045 0.580645161290323 23.6335332019525 3 1 0 
0 540 7.2 11 0.365449915110357 0.294354838709677 35.8321689090085 3 -1 0 
1 550 7.8 12 0.52253320683112 0.589717741935484 32.4572007240108 3 1 0 
0 550 7.2 11 0.366935483870968 0.348118279569893 25.9710954611577 3 -1 0 
1 560 7.8 13 0.555229716520039 0.555443548387097 28.7137570716198 3 2 0 
0 560 7.2 11 0.425868486352357 0.369623655913978 24.5489740315319 3 -2 0 
1 570 7.8 13 0.47319734345351 0.436491935483871 43.0459016436211 3 2 0 
0 570 7.2 11 0.363306451612903 0.234677419354839 26.8825629385947 3 -2 0 
1 580 7.8 13 0.452096774193548 0.421370967741936 43.2125018448576 3 2 0 
0 580 7.2 11 0.381720430107527 0.3 19.3329732713289 3 -2 0 
1 590 7.8 13 0.507640067911715 0.456653225806452 34.2459232218722 3 1 0 
0 590 7.2 12 0.430602716468591 0.408064516129032 24.8306611140472 3 -1 0 
1 600 7.8 13 0.442876344086022 0.501008064516129 39.4999396386292 3 1 0 
0 600 7.2 12 0.383064516129032 0.476612903225806 42.9575899268597 3 -1 0 
1 610 7.8 13 0.418010752688172 0.388104838709677 40.0623464250232 3 1 0 
0 610 7.2 12 0.376209677419355 0.456451612903226 39.9556473621878 3 -1 0 
1 620 7.8 13 0.518039049235993 0.450604838709677 49.620064001497 3 1 0 
0 620 7.2 12 0.451108870967742 0.479838709677419 27.0209424318924 3 -1 0 
1 630 7.8 14 0.44855816226784 0.481854838709677 50.370358252816 3 2 0 
0 630 7.2 12 0.384992987377279 0.464717741935484 28.0325539996191 3 -2 0 
1 640 7.8 14 0.431868743047831 0.529233870967742 44.0965123407657 3 2 0 
0 640 7.2 12 0.380568356374808 0.417338709677419 26.3160909992539 3 -2 0 
1 650 7.8 14 0.483345021037868 0.448588709677419 50.7152278289458 3 1 0 
0 650 7.2 13 0.456989247311828 0.387903225806452 46.3916020672897 3 -1 0 
1 660 7.8 14 0.435609879032258 0.525201612903226 42.1411293720247 3 1 0 
0 660 7.2 13 0.385235732009926 0.405645161290323 30.9720987692415 3 -1 0 
1 670 7.8 14 0.42002688172043 0.529233870967742 23.7002794666295 3 1 0 
0 670 7.2 13 0.386290322580645 0.408870967741935 34.2704740021347 3 -1 0 
1 680 7.8 15 0.501764112903226 0.557459677419355 23.0304992685288 3 2 0 
0 680 7.2 13 0.391129032258065 0.37741935483871 34.8683540469803 3 -2 0 
1 690 7.8 15 0.470016542597188 0.561491935483871 20.5710993772991 3 2 0 
0 690 7.2 13 0.368817204301075 0.386290322580645 26.4632416164369 3 -2 0 
1 700 7.8 15 0.436323924731183 0.486895161290323 3.62559224271007 3 2 0 
0 700 7.2 13 0.367359932088285 0.442741935483871 8.60770784511778 3 -2 0 
1 710 7.8 15 0.527822580645161 0.480846774193548 7.41499072288241 3 2 0 
0 710 7.2 13 0.386021505376344 0.479838709677419 7.45068282303086 3 -2 0 
1 720 7.8 15 0.484735023041475 0.485887096774194 10.6686461328098 3 2 0 
0 720 7.2 13 0.370967741935484 0.496975806451613 9.82769212657385 3 -2 0 
1 730 7.8 16 0.395687237026648 0.481182795698925 40.1476976367917 3 2 0 
0 730 7.2 14 0.368548387096774 0.570564516129032 3.53553390593274 3 -2 0 
1 740 7.8 16 0.433467741935484 0.489247311827957 38.6131593460476 3 2 0 
0 740 7.2 14 0.37041788856305 0.512096774193548 7.82623792124926 3 -2 0 
1 750 7.8 16 0.484362706530291 0.423387096774194 0 3 2 0 
0 750 7.2 14 0.366263440860215 0.361559139784946 45.6914128416996 3 -2 0 
1 760 7.8 16 0.455645161290323 0.32258064516129 0 3 2 0 
0 760 7.2 14 0.38141495601173 0.335685483870968 44.5924881437702 3 -2 0 
1 770 7.8 16 0.530017921146953 0.231182795698925 26.8934679948421 3 2 0 
0 770 7.2 14 0.380806451612903 0.309677419354839 38.0974921923553 3 -2 0 
1 780 7.8 16 0.467857142857143 0.423387096774194 32.3758110805704 3 2 0 
0 780 7.2 14 0.388045540796964 0.35 19.4440460457866 3 -2 0 
1 790 7.8 16 0.502150537634409 0.481182795698925 18.152257380513 3 1 0 
0 790 7.2 15 0.361290322580645 0.307258064516129 18.7379367216422 3 -1 0 
1 800 7.8 17 0.595878136200717 0.475806451612903 55.8907209144554 3 2 0 
0 800 7.2 15 0.350806451612903 0.305645161290323 17.2079960176189 3 -2 0 
1 810 7.8 17 0.537007168458781 0.594758064516129 49.0698065815712 3 2 0 
0 810 7.2 15 0.294642857142857 0.269354838709677 11.0649363969856 3 -2 0 
1 820 7.8 17 0.517767137096774 0.568548387096774 45.1691266242773 3 2 0 
0 820 7.2 15 0.318548387096774 0.291129032258064 15.100250346739 3 -2 0 
1 830 7.8 17 0.602357320099256 0.568548387096774 45.6179789118282 3 1 0 
0 830 7.2 16 0.318548387096774 0.295161290322581 10.8505960524904 3 -1 0 
1 840 7.8 17 0.493548387096774 0.556451612903226 45.2133829745132 3 1 0 
0 840 7.2 16 0.29531490015361 0.29758064516129 13.0679436407628 3 -1 0 
1 850 7.8 17 0.529530360531309 0.564516129032258 11.8848643240047 3 1 0 
0 850 7.2 16 0.32258064516129 0.339516129032258 12.4619690194447 3 -1 0 
1 860 7.8 17 0.615469208211144 0.576612903225806 10.5 3 1 0 
0 860 7.2 16 0.32258064516129 0.35241935483871 19.8369888425166 3 -1 0 
1 870 7.8 17 0.516756272401434 0.431451612903226 41.1997389200606 3 1 0 
0 870 7.2 16 0.298387096774194 0.420967741935484 21.1137239609355 3 -1 0 
1 880 7.8 18 0.504743833017078 0.41633064516129 47.8391821731554 3 2 0 
0 880 7.2 16 0.374327956989247 0.501612903225806 23.3091778198227 3 -2 0 
1 890 7.8 18 0.625645161290323 0.356854838709677 14.5086181285469 3 1 0 
0 890 7.2 17 0.373487903225806 0.483064516129032 28.7902646899662 3 -1 0 
1 900 7.8 18 0.525881470367592 0.346774193548387 0 3 1 0 
0 900 7.2 17 0.334677419354839 0.520967741935484 7.13495950921231 3 -1 0 
1 910 7.8 18 0.487567204301075 0.350806451612903 0 3 1 0 
0 910 7.2 17 0.44758064516129 0.446774193548387 5.37115501305624 3 -1 0 
1 920 7.8 18 0.599957555178268 0.225806451612903 0 3 1 0 
0 920 7.2 17 0.439852150537634 0.392741935483871 28.9968197028652 3 -1 0 
1 930 7.8 18 0.477598566308244 0.334677419354839 0 3 0 0 
0 930 7.2 18 0.366129032258065 0.358064516129032 36.7635615129069 3 0 0 
1 940 7.8 18 0.415505865102639 0.296370967741936 25.5783111248573 3 0 0 
0 940 7.2 18 0.425907258064516 0.389516129032258 35.9954001901924 3 0 0 
1 950 7.8 18 0.578763440860215 0.233870967741935 24.929393704062 3 0 0 
0 950 7.2 18 0.430645161290323 0.457258064516129 28.1618936133605 3 0 0 
1 960 7.8 18 0.473902329749104 0.382056451612903 30.352618659187 3 0 0 
0 960 7.2 18 0.369838709677419 0.456451612903226 20.7995325418298 3 0 0 
1 970 7.8 19 0.481090100111235 0.411290322580645 15.2929390552155 3 1 0 
0 970 7.2 18 0.404411764705882 0.498387096774194 11.5237845566766 3 -1 0 
1 980 7.8 19 0.598286290322581 0.493951612903226 4.74341649025257 3 0 0 
0 980 7.2 19 0.490694789081886 0.512096774193548 8.66114996803734 3 0 0 
1 990 7.8 19 0.464976958525346 0.491935483870968 0 3 0 0 
0 990 7.2 19 0.357819074333801 0.50241935483871 5.0142835258154 3 0 0 
1 1000 7.8 19 0.480846774193548 0.411290322580645 0 3 0 0 
0 1000 7.2 19 0.395161290322581 0.516935483870968 9.39179358857062 3 0 0 
1 1010 7.8 19 0.578190743338008 0.574596774193548 62.549980015984 3 0 0 
0 1010 7.2 19 0.467741935483871 0.478225806451613 23.1808813196646 3 0 0 
1 1020 7.8 19 0.47492439516129 0.508064516129032 0 3 0 0 
0 1020 7.2 19 0.325940860215054 0.463709677419355 34.3326668798004 3 0 0 
1 1030 7.8 19 0.477822580645161 0.407258064516129 0 3 0 0 
0 1030 7.2 19 0.374596774193548 0.455645161290323 35.80932436688 3 0 0 
1 1040 7.8 19 0.579637096774194 0.292338709677419 31.7529526186149 3 -1 0 
0 1040 7.2 20 0.413104838709677 0.517741935483871 37.7919394908876 3 1 0 
1 1050 7.8 19 0.504668930390492 0.144153225806452 13.3713944499257 3 -1 0 
0 1050 7.2 20 0.403107210626186 0.546774193548387 42.1553924487303 3 1 0 
1 1060 7.8 19 0.444124423963134 0.220430107526882 9.20327160884433 3 -1 0 
0 1060 7.2 20 0.400201612903226 0.570967741935484 44.3051700319572 3 1 0 
1 1070 7.8 19 0.54814990512334 0.243279569892473 4.74005123084469 3 -1 0 
0 1070 7.2 20 0.503456221198157 0.606451612903226 38.7131215898692 3 1 0 
1 1080 7.8 19 0.454869727047146 0.19489247311828 15.8473375297123 3 -1 0 
0 1080 7.2 20 0.449869224062773 0.682258064516129 35.9813913329842 3 1 0 
1 1090 7.8 20 0.398297491039427 0.332661290322581 2.5 3 0 0 
0 1090 7.2 20 0.504896313364055 0.612903225806452 38.1111814912124 3 0 0 
1 1100 7.8 20 0.441308243727599 0.19489247311828 14.2809743151215 3 -1 0 
0 1100 7.2 21 0.553763440860215 0.696774193548387 34.1805097980126 3 1 0 
1 1110 7.8 20 0.338901689708141 0.188172043010753 13.8171427524823 3 -1 0 
0 1110 7.2 21 0.452263267429761 0.683064516129032 30.9028546811065 3 1 0 
1 1120 7.8 20 0.393511730205279 0.243279569892473 17.916192222632 3 -1 0 
0 1120 7.2 21 0.439814814814815 0.586290322580645 28.8888203626126 3 1 0 
1 1130 7.8 20 0.438172043010753 0.345430107526882 15.2667756624511 3 -1 0 
0 1130 7.2 21 0.494623655913979 0.475806451612903 28.4562798816761 3 1 0 
1 1140 7.8 20 0.405329593267882 0.477150537634409 11.29779316155 3 -1 0 
0 1140 7.2 21 0.432488479262673 0.400201612903226 26.306982638178 3 1 0 
1 1150 7.8 20 0.383064516129032 0.394153225806452 44.8930141757549 3 -1 0 
0 1150 7.2 21 0.42926747311828 0.444556451612903 26.801852061476 3 1 0 
1 1160 7.8 20 0.448700716845878 0.391129032258065 43.081318457076 3 -1 0 
0 1160 7.2 21 0.462011884550085 0.474798387096774 13.0352187739737 3 1 0 
1 1170 7.8 20 0.434139784946237 0.455645161290323 41.931491745465 3 -1 0 
0 1170 7.2 21 0.419538123167155 0.537298387096774 7.57049353397136 3 1 0 
1 1180 7.8 20 0.433998302207131 0.483870967741936 0 3 -1 0 
0 1180 7.2 21 0.425322580645161 0.55241935483871 10.3901558244591 3 1 0 
1 1190 7.8 21 0.533498759305211 0.463709677419355 0 3 0 0 
0 1190 7.2 21 0.467267552182163 0.525201612903226 20.8905136674833 3 0 0 
1 1200 7.8 21 0.425161290322581 0.399193548387097 0 3 0 0 
0 1200 7.2 21 0.433709677419355 0.560483870967742 9.9393848321743 3 0 0 
1 1210 7.8 21 0.387365591397849 0.366935483870968 0 3 0 0 
0 1210 7.2 21 0.464076246334311 0.436290322580645 32.1541269341909 3 0 0 
1 1220 7.8 21 0.487039170506912 0.443548387096774 0 3 0 0 
0 1220 7.2 21 0.498900293255132 0.486290322580645 20.5768438428146 3 0 0 
1 1230 7.8 21 0.421445639187575 0.247311827956989 35.9188381801924 3 -1 0 
0 1230 7.2 22 0.371517595307918 0.524193548387097 12.2829806675742 3 1 0 
1 1240 7.8 21 0.438340053763441 0.318548387096774 18.8204735387547 3 -1 0 
0 1240 7.2 22 0.417869269949066 0.514516129032258 16.6385872434155 3 1 0 
1 1250 7.8 21 0.504981024667932 0.311491935483871 25.940285583084 3 -1 0 
0 1250 7.2 22 0.439940577249576 0.539516129032258 23.8992934012147 3 1 0 
1 1260 7.8 21 0.493130227001195 0.365927419354839 20.6504960128511 3 -1 0 
0 1260 7.2 22 0.362691001697793 0.559677419354839 26.7867058431976 3 1 0 
1 1270 7.8 21 0.496493688639551 0.308467741935484 30.8293680550135 3 -1 0 
0 1270 7.2 22 0.393145161290323 0.564516129032258 26.1147940452753 3 1 0 
1 1280 7.8 21 0.57803605313093 0.282258064516129 37.6927954963418 3 -1 0 
0 1280 7.2 22 0.462029569892473 0.585483870967742 22.9352060736135 3 1 0 
1 1290 7.8 21 0.350302419354839 0.25 31.4985813044574 3 -1 0 
0 1290 7.2 22 0.350031017369727 0.626612903225806 31.4872656236995 3 1 0 
1 1300 7.8 22 0.366935483870968 0.28125 39.143095724838 3 0 0 
0 1300 7.2 22 0.388104838709677 0.542338709677419 41.282562904936 3 0 0 
1 1310 7.8 22 0.523617511520737 0.383064516129032 49.168437144394 3 0 0 
0 1310 7.2 22 0.453225806451613 0.620967741935484 11.4017542509914 3 0 0 
1 1320 7.8 22 0.450436827956989 0.465725806451613 38.0093757632233 3 0 0 
0 1320 7.2 22 0.454714640198511 0.520161290322581 8.73212459828649 3 0 0 
1 1330 7.8 22 0.424317617866005 0.513104838709677 35.1013200719105 3 0 0 
0 1330 7.2 22 0.422510518934081 0.403225806451613 18.0346887968714 3 0 0 
1 1340 7.8 22 0.540826612903226 0.538306451612903 24.6428294574077 3 0 0 
0 1340 7.2 22 0.425 0.358870967741936 0 3 0 0 
1 1350 7.8 22 0.45681581685744 0.59375 26.1368644822355 3 0 0 
0 1350 7.2 22 0.424227150537634 0.407258064516129 0 3 0 0 
1 1360 7.8 22 0.459803427419355 0.581653225806452 35.525121158385 3 0 0 
0 1360 7.2 22 0.380913978494624 0.1875 21.5522620622523 3 0 0 
1 1370 7.8 22 0.516129032258065 0.58366935483871 40.4451500498171 3 0 1 
0 1370 7.2 22 0.449596774193548 0.150201612903226 8.45892457409028 2 0 -1 
1 1380 7.8 22 0.490622655663916 0.63508064516129 45.2962619670225 3 0 1 
0 1380 7.2 22 0.331989247311828 0.25 4.82611782264046 2 0 -1 
1 1390 7.8 22 0.507340777502068 0.502688172043011 30.0328290461745 3 0 1 
0 1390 7.2 22 0.346774193548387 0.346774193548387 3.87348377160409 2 0 -1 
1 1400 7.8 22 0.600403225806452 0.452956989247312 18.3028099823178 3 0 1 
0 1400 7.2 22 0.339516129032258 0.380040322580645 8.95540354722248 2 0 -1 
1 1410 7.8 22 0.522177419354839 0.5 3.16227766016838 3 0 1 
0 1410 7.2 22 0.32624633431085 0.320967741935484 23.2857158398711 2 0 -1 
1 1420 7.8 23 0.451751946607341 0.436827956989247 14.6733991281948 3 0 1 
0 1420 7.2 23 0.362903225806452 0.313709677419355 27.6124281928157 2 0 -1 
1 1430 7.8 23 0.51985111662531 0.438172043010753 19.2799751564452 3 0 1 
0 1430 7.2 23 0.375 0.365322580645161 26.7827818513688 2 0 -1 
1 1440 7.8 23 0.466061827956989 0.477150537634409 5.69594961473276 3 0 1 
0 1440 7.2 23 0.373655913978495 0.451612903225806 21.3450617890385 2 0 -1 
1 1450 7.8 23 0.43384109916368 0.431451612903226 0 3 0 1 
0 1450 7.2 23 0.356499051233397 0.521774193548387 3.68047774736966 2 0 -1 
1 1460 7.8 23 0.567792338709677 0.256048387096774 36.5308089152157 3 0 1 
0 1460 7.2 23 0.354435483870968 0.564516129032258 5.96888360203042 2 0 -1 
1 1470 7.8 23 0.469534050179211 0.334677419354839 24.0052077683156 3 0 1 
0 1470 7.2 23 0.38694743130227 0.510483870967742 5.17002496482062 2 0 -1 
1 1480 7.8 23 0.515697004608295 0.42741935483871 0 3 0 1 
0 1480 7.2 23 0.40994623655914 0.532258064516129 10.2580533404067 2 0 -1 
1 1490 7.8 23 0.622518610421836 0.629032258064516 0 3 0 1 
0 1490 7.2 23 0.47955069124424 0.520967741935484 6.26009125422601 2 0 -1 
1 1500 7.8 23 0.471163245356794 0.810483870967742 0 3 0 2 
0 1500 7.2 23 0.446572580645161 0.486290322580645 5.78882025716512 1 0 -2 
1 1510 7.8 23 0.517025089605735 0.598118279569893 77.0719532890487 3 0 2 
0 1510 7.2 23 0.459326788218794 0.476814516129032 21.3853733778678 1 0 -2 
1 1520 7.8 23 0.572292626728111 0.452956989247312 65.8015019275104 3 0 2 
0 1520 7.2 23 0.571572580645161 0.439516129032258 35.3082331793863 1 0 -2 
1 1530 7.8 23 0.428120617110799 0.428763440860215 60.2748652435787 3 -1 2 
0 1530 7.2 24 0.466733870967742 0.439516129032258 58.3399499865966 1 1 -2 
1 1540 7.8 23 0.415826612903226 0.282258064516129 28.8686665841728 3 -1 2 
0 1540 7.2 24 0.50031017369727 0.480846774193548 46.6703751094526 1 1 -2 
1 1550 7.8 23 0.499423963133641 0.226814516129032 10.4296905974951 3 -1 2 
0 1550 7.2 24 0.562298387096774 0.554435483870968 38.4227312038544 1 1 -2 
1 1560 7.8 23 0.422996878251821 0.267137096774194 6.91147027252673 3 -1 2 
0 1560 7.2 24 0.468352883675464 0.576612903225806 30.8244370333157 1 1 -2 
1 1570 7.8 23 0.470833333333333 0.336693548387097 11.5433270566676 3 -1 2 
0 1570 7.2 24 0.388994307400379 0.51008064516129 19.446252998721 1 1 -2 
1 1580 7.8 23 0.532536151279199 0.370967741935484 32.1514619127749 3 -1 2 
0 1580 7.2 24 0.444124423963134 0.349193548387097 25.5632445919686 1 1 -2 
1 1590 7.8 24 0.470790715971676 0.434475806451613 31.792588633479 3 0 2 
0 1590 7.2 24 0.383870967741935 0.384677419354839 25.8686096373425 1 0 -2 
1 1600 7.8 24 0.447715053763441 0.472782258064516 42.3541516116513 3 0 2 
0 1600 7.2 24 0.392641129032258 0.401612903225806 27.398438553172 1 0 -2 
1 1610 7.8 24 0.531524926686217 0.444556451612903 32.7190056013241 3 0 2 
0 1610 7.2 24 0.450682382133995 0.440322580645161 24.8552139021167 1 0 -2 
1 1620 7.8 24 0.494197482297404 0.419354838709677 14.0924786840699 3 0 2 
0 1620 7.2 24 0.372311827956989 0.413709677419355 33.488020450233 1 0 -2 
1 1630 7.8 24 0.506832437275986 0.44758064516129 6.92351760532271 3 0 2 
0 1630 7.2 24 0.365322580645161 0.404838709677419 35.1718003150188 1 0 -2 
1 1640 7.8 24 0.634467040673212 0.498655913978495 18.0313338872318 3 0 2 
0 1640 7.2 24 0.428763440860215 0.405645161290323 41.479621662709 1 0 -2 
1 1650 7.8 24 0.502777777777778 0.456989247311828 8.16525600746493 3 0 2 
0 1650 7.2 24 0.299899193548387 0.414516129032258 44.5012133001934 1 0 -2 
1 1660 7.8 24 0.500302419354839 0.469086021505376 9.95056898014839 3 0 2 
0 1660 7.2 24 0.326612903225806 0.399193548387097 20.7343699194779 1 0 -2 
1 1670 7.8 24 0.63508064516129 0.494623655913979 10.0656522345718 3 0 2 
0 1670 7.2 24 0.352822580645161 0.380040322580645 20.8897751171143 1 0 -2 
1 1680 7.8 24 0.555865102639296 0.514784946236559 29.5123197707447 3 0 2 
0 1680 7.2 24 0.266397849462366 0.392137096774194 5.62133743017573 1 0 -2 
1 1690 7.8 24 0.527751423149905 0.379032258064516 10.3077640640442 3 -1 2 
0 1690 7.2 25 0.43010752688172 0.429435483870968 4.521104554388 1 1 -2 
1 1700 7.8 24 0.677707373271889 0.405241935483871 6.26498204307083 3 -1 2 
0 1700 7.2 25 0.441935483870968 0.461693548387097 12.4512566259478 1 1 -2 
1 1710 7.8 24 0.513530465949821 0.370967741935484 35.9271343424701 3 -1 2 
0 1710 7.2 25 0.233870967741935 0.477822580645161 13.5035289186621 1 1 -2 
1 1720 7.8 24 0.518853530950305 0.417338709677419 14.5561382121006 3 -1 2 
0 1720 7.2 25 0.32258064516129 0.436491935483871 30.590112116657 1 1 -2 
1 1730 7.8 24 0.675078043704474 0.458333333333333 13.3369930190206 3 -1 2 
0 1730 7.2 25 0.298387096774194 0.375 33.82215509316 1 1 -2 
1 1740 7.8 24 0.518188057652711 0.525537634408602 11.4653077457976 3 -1 2 
0 1740 7.2 25 0.204404466501241 0.379032258064516 17.3839904897828 1 1 -2 
1 1750 7.8 24 0.507575757575758 0.108870967741935 0 3 -1 2 
0 1750 7.2 25 0.259072580645161 0.461693548387097 6.39737454852107 1 1 -2 
1 1760 7.8 24 0.71178955453149 0.266129032258065 0 3 -1 2 
0 1760 7.2 25 0.259072580645161 0.519153225806452 9.31910667286615 1 1 -2 
1 1770 7.8 24 0.533602150537634 NaN NaN 3 -1 2 
0 1770 7.2 25 0.253276209677419 0.479838709677419 5.22148797548418 1 1 -2 
1 1780 7.8 24 0.506720430107527 0.491935483870968 0 3 -1 2 
0 1780 7.2 25 0.271953405017921 0.434475806451613 21.0210068036341 1 1 -2 
1 1790 7.8 24 0.668114143920595 0.491935483870968 0 3 -1 2 
0 1790 7.2 25 0.271953405017921 0.420362903225806 23.2342730852294 1 1 -2 
1 1800 7.8 24 0.538418458781362 0.536290322580645 0 3 -1 2 
0 1800 7.2 25 0.316348973607038 0.329637096774194 55.6398637302349 1 1 -2 
1 1810 7.8 25 0.478427419354839 0.653225806451613 0 3 0 2 
0 1810 7.2 25 0.348118279569893 0.388104838709677 41.9449551537914 1 0 -2 
1 1820 7.8 25 0.688049853372434 0.115591397849462 5.18876194288374 3 0 2 
0 1820 7.2 25 0.486803519061584 0.479838709677419 42.0722355683339 1 0 -2 
1 1830 7.8 25 0.490114464099896 0.208333333333333 4.42371821573681 3 0 2 
0 1830 7.2 25 0.433730715287518 0.409274193548387 44.5379674818027 1 0 -2 
1 1840 7.8 25 0.490532959326788 0.201612903225806 4.24927958074404 3 -1 2 
0 1840 7.2 26 0.490591397849462 0.438508064516129 39.3217180242045 1 1 -2 
1 1850 7.8 25 0.68494623655914 0.217741935483871 6.75762504923601 3 -1 2 
0 1850 7.2 26 0.508568548387097 0.465725806451613 37.5376706037463 1 1 -2 
1 1860 7.8 25 0.538236929922136 0.186827956989247 11.8024405394022 3 -1 2 
0 1860 7.2 26 0.46795415959253 0.432459677419355 56.0820578992936 1 1 -2 
1 1870 7.8 25 0.47610513739546 0.311827956989247 5.72080079115015 3 -1 2 
0 1870 7.2 26 0.438879456706282 0.42258064516129 45.0389158842963 1 1 -2 
1 1880 7.8 25 0.453310696095076 0.321236559139785 4.33369824679584 3 -1 2 
0 1880 7.2 26 0.49910394265233 0.366935483870968 18.9827532548696 1 1 -2 
1 1890 7.8 25 0.424654377880184 0.261088709677419 20.2197195962598 3 -1 2 
0 1890 7.2 26 0.406874039938556 0.312096774193548 19.0544905289799 1 1 -2 
1 1900 7.8 25 0.396968854282536 0.349798387096774 20.7387840148703 3 -1 2 
0 1900 7.2 26 0.386827956989247 0.395967741935484 8.76318074458642 1 1 -2 
1 1910 7.8 25 0.447388632872504 0.365927419354839 23.9795942271327 3 -1 2 
0 1910 7.2 26 0.416666666666667 0.450806451612903 13.1905384247782 1 1 -2 
1 1920 7.8 25 0.501227208976157 0.407258064516129 17.0737502653378 3 -1 2 
0 1920 7.2 26 0.379193548387097 0.529838709677419 5.91698220619455 1 1 -2 
1 1930 7.8 25 0.361335125448029 0.352822580645161 10.0966094281114 3 -1 2 
0 1930 7.2 26 0.415322580645161 0.560483870967742 8.6354051436264 1 1 -2 
1 1940 7.8 25 0.396673387096774 0.282258064516129 4.50818981320903 3 -1 2 
0 1940 7.2 26 0.517137096774194 0.638709677419355 4.96030034773284 1 1 -2 
1 1950 7.8 25 0.508342602892102 0.388104838709677 5.93293260270202 3 -1 2 
0 1950 7.2 26 0.491935483870968 0.562903225806452 4.20183012682623 1 1 -2 
1 1960 7.8 25 0.4375 0.397177419354839 15.3441959738316 3 -1 2 
0 1960 7.2 26 0.498870967741935 0.491129032258064 8.21278042938314 1 1 -2 
1 1970 7.8 25 0.606278801843318 0.378024193548387 30.0657545106579 3 -1 2 
0 1970 7.2 26 0.632728494623656 0.504032258064516 12.0241567095861 1 1 -2 
1 1980 7.8 25 0.419952210274791 0.301075268817204 18.7874620037885 3 -1 2 
0 1980 7.2 26 0.512096774193548 0.495161290322581 14.6828777912785 1 1 -2 
1 1990 7.8 25 0.423387096774194 0.325268817204301 16.3903012574096 3 -1 2 
0 1990 7.2 26 0.429032258064516 0.464516129032258 12.9470629133675 1 1 -2 
1 2000 7.8 25 0.53204584040747 0.391129032258065 8.21666781111413 3 -1 2 
0 2000 7.2 26 0.409274193548387 0.435483870967742 33.5428056434772 1 1 -2 
1 2010 7.8 25 0.450460829493088 0.44489247311828 5.9949352122819 3 -1 2 
0 2010 7.2 26 0.327016129032258 0.420362903225806 43.7057624191923 1 1 -2 
1 2020 7.8 26 0.452908986175115 0.518817204301075 4.86634338504363 3 0 2 
0 2020 7.2 26 0.374423963133641 0.423387096774194 44.0140638928749 1 0 -2 
1 2030 7.8 26 0.580846774193548 0.532258064516129 4.96733990223693 3 0 2 
0 2030 7.2 26 0.433467741935484 0.449596774193548 45.5728346408611 1 0 -2 
1 2040 7.8 26 0.489616935483871 0.512096774193548 9.04103520853922 3 0 2 
0 2040 7.2 26 0.282258064516129 0.470766129032258 29.8507893900014 1 0 -2 
1 2050 7.8 26 0.474245577523413 0.405241935483871 42.4419254668603 3 0 2 
0 2050 7.2 26 0.347670250896057 0.498991935483871 22.1727338835373 1 0 -2 
1 2060 7.8 26 0.607117812061711 0.465725806451613 39.7360300762141 3 0 2 
0 2060 7.2 26 0.426075268817204 0.48991935483871 23.967847492293 1 0 -2 
1 2070 7.8 26 0.507182459677419 0.559475806451613 35.7384395430294 3 0 2 
0 2070 7.2 26 0.247407834101383 0.377016129032258 31.5546830642025 1 0 -2 
1 2080 7.8 26 0.506586021505376 0.530913978494624 47.5056725926767 3 0 2 
0 2080 7.2 26 0.374193548387097 0.345766129032258 35.13386040827 1 0 -2 
1 2090 7.8 26 0.633387096774194 0.493279569892473 47.5270840266581 3 0 2 
0 2090 7.2 26 0.393145161290323 0.349798387096774 30.4321905917438 1 0 -2 
1 2100 7.8 26 0.459677419354839 0.391129032258065 38.4751835837779 3 0 2 
0 2100 7.2 26 0.264705882352941 0.32258064516129 24.9316213064429 1 0 -2 
1 2110 7.8 26 0.423387096774194 0.205645161290323 1.33333333333333 3 0 2 
0 2110 7.2 26 0.365207373271889 0.303427419354839 25.8311255913201 1 0 -2 
1 2120 7.8 26 0.576075268817204 0.220430107526882 16.7505231748115 3 0 2 
0 2120 7.2 26 0.397465437788018 0.378024193548387 24.1383406445127 1 0 -2 
1 2130 7.8 26 0.438508064516129 0.307795698924731 11.6102130710828 3 -1 2 
0 2130 7.2 27 0.375 0.383064516129032 42.8842895749114 1 1 -2 
1 2140 7.8 26 0.398709677419355 0.34005376344086 5.00545481861319 3 -1 2 
0 2140 7.2 27 0.350358422939068 0.45241935483871 40.4134448265738 1 1 -2 
1 2150 7.8 26 0.454242636746143 0.301411290322581 26.9456572225268 3 -1 2 
0 2150 7.2 27 0.401785714285714 0.483064516129032 31.5958857785699 1 1 -2 
1 2160 7.8 26 0.395856507230256 0.345766129032258 9.69997947621047 3 -1 2 
0 2160 7.2 27 0.335433467741936 0.554032258064516 19.2358800815237 1 1 -2 
1 2170 7.8 26 0.440020161290323 0.285282258064516 18.3635214134411 3 -1 2 
0 2170 7.2 27 0.458333333333333 0.645161290322581 16.4646618798088 1 1 -2 
1 2180 7.8 26 0.519100169779287 0.301612903225806 20.9434796158246 3 -1 2 
0 2180 7.2 27 0.458333333333333 0.635483870967742 5.51206795147129 1 1 -2 
1 2190 7.8 26 0.567631964809384 0.337701612903226 14.8168424783035 3 -1 2 
0 2190 7.2 27 0.414554531490015 0.644354838709677 7.4382529764111 1 1 -2 
1 2200 7.8 26 0.459203036053131 0.314516129032258 27.790967740956 3 -1 2 
0 2200 7.2 27 0.421505376344086 0.654032258064516 9.65762559190925 1 1 -2 
1 2210 7.8 26 0.453405017921147 0.395161290322581 33.8724548227481 3 -1 2 
0 2210 7.2 27 0.627016129032258 0.691935483870968 10.6359044075157 1 1 -2 
1 2220 7.8 26 0.368951612903226 0.51008064516129 76.0788473577293 3 -1 2 
0 2220 7.2 27 0.566715542521994 0.608064516129032 13.0884877162571 1 1 -2 
1 2230 7.8 26 NaN NaN NaN 3 -1 2 
0 2230 7.2 27 NaN NaN NaN 1 1 -2 
