1 30 9 1 NaN 0.201612903225806 11.7246290353613 3 0 0 
0 30 6.8 1 NaN 0.120967741935484 1.86442239879644 3 0 0 
1 40 9 1 NaN 0.234677419354839 11.4161101131033 3 0 0 
0 40 6.8 1 NaN 0.241129032258065 8.4483221277424 3 0 0 
1 50 9 1 0.383064516129032 0.356451612903226 25.5027452025606 3 0 0 
0 50 6.8 1 0.383064516129032 0.345967741935484 25.9090429008782 3 0 0 
1 60 9 1 0.383064516129032 0.462903225806452 25.898184922632 3 0 0 
0 60 6.8 1 0.383064516129032 0.482258064516129 20.6717241586596 3 0 0 
1 70 9 1 0.402514231499051 0.480645161290323 22.9370943537089 3 0 0 
0 70 6.8 1 0.432056451612903 0.491935483870968 15.3187493555762 3 0 0 
1 80 9 1 0.44758064516129 0.466129032258065 22.797705411334 3 0 0 
0 80 6.8 1 0.490285923753666 0.490322580645161 18.5180921205432 3 0 0 
1 90 9 1 0.419489247311828 0.47883064516129 24.1798068864768 3 0 0 
0 90 6.8 1 0.413450460829493 0.5 20.9791596146402 3 0 0 
1 100 9 1 0.425627240143369 0.475806451612903 18.059875015184 3 -1 0 
0 100 6.8 2 0.409754224270353 0.479838709677419 27.141931149751 3 1 0 
1 110 9 2 0.473286290322581 0.404838709677419 34.434042488558 3 0 0 
0 110 6.8 2 0.486842105263158 0.479838709677419 30.9883704411879 3 0 0 
1 120 9 2 0.410204714640198 0.445161290322581 28.0213637214313 3 0 0 
0 120 6.8 2 0.413515016685206 0.394153225806452 41.4290152251637 3 0 0 
1 130 9 2 0.394758064516129 0.456653225806452 26.9991126883303 3 0 0 
0 130 6.8 2 0.383064516129032 0.379838709677419 36.8162991792222 3 0 0 
1 140 9 3 0.480990783410138 0.45866935483871 30.6080152705308 3 1 0 
0 140 6.8 2 0.470806451612903 0.436290322580645 36.1459334957326 3 -1 0 
1 150 9 3 0.404776674937965 0.42741935483871 45.9530162589444 3 0 0 
0 150 6.8 3 0.427029136316337 0.47258064516129 29.5642774365033 3 0 0 
1 160 9 3 0.383064516129032 0.471774193548387 29.3428085609012 3 0 0 
0 160 6.8 3 0.411962365591398 0.508064516129032 31.2421843896944 3 0 0 
1 170 9 3 0.475038402457757 0.400806451612903 41.9049978269707 3 0 0 
0 170 6.8 3 0.483234295415959 0.465322580645161 30.9775145240528 3 0 0 
1 180 9 4 0.415754608294931 0.42258064516129 30.4384922341989 3 0 0 
0 180 6.8 4 0.406612903225806 0.487903225806452 30.1134346338579 3 0 0 
1 190 9 4 0.410522273425499 0.450806451612903 24.8782687388966 3 0 0 
0 190 6.8 4 0.393346774193548 0.477822580645161 28.0781478343536 3 0 0 
1 200 9 4 0.484274193548387 0.520967741935484 20.2344644215477 3 0 0 
0 200 6.8 4 0.474890029325513 0.466733870967742 22.3662237709048 3 0 0 
1 210 9 4 0.406172456575682 0.5 24.0632176322441 3 0 0 
0 210 6.8 4 0.428931451612903 0.408870967741935 37.7718607398389 3 0 0 
1 220 9 5 0.389516129032258 0.479032258064516 19.0559185245596 3 0 0 
0 220 6.8 5 0.435483870967742 0.434677419354839 34.3320561043499 3 0 0 
1 230 9 5 0.475 0.486290322580645 15.9303795312958 3 0 0 
0 230 6.8 5 0.474706744868035 0.433870967741935 22.0933421321169 3 0 0 
1 240 9 5 0.404156327543424 0.452620967741936 21.9997107940824 3 0 0 
0 240 6.8 5 0.405397022332506 0.487903225806452 25.3542744917544 3 0 0 
1 250 9 6 0.389314516129032 0.467741935483871 29.0612353967086 3 0 0 
0 250 6.8 6 0.404185867895545 0.484677419354839 24.8476428556844 3 0 0 
1 260 9 6 0.486175115207373 0.425806451612903 38.7993006684258 3 0 0 
0 260 6.8 6 0.474654377880184 0.473387096774194 32.4397951156149 3 0 0 
1 270 9 6 0.392882187938289 0.450806451612903 31.4151459012879 3 0 0 
0 270 6.8 6 0.405764635603345 0.420967741935484 28.9369709456338 3 0 0 
1 280 9 6 0.390456989247312 0.485483870967742 20.9768675454814 3 0 0 
0 280 6.8 6 0.411991584852735 0.47258064516129 21.2537780562835 3 0 0 
1 290 9 6 0.48471986417657 0.504838709677419 15.122063240347 3 0 0 
0 290 6.8 6 0.483870967741936 0.458064516129032 17.7069899092712 3 0 0 
1 300 9 6 0.423790322580645 0.461290322580645 15.4914701642847 3 0 0 
0 300 6.8 6 0.416573971078977 0.462903225806452 13.6441562405236 3 0 0 
1 310 9 6 0.412206744868035 0.477150537634409 23.7532374866496 3 -1 0 
0 310 6.8 7 0.390524193548387 0.517741935483871 9.2746672125988 3 1 0 
1 320 9 7 0.491935483870968 0.438172043010753 32.1586209508956 3 0 0 
0 320 6.8 7 0.467040673211781 0.536290322580645 5.07170929026201 3 0 0 
1 330 9 7 0.429630593132154 0.312096774193548 42.0548052337949 3 0 0 
0 330 6.8 7 0.421908602150538 0.474193548387097 16.2991584028151 3 0 0 
1 340 9 7 0.395929339477727 0.359677419354839 32.9680528407751 3 0 0 
0 340 6.8 7 0.440918653576438 0.478225806451613 26.176669678508 3 0 0 
1 350 9 7 0.462609970674487 0.425806451612903 27.3497997243589 3 -1 0 
0 350 6.8 8 0.471774193548387 0.50241935483871 34.5406596563672 3 1 0 
1 360 9 7 0.391532258064516 0.478225806451613 26.7023786593872 3 -1 0 
0 360 6.8 8 0.422547043010753 0.492741935483871 36.7860018603089 3 1 0 
1 370 9 7 0.383512544802867 0.461290322580645 26.4050168038188 3 -1 0 
0 370 6.8 8 0.440284178187404 0.533064516129032 36.8355206562332 3 1 0 
1 380 9 8 0.440152801358234 0.440322580645161 22.165509557173 3 0 0 
0 380 6.8 8 0.522952853598015 0.535483870967742 39.6483451470973 3 0 0 
1 390 9 8 0.421774193548387 0.375 38.746574943582 3 0 0 
0 390 6.8 8 0.436612903225806 0.54133064516129 38.0317147437327 3 0 0 
1 400 9 8 0.413530465949821 0.368951612903226 44.4673192632514 3 -1 0 
0 400 6.8 9 0.391897081413211 0.519153225806452 37.2727567939039 3 1 0 
1 410 9 8 0.465473790322581 0.429435483870968 37.6852036106999 3 -1 0 
0 410 6.8 9 0.466173835125448 0.405645161290323 42.2888202698267 3 1 0 
1 420 9 8 0.384762308998302 0.374193548387097 38.8810597285664 3 -1 0 
0 420 6.8 9 0.418490783410138 0.445967741935484 36.9544070770107 3 1 0 
1 430 9 9 0.383064516129032 0.380645161290323 27.8039935427611 3 0 0 
0 430 6.8 9 0.399769585253456 0.464516129032258 28.4000159280207 3 0 0 
1 440 9 9 0.46491935483871 0.450806451612903 11.9211464640321 3 -1 0 
0 440 6.8 10 0.500175315568022 0.437096774193548 25.9671597395742 3 1 0 
1 450 9 9 0.402126099706745 0.480645161290323 11.8100136727099 3 -1 0 
0 450 6.8 10 0.450635386119257 0.488709677419355 23.0947723906395 3 1 0 
1 460 9 9 0.398719165085389 0.501008064516129 16.8757264495523 3 -1 0 
0 460 6.8 10 0.4834229390681 0.501612903225806 27.1465372165462 3 1 0 
1 470 9 9 0.47011385199241 0.433467741935484 20.1600684410119 3 -1 0 
0 470 6.8 10 0.537402669632925 0.449193548387097 39.9085323162813 3 1 0 
1 480 9 9 0.379032258064516 0.395161290322581 26.4728147419239 3 -2 0 
0 480 6.8 11 0.454393770856507 0.429838709677419 21.7866786302714 3 2 0 
1 490 9 9 0.42031490015361 0.445967741935484 30.7671040988977 3 -2 0 
0 490 6.8 11 0.398521505376344 0.450806451612903 10.0656042047864 3 2 0 
1 500 9 10 0.454943899018233 0.495967741935484 11.9053663701801 3 -1 0 
0 500 6.8 11 0.42684331797235 0.446774193548387 13.301691556888 3 1 0 
1 510 9 10 0.39726507713885 0.468548387096774 11.8760954732987 3 -1 0 
0 510 6.8 11 0.381804435483871 0.473387096774194 18.0648301462228 3 1 0 
1 520 9 10 0.422379032258065 0.454032258064516 16.7813757183151 3 -1 0 
0 520 6.8 11 0.397273425499232 0.454032258064516 10.2823418121879 3 1 0 
1 530 9 10 0.482459677419355 0.461290322580645 16.0322747359409 3 -1 0 
0 530 6.8 11 0.460685483870968 0.469354838709677 14.7401583888205 3 1 0 
1 540 9 11 0.42189366786141 0.554838709677419 6.77518414883693 3 0 0 
0 540 6.8 11 0.381804435483871 0.461693548387097 11.9640453692373 3 0 0 
1 550 9 11 0.410238429172511 0.582258064516129 14.4842254023394 3 0 0 
0 550 6.8 11 0.384530791788856 0.438172043010753 16.0742189828557 3 0 0 
1 560 9 11 0.504435483870968 0.52741935483871 16.9889101210146 3 0 0 
0 560 6.8 11 0.450879765395894 0.339717741935484 36.3209859992536 3 0 0 
1 570 9 11 0.414193548387097 0.484677419354839 13.9561054902667 3 -1 0 
0 570 6.8 12 0.411002304147465 0.316129032258065 39.6089713267583 3 1 0 
1 580 9 12 0.383276740237691 0.500806451612903 15.0216278309878 3 0 0 
0 580 6.8 12 0.411816269284712 0.369623655913978 28.7673441127647 3 0 0 
1 590 9 12 0.452388337468983 0.510483870967742 7.4530636371687 3 0 0 
0 590 6.8 12 0.473548387096774 0.46505376344086 21.209744727988 3 0 0 
1 600 9 12 0.419498847926267 0.49758064516129 11.3146015605829 3 0 0 
0 600 6.8 12 0.387280058651026 0.457661290322581 1.11803398874989 3 0 0 
1 610 9 12 0.444124423963134 0.455645161290323 24.5099737390622 3 0 0 
0 610 6.8 12 0.398233486943164 0.280241935483871 36.5744009001582 3 0 0 
1 620 9 12 0.474720843672457 0.460483870967742 12.4352074407405 3 0 0 
0 620 6.8 12 0.444633995037221 0.381048387096774 22.6524739163738 3 0 0 
1 630 9 12 0.39758064516129 0.475 28.3325595541365 3 0 0 
0 630 6.8 12 0.397770398481973 0.432258064516129 19.5989334862929 3 0 0 
1 640 9 13 0.391935483870968 0.461290322580645 21.517785349155 3 1 0 
0 640 6.8 12 0.457258064516129 0.474193548387097 20.7964906795186 3 -1 0 
1 650 9 13 0.418279569892473 0.391129032258065 4.93661223152511 3 0 0 
0 650 6.8 13 0.449308755760369 0.52741935483871 11.8713701957831 3 0 0 
1 660 9 13 0.38518675721562 0.446236559139785 4.38621096024322 3 0 0 
0 660 6.8 13 0.461228287841191 0.524193548387097 4.10071957538143 3 0 0 
1 670 9 13 0.388172043010753 0.435483870967742 4.57589012518721 3 0 0 
0 670 6.8 13 0.47194950911641 0.483870967741936 4.44192340022649 3 0 0 
1 680 9 13 0.43595825426945 0.442204301075269 2.70924309543358 3 0 0 
0 680 6.8 13 0.488104838709677 0.52741935483871 15.15878682622 3 0 0 
1 690 9 13 0.381451612903226 0.320161290322581 39.2777779097673 3 0 0 
0 690 6.8 13 0.43778801843318 0.519354838709677 10.3509219824617 3 0 0 
1 700 9 13 0.389336917562724 0.354838709677419 15.8528260319295 3 0 0 
0 700 6.8 13 0.383064516129032 0.501612903225806 13.5218871102856 3 0 0 
1 710 9 13 0.45437181663837 0.428225806451613 21.3321924692369 3 -1 0 
0 710 6.8 14 0.453024193548387 0.498387096774194 15.9378999406833 3 1 0 
1 720 9 13 0.384072580645161 0.412634408602151 9.94714609792008 3 -1 0 
0 720 6.8 14 0.458934634974533 0.539516129032258 6.03494518495277 3 1 0 
1 730 9 13 0.385944700460829 0.411290322580645 0 3 -1 0 
0 730 6.8 14 0.461559139784946 0.525 9.29340414363246 3 1 0 
1 740 9 13 0.429435483870968 0.403225806451613 0 3 -2 0 
0 740 6.8 15 0.516397849462366 0.543548387096774 7.09819653561252 3 2 0 
1 750 9 14 0.377822580645161 0.231182795698925 26.9500906074758 3 -1 0 
0 750 6.8 15 0.491477272727273 0.574193548387097 10.9030261414196 3 1 0 
1 760 9 14 0.366935483870968 0.22741935483871 15.6856324341389 3 -1 0 
0 760 6.8 15 0.512952101661779 0.617741935483871 4.83102982055731 3 1 0 
1 770 9 14 0.401881720430108 0.229032258064516 14.7273171595244 3 -1 0 
0 770 6.8 15 0.569168734491315 0.528225806451613 14.5907677031243 3 1 0 
1 780 9 14 0.344758064516129 0.351612903225806 25.3969131448398 3 -1 0 
0 780 6.8 15 0.513929618768328 0.467741935483871 20.5392789005618 3 1 0 
1 790 9 14 0.420595533498759 0.415322580645161 26.2783427661875 3 -1 0 
0 790 6.8 15 0.499135944700461 0.470161290322581 23.6664771617352 3 1 0 
1 800 9 14 0.467741935483871 0.443548387096774 23.8685834220912 3 -1 0 
0 800 6.8 15 0.557291666666667 0.47258064516129 13.6802741844662 3 1 0 
1 810 9 14 0.371679316888046 0.433870967741935 21.2466473079694 3 -1 0 
0 810 6.8 15 0.451108870967742 0.479032258064516 5.37879352042153 3 1 0 
1 820 9 15 0.372241086587436 0.44489247311828 8.44521077278378 3 -1 0 
0 820 6.8 16 0.409072580645161 0.511088709677419 4.41582286413194 3 1 0 
1 830 9 15 0.425627240143369 0.467741935483871 4.59497805495781 3 -1 0 
0 830 6.8 16 0.532450076804916 0.444556451612903 9.77501182152409 3 1 0 
1 840 9 15 0.413450460829493 0.478494623655914 11.2735820062906 3 -1 0 
0 840 6.8 16 0.452096774193548 0.392137096774194 19.988915877772 3 1 0 
1 850 9 15 0.380806451612903 0.471774193548387 15.3815702025669 3 -1 0 
0 850 6.8 16 0.383064516129032 0.466733870967742 19.4522076986865 3 1 0 
1 860 9 15 0.434788654060067 0.293010752688172 31.8060228608055 3 -1 0 
0 860 6.8 16 0.456281833616299 0.458870967741936 27.4388435194586 3 1 0 
1 870 9 15 0.406309297912713 0.232862903225806 17.4982891515036 3 -1 0 
0 870 6.8 16 0.434274193548387 0.483870967741936 12.5749813297648 3 1 0 
1 880 9 15 0.424283154121864 0.290322580645161 35.452105692843 3 -1 0 
0 880 6.8 16 0.432368035190616 0.470161290322581 14.7092419663044 3 1 0 
1 890 9 15 0.476814516129032 0.382056451612903 21.7070083349161 3 -1 0 
0 890 6.8 16 0.493863955119215 0.50241935483871 5.09130255990394 3 1 0 
1 900 9 15 0.412988115449915 0.375 26.7499349119992 3 -2 0 
0 900 6.8 17 0.414426523297491 0.491935483870968 13.3639168430789 3 2 0 
1 910 9 16 0.393049155145929 0.411290322580645 24.9042648628324 3 -1 0 
0 910 6.8 17 0.393675721561969 0.491129032258064 8.77252054373181 3 1 0 
1 920 9 16 0.44133064516129 0.437096774193548 16.1031638722307 3 -1 0 
0 920 6.8 17 0.492439516129032 0.550806451612903 4.02885520003748 3 1 0 
1 930 9 16 0.377546689303905 0.323588709677419 27.6505208605691 3 -1 0 
0 930 6.8 17 0.482830385015609 0.624193548387097 8.95864039064704 3 1 0 
1 940 9 16 0.457111436950147 0.418010752688172 25.1817043759515 3 -2 0 
0 940 6.8 18 0.558012486992716 0.662903225806452 4.60895118286726 3 2 0 
1 950 9 16 0.49630376344086 0.311827956989247 15.719865300137 3 -2 0 
0 950 6.8 18 0.620707596253902 0.712903225806452 4.17397787726625 3 2 0 
1 960 9 16 0.368401759530792 0.275537634408602 2.75677422610582 3 -2 0 
0 960 6.8 18 0.499755620723363 0.69758064516129 4.80280749309139 3 2 0 
1 970 9 16 0.393951612903226 0.26008064516129 18.5722666304434 3 -2 0 
0 970 6.8 18 0.468637992831541 0.571774193548387 16.8205804215353 3 2 0 
1 980 9 16 0.469354838709677 0.261088709677419 13.8118292805441 3 -2 0 
0 980 6.8 18 0.531701890989989 0.500806451612903 11.3742145997663 3 2 0 
1 990 9 16 0.346198156682028 0.260483870967742 18.2941077840889 3 -2 0 
0 990 6.8 18 0.501099706744868 0.529838709677419 6.71752459534309 3 2 0 
1 1000 9 16 0.408826164874552 0.330645161290323 18.9303140793229 3 -2 0 
0 1000 6.8 18 0.53318858560794 0.575806451612903 14.0082429882907 3 2 0 
1 1010 9 16 0.416745730550285 0.326612903225806 7.24822782014332 3 -2 0 
0 1010 6.8 18 0.523359288097887 0.579032258064516 14.8256269561415 3 2 0 
1 1020 9 17 0.381978908188586 0.411290322580645 10.7717574723387 3 -1 0 
0 1020 6.8 18 0.465420332355816 0.510483870967742 8.71129352754428 3 1 0 
1 1030 9 17 0.428268251273345 0.42741935483871 19.1942255182155 3 -2 0 
0 1030 6.8 19 0.458099579242637 0.470967741935484 7.11186140916706 3 2 0 
1 1040 9 17 0.443346774193548 0.39758064516129 10.296996362703 3 -2 0 
0 1040 6.8 19 0.50848896434635 0.537096774193548 4.56871318791903 3 2 0 
1 1050 9 17 0.39796633941094 0.434677419354839 6.07354325138427 3 -2 0 
0 1050 6.8 19 0.430443548387097 0.506451612903226 3.62244276702648 3 2 0 
1 1060 9 17 0.403927068723703 0.483064516129032 5.86044339056611 3 -2 0 
0 1060 6.8 19 0.399617996604414 0.481854838709677 4.96027158534197 3 2 0 
1 1070 9 17 0.452217741935484 0.433467741935484 7.14354826483618 3 -2 0 
0 1070 6.8 19 0.469024926686217 0.555443548387097 6.05842247443329 3 2 0 
1 1080 9 17 0.420967741935484 0.297379032258065 21.4331142671108 3 -2 0 
0 1080 6.8 19 0.446535244922342 0.558467741935484 14.1693349594236 3 2 0 
1 1090 9 17 0.43067617866005 0.251008064516129 23.724067729537 3 -2 0 
0 1090 6.8 19 0.445967741935484 0.512096774193548 4.39881039515431 3 2 0 
1 1100 9 17 0.456541218637993 0.348790322580645 12.5972169728239 3 -2 0 
0 1100 6.8 19 0.495266479663394 0.553427419354839 3.30059276602691 3 2 0 
1 1110 9 18 0.458183990442055 0.398185483870968 16.6232790999212 3 -1 0 
0 1110 6.8 19 0.457223001402525 0.474798387096774 16.7990512424492 3 1 0 
1 1120 9 18 0.426935483870968 0.362096774193548 25.2862817753811 3 -1 0 
0 1120 6.8 19 0.440725806451613 0.437903225806452 32.8245618599411 3 1 0 
1 1130 9 18 0.492204301075269 0.433064516129032 18.3914901987093 3 -2 0 
0 1130 6.8 20 0.47883064516129 0.439516129032258 24.6662763949046 3 2 0 
1 1140 9 18 0.442671809256662 0.449193548387097 20.0811288147451 3 -2 0 
0 1140 6.8 20 0.404953917050691 0.460483870967742 17.1348185961955 3 2 0 
1 1150 9 18 0.38782991202346 0.482258064516129 14.8128004258425 3 -2 0 
0 1150 6.8 20 0.38508064516129 0.487096774193548 6.89336858274977 3 2 0 
1 1160 9 18 0.468125960061444 0.418548387096774 17.0369631753394 3 -2 0 
0 1160 6.8 20 0.442372311827957 0.498387096774194 6.81147762508593 3 2 0 
1 1170 9 18 0.405161290322581 0.37741935483871 18.7347385201237 3 -2 0 
0 1170 6.8 20 0.429435483870968 0.524193548387097 13.2517527709242 3 2 0 
1 1180 9 18 0.403927068723703 0.375806451612903 8.33677249485918 3 -2 0 
0 1180 6.8 20 0.437741935483871 0.496774193548387 13.9911869985583 3 2 0 
1 1190 9 18 0.475105189340813 0.442741935483871 18.6993046705328 3 -2 0 
0 1190 6.8 20 0.487552594670407 0.494354838709677 13.72850267102 3 2 0 
1 1200 9 18 0.388860887096774 0.428225806451613 19.0650655507892 3 -2 0 
0 1200 6.8 20 0.441244239631336 0.549193548387097 8.60361265880727 3 2 0 
1 1210 9 18 0.391129032258065 0.354838709677419 31.310783866077 3 -2 0 
0 1210 6.8 20 0.454493087557604 0.645161290322581 6.79827035716133 3 2 0 
1 1220 9 18 0.434811827956989 0.321572580645161 24.8380715246957 2 -2 -1 
0 1220 6.8 20 0.501728110599078 0.718548387096774 10.3978820653386 3 2 1 
1 1230 9 19 0.380305602716469 0.210685483870968 17.7255666727554 2 -1 -1 
0 1230 6.8 20 0.467215988779804 0.725806451612903 6.2187586097613 3 1 1 
1 1240 9 19 0.457997311827957 0.211693548387097 7.87108012719674 2 -2 -1 
0 1240 6.8 21 0.450268817204301 0.723387096774194 4.11870511319757 3 2 1 
1 1250 9 19 0.502352150537634 0.221774193548387 12.7378093213487 2 -2 -1 
0 1250 6.8 21 0.535 0.521774193548387 40.0877848474598 3 2 1 
1 1260 9 19 0.344153225806452 0.287298387096774 17.6375448226327 2 -2 -1 
0 1260 6.8 21 0.499495967741936 0.495967741935484 15.5005623264749 3 2 1 
1 1270 9 19 0.394623655913978 0.321774193548387 23.8776415475093 2 -2 -1 
0 1270 6.8 21 0.446860599078341 0.470967741935484 13.8889141349527 3 2 1 
1 1280 9 19 0.420698924731183 0.354838709677419 22.1953271218022 2 -2 -1 
0 1280 6.8 21 0.559331797235023 0.449193548387097 28.0299320293274 3 2 1 
1 1290 9 19 0.375201612903226 0.395967741935484 30.1051808990093 2 -2 -1 
0 1290 6.8 21 0.491053427419355 0.381451612903226 19.8697137653842 3 2 1 
1 1300 9 19 0.388216845878136 0.375 18.9378705799836 2 -2 -1 
0 1300 6.8 21 0.464008363201912 0.436290322580645 12.0044520528429 3 2 1 
1 1310 9 19 0.413306451612903 0.393145161290323 4.83161202926596 2 -2 -1 
0 1310 6.8 21 0.504233870967742 0.556451612903226 7.14985843158874 3 2 1 
1 1320 9 20 0.367147707979626 0.340725806451613 7.78341754989854 2 -1 -1 
0 1320 6.8 21 0.492172675521822 0.587701612903226 5.90739076832579 3 1 1 
1 1330 9 20 0.378083491461101 0.296370967741936 19.2036474182454 2 -1 -1 
0 1330 6.8 21 0.474565756823821 0.653225806451613 4.72267388780938 3 1 1 
1 1340 9 20 0.3984375 0.305443548387097 11.0132256363547 2 -1 -1 
0 1340 6.8 21 0.56221198156682 0.64616935483871 3.55689555356425 3 1 1 
1 1350 9 20 0.377224694104561 0.295362903225806 9.20442982019807 2 -1 -1 
0 1350 6.8 21 0.514976958525346 0.586693548387097 6.03609327618514 3 1 1 
1 1360 9 20 0.427217741935484 0.33366935483871 6.11428090874973 2 -1 -1 
0 1360 6.8 21 0.450483870967742 0.582661290322581 12.6283518053088 3 1 1 
1 1370 9 20 0.451188455008489 0.336290322580645 19.5176560061924 2 -1 -1 
0 1370 6.8 21 0.537531017369727 0.522177419354839 7.81424492004447 3 1 1 
1 1380 9 20 0.428349875930521 0.355846774193548 9.30239160607645 2 -1 -1 
0 1380 6.8 21 0.482202447163515 0.515120967741936 6.05205501553426 3 1 1 
1 1390 9 20 0.451222684703434 0.383870967741936 9.03466255938827 2 -1 -1 
0 1390 6.8 21 0.406381486676017 0.484677419354839 24.7666340247307 3 1 1 
1 1400 9 20 0.519489247311828 0.462903225806452 11.89346548511 2 -1 -1 
0 1400 6.8 21 0.498514431239389 0.489516129032258 13.5148482350613 3 1 1 
1 1410 9 20 0.491647465437788 0.353225806451613 8.97108894528467 2 -1 -1 
0 1410 6.8 21 0.496266427718041 0.550806451612903 9.42414046049232 3 1 1 
1 1420 9 20 0.507056451612903 0.432795698924731 6.5583654259377 2 -2 -1 
0 1420 6.8 22 0.541816009557945 0.54133064516129 6.35489558942001 3 2 1 
1 1430 9 20 0.5462158808933 0.433467741935484 8.5146931829632 2 -2 -1 
0 1430 6.8 22 0.598790322580645 0.498991935483871 11.8221900038678 3 2 1 
1 1440 9 21 0.527370478983382 0.423387096774194 11.4017542509914 2 -1 -1 
0 1440 6.8 22 0.478578629032258 0.538306451612903 3.35410196624968 3 1 1 
1 1450 9 21 0.559005376344086 0.407258064516129 0 2 -1 -1 
0 1450 6.8 22 0.472278225806452 0.540322580645161 0 3 1 1 
1 1460 9 21 0.619623655913979 0.338709677419355 0 2 -1 -1 
0 1460 6.8 22 0.613479262672811 0.548387096774194 0 3 1 1 
1 1470 9 21 0.4456340378198 0.213709677419355 0 2 -1 -1 
0 1470 6.8 22 0.444259962049336 0.383064516129032 0 3 1 1 
1 1480 9 21 0.469864176570458 0.185483870967742 11.6711133084589 2 -1 -1 
0 1480 6.8 22 0.478024193548387 0.217741935483871 22.3886131772381 3 1 1 
1 1490 9 21 0.554183467741936 0.234879032258065 13.7627708268722 2 -1 -1 
0 1490 6.8 22 0.537166900420757 0.225806451612903 23.4360832905159 3 1 1 
1 1500 9 21 0.425537634408602 0.307459677419355 18.8718089127774 2 -1 -1 
0 1500 6.8 22 0.451900921658986 0.3125 32.6221051586087 3 1 1 
1 1510 9 21 0.408794162826421 0.337096774193548 29.4724674721454 2 -1 -1 
0 1510 6.8 22 0.426893408134642 0.315322580645161 29.4785685111657 3 1 1 
1 1520 9 21 0.526497695852535 0.426612903225806 22.0952841761751 2 -1 -1 
0 1520 6.8 22 0.46008064516129 0.420362903225806 9.24456894936495 3 1 1 
1 1530 9 21 0.458909370199693 0.471774193548387 18.0324395047121 2 -1 -1 
0 1530 6.8 22 0.436827956989247 0.441532258064516 8.38705570280948 3 1 1 
1 1540 9 21 0.404277699859748 0.459677419354839 13.8520338440215 2 -1 -1 
0 1540 6.8 22 0.417888563049853 0.503024193548387 5.81622710600008 3 1 1 
1 1550 9 22 0.494354838709677 0.236559139784946 29.1657345134253 2 -1 -1 
0 1550 6.8 23 0.518817204301075 0.528225806451613 9.60175127132534 3 1 1 
1 1560 9 22 0.435483870967742 0.260752688172043 20.1282289092066 2 -1 -1 
0 1560 6.8 23 0.472894265232975 0.502016129032258 14.0658339596403 3 1 1 
1 1570 9 22 0.387406947890819 0.309139784946237 14.1777546436062 2 -1 -1 
0 1570 6.8 23 0.442462779156328 0.553427419354839 25.2226571338761 3 1 1 
1 1580 9 22 0.387463343108504 0.272849462365591 14.0256185010202 2 -1 -1 
0 1580 6.8 23 0.526297335203366 0.513104838709677 24.2740631439015 3 1 1 
1 1590 9 22 0.399193548387097 0.321236559139785 9.3779874620679 2 -1 -1 
0 1590 6.8 23 0.484996249062266 0.429032258064516 43.2431407610901 3 1 1 
1 1600 9 22 0.3919779286927 0.235483870967742 27.9979229827509 2 -1 -1 
0 1600 6.8 23 0.44855816226784 0.503225806451613 32.7137318204312 3 1 1 
1 1610 9 22 0.406451612903226 0.293548387096774 18.6435599906273 2 -1 -1 
0 1610 6.8 23 0.543870967741935 0.504838709677419 35.2545413998723 3 1 1 
1 1620 9 22 0.379704301075269 0.379032258064516 15.1896990387433 2 -1 -1 
0 1620 6.8 23 0.466103830645161 0.529838709677419 21.2847989759484 3 1 1 
1 1630 9 22 0.376273344651952 0.37741935483871 20.3020466125913 2 -1 -1 
0 1630 6.8 23 0.446879382889201 0.564516129032258 7.5419786920708 3 1 1 
1 1640 9 22 0.385630498533724 0.335483870967742 33.4697274339573 2 -1 -1 
0 1640 6.8 23 0.609916367980884 0.556451612903226 12.9003764180095 3 1 1 
1 1650 9 22 0.294102822580645 0.276612903225806 19.8383431550316 2 -1 -1 
0 1650 6.8 23 0.523537134283571 0.616935483870968 10.9099429020694 3 1 1 
1 1660 9 22 0.278225806451613 0.265322580645161 13.8544718165729 2 -1 -1 
0 1660 6.8 23 0.513064516129032 0.695967741935484 8.57213902080811 3 1 1 
1 1670 9 22 NaN 0.237903225806452 17.7255408546083 2 -1 -1 
0 1670 6.8 23 0.623829344432882 0.723387096774194 7.28196996565517 3 1 1 
1 1680 9 23 0.265905017921147 0.219354838709677 8.76502598238001 2 0 -1 
0 1680 6.8 23 0.52705857385399 0.768817204301075 4.58409083408768 3 0 1 
1 1690 9 23 0.298387096774194 0.266935483870968 5.2275424712429 2 0 -1 
0 1690 6.8 23 0.511559139784946 0.721774193548387 0 3 0 1 
1 1700 9 23 0.298387096774194 0.425 14.1740927457109 2 0 -1 
0 1700 6.8 23 0.595833333333333 NaN NaN 3 0 1 
1 1710 9 23 0.267741935483871 0.510483870967742 9.0655896698314 2 0 -1 
0 1710 6.8 23 0.490020161290323 NaN NaN 3 0 1 
1 1720 9 23 0.343637992831541 0.605645161290323 17.9400432407776 2 0 -1 
0 1720 6.8 23 0.491019061583578 NaN NaN 3 0 1 
1 1730 9 23 0.343637992831541 0.713709677419355 20.0736953620714 2 0 0 
0 1730 6.8 23 0.600382003395586 NaN NaN 2 0 0 
1 1740 9 23 0.35220223325062 0.738709677419355 17.6238929741784 2 0 0 
0 1740 6.8 23 0.450146627565982 0.125 0 2 0 0 
1 1750 9 23 0.383333333333333 0.706451612903226 16.0046116015363 2 0 0 
0 1750 6.8 23 0.381203473945409 0.152217741935484 3.14693156265787 2 0 0 
1 1760 9 24 0.449715370018975 0.564516129032258 6.0240408608611 2 1 0 
0 1760 6.8 23 0.417338709677419 0.286290322580645 9.54585083263531 2 -1 0 
1 1770 9 24 0.500403225806452 0.470161290322581 18.8953679766238 2 1 0 
0 1770 6.8 23 0.332979626485569 0.340322580645161 21.3550288187661 2 -1 0 
1 1780 9 24 0.532258064516129 0.475806451612903 23.5494221294739 2 1 0 
0 1780 6.8 23 0.389112903225806 0.389516129032258 13.5337937076014 2 -1 0 
1 1790 9 24 0.639832949308756 0.470161290322581 11.6102211939215 2 1 0 
0 1790 6.8 23 0.459677419354839 0.434677419354839 6.14546593295048 2 -1 0 
1 1800 9 24 0.565972222222222 0.535483870967742 18.781581445979 2 1 0 
0 1800 6.8 23 0.356720430107527 0.412903225806452 6.80139022915141 2 -1 0 
1 1810 9 24 0.436659946236559 0.462903225806452 10.0800609279953 2 0 0 
0 1810 6.8 24 0.374423963133641 0.518145161290323 4.75052795803069 2 0 0 
1 1820 9 24 0.531502016129032 0.4 8.48656142435008 2 0 0 
0 1820 6.8 24 0.44815668202765 0.541666666666667 4.65285684379421 2 0 0 
1 1830 9 24 0.463835685483871 0.435483870967742 30.3419046191174 2 0 0 
0 1830 6.8 24 0.352367325702393 0.408602150537634 4.68139502597105 2 0 0 
1 1840 9 24 0.415154569892473 0.479032258064516 9.25041847891887 2 0 0 
0 1840 6.8 24 0.361895161290323 0.264784946236559 10.2131940136271 2 0 0 
1 1850 9 24 0.583394428152493 0.512903225806452 14.8259592892541 2 0 0 
0 1850 6.8 24 0.393887945670628 0.303763440860215 11.5583408123764 2 0 0 
1 1860 9 24 0.509550084889643 0.628225806451613 17.5141051049511 2 0 0 
0 1860 6.8 24 0.339410939691445 0.283602150537634 2.04168905063636 2 0 0 
1 1870 9 24 0.427923387096774 0.673387096774194 14.2701587009723 2 0 0 
0 1870 6.8 24 0.366625310173697 0.288306451612903 3.53553390593274 2 0 0 
1 1880 9 24 0.610568760611205 0.710685483870968 1.91904374441998 2 0 0 
0 1880 6.8 24 0.378225806451613 0.205645161290323 24.8394846967484 2 0 0 
1 1890 9 24 0.494556451612903 0.652217741935484 21.1732839310523 2 0 0 
0 1890 6.8 24 0.356612903225806 0.236559139784946 18.6526346145922 2 0 0 
1 1900 9 25 0.515697004608295 0.597782258064516 30.5075449484038 2 1 0 
0 1900 6.8 24 0.393817204301075 0.313172043010753 4.10064202715679 2 -1 0 
1 1910 9 25 0.665747028862479 0.481854838709677 26.0159596620479 2 1 0 
0 1910 6.8 24 0.425067204301075 0.362903225806452 5.48863110579772 2 -1 0 
1 1920 9 25 0.505218216318786 0.455645161290323 25.5183211748827 2 1 0 
0 1920 6.8 24 0.380785413744741 0.426075268817204 13.847327977862 2 -1 0 
1 1930 9 25 0.514568158168574 0.461693548387097 23.6248493299221 2 1 0 
0 1930 6.8 24 0.417444821731749 0.377688172043011 28.0712810891761 2 -1 0 
1 1940 9 25 0.592021889400922 0.366129032258064 30.7525092645467 2 1 0 
0 1940 6.8 24 0.505241935483871 0.244354838709677 29.4908322449792 2 -1 0 
1 1950 9 25 0.481935483870968 0.430645161290323 30.3381651719315 2 1 0 
0 1950 6.8 24 0.405097926267281 0.223387096774194 7.01040036171789 2 -1 0 
1 1960 9 25 0.46029776674938 0.464516129032258 8.25544639600418 2 1 0 
0 1960 6.8 24 0.404569892473118 0.332258064516129 14.0920574869171 2 -1 0 
1 1970 9 25 0.50545540796964 0.542741935483871 6.96059021726265 2 1 0 
0 1970 6.8 24 0.399193548387097 0.385483870967742 11.5324979237576 2 -1 0 
1 1980 9 25 0.498071528751753 0.540322580645161 11.4289097998899 2 1 0 
0 1980 6.8 24 0.411827956989247 0.409274193548387 14.9941811153697 2 -1 0 
1 1990 9 25 0.468207196029777 0.537903225806452 7.4156028779983 2 1 0 
0 1990 6.8 24 0.411482334869432 0.443548387096774 14.0134024845447 2 -1 0 
1 2000 9 25 0.594310035842294 0.657258064516129 6.09107644035828 2 1 0 
0 2000 6.8 24 0.503115835777126 0.333333333333333 13.6498767881283 2 -1 0 
1 2010 9 25 0.496621621621622 0.64758064516129 10.1068424957173 2 1 0 
0 2010 6.8 24 0.418444328824142 0.307795698924731 5.56056357023604 2 -1 0 
1 2020 9 25 0.549007444168734 0.566935483870968 10.8426473635889 2 1 0 
0 2020 6.8 24 0.554698457223001 0.325268817204301 3.89881462105983 2 -1 0 
1 2030 9 25 0.649697580645161 0.441129032258065 9.62205791450851 2 1 0 
0 2030 6.8 24 0.606014784946237 0.426075268817204 9.74753412999933 2 -1 0 
1 2040 9 25 0.473252688172043 0.293548387096774 9.17481350354643 2 1 0 
0 2040 6.8 24 0.481854838709677 0.426075268817204 21.815065628378 2 -1 0 
1 2050 9 25 0.537970430107527 0.233064516129032 20.4193087522275 2 0 0 
0 2050 6.8 25 0.460282258064516 0.3125 26.5255601053211 2 0 0 
1 2060 9 25 0.554618768328446 0.414516129032258 18.6450524005398 2 0 0 
0 2060 6.8 25 0.56804435483871 0.314516129032258 28.0511875570893 2 0 0 
1 2070 9 25 0.429771505376344 0.47741935483871 15.0040884880805 2 0 0 
0 2070 6.8 25 0.401929723502304 0.312096774193548 28.0602532279053 2 0 0 
1 2080 9 25 0.420750620347395 0.504032258064516 7.22063403726698 2 0 0 
0 2080 6.8 25 0.397081413210445 0.395967741935484 11.0622449955902 2 0 0 
1 2090 9 25 0.448700716845878 0.462096774193548 17.1959566727889 2 0 0 
0 2090 6.8 25 0.454301075268817 0.412903225806452 15.2867499105386 2 0 0 
1 2100 9 25 0.465501792114695 0.454032258064516 12.4826759773997 2 0 0 
0 2100 6.8 25 0.403225806451613 0.458870967741936 12.4710247189127 2 0 0 
1 2110 9 25 0.493833017077799 0.521774193548387 9.41422974927216 2 0 0 
0 2110 6.8 25 0.398263027295285 0.424193548387097 11.1819228318922 2 0 0 
1 2120 9 26 0.608633776091082 0.629032258064516 6.08102020221476 2 1 0 
0 2120 6.8 25 0.464516129032258 0.347782258064516 3.43378634912524 2 -1 0 
1 2130 9 26 0.516935483870968 0.559677419354839 10.5712458083591 2 1 0 
0 2130 6.8 25 0.395161290322581 0.384072580645161 6.44709865609431 2 -1 0 
1 2140 9 26 0.488876529477197 0.448387096774194 28.957478029276 2 1 0 
0 2140 6.8 25 0.414956011730205 0.261088709677419 21.3477323812558 2 -1 0 
1 2150 9 26 0.566129032258065 0.487096774193548 23.3084201014671 2 1 0 
0 2150 6.8 25 0.379032258064516 0.261088709677419 19.4198118211917 2 -1 0 
1 2160 9 26 0.509543010752688 0.480645161290323 17.3442456572888 2 1 0 
0 2160 6.8 25 0.347311827956989 0.316532258064516 15.2850239873006 2 -1 0 
1 2170 9 26 0.469693028095734 0.490322580645161 4.90884162041217 2 1 0 
0 2170 6.8 25 0.409867172675522 0.429435483870968 6.35689080591419 2 -1 0 
1 2180 9 26 0.565365025466893 0.583064516129032 10.3324971578993 2 1 0 
0 2180 6.8 25 0.424573055028463 0.382056451612903 7.30317869453944 2 -1 0 
1 2190 9 26 0.534562211981567 0.643548387096774 5.5242547479204 2 1 0 
0 2190 6.8 25 0.363047235023041 0.268145161290323 27.3221521846285 2 -1 0 
1 2200 9 26 0.465927419354839 0.650806451612903 5.89816989974405 2 1 0 
0 2200 6.8 25 0.39573732718894 0.326612903225806 0 2 -1 0 
1 2210 9 26 0.547715053763441 0.667741935483871 5.46605605199344 2 1 0 
0 2210 6.8 25 0.429280397022332 0.310483870967742 0 2 -1 0 
1 2220 9 26 0.482771260997067 0.754838709677419 2.98747552736765 2 1 1 
0 2220 6.8 25 0.340725806451613 NaN NaN 1 -1 -1 
1 2230 9 26 0.423387096774194 0.805645161290323 3.28770049010873 2 1 1 
0 2230 6.8 25 0.472782258064516 NaN NaN 1 -1 -1 
