1 30 8.2 1 NaN 0.696875 23.2147255078727 3 0 0 
0 30 10.8 1 NaN 0.259765625 19.7750614254625 3 0 0 
1 40 8.2 1 NaN 0.6796875 30.8205153872861 3 0 0 
0 40 10.8 1 NaN 0.25625 29.2127759895339 3 0 0 
1 50 8.2 1 0.39453125 0.59140625 39.7223380276192 3 0 0 
0 50 10.8 1 0.36328125 0.29453125 34.988696529051 3 0 0 
1 60 8.2 1 0.400275735294118 0.51171875 45.9315038284179 3 0 0 
0 60 10.8 1 0.368009868421053 0.4421875 51.9639795157268 3 0 0 
1 70 8.2 1 0.418154761904762 0.51015625 51.9766396080428 3 0 0 
0 70 10.8 1 0.383018092105263 0.47109375 54.0161321645528 3 0 0 
1 80 8.2 1 0.473845108695652 0.490625 52.5522004756888 3 0 0 
0 80 10.8 1 0.444940476190476 0.44765625 51.7336021069545 3 0 0 
1 90 8.2 1 0.449596774193548 0.4828125 54.8893772132414 3 0 0 
0 90 10.8 1 0.397927989130435 0.453125 55.384045582139 3 0 0 
1 100 8.2 1 0.41875 0.496875 51.2356994579435 3 0 0 
0 100 10.8 1 0.392223011363636 0.40390625 57.7508119282521 3 0 0 
1 110 8.2 2 0.470348011363636 0.49609375 51.2489263753092 3 0 0 
0 110 10.8 2 0.445625 0.39296875 55.8312763499338 3 0 0 
1 120 8.2 2 0.445482336956522 0.471354166666667 29.2092388542405 3 0 0 
0 120 10.8 2 0.42650462962963 0.4970703125 50.1577299565707 3 0 0 
1 130 8.2 2 0.435461956521739 0.56484375 54.6717505897073 3 -1 0 
0 130 10.8 3 0.39453125 0.4990234375 47.6821915252878 3 1 0 
1 140 8.2 3 0.469140625 0.56015625 50.4290919423822 3 0 0 
0 140 10.8 3 0.4521484375 0.49609375 48.2463430303909 3 0 0 
1 150 8.2 3 0.432198660714286 0.5546875 42.6568228800131 3 -1 0 
0 150 10.8 4 0.4276123046875 0.45703125 46.9369448640538 3 1 0 
1 160 8.2 4 0.446325231481482 0.47734375 45.9345411513831 3 0 0 
0 160 10.8 4 0.3931640625 0.350260416666667 49.1743223016369 3 0 0 
1 170 8.2 4 0.472511574074074 0.4921875 34.8173840874027 3 0 0 
0 170 10.8 4 0.4376953125 0.388020833333333 42.4879427271079 3 0 0 
1 180 8.2 4 0.466294642857143 0.46953125 41.2170363393899 3 0 0 
0 180 10.8 4 0.390407986111111 0.361328125 54.3707108527031 3 0 0 
1 190 8.2 4 0.412890625 0.4734375 39.0593385890599 3 -1 0 
0 190 10.8 5 0.376644736842105 0.41015625 48.4030248452138 3 1 0 
1 200 8.2 5 0.481770833333333 0.490625 40.6239034384923 3 0 0 
0 200 10.8 5 0.424753289473684 0.4482421875 48.3206416454043 3 0 0 
1 210 8.2 5 0.43203125 0.50546875 21.6827933673132 3 0 0 
0 210 10.8 5 0.429873511904762 0.494140625 34.0370215880509 3 0 0 
1 220 8.2 5 0.429865056818182 0.565625 26.0252049956837 3 0 0 
0 220 10.8 5 0.373934659090909 0.49609375 20.4319313840139 3 0 0 
1 230 8.2 5 0.474254261363636 0.55859375 13.1697028490161 3 -1 0 
0 230 10.8 6 0.419034090909091 0.5126953125 8.30888563248637 3 1 0 
1 240 8.2 5 0.440398185483871 0.513020833333333 10.7937310478964 3 -1 0 
0 240 10.8 6 0.419642857142857 0.4765625 6.35169451252307 3 1 0 
1 250 8.2 5 0.42984375 0.513020833333333 6.93423795254798 3 -1 0 
0 250 10.8 6 0.384602864583333 0.484375 4.87516935669091 3 1 0 
1 260 8.2 6 0.466859879032258 0.70390625 49.3827603944538 3 0 0 
0 260 10.8 6 0.428873697916667 0.4970703125 7.75580780843185 3 0 0 
1 270 8.2 6 0.442007211538462 0.634375 46.842686556636 3 0 0 
0 270 10.8 6 0.4276123046875 0.4658203125 26.3503913752062 3 0 0 
1 280 8.2 6 0.46640625 0.5765625 34.6974848405133 3 0 0 
0 280 10.8 6 0.384928385416667 0.47265625 32.2407159985433 3 0 0 
1 290 8.2 7 0.478430706521739 0.509375 57.8322744925964 3 0 0 
0 290 10.8 7 0.419327445652174 0.40625 26.3865496039175 3 0 0 
1 300 8.2 7 0.462002840909091 0.45625 58.625813992048 3 0 0 
0 300 10.8 7 0.408130787037037 0.427734375 29.7405447159261 3 0 0 
1 310 8.2 7 0.424005681818182 0.484375 49.0264139428201 3 0 0 
0 310 10.8 7 0.409090909090909 0.317708333333333 48.5813859095626 3 0 0 
1 320 8.2 7 0.455915178571429 0.4697265625 45.7230066762642 3 0 0 
0 320 10.8 7 0.445612980769231 0.34765625 53.5887642047946 3 0 0 
1 330 8.2 8 0.4638671875 0.4765625 48.3826079388232 3 1 0 
0 330 10.8 7 0.396267361111111 0.4169921875 47.0532863446503 3 -1 0 
1 340 8.2 8 0.42734375 0.60703125 42.9621689023396 3 0 0 
0 340 10.8 8 0.390830592105263 0.4833984375 37.3163979014038 3 0 0 
1 350 8.2 8 0.450032552083333 0.55859375 28.4148464662652 3 0 0 
0 350 10.8 8 0.427220394736842 0.484375 17.7632532191394 3 0 0 
1 360 8.2 8 0.4873046875 0.5283203125 7.87294915672478 3 0 0 
0 360 10.8 8 0.4015625 0.515625 7.55106526200262 3 0 0 
1 370 8.2 8 0.435221354166667 0.548177083333333 3.48114752831854 3 0 0 
0 370 10.8 8 0.374822443181818 0.526041666666667 5.1376869911558 3 0 0 
1 380 8.2 8 0.4609375 0.638671875 30.9339154074211 3 0 0 
0 380 10.8 8 0.44233630952381 0.526041666666667 4.25253182336658 3 0 0 
1 390 8.2 8 0.44994212962963 0.7041015625 22.2416385959911 3 -1 0 
0 390 10.8 9 0.4044921875 0.537109375 12.238215493188 3 1 0 
1 400 8.2 9 0.406994047619048 0.65234375 15.5117412004717 3 0 0 
0 400 10.8 9 0.404052734375 0.5302734375 11.9120792287287 3 0 0 
1 410 8.2 9 0.470600328947368 0.615625 29.0060249827467 3 0 0 
0 410 10.8 9 0.44140625 0.51953125 6.53132893834431 3 0 0 
1 420 8.2 9 0.4306640625 0.58203125 29.4938204365322 3 0 0 
0 420 10.8 9 0.449404761904762 0.518229166666667 4.9721197586022 3 0 0 
1 430 8.2 9 0.411754261363636 0.5734375 32.1991895771864 3 0 0 
0 430 10.8 9 0.39208984375 0.4609375 0 3 0 0 
1 440 8.2 10 0.462611607142857 0.5265625 38.8577693589831 3 1 0 
0 440 10.8 9 0.455357142857143 0.2421875 0 3 -1 0 
1 450 8.2 10 0.455915178571429 0.48828125 30.3684708029582 3 1 0 
0 450 10.8 9 0.37421875 0.203125 18.1835989345738 3 -1 0 
1 460 8.2 10 0.425101902173913 0.41484375 34.3923525252135 3 1 0 
0 460 10.8 9 0.3701171875 0.326171875 33.591198657743 3 -1 0 
1 470 8.2 10 0.474609375 0.42109375 36.4954610642231 3 0 0 
0 470 10.8 10 0.408380681818182 0.396484375 26.6293774321575 3 0 0 
1 480 8.2 11 0.48828125 0.45859375 41.9535292593285 3 1 0 
0 480 10.8 10 0.417338709677419 0.484375 23.5663004372998 3 -1 0 
1 490 8.2 11 0.428125 0.48046875 52.7262318008465 3 1 0 
0 490 10.8 10 0.385653409090909 0.505859375 22.4714769206148 3 -1 0 
1 500 8.2 11 0.441127232142857 0.4984375 56.0027260378186 3 1 0 
0 500 10.8 10 0.468979779411765 0.564453125 27.5586002903252 3 -1 0 
1 510 8.2 11 0.442023026315789 0.4984375 53.6350418158359 3 0 0 
0 510 10.8 11 0.421724759615385 0.556640625 23.6882187733679 3 0 0 
1 520 8.2 11 0.406436011904762 0.53828125 48.6152392349507 3 0 0 
0 520 10.8 11 0.414388020833333 0.537109375 22.5361379450331 3 0 0 
1 530 8.2 12 0.451882102272727 0.505859375 36.8432887202337 3 1 0 
0 530 10.8 11 0.439375 0.4375 16.9168324950515 3 -1 0 
1 540 8.2 12 0.483319256756757 0.4853515625 34.6382267685376 3 1 0 
0 540 10.8 11 0.413161057692308 0.4443359375 6.84735094320478 3 -1 0 
1 550 8.2 12 0.44921875 0.446614583333333 48.5639865200736 3 1 0 
0 550 10.8 11 0.4203125 0.5126953125 4.10437803396725 3 -1 0 
1 560 8.2 12 0.486150568181818 0.5478515625 42.6774874981093 3 0 0 
0 560 10.8 12 0.39734375 0.515625 11.6895678967501 3 0 0 
1 570 8.2 12 0.399739583333333 0.5498046875 30.6778124632613 3 0 0 
0 570 10.8 12 0.376708984375 0.5439453125 20.878630159961 3 0 0 
1 580 8.2 12 0.425575657894737 0.5791015625 37.7223767485252 3 0 0 
0 580 10.8 12 0.438313802083333 0.4853515625 10.101588892389 3 0 0 
1 590 8.2 12 0.43359375 0.600260416666667 5.64337031730858 3 0 0 
0 590 10.8 12 0.454471982758621 0.5283203125 5.15835901483092 3 0 0 
1 600 8.2 12 0.405133928571429 0.623046875 9.83607155040716 3 0 0 
0 600 10.8 12 0.484375 0.5849609375 5.37104589609223 3 0 0 
1 610 8.2 13 0.41796875 0.69140625 25.2277327237693 3 0 0 
0 610 10.8 13 0.517410714285714 0.58203125 1.77777777777778 3 0 0 
1 620 8.2 13 0.41796875 0.6484375 22.9025678424943 3 0 0 
0 620 10.8 13 0.551254734848485 0.561197916666667 5.73752009724838 3 0 0 
1 630 8.2 13 0.303013392857143 0.62109375 16.917600268805 3 0 0 
0 630 10.8 13 0.496594551282051 0.424479166666667 4.45396397660439 3 0 0 
1 640 8.2 13 0.394252232142857 0.6015625 28.3827549004436 3 0 0 
0 640 10.8 13 0.487689393939394 0.2060546875 22.624667485341 3 0 0 
1 650 8.2 14 0.394301470588235 0.63671875 45.542462269308 3 1 0 
0 650 10.8 13 0.499660326086957 0.2509765625 20.2540517677451 3 -1 0 
1 660 8.2 14 0.45765625 0.53203125 41.2495472846399 3 1 0 
0 660 10.8 13 0.453947368421053 0.3349609375 15.0903981391435 3 -1 0 
1 670 8.2 14 0.475680443548387 0.5296875 31.8888507850906 3 1 0 
0 670 10.8 13 0.394903273809524 0.3388671875 15.105421492553 3 -1 0 
1 680 8.2 14 0.498408564814815 0.5265625 30.3416123298438 3 0 0 
0 680 10.8 14 0.394870923913043 0.4013671875 18.6175211464502 3 0 0 
1 690 8.2 14 0.515120967741936 0.51484375 22.1511421858784 3 0 0 
0 690 10.8 14 0.373604910714286 0.466796875 7.99648099391884 3 0 0 
1 700 8.2 15 0.411830357142857 0.54453125 24.3484251058867 3 1 0 
0 700 10.8 14 0.409505208333333 0.53125 3.94493309523544 3 -1 0 
1 710 8.2 15 0.419921875 0.584375 20.8175213530371 3 1 0 
0 710 10.8 14 0.455592105263158 0.5546875 3.9300674547213 3 -1 0 
1 720 8.2 15 0.46609375 0.64609375 10.5191984898786 3 1 0 
0 720 10.8 14 0.4275390625 0.5498046875 12.9165003915104 3 -1 0 
1 730 8.2 15 0.45751953125 0.64921875 9.54124791419953 3 1 0 
0 730 10.8 14 0.411946614583333 0.4951171875 15.4180834616467 3 -1 0 
1 740 8.2 15 0.462376644736842 0.5703125 21.6274569318656 3 1 0 
0 740 10.8 14 0.445126488095238 0.478515625 17.3624272532628 3 -1 0 
1 750 8.2 15 0.441105769230769 0.5484375 24.7468800684904 3 0 0 
0 750 10.8 15 0.47015625 0.515625 4.85363968531372 3 0 0 
1 760 8.2 15 0.437686011904762 0.58515625 37.9055669698169 3 0 0 
0 760 10.8 15 0.435267857142857 0.54296875 7.52928744723503 3 0 0 
1 770 8.2 16 0.438858695652174 0.56484375 32.4656359642077 3 1 0 
0 770 10.8 15 0.499441964285714 0.4091796875 39.1711288177328 3 -1 0 
1 780 8.2 16 0.421440972222222 0.503125 23.4538540145237 3 1 0 
0 780 10.8 15 0.493359375 0.360677083333333 43.7360122682604 3 -1 0 
1 790 8.2 16 0.43701171875 0.474609375 9.46536194322665 3 1 0 
0 790 10.8 15 0.381963315217391 0.294921875 45.6426335787058 3 -1 0 
1 800 8.2 16 0.4892578125 0.3857421875 7.61268145747041 3 1 0 
0 800 10.8 15 0.403231534090909 0.1328125 0 3 -1 0 
1 810 8.2 17 0.4853515625 0.400390625 11.6938554653726 3 2 0 
0 810 10.8 15 0.443603515625 0.22265625 0 3 -2 0 
1 820 8.2 17 0.477430555555556 0.396484375 7.71452807502315 3 2 0 
0 820 10.8 15 0.388671875 0.190104166666667 7.86932743237092 3 -2 0 
1 830 8.2 17 0.552662037037037 0.4921875 37.4374379316242 3 2 0 
0 830 10.8 15 0.416108630952381 0.2001953125 12.6899621550439 3 -2 0 
1 840 8.2 17 0.513888888888889 0.47109375 30.0825598867954 3 1 0 
0 840 10.8 16 0.42765625 0.2390625 16.3599350486177 3 -1 0 
1 850 8.2 17 0.449669471153846 0.478125 19.31065841456 3 1 0 
0 850 10.8 16 0.381990131578947 0.26953125 18.7621735711406 3 -1 0 
1 860 8.2 17 0.47453125 0.50625 17.2922060521614 3 1 0 
0 860 10.8 16 0.386997767857143 0.27734375 18.9888434989073 3 -1 0 
1 870 8.2 17 0.473214285714286 0.48671875 16.7767119991988 3 1 0 
0 870 10.8 16 0.439453125 0.284375 24.6233074633201 3 -1 0 
1 880 8.2 17 0.466195913461538 0.4765625 17.4096479460354 3 1 0 
0 880 10.8 16 0.4078125 0.34921875 13.4831911129582 3 -1 0 
1 890 8.2 17 0.544744318181818 0.47578125 8.05426234787976 3 1 0 
0 890 10.8 16 0.437322443181818 0.4109375 11.8397856427159 3 -1 0 
1 900 8.2 17 0.483915441176471 0.3955078125 8.64250909211808 3 1 0 
0 900 10.8 16 0.4517578125 0.401041666666667 8.4236040139655 3 -1 0 
1 910 8.2 18 0.408913352272727 0.37890625 12.5 3 1 0 
0 910 10.8 17 0.428079044117647 0.400390625 6.96419413859206 3 -1 0 
1 920 8.2 18 0.419921875 0.41796875 0 3 1 0 
0 920 10.8 17 0.415736607142857 0.353515625 1.58113883008419 3 -1 0 
1 930 8.2 18 0.452494959677419 0.41796875 0 3 1 0 
0 930 10.8 17 0.429129464285714 0.35546875 12.2576506721313 3 -1 0 
1 940 8.2 18 0.4315625 0.3828125 0 3 1 0 
0 940 10.8 17 0.476207386363636 0.264322916666667 36.3119069910311 3 -1 0 
1 950 8.2 18 0.527180989583333 0.60546875 58.4636639289739 3 0 0 
0 950 10.8 18 0.46265625 0.231770833333333 25.5644786921116 3 0 0 
1 960 8.2 18 0.521139705882353 0.642578125 47.7042150137694 3 0 0 
0 960 10.8 18 0.46125 0.19921875 20.7379637187672 3 0 0 
1 970 8.2 18 0.42529296875 0.63359375 42.6767848633236 3 0 0 
0 970 10.8 18 0.458984375 0.266927083333333 37.1561074589631 3 0 0 
1 980 8.2 18 0.429873511904762 0.5888671875 26.4462373878123 3 0 0 
0 980 10.8 18 0.48234375 0.317708333333333 16.506684271072 3 0 0 
1 990 8.2 18 0.486979166666667 0.5140625 13.2752501085723 3 0 0 
0 990 10.8 18 0.470552884615385 0.356770833333333 9.93103440206609 3 0 0 
1 1000 8.2 19 0.426171875 0.48359375 8.5652058931701 3 1 0 
0 1000 10.8 18 0.457375919117647 0.37109375 9.29331135454231 3 -1 0 
1 1010 8.2 19 0.437950721153846 0.505859375 5.86835073675663 3 1 0 
0 1010 10.8 18 0.49765625 0.43359375 2.74873708374511 3 -1 0 
1 1020 8.2 19 0.4669921875 0.44765625 8.34921018512142 3 1 0 
0 1020 10.8 18 0.494140625 0.3505859375 35.1289163497947 3 -1 0 
1 1030 8.2 19 0.503348214285714 0.378125 8.13401031867566 3 1 0 
0 1030 10.8 18 0.3720703125 0.286458333333333 18.4673976380391 3 -1 0 
1 1040 8.2 19 0.527204241071429 0.2640625 3.26903707137575 3 1 0 
0 1040 10.8 18 0.31953125 0.248046875 1.11803398874989 3 -1 0 
1 1050 8.2 19 0.536458333333333 0.2265625 7.16115255192901 3 1 0 
0 1050 10.8 18 0.344951923076923 0.204427083333333 17.0861863353318 3 -1 0 
1 1060 8.2 20 0.558072916666667 0.209375 10.1164880915788 3 2 0 
0 1060 10.8 18 0.299479166666667 0.150390625 2.5 3 -2 0 
1 1070 8.2 20 0.619466145833333 0.15859375 11.3530092360431 3 2 1 
0 1070 10.8 18 0.316761363636364 NaN NaN 2 -2 -1 
1 1080 8.2 20 0.628396739130435 0.1734375 4.59991274253593 3 2 1 
0 1080 10.8 18 0.328125 NaN NaN 2 -2 -1 
1 1090 8.2 20 0.612847222222222 0.171875 2.62910042107674 3 2 1 
0 1090 10.8 18 NaN NaN NaN 2 -2 -1 
