1 30 9.4 1 NaN 0.2484375 3.41727523211999 4 0 2 
0 30 5.6 1 NaN 0.18828125 6.76734202398503 2 0 -2 
1 40 9.4 1 NaN 0.28046875 19.4958472068673 4 0 2 
0 40 5.6 1 0.351128472222222 0.2109375 6.81380818796186 2 0 -2 
1 50 9.4 1 NaN 0.425 24.5845930793735 4 0 2 
0 50 5.6 1 0.352864583333333 0.2890625 19.7304182620723 2 0 -2 
1 60 9.4 1 0.507161458333333 0.48359375 29.7732081053502 4 0 2 
0 60 5.6 1 0.397203947368421 0.43359375 24.6623161550076 2 0 -2 
1 70 9.4 1 0.508463541666667 0.49609375 27.7341572720314 4 0 2 
0 70 5.6 1 0.434461805555556 0.45859375 22.9916669265004 2 0 -2 
1 80 9.4 1 0.506138392857143 0.484375 24.9932730261536 4 0 2 
0 80 5.6 1 0.397429435483871 0.45390625 24.546243768045 2 0 -2 
1 90 9.4 1 0.486842105263158 0.46171875 23.2546335902268 4 0 2 
0 90 5.6 1 0.41671875 0.48203125 24.0032036272659 2 0 -2 
1 100 9.4 2 0.520951704545455 0.4873046875 29.2877352474789 4 0 2 
0 100 5.6 2 0.44970703125 0.47109375 24.8026949106964 2 0 -2 
1 110 9.4 2 0.526041666666667 0.4541015625 25.8655766993726 4 0 2 
0 110 5.6 2 0.409090909090909 0.484375 25.7464985444993 2 0 -2 
1 120 9.4 2 0.527994791666667 0.4 40.387235142135 4 0 2 
0 120 5.6 2 0.394736842105263 0.4421875 32.8952634920735 2 0 -2 
1 130 9.4 2 0.51796875 0.44140625 26.3072953727041 4 -1 2 
0 130 5.6 3 0.4453125 0.44765625 24.7370490035949 2 1 -2 
1 140 9.4 3 0.49609375 0.482421875 30.7093261826997 4 0 2 
0 140 5.6 3 0.414508928571429 0.46171875 24.1793445153493 2 0 -2 
1 150 9.4 3 0.499441964285714 0.4578125 27.2436623904515 4 0 2 
0 150 5.6 3 0.402157738095238 0.44765625 26.2274736715555 2 0 -2 
1 160 9.4 3 0.503004807692308 0.47265625 17.1416878550146 4 0 2 
0 160 5.6 3 0.424342105263158 0.47890625 20.2367163281633 2 0 -2 
1 170 9.4 3 0.503004807692308 0.46875 16.9815245405901 4 -1 2 
0 170 5.6 4 0.3961181640625 0.4703125 17.7069230580226 2 1 -2 
1 180 9.4 4 0.514122596153846 0.478515625 20.4543383497405 4 0 2 
0 180 5.6 4 0.414663461538462 0.46875 17.7229325223467 2 0 -2 
1 190 9.4 4 0.5189453125 0.4658203125 20.9643013947016 4 0 2 
0 190 5.6 4 0.434836647727273 0.4990234375 16.7125809360167 2 0 -2 
1 200 9.4 4 0.5189453125 0.4265625 36.792662096026 4 0 2 
0 200 5.6 4 0.405133928571429 0.3703125 38.9432585022043 2 0 -2 
1 210 9.4 4 0.53125 0.46796875 33.3685837382739 4 -1 2 
0 210 5.6 5 0.40890625 0.369140625 43.689044701751 2 1 -2 
1 220 9.4 5 0.515854779411765 0.515625 39.7715598315631 4 0 2 
0 220 5.6 5 0.423363095238095 0.3525390625 40.0120990149829 2 0 -2 
1 230 9.4 5 0.515854779411765 0.51171875 30.0624155067098 4 0 2 
0 230 5.6 5 0.389508928571429 0.428125 44.3403390976284 2 0 -2 
1 240 9.4 6 0.533984375 0.5068359375 39.479463423634 4 0 2 
0 240 5.6 6 0.391015625 0.41015625 33.5763006717706 2 0 -2 
1 250 9.4 6 0.53515625 0.44140625 29.8360044189883 4 0 2 
0 250 5.6 6 0.415140086206897 0.4234375 24.8364376532152 2 0 -2 
1 260 9.4 6 0.505859375 0.4515625 27.0682228692001 4 0 2 
0 260 5.6 6 0.402452256944444 0.44453125 25.1791985066009 2 0 -2 
1 270 9.4 6 0.4794921875 0.47578125 32.3269086152158 4 0 2 
0 270 5.6 6 0.447010869565217 0.465625 23.5604902175255 2 0 -2 
1 280 9.4 6 0.490234375 0.45703125 29.9958986084426 4 -1 2 
0 280 5.6 7 0.456143465909091 0.48828125 19.4986645652994 2 1 -2 
1 290 9.4 7 0.490234375 0.47109375 33.668356694821 4 0 2 
0 290 5.6 7 0.399693080357143 0.47265625 27.3985835592923 2 0 -2 
1 300 9.4 7 0.495659722222222 0.4677734375 28.9469455993363 4 0 2 
0 300 5.6 7 0.3958984375 0.4625 30.9105502020891 2 0 -2 
1 310 9.4 7 0.517400568181818 0.48828125 45.4621095538369 4 0 2 
0 310 5.6 7 0.40515625 0.39921875 39.1936849068006 2 0 -2 
1 320 9.4 7 0.517795138888889 0.44765625 37.9049302539421 4 0 2 
0 320 5.6 7 0.397225215517241 0.4287109375 26.7166278979626 2 0 -2 
1 330 9.4 7 0.498046875 0.43359375 35.6893143376173 4 -1 2 
0 330 5.6 8 0.4169921875 0.4482421875 16.888452707984 2 1 -2 
1 340 9.4 7 0.536458333333333 0.498697916666667 40.2231384095889 4 -1 2 
0 340 5.6 8 0.423755787037037 0.428125 27.1284955090618 2 1 -2 
1 350 9.4 7 0.536458333333333 0.431640625 49.2892951986386 4 -1 2 
0 350 5.6 8 0.409919507575758 0.415625 25.9241211768948 2 1 -2 
1 360 9.4 8 0.48984375 0.330729166666667 44.4888961766525 4 0 2 
0 360 5.6 8 0.423356681034483 0.3994140625 28.517731845735 2 0 -2 
1 370 9.4 8 0.532752403846154 0.388671875 24.2538656712698 4 0 2 
0 370 5.6 8 0.418098958333333 0.473958333333333 3.94674561360383 2 0 -2 
1 380 9.4 8 0.532752403846154 0.378125 42.551289224826 4 -1 2 
0 380 5.6 9 0.408653846153846 0.3349609375 36.0201681912234 2 1 -2 
1 390 9.4 8 0.53046875 0.4203125 38.0155485319753 4 -1 2 
0 390 5.6 9 0.418836805555556 0.31171875 45.6957341157424 2 1 -2 
1 400 9.4 9 0.5359375 0.4859375 25.1514439917778 4 0 2 
0 400 5.6 9 0.431501116071429 0.34765625 43.1467044820509 2 0 -2 
1 410 9.4 9 0.531960227272727 0.496875 24.5024896315066 4 0 2 
0 410 5.6 9 0.4013671875 0.4287109375 42.3167316071354 2 0 -2 
1 420 9.4 9 0.484049479166667 0.5 29.35145869261 4 0 2 
0 420 5.6 9 0.420084635416667 0.39453125 44.1836188139695 2 0 -2 
1 430 9.4 10 0.48046875 0.49921875 41.2062101530575 4 0 2 
0 430 5.6 10 0.4215625 0.4375 30.570627022882 2 0 -2 
1 440 9.4 10 0.473090277777778 0.4625 37.4361603479707 4 0 2 
0 440 5.6 10 0.403515625 0.4384765625 34.8270867472868 2 0 -2 
1 450 9.4 10 0.51171875 0.48515625 38.7935580855975 4 0 2 
0 450 5.6 10 0.427083333333333 0.46484375 32.5687329925682 2 0 -2 
1 460 9.4 10 0.539322916666667 0.5015625 35.7778888309652 4 0 2 
0 460 5.6 10 0.422407670454545 0.39765625 51.1573800108077 2 0 -2 
1 470 9.4 11 0.544771634615385 0.501953125 37.1177212739363 4 0 2 
0 470 5.6 11 0.3703125 0.4365234375 47.1698734976452 2 0 -2 
1 480 9.4 11 0.536458333333333 0.516927083333333 34.8124732787559 4 0 2 
0 480 5.6 11 0.38203125 0.427734375 36.7736167133135 2 0 -2 
1 490 9.4 11 0.513454861111111 0.416666666666667 36.4126289141648 4 0 2 
0 490 5.6 11 0.442934782608696 0.384375 43.7362679010928 2 0 -2 
1 500 9.4 11 0.50390625 0.424479166666667 26.1276954781335 4 0 2 
0 500 5.6 11 0.41633064516129 0.3984375 32.9794912670864 2 0 -2 
1 510 9.4 11 0.504464285714286 0.30078125 49.1864822374597 4 -1 2 
0 510 5.6 12 0.406589673913043 0.434375 16.0712542043263 2 1 -2 
1 520 9.4 11 0.504507211538462 0.47265625 21.274304803046 4 -1 2 
0 520 5.6 12 0.408296130952381 0.4765625 5.85466442609211 2 1 -2 
1 530 9.4 12 0.504507211538462 0.5 22.3878582675152 4 0 2 
0 530 5.6 12 0.402721774193548 0.466796875 7.4887880703823 2 0 -2 
1 540 9.4 12 0.516015625 0.4169921875 47.7633627872373 4 0 2 
0 540 5.6 12 0.40875 0.4609375 0 2 0 -2 
1 550 9.4 12 0.51264880952381 0.407552083333333 32.5385539980754 4 0 2 
0 550 5.6 12 0.4162109375 0.40234375 0 2 0 -2 
1 560 9.4 13 0.5126953125 0.529947916666667 27.835460094965 4 1 2 
0 560 5.6 12 0.395596590909091 0.26171875 43.139309220246 2 -1 -2 
1 570 9.4 13 0.554408482142857 0.484375 46.5777508645977 4 1 2 
0 570 5.6 12 0.376644736842105 0.24375 26.9483148749077 2 -1 -2 
1 580 9.4 13 0.553385416666667 0.5068359375 35.5583965867791 4 1 2 
0 580 5.6 12 0.399274553571429 0.36015625 30.2223889978048 2 -1 -2 
1 590 9.4 13 0.550502232142857 0.451171875 14.0963321070542 4 0 2 
0 590 5.6 13 0.374549278846154 0.40625 25.3213120351172 2 0 -2 
1 600 9.4 13 0.499098557692308 0.4697265625 13.1623945696119 4 0 2 
0 600 5.6 13 0.406087239583333 0.44453125 32.5855323296081 2 0 -2 
1 610 9.4 13 0.48779296875 0.484375 5.3851648071345 4 -1 2 
0 610 5.6 14 0.466145833333333 0.47890625 31.8921288640217 2 1 -2 
1 620 9.4 14 0.470703125 0.466796875 12.5 4 0 2 
0 620 5.6 14 0.416704963235294 0.48984375 31.298960246992 2 0 -2 
1 630 9.4 14 0.49765625 0.453125 25.8118189982806 4 0 2 
0 630 5.6 14 0.3888671875 0.475 34.7820435924248 2 0 -2 
1 640 9.4 14 0.555397727272727 0.37109375 42.0173550361562 4 0 2 
0 640 5.6 14 0.467371323529412 0.49140625 35.7750286444215 2 0 -2 
1 650 9.4 14 0.587053571428571 0.337239583333333 27.3572200053458 4 0 2 
0 650 5.6 14 0.403738839285714 0.48359375 39.2753922902352 2 0 -2 
1 660 9.4 14 0.517578125 0.390625 19.2866973850713 4 0 2 
0 660 5.6 14 0.395703125 0.46640625 42.7910283462288 2 0 -2 
1 670 9.4 14 0.52734375 0.4515625 21.3920702421038 4 0 2 
0 670 5.6 14 0.416883680555556 0.4267578125 34.3906894539179 2 0 -2 
1 680 9.4 15 0.522288602941176 0.427734375 38.8354291833896 4 0 2 
0 680 5.6 15 0.397858796296296 0.436197916666667 13.9247671844514 2 0 -2 
1 690 9.4 15 0.538161057692308 0.1796875 0 4 0 2 
0 690 5.6 15 0.387784090909091 0.396484375 2.91547594742265 2 0 -2 
1 700 9.4 15 0.530101102941176 0.453125 0 4 0 2 
0 700 5.6 15 0.412543402777778 0.400390625 4.60977222864644 2 0 -2 
1 710 9.4 15 0.529052734375 0.515625 0 4 -1 2 
0 710 5.6 16 0.392745535714286 0.41796875 20.490139144511 2 1 -2 
1 720 9.4 15 0.519775390625 0.51171875 0 4 -1 2 
0 720 5.6 16 0.408365885416667 0.365234375 43.4586403759256 2 1 -2 
1 730 9.4 16 0.541666666666667 0.2919921875 37.8651806630239 4 0 2 
0 730 5.6 16 0.424547697368421 0.3171875 40.4890050578558 2 0 -2 
1 740 9.4 16 0.5361328125 0.4091796875 29.2397641163538 4 0 2 
0 740 5.6 16 0.389229910714286 0.375 39.8770167062061 2 0 -2 
1 750 9.4 16 0.523828125 0.515625 20.0972649126608 4 0 2 
0 750 5.6 16 0.384331597222222 0.39453125 35.0364320537191 2 0 -2 
1 760 9.4 16 0.529296875 0.53125 18.5064236158797 4 0 2 
0 760 5.6 16 0.411376953125 0.3818359375 43.2634805219503 2 0 -2 
1 770 9.4 16 0.542643229166667 0.5224609375 35.089953833213 4 0 2 
0 770 5.6 16 0.386868990384615 0.421875 34.3316687632184 2 0 -2 
1 780 9.4 17 0.547991071428571 0.509765625 38.6850038063416 4 1 2 
0 780 5.6 16 0.385230654761905 0.4306640625 27.4749655517776 2 -1 -2 
1 790 9.4 17 0.55859375 0.528645833333333 45.4359992393241 4 0 2 
0 790 5.6 17 0.441105769230769 0.4365234375 10.3950081531678 2 0 -2 
1 800 9.4 17 0.567908653846154 0.494140625 32.4692161901084 4 0 2 
0 800 5.6 17 0.423583984375 0.4599609375 17.9214168484745 2 0 -2 
1 810 9.4 17 0.567522321428571 0.471354166666667 16.3295260303976 4 0 2 
0 810 5.6 17 0.384251644736842 0.428385416666667 17.1514253257123 2 0 -2 
1 820 9.4 18 0.553515625 0.455729166666667 6.36427612983745 4 1 2 
0 820 5.6 17 0.385091145833333 0.4765625 0 2 -1 -2 
1 830 9.4 18 0.553515625 0.521484375 11.2361025271221 4 1 2 
0 830 5.6 17 0.39453125 0.38671875 0 2 -1 -2 
1 840 9.4 18 0.5869140625 0.34765625 35.2536267005566 4 1 2 
0 840 5.6 17 0.388569078947368 0.12109375 0 2 -1 -2 
1 850 9.4 18 0.553308823529412 0.3369140625 31.9527199086601 4 1 2 
0 850 5.6 17 0.3705078125 0.126953125 1.5 2 -1 -2 
1 860 9.4 18 0.54296875 0.4208984375 21.0915694412875 4 1 2 
0 860 5.6 17 0.382543103448276 0.26171875 18.9010581714358 2 -1 -2 
1 870 9.4 18 0.550426136363636 0.4755859375 12.0158469376882 4 1 2 
0 870 5.6 17 0.401742788461538 0.2359375 30.2833696221464 2 -1 -2 
1 880 9.4 19 0.561941964285714 0.533203125 9.2049026159346 4 1 2 
0 880 5.6 18 0.437872023809524 0.340625 26.8939751106145 2 -1 -2 
1 890 9.4 19 0.590625 0.5734375 31.7126141685163 4 1 2 
0 890 5.6 18 0.41078125 0.40390625 29.8357858665387 2 -1 -2 
1 900 9.4 19 0.546223958333333 0.608072916666667 11.1809394918504 4 1 2 
0 900 5.6 18 0.397977941176471 0.408854166666667 43.9958175247054 2 -1 -2 
1 910 9.4 20 0.554036458333333 0.563802083333333 3.50387899986908 4 1 2 
0 910 5.6 19 0.460707720588235 0.427734375 40.3887360535088 2 -1 -2 
1 920 9.4 20 0.610677083333333 0.563802083333333 6.6930651348567 4 1 2 
0 920 5.6 19 0.435292119565217 0.4296875 48.469062297511 2 -1 -2 
1 930 9.4 20 0.499383223684211 0.510416666666667 31.9184144992389 4 1 2 
0 930 5.6 19 0.452615489130435 0.41796875 0 2 -1 -2 
1 940 9.4 20 0.49169921875 0.490885416666667 49.1297766745126 4 1 2 
0 940 5.6 19 0.4087890625 0.44140625 0 2 -1 -2 
1 950 9.4 20 0.560546875 0.502604166666667 41.9668252152087 4 1 2 
0 950 5.6 19 0.3818359375 0.44140625 0 2 -1 -2 
1 960 9.4 20 0.564568014705882 0.451171875 56.443611524473 4 1 2 
0 960 5.6 19 0.375 0.3046875 45.0693909432999 2 -1 -2 
1 970 9.4 20 0.602957589285714 0.39765625 44.1014923680161 4 1 2 
0 970 5.6 19 0.339409722222222 0.38671875 39.2078648711445 2 -1 -2 
1 980 9.4 20 0.6177734375 0.5166015625 17.6090165632248 4 1 2 
0 980 5.6 19 0.338216145833333 0.375 20.0810856280232 2 -1 -2 
1 990 9.4 21 0.62646484375 0.64453125 6.6237880750401 4 2 2 
0 990 5.6 19 0.383091517857143 0.28125 35.4304784839256 2 -2 -2 
1 1000 9.4 21 0.609145220588235 0.6572265625 2.64512668785875 4 2 2 
0 1000 5.6 19 0.34765625 0.25 33.3163828158182 2 -2 -2 
1 1010 9.4 21 0.61328125 0.494140625 42.5337567320214 4 2 2 
0 1010 5.6 19 0.34765625 0.28125 29.9858634029456 2 -2 -2 
1 1020 9.4 21 0.6451171875 0.5625 19.0655581328262 4 1 2 
0 1020 5.6 20 0.320667613636364 0.3203125 27.7355157962901 2 -1 -2 
1 1030 9.4 21 0.645052083333333 0.51953125 10.2065419435394 3 1 1 
0 1030 5.6 20 0.313802083333333 0.341796875 17.8465682975747 2 -1 -1 
1 1040 9.4 21 0.657470703125 0.52734375 18.8639984021223 2 1 0 
0 1040 5.6 20 0.313802083333333 0.252604166666667 25.4489274926352 2 -1 0 
1 1050 9.4 21 0.65234375 0.5615234375 9.12406222247486 2 1 0 
0 1050 5.6 20 0.319110576923077 0.3134765625 27.5417673273331 2 -1 0 
1 1060 9.4 21 0.622327302631579 0.560546875 33.3646014060406 2 1 0 
0 1060 5.6 20 0.361607142857143 0.32421875 28.4618557567806 2 -1 0 
1 1070 9.4 22 0.606069711538462 0.568359375 42.4429231000018 2 2 1 
0 1070 5.6 20 0.354631696428571 0.34765625 22.5335836049833 1 -2 -1 
1 1080 9.4 22 0.64140625 0.5515625 42.0843468548344 2 1 1 
0 1080 5.6 21 0.348876953125 0.2890625 0 1 -1 -1 
1 1090 9.4 22 0.65234375 0.56171875 40.6991823755297 2 1 1 
0 1090 5.6 21 0.353515625 0.15234375 0 1 -1 -1 
1 1100 9.4 22 NaN 0.559895833333333 39.4698966324488 2 1 1 
0 1100 5.6 21 NaN 0.2109375 0 1 -1 -1 
