1 30 6.4 1 NaN 0.295161290322581 13.9471751104886 3 0 0 
0 30 7 1 NaN 0.237903225806452 22.9285946963813 3 0 0 
1 40 6.4 1 NaN 0.305645161290323 15.4353134292496 3 0 0 
0 40 7 1 NaN 0.286290322580645 12.2247688862677 3 0 0 
1 50 6.4 1 0.383064516129032 0.385483870967742 27.7716372758436 3 0 0 
0 50 7 1 NaN 0.375806451612903 16.7792364325395 3 0 0 
1 60 6.4 1 0.375 0.491935483870968 32.5222512387234 3 0 0 
0 60 7 1 0.375 0.482258064516129 23.2851168986749 3 0 0 
1 70 6.4 1 0.379668930390492 0.51008064516129 23.964380546402 3 0 0 
0 70 7 1 0.374596774193548 0.466935483870968 20.2830158533597 3 0 0 
1 80 6.4 1 0.475806451612903 0.381048387096774 35.0721844909764 3 0 0 
0 80 7 1 0.476382488479263 0.52741935483871 23.691805036237 3 0 0 
1 90 6.4 1 0.418309438470729 0.408064516129032 43.7715688620777 3 0 0 
0 90 7 1 0.411012235817575 0.49758064516129 14.4604214250755 3 0 0 
1 100 6.4 1 0.396739130434783 0.349193548387097 48.3987335183476 3 0 0 
0 100 7 1 0.421706989247312 0.466935483870968 32.9367526680429 3 0 0 
1 110 6.4 2 0.466129032258065 0.370967741935484 39.0686234914584 3 0 0 
0 110 7 2 0.485483870967742 0.442540322580645 42.0338387678501 3 0 0 
1 120 6.4 2 0.405385944700461 0.437096774193548 42.549811041446 3 0 0 
0 120 7 2 0.403823178016726 0.466733870967742 43.1334851973751 3 0 0 
1 130 6.4 2 0.391312316715543 0.416129032258065 26.9978922527352 3 0 0 
0 130 7 2 0.392706872370267 0.423387096774194 41.2584558182448 3 0 0 
1 140 6.4 2 0.479233870967742 0.470967741935484 24.3912573568845 3 -1 0 
0 140 7 3 0.474890029325513 0.441935483870968 26.626531245365 3 1 0 
1 150 6.4 3 0.422146401985112 0.487903225806452 20.6549344042247 3 0 0 
0 150 7 3 0.40948275862069 0.45241935483871 26.5446623642252 3 0 0 
1 160 6.4 3 0.40258064516129 0.47741935483871 23.3703811550737 3 0 0 
0 160 7 3 0.411656891495601 0.478225806451613 28.7341054094606 3 0 0 
1 170 6.4 3 0.449193548387097 0.498991935483871 26.0218134169105 3 -1 0 
0 170 7 4 0.464429723502304 0.465322580645161 29.7467958069317 3 1 0 
1 180 6.4 4 0.416239002932551 0.502688172043011 30.7123368761516 3 0 0 
0 180 7 4 0.428519061583578 0.473790322580645 42.3729357445976 3 0 0 
1 190 6.4 4 0.375201612903226 0.443548387096774 30.586731599733 3 -1 0 
0 190 7 5 0.461935483870968 0.47883064516129 39.8161065427731 3 1 0 
1 200 6.4 4 0.41342504743833 0.379838709677419 37.2621795549806 3 -1 0 
0 200 7 5 0.48805256869773 0.433870967741935 39.6128081299071 3 1 0 
1 210 6.4 4 0.419354838709677 0.37741935483871 38.3084820685262 3 -1 0 
0 210 7 5 0.447020609318996 0.39758064516129 28.6318217917597 3 1 0 
1 220 6.4 5 0.383256528417819 0.423387096774194 35.7918574492237 3 0 0 
0 220 7 5 0.392389112903226 0.428427419354839 13.156260594799 3 0 0 
1 230 6.4 5 0.41383701188455 0.452620967741936 27.9967098674578 3 0 0 
0 230 7 5 0.445208728652751 0.472782258064516 23.9863246820266 3 0 0 
1 240 6.4 5 0.41207075962539 0.387096774193548 41.0165360184537 3 -1 0 
0 240 7 6 0.377565982404692 0.366935483870968 41.7729171561695 3 1 0 
1 250 6.4 6 0.436129032258064 0.426612903225806 40.3616030529978 3 0 0 
0 250 7 6 0.388370118845501 0.396774193548387 32.8423830550083 3 0 0 
1 260 6.4 6 0.483610822060354 0.448387096774194 30.5804700894974 3 0 0 
0 260 7 6 0.432382133995037 0.433870967741935 17.3094178693874 3 0 0 
1 270 6.4 6 0.432400379506641 0.485483870967742 30.3134054205774 3 0 0 
0 270 7 6 0.397177419354839 0.476814516129032 20.8570897126065 3 0 0 
1 280 6.4 6 0.467276674937965 0.50241935483871 32.4708540696227 3 0 0 
0 280 7 6 0.424782878411911 0.459677419354839 9.04506607301659 3 0 0 
1 290 6.4 7 0.502791563275434 0.434677419354839 50.2540889720504 3 1 0 
0 290 7 6 0.461597542242704 0.420362903225806 45.5708851010753 3 -1 0 
1 300 6.4 7 0.404032258064516 0.361290322580645 37.7668215386726 3 0 0 
0 300 7 7 0.422043010752688 0.378225806451613 45.4037159720059 3 0 0 
1 310 6.4 7 0.404793906810036 0.381451612903226 42.9472927651029 3 0 0 
0 310 7 7 0.407608695652174 0.423387096774194 33.1162160263778 3 0 0 
1 320 6.4 7 0.464861751152074 0.424193548387097 34.9299891077101 3 0 0 
0 320 7 7 0.456011730205279 0.476612903225806 26.4448644097543 3 0 0 
1 330 6.4 8 0.434811827956989 0.47883064516129 16.5902196541194 3 1 0 
0 330 7 7 0.418346774193548 0.498387096774194 32.3107250708349 3 -1 0 
1 340 6.4 8 0.411962365591398 0.485887096774194 20.3069889480989 3 1 0 
0 340 7 7 0.425 0.471774193548387 32.3180290765103 3 -1 0 
1 350 6.4 8 0.508870967741936 0.445967741935484 36.605341588155 3 0 0 
0 350 7 8 0.482078853046595 0.438709677419355 27.952057513087 3 0 0 
1 360 6.4 8 0.438130040322581 0.501612903225806 20.7339985014556 3 0 0 
0 360 7 8 0.375424448217318 0.407258064516129 38.2033496399127 3 0 0 
1 370 6.4 8 0.396077712609971 0.503225806451613 9.48224175875972 3 0 0 
0 370 7 8 0.374787775891341 0.370967741935484 36.126213371687 3 0 0 
1 380 6.4 9 0.516129032258065 0.523387096774194 10.2650973891113 3 1 0 
0 380 7 8 0.441820276497696 0.370967741935484 36.2591105591822 3 -1 0 
1 390 6.4 9 0.447115384615385 0.551612903225806 16.3556649930235 3 1 0 
0 390 7 8 0.429435483870968 0.351814516129032 49.1073277525472 3 -1 0 
1 400 6.4 10 0.475950460829493 0.501344086021505 20.9520023435473 3 1 0 
0 400 7 9 0.455857385398981 0.444556451612903 45.9553823872309 3 -1 0 
1 410 6.4 10 0.512298387096774 0.450268817204301 18.6655588595764 3 1 0 
0 410 7 9 0.452116935483871 0.470430107526882 26.7748725233102 3 -1 0 
1 420 6.4 11 0.410373900293255 0.393817204301075 53.6023200334756 3 2 0 
0 420 7 9 0.447832661290323 0.334677419354839 38.6684626019706 3 -2 0 
1 430 6.4 11 0.400201612903226 0.360887096774194 56.8329024764201 3 1 0 
0 430 7 10 0.473358294930876 0.309139784946237 40.9617111895553 3 -1 0 
1 440 6.4 11 0.441244239631336 0.389112903225806 49.6399286535588 3 1 0 
0 440 7 10 0.497219132369299 0.354838709677419 40.8569669519652 3 -1 0 
1 450 6.4 11 0.408140120967742 0.33366935483871 50.2546041691269 3 1 0 
0 450 7 10 0.40625 0.367741935483871 34.7084151923846 3 -1 0 
1 460 6.4 11 0.401377688172043 0.425403225806452 41.1648229168183 3 1 0 
0 460 7 10 0.40994623655914 0.428225806451613 28.4767220032281 3 -1 0 
1 470 6.4 11 0.480222734254992 0.491935483870968 36.1512794528851 3 0 0 
0 470 7 11 0.462533602150538 0.491129032258064 32.3090304450733 3 0 0 
1 480 6.4 11 0.380241935483871 0.391129032258065 40.7368079444695 3 0 0 
0 480 7 11 0.419653524492234 0.466935483870968 36.9559019589484 3 0 0 
1 490 6.4 12 0.375 0.350806451612903 45.791971457235 3 1 0 
0 490 7 11 0.410016977928693 0.451612903225806 49.7575122188453 3 -1 0 
1 500 6.4 12 0.454205069124424 0.400806451612903 39.6936351519969 3 1 0 
0 500 7 11 0.453725038402458 0.453629032258065 41.2152851720559 3 -1 0 
1 510 6.4 12 0.445208728652751 0.463709677419355 34.7971378637884 3 0 0 
0 510 7 12 0.40352449223417 0.456653225806452 35.458083113688 3 0 0 
1 520 6.4 12 0.450645161290323 0.51008064516129 2.22836769686883 3 0 0 
0 520 7 12 0.388056835637481 0.467741935483871 37.111252242367 3 0 0 
1 530 6.4 12 0.482661290322581 0.358870967741936 45.4316464232579 3 0 0 
0 530 7 12 0.429347826086957 0.349193548387097 58.544285756814 3 0 0 
1 540 6.4 12 0.447356630824373 0.327620967741936 28.9898287784431 3 0 0 
0 540 7 12 0.394635343618513 0.370967741935484 45.1212352936677 3 0 0 
1 550 6.4 13 0.435291858678955 0.307258064516129 42.5963718900116 3 1 0 
0 550 7 12 0.384216589861751 0.413306451612903 26.2804341886204 3 -1 0 
1 560 6.4 13 0.491290322580645 0.362096774193548 40.6636615795206 3 1 0 
0 560 7 12 0.436535764375877 0.494959677419355 11.8897593703174 3 -1 0 
1 570 6.4 13 0.441295066413662 0.478494623655914 33.3129796465542 3 0 0 
0 570 7 13 0.407258064516129 0.533266129032258 2.9942883486632 3 0 0 
1 580 6.4 13 0.415706605222734 0.452956989247312 24.1763685678134 3 0 0 
0 580 7 13 0.425806451612903 0.426411290322581 45.604748266645 3 0 0 
1 590 6.4 14 0.503225806451613 0.442204301075269 29.0651693886656 3 1 0 
0 590 7 13 0.49615975422427 0.328629032258065 48.9543255294056 3 -1 0 
1 600 6.4 14 0.480539971949509 0.341129032258065 55.9717719434108 3 1 0 
0 600 7 13 0.468245967741936 0.381720430107527 41.4047355056814 3 -1 0 
1 610 6.4 14 0.472062211981567 0.345967741935484 48.880330836793 3 1 0 
0 610 7 13 0.444124423963134 0.32258064516129 44.1362079438187 3 -1 0 
1 620 6.4 14 0.497177419354839 0.386088709677419 25.6285320299819 3 0 0 
0 620 7 14 0.558573853989813 0.384408602150538 45.4135763024554 3 0 0 
1 630 6.4 15 0.412841191066998 0.453629032258065 14.6846931139836 3 1 0 
0 630 7 14 0.481364428945074 0.341397849462366 47.4972238448413 3 -1 0 
1 640 6.4 15 0.472410865874363 0.493951612903226 14.7348977723359 3 1 0 
0 640 7 14 0.520316377171216 0.40994623655914 46.5988332210859 3 -1 0 
1 650 6.4 15 0.467741935483871 0.51008064516129 5.96442340616362 3 1 0 
0 650 7 14 0.555990783410138 0.314516129032258 42.8605696036054 3 -1 0 
1 660 6.4 15 0.409994239631336 0.443548387096774 41.3492524355455 3 1 0 
0 660 7 14 0.460253456221198 0.458333333333333 17.7187554177087 3 -1 0 
1 670 6.4 16 0.470307917888563 0.402217741935484 48.8069419604435 3 2 0 
0 670 7 14 0.432724957555178 0.355846774193548 35.5834172360127 3 -2 0 
1 680 6.4 16 0.476507713884993 0.474798387096774 41.7001325611563 3 2 0 
0 680 7 14 0.45794930875576 0.299193548387097 43.305861888259 3 -2 0 
1 690 6.4 16 0.438605619146722 0.388104838709677 33.7464775196064 3 1 0 
0 690 7 15 0.412826420890937 0.388709677419355 30.5405499932763 3 -1 0 
1 700 6.4 16 0.457997311827957 0.367943548387097 47.8887690468036 3 1 0 
0 700 7 15 0.391513056835638 0.42258064516129 32.6625452828487 3 -1 0 
1 710 6.4 16 0.482430875576037 0.371975806451613 31.7670657919977 3 1 0 
0 710 7 15 0.423811544991511 0.380040322580645 19.8816328607048 3 -1 0 
1 720 6.4 16 0.413882488479263 0.333870967741935 31.8435771678064 3 1 0 
0 720 7 15 0.421836228287841 0.39616935483871 15.8123462212025 3 -1 0 
1 730 6.4 16 0.412023460410557 0.370967741935484 30.4587088535368 3 1 0 
0 730 7 15 0.380681818181818 0.421370967741936 14.6268199307953 3 -1 0 
1 740 6.4 16 0.464761570827489 0.429838709677419 16.2636467119609 3 1 0 
0 740 7 15 0.457056451612903 0.511088709677419 9.7358719559507 3 -1 0 
1 750 6.4 17 0.387288786482335 0.504032258064516 10.5509391836396 3 1 0 
0 750 7 16 0.405097926267281 0.403225806451613 27.6687699496017 3 -1 0 
1 760 6.4 17 0.411840175953079 0.526209677419355 9.23266064597419 3 1 0 
0 760 7 16 0.377880184331797 0.369623655913978 32.4561805219163 3 -1 0 
1 770 6.4 17 0.505259467040673 0.573924731182796 3.16610063873579 3 1 0 
0 770 7 16 0.464605734767025 0.381048387096774 9.61769203083567 3 -1 0 
1 780 6.4 17 0.45994623655914 0.537634408602151 13.8061178420822 3 1 0 
0 780 7 16 0.402105734767025 0.411290322580645 18.4390889145858 3 -1 0 
1 790 6.4 17 0.429838709677419 0.497311827956989 3.91599528683166 3 1 0 
0 790 7 16 0.404174573055029 0.306451612903226 35.4682957019364 3 -1 0 
1 800 6.4 17 0.546370967741936 0.424395161290323 39.4321748185812 3 1 0 
0 800 7 16 0.464112903225806 0.301075268817204 35.4445781952222 3 -1 0 
1 810 6.4 17 0.441801075268817 0.537298387096774 18.5387397341506 3 1 0 
0 810 7 16 0.396745391705069 0.23252688172043 28.9063182197908 3 -1 0 
1 820 6.4 18 0.424516129032258 0.425806451612903 37.1818408876292 3 2 0 
0 820 7 16 0.472722960151803 0.295362903225806 26.4633224675374 3 -2 0 
1 830 6.4 18 0.540632754342432 0.299193548387097 43.9484909343287 3 1 0 
0 830 7 17 0.516129032258065 0.307459677419355 31.3775474043818 3 -1 0 
1 840 6.4 18 0.441222084367246 0.333064516129032 41.4742517195796 3 1 0 
0 840 7 17 0.441650853889943 0.367943548387097 23.2327129460431 3 -1 0 
1 850 6.4 18 0.497983870967742 0.451612903225806 25.7665492581932 3 1 0 
0 850 7 17 0.479838709677419 0.308870967741935 34.1131076191647 3 -1 0 
1 860 6.4 18 0.616129032258065 0.493951612903226 7.34535942057467 3 1 1 
0 860 7 17 0.591825513196481 0.285282258064516 33.8458316452838 2 -1 -1 
1 870 6.4 19 0.428504962779156 0.555443548387097 11.2092486256161 3 2 1 
0 870 7 17 0.45346556233653 0.269153225806452 22.8130583788337 2 -2 -1 
1 880 6.4 19 0.470238095238095 0.621975806451613 20.4733204506897 3 2 1 
0 880 7 17 0.416090629800307 0.264112903225806 3.90512483795333 2 -2 -1 
1 890 6.4 19 0.547715053763441 0.580645161290323 25.2239965112589 3 1 1 
0 890 7 18 0.517977150537634 0.298387096774194 0 2 -1 -1 
1 900 6.4 19 0.426651305683564 0.588709677419355 0 3 1 1 
0 900 7 18 0.453824141519251 0.358870967741936 0 2 -1 -1 
1 910 6.4 19 0.423624288425047 0.366935483870968 66.573267908373 3 1 1 
0 910 7 18 0.415645161290323 0.278225806451613 47.7938280534213 2 -1 -1 
1 920 6.4 19 0.442652329749104 0.336693548387097 37.3530453912395 3 1 1 
0 920 7 18 0.502688172043011 0.275537634408602 33.54481192088 2 -1 -1 
1 930 6.4 19 0.413162442396313 0.360887096774194 36.8408740395773 3 1 1 
0 930 7 18 0.43594470046083 0.290322580645161 36.3368695126112 2 -1 -1 
1 940 6.4 20 0.426893408134642 0.379032258064516 35.6931365951495 3 1 1 
0 940 7 19 0.407433380084151 0.420362903225806 12.5975424019731 2 -1 -1 
1 950 6.4 20 0.42831541218638 0.285282258064516 48.1961448345468 3 1 1 
0 950 7 19 0.477977667493797 0.387096774193548 28.7770241424845 2 -1 -1 
1 960 6.4 20 0.441959921798631 0.22258064516129 26.289474675287 3 1 1 
0 960 7 19 0.415725806451613 0.386290322580645 31.0291335483036 2 -1 -1 
1 970 6.4 20 0.441308243727599 0.307258064516129 30.8054244404351 3 1 1 
0 970 7 19 0.387308998302207 0.39616935483871 27.7218261207179 2 -1 -1 
1 980 6.4 20 0.526315789473684 0.417741935483871 20.3398359726551 3 1 1 
0 980 7 19 0.434587813620072 0.388440860215054 26.1910158527179 2 -1 -1 
1 990 6.4 20 0.503068022440393 0.504838709677419 16.2537777004563 3 1 1 
0 990 7 19 0.36405529953917 0.396505376344086 23.8587087260494 2 -1 -1 
1 1000 6.4 20 0.472886540600667 0.529838709677419 28.1695182748 3 1 1 
0 1000 7 19 0.376209677419355 0.372311827956989 15.173170506184 2 -1 -1 
1 1010 6.4 20 0.608159392789374 0.510483870967742 33.7593724060006 3 1 1 
0 1010 7 19 0.376209677419355 0.381720430107527 3.74533106905877 2 -1 -1 
1 1020 6.4 20 0.498502304147465 0.528225806451613 28.2743625094081 3 1 1 
0 1020 7 19 0.374824684431978 0.436827956989247 2.88888888888889 2 -1 -1 
1 1030 6.4 20 0.484408602150538 0.498387096774194 21.2753200483446 3 1 1 
0 1030 7 19 0.42741935483871 0.400201612903226 34.2484947941199 2 -1 -1 
1 1040 6.4 21 0.576368523949169 0.503225806451613 18.6597963979984 3 2 2 
0 1040 7 19 0.474654377880184 0.32258064516129 32.2444796279487 1 -2 -2 
1 1050 6.4 21 0.529341111873713 0.47883064516129 19.8748753879264 3 1 2 
0 1050 7 20 0.458333333333333 0.365591397849462 32.6808502545041 1 -1 -2 
1 1060 6.4 21 0.596326164874552 0.455645161290323 27.4163166669987 3 1 2 
0 1060 7 20 0.433243727598566 0.340725806451613 12.6589889011722 1 -1 -2 
1 1070 6.4 21 0.644441244239631 0.483870967741936 34.2828351711166 3 1 2 
0 1070 7 20 0.44489247311828 0.417338709677419 44.0596187001204 1 -1 -2 
1 1080 6.4 21 0.535503540519276 0.545698924731183 39.6202434415546 3 1 2 
0 1080 7 20 0.37359747545582 0.397177419354839 43.6176569751288 1 -1 -2 
1 1090 6.4 22 0.525940860215054 0.561827956989247 39.3157466876859 3 2 2 
0 1090 7 20 0.340909090909091 0.241935483870968 0 1 -2 -2 
1 1100 6.4 22 0.563685958254269 0.5 16.7534040984893 3 2 2 
0 1100 7 20 0.505131964809384 0.146505376344086 4.4891333267484 1 -2 -2 
1 1110 6.4 22 0.484387923904053 0.505376344086022 32.2635253195728 3 2 3 
0 1110 7 20 0.395626550868486 0.256720430107527 13.566334327594 0 -2 -3 
1 1120 6.4 22 0.437381404174573 0.397177419354839 51.0665380397683 3 2 3 
0 1120 7 20 0.392249103942652 0.31989247311828 15.4051125834774 0 -2 -3 
1 1130 6.4 22 0.411290322580645 0.376008064516129 33.7435181001739 3 2 3 
0 1130 7 20 0.4209229390681 0.332661290322581 33.8774796376946 0 -2 -3 
1 1140 6.4 22 0.433120133481646 0.443548387096774 24.6364304429986 3 2 3 
0 1140 7 20 0.459326788218794 0.378024193548387 15.6040483432167 0 -2 -3 
1 1150 6.4 22 0.392679900744417 0.438508064516129 43.1401567300514 3 1 3 
0 1150 7 21 0.434535104364326 0.418010752688172 8.8213452224355 0 -1 -3 
1 1160 6.4 22 0.433651026392962 0.443548387096774 26.119915773218 3 1 3 
0 1160 7 21 0.5 0.358870967741936 38.8556645709568 0 -1 -3 
1 1170 6.4 22 0.424810246679317 0.419354838709677 0 3 1 3 
0 1170 7 21 0.393593189964158 0.395161290322581 17.6706228823876 0 -1 -3 
1 1180 6.4 22 0.43195564516129 NaN NaN 3 1 3 
0 1180 7 21 0.374787775891341 0.44489247311828 7.72653729031149 0 -1 -3 
1 1190 6.4 22 0.495199692780338 NaN NaN 3 1 3 
0 1190 7 21 0.431141439205955 0.473118279569893 4.47770081871347 0 -1 -3 
1 1200 6.4 22 0.483240927419355 NaN NaN 3 1 3 
0 1200 7 21 0.390360983102919 0.327956989247312 8.7290287275016 0 -1 -3 
1 1210 6.4 22 0.481098790322581 NaN NaN 3 1 3 
0 1210 7 21 0.376008064516129 0.294354838709677 30.495042201832 0 -1 -3 
1 1220 6.4 22 0.553931451612903 0.141129032258065 3 3 0 3 
0 1220 7 22 0.419802867383513 0.346774193548387 34.8608491402329 0 0 -3 
1 1230 6.4 22 0.455267137096774 0.247983870967742 24.0821110918531 3 0 3 
0 1230 7 22 0.41553480475382 0.405645161290323 20.5160399315585 0 0 -3 
1 1240 6.4 22 0.43473715651135 0.337701612903226 19.785522924779 3 0 3 
0 1240 7 22 0.373655913978495 0.470967741935484 21.2136960901617 0 0 -3 
1 1250 6.4 22 0.482286866359447 0.449193548387097 33.4247804438257 3 0 3 
0 1250 7 22 0.437316715542522 0.470766129032258 21.4777071197618 0 0 -3 
1 1260 6.4 22 0.480050933786078 0.490322580645161 9.72652551542465 3 0 3 
0 1260 7 22 0.370715725806452 0.455645161290323 14.9340561884488 0 0 -3 
1 1270 6.4 22 0.56413810483871 0.50241935483871 7.30486916428858 3 0 3 
0 1270 7 22 0.377016129032258 0.486895161290323 18.0105829400797 0 0 -3 
1 1280 6.4 22 0.604838709677419 0.51008064516129 8.5326073558381 3 0 3 
0 1280 7 22 0.435483870967742 0.48991935483871 11.9341413236826 0 0 -3 
1 1290 6.4 22 0.667096774193548 0.556451612903226 19.9773594041776 3 0 3 
0 1290 7 22 0.267741935483871 0.441532258064516 13.4105470082895 0 0 -3 
1 1300 6.4 22 NaN NaN NaN 3 0 3 
0 1300 7 22 NaN 0.419354838709677 0 0 0 -3 
