1 30 8 1 NaN 0.25390625 15.4439948151904 3 0 0 
0 30 8 1 NaN 0.2919921875 23.9134685687726 3 0 0 
1 40 8 1 NaN 0.2578125 22.6228583238467 3 0 0 
0 40 8 1 NaN 0.2958984375 22.5479784995272 3 0 0 
1 50 8 1 0.36328125 0.32265625 32.1938115640746 3 0 0 
0 50 8 1 0.39453125 0.3798828125 34.379101514081 3 0 0 
1 60 8 1 0.369449013157895 0.446875 39.0872258645815 3 0 0 
0 60 8 1 0.399169921875 0.48046875 51.0082557400808 3 0 0 
1 70 8 1 0.3701171875 0.4546875 41.6146570367177 3 0 0 
0 70 8 1 0.4072265625 0.50390625 50.8821496053461 3 0 0 
1 80 8 1 0.455859375 0.490625 35.6204487615467 3 0 0 
0 80 8 1 0.480282738095238 0.5126953125 50.7970401276897 3 0 0 
1 90 8 1 0.39390625 0.45546875 38.8960409441654 3 0 0 
0 90 8 1 0.449363425925926 0.50390625 52.2287282278104 3 0 0 
1 100 8 1 0.377232142857143 0.42890625 40.8204210948953 3 0 0 
0 100 8 1 0.443684895833333 0.5078125 54.0440920689308 3 0 0 
1 110 8 2 0.445638020833333 0.4546875 39.2088752935099 3 0 0 
0 110 8 2 0.481148097826087 0.5046875 53.7602766478522 3 0 0 
1 120 8 2 0.406529017857143 0.478125 40.5672499181336 3 0 0 
0 120 8 2 0.429375 0.49765625 52.12749821902 3 0 0 
1 130 8 2 0.426120923913043 0.45625 41.014027578105 3 0 0 
0 130 8 2 0.421519886363636 0.50078125 52.7518597437598 3 0 0 
1 140 8 3 0.475911458333333 0.47109375 42.7870885985578 3 1 0 
0 140 8 2 0.48125 0.4853515625 48.6379619518285 3 -1 0 
1 150 8 3 0.405133928571429 0.490625 48.1555569842024 3 0 0 
0 150 8 3 0.432074652777778 0.47265625 49.3876925613103 3 0 0 
1 160 8 4 0.393002717391304 0.48515625 43.6546377544235 3 1 0 
0 160 8 3 0.41796875 0.4578125 50.7120333839161 3 -1 0 
1 170 8 4 0.45610119047619 0.43359375 40.106957771508 3 0 0 
0 170 8 4 0.471354166666667 0.49140625 55.4490561755839 3 0 0 
1 180 8 4 0.410970052083333 0.4625 43.6536788081194 3 0 0 
0 180 8 4 0.467329545454545 0.49609375 52.1945439675334 3 0 0 
1 190 8 4 0.382421875 0.4453125 49.0179216748808 3 0 0 
0 190 8 4 0.43859375 0.47265625 50.2155440508469 3 0 0 
1 200 8 5 0.444940476190476 0.44140625 37.9104120344612 3 1 0 
0 200 8 4 0.460258152173913 0.5 41.2829946642732 3 -1 0 
1 210 8 5 0.402794471153846 0.484375 15.9073411279201 3 0 0 
0 210 8 5 0.438151041666667 0.5078125 11.3618192729246 3 0 0 
1 220 8 5 0.391867897727273 0.470703125 8.38112472910434 3 0 0 
0 220 8 5 0.42578125 0.4703125 15.915965163606 3 0 0 
1 230 8 5 0.452275815217391 0.3625 41.8999047787167 3 0 0 
0 230 8 5 0.46640625 0.50625 14.8875571624082 3 0 0 
1 240 8 5 0.4033203125 0.39296875 48.0588216834428 3 0 0 
0 240 8 5 0.442317708333333 0.4578125 31.3287273280532 3 0 0 
1 250 8 6 0.388950892857143 0.44609375 39.6936476740492 3 1 0 
0 250 8 5 0.445452008928571 0.48828125 39.512481067709 3 -1 0 
1 260 8 6 0.449928977272727 0.47734375 39.6416958307182 3 0 0 
0 260 8 6 0.473478618421053 0.49140625 43.1012533939465 3 0 0 
1 270 8 6 0.367788461538462 0.4453125 40.0023598704161 3 0 0 
0 270 8 6 0.453993055555556 0.5265625 43.3332167524786 3 0 0 
1 280 8 6 0.3701171875 0.4421875 36.3659878484539 3 0 0 
0 280 8 6 0.427911931818182 0.509765625 50.1188644205404 3 0 0 
1 290 8 6 0.427269345238095 0.455729166666667 55.3595975744204 3 -1 0 
0 290 8 7 0.459435096153846 0.5224609375 38.8500806986138 3 1 0 
1 300 8 7 0.3921875 0.41796875 34.1593305717793 3 0 0 
0 300 8 7 0.479166666666667 0.5439453125 29.9630848961941 3 0 0 
1 310 8 7 0.380859375 0.2939453125 47.7988801317223 3 0 0 
0 310 8 7 0.474748883928571 0.4638671875 40.9365885148893 3 0 0 
1 320 8 7 0.429315476190476 0.318359375 41.4370397083559 3 0 0 
0 320 8 7 0.466238839285714 0.52734375 22.8820714778691 3 0 0 
1 330 8 7 0.407118055555556 0.3421875 20.3552517923244 3 0 0 
0 330 8 7 0.4521484375 0.431640625 45.7368584098606 3 0 0 
1 340 8 8 0.391304347826087 0.42109375 22.1617870571574 3 0 0 
0 340 8 8 0.44390625 0.40625 45.6070170039655 3 0 0 
1 350 8 8 0.424729567307692 0.46796875 18.5130889536093 3 0 0 
0 350 8 8 0.479352678571429 0.505859375 35.7561183575623 3 0 0 
1 360 8 8 0.444010416666667 0.4796875 25.6679502755348 3 0 0 
0 360 8 8 0.473668981481482 0.337890625 51.2482773284248 3 0 0 
1 370 8 8 0.38671875 0.4609375 34.0998597705681 3 0 0 
0 370 8 8 0.406808035714286 0.404296875 41.8075805704732 3 0 0 
1 380 8 9 0.39697265625 0.4640625 36.0537618228412 3 1 0 
0 380 8 8 0.483865489130435 0.462239583333333 23.6278897918079 3 -1 0 
1 390 8 9 0.425625 0.44453125 36.7477691919718 3 0 0 
0 390 8 9 0.438009510869565 0.5205078125 47.4459651690476 3 0 0 
1 400 8 9 0.412850215517241 0.409375 35.0168801502466 3 0 0 
0 400 8 9 0.426970108695652 0.4248046875 41.7217825030977 3 0 0 
1 410 8 9 0.451009114583333 0.44765625 31.8711319166674 3 0 0 
0 410 8 9 0.500651041666667 0.4267578125 43.8816005422914 3 0 0 
1 420 8 10 0.420052083333333 0.4453125 42.9429041676581 3 1 0 
0 420 8 9 0.44375 0.4228515625 51.4862002869451 3 -1 0 
1 430 8 10 0.37578125 0.38203125 47.556599218746 3 1 0 
0 430 8 9 0.4321875 0.45078125 27.5330448730674 3 -1 0 
1 440 8 10 0.407628676470588 0.459375 36.4531083383754 3 0 0 
0 440 8 10 0.481602822580645 0.47890625 20.6426437700882 3 0 0 
1 450 8 10 0.414713541666667 0.4658203125 38.7740424317028 3 0 0 
0 450 8 10 0.466729525862069 0.4658203125 6.30283046733167 3 0 0 
1 460 8 11 0.398737980769231 0.46875 41.0035225507111 3 1 0 
0 460 8 10 0.4696875 0.459635416666667 6.47603503171797 3 -1 0 
1 470 8 11 0.414813701923077 0.447265625 34.0917878674616 3 1 0 
0 470 8 10 0.4778125 0.4453125 11.9701245438862 3 -1 0 
1 480 8 11 0.426858836206897 0.2724609375 34.0834989441772 3 0 0 
0 480 8 11 0.440592447916667 0.341796875 30.6048738370389 3 0 0 
1 490 8 11 0.39164402173913 0.365234375 28.2859666829522 3 0 0 
0 490 8 11 0.4267578125 0.400390625 38.700999515837 3 0 0 
1 500 8 11 0.437174479166667 0.38828125 36.7155171534476 3 0 0 
0 500 8 11 0.455891927083333 0.4609375 38.4171997511363 3 0 0 
1 510 8 11 0.435546875 0.44453125 36.9884689516767 3 0 0 
0 510 8 11 0.416927083333333 0.4984375 46.5582406173523 3 0 0 
1 520 8 12 0.414911684782609 0.48828125 47.6135964255093 3 1 0 
0 520 8 11 0.42671130952381 0.4970703125 25.2343261947357 3 -1 0 
1 530 8 12 0.433449074074074 0.5234375 43.7059431913807 3 1 0 
0 530 8 11 0.438151041666667 0.533203125 8.44194881436269 3 -1 0 
1 540 8 12 0.455729166666667 0.5146484375 49.8619330582357 3 0 0 
0 540 8 12 0.464242788461538 0.4875 37.0050804267849 3 0 0 
1 550 8 12 0.436650815217391 0.44921875 45.9106491975415 3 0 0 
0 550 8 12 0.413318452380952 0.4828125 29.8643458923453 3 0 0 
1 560 8 12 0.423046875 0.3564453125 37.7319274064062 3 0 0 
0 560 8 12 0.429315476190476 0.52421875 8.31220577363132 3 0 0 
1 570 8 12 0.428385416666667 0.364583333333333 26.3372183442364 3 0 0 
0 570 8 12 0.471217105263158 0.56484375 3.21577282346457 3 0 0 
1 580 8 13 0.429850260416667 0.380208333333333 5.37433661033792 3 1 0 
0 580 8 12 0.427133413461538 0.58203125 0 3 -1 0 
1 590 8 13 0.444861778846154 0.322265625 29.825220199177 3 1 0 
0 590 8 12 0.436458333333333 0.59375 0 3 -1 0 
1 600 8 13 0.446056547619048 0.325 30.7927360922766 3 1 0 
0 600 8 12 0.443892045454545 0.521484375 8.73212459828649 3 -1 0 
1 610 8 13 0.457465277777778 0.403125 33.5008651453833 3 1 0 
0 610 8 12 0.415364583333333 0.2509765625 30.0964537086731 3 -1 0 
1 620 8 13 0.488541666666667 0.41796875 45.813020187883 3 1 0 
0 620 8 12 0.484375 0.31953125 31.0906446081974 3 -1 0 
1 630 8 14 0.501640625 0.52421875 38.8304660701569 3 2 0 
0 630 8 12 0.390625 0.396484375 25.1970564657277 3 -2 0 
1 640 8 14 0.48828125 0.51015625 33.2358224434492 3 1 0 
0 640 8 13 0.390625 0.4125 25.6892280434667 3 -1 0 
1 650 8 14 0.54375 0.50390625 36.9670510875468 3 1 0 
0 650 8 13 0.39453125 0.46015625 31.9135187587915 3 -1 0 
1 660 8 14 0.549124053030303 0.509765625 24.674196620382 3 1 0 
0 660 8 13 0.368923611111111 0.42421875 38.5012681077212 3 -1 0 
1 670 8 14 0.5595703125 0.5234375 6.10327780786685 3 0 0 
0 670 8 14 0.41796875 0.41328125 31.0309477250809 3 0 0 
1 680 8 15 0.5875244140625 0.5 5.8309518948453 3 1 0 
0 680 8 14 0.41796875 0.4697265625 23.9168179945583 3 -1 0 
1 690 8 15 0.4559375 0.453125 0 3 1 0 
0 690 8 14 0.387408088235294 0.5029296875 23.1158581063682 3 -1 0 
1 700 8 15 0.4375 0.24609375 32.1240549937794 3 0 0 
0 700 8 15 0.397409539473684 0.5 36.0681884859307 3 0 0 
1 710 8 15 0.501674107142857 0.2548828125 16.8356130841793 3 0 0 
0 710 8 15 0.42578125 0.50390625 47.4769952117713 3 0 0 
1 720 8 15 0.437855113636364 0.3046875 14.2550633235708 3 0 0 
0 720 8 15 0.430338541666667 0.47421875 36.3630192691552 3 0 0 
1 730 8 15 0.400297619047619 0.3625 28.751798920978 3 0 0 
0 730 8 15 0.462713068181818 0.5046875 28.2956178040429 3 0 0 
1 740 8 15 0.521484375 0.384375 13.905138254102 3 0 0 
0 740 8 15 0.459517045454545 0.51484375 30.4075502431405 3 0 0 
1 750 8 15 0.458984375 0.4078125 13.6611991653622 3 0 0 
0 750 8 15 0.477213541666667 0.51484375 34.0045870466553 3 0 0 
1 760 8 15 0.41796875 0.4140625 13.5453238110792 3 -1 0 
0 760 8 16 0.407552083333333 0.496875 36.383233275596 3 1 0 
1 770 8 16 0.488932291666667 0.51875 8.10383911977641 3 0 0 
0 770 8 16 0.4388671875 0.4931640625 46.5783397167005 3 0 0 
1 780 8 16 0.490625 0.53046875 4.62673323981181 3 0 0 
0 780 8 16 0.4253125 0.4228515625 32.0071738436966 3 0 0 
1 790 8 16 0.456730769230769 0.53515625 8.68475459089597 3 0 0 
0 790 8 16 0.494140625 0.31640625 21.4055291203065 3 0 0 
1 800 8 16 0.479890046296296 0.52890625 9.62393304269501 3 0 0 
0 800 8 16 0.503226902173913 0.294921875 23.4205624922103 3 0 0 
1 810 8 16 0.4724609375 0.546875 7.61169123053652 3 0 0 
0 810 8 16 0.447526041666667 0.3271484375 24.6425440365936 3 0 0 
1 820 8 16 0.416015625 0.5375 6.50278157497532 3 0 0 
0 820 8 16 0.466435185185185 0.3447265625 36.3024718669835 3 0 0 
1 830 8 16 0.429166666666667 0.4765625 10.1174369312084 3 0 0 
0 830 8 16 0.479090073529412 0.4580078125 35.8686062814996 3 0 0 
1 840 8 17 0.48375 0.439453125 3.35410196624968 3 0 0 
0 840 8 17 0.369565217391304 0.4482421875 35.113426884609 3 0 0 
1 850 8 17 0.47265625 0.5078125 0 3 0 0 
0 850 8 17 0.361177884615385 0.4677734375 33.0551290192536 3 0 0 
1 860 8 17 0.48486328125 0.49609375 0 3 0 0 
0 860 8 17 0.369791666666667 0.4794921875 39.9498566599256 3 0 0 
1 870 8 17 0.480305989583333 0.375 0 3 0 0 
0 870 8 17 0.350534539473684 0.484375 43.9037707059183 3 0 0 
1 880 8 17 0.479929956896552 0.2578125 33.5596483890997 3 0 0 
0 880 8 17 0.369140625 0.49609375 38.4407491452612 3 0 0 
1 890 8 17 0.474420362903226 0.282552083333333 35.3005835884979 3 -1 0 
0 890 8 18 0.378736413043478 0.4140625 41.1891783059137 3 1 0 
1 900 8 17 0.481805098684211 0.26953125 33.223697068271 3 -1 0 
0 900 8 18 0.421195652173913 0.4140625 35.7391000108617 3 1 0 
1 910 8 17 0.471900201612903 0.34765625 25.1535932094938 3 -1 0 
0 910 8 18 0.457161458333333 0.4453125 29.9276802282612 3 1 0 
1 920 8 17 0.52421875 0.48125 14.1616803436045 3 -1 0 
0 920 8 18 0.475725446428571 0.4265625 47.5263517512871 3 1 0 
1 930 8 18 0.445690524193548 0.6109375 4.71233719641361 3 0 0 
0 930 8 18 0.447162828947368 0.4078125 40.4846929059265 3 0 0 
1 940 8 18 0.4328125 0.690625 3.37512516089985 3 0 0 
0 940 8 18 0.370225694444444 0.428385416666667 27.3026466194374 3 0 0 
1 950 8 18 0.52250744047619 0.665625 12.1682011148737 3 0 0 
0 950 8 18 0.381510416666667 0.5078125 21.9317121994613 3 0 0 
1 960 8 18 0.42259837962963 0.57109375 21.2131890501991 3 0 0 
0 960 8 18 0.41703125 0.48828125 7.0178344238091 3 0 0 
1 970 8 19 0.373046875 0.44609375 30.0014644327585 3 0 0 
0 970 8 19 0.486073369565217 0.37890625 13.8293166859393 3 0 0 
1 980 8 19 0.376953125 0.490625 28.4193746958459 3 0 0 
0 980 8 19 0.535495923913043 0.419921875 31.9452656899266 3 0 0 
1 990 8 19 0.371803977272727 0.43984375 28.168772201424 3 0 0 
0 990 8 19 0.5029296875 0.484375 40.6078810084939 3 0 0 
1 1000 8 19 0.39794921875 0.4359375 42.6069438035422 3 0 0 
0 1000 8 19 0.550529233870968 0.427083333333333 55.1469966793539 3 0 0 
1 1010 8 19 NaN 0.384375 31.6501577642132 3 0 0 
0 1010 8 19 0.6140625 0.342447916666667 38.0827994160486 3 0 0 
1 1020 8 19 0.357421875 0.3703125 22.1582884958464 3 0 0 
0 1020 8 19 0.581916360294118 0.473958333333333 24.7859340672155 3 0 0 
1 1030 8 19 0.430338541666667 0.378125 19.7109375136748 3 -1 0 
0 1030 8 20 0.4736328125 0.5322265625 35.6709389236667 3 1 0 
1 1040 8 20 0.464192708333333 0.4140625 22.8243792955635 3 0 0 
0 1040 8 20 0.52734375 0.474609375 49.2087728966775 3 0 0 
1 1050 8 20 0.313895089285714 0.48125 16.2402482464279 3 0 0 
0 1050 8 20 0.529042119565217 0.375 6.80073525436772 3 0 0 
1 1060 8 20 0.330512152777778 0.3953125 16.9194069961615 3 0 0 
0 1060 8 20 0.454282407407407 0.423828125 24.667792767088 3 0 0 
1 1070 8 20 0.363932291666667 0.3740234375 16.0646517778289 3 0 0 
0 1070 8 20 0.501652644230769 0.34765625 55.5630272753384 3 0 0 
1 1080 8 20 0.379231770833333 0.40625 10.0643391203888 3 0 0 
0 1080 8 20 0.525111607142857 0.41015625 45.453272709454 3 0 0 
1 1090 8 20 0.355654761904762 0.4228515625 6.35983865833706 3 0 0 
0 1090 8 20 0.497991071428571 0.50390625 0 3 0 0 
1 1100 8 20 0.356689453125 0.4775390625 10.2876812343286 3 0 0 
0 1100 8 20 0.554470486111111 0.56640625 0 3 0 0 
1 1110 8 20 0.368229166666667 0.4892578125 8.45305071313737 3 0 0 
0 1110 8 20 0.553622159090909 0.4921875 0 3 0 0 
1 1120 8 21 0.4921875 0.505859375 6.15095499270852 3 1 0 
0 1120 8 20 0.548409598214286 0.18359375 15.4029218007494 3 -1 0 
1 1130 8 21 0.518415178571429 0.4111328125 21.7165749306922 3 1 0 
0 1130 8 20 0.65380859375 0.21875 1 3 -1 0 
1 1140 8 21 0.449519230769231 0.30859375 30.2226011564765 3 1 0 
0 1140 8 20 0.5078125 0.1953125 19.6786686541544 3 -1 0 
1 1150 8 21 0.449508101851852 0.3875 32.7141106669766 3 1 0 
0 1150 8 20 0.478271484375 0.263020833333333 11.6623633891179 3 -1 0 
1 1160 8 21 0.453657670454545 0.49375 27.0318256742589 3 1 1 
0 1160 8 20 0.510074013157895 0.283203125 16.9474903553905 2 -1 -1 
1 1170 8 21 0.455137310606061 0.53984375 17.5537164147153 3 1 1 
0 1170 8 20 0.426846590909091 0.3427734375 16.7181994313141 2 -1 -1 
1 1180 8 21 0.452533143939394 0.559375 15.0395218731049 3 1 1 
0 1180 8 20 0.424479166666667 0.3603515625 23.611219895327 2 -1 -1 
1 1190 8 21 0.479352678571429 0.48671875 11.6113689004332 3 1 1 
0 1190 8 20 0.422526041666667 0.3818359375 26.6293173211796 2 -1 -1 
1 1200 8 21 0.505040322580645 0.4580078125 4.08711877388822 3 0 1 
0 1200 8 21 0.365767045454545 0.4033203125 24.6366234499411 2 0 -1 
1 1210 8 22 0.506138392857143 0.45703125 3.91915477183237 3 1 1 
0 1210 8 21 0.456814236111111 0.361979166666667 36.0830055479415 2 -1 -1 
1 1220 8 22 0.511117788461538 0.5146484375 4.96720067139529 3 1 2 
0 1220 8 21 0.467122395833333 0.28125 1.11803398874989 1 -1 -2 
1 1230 8 22 0.535970052083333 0.34765625 59.7208463031783 3 1 2 
0 1230 8 21 0.491455078125 0.25390625 7.56637297521078 1 -1 -2 
1 1240 8 22 0.490953947368421 0.380859375 58.7562293776884 3 1 2 
0 1240 8 21 0.435302734375 0.32421875 21.4709105535839 1 -1 -2 
1 1250 8 22 0.490685096153846 0.4375 25.3150722929963 3 1 2 
0 1250 8 21 0.4716796875 0.392578125 3.35410196624968 1 -1 -2 
1 1260 8 22 0.471643518518519 0.505859375 18.908816322986 3 1 2 
0 1260 8 21 0.453125 0.283854166666667 20.8701902482434 1 -1 -2 
1 1270 8 22 0.467862215909091 0.36015625 27.4437773531984 3 1 2 
0 1270 8 21 0.44580078125 0.2607421875 20.2158899236909 1 -1 -2 
1 1280 8 22 0.506875 0.35703125 15.7164200303155 3 1 2 
0 1280 8 21 0.490767045454545 0.3390625 19.6743721548637 1 -1 -2 
1 1290 8 22 0.469815340909091 0.425 12.1890186450621 3 1 2 
0 1290 8 21 0.437825520833333 0.453125 26.9478410957263 1 -1 -2 
1 1300 8 22 0.46807650862069 0.496875 8.85796412435925 3 1 2 
0 1300 8 21 0.403782894736842 0.428125 9.98496287742732 1 -1 -2 
1 1310 8 22 0.522303427419355 0.603515625 3.86682584812465 3 1 2 
0 1310 8 21 0.385199652777778 0.348958333333333 4.0645497090035 1 -1 -2 
1 1320 8 23 0.509712837837838 0.638671875 3.72752454943731 3 2 2 
0 1320 8 21 0.397265625 0.32421875 0 1 -2 -2 
1 1330 8 23 0.526932565789474 0.5087890625 27.1299859079748 3 2 2 
0 1330 8 21 0.38828125 NaN NaN 1 -2 -2 
1 1340 8 23 0.562965029761905 0.47265625 40.2664721955124 3 2 2 
0 1340 8 21 0.390625 NaN NaN 1 -2 -2 
1 1350 8 23 0.585394965277778 0.5986328125 22.4615713880625 3 2 2 
0 1350 8 21 0.29296875 NaN NaN 1 -2 -2 
1 1360 8 23 0.636008522727273 0.6513671875 8.88577950773061 3 1 2 
0 1360 8 22 0.341974431818182 NaN NaN 1 -1 -2 
1 1370 8 23 0.641927083333333 0.6296875 52.1121830204468 3 1 2 
0 1370 8 22 0.338169642857143 0.16796875 0 1 -1 -2 
1 1380 8 23 0.677001953125 0.678125 53.3085772202386 3 1 2 
0 1380 8 22 0.26953125 0.169921875 3.80788655293195 1 -1 -2 
1 1390 8 23 NaN NaN NaN 3 1 2 
0 1390 8 22 NaN NaN NaN 1 -1 -2 
