1 30 9.4 1 NaN 0.306640625 36.7910703297359 5 0 1 
0 30 10.2 1 NaN 0.2515625 16.0813954725979 4 0 -1 
1 40 9.4 1 NaN 0.3328125 30.8871926825631 5 0 1 
0 40 10.2 1 0.349609375 0.25859375 15.3645955867861 4 0 -1 
1 50 9.4 1 0.51171875 0.40390625 25.5306913049029 5 0 1 
0 50 10.2 1 0.353732638888889 0.3171875 17.1365135323012 4 0 -1 
1 60 9.4 1 0.50341796875 0.5015625 26.2297264646738 5 0 1 
0 60 10.2 1 0.395703125 0.4359375 20.8172540928199 4 0 -1 
1 70 9.4 1 0.504427083333333 0.4734375 25.3174315760536 5 0 1 
0 70 10.2 1 0.421365489130435 0.4609375 26.5943936247945 4 0 -1 
1 80 9.4 1 0.504427083333333 0.4765625 23.2204887565408 5 0 1 
0 80 10.2 1 0.396898674242424 0.47265625 23.789064449409 4 0 -1 
1 90 9.4 1 0.494419642857143 0.478125 22.4795994013551 5 0 1 
0 90 10.2 1 0.422585227272727 0.4794921875 19.9906359075469 4 0 -1 
1 100 9.4 2 0.506591796875 0.48046875 24.598014455135 5 0 1 
0 100 10.2 2 0.421614583333333 0.47265625 21.4297928941952 4 0 -1 
1 110 9.4 2 0.509635416666667 0.48203125 23.31010538199 5 0 1 
0 110 10.2 2 0.397555443548387 0.3953125 38.0261533197112 4 0 -1 
1 120 9.4 2 0.518489583333333 0.50234375 25.4846963298542 5 0 1 
0 120 10.2 2 0.406640625 0.371875 34.8504121390202 4 0 -1 
1 130 9.4 3 0.528371710526316 0.4833984375 21.5200037856247 5 0 1 
0 130 10.2 3 0.4193359375 0.44453125 30.770286321905 4 0 -1 
1 140 9.4 3 0.531005859375 0.501953125 24.7153364542662 5 0 1 
0 140 10.2 3 0.381556919642857 0.4546875 33.465472125718 4 0 -1 
1 150 9.4 3 0.5203125 0.42890625 34.4371625263353 5 0 1 
0 150 10.2 3 0.392578125 0.4515625 28.6692620206862 4 0 -1 
1 160 9.4 3 0.528180803571429 0.47890625 22.4262174674624 5 -1 1 
0 160 10.2 4 0.420230263157895 0.465625 27.5491793134815 4 1 -1 
1 170 9.4 4 0.529296875 0.48828125 24.0963999794941 5 0 1 
0 170 10.2 4 0.391322544642857 0.44296875 22.8811307438776 4 0 -1 
1 180 9.4 4 0.521334134615385 0.4990234375 8.84944784701799 5 0 1 
0 180 10.2 4 0.402669270833333 0.43515625 18.6527845034286 4 0 -1 
1 190 9.4 4 0.518012152777778 0.48046875 17.4710831440299 5 0 1 
0 190 10.2 4 0.41304347826087 0.475 8.78194770668916 4 0 -1 
1 200 9.4 4 0.514229910714286 0.4775390625 21.55401593581 5 0 1 
0 200 10.2 4 0.397633272058824 0.4765625 6.38740234029367 4 0 -1 
1 210 9.4 4 0.510799632352941 0.455078125 20.4256964431445 5 -1 1 
0 210 10.2 5 0.424623842592593 0.51171875 5.9371227189238 4 1 -1 
1 220 9.4 4 0.508634868421053 0.3310546875 46.0788155930637 5 -1 1 
0 220 10.2 5 0.440867456896552 0.47734375 10.6850266836875 4 1 -1 
1 230 9.4 5 0.518136160714286 0.45703125 19.8583080790797 5 0 1 
0 230 10.2 5 0.42109375 0.45078125 20.2879122868011 4 0 -1 
1 240 9.4 5 0.518841911764706 0.4609375 33.8216053555398 5 0 1 
0 240 10.2 5 0.3962890625 0.43046875 25.4862258345545 4 0 -1 
1 250 9.4 5 0.541015625 0.5 34.5140359999631 5 -1 1 
0 250 10.2 6 0.40390625 0.43046875 26.2104718355 4 1 -1 
1 260 9.4 6 0.538020833333333 0.5078125 27.8261416340153 5 0 1 
0 260 10.2 6 0.373757102272727 0.44375 18.9928040919815 4 0 -1 
1 270 9.4 6 0.515625 0.49296875 23.2301245032445 5 0 1 
0 270 10.2 6 0.410590277777778 0.43125 17.5993224100067 4 0 -1 
1 280 9.4 6 0.514246323529412 0.484375 25.5904942756919 5 0 1 
0 280 10.2 6 0.404079861111111 0.39296875 32.2640168206623 4 0 -1 
1 290 9.4 6 0.512073863636364 0.4875 27.7373783362825 5 0 1 
0 290 10.2 6 0.392389112903226 0.42578125 23.4372322024325 4 0 -1 
1 300 9.4 6 0.48828125 0.50390625 28.1051741414811 5 -1 1 
0 300 10.2 7 0.420572916666667 0.4404296875 19.5648666713423 4 1 -1 
1 310 9.4 7 0.549560546875 0.47734375 26.2945896165969 5 0 1 
0 310 10.2 7 0.447135416666667 0.4203125 21.0790390304207 4 0 -1 
1 320 9.4 7 0.561899038461538 0.484375 26.0462378758213 5 0 1 
0 320 10.2 7 0.393880208333333 0.3859375 29.547473967508 4 0 -1 
1 330 9.4 7 0.48486328125 0.4671875 19.8805203132851 5 0 1 
0 330 10.2 7 0.40132472826087 0.39453125 18.0022463674585 4 0 -1 
1 340 9.4 7 0.506510416666667 0.49140625 16.4881772093233 5 0 1 
0 340 10.2 7 0.430042613636364 0.4599609375 11.7730677204485 4 0 -1 
1 350 9.4 8 0.506510416666667 0.48828125 11.147901384024 5 1 1 
0 350 10.2 7 0.416311553030303 0.505208333333333 14.2732993438962 4 -1 -1 
1 360 9.4 8 0.489118303571429 0.505859375 11.8395793000259 5 1 1 
0 360 10.2 7 0.396019345238095 0.352864583333333 43.9974432207122 4 -1 -1 
1 370 9.4 8 0.501420454545455 0.4203125 24.9805339799887 5 1 1 
0 370 10.2 7 0.412923177083333 0.291666666666667 33.6032439522313 4 -1 -1 
1 380 9.4 8 0.501953125 0.45390625 22.4908644002003 5 1 1 
0 380 10.2 7 0.401339285714286 0.390625 20.8750288935891 4 -1 -1 
1 390 9.4 8 0.499131944444444 0.46875 19.45449919584 5 0 1 
0 390 10.2 8 0.43734375 0.3330078125 32.6454425896167 4 0 -1 
1 400 9.4 9 0.544759114583333 0.47421875 18.9984710366484 5 1 1 
0 400 10.2 8 0.459872159090909 0.38984375 40.4901296094816 4 -1 -1 
1 410 9.4 9 0.555098684210526 0.49375 29.4076478469193 5 1 1 
0 410 10.2 8 0.415127840909091 0.44921875 36.0415381563975 4 -1 -1 
1 420 9.4 9 0.479166666666667 0.50234375 31.173612804476 5 1 1 
0 420 10.2 8 0.405924479166667 0.4580078125 47.0072495019881 4 -1 -1 
1 430 9.4 10 0.515869140625 0.49296875 31.7804933172394 5 2 1 
0 430 10.2 8 0.428431919642857 0.42265625 51.2355271099189 4 -2 -1 
1 440 9.4 10 0.505301339285714 0.5328125 31.6100398347366 5 1 1 
0 440 10.2 9 0.403255208333333 0.3623046875 28.3570575067725 4 -1 -1 
1 450 9.4 10 0.5400390625 0.5185546875 24.3232458829235 5 1 1 
0 450 10.2 9 0.399553571428571 0.421875 11.7090188817128 4 -1 -1 
1 460 9.4 11 0.577256944444444 0.5107421875 22.9160833074372 5 2 1 
0 460 10.2 9 0.381727430555556 0.41796875 7.0108904527714 4 -2 -1 
1 470 9.4 11 0.5732421875 0.509765625 23.2009398525548 5 2 1 
0 470 10.2 9 0.36421130952381 0.3828125 4.72014992025393 4 -2 -1 
1 480 9.4 11 0.539930555555556 0.447265625 49.6879840678838 5 2 1 
0 480 10.2 9 0.392485119047619 0.2958984375 32.4192987084637 4 -2 -1 
1 490 9.4 11 0.5712890625 0.517578125 32.943585633285 5 2 1 
0 490 10.2 9 0.387746710526316 0.3234375 27.659893598191 4 -2 -1 
1 500 9.4 11 0.5712890625 0.52734375 8.38488292185894 5 1 1 
0 500 10.2 10 0.38671875 0.41328125 10.3691919472158 4 -1 -1 
1 510 9.4 12 0.569901315789474 0.533203125 11.0683889988712 5 2 1 
0 510 10.2 10 0.390997023809524 0.3916015625 8.37512873291479 4 -2 -1 
1 520 9.4 12 0.561414930555556 0.517578125 12.8876564714554 5 2 1 
0 520 10.2 10 0.359157986111111 0.435546875 3.53553390593274 4 -2 -1 
1 530 9.4 12 0.556066176470588 0.5625 12.2340952599922 5 2 1 
0 530 10.2 10 0.3779296875 0.333984375 17.7341478509682 4 -2 -1 
1 540 9.4 12 0.546875 0.458984375 48.9908451243791 5 2 1 
0 540 10.2 10 0.398777173913043 0.2109375 17.9399724359634 4 -2 -1 
1 550 9.4 13 0.57921875 0.45703125 48.0596763105656 5 3 1 
0 550 10.2 10 0.37734375 0.24453125 32.8030910967012 4 -3 -1 
1 560 9.4 13 0.58125 0.505208333333333 26.8438083744634 5 2 1 
0 560 10.2 11 0.352864583333333 0.34375 26.5081520774986 4 -2 -1 
1 570 9.4 13 0.521634615384615 0.48046875 16.3530409958826 5 2 1 
0 570 10.2 11 0.393787202380952 0.39765625 22.660085793392 4 -2 -1 
1 580 9.4 13 0.549479166666667 0.5078125 15.9672445163746 5 2 1 
0 580 10.2 11 0.421669407894737 0.4228515625 23.7694444550231 4 -2 -1 
1 590 9.4 13 0.561789772727273 0.4716796875 44.830749877939 5 2 1 
0 590 10.2 11 0.390625 0.424479166666667 30.081626427315 4 -2 -1 
1 600 9.4 13 0.471153846153846 0.47265625 33.5980320411163 5 2 1 
0 600 10.2 11 0.40625 0.372395833333333 43.3930224007399 4 -2 -1 
1 610 9.4 14 0.548583984375 0.4794921875 32.1327970978516 5 3 1 
0 610 10.2 11 0.380326704545455 0.342447916666667 45.4126180503263 4 -3 -1 
1 620 9.4 14 0.554427083333333 0.48828125 33.81614820311 5 2 1 
0 620 10.2 12 0.361243206521739 0.3505859375 36.4200482913865 4 -2 -1 
1 630 9.4 14 0.50537109375 0.5390625 33.3102235361094 5 2 1 
0 630 10.2 12 0.408854166666667 0.4130859375 29.4646378795163 4 -2 -1 
1 640 9.4 14 0.527018229166667 0.501953125 29.9413346452536 5 2 1 
0 640 10.2 12 0.4373046875 0.4189453125 9.85725382204405 4 -2 -1 
1 650 9.4 14 0.527018229166667 0.5517578125 7.67505955301338 5 2 1 
0 650 10.2 12 0.40530303030303 0.427083333333333 9.8305877901841 4 -2 -1 
1 660 9.4 14 0.4984375 0.584375 7.37864918245049 5 2 1 
0 660 10.2 12 0.3939453125 0.4453125 0 4 -2 -1 
1 670 9.4 15 0.51953125 0.53125 17.3154334120469 5 3 1 
0 670 10.2 12 0.40765625 NaN NaN 4 -3 -1 
1 680 9.4 15 0.51953125 0.517578125 17.8671744030822 5 3 1 
0 680 10.2 12 0.392637310606061 0.25390625 29.5296461204668 4 -3 -1 
1 690 9.4 15 0.576171875 0.5546875 36.3939104602084 5 3 1 
0 690 10.2 12 0.380108173076923 0.203125 23.0115221586599 4 -3 -1 
1 700 9.4 15 0.58935546875 0.47265625 53.3925595534518 5 2 1 
0 700 10.2 13 0.368689903846154 0.275 24.0686911564484 4 -2 -1 
1 710 9.4 16 0.589626736111111 0.4814453125 45.3878765406534 5 3 1 
0 710 10.2 13 0.353732638888889 0.38828125 18.7272868191599 4 -3 -1 
1 720 9.4 16 0.579900568181818 0.505859375 31.6192465771976 5 3 1 
0 720 10.2 13 0.388950892857143 0.40859375 25.8114022706418 4 -3 -1 
1 730 9.4 16 0.549072265625 0.5087890625 36.7615642096038 5 3 1 
0 730 10.2 13 0.38125 0.425 32.8276731957996 4 -3 -1 
1 740 9.4 16 0.555803571428571 0.544921875 32.4976106747903 5 3 1 
0 740 10.2 13 0.373972039473684 0.4296875 28.9400595029224 4 -3 -1 
1 750 9.4 16 0.524739583333333 0.580078125 34.2648221148715 5 3 1 
0 750 10.2 13 0.413445723684211 0.41484375 29.1559358038081 4 -3 -1 
1 760 9.4 16 0.585477941176471 0.5146484375 30.0374749904758 5 2 1 
0 760 10.2 14 0.385677083333333 0.415625 35.3438942925484 4 -2 -1 
1 770 9.4 17 0.581510416666667 0.5654296875 25.1598712841256 5 3 1 
0 770 10.2 14 0.35546875 0.396484375 36.5185666674707 4 -3 -1 
1 780 9.4 17 0.646306818181818 0.5751953125 27.8025690148882 5 3 1 
0 780 10.2 14 0.365885416666667 0.3466796875 30.1075782619409 4 -3 -1 
1 790 9.4 17 0.611111111111111 0.5927734375 28.2679474799175 5 3 1 
0 790 10.2 14 0.359809027777778 0.244140625 28.7699459064199 4 -3 -1 
1 800 9.4 17 0.601004464285714 0.5185546875 29.5321721214581 5 2 1 
0 800 10.2 15 0.344282670454545 0.2900390625 22.4790485596103 4 -2 -1 
1 810 9.4 17 0.645833333333333 0.5421875 16.8566782924235 5 2 1 
0 810 10.2 15 0.358226102941176 0.3466796875 19.9077265903691 4 -2 -1 
1 820 9.4 17 0.578993055555556 0.550130208333333 24.3478280562005 5 2 1 
0 820 10.2 15 0.378057065217391 0.36328125 23.6907154809643 4 -2 -1 
1 830 9.4 18 0.565885416666667 0.53671875 36.3035189559167 5 3 1 
0 830 10.2 15 0.370963541666667 0.34765625 0 4 -3 -1 
1 840 9.4 18 0.62646484375 0.4462890625 47.6511926804366 5 3 1 
0 840 10.2 15 0.358226102941176 0.36328125 0 4 -3 -1 
1 850 9.4 18 0.62265625 0.4375 50.0265391697246 5 3 1 
0 850 10.2 15 0.347301136363636 0.212890625 21.2249852767911 4 -3 -1 
1 860 9.4 18 0.624131944444444 0.5751953125 20.5131370168195 5 3 1 
0 860 10.2 15 0.347439236111111 0.19140625 15.5178177751872 4 -3 -1 
1 870 9.4 18 0.64375 0.5458984375 22.6701404041372 4 2 0 
0 870 10.2 16 0.360402960526316 0.303125 10.4890062055983 4 -2 0 
1 880 9.4 19 0.628689236111111 0.5390625 30.4987955300032 4 3 0 
0 880 10.2 16 0.3662109375 0.2828125 7.91877495732554 4 -3 0 
1 890 9.4 19 0.620192307692308 0.62890625 34.3395738120847 4 3 0 
0 890 10.2 16 0.35693359375 0.2859375 8.39839553078904 4 -3 0 
1 900 9.4 19 0.65625 0.675 28.6992965245795 4 3 0 
0 900 10.2 16 0.387555803571429 0.3109375 23.5572732125762 4 -3 0 
1 910 9.4 19 0.616015625 0.61171875 42.4607420243711 4 3 0 
0 910 10.2 16 0.3779296875 0.306640625 30.0511760468193 4 -3 0 
1 920 9.4 19 0.616015625 0.5576171875 25.2176194346566 4 2 0 
0 920 10.2 17 0.34765625 0.36328125 36.2079716387005 4 -2 0 
1 930 9.4 19 0.6875 0.537760416666667 6.95582143373089 4 2 0 
0 930 10.2 17 0.3576171875 0.3564453125 25.8064049827442 4 -2 0 
1 940 9.4 19 0.585248161764706 0.557291666666667 13.7961424617891 4 2 0 
0 940 10.2 17 0.3359375 0.3984375 7.01778464455291 4 -2 0 
1 950 9.4 19 0.585248161764706 0.513671875 17.1828402774396 4 2 0 
0 950 10.2 17 0.369485294117647 0.37734375 26.7093287391507 4 -2 0 
1 960 9.4 20 0.6296875 0.525390625 6.02079728939615 4 3 0 
0 960 10.2 17 0.351768092105263 0.37890625 25.5475368888941 4 -3 0 
1 970 9.4 20 0.603940217391304 0.497395833333333 27.2162130192468 4 3 0 
0 970 10.2 17 0.359809027777778 0.4171875 11.2964896501315 4 -3 0 
1 980 9.4 20 0.599184782608696 0.375 44.3624989917207 4 2 0 
0 980 10.2 18 0.378125 0.471875 2.64560032725055 4 -2 0 
1 990 9.4 20 0.577237215909091 0.33203125 3 4 2 0 
0 990 10.2 18 0.368675595238095 0.45390625 16.661287938423 4 -2 0 
1 1000 9.4 20 0.616981907894737 0.384765625 8.07774721070176 4 2 0 
0 1000 10.2 18 0.512586805555556 0.45078125 33.5475569058752 4 -2 0 
1 1010 9.4 20 0.616927083333333 0.325520833333333 22.0110171458998 4 2 0 
0 1010 10.2 18 0.42578125 0.4580078125 38.4655359258896 4 -2 0 
1 1020 9.4 20 0.541193181818182 0.326171875 26.3740696466234 4 2 0 
0 1020 10.2 18 0.351041666666667 0.50390625 44.7436447080904 4 -2 0 
1 1030 9.4 20 0.602764423076923 0.37890625 20.2102781720098 4 2 0 
0 1030 10.2 18 0.422991071428571 0.46875 39.4291737421072 4 -2 0 
1 1040 9.4 20 0.626775568181818 0.529296875 26.1342326978496 3 1 -1 
0 1040 10.2 19 0.399609375 0.372395833333333 37.6834290712351 4 -1 1 
1 1050 9.4 21 0.648871527777778 0.5361328125 20.5837705514408 3 2 0 
0 1050 10.2 19 0.332331730769231 0.3828125 48.7647413609464 3 -2 0 
1 1060 9.4 21 0.621354166666667 0.541015625 21.8062090120708 3 2 0 
0 1060 10.2 19 0.369140625 0.30859375 0 3 -2 0 
1 1070 9.4 21 0.60302734375 0.580729166666667 24.5486880532278 3 2 1 
0 1070 10.2 19 0.3484375 0.12890625 0 2 -2 -1 
1 1080 9.4 21 0.647235576923077 0.5986328125 33.6630925638331 3 2 1 
0 1080 10.2 19 0.348478618421053 0.2109375 0 2 -2 -1 
1 1090 9.4 21 0.643229166666667 0.5859375 32.9432085715589 3 2 1 
0 1090 10.2 19 0.337611607142857 0.328125 0 2 -2 -1 
1 1100 9.4 21 0.647786458333333 0.600260416666667 31.114288472253 3 2 2 
0 1100 10.2 19 0.337109375 0.3359375 0 1 -2 -2 
1 1110 9.4 21 0.653645833333333 0.591145833333333 47.0082863131984 2 1 1 
0 1110 10.2 20 0.343290441176471 0.2421875 27.0601182554696 1 -1 -1 
1 1120 9.4 21 0.625616776315789 0.4912109375 41.5669482777661 2 1 1 
0 1120 10.2 20 0.3828125 0.2060546875 22.7105905951174 1 -1 -1 
1 1130 9.4 22 0.62593005952381 0.51171875 41.9863472034244 2 2 1 
0 1130 10.2 20 0.365234375 0.2890625 22.079243112979 1 -2 -1 
1 1140 9.4 22 0.67431640625 0.567708333333333 27.9112467809281 2 2 1 
0 1140 10.2 20 0.33515625 0.2705078125 20.6423914694932 1 -2 -1 
