1 30 6.4 1 NaN 0.264516129032258 21.0923037401664 2 0 0 
0 30 4 1 NaN 0.28125 40.6105572854189 2 0 0 
1 40 6.4 1 NaN 0.29758064516129 20.1097749849838 2 0 0 
0 40 4 1 NaN 0.329637096774194 32.1328283688653 2 0 0 
1 50 6.4 1 NaN 0.387903225806452 26.0696872045086 2 0 0 
0 50 4 1 0.383064516129032 0.370967741935484 26.9090099819064 2 0 0 
1 60 6.4 1 0.383064516129032 0.506451612903226 42.9921744528555 2 0 0 
0 60 4 1 0.383064516129032 0.451612903225806 38.5328067095623 2 0 0 
1 70 6.4 1 0.383064516129032 0.505645161290323 42.5928825157637 2 0 0 
0 70 4 1 0.407258064516129 0.470967741935484 38.3709168163906 2 0 0 
1 80 6.4 1 0.484677419354839 0.508870967741936 40.5650600593298 2 0 0 
0 80 4 1 0.462269585253456 0.468548387096774 38.9985577264879 2 0 0 
1 90 6.4 1 0.383064516129032 0.496774193548387 37.0075863427138 2 0 0 
0 90 4 1 0.383064516129032 0.464516129032258 38.1750360775559 2 0 0 
1 100 6.4 1 0.400921658986175 0.491129032258064 39.5794561403409 2 0 0 
0 100 4 1 0.409739454094293 0.471774193548387 39.1236215104035 2 0 0 
1 110 6.4 2 0.480174731182796 0.484677419354839 39.3445470270909 2 0 0 
0 110 4 2 0.464442815249267 0.485483870967742 41.9527490116924 2 0 0 
1 120 6.4 2 0.388978494623656 0.478225806451613 39.2698198285901 2 0 0 
0 120 4 2 0.383064516129032 0.473387096774194 39.3506685774958 2 0 0 
1 130 6.4 2 0.383064516129032 0.486290322580645 39.3744435777507 2 0 0 
0 130 4 2 0.409119106699752 0.475 36.7363842798596 2 0 0 
1 140 6.4 3 0.495967741935484 0.500806451612903 37.4547390160578 2 1 0 
0 140 4 2 0.494354838709677 0.47883064516129 30.7730405643983 2 -1 0 
1 150 6.4 3 0.393010752688172 0.483870967741936 31.670925691349 2 0 0 
0 150 4 3 0.383064516129032 0.477822580645161 27.7028986884439 2 0 0 
1 160 6.4 3 0.383995037220844 0.490322580645161 23.6431325097592 2 0 0 
0 160 4 3 0.383064516129032 0.411290322580645 33.9522057882915 2 0 0 
1 170 6.4 3 0.488213399503722 0.486290322580645 11.854684312477 2 0 0 
0 170 4 3 0.486463133640553 0.433064516129032 14.6980008584726 2 0 0 
1 180 6.4 3 0.41633064516129 0.455645161290323 5.76516340335799 2 0 0 
0 180 4 3 0.389516129032258 0.431451612903226 3.59253344725193 2 0 0 
1 190 6.4 3 0.39758064516129 0.429838709677419 4.71493137954229 2 0 0 
0 190 4 3 0.403729838709677 0.430645161290323 11.645541895075 2 0 0 
1 200 6.4 4 0.468690702087287 0.488709677419355 3.96145561862567 2 1 0 
0 200 4 3 0.467069892473118 0.408870967741935 15.8386052118398 2 -1 0 
1 210 6.4 4 0.41823476702509 0.500806451612903 37.5004926725941 2 0 0 
0 210 4 4 0.400142314990512 0.441935483870968 24.1977855597931 2 0 0 
1 220 6.4 5 0.477956989247312 0.525806451612903 45.4468953440727 2 1 0 
0 220 4 4 0.426267281105991 0.433064516129032 24.7730081082469 2 -1 0 
1 230 6.4 5 0.498102466793169 0.518548387096774 39.6974664056378 2 1 0 
0 230 4 4 0.446428571428571 0.418548387096774 25.875157560872 2 -1 0 
1 240 6.4 5 0.424507168458781 0.543548387096774 40.6162193001714 2 0 0 
0 240 4 5 0.383064516129032 0.415322580645161 24.1678903976838 2 0 0 
1 250 6.4 5 0.402937788018433 0.525201612903226 41.8555874612326 2 0 0 
0 250 4 5 0.397465437788018 0.478225806451613 27.2168070948808 2 0 0 
1 260 6.4 6 0.477598566308244 0.459677419354839 40.4485178449656 2 1 0 
0 260 4 5 0.485215053763441 0.516129032258065 25.0255207426273 2 -1 0 
1 270 6.4 6 0.404233870967742 0.403225806451613 42.462450098822 2 0 0 
0 270 4 6 0.383064516129032 0.486290322580645 26.351009446873 2 0 0 
1 280 6.4 6 0.391417050691244 0.437903225806452 36.468044648882 2 0 0 
0 280 4 6 0.383995037220844 0.483064516129032 33.8563951448825 2 0 0 
1 290 6.4 6 0.475470430107527 0.466935483870968 39.6690851241077 2 0 0 
0 290 4 6 0.485887096774194 0.487096774193548 41.6018234244991 2 0 0 
1 300 6.4 6 0.403225806451613 0.475 47.4109874416983 2 0 0 
0 300 4 6 0.383064516129032 0.483064516129032 36.1745380257776 2 0 0 
1 310 6.4 6 0.398905529953917 0.467741935483871 44.0180930907532 2 0 0 
0 310 4 6 0.390508684863524 0.492741935483871 40.2914474030995 2 0 0 
1 320 6.4 7 0.459987593052109 0.491935483870968 43.2842286571181 2 1 0 
0 320 4 6 0.476209677419355 0.497311827956989 4.7344083199761 2 -1 0 
1 330 6.4 7 0.402469758064516 0.535483870967742 40.9510378750254 2 1 0 
0 330 4 6 0.381048387096774 0.478494623655914 3.19385181333209 2 -1 0 
1 340 6.4 8 0.454838709677419 0.551612903225806 44.1312972738221 2 2 0 
0 340 4 6 0.387432795698925 0.354838709677419 35.2755083374579 2 -2 0 
1 350 6.4 8 0.499462365591398 0.503225806451613 45.6590047535995 2 1 0 
0 350 4 7 0.458870967741935 0.350806451612903 30.8271644048706 2 -1 0 
1 360 6.4 8 0.444508448540707 0.437903225806452 37.4106530533438 2 1 0 
0 360 4 7 0.373991935483871 0.408064516129032 10.2900217017218 2 -1 0 
1 370 6.4 8 0.450172811059908 0.44758064516129 27.2874673171993 2 1 0 
0 370 4 7 0.383064516129032 0.441129032258065 6.44400378107626 2 -1 0 
1 380 6.4 8 0.538151364764268 0.508870967741936 18.1796103288466 2 1 0 
0 380 4 7 0.410394265232975 0.445161290322581 5.97075438387657 2 -1 0 
1 390 6.4 8 0.449116743471582 0.52258064516129 6.30246969678273 2 1 0 
0 390 4 7 0.386088709677419 0.511290322580645 11.8486141131646 2 -1 0 
1 400 6.4 9 0.445276497695852 0.52741935483871 2.86896394994011 2 2 0 
0 400 4 7 0.386290322580645 0.524193548387097 23.9731136146897 2 -2 0 
1 410 6.4 9 0.545698924731183 0.473387096774194 8.90738990821964 2 2 0 
0 410 4 7 0.415898617511521 0.51008064516129 22.2189189917956 2 -2 0 
1 420 6.4 9 0.41888045540797 0.52258064516129 10.2147900848292 2 2 0 
0 420 4 7 0.403729838709677 0.383064516129032 40.7190855921122 2 -2 0 
1 430 6.4 9 0.39602534562212 0.563709677419355 18.3624408442498 2 1 0 
0 430 4 8 0.401091081593928 0.418010752688172 25.1111111111111 2 -1 0 
1 440 6.4 9 0.509274193548387 0.479032258064516 11.1806901540642 2 1 0 
0 440 4 8 0.44247311827957 0.223118279569892 32.7092201503314 2 -1 0 
1 450 6.4 10 0.397952853598015 0.441935483870968 18.3156747154231 2 2 0 
0 450 4 8 0.414818548387097 0.383064516129032 31.5205071604539 2 -2 0 
1 460 6.4 10 0.383995037220844 0.456451612903226 6.75523284128644 2 2 0 
0 460 4 8 0.430491551459293 0.395161290322581 30.4353002477642 2 -2 0 
1 470 6.4 10 0.448084677419355 0.444354838709677 4.41346025962539 2 2 0 
0 470 4 8 0.499807987711213 0.390322580645161 31.5167913448079 2 -2 0 
1 480 6.4 10 0.413530465949821 0.485483870967742 4.56811340497796 2 2 0 
0 480 4 8 0.444775596072931 0.429838709677419 33.2442149141861 2 -2 0 
1 490 6.4 10 0.390264976958525 0.487903225806452 6.69744698475849 2 2 0 
0 490 4 8 0.394086021505376 0.458064516129032 36.0322345082189 2 -2 0 
1 500 6.4 10 0.469354838709677 0.496774193548387 8.36253961247952 2 2 0 
0 500 4 8 0.488269794721408 0.433064516129032 34.0444037098036 2 -2 0 
1 510 6.4 10 0.435908319185059 0.508064516129032 8.96414293329825 2 1 0 
0 510 4 9 0.440524193548387 0.442741935483871 33.0519680313555 2 -1 0 
1 520 6.4 11 0.449884792626728 0.535483870967742 13.6269885145908 2 2 0 
0 520 4 9 0.427785923753666 0.430645161290323 31.0824732150172 2 -2 0 
1 530 6.4 11 0.54758064516129 0.566129032258065 10.0382794171339 2 2 0 
0 530 4 9 0.536962365591398 0.412096774193548 45.834011594561 2 -2 0 
1 540 6.4 11 0.463133640552995 0.533870967741936 24.9321973742662 2 2 0 
0 540 4 9 0.378024193548387 0.401612903225806 42.1448120949017 2 -2 0 
1 550 6.4 11 0.433179723502304 0.528225806451613 26.5104468886822 2 2 0 
0 550 4 9 0.369758064516129 0.408064516129032 39.0015598678993 2 -2 0 
1 560 6.4 11 0.546706989247312 0.551612903225806 39.5167637040985 2 1 0 
0 560 4 10 0.430351906158358 0.395967741935484 40.7204429532298 2 -1 0 
1 570 6.4 12 0.425521821631879 0.582258064516129 41.3228033575875 2 2 0 
0 570 4 10 0.38780834914611 0.377016129032258 38.8885353988198 2 -2 0 
1 580 6.4 12 0.399769585253456 0.537096774193548 36.2752070418236 2 2 0 
0 580 4 10 0.409498207885305 0.368951612903226 23.2671927263143 2 -2 0 
1 590 6.4 12 0.550115207373272 0.417741935483871 30.6720408844426 2 2 0 
0 590 4 10 0.484447004608295 0.388709677419355 25.519356616506 2 -2 0 
1 600 6.4 12 0.481544665012407 0.459677419354839 19.6848417485818 2 2 0 
0 600 4 10 0.32807917888563 0.413709677419355 17.4963353582459 2 -2 0 
1 610 6.4 12 0.399769585253456 0.503225806451613 6.04823959131409 2 2 0 
0 610 4 10 0.350073313782991 0.46236559139785 3.87267727131795 2 -2 0 
1 620 6.4 12 0.575604838709677 0.496774193548387 7.28284700817489 2 2 0 
0 620 4 10 0.338133640552995 0.463709677419355 0 2 -2 0 
1 630 6.4 12 0.491338112305854 0.517741935483871 2.2135699570383 2 2 0 
0 630 4 10 0.323924731182796 0.274193548387097 36.2801598673435 2 -2 0 
1 640 6.4 12 0.425403225806452 0.491129032258064 4.71038977266649 2 2 0 
0 640 4 10 0.397849462365591 0.241935483870968 20.7397927148835 2 -2 0 
1 650 6.4 13 0.618663594470046 0.488709677419355 6.03672968063081 2 3 0 
0 650 4 10 0.397849462365591 0.280241935483871 29.7486899275499 2 -3 0 
1 660 6.4 13 0.497080088987764 0.490322580645161 6.67358727036786 2 2 0 
0 660 4 11 0.388248847926267 0.362903225806452 20.0813717308379 2 -2 0 
1 670 6.4 13 0.414566532258065 0.506451612903226 5.3105853930809 2 2 0 
0 670 4 11 0.401344086021505 0.401612903225806 14.658356253684 2 -2 0 
1 680 6.4 13 0.559727822580645 0.554032258064516 19.2981904542832 2 2 0 
0 680 4 11 0.435215053763441 0.391129032258065 21.4471804955904 2 -2 0 
1 690 6.4 14 0.490759408602151 0.620161290322581 24.6209104251475 2 3 0 
0 690 4 11 0.351382488479263 0.300806451612903 25.2472890735646 2 -3 0 
1 700 6.4 14 0.43050284629981 0.665322580645161 13.7948682190735 2 3 0 
0 700 4 11 0.395161290322581 0.289516129032258 20.7851004795139 2 -3 0 
1 710 6.4 14 0.568836405529954 0.708870967741935 5.86146631908372 2 3 0 
0 710 4 11 0.368951612903226 0.29758064516129 23.3274009157754 2 -3 0 
1 720 6.4 14 0.477089442815249 0.712903225806452 5.60945409037105 2 3 0 
0 720 4 11 0.375268817204301 0.291935483870968 15.1982379362534 2 -3 0 
1 730 6.4 15 0.467965949820788 0.743548387096774 7.2183203384896 2 4 1 
0 730 4 11 0.423387096774194 0.256048387096774 13.666663815645 1 -4 -1 
1 740 6.4 15 0.610531309297913 0.695967741935484 6.20552167154947 2 4 1 
0 740 4 11 0.489112903225806 0.297379032258065 10.1304666464812 1 -4 -1 
1 750 6.4 15 0.516312316715543 0.698387096774194 7.61433661273348 2 4 1 
0 750 4 11 0.448444700460829 0.234879032258065 12.0089468503718 1 -4 -1 
1 760 6.4 15 0.49758064516129 0.675806451612903 26.5052251289929 2 3 1 
0 760 4 12 0.454637096774194 0.191129032258065 14.5280660974557 1 -3 -1 
1 770 6.4 15 0.550403225806452 0.561491935483871 32.1598270833097 2 3 1 
0 770 4 12 0.532594086021505 0.260483870967742 7.23211725990785 1 -3 -1 
1 780 6.4 15 0.46505376344086 0.496975806451613 46.2499793642993 2 2 1 
0 780 4 13 0.412950664136622 0.335483870967742 5.81628781035938 1 -2 -1 
1 790 6.4 15 0.404301075268817 0.469758064516129 44.8209404828926 2 2 1 
0 790 4 13 0.404485887096774 0.421774193548387 15.7055572142572 1 -2 -1 
1 800 6.4 15 0.544892473118279 0.532258064516129 40.9998623310081 2 2 1 
0 800 4 13 0.47926267281106 0.479838709677419 5.11502921841854 1 -2 -1 
1 810 6.4 15 0.447748655913978 0.403225806451613 35.7541406042212 2 2 1 
0 810 4 13 0.381048387096774 0.529838709677419 7.27258491594137 1 -2 -1 
1 820 6.4 16 0.383064516129032 0.367943548387097 26.4330888365167 2 3 1 
0 820 4 13 0.391397849462366 0.526612903225806 3.83660292027529 1 -3 -1 
1 830 6.4 16 0.604838709677419 0.425403225806452 8.52940546328488 2 3 1 
0 830 4 13 0.391129032258065 0.539516129032258 4.11045407860239 1 -3 -1 
1 840 6.4 16 0.456605222734255 0.375806451612903 26.3303019039556 2 3 1 
0 840 4 13 0.402217741935484 0.529838709677419 7.14138265527561 1 -3 -1 
1 850 6.4 16 0.383064516129032 0.436290322580645 16.3181923881115 2 2 1 
0 850 4 14 0.376728110599078 0.418548387096774 14.3211733941301 1 -2 -1 
1 860 6.4 16 0.54147465437788 0.474193548387097 17.4379679592209 2 2 1 
0 860 4 14 0.395609318996416 0.373387096774194 3.78054328420277 1 -2 -1 
1 870 6.4 16 0.488709677419355 0.40241935483871 4.10330918497418 2 2 1 
0 870 4 14 0.374193548387097 0.356451612903226 18.9446686384164 1 -2 -1 
1 880 6.4 16 0.465927419354839 0.424193548387097 6.27195990446404 2 2 1 
0 880 4 14 0.455933179723502 0.412903225806452 19.8005051056782 1 -2 -1 
1 890 6.4 16 0.600332068311195 0.434677419354839 6.43591441621203 2 2 1 
0 890 4 14 0.506720430107527 0.445161290322581 8.16748745388876 1 -2 -1 
1 900 6.4 16 0.507258064516129 0.475 10.9286118828417 2 2 1 
0 900 4 14 0.408986175115207 0.426612903225806 5.23280236499353 1 -2 -1 
1 910 6.4 16 0.408602150537634 0.504838709677419 10.3918014164823 2 2 1 
0 910 4 14 0.395161290322581 0.40625 12.7608169051373 1 -2 -1 
1 920 6.4 16 0.56221198156682 0.557459677419355 7.89205397542024 2 2 1 
0 920 4 14 0.5 0.403225806451613 4.19654691461328 1 -2 -1 
1 930 6.4 17 0.469662058371736 0.59375 5.76896171667568 2 3 1 
0 930 4 14 0.375237191650854 0.403225806451613 13.6673945565703 1 -3 -1 
1 940 6.4 17 0.504800307219662 0.553763440860215 4.27522579281842 2 2 1 
0 940 4 15 0.395161290322581 0.463709677419355 13.5404231675082 1 -2 -1 
1 950 6.4 17 0.618855606758833 0.491935483870968 8.32165848854662 2 2 1 
0 950 4 15 0.495967741935484 0.471774193548387 0 1 -2 -1 
1 960 6.4 17 0.477822580645161 0.431451612903226 7.81024967590665 2 2 1 
0 960 4 15 0.34181141439206 0.276881720430108 36.9179586970676 1 -2 -1 
1 970 6.4 17 0.486676016830295 0.40994623655914 44.0508112153152 2 2 1 
0 970 4 15 0.395161290322581 0.282258064516129 18.0243836839119 1 -2 -1 
1 980 6.4 17 0.580407969639469 0.435483870967742 25.0070718438204 2 2 1 
0 980 4 15 0.489055299539171 0.388440860215054 7.09951707396911 1 -2 -1 
1 990 6.4 17 0.478360215053763 0.40625 34.4394129102386 2 2 1 
0 990 4 15 0.305645161290323 0.440860215053763 4.04614491184078 1 -2 -1 
1 1000 6.4 17 0.496831797235023 0.434677419354839 36.721495251548 2 2 1 
0 1000 4 15 0.395161290322581 0.359677419354839 23.4032680328083 1 -2 -1 
1 1010 6.4 17 0.628024193548387 0.472782258064516 30.7301183710385 2 1 1 
0 1010 4 16 0.405241935483871 0.378225806451613 6.56127196434074 1 -1 -1 
1 1020 6.4 17 0.545309847198642 0.488911290322581 11.4488098961839 2 1 1 
0 1020 4 16 0.299395161290323 0.488709677419355 11.806824659072 1 -1 -1 
1 1030 6.4 17 0.514423076923077 0.416666666666667 6.78930567478492 2 1 1 
0 1030 4 16 NaN 0.530645161290323 8.18065793147551 1 -1 -1 
1 1040 6.4 18 0.631136044880785 0.446236559139785 2.47139326460885 2 2 1 
0 1040 4 16 NaN 0.537298387096774 10.504477001207 1 -2 -1 
1 1050 6.4 18 0.50731780167264 0.438172043010753 5.44799507877364 2 2 1 
0 1050 4 16 0.30058651026393 0.433467741935484 27.5408787078408 1 -2 -1 
1 1060 6.4 18 0.504733520336606 0.388104838709677 27.764731851076 2 2 1 
0 1060 4 16 NaN 0.401209677419355 34.5144897108446 1 -2 -1 
1 1070 6.4 18 0.647089761570828 0.567540322580645 7.08148961149577 2 2 1 
0 1070 4 16 NaN 0.290322580645161 0 1 -2 -1 
1 1080 6.4 19 0.658826164874552 0.669354838709677 16.9841758960466 2 2 2 
0 1080 4 17 0.268548387096774 0.1875 15.7003184681076 0 -2 -2 
1 1090 6.4 19 0.757488479262673 0.65 26.2011354398245 2 2 2 
0 1090 4 17 NaN 0.19758064516129 3 0 -2 -2 
1 1100 6.4 19 0.757488479262673 0.707258064516129 31.7305836465503 2 2 2 
0 1100 4 17 NaN 0.19758064516129 7.64760944750723 0 -2 -2 
