1 30 4.4 1 NaN 0.233064516129032 6.81065981069764 3 0 0 
0 30 4 1 NaN 0.269354838709677 26.9231096774433 3 0 0 
1 40 4.4 1 NaN 0.175806451612903 12.694322220855 3 0 0 
0 40 4 1 NaN 0.312096774193548 30.5284900465389 3 0 0 
1 50 4.4 1 0.379032258064516 0.310483870967742 20.5979137693605 3 0 0 
0 50 4 1 0.379032258064516 0.389516129032258 41.4192132678793 3 0 0 
1 60 4.4 1 0.375 0.412096774193548 30.8553940599789 3 0 0 
0 60 4 1 0.375948766603416 0.496774193548387 43.8790284101488 3 0 0 
1 70 4.4 1 0.401411290322581 0.473387096774194 34.5716395002064 3 0 0 
0 70 4 1 0.394556451612903 0.500806451612903 36.0582584843755 3 0 0 
1 80 4.4 1 0.47926267281106 0.481451612903226 34.8597710904781 3 0 0 
0 80 4 1 0.44179523141655 0.494354838709677 33.4930095402163 3 0 0 
1 90 4.4 1 0.396505376344086 0.483870967741936 35.2188245238469 3 0 0 
0 90 4 1 0.434788654060067 0.483870967741936 44.116330458847 3 0 0 
1 100 4.4 2 0.3875 0.460483870967742 36.5587442103321 3 1 0 
0 100 4 1 0.454404466501241 0.418346774193548 49.7968974417001 3 -1 0 
1 110 4.4 2 0.441222084367246 0.467741935483871 27.80478602189 3 0 0 
0 110 4 2 0.470430107526882 0.414314516129032 46.1697609020581 3 0 0 
1 120 4.4 2 0.391969086021505 0.533602150537634 23.1724184594759 3 0 0 
0 120 4 2 0.432692307692308 0.433064516129032 40.6257363082439 3 0 0 
1 130 4.4 2 0.428997194950912 0.380040322580645 40.4713983646404 3 -1 0 
0 130 4 3 0.418478260869565 0.47741935483871 25.6830427838048 3 1 0 
1 140 4.4 3 0.460215053763441 0.400806451612903 32.1821750400181 3 0 0 
0 140 4 3 0.479838709677419 0.478225806451613 26.9808516327021 3 0 0 
1 150 4.4 3 0.377565982404692 0.442741935483871 34.2350492094874 3 0 0 
0 150 4 3 0.421202956989247 0.5 26.4028590205958 3 0 0 
1 160 4.4 3 0.374596774193548 0.477822580645161 30.9867405478535 3 -1 0 
0 160 4 4 0.408134642356241 0.496774193548387 27.6299983967559 3 1 0 
1 170 4.4 3 0.450201612903226 0.470766129032258 34.2003318862403 3 -1 0 
0 170 4 4 0.474078341013825 0.498387096774194 28.5981181699619 3 1 0 
1 180 4.4 4 0.375 0.428225806451613 42.8604692288817 3 0 0 
0 180 4 4 0.456429211469534 0.492943548387097 21.5282742134591 3 0 0 
1 190 4.4 4 0.380443548387097 0.444354838709677 37.6313520739027 3 -1 0 
0 190 4 5 0.428091397849462 0.487903225806452 16.584506882535 3 1 0 
1 200 4.4 4 0.444556451612903 0.456451612903226 37.6195447235503 3 -1 0 
0 200 4 5 0.482974910394265 0.433064516129032 30.0533215352015 3 1 0 
1 210 4.4 5 0.408122119815668 0.477822580645161 48.2867428973233 3 0 0 
0 210 4 5 0.432306940371457 0.441532258064516 26.201323450044 3 0 0 
1 220 4.4 5 0.434510567296997 0.462701612903226 44.2776700658294 3 0 0 
0 220 4 5 0.448217317487267 0.479838709677419 26.4700169625462 3 0 0 
1 230 4.4 5 0.473790322580645 0.4 47.272241597273 3 -1 0 
0 230 4 6 0.471102150537634 0.420161290322581 40.6919585607142 3 1 0 
1 240 4.4 6 0.413306451612903 0.414516129032258 47.0446477107358 3 0 0 
0 240 4 6 0.429630593132154 0.390322580645161 42.1556259534133 3 0 0 
1 250 4.4 6 0.440020161290323 0.466129032258065 39.3046286968956 3 0 0 
0 250 4 6 0.416666666666667 0.42741935483871 40.0453459293328 3 0 0 
1 260 4.4 6 0.488523573200993 0.487903225806452 32.7628749827687 3 0 0 
0 260 4 6 0.469439728353141 0.457258064516129 34.6168978950219 3 0 0 
1 270 4.4 6 0.411827956989247 0.475806451612903 33.480526932318 3 0 0 
0 270 4 6 0.399044205495818 0.50241935483871 25.9114916542946 3 0 0 
1 280 4.4 6 0.421283309957924 0.462096774193548 33.6166680331139 3 -1 0 
0 280 4 7 0.396841397849462 0.479032258064516 25.4233141565315 3 1 0 
1 290 4.4 7 0.465570719602978 0.466935483870968 18.810015961445 3 0 0 
0 290 4 7 0.454789833822092 0.483870967741936 23.866744405515 3 0 0 
1 300 4.4 7 0.403393817204301 0.501344086021505 22.1364089256524 3 0 0 
0 300 4 7 0.422287390029325 0.45 14.3739581817674 3 0 0 
1 310 4.4 7 0.395545314900154 0.46236559139785 20.3324574376556 3 -1 0 
0 310 4 8 0.500168010752688 0.506451612903226 11.3716345214459 3 1 0 
1 320 4.4 7 0.445228494623656 0.230846774193548 28.5589493797507 3 -1 0 
0 320 4 8 0.493496357960458 0.515322580645161 36.3754689520328 3 1 0 
1 330 4.4 7 0.402217741935484 0.186491935483871 8.40057157917672 3 -1 0 
0 330 4 8 0.468002081165453 0.560483870967742 38.8763386989083 3 1 0 
1 340 4.4 8 0.395161290322581 0.327620967741936 24.4443279301735 3 0 0 
0 340 4 8 0.476858345021038 0.550403225806452 43.8234221116759 3 0 0 
1 350 4.4 8 0.420866935483871 0.430443548387097 34.2316833700238 3 -1 0 
0 350 4 9 0.518433179723502 0.523185483870968 41.4761923976778 3 1 0 
1 360 4.4 8 0.385560675883257 0.382258064516129 50.5206013677935 3 -1 0 
0 360 4 9 0.455510752688172 0.444556451612903 47.2645921482711 3 1 0 
1 370 4.4 8 0.387903225806452 0.418548387096774 56.3345103764059 3 -1 0 
0 370 4 9 0.413018433179723 0.423387096774194 30.4590993735016 3 1 0 
1 380 4.4 9 0.454354838709677 0.426612903225806 40.5047889867731 3 0 0 
0 380 4 9 0.47746679316888 0.448387096774194 9.99755388955084 3 0 0 
1 390 4.4 9 0.419975186104218 0.475806451612903 7.0707130273379 3 0 0 
0 390 4 9 0.432795698924731 0.505645161290323 3.61652826677102 3 0 0 
1 400 4.4 9 0.394354838709677 0.451612903225806 0 3 -1 0 
0 400 4 10 0.42467008797654 0.499193548387097 10.7524320294033 3 1 0 
1 410 4.4 9 0.446824596774194 0.268145161290323 47.9817673705336 3 -1 0 
0 410 4 10 0.486205432937182 0.512903225806452 20.9329760446641 3 1 0 
1 420 4.4 9 0.443660394265233 0.203225806451613 32.6297313654868 3 -1 0 
0 420 4 10 0.432842046718576 0.50241935483871 36.4837865440617 3 1 0 
1 430 4.4 9 0.452840112201964 0.266129032258065 29.4080005558783 3 -1 0 
0 430 4 10 0.443548387096774 0.514516129032258 44.0519041860396 3 1 0 
1 440 4.4 10 0.458274894810659 0.379838709677419 23.8416024777724 3 -1 0 
0 440 4 11 0.470161290322581 0.484677419354839 36.6377477548767 3 1 0 
1 450 4.4 10 0.425259216589862 0.474193548387097 15.1687241692467 3 -1 0 
0 450 4 11 0.432795698924731 0.481451612903226 23.9331618698266 3 1 0 
1 460 4.4 10 0.411693548387097 0.45 6.90475120534096 3 -1 0 
0 460 4 11 0.430875576036866 0.499193548387097 22.9989981229505 3 1 0 
1 470 4.4 10 0.451344086021505 0.519354838709677 12.410246298629 3 -1 0 
0 470 4 11 0.491743471582181 0.448588709677419 17.3427615312728 3 1 0 
1 480 4.4 11 0.379948680351906 0.547379032258065 16.7129384296783 3 0 0 
0 480 4 11 0.417028535980149 0.493279569892473 18.8079646802739 3 0 0 
1 490 4.4 11 0.385176651305684 0.528225806451613 16.8426879923113 3 0 0 
0 490 4 11 0.425403225806452 0.456989247311828 11.7914244281898 3 0 0 
1 500 4.4 11 0.466129032258065 0.395161290322581 27.5200513205533 3 0 0 
0 500 4 11 0.483870967741936 0.310483870967742 51.8555686498567 3 0 0 
1 510 4.4 11 0.403763440860215 0.404838709677419 26.101989957864 3 -1 0 
0 510 4 12 0.472507331378299 0.31989247311828 42.427022701249 3 1 0 
1 520 4.4 11 0.375 0.440322580645161 27.4422644648738 3 -1 0 
0 520 4 12 0.437013348164627 0.358870967741936 37.00944851688 3 1 0 
1 530 4.4 12 0.419959677419355 0.479032258064516 40.9074553946626 3 0 0 
0 530 4 12 0.464516129032258 0.397177419354839 43.9844254106475 3 0 0 
1 540 4.4 12 0.414650537634409 0.492741935483871 42.9238388596838 3 0 0 
0 540 4 12 0.452534562211982 0.437903225806452 20.1945194319899 3 0 0 
1 550 4.4 12 0.415154569892473 0.393145161290323 58.30170302059 3 0 0 
0 550 4 12 0.406158357771261 0.462096774193548 5.75313135712945 3 0 0 
1 560 4.4 12 0.459677419354839 0.292338709677419 42.6438741204408 3 -1 0 
0 560 4 13 0.449308755760369 0.515322580645161 4.44135637647666 3 1 0 
1 570 4.4 12 0.46060794044665 0.401209677419355 30.5655034311559 3 -1 0 
0 570 4 13 0.460151802656547 0.515322580645161 14.0984847163396 3 1 0 
1 580 4.4 12 0.438092979127135 0.348118279569892 32.851888611464 3 -1 0 
0 580 4 13 0.499059139784946 0.491935483870968 25.8704407967487 3 1 0 
1 590 4.4 12 0.424731182795699 0.279032258064516 32.2519854404773 3 -2 0 
0 590 4 14 0.525 0.445967741935484 22.5843915094365 3 2 0 
1 600 4.4 13 0.367461430575035 0.330645161290323 32.0942213688394 3 -1 0 
0 600 4 14 0.489181746656176 0.52741935483871 22.1960282021019 3 1 0 
1 610 4.4 13 0.390456989247312 0.362903225806452 35.4625539854713 3 -1 0 
0 610 4 14 0.468709677419355 0.520161290322581 29.9938951187758 3 1 0 
1 620 4.4 13 0.418906810035842 0.379032258064516 34.3108159496239 3 -1 0 
0 620 4 14 0.519466073414905 0.575604838709677 33.5042281646157 3 1 0 
1 630 4.4 13 0.394585253456221 0.433064516129032 32.6258790334374 3 -1 0 
0 630 4 14 0.479166666666667 0.533266129032258 25.2822009851519 3 1 0 
1 640 4.4 13 0.372379032258065 0.445161290322581 19.2434340424372 3 -1 0 
0 640 4 14 0.476478494623656 0.517137096774194 23.9214946583789 3 1 0 
1 650 4.4 13 0.389112903225806 0.423387096774194 15.4833794038636 3 -1 0 
0 650 4 14 0.541383701188455 0.538306451612903 11.2369851767821 3 1 0 
1 660 4.4 14 0.406048387096774 0.445161290322581 13.3575915867733 3 0 0 
0 660 4 14 0.475230414746544 0.481451612903226 19.7929924214345 3 0 0 
1 670 4.4 14 0.403225806451613 0.419354838709677 6.76759737269779 3 0 0 
0 670 4 14 0.43936678614098 0.469086021505376 12.3149139574853 3 0 0 
1 680 4.4 14 0.440356182795699 0.42258064516129 11.3035616492864 3 0 0 
0 680 4 14 0.517190152801358 0.477150537634409 14.6282478965262 3 0 0 
1 690 4.4 14 0.43239247311828 0.391129032258065 30.454825501652 3 -1 0 
0 690 4 15 0.468841642228739 0.412634408602151 17.0265801178052 3 1 0 
1 700 4.4 15 0.433602150537634 0.435483870967742 33.5552265253335 3 0 0 
0 700 4 15 0.46505376344086 0.40625 27.7855638995815 3 0 0 
1 710 4.4 15 0.49266862170088 0.520161290322581 23.472233785338 3 0 0 
0 710 4 15 0.604838709677419 0.283064516129032 31.6763878607869 3 0 0 
1 720 4.4 15 0.362353372434018 0.523387096774194 13.7925210396643 3 0 0 
0 720 4 15 0.508755760368664 0.37258064516129 11.4745906552605 3 0 0 
1 730 4.4 15 0.38151364764268 0.424193548387097 22.6089650388407 3 0 0 
0 730 4 15 0.488047235023041 0.460685483870968 10.6591933120071 3 0 0 
1 740 4.4 15 0.46831797235023 0.400201612903226 18.7119859194897 3 -1 0 
0 740 4 16 0.549227150537634 0.514784946236559 5.11803462037109 3 1 0 
1 750 4.4 16 0.329301075268817 0.472782258064516 19.931467819046 3 0 0 
0 750 4 16 0.466532258064516 0.526209677419355 2.12132034355964 3 0 0 
1 760 4.4 16 0.377464157706093 0.466397849462366 24.3673010623002 3 0 0 
0 760 4 16 0.454254727474972 0.493951612903226 6.57647321898295 3 0 0 
1 770 4.4 16 0.411053130929791 0.452956989247312 19.3037732845049 3 0 0 
0 770 4 16 0.568346774193548 0.407258064516129 34.8014911873412 3 0 0 
1 780 4.4 16 0.346407624633431 0.410282258064516 38.3074982038679 3 0 0 
0 780 4 16 0.483147229114971 0.366935483870968 32.5749900451384 3 0 0 
1 790 4.4 17 0.371204933586338 0.325604838709677 36.3909475972901 3 1 0 
0 790 4 16 0.468108504398827 0.363709677419355 30.1017593022068 3 -1 0 
1 800 4.4 17 0.460626185958254 0.293548387096774 37.2216199735051 3 1 0 
0 800 4 16 0.57258064516129 0.439516129032258 28.568398306566 3 -1 0 
1 810 4.4 17 0.338911290322581 0.35 29.367519817965 3 1 0 
0 810 4 16 0.493589743589744 0.48991935483871 15.0430012803437 3 -1 0 
1 820 4.4 17 0.397770398481973 0.442741935483871 12.1348526613199 3 1 0 
0 820 4 16 0.485383064516129 0.5 1.5 3 -1 0 
1 830 4.4 18 0.476702508960573 0.511290322580645 6.94785264483968 3 2 0 
0 830 4 16 0.606129032258064 0.463709677419355 3.60555127546399 3 -2 0 
1 840 4.4 18 0.404989919354839 0.479838709677419 11.9838401396548 3 1 0 
0 840 4 17 0.476612903225806 0.504032258064516 11.6619037896906 3 -1 0 
1 850 4.4 18 0.425403225806452 0.454032258064516 24.3300809618835 3 1 0 
0 850 4 17 0.491101223581758 0.370967741935484 0 3 -1 0 
1 860 4.4 18 0.466157834101383 0.44758064516129 37.1068858269717 3 1 0 
0 860 4 17 0.540524193548387 0.221774193548387 21.3549535248195 3 -1 0 
1 870 4.4 18 0.45307917888563 0.464516129032258 32.8121625268663 3 1 0 
0 870 4 17 0.424107142857143 0.297379032258065 13.1106105266263 3 -1 0 
1 880 4.4 18 0.418804985337243 0.488911290322581 14.8198335897702 3 1 0 
0 880 4 17 0.447132616487455 0.376008064516129 16.8756719744516 3 -1 0 
1 890 4.4 18 0.439964157706093 0.475806451612903 22.035235695316 3 1 0 
0 890 4 17 0.505738213399504 0.40625 9.09997907771498 3 -1 0 
1 900 4.4 18 0.363614800759013 0.467741935483871 20.9522062034274 3 1 0 
0 900 4 17 0.454584040747029 0.420161290322581 32.2165843619573 3 -1 0 
1 910 4.4 19 0.362026647966339 0.479032258064516 9.93226016151308 3 2 0 
0 910 4 17 0.459245391705069 0.41633064516129 29.3353160202512 3 -2 0 
1 920 4.4 19 0.396001344086022 0.420161290322581 6.20351029064201 3 1 0 
0 920 4 18 0.517281105990783 0.4375 25.3698455003176 3 -1 0 
1 930 4.4 19 0.368709677419355 0.288709677419355 10.2445567765086 3 1 0 
0 930 4 18 0.498502304147465 0.527217741935484 28.2641469221051 3 -1 0 
1 940 4.4 19 0.38010752688172 0.240322580645161 3.34604470218912 3 1 0 
0 940 4 18 0.485253456221198 0.579637096774194 30.299380354305 3 -1 0 
1 950 4.4 19 0.38508064516129 0.256451612903226 26.7031765316983 3 1 0 
0 950 4 18 0.543010752688172 0.549731182795699 5.89096696814878 3 -1 0 
1 960 4.4 19 0.349462365591398 0.284677419354839 26.6148741755308 3 1 0 
0 960 4 18 0.542198049512378 0.506048387096774 18.8042100885437 3 -1 0 
1 970 4.4 20 0.356182795698925 0.337096774193548 23.1793864218306 3 2 0 
0 970 4 18 0.503705318221447 0.5 17.027262911534 3 -2 0 
1 980 4.4 20 0.419758064516129 0.450806451612903 6.81122242241214 3 2 0 
0 980 4 18 0.576164874551971 0.529233870967742 9.64572013851449 3 -2 0 
1 990 4.4 20 0.331854838709677 0.495967741935484 5.7407990629865 3 1 0 
0 990 4 19 0.509805718475073 0.504032258064516 0 3 -1 0 
1 1000 4.4 20 0.357862903225806 0.537096774193548 8.54591573394391 3 1 0 
0 1000 4 19 0.453494623655914 NaN NaN 3 -1 0 
1 1010 4.4 20 0.407258064516129 0.495161290322581 23.7804021094616 3 1 0 
0 1010 4 19 0.585685483870968 0.165322580645161 0 3 -1 0 
1 1020 4.4 21 0.365591397849462 0.519354838709677 51.8261116007566 3 2 0 
0 1020 4 19 0.502736175115207 0.318548387096774 0 3 -2 0 
1 1030 4.4 21 0.381136044880785 0.54758064516129 48.1265444256391 3 2 0 
0 1030 4 19 0.50366568914956 0.294354838709677 0 3 -2 0 
1 1040 4.4 21 0.477534562211982 0.553225806451613 43.8919614948532 3 2 0 
0 1040 4 19 0.426344086021505 0.314516129032258 0 3 -2 0 
1 1050 4.4 21 0.523159636062862 0.603225806451613 34.8192322954395 3 2 0 
0 1050 4 19 0.409592529711375 0.256048387096774 21.5058131676066 3 -2 0 
1 1060 4.4 21 0.540070564516129 0.625 29.9331641760821 3 2 0 
0 1060 4 19 0.419802867383513 0.258064516129032 19.4828781833393 3 -2 0 
1 1070 4.4 21 0.558165322580645 0.645161290322581 10.6623795282179 3 2 1 
0 1070 4 19 0.392338709677419 0.283870967741935 7.16586856033758 2 -2 -1 
1 1080 4.4 21 0.52315668202765 0.644354838709677 7.54656746221463 3 2 1 
0 1080 4 19 0.30668880455408 0.275 5.38962085862586 2 -2 -1 
1 1090 4.4 21 0.469677419354839 0.603225806451613 5.04561659071388 3 2 1 
0 1090 4 19 0.364415322580645 0.328225806451613 13.3903267246798 2 -2 -1 
1 1100 4.4 21 0.427217741935484 0.526612903225806 4.81459541470153 3 1 1 
0 1100 4 20 0.377382697947214 0.410282258064516 10.6784849731623 2 -1 -1 
1 1110 4.4 21 0.462231182795699 0.587903225806452 4.64811389447862 3 1 1 
0 1110 4 20 0.383316532258065 0.383064516129032 3.73786397729356 2 -1 -1 
1 1120 4.4 22 0.444758064516129 0.67258064516129 4.3078744220045 3 2 1 
0 1120 4 20 0.391840607210626 0.259408602150538 8.49610923016415 2 -2 -1 
1 1130 4.4 22 0.527492668621701 0.709677419354839 3.58459482873145 3 2 2 
0 1130 4 20 0.399193548387097 0.245967741935484 4.05099791425562 1 -2 -2 
1 1140 4.4 22 0.492630700778643 0.617741935483871 11.5750273320428 3 2 2 
0 1140 4 20 0.419354838709677 0.290322580645161 6.00168084524598 1 -2 -2 
1 1150 4.4 22 0.379838709677419 0.475 28.6057718404868 3 2 2 
0 1150 4 20 0.466845878136201 0.405913978494624 7.43001642858834 1 -2 -2 
1 1160 4.4 22 0.507215619694397 0.464717741935484 41.1122100001519 3 2 2 
0 1160 4 20 0.516612903225806 0.504032258064516 5.10125488542556 1 -2 -2 
1 1170 4.4 22 0.483534946236559 0.515120967741936 39.0809768122066 3 2 2 
0 1170 4 20 0.478353140916808 0.333064516129032 39.4880672177783 1 -2 -2 
1 1180 4.4 22 0.519611436950147 0.505040322580645 39.7357909278359 3 2 2 
0 1180 4 20 0.528513824884793 0.404838709677419 18.5785960926775 1 -2 -2 
1 1190 4.4 22 0.577956989247312 0.445564516129032 34.0644973566645 3 2 3 
0 1190 4 20 0.626584101382488 0.511290322580645 8.74249119528076 0 -2 -3 
1 1200 4.4 22 0.514385353095031 0.47883064516129 36.3348869939335 3 2 3 
0 1200 4 20 0.567006641366224 0.513709677419355 4.82575843272975 0 -2 -3 
1 1210 4.4 22 0.506048387096774 0.413306451612903 19.2811288141233 3 1 3 
0 1210 4 21 0.600111234705228 0.47883064516129 12.8803666429287 0 -1 -3 
1 1220 4.4 22 0.59360599078341 0.308064516129032 35.1295264292094 3 1 3 
0 1220 4 21 0.690601736972705 0.382056451612903 22.5818549240296 0 -1 -3 
1 1230 4.4 23 0.415725806451613 0.340322580645161 27.4521009766786 3 2 3 
0 1230 4 21 0.457596253902185 0.324596774193548 15.8840997454128 0 -2 -3 
1 1240 4.4 23 0.405791788856305 0.258064516129032 31.965442044594 3 2 3 
0 1240 4 21 0.460203366058906 0.36491935483871 19.3276015884763 0 -2 -3 
1 1250 4.4 23 0.400434243176179 0.40241935483871 23.5123422708672 3 2 3 
0 1250 4 21 0.523185483870968 0.441532258064516 21.9261507532003 0 -2 -3 
1 1260 4.4 23 0.44106699751861 0.475806451612903 8.65411254733795 3 2 3 
0 1260 4 21 0.437034739454094 0.458333333333333 4.80643487910117 0 -2 -3 
1 1270 4.4 23 0.432027649769585 0.554032258064516 6.04196876353697 3 2 3 
0 1270 4 21 0.393397177419355 0.399193548387097 2.69474412552447 0 -2 -3 
1 1280 4.4 23 0.523283038501561 0.560483870967742 9.57736882897271 3 2 3 
0 1280 4 21 0.398387096774194 0.254032258064516 16.0203729408037 0 -2 -3 
1 1290 4.4 23 0.482651912978245 0.519354838709677 4.32390326563034 3 2 3 
0 1290 4 21 0.372865275142315 0.301411290322581 13.1078627037083 0 -2 -3 
1 1300 4.4 23 0.499089490114464 0.508064516129032 7.80979170973524 3 2 3 
0 1300 4 21 0.37589605734767 0.348790322580645 11.4330438255289 0 -2 -3 
1 1310 4.4 23 0.616431451612903 0.524193548387097 19.9334190025675 3 2 3 
0 1310 4 21 0.433179723502304 0.330645161290323 17.3572215947408 0 -2 -3 
1 1320 4.4 23 0.51707779886148 0.550403225806452 22.6550215184184 3 2 3 
0 1320 4 21 0.327188940092166 0.273387096774194 28.8846186797331 0 -2 -3 
1 1330 4.4 23 0.532978110599078 0.535483870967742 21.5698605145363 3 2 3 
0 1330 4 21 0.439149560117302 0.266935483870968 13.7995786733023 0 -2 -3 
1 1340 4.4 23 0.601451612903226 0.539516129032258 17.8998273079699 3 2 3 
0 1340 4 21 0.447244623655914 0.193548387096774 2.82870584341221 0 -2 -3 
1 1350 4.4 23 0.619354838709677 0.641129032258065 46.690470119715 3 2 3 
0 1350 4 21 0.351814516129032 0.202620967741935 6.76639575166891 0 -2 -3 
