1 30 9.4 1 NaN 0.2705078125 22.4801129906131 3 0 0 
0 30 8.2 1 NaN 0.28125 47.0239300782059 3 0 0 
1 40 9.4 1 NaN 0.31640625 30.7795633026544 3 0 0 
0 40 8.2 1 NaN 0.287760416666667 42.4083279572195 3 0 0 
1 50 9.4 1 0.39453125 0.36640625 33.9691063802155 3 0 0 
0 50 8.2 1 0.36328125 0.27421875 39.2374717125603 3 0 0 
1 60 9.4 1 0.39453125 0.4453125 37.200616255188 3 0 0 
0 60 8.2 1 0.36328125 0.318359375 48.8031550162958 3 0 0 
1 70 9.4 1 0.4064453125 0.48046875 45.9474487622978 3 0 0 
0 70 8.2 1 0.3693359375 0.3984375 30.5008700251743 3 0 0 
1 80 9.4 1 0.496448863636364 0.47109375 43.225057048013 3 0 0 
0 80 8.2 1 0.462797619047619 0.451171875 30.3765392620386 3 0 0 
1 90 9.4 1 0.41125 0.475 42.8254748770916 3 0 0 
0 90 8.2 1 0.390625 0.465625 36.7141655128408 3 0 0 
1 100 9.4 1 0.39453125 0.4609375 39.6929366205146 3 0 0 
0 100 8.2 1 0.384943181818182 0.46484375 35.5429121036666 3 0 0 
1 110 9.4 2 0.4775390625 0.47265625 36.2401933741552 3 0 0 
0 110 8.2 2 0.467664930555556 0.484375 39.5599721242011 3 0 0 
1 120 9.4 2 0.413125 0.4921875 30.4985811133802 3 0 0 
0 120 8.2 2 0.3925 0.4833984375 35.7414282189897 3 0 0 
1 130 9.4 3 0.411644345238095 0.48359375 39.6560516030139 3 1 0 
0 130 8.2 2 0.372265625 0.40078125 46.5156866654459 3 -1 0 
1 140 9.4 3 0.4984375 0.48515625 34.1401414496966 3 0 0 
0 140 8.2 3 0.4650390625 0.427734375 32.9600838622992 3 0 0 
1 150 9.4 3 0.445891203703704 0.49921875 34.8962542530401 3 0 0 
0 150 8.2 3 0.368963068181818 0.41640625 27.7013523758666 3 0 0 
1 160 9.4 4 0.427734375 0.473958333333333 26.0666260332295 3 1 0 
0 160 8.2 3 0.36328125 0.4421875 20.2439010166855 3 -1 0 
1 170 9.4 4 0.493303571428571 0.436197916666667 29.9104586101764 3 0 0 
0 170 8.2 4 0.4513671875 0.49375 26.4398947242827 3 0 0 
1 180 9.4 4 0.428819444444444 0.3759765625 46.2696546565567 3 0 0 
0 180 8.2 4 0.36328125 0.5140625 24.1266259662411 3 0 0 
1 190 9.4 4 0.428385416666667 0.36171875 44.85087163023 3 0 0 
0 190 8.2 4 0.38037109375 0.47109375 11.0648918688283 3 0 0 
1 200 9.4 4 0.48515625 0.44296875 40.0081782786419 3 0 0 
0 200 8.2 4 0.46435546875 0.5015625 4.8188063850504 3 0 0 
1 210 9.4 5 0.455519153225806 0.51171875 40.1860804498144 3 1 0 
0 210 8.2 4 0.393084490740741 0.5203125 4.86556787538155 3 -1 0 
1 220 9.4 5 0.4119140625 0.5078125 27.9201820719183 3 0 0 
0 220 8.2 5 0.378373579545455 0.528125 6.74337240326258 3 0 0 
1 230 9.4 5 0.479440789473684 0.517578125 19.1840749014902 3 0 0 
0 230 8.2 5 0.457201086956522 0.5171875 19.6889289864784 3 0 0 
1 240 9.4 6 0.429547991071429 0.4546875 38.3337372808069 3 1 0 
0 240 8.2 5 0.404761904761905 0.48125 20.168506148936 3 -1 0 
1 250 9.4 6 0.416193181818182 0.358072916666667 47.0303193416474 3 0 0 
0 250 8.2 6 0.369140625 0.47265625 31.0042157217947 3 0 0 
1 260 9.4 6 0.456351902173913 0.40625 40.5570473588895 3 0 0 
0 260 8.2 6 0.419084821428571 0.5029296875 36.4015674223672 3 0 0 
1 270 9.4 6 0.414466594827586 0.340625 51.0049752334534 3 0 0 
0 270 8.2 6 0.416259765625 0.38515625 50.5260239873136 3 0 0 
1 280 9.4 6 0.420024671052632 0.39921875 41.5525291726445 3 -1 0 
0 280 8.2 7 0.42546875 0.4546875 27.2474304744519 3 1 0 
1 290 9.4 7 0.4544921875 0.4359375 35.0877630014045 3 0 0 
0 290 8.2 7 0.467391304347826 0.4609375 25.7563093185359 3 0 0 
1 300 9.4 7 0.43431712962963 0.43359375 34.3462602405865 3 0 0 
0 300 8.2 7 0.399450231481481 0.4984375 32.3411703051049 3 0 0 
1 310 9.4 7 0.437855113636364 0.4658203125 29.7251910089096 3 0 0 
0 310 8.2 7 0.416725852272727 0.47109375 31.4272403086195 3 0 0 
1 320 9.4 7 0.506392045454545 0.4828125 35.0447573048138 3 0 0 
0 320 8.2 7 0.471768465909091 0.4609375 29.5173790687212 3 0 0 
1 330 9.4 7 0.427951388888889 0.4984375 43.6329251205941 3 -1 0 
0 330 8.2 8 0.38296875 0.44375 33.565688646206 3 1 0 
1 340 9.4 8 0.425625 0.490625 41.9963514287904 3 0 0 
0 340 8.2 8 0.375390625 0.427734375 38.2715109031238 3 0 0 
1 350 9.4 8 0.4896484375 0.45546875 41.3141829751815 3 0 0 
0 350 8.2 8 0.47265625 0.486328125 39.0058590259408 3 0 0 
1 360 9.4 8 0.429966517857143 0.44765625 39.3500719532338 3 0 0 
0 360 8.2 8 0.417086693548387 0.5244140625 42.5597909189511 3 0 0 
1 370 9.4 9 0.4072265625 0.44765625 34.4113987752356 3 1 0 
0 370 8.2 8 0.372452445652174 0.3828125 51.1326622334614 3 -1 0 
1 380 9.4 9 0.50546875 0.4609375 36.2639632716901 3 0 0 
0 380 8.2 9 0.455163043478261 0.430989583333333 36.7963083772442 3 0 0 
1 390 9.4 9 0.432091346153846 0.4484375 38.9747509217765 3 0 0 
0 390 8.2 9 0.401953125 0.376953125 42.9665826519193 3 0 0 
1 400 9.4 9 0.40913722826087 0.48125 28.4997359250893 3 0 0 
0 400 8.2 9 0.371527777777778 0.3890625 40.3152297334383 3 0 0 
1 410 9.4 10 0.4736328125 0.4875 34.9921286115264 3 1 0 
0 410 8.2 9 0.447021484375 0.4203125 38.6462893150193 3 -1 0 
1 420 9.4 10 0.436789772727273 0.43984375 35.7162119694257 3 1 0 
0 420 8.2 9 0.404042119565217 0.453125 38.5418672259289 3 -1 0 
1 430 9.4 10 0.421875 0.4546875 32.7321841911213 3 0 0 
0 430 8.2 10 0.404761904761905 0.46640625 36.7153662452568 3 0 0 
1 440 9.4 10 0.448133680555556 0.4892578125 31.7901032060029 3 0 0 
0 440 8.2 10 0.4421875 0.47265625 27.7699400314918 3 0 0 
1 450 9.4 11 0.426339285714286 0.45703125 31.6604883875635 3 1 0 
0 450 8.2 10 0.392903645833333 0.447916666666667 33.5438085455756 3 -1 0 
1 460 9.4 11 0.4208984375 0.32421875 42.4190827654442 3 0 0 
0 460 8.2 11 0.420987215909091 0.3505859375 37.1304516167371 3 0 0 
1 470 9.4 11 0.443638392857143 0.375 32.8999196764844 3 0 0 
0 470 8.2 11 0.446056547619048 0.35546875 31.1257623315295 3 0 0 
1 480 9.4 11 0.490141369047619 0.4150390625 37.5507644414839 3 0 0 
0 480 8.2 11 0.380580357142857 0.39140625 30.9192714323181 3 0 0 
1 490 9.4 11 0.4380859375 0.4150390625 25.2192325269574 3 0 0 
0 490 8.2 11 0.409745065789474 0.47734375 14.4895385885438 3 0 0 
1 500 9.4 11 0.439555921052632 0.42421875 23.7622598829137 3 0 0 
0 500 8.2 11 0.44047619047619 0.5125 6.1739465367488 3 0 0 
1 510 9.4 12 0.46484375 0.48828125 41.2452168421464 3 1 0 
0 510 8.2 11 0.38671875 0.51171875 6.34929406186574 3 -1 0 
1 520 9.4 12 0.461123511904762 0.4375 27.5107729519025 3 0 0 
0 520 8.2 12 0.379365808823529 0.578125 5.168915121406 3 0 0 
1 530 9.4 12 0.497767857142857 0.458984375 32.6651986164941 3 0 0 
0 530 8.2 12 0.413802083333333 0.55078125 8.55592668245169 3 0 0 
1 540 9.4 12 0.4957275390625 0.3896484375 54.2781500160327 3 0 0 
0 540 8.2 12 0.457648026315789 0.484375 26.3733044501548 3 0 0 
1 550 9.4 13 0.49953125 0.42578125 43.5550240584525 3 1 0 
0 550 8.2 12 0.360416666666667 0.440625 27.9497381361314 3 -1 0 
1 560 9.4 13 0.552455357142857 0.5126953125 33.9770720270609 3 1 0 
0 560 8.2 12 0.364483173076923 0.3486328125 21.2121589866942 3 -1 0 
1 570 9.4 13 0.475852272727273 0.494791666666667 22.831859995457 3 1 0 
0 570 8.2 12 0.400275735294118 0.3408203125 4.83333154196213 3 -1 0 
1 580 9.4 13 0.437322443181818 0.533854166666667 11.8086565064808 3 0 0 
0 580 8.2 13 0.40796875 0.348958333333333 8.780720443719 3 0 0 
1 590 9.4 14 0.477450284090909 0.49609375 0 3 1 0 
0 590 8.2 13 0.409886853448276 0.346354166666667 46.4950768834897 3 -1 0 
1 600 9.4 14 0.435546875 0.171875 0 3 1 0 
0 600 8.2 13 0.409348060344828 0.43359375 28.2202886970424 3 -1 0 
1 610 9.4 14 0.446377840909091 0.26953125 0 3 0 0 
0 610 8.2 14 0.44953125 0.364583333333333 32.5131422922256 3 0 0 
1 620 9.4 14 0.50625 0.33984375 31.0845620847391 3 0 0 
0 620 8.2 14 0.496744791666667 0.23359375 41.1663372072324 3 0 0 
1 630 9.4 14 0.426070601851852 0.2646484375 24.4859008278169 3 0 0 
0 630 8.2 14 0.412409855769231 0.35625 44.6119938047333 3 0 0 
1 640 9.4 14 0.405539772727273 0.33984375 30.6769574911083 3 0 0 
0 640 8.2 14 0.370721726190476 0.44140625 35.4491211251829 3 0 0 
1 650 9.4 14 0.491536458333333 0.41796875 31.6517724737782 3 0 0 
0 650 8.2 14 0.433333333333333 0.54453125 8.2367861471843 3 0 0 
1 660 9.4 14 0.409745065789474 0.380859375 19.2794084061385 3 -1 0 
0 660 8.2 15 0.428931451612903 0.5986328125 10.2962901619679 3 1 0 
1 670 9.4 15 0.40625 0.360677083333333 45.0255555640819 3 0 0 
0 670 8.2 15 0.379083806818182 0.502604166666667 51.1670438282107 3 0 0 
1 680 9.4 15 0.467151988636364 0.3046875 39.6594206453246 3 0 0 
0 680 8.2 15 0.433238636363636 0.561197916666667 43.1629209662431 3 0 0 
1 690 9.4 15 0.470775462962963 0.263671875 5.70087712549569 3 0 0 
0 690 8.2 15 0.4375 0.588541666666667 23.6050662612151 3 0 0 
1 700 9.4 16 0.437705592105263 0.317708333333333 23.967942385916 3 0 0 
0 700 8.2 16 0.446161684782609 0.5 0 3 0 0 
1 710 9.4 16 0.4453125 0.3154296875 23.355493191035 3 0 0 
0 710 8.2 16 0.50234375 0.247395833333333 41.0387909024094 3 0 0 
1 720 9.4 16 0.49072265625 0.326171875 29.3133232569322 3 0 0 
0 720 8.2 16 0.466145833333333 0.243489583333333 25.2950995774122 3 0 0 
1 730 9.4 16 0.436755952380952 0.3896484375 26.260597899315 3 0 0 
0 730 8.2 16 0.374822443181818 0.34765625 26.8955494801611 3 0 0 
1 740 9.4 16 0.469401041666667 0.4228515625 28.2487404789368 3 0 0 
0 740 8.2 16 0.408637152777778 0.32421875 43.2530674207606 3 0 0 
1 750 9.4 16 0.416521990740741 0.4638671875 25.0214221304041 3 0 0 
0 750 8.2 16 0.416748046875 0.33828125 36.5087520607307 3 0 0 
1 760 9.4 17 0.40234375 0.5234375 41.8924471630146 3 1 0 
0 760 8.2 16 0.399966032608696 0.4111328125 28.4104090486262 3 -1 0 
1 770 9.4 17 0.482421875 0.5068359375 34.1368945228913 3 1 0 
0 770 8.2 16 0.447574013157895 0.4736328125 37.0428482170241 3 -1 0 
1 780 9.4 17 0.469599184782609 0.43359375 49.7826860055336 3 1 0 
0 780 8.2 16 0.430729166666667 0.4130859375 29.6205500898708 3 -1 0 
1 790 9.4 17 0.416232638888889 0.41796875 37.228651709066 3 0 0 
0 790 8.2 17 0.4240234375 0.384765625 38.5937866913294 3 0 0 
1 800 9.4 18 0.425321691176471 0.4296875 6.57647321898295 3 1 0 
0 800 8.2 17 0.418154761904762 0.296875 52.4081373931372 3 -1 0 
1 810 9.4 18 0.454741379310345 0.4921875 0 3 1 0 
0 810 8.2 17 0.415564903846154 0.34375 38.5389413450863 3 -1 0 
1 820 9.4 18 0.416108630952381 0.58984375 0 3 1 0 
0 820 8.2 17 0.416903409090909 0.416015625 45.467021015237 3 -1 0 
1 830 9.4 18 0.442801339285714 0.59765625 0 3 0 0 
0 830 8.2 18 0.458333333333333 0.451171875 42.6907484122731 3 0 0 
1 840 9.4 18 0.454861111111111 0.53515625 0 3 0 0 
0 840 8.2 18 0.423177083333333 0.44140625 28.5700892543233 3 0 0 
1 850 9.4 18 0.464709051724138 0.154296875 4.03112887414927 3 0 0 
0 850 8.2 18 0.3849609375 0.2900390625 39.3237562843377 3 0 0 
1 860 9.4 19 0.52294921875 0.306640625 3.5 3 1 0 
0 860 8.2 18 0.431332236842105 0.37890625 35.445972726649 3 -1 0 
1 870 9.4 19 0.501953125 0.3427734375 25.9860073514718 3 1 0 
0 870 8.2 18 0.356356534090909 0.46953125 27.4398666025484 3 -1 0 
1 880 9.4 19 0.5263671875 0.4072265625 35.0290700751456 3 1 0 
0 880 8.2 18 0.3955078125 0.5048828125 15.3190930498968 3 -1 0 
1 890 9.4 19 0.562946428571429 0.4375 43.2877255591212 3 1 0 
0 890 8.2 18 0.438802083333333 0.544921875 3.29473416370501 3 -1 0 
1 900 9.4 19 0.5 0.349609375 8.84590300647707 3 1 0 
0 900 8.2 18 0.34077380952381 0.5234375 5.64196184048588 3 -1 0 
1 910 9.4 19 0.499849759615385 0.272135416666667 22.2849395344323 3 1 0 
0 910 8.2 18 0.386008522727273 0.5068359375 4.82591308197754 3 -1 0 
1 920 9.4 19 0.580078125 0.4921875 12.4016610600098 3 0 0 
0 920 8.2 19 0.444602272727273 0.4755859375 11.507575673285 3 0 0 
1 930 9.4 19 0.53515625 0.540364583333333 4.5876018179642 3 0 0 
0 930 8.2 19 0.36140625 0.30078125 36.9222180565322 3 0 0 
1 940 9.4 19 0.510602678571429 0.53125 2.2345300306972 3 0 0 
0 940 8.2 19 0.4212890625 0.30078125 29.3604932667321 3 0 0 
1 950 9.4 19 0.535695043103448 0.39453125 30.4688553961785 3 0 0 
0 950 8.2 19 0.418585526315789 0.33984375 26.8932801127517 3 0 0 
1 960 9.4 20 0.498263888888889 0.3359375 33.2239213945278 3 1 0 
0 960 8.2 19 0.448697916666667 0.4109375 28.1266463803296 3 -1 0 
1 970 9.4 20 0.47265625 0.3759765625 3.76562022436567 3 1 0 
0 970 8.2 19 0.440848214285714 0.50234375 12.3625761260257 3 -1 0 
1 980 9.4 20 0.539620535714286 0.4150390625 6.34055214562743 3 0 0 
0 980 8.2 20 0.465625 0.50703125 8.94830910521387 3 0 0 
1 990 9.4 20 0.476019965277778 0.4716796875 25.3544119542315 3 0 0 
0 990 8.2 20 0.365337171052632 0.4796875 25.9642055613906 3 0 0 
1 1000 9.4 20 0.481060606060606 0.5390625 38.5173339595384 3 0 0 
0 1000 8.2 20 0.368489583333333 0.44140625 35.7656769275182 3 0 0 
1 1010 9.4 20 0.604375 0.557291666666667 44.627071695935 3 0 0 
0 1010 8.2 20 0.43701171875 0.4501953125 52.1316035193525 3 0 0 
1 1020 9.4 20 0.503472222222222 0.66796875 4.7169905660283 3 0 0 
0 1020 8.2 20 0.334765625 0.48046875 52.6880727898108 3 0 0 
1 1030 9.4 21 0.47265625 0.701171875 1.5 3 1 0 
0 1030 8.2 20 0.324519230769231 0.46484375 54.3748803218002 3 -1 0 
1 1040 9.4 21 0.598876953125 0.6953125 7.61577310586391 3 1 0 
0 1040 8.2 20 0.470703125 0.432291666666667 49.7443616348495 3 -1 0 
1 1050 9.4 21 0.4634375 0.634765625 21.4767315949145 3 1 0 
0 1050 8.2 20 0.304086538461538 0.44921875 44.1106230395005 3 -1 0 
1 1060 9.4 21 0.4375 0.348958333333333 44.8727382670291 3 1 0 
0 1060 8.2 20 0.39599609375 0.357421875 45.4564656255777 3 -1 0 
1 1070 9.4 21 0.53390625 0.376302083333333 31.620477358624 3 1 0 
0 1070 8.2 20 0.392361111111111 0.37109375 20.327369125305 3 -1 0 
1 1080 9.4 21 0.485887096774194 0.466145833333333 7.80343660421944 3 0 0 
0 1080 8.2 21 0.3359375 0.2900390625 33.3179190685398 3 0 0 
1 1090 9.4 21 0.492638221153846 0.4228515625 37.1941875821597 3 0 0 
0 1090 8.2 21 0.36171875 0.25 23.4093998214393 3 0 0 
1 1100 9.4 22 0.553292410714286 0.45703125 24.0614980160075 3 1 0 
0 1100 8.2 21 0.392233455882353 0.2421875 25.3179778023443 3 -1 0 
1 1110 9.4 22 0.514732142857143 0.55859375 8.13697048521509 3 1 0 
0 1110 8.2 21 0.290625 0.296875 9.86154146165801 3 -1 0 
1 1120 9.4 22 0.569508272058824 0.688802083333333 3.96091671804275 3 1 0 
0 1120 8.2 21 0.345424107142857 0.21484375 22.2036033111745 3 -1 0 
1 1130 9.4 22 0.597301136363636 0.73046875 3.35483170074866 3 1 1 
0 1130 8.2 21 0.3265625 0.2265625 0 2 -1 -1 
1 1140 9.4 22 0.547309027777778 0.5751953125 52.2521173168545 3 1 1 
0 1140 8.2 21 0.256138392857143 NaN NaN 2 -1 -1 
1 1150 9.4 22 0.56484375 0.6513671875 49.7325109323978 3 1 1 
0 1150 8.2 21 0.24609375 0.123697916666667 5.14788549592686 2 -1 -1 
1 1160 9.4 22 0.660915798611111 0.6689453125 33.9630396240822 3 1 1 
0 1160 8.2 21 0.24609375 0.15625 11.5733120103783 2 -1 -1 
1 1170 9.4 22 0.532645089285714 0.6533203125 9.62472976500657 3 1 1 
0 1170 8.2 21 0.244140625 0.2265625 11.5013254983983 2 -1 -1 
1 1180 9.4 23 0.567461993243243 0.4697265625 28.2265715107823 3 2 1 
0 1180 8.2 21 0.44140625 0.357421875 6.75053582999234 2 -2 -1 
1 1190 9.4 23 0.641961348684211 0.4453125 24.5244081567959 3 2 1 
0 1190 8.2 21 0.44140625 0.494140625 6.42906768323222 2 -2 -1 
1 1200 9.4 23 0.536272321428571 0.515625 4.1118003687586 3 2 1 
0 1200 8.2 21 0.260323660714286 0.5 6.41752279359079 2 -2 -1 
1 1210 9.4 23 0.569140625 0.4951171875 9.74925107727877 3 2 2 
0 1210 8.2 21 0.201171875 0.41953125 29.6906640558674 1 -2 -2 
1 1220 9.4 23 0.665574596774194 0.4931640625 11.2341807920327 3 2 2 
0 1220 8.2 21 0.201171875 0.33984375 34.1275965869186 1 -2 -2 
1 1230 9.4 23 0.522892441860465 0.439453125 3.72646513933309 3 2 2 
0 1230 8.2 21 0.2275390625 0.30390625 22.4332165282901 1 -2 -2 
1 1240 9.4 23 0.548549107142857 0.40625 13.9461375919964 3 1 2 
0 1240 8.2 22 0.280815972222222 0.35546875 21.169919844558 1 -1 -2 
1 1250 9.4 23 0.62204071969697 0.490234375 13.8278243361392 3 1 2 
0 1250 8.2 22 0.306189903846154 0.39921875 18.6263479081198 1 -1 -2 
1 1260 9.4 23 0.480618990384615 0.388671875 7.61724436758589 3 1 2 
0 1260 8.2 22 0.340234375 0.52265625 13.3509010266151 1 -1 -2 
1 1270 9.4 23 0.519886363636364 0.46640625 36.1234155316007 3 1 2 
0 1270 8.2 22 0.4328125 0.533203125 5.49494212547546 1 -1 -2 
1 1280 9.4 23 0.595999053030303 0.4931640625 38.2086799750591 3 1 2 
0 1280 8.2 22 0.466974431818182 0.533203125 11.9268604418766 1 -1 -2 
1 1290 9.4 23 0.528586647727273 0.44140625 25.68814288453 3 1 3 
0 1290 8.2 22 0.379794034090909 0.365885416666667 40.8602945652539 0 -1 -3 
1 1300 9.4 24 0.579613095238095 0.57421875 27.4156974344693 3 2 3 
0 1300 8.2 22 0.380301339285714 0.29296875 28.9870660812715 0 -2 -3 
1 1310 9.4 24 0.5703125 0.6796875 15.8912094905025 3 2 3 
0 1310 8.2 22 0.37890625 0.20703125 3.20156211871642 0 -2 -3 
1 1320 9.4 24 0.629123263888889 0.795572916666667 4.79465665615183 3 2 3 
0 1320 8.2 22 0.37890625 0.15625 0 0 -2 -3 
1 1330 9.4 24 0.645182291666667 0.8359375 7.74326326204774 3 2 3 
0 1330 8.2 22 0.37734375 0.12890625 0 0 -2 -3 
1 1340 9.4 24 0.645182291666667 0.8359375 3.42043239125372 3 2 3 
0 1340 8.2 22 0.376302083333333 0.12890625 0 0 -2 -3 
