1 30 5.2 1 NaN 0.1671875 2.70194048428603 3 0 0 
0 30 7.4 1 NaN 0.24296875 21.123210285899 3 0 0 
1 40 5.2 1 NaN 0.175 8.88866401309703 3 0 0 
0 40 7.4 1 NaN 0.26953125 23.2385747747012 3 0 0 
1 50 5.2 1 0.36328125 0.29375 24.7153398764514 3 0 0 
0 50 7.4 1 0.39453125 0.31640625 32.4973310848769 3 0 0 
1 60 5.2 1 0.370008680555556 0.4125 30.0336053911478 3 0 0 
0 60 7.4 1 0.4015625 0.44296875 46.2675244059335 3 0 0 
1 70 5.2 1 0.380952380952381 0.45234375 37.188839380831 3 0 0 
0 70 7.4 1 0.4072265625 0.49375 49.730160657765 3 0 0 
1 80 5.2 1 0.457442434210526 0.4609375 38.6853543665674 3 0 0 
0 80 7.4 1 0.491796875 0.471875 44.3485217541427 3 0 0 
1 90 5.2 1 0.407483552631579 0.4828125 42.5851891817449 3 0 0 
0 90 7.4 1 0.41015625 0.453125 51.224624700808 3 0 0 
1 100 5.2 1 0.395040760869565 0.46015625 42.587011887509 3 0 0 
0 100 7.4 1 0.419667119565217 0.45546875 48.0856664062606 3 0 0 
1 110 5.2 2 0.43359375 0.46796875 52.4857750891591 3 0 0 
0 110 7.4 2 0.474137931034483 0.49921875 39.2935771921384 3 0 0 
1 120 5.2 2 0.3971875 0.4599609375 62.8716511015334 3 0 0 
0 120 7.4 2 0.424479166666667 0.4640625 44.6126298002182 3 0 0 
1 130 5.2 2 0.389026988636364 0.5068359375 66.8520814136137 3 0 0 
0 130 7.4 2 0.451078869047619 0.46171875 38.9021418716926 3 0 0 
1 140 5.2 2 0.446484375 0.3681640625 58.3980175885901 3 -1 0 
0 140 7.4 3 0.49462890625 0.4890625 43.8669414919679 3 1 0 
1 150 5.2 3 0.407552083333333 0.4287109375 51.6369061933945 3 0 0 
0 150 7.4 3 0.448768028846154 0.4859375 45.8144365945537 3 0 0 
1 160 5.2 3 0.375372023809524 0.4046875 50.1834974474563 3 0 0 
0 160 7.4 3 0.4185546875 0.49609375 45.7512726763857 3 0 0 
1 170 5.2 3 0.432849702380952 0.46953125 32.1144628827026 3 -1 0 
0 170 7.4 4 0.458705357142857 0.4794921875 26.5979120009589 3 1 0 
1 180 5.2 4 0.415457589285714 0.43984375 22.3354939300003 3 0 0 
0 180 7.4 4 0.439555921052632 0.4953125 42.9897152907468 3 0 0 
1 190 5.2 4 0.401692708333333 0.478125 37.6748242238515 3 0 0 
0 190 7.4 4 0.413651315789474 0.4326171875 47.4571482454426 3 0 0 
1 200 5.2 4 0.45625 0.48125 34.7135205984452 3 -1 0 
0 200 7.4 5 0.4609375 0.42734375 49.386199086976 3 1 0 
1 210 5.2 5 0.440755208333333 0.484375 37.1424213367059 3 0 0 
0 210 7.4 5 0.418526785714286 0.46640625 28.1269612483238 3 0 0 
1 220 5.2 5 0.3701171875 0.5146484375 45.4299335303777 3 0 0 
0 220 7.4 5 0.423363095238095 0.4859375 12.4865038340559 3 0 0 
1 230 5.2 5 0.408420138888889 0.51171875 65.5076331430162 3 -1 0 
0 230 7.4 6 0.484169407894737 0.55703125 19.4612159901232 3 1 0 
1 240 5.2 6 0.416725852272727 0.31640625 51.6841368313335 3 0 0 
0 240 7.4 6 0.448929398148148 0.556640625 10.5710385989574 3 0 0 
1 250 5.2 6 0.377547554347826 0.2412109375 38.6305962331047 3 0 0 
0 250 7.4 6 0.418712797619048 0.5146484375 10.7310159971981 3 0 0 
1 260 5.2 6 0.422214673913043 0.3359375 44.5570715480424 3 0 0 
0 260 7.4 6 0.462180397727273 0.40078125 41.2160413374366 3 0 0 
1 270 5.2 6 0.422384510869565 0.38984375 42.7997911254554 3 -1 0 
0 270 7.4 7 0.438151041666667 0.42109375 39.9871134233567 3 1 0 
1 280 5.2 6 0.4140625 0.4625 49.5741023225396 3 -1 0 
0 280 7.4 7 0.410978618421053 0.4546875 37.1536536443432 3 1 0 
1 290 5.2 7 0.444140625 0.4828125 51.3838038539498 3 0 0 
0 290 7.4 7 0.46484375 0.48203125 45.8379420241352 3 0 0 
1 300 5.2 7 0.427083333333333 0.43671875 43.4813950772697 3 0 0 
0 300 7.4 7 0.439697265625 0.47734375 30.058417700434 3 0 0 
1 310 5.2 7 0.389945652173913 0.40859375 30.2723665914998 3 0 0 
0 310 7.4 7 0.4142578125 0.496875 13.4533972382127 3 0 0 
1 320 5.2 7 0.4392578125 0.44921875 17.1264190986205 3 -1 0 
0 320 7.4 8 0.438322368421053 0.5029296875 9.89488793829847 3 1 0 
1 330 5.2 7 0.428571428571429 0.497395833333333 6.26503255091572 3 -1 0 
0 330 7.4 8 0.43140625 0.44921875 11.6164348804807 3 1 0 
1 340 5.2 7 0.395670572916667 0.368489583333333 42.5938960352621 3 -1 0 
0 340 7.4 8 0.422384510869565 0.48984375 7.73112424732652 3 1 0 
1 350 5.2 7 0.435461956521739 0.263020833333333 30.8960284491842 3 -1 0 
0 350 7.4 8 0.462094907407407 0.4875 17.6629076366344 3 1 0 
1 360 5.2 7 0.417100694444444 0.3154296875 35.9916866493301 3 -2 0 
0 360 7.4 9 0.47265625 0.50625 20.3443089516728 3 2 0 
1 370 5.2 8 0.401811079545455 0.493489583333333 56.372428127902 3 -1 0 
0 370 7.4 9 0.419836956521739 0.48515625 22.0487292292355 3 1 0 
1 380 5.2 8 0.444498697916667 0.4169921875 73.2813373187395 3 -1 0 
0 380 7.4 9 0.432508680555556 0.4984375 28.8151614020594 3 1 0 
1 390 5.2 8 0.428485576923077 0.4296875 59.1066206739139 3 -1 0 
0 390 7.4 9 0.436631944444444 0.50234375 44.6851940976605 3 1 0 
1 400 5.2 8 0.390407986111111 0.37890625 60.0238585351842 3 -2 0 
0 400 7.4 10 0.4544921875 0.521875 32.0062118665407 3 2 0 
1 410 5.2 8 0.383429276315789 0.36328125 23.9569017081295 3 -2 0 
0 410 7.4 10 0.459435096153846 0.54609375 17.7719560956472 3 2 0 
1 420 5.2 8 0.4197998046875 0.2744140625 24.4274587944171 3 -2 0 
0 420 7.4 10 0.43234375 0.59921875 9.67567940861826 3 2 0 
1 430 5.2 9 0.390625 0.33203125 20.8963655900358 3 -1 0 
0 430 7.4 10 0.458170572916667 0.6103515625 9.30401800703498 3 1 0 
1 440 5.2 9 0.421875 0.30078125 14.7147188649217 3 -1 0 
0 440 7.4 10 0.4765625 0.6259765625 8.38319224918927 3 1 0 
1 450 5.2 9 0.365685096153846 0.23984375 33.142013988794 3 -1 0 
0 450 7.4 10 0.515516493055556 0.580078125 12.5434466803141 3 1 0 
1 460 5.2 9 0.371484375 0.315625 28.0171165195107 3 -2 0 
0 460 7.4 11 0.5118408203125 0.44765625 34.9155140766215 3 2 0 
1 470 5.2 9 0.36328125 0.3953125 29.6048488982372 3 -2 0 
0 470 7.4 11 0.542834051724138 0.46328125 32.0314791885709 3 2 0 
1 480 5.2 10 0.361328125 0.37109375 22.0031502359744 3 -1 0 
0 480 7.4 11 0.499873991935484 0.50390625 20.6547538309039 3 1 0 
1 490 5.2 10 0.38125 0.4078125 28.5641415678533 3 -2 0 
0 490 7.4 12 0.55673828125 0.525 37.6663445307162 3 2 0 
1 500 5.2 10 0.398003472222222 0.41640625 37.1178781239408 3 -2 0 
0 500 7.4 12 0.567587209302326 0.6109375 39.7031614966817 3 2 0 
1 510 5.2 10 0.33544921875 0.3466796875 44.3603218053196 3 -2 0 
0 510 7.4 12 0.503483952702703 0.63515625 37.050094882415 3 2 0 
1 520 5.2 11 0.376674107142857 0.2646484375 36.668940898821 3 -1 0 
0 520 7.4 12 0.4609375 0.62109375 34.448913485879 3 1 0 
1 530 5.2 11 0.403971354166667 0.275 36.464658263069 3 -1 0 
0 530 7.4 12 0.519965277777778 0.729166666666667 4.3663610052836 3 1 0 
1 540 5.2 11 0.339626736111111 0.2822265625 42.6587757745906 3 -2 0 
0 540 7.4 13 0.510271990740741 0.5859375 46.2276973253049 3 2 0 
1 550 5.2 12 0.365234375 0.3154296875 38.2360440145481 3 -1 0 
0 550 7.4 13 0.488606770833333 0.5703125 0 3 1 0 
1 560 5.2 12 0.404947916666667 0.3505859375 35.6434966156218 3 -1 0 
0 560 7.4 13 0.500229779411765 0.408203125 56.6259657754285 3 1 0 
1 570 5.2 12 0.43421875 0.35546875 38.199556235787 3 -1 0 
0 570 7.4 13 0.4775390625 0.251953125 30.6049355267689 3 1 0 
1 580 5.2 12 0.422407670454545 0.39609375 51.0563875873728 3 -1 0 
0 580 7.4 13 0.4459375 0.33203125 31.5938050357484 3 1 0 
1 590 5.2 13 0.4734375 0.43203125 56.8075433539511 3 0 0 
0 590 7.4 13 0.4306640625 0.42578125 7.08454855779615 3 0 0 
1 600 5.2 13 0.464969758064516 0.4578125 56.6616541359044 3 0 0 
0 600 7.4 13 0.427220394736842 0.4404296875 16.7117040292865 3 0 0 
1 610 5.2 13 0.424045138888889 0.49765625 46.3360478864243 3 0 0 
0 610 7.4 13 0.417279411764706 0.466796875 28.9502213265175 3 0 0 
1 620 5.2 13 0.455882352941176 0.5015625 40.6681596092108 3 0 0 
0 620 7.4 13 0.426953125 0.3734375 40.6918709748051 3 0 0 
1 630 5.2 14 0.41015625 0.552734375 44.3960354974218 3 0 0 
0 630 7.4 14 0.415885416666667 0.41796875 33.5897720850002 3 0 0 
1 640 5.2 14 0.380394345238095 0.5068359375 37.7500842697033 3 0 0 
0 640 7.4 14 0.418478260869565 0.4828125 21.912625362613 3 0 0 
1 650 5.2 14 0.4583984375 0.47265625 42.9088715965291 3 0 0 
0 650 7.4 14 0.460565476190476 0.5078125 28.089892816887 3 0 0 
1 660 5.2 14 0.450835129310345 0.4453125 43.48724598018 3 0 0 
0 660 7.4 14 0.412326388888889 0.5546875 21.0660271189452 3 0 0 
1 670 5.2 15 0.44775390625 0.4296875 59.2580678098134 3 1 0 
0 670 7.4 14 0.392693014705882 0.51953125 12.9843678862278 3 -1 0 
1 680 5.2 15 0.532784598214286 0.5029296875 53.0355164951679 3 1 0 
0 680 7.4 14 0.417751736111111 0.447916666666667 3.72964155983918 3 -1 0 
1 690 5.2 15 0.522964015151515 0.5732421875 45.2778410662723 3 1 0 
0 690 7.4 14 0.359375 0.4453125 20.6155281280883 3 -1 0 
1 700 5.2 15 0.458984375 0.5595703125 39.1644421690396 3 1 0 
0 700 7.4 14 0.398828125 0.23828125 38.6684626019706 3 -1 0 
1 710 5.2 16 0.492337740384615 0.5302734375 37.2948365994811 3 2 0 
0 710 7.4 14 0.435709635416667 0.272135416666667 28.4166228218179 3 -2 0 
1 720 5.2 16 0.46234375 0.4484375 51.0794805010198 3 1 0 
0 720 7.4 15 0.422175480769231 0.3515625 48.5552448865864 3 -1 0 
1 730 5.2 16 0.4203125 0.42578125 51.0041462394679 3 1 0 
0 730 7.4 15 0.45890625 0.3759765625 55.2889925538123 3 -1 0 
1 740 5.2 16 0.46703125 0.427734375 40.8212510928111 3 1 0 
0 740 7.4 15 0.446572580645161 0.35390625 43.3934609971793 3 -1 0 
1 750 5.2 16 0.479279891304348 0.4091796875 36.5168952847767 3 1 0 
0 750 7.4 15 0.460582386363636 0.35 26.3994846643104 3 -1 0 
1 760 5.2 16 0.435546875 0.43359375 40.5481760243295 3 1 0 
0 760 7.4 15 0.4650390625 0.35546875 20.4479927619855 3 -1 0 
1 770 5.2 16 0.46802662037037 0.45234375 53.4969293013918 3 1 0 
0 770 7.4 15 0.505055147058824 0.3625 7.62245283315486 3 -1 0 
1 780 5.2 16 0.484879032258065 0.458984375 46.0445224319003 3 0 0 
0 780 7.4 16 0.37109375 0.365625 13.7038316767556 3 0 0 
1 790 5.2 16 0.461529356060606 0.4775390625 18.7102762192374 3 0 0 
0 790 7.4 16 0.375459558823529 0.409375 20.5531097433684 3 0 0 
1 800 5.2 16 0.4828125 0.49609375 11.4428151600712 3 0 0 
0 800 7.4 16 0.390830592105263 0.41640625 11.2468549000118 3 0 0 
1 810 5.2 17 0.474826388888889 0.53125 25.4065689320076 3 1 0 
0 810 7.4 16 0.386962890625 0.4140625 11.4088862196048 3 -1 0 
1 820 5.2 17 0.490290178571429 0.5400390625 26.4117781771048 3 1 0 
0 820 7.4 16 0.378173828125 0.40859375 16.7383690639376 3 -1 0 
1 830 5.2 17 0.527455357142857 0.4703125 39.900757574808 3 1 0 
0 830 7.4 16 0.38671875 0.434375 15.4266507559562 3 -1 0 
1 840 5.2 17 0.502377717391304 0.490234375 40.5918361923628 3 0 0 
0 840 7.4 17 0.410295758928571 0.3935546875 13.7039585419909 3 0 0 
1 850 5.2 17 0.4833984375 0.45703125 43.2104615370579 3 0 0 
0 850 7.4 17 0.494140625 0.482421875 23.7879778954749 3 0 0 
1 860 5.2 18 0.503534226190476 0.3515625 42.7705197053906 3 1 0 
0 860 7.4 17 0.64404296875 0.407552083333333 33.3280497237254 3 -1 0 
1 870 5.2 18 0.448069852941176 0.264322916666667 13.7026291071431 3 1 0 
0 870 7.4 17 0.564453125 0.477864583333333 36.3442270840147 3 -1 0 
1 880 5.2 18 0.4246875 0.298177083333333 10.5556136101213 3 1 0 
0 880 7.4 17 0.4029296875 0.484375 30.7007270196462 3 -1 0 
1 890 5.2 18 0.456380208333333 0.3828125 39.0882044232372 3 1 0 
0 890 7.4 17 0.426603618421053 0.455729166666667 31.4189848611465 3 -1 0 
1 900 5.2 18 0.469105113636364 0.4208984375 30.7682386704132 3 0 0 
0 900 7.4 18 0.44921875 0.397135416666667 36.8288359407122 3 0 0 
1 910 5.2 19 0.428515625 0.438802083333333 14.2391926702348 3 1 0 
0 910 7.4 18 0.403831845238095 0.447265625 13.4629120178363 3 -1 0 
1 920 5.2 19 0.434151785714286 0.502604166666667 19.1050085145822 3 1 0 
0 920 7.4 18 0.4283203125 0.37109375 34.0099316619403 3 -1 0 
1 930 5.2 19 0.513671875 0.3720703125 40.9790291798704 3 1 0 
0 930 7.4 18 0.3953125 0.459635416666667 13.283459947635 3 -1 0 
1 940 5.2 19 0.463252314814815 0.384114583333333 20.0442508788007 3 1 0 
0 940 7.4 18 0.4033203125 0.459635416666667 21.9118986969722 3 -1 0 
1 950 5.2 19 0.4400390625 0.419270833333333 14.0982652901154 3 1 0 
0 950 7.4 18 0.413248697916667 0.467447916666667 15.2566698704077 3 -1 0 
1 960 5.2 19 0.452302631578947 0.51953125 4.56940131083312 3 0 0 
0 960 7.4 19 0.428431919642857 0.3759765625 24.2726177195179 3 0 0 
1 970 5.2 19 0.3814453125 0.302734375 48.0130190677487 3 0 0 
0 970 7.4 19 0.43426724137931 0.388671875 30.8182182762745 3 0 0 
1 980 5.2 19 0.409412202380952 0.40625 6 3 0 0 
0 980 7.4 19 0.464384191176471 0.5166015625 19.1348148185663 3 0 0 
1 990 5.2 19 0.415104166666667 0.359375 18.1176709319934 3 0 0 
0 990 7.4 19 0.467684659090909 0.572916666666667 11.6057313204663 3 0 0 
1 1000 5.2 20 0.365451388888889 0.325520833333333 34.2518988559255 3 1 0 
0 1000 7.4 19 0.5033203125 0.556640625 5.1478150704935 3 -1 0 
1 1010 5.2 20 0.383961397058824 0.30078125 22.6770809408971 3 0 0 
0 1010 7.4 20 0.513671875 0.4921875 31.7015460697864 3 0 0 
1 1020 5.2 20 0.404947916666667 0.375 7.56637297521078 3 0 0 
0 1020 7.4 20 0.53896484375 0.473958333333333 7.24040665399598 3 0 0 
1 1030 5.2 20 0.354947916666667 0.2724609375 39.9399678094859 3 0 0 
0 1030 7.4 20 0.54765625 0.40234375 42.8299531603546 3 0 0 
1 1040 5.2 20 0.373497596153846 0.3037109375 33.0169526195692 3 0 0 
0 1040 7.4 20 0.570572916666667 0.4794921875 28.8250573702427 3 0 0 
1 1050 5.2 20 0.314453125 0.3037109375 24.8880876658387 3 0 0 
0 1050 7.4 20 0.603426846590909 0.5146484375 19.0744705842803 3 0 0 
1 1060 5.2 20 0.35390625 0.33984375 32.6638854444355 3 0 0 
0 1060 7.4 20 0.5521484375 0.4671875 33.8788074147445 3 0 0 
1 1070 5.2 20 0.356069711538462 0.341796875 12.747548783982 3 0 0 
0 1070 7.4 20 0.561864098837209 0.51171875 20.0412377062495 3 0 0 
1 1080 5.2 20 0.318359375 0.32421875 35.6121961848219 3 0 0 
0 1080 7.4 20 0.565358231707317 0.5419921875 8.79583935415074 3 0 0 
1 1090 5.2 20 0.3896484375 0.29296875 0.5 3 0 0 
0 1090 7.4 20 0.578125 0.625 16.1312479565776 3 0 0 
1 1100 5.2 20 0.391796875 0.32421875 0 3 0 0 
0 1100 7.4 20 0.633433948863636 0.578125 0 3 0 0 
1 1110 5.2 20 0.310221354166667 0.30078125 0 3 0 0 
0 1110 7.4 20 0.57516571969697 0.53515625 14.2214626533279 3 0 0 
1 1120 5.2 20 0.398667279411765 0.28125 0 3 0 0 
0 1120 7.4 20 0.507114955357143 0.3828125 15 3 0 0 
1 1130 5.2 21 0.394942434210526 0.234375 33.5410196624968 3 1 0 
0 1130 7.4 20 0.619495738636364 0.345703125 3.20156211871642 3 -1 0 
1 1140 5.2 21 0.392277644230769 0.205729166666667 31.9558579760869 3 0 0 
0 1140 7.4 21 0.515206473214286 0.25390625 31.6425346645935 3 0 0 
1 1150 5.2 21 0.397758152173913 0.302734375 28.4069958962166 3 0 0 
0 1150 7.4 21 0.46484375 0.2421875 30.4004855644904 3 0 0 
1 1160 5.2 21 0.397758152173913 0.3642578125 24.6348432585436 3 0 0 
0 1160 7.4 21 0.451450892857143 0.29609375 25.8314012100858 3 0 0 
1 1170 5.2 21 0.390092329545455 0.378125 33.3935587246342 3 0 0 
0 1170 7.4 21 0.4814453125 0.3328125 22.6494375689805 3 0 0 
1 1180 5.2 21 0.412527901785714 0.4578125 27.7758458533408 3 0 0 
0 1180 7.4 21 0.47607421875 0.403645833333333 6.86307136793456 3 0 0 
1 1190 5.2 21 0.441002155172414 0.48203125 8.73145885072381 3 0 0 
0 1190 7.4 21 0.4753125 0.4765625 6.46079899661998 3 0 0 
1 1200 5.2 21 0.489000822368421 0.53671875 4.7139221216991 3 0 0 
0 1200 7.4 21 0.39453125 0.419270833333333 4.4852725590283 3 0 0 
1 1210 5.2 21 0.535030241935484 0.5140625 6.36951085402585 3 0 0 
0 1210 7.4 21 NaN 0.307291666666667 13.9440952129976 3 0 0 
1 1220 5.2 21 0.568663194444444 0.63203125 3.51305123909094 3 0 0 
0 1220 7.4 21 NaN 0.3203125 17.8860312401432 3 0 0 
1 1230 5.2 22 0.595982142857143 0.67421875 5.3238135299343 3 1 0 
0 1230 7.4 21 NaN 0.290364583333333 13.3822096445319 3 -1 0 
1 1240 5.2 22 0.58076171875 0.6890625 1.93782389268989 3 1 0 
0 1240 7.4 21 0.23828125 0.263671875 9.12414379544733 3 -1 0 
1 1250 5.2 22 0.58623046875 0.697265625 5.08425239645972 3 1 1 
0 1250 7.4 21 0.23828125 0.213541666666667 11.7414059184432 2 -1 -1 
1 1260 5.2 22 0.617282774390244 0.740885416666667 2.73362046323099 3 1 2 
0 1260 7.4 21 NaN 0.212890625 16.3248277173145 1 -1 -2 
1 1270 5.2 23 0.54370777027027 0.720703125 10.6066017177982 3 1 2 
0 1270 7.4 22 NaN 0.26953125 0 1 -1 -2 
1 1280 5.2 23 0.554995888157895 0.69921875 0 3 1 2 
0 1280 7.4 22 NaN 0.2578125 0 1 -1 -2 
1 1290 5.2 23 0.595750762195122 0.74609375 0 3 1 2 
0 1290 7.4 22 0.272536057692308 0.2578125 0 1 -1 -2 
1 1300 5.2 23 0.517745535714286 0.609375 0 3 1 2 
0 1300 7.4 22 0.280598958333333 0.37109375 0 1 -1 -2 
1 1310 5.2 23 0.58642578125 NaN NaN 3 1 2 
0 1310 7.4 22 0.280598958333333 0.349609375 45.5686295602578 1 -1 -2 
1 1320 5.2 23 0.605202414772727 0.1171875 5.65685424949238 3 1 2 
0 1320 7.4 22 0.262178308823529 0.334635416666667 44.8382515220526 1 -1 -2 
1 1330 5.2 23 0.558699324324324 0.2265625 5.3851648071345 3 1 2 
0 1330 7.4 22 0.285546875 0.196614583333333 10.8761715319093 1 -1 -2 
1 1340 5.2 23 0.537798713235294 0.350260416666667 31.253627849077 3 1 2 
0 1340 7.4 22 0.285546875 0.23984375 15.6013116161069 1 -1 -2 
1 1350 5.2 23 0.517650462962963 0.3759765625 34.5866127852341 3 1 2 
0 1350 7.4 22 0.3349609375 0.31484375 25.7607093396505 1 -1 -2 
1 1360 5.2 23 0.481808035714286 0.4873046875 37.3099322194283 3 1 2 
0 1360 7.4 22 0.3748046875 0.36953125 30.1703494113454 1 -1 -2 
1 1370 5.2 23 0.537176724137931 0.439453125 24.2996840296681 3 1 2 
0 1370 7.4 22 0.377377717391304 0.4140625 9.04393178823958 1 -1 -2 
1 1380 5.2 23 0.512867647058823 0.36171875 28.4287852592962 3 1 2 
0 1380 7.4 22 0.39404296875 0.47421875 15.2092784131795 1 -1 -2 
1 1390 5.2 23 0.456627155172414 0.35625 18.7552282148695 3 1 2 
0 1390 7.4 22 0.450994318181818 0.48671875 9.40257210027686 1 -1 -2 
1 1400 5.2 23 0.531605113636364 0.427734375 8.27647267862342 3 0 2 
0 1400 7.4 23 0.452380952380952 0.53046875 7.2879163384925 1 0 -2 
1 1410 5.2 23 0.446484375 0.462890625 4.74341649025257 3 0 2 
0 1410 7.4 23 0.460658482142857 0.564453125 7.7232241276292 1 0 -2 
1 1420 5.2 23 0.48779296875 0.41796875 0 3 0 2 
0 1420 7.4 23 0.470189144736842 0.55859375 3.85313696659461 1 0 -2 
1 1430 5.2 23 0.529296875 0.25 0 3 0 2 
0 1430 7.4 23 0.530400815217391 0.5625 12.833296741548 1 0 -2 
1 1440 5.2 23 0.4025390625 0.25 0 3 0 2 
0 1440 7.4 23 0.567555147058824 0.515625 10.2954212629651 1 0 -2 
1 1450 5.2 23 0.322443181818182 0.234375 0 3 0 2 
0 1450 7.4 23 0.51513671875 0.43359375 3.19009966117452 1 0 -2 
1 1460 5.2 23 0.301339285714286 0.3046875 0 3 0 2 
0 1460 7.4 23 0.590895432692308 0.4384765625 5.40235328625343 1 0 -2 
1 1470 5.2 24 0.318873355263158 0.1953125 21.7567554506754 3 1 2 
0 1470 7.4 23 0.51421875 0.46640625 39.1584691871229 1 -1 -2 
1 1480 5.2 24 0.347800925925926 0.2390625 22.9234477037077 3 1 2 
0 1480 7.4 23 0.448029891304348 0.5140625 29.6233470265447 1 -1 -2 
1 1490 5.2 24 0.362473060344828 0.3203125 22.4438741630872 3 1 2 
0 1490 7.4 23 0.518415178571429 0.5484375 22.6034640712302 1 -1 -2 
1 1500 5.2 24 0.417367788461538 0.32578125 14.23994455754 3 1 2 
0 1500 7.4 23 0.48046875 0.621875 13.9957306832923 1 -1 -2 
1 1510 5.2 24 0.463125 0.3232421875 8.16732719100606 3 0 2 
0 1510 7.4 24 0.427571614583333 0.6455078125 17.1176194356965 1 0 -2 
1 1520 5.2 24 0.502994791666667 0.272135416666667 17.7042455255388 3 0 2 
0 1520 7.4 24 0.404447115384615 0.6640625 10.1143732629507 1 0 -2 
1 1530 5.2 24 0.469075520833333 0.236328125 27.189152248645 2 0 1 
0 1530 7.4 24 0.44921875 0.556640625 30.2577203091613 1 0 -1 
1 1540 5.2 24 0.465006510416667 0.21484375 23.5637433358964 2 0 1 
0 1540 7.4 24 0.3859375 0.4990234375 36.1587253507017 1 0 -1 
1 1550 5.2 24 0.50546875 0.314453125 14.9164338901763 2 0 1 
0 1550 7.4 24 0.385416666666667 0.4189453125 25.5476563691659 1 0 -1 
1 1560 5.2 24 0.4866943359375 0.32421875 24.8847342762586 2 0 1 
0 1560 7.4 24 0.362870065789474 0.319010416666667 9.29292554686045 1 0 -1 
1 1570 5.2 24 0.456653225806452 0.34375 38.5096236713536 2 0 1 
0 1570 7.4 24 0.41796875 0.328125 27.63681643779 1 0 -1 
1 1580 5.2 24 0.468211206896552 0.3388671875 43.9904373500905 2 0 1 
0 1580 7.4 24 0.426470588235294 0.4052734375 27.8825200792949 1 0 -1 
1 1590 5.2 24 0.502604166666667 0.279296875 15.6923548264752 2 0 1 
0 1590 7.4 24 0.3720703125 0.501953125 16.6061721997826 1 0 -1 
1 1600 5.2 24 0.459408967391304 0.396484375 26.8793601114312 2 0 1 
0 1600 7.4 24 0.383522727272727 0.5 6.55877242696768 1 0 -1 
1 1610 5.2 24 0.506465517241379 0.393229166666667 14.8333976141546 2 0 1 
0 1610 7.4 24 0.383522727272727 0.5390625 10.2380116074041 1 0 -1 
1 1620 5.2 24 0.537353515625 0.376953125 13.729530217746 2 0 1 
0 1620 7.4 24 0.369791666666667 0.611979166666667 9.64399725590411 1 0 -1 
1 1630 5.2 24 0.468572443181818 0.333984375 11.5108644332213 2 -1 1 
0 1630 7.4 25 0.399338942307692 0.595052083333333 13.7290960507674 1 1 -1 
1 1640 5.2 24 0.524375 0.3828125 0 2 -1 1 
0 1640 7.4 25 0.399338942307692 0.440104166666667 56.2621728940985 1 1 -1 
1 1650 5.2 24 0.517578125 0.23046875 30.1212351704285 2 -1 1 
0 1650 7.4 25 0.377467105263158 0.3935546875 52.4190204676319 1 1 -1 
1 1660 5.2 24 0.4287109375 0.251302083333333 13.5021497575421 2 -1 1 
0 1660 7.4 25 0.4203125 0.4755859375 33.3994967474483 1 1 -1 
1 1670 5.2 24 0.444754464285714 0.3515625 0 2 -1 1 
0 1670 7.4 25 0.4326171875 0.552734375 17.0049714832062 1 1 -1 
1 1680 5.2 24 0.503196022727273 0.177734375 21.6910119634839 2 -1 1 
0 1680 7.4 25 0.423253676470588 0.57421875 9.35410196624968 1 1 -1 
1 1690 5.2 24 0.43359375 0.22265625 21.569654610123 2 -1 1 
0 1690 7.4 25 0.410481770833333 0.478515625 48.1593836557439 1 1 -1 
1 1700 5.2 24 0.4530029296875 0.233072916666667 26.1887338584157 2 -1 1 
0 1700 7.4 25 0.466927083333333 0.521875 26.4120972016993 1 1 -1 
1 1710 5.2 24 0.511439732142857 0.30078125 21.2216639554954 2 -1 1 
0 1710 7.4 25 0.361458333333333 0.465625 13.7361954340856 1 1 -1 
1 1720 5.2 24 0.48210685483871 0.305989583333333 6.04643547002176 2 -1 1 
0 1720 7.4 25 0.428248355263158 0.35234375 45.8666796304726 1 1 -1 
1 1730 5.2 24 0.517578125 0.2607421875 19.8411928673132 2 -1 1 
0 1730 7.4 25 0.441162109375 0.41328125 9.85632478554903 1 1 -1 
1 1740 5.2 24 0.491943359375 0.21640625 12.7023785638193 2 -1 1 
0 1740 7.4 25 0.425951086956522 0.415625 29.0952766654592 1 1 -1 
1 1750 5.2 24 0.535730698529412 0.25390625 8.58266602822559 2 -1 1 
0 1750 7.4 25 0.5390625 0.38984375 12.5705301757236 1 1 -1 
1 1760 5.2 25 0.543415178571429 0.27109375 25.3399251281984 2 0 1 
0 1760 7.4 25 0.5390625 0.4796875 23.440263203562 1 0 -1 
1 1770 5.2 25 0.480018028846154 0.3859375 17.336182579913 2 0 1 
0 1770 7.4 25 0.631591796875 0.46796875 18.3139319505987 1 0 -1 
1 1780 5.2 25 0.462993421052632 0.434375 10.4017174830784 2 0 1 
0 1780 7.4 25 0.545138888888889 0.440625 18.8284043420303 1 0 -1 
1 1790 5.2 25 0.535386029411765 0.50234375 9.48008191387443 2 0 1 
0 1790 7.4 25 0.606336805555556 0.365885416666667 27.6081892612785 1 0 -1 
1 1800 5.2 25 0.51657196969697 0.51953125 17.057194978783 2 0 1 
0 1800 7.4 25 0.59375 0.274739583333333 21.0274220557632 1 0 -1 
1 1810 5.2 25 0.494791666666667 0.53515625 11.9890246855502 1 0 0 
0 1810 7.4 25 0.603125 0.244791666666667 10.9792165344022 1 0 0 
1 1820 5.2 25 0.58935546875 0.4970703125 29.263341549897 1 -1 0 
0 1820 7.4 26 0.656529017857143 0.264322916666667 14.0799630620721 1 1 0 
1 1830 5.2 25 0.4736328125 0.47265625 40.5162649900428 1 -1 0 
0 1830 7.4 26 0.500849184782609 0.248046875 2.5 1 1 0 
1 1840 5.2 25 0.424641927083333 0.447265625 41.2982234880098 1 -1 0 
0 1840 7.4 26 0.549172794117647 0.356770833333333 27.4669863010332 1 1 0 
1 1850 5.2 25 0.435724431818182 0.5498046875 47.2665433720775 1 -1 0 
0 1850 7.4 26 0.519810267857143 0.287109375 27.2721960695421 1 1 0 
1 1860 5.2 25 0.557373046875 0.58203125 47.7268400235329 1 -1 0 
0 1860 7.4 26 0.417236328125 0.2119140625 9.55872568353955 1 1 0 
1 1870 5.2 25 0.521033653846154 0.5439453125 42.7317064360069 1 -1 0 
0 1870 7.4 26 0.616071428571429 0.26484375 13.798892621334 1 1 0 
1 1880 5.2 25 0.568509615384615 0.572916666666667 27.9798402078285 1 -1 0 
0 1880 7.4 26 0.650669642857143 0.2390625 11.8542822874022 1 1 0 
1 1890 5.2 25 0.7138671875 NaN NaN 1 -1 0 
0 1890 7.4 26 0.424715909090909 0.20390625 3.25157446348646 1 1 0 
