1 30 7.6 1 NaN 0.32890625 39.47721837916 3 0 0 
0 30 7 1 NaN 0.18359375 6.98266047933903 3 0 0 
1 40 7.6 1 NaN 0.3578125 35.7939208306817 3 0 0 
0 40 7 1 NaN 0.1728515625 7.97556086354848 3 0 0 
1 50 7.6 1 0.39453125 0.3953125 36.2713241201427 3 0 0 
0 50 7 1 0.36328125 0.309895833333333 31.5318314456093 3 0 0 
1 60 7.6 1 0.402587890625 0.48203125 40.494925328452 3 0 0 
0 60 7 1 0.369449013157895 0.3765625 56.567843956698 3 0 0 
1 70 7.6 1 0.401726973684211 0.496875 42.0003942639225 3 0 0 
0 70 7 1 0.391369047619048 0.39296875 56.9768926392737 3 0 0 
1 80 7.6 1 0.45765625 0.515625 41.6981360822246 3 0 0 
0 80 7 1 0.4359375 0.40390625 43.4779796671039 3 0 0 
1 90 7.6 1 0.453835227272727 0.49453125 39.54279506184 3 0 0 
0 90 7 1 0.3826171875 0.440625 28.48411210613 3 0 0 
1 100 7.6 1 0.425347222222222 0.51015625 51.9638750374638 3 0 0 
0 100 7 1 0.423363095238095 0.465625 30.6804329729753 3 0 0 
1 110 7.6 2 0.472439236111111 0.4953125 42.9893793515794 3 0 0 
0 110 7 2 0.455 0.45703125 38.7942788201212 3 0 0 
1 120 7.6 2 0.430989583333333 0.48671875 52.6776622965343 3 0 0 
0 120 7 2 0.374131944444444 0.48359375 41.4692380635603 3 0 0 
1 130 7.6 2 0.402573529411765 0.44609375 49.2707139556274 3 0 0 
0 130 7 2 0.393229166666667 0.47890625 48.6258039748814 3 0 0 
1 140 7.6 3 0.453947368421053 0.46640625 47.6410709267661 3 0 0 
0 140 7 3 0.445870535714286 0.4609375 50.4220706749707 3 0 0 
1 150 7.6 3 0.42671130952381 0.4796875 47.6575758474975 3 0 0 
0 150 7 3 0.418118990384615 0.459375 51.8818102079859 3 0 0 
1 160 7.6 3 0.402126736111111 0.48203125 46.4384829721806 3 0 0 
0 160 7 3 0.4078125 0.4578125 51.8846785639778 3 0 0 
1 170 7.6 4 0.474826388888889 0.50859375 41.4591362256686 3 1 0 
0 170 7 3 0.450657894736842 0.4546875 49.306259318928 3 -1 0 
1 180 7.6 4 0.438939144736842 0.478125 37.1578173689159 3 0 0 
0 180 7 4 0.384765625 0.4765625 46.105200124803 3 0 0 
1 190 7.6 4 0.422407670454545 0.465625 30.9665654814915 3 0 0 
0 190 7 4 0.382421875 0.428125 41.2191180341021 3 0 0 
1 200 7.6 4 0.4705078125 0.465625 11.3028981813016 3 0 0 
0 200 7 4 0.447730654761905 0.44375 24.8730574363663 3 0 0 
1 210 7.6 5 0.443714488636364 0.4984375 5.69295522661222 3 1 0 
0 210 7 4 0.396949404761905 0.4640625 13.2518823481208 3 -1 0 
1 220 7.6 5 0.43328125 0.48984375 7.44877466889882 3 1 0 
0 220 7 4 0.382302989130435 0.458984375 4.9212835803675 3 -1 0 
1 230 7.6 5 0.4716796875 0.490625 6.19089843999565 3 0 0 
0 230 7 5 0.43453125 0.44453125 35.6794350423713 3 0 0 
1 240 7.6 5 0.424360795454545 0.4765625 8.16468712534586 3 0 0 
0 240 7 5 0.430695564516129 0.462890625 42.7497516329409 3 0 0 
1 250 7.6 6 0.407483552631579 0.5087890625 14.0045992858828 3 1 0 
0 250 7 5 0.415564903846154 0.44921875 54.987185578671 3 -1 0 
1 260 7.6 6 0.467151988636364 0.498697916666667 11.2898664997501 3 0 0 
0 260 7 6 0.449079241071429 0.3828125 58.1979146328004 3 0 0 
1 270 7.6 6 0.42171875 0.4365234375 25.3436781417742 3 0 0 
0 270 7 6 0.457201086956522 0.37421875 51.762161813962 3 0 0 
1 280 7.6 6 0.409765625 0.365625 32.557101008878 3 0 0 
0 280 7 6 0.413529829545455 0.40390625 46.9236603191836 3 0 0 
1 290 7.6 6 0.458383413461538 0.459375 26.6130793842615 3 0 0 
0 290 7 6 0.408854166666667 0.46015625 38.7191376505398 3 0 0 
1 300 7.6 6 0.436686197916667 0.471875 29.3552560860986 3 -1 0 
0 300 7 7 0.4453125 0.4703125 43.0266843587722 3 1 0 
1 310 7.6 6 0.472005208333333 0.41796875 47.3903912012025 3 -1 0 
0 310 7 7 0.40523097826087 0.46875 45.6113610023188 3 1 0 
1 320 7.6 7 0.475932459677419 0.4765625 46.4463352757337 3 0 0 
0 320 7 7 0.42529296875 0.43828125 36.5751173614228 3 0 0 
1 330 7.6 7 0.455915178571429 0.475 38.5545810913 3 0 0 
0 330 7 7 0.396839488636364 0.46484375 35.1692002910629 3 0 0 
1 340 7.6 7 0.435546875 0.48671875 43.3637915249786 3 -1 0 
0 340 7 8 0.422407670454545 0.453125 32.7857791533656 3 1 0 
1 350 7.6 7 0.440364583333333 0.4875 39.8849604259731 3 -1 0 
0 350 7 8 0.449869791666667 0.45078125 38.6424713231664 3 1 0 
1 360 7.6 8 0.433823529411765 0.459375 36.8003416100141 3 0 0 
0 360 7 8 0.409040178571429 0.48125 39.540149793296 3 0 0 
1 370 7.6 8 0.409895833333333 0.385416666666667 45.2776045627831 3 0 0 
0 370 7 8 0.423990885416667 0.47578125 32.6594546023669 3 0 0 
1 380 7.6 8 0.439174107142857 0.419270833333333 18.4904416300563 3 -1 0 
0 380 7 9 0.4306640625 0.51171875 19.8646402151558 3 1 0 
1 390 7.6 8 0.436197916666667 0.365234375 32.2627293151084 3 -1 0 
0 390 7 9 0.450577445652174 0.525390625 17.0871721311793 3 1 0 
1 400 7.6 8 0.416341145833333 0.3515625 27.3169446598714 3 -1 0 
0 400 7 9 0.424579326923077 0.446875 35.2364044232703 3 1 0 
1 410 7.6 8 0.455403645833333 0.39921875 12.0694460839773 3 -1 0 
0 410 7 9 0.441116898148148 0.43515625 31.3273086267312 3 1 0 
1 420 7.6 8 0.432198660714286 0.4580078125 7.06355932915187 3 -2 0 
0 420 7 10 0.4653125 0.4796875 11.2419779415346 3 2 0 
1 430 7.6 8 0.409816576086957 0.442708333333333 10.1644750775238 3 -2 0 
0 430 7 10 0.411808894230769 0.51484375 8.31598945455065 3 2 0 
1 440 7.6 8 0.442057291666667 0.447265625 25.3870045495722 3 -2 0 
0 440 7 10 0.420393318965517 0.5328125 17.5403605620127 3 2 0 
1 450 7.6 9 0.443892045454545 0.291015625 45.1847622512699 3 -1 0 
0 450 7 10 0.4435546875 0.455078125 26.0785227552012 3 1 0 
1 460 7.6 9 0.404730902777778 0.3546875 46.4994579893156 3 -2 0 
0 460 7 11 0.42431640625 0.46875 49.7663211463657 3 2 0 
1 470 7.6 9 0.467041015625 0.4072265625 37.4196261652159 3 -2 0 
0 470 7 11 0.451264880952381 0.46484375 51.3787046523801 3 2 0 
1 480 7.6 10 0.408717105263158 0.4765625 35.2596661942439 3 -1 0 
0 480 7 11 0.465006510416667 0.490625 50.1026178896944 3 1 0 
1 490 7.6 10 0.401726973684211 0.41015625 49.5916159851296 3 -1 0 
0 490 7 11 0.417518028846154 0.478125 47.1439777328268 3 1 0 
1 500 7.6 10 0.443181818181818 0.446875 45.4441757240635 3 -1 0 
0 500 7 11 0.420703125 0.4578125 36.093509856772 3 1 0 
1 510 7.6 10 0.420230263157895 0.4546875 42.8043576722305 3 -1 0 
0 510 7 11 0.460404829545455 0.4189453125 33.4097929648661 3 1 0 
1 520 7.6 10 0.417791193181818 0.4677734375 44.7104123908981 3 -2 0 
0 520 7 12 0.43359375 0.41796875 35.0746460704222 3 2 0 
1 530 7.6 10 0.443104619565217 0.474609375 42.7803831061868 3 -2 0 
0 530 7 12 0.424623842592593 0.428125 35.0762949868896 3 2 0 
1 540 7.6 11 0.434895833333333 0.43359375 40.8520351524545 3 -1 0 
0 540 7 12 0.47109375 0.384765625 49.4292423571311 3 1 0 
1 550 7.6 11 0.405910326086957 0.471875 23.7731265945081 3 -1 0 
0 550 7 12 0.453822544642857 0.444010416666667 52.2660628088036 3 1 0 
1 560 7.6 11 0.427479619565217 0.54375 32.9463246022078 3 -1 0 
0 560 7 12 0.447602370689655 0.46875 47.7074417675063 3 1 0 
1 570 7.6 11 0.430989583333333 0.5546875 29.2941689567125 3 -1 0 
0 570 7 12 0.462369791666667 0.31953125 51.1512092858785 3 1 0 
1 580 7.6 11 0.420283564814815 0.5484375 24.6684483893836 3 -1 0 
0 580 7 12 0.435292119565217 0.25703125 40.1328180672213 3 1 0 
1 590 7.6 12 0.432837701612903 0.47109375 44.4946794711836 3 0 0 
0 590 7 12 0.442894345238095 0.35625 23.5277065312895 3 0 0 
1 600 7.6 12 0.438244047619048 0.5 46.2246182470437 3 -1 0 
0 600 7 13 0.470853365384615 0.43671875 22.9057158265194 3 1 0 
1 610 7.6 12 0.416748046875 0.439453125 62.7953023720724 3 -1 0 
0 610 7 13 0.43359375 0.48359375 32.6609478365059 3 1 0 
1 620 7.6 12 0.435763888888889 0.419921875 59.1713613160962 3 -1 0 
0 620 7 13 0.427604166666667 0.4970703125 31.6240336625891 3 1 0 
1 630 7.6 13 0.474431818181818 0.3828125 60.2335843454864 3 -1 0 
0 630 7 14 0.420099431818182 0.5234375 31.5583792354336 3 1 0 
1 640 7.6 13 0.404296875 0.32890625 48.7137007319602 3 -1 0 
0 640 7 14 0.44828869047619 0.55078125 33.5882057476761 3 1 0 
1 650 7.6 13 0.403645833333333 0.36484375 35.4489808726231 3 -1 0 
0 650 7 14 0.437825520833333 0.44609375 52.2357386476689 3 1 0 
1 660 7.6 13 0.448125 0.41875 21.6619188225363 3 -1 0 
0 660 7 14 0.417154947916667 0.446614583333333 10.2238974660035 3 1 0 
1 670 7.6 13 0.435292119565217 0.4619140625 11.8066194237065 3 -1 0 
0 670 7 14 0.403702445652174 0.47265625 6.94062000134584 3 1 0 
1 680 7.6 13 0.465183423913043 0.421875 41.7109594812472 3 -2 0 
0 680 7 15 0.438116776315789 0.498697916666667 28.2524468734938 3 2 0 
1 690 7.6 14 0.452256944444444 0.4775390625 44.3448406972127 3 -1 0 
0 690 7 15 0.427083333333333 0.34375 43.9517689947425 3 1 0 
1 700 7.6 14 0.44453125 0.40703125 52.3147695442512 3 -1 0 
0 700 7 15 0.390802556818182 0.3421875 45.7360294212133 3 1 0 
1 710 7.6 14 0.469992897727273 0.384375 51.2233453882434 3 -1 0 
0 710 7 15 0.412890625 0.3953125 30.6330930233226 3 1 0 
1 720 7.6 14 0.470805921052632 0.5 24.1327483003663 3 -1 0 
0 720 7 15 0.437270220588235 0.40390625 21.2550461613134 3 1 0 
1 730 7.6 14 0.4013671875 0.4873046875 6.97906083961104 3 -1 0 
0 730 7 15 0.405625 0.45546875 9.67278444933746 3 1 0 
1 740 7.6 14 0.426491477272727 0.51171875 3.16227766016838 3 -2 0 
0 740 7 16 0.417564655172414 0.455078125 6.61595362605486 3 2 0 
1 750 7.6 15 0.448307291666667 0.44140625 0 3 -1 0 
0 750 7 16 0.432207661290323 0.513020833333333 10.7287310717422 3 1 0 
1 760 7.6 15 0.403645833333333 0.3671875 0 3 -1 0 
0 760 7 16 0.478178879310345 0.5625 16.0936789793987 3 1 0 
1 770 7.6 15 NaN 0.17578125 3.35410196624968 3 -1 0 
0 770 7 16 0.532552083333333 0.643229166666667 20.0963618838229 3 1 0 
1 780 7.6 15 0.41796875 0.18046875 10.5312893514878 3 -1 0 
0 780 7 16 0.526576450892857 0.564453125 58.1235084316447 3 1 0 
1 790 7.6 15 0.41796875 0.234375 17.1701122751834 3 -2 0 
0 790 7 17 0.568489583333333 0.638671875 32.8360431400886 3 2 0 
1 800 7.6 16 NaN 0.3134765625 38.3041603447555 3 -1 0 
0 800 7 17 0.606216755319149 0.54296875 58.4878570597914 3 1 0 
1 810 7.6 16 0.3544921875 0.326822916666667 33.3615685659274 3 -1 0 
0 810 7 17 0.4923095703125 0.5732421875 36.3026476183732 3 1 0 
1 820 7.6 16 NaN 0.330729166666667 36.7124437831715 3 -1 0 
0 820 7 17 0.530381944444444 0.58984375 24.6244061241254 3 1 0 
1 830 7.6 16 NaN 0.2421875 31.3064026942 3 -1 0 
0 830 7 17 0.568300189393939 0.51171875 46.3277108873405 3 1 0 
1 840 7.6 16 0.307477678571429 0.2490234375 25.7718650856967 3 -1 0 
0 840 7 17 0.491536458333333 0.4951171875 54.2251740240814 3 1 0 
1 850 7.6 17 0.383246527777778 0.294270833333333 22.3494272178599 3 -1 0 
0 850 7 18 0.4874267578125 0.4453125 53.350987983434 3 1 0 
1 860 7.6 17 0.384943181818182 0.236979166666667 16.9834334153603 3 -1 0 
0 860 7 18 0.546993371212121 0.26953125 34.0491313448281 3 1 0 
1 870 7.6 17 0.38671875 0.305989583333333 19.2424077063012 3 -1 0 
0 870 7 18 0.524931066176471 0.466145833333333 20.4030863933651 3 1 0 
1 880 7.6 17 0.392361111111111 0.40234375 21.4709105535839 3 -1 0 
0 880 7 18 0.46015625 0.4609375 29 3 1 0 
1 890 7.6 17 0.410400390625 0.364583333333333 42.2303979487866 3 -1 0 
0 890 7 18 0.497587316176471 0.475260416666667 18.527622098459 3 1 0 
1 900 7.6 17 0.409765625 0.26171875 28.2028882269438 3 -2 0 
0 900 7 19 0.505338541666667 0.51953125 30.9762756270191 3 2 0 
1 910 7.6 18 0.39453125 0.341796875 20.3172906678411 3 -1 0 
0 910 7 19 0.48203125 0.561197916666667 31.992070757676 3 1 0 
1 920 7.6 18 0.368252840909091 0.4384765625 25.1680649940361 3 -1 0 
0 920 7 19 0.513950892857143 0.3896484375 41.7243174521847 3 1 0 
1 930 7.6 18 0.362253289473684 0.416015625 25.1259403712312 3 -1 0 
0 930 7 19 0.551070601851852 0.4443359375 35.4452835322761 3 1 0 
1 940 7.6 18 0.402944711538462 0.35078125 17.3696306190419 3 -1 0 
0 940 7 19 0.517745535714286 0.427083333333333 15.6260723072879 3 1 0 
1 950 7.6 18 0.38525390625 0.34453125 14.4016398062882 3 -1 0 
0 950 7 19 0.5260009765625 0.47265625 21.9200369900833 3 1 0 
1 960 7.6 18 0.35205078125 0.4109375 19.179232039428 3 -1 0 
0 960 7 19 0.522135416666667 0.46484375 22.3726243060659 3 1 0 
1 970 7.6 18 0.331321022727273 0.427734375 11.741428858376 3 -2 0 
0 970 7 20 0.465599798387097 0.4833984375 19.0697302998446 3 2 0 
1 980 7.6 19 0.331321022727273 0.4599609375 6.01450677279368 3 -1 0 
0 980 7 20 0.550238715277778 0.3916015625 40.0551707339504 3 1 0 
1 990 7.6 19 0.331163194444444 0.451822916666667 7.85544209402613 3 -1 0 
0 990 7 20 0.523158482142857 0.4326171875 33.3186282889211 3 1 0 
1 1000 7.6 19 0.4052734375 0.49609375 10 3 -1 0 
0 1000 7 20 0.482271634615385 0.438802083333333 15.6252631705652 3 1 0 
1 1010 7.6 19 0.399126838235294 0.4296875 3.60555127546399 3 -1 0 
0 1010 7 20 0.518415178571429 0.52734375 7.18984801538935 3 1 0 
1 1020 7.6 19 0.465494791666667 0.171875 0 3 -1 0 
0 1020 7 20 0.4580078125 0.62890625 2.06155281280883 3 1 0 
1 1030 7.6 20 0.480823863636364 0.24609375 0 3 0 0 
0 1030 7 20 0.471966911764706 0.58984375 35.8328484316161 3 0 0 
1 1040 7.6 20 0.4921875 0.27734375 0 3 0 0 
0 1040 7 20 0.492447916666667 0.52734375 52.3128687591354 3 0 0 
1 1050 7.6 20 0.466145833333333 0.3125 0 3 0 0 
0 1050 7 20 0.393229166666667 0.3896484375 59.6648523466076 3 0 0 
1 1060 7.6 20 0.442708333333333 0.23046875 20.0918913860734 3 -1 0 
0 1060 7 21 0.372395833333333 0.412109375 37.3548570210523 3 1 0 
1 1070 7.6 20 0.4677734375 0.34765625 12.8541542705619 3 -1 0 
0 1070 7 21 0.493990384615385 0.46640625 30.0622911732755 3 1 0 
1 1080 7.6 20 0.386117788461538 0.3171875 32.3919771085088 3 -1 0 
0 1080 7 21 0.45770474137931 0.496875 27.7055422400622 3 1 0 
1 1090 7.6 20 0.389508928571429 0.33515625 14.1504791454599 3 -1 0 
0 1090 7 21 0.4788818359375 0.53359375 31.3170158967445 3 1 0 
1 1100 7.6 20 0.434895833333333 0.36875 9.26340408094365 3 -1 0 
0 1100 7 21 0.579741379310345 0.571875 15.578224717965 3 1 0 
1 1110 7.6 20 0.330882352941177 0.353515625 6.06856631290417 3 -1 0 
0 1110 7 21 0.523552389705882 0.5947265625 11.1768968787153 3 1 0 
1 1120 7.6 20 0.388802083333333 0.361328125 10.5004876366882 3 -1 0 
0 1120 7 21 0.420372596153846 0.5830078125 14.438123120101 3 1 0 
1 1130 7.6 20 0.388802083333333 0.357421875 14.2839953802805 3 -1 0 
0 1130 7 21 0.435546875 0.545572916666667 11.5615870607659 3 1 0 
1 1140 7.6 20 0.3685546875 0.255859375 12.4325250375183 3 -1 0 
0 1140 7 21 0.49921875 0.643229166666667 5.77777777777778 3 1 0 
1 1150 7.6 20 0.405078125 0.2177734375 10.3524633928721 3 -1 0 
0 1150 7 21 0.394694010416667 0.6796875 6.79357265157642 3 1 0 
1 1160 7.6 20 0.4185546875 0.2587890625 33.9562048717902 3 -1 0 
0 1160 7 21 0.426081730769231 0.51171875 19.7800404448525 3 1 0 
1 1170 7.6 20 0.405633223684211 0.32421875 15.8570451710917 3 -1 0 
0 1170 7 21 0.487038352272727 0.4140625 11.0091975306838 3 1 0 
1 1180 7.6 21 0.425911458333333 0.3578125 26.5252011523389 3 0 0 
0 1180 7 21 0.421061197916667 0.384765625 42.4352400732118 3 0 0 
1 1190 7.6 21 0.434244791666667 0.3875 11.3888903775658 3 0 0 
0 1190 7 21 0.431046195652174 0.412109375 31.481885440191 3 0 0 
1 1200 7.6 21 0.4189453125 0.42578125 7.16396334782113 3 -1 0 
0 1200 7 22 0.464375 0.388671875 43.282962727432 3 1 0 
1 1210 7.6 21 0.39375 0.50390625 4.44945644841379 3 -1 0 
0 1210 7 22 0.4375 0.39453125 35.4948705082303 3 1 0 
1 1220 7.6 21 0.419327445652174 0.478125 18.016383213752 3 -1 0 
0 1220 7 22 0.5025 0.4365234375 29.9827788555068 3 1 0 
1 1230 7.6 21 0.455729166666667 0.4625 31.584214972289 3 -1 0 
0 1230 7 22 0.489470108695652 0.4423828125 29.6162094829422 3 1 0 
1 1240 7.6 21 0.455528846153846 0.48984375 32.2785405562875 3 -1 0 
0 1240 7 22 0.386548913043478 0.4111328125 21.3401470617547 3 1 0 
1 1250 7.6 21 0.448828125 0.4703125 42.1141971775522 3 -1 0 
0 1250 7 22 0.431755514705882 0.4296875 16.7346114758813 3 1 0 
1 1260 7.6 21 0.451472355769231 0.5 20.8562586493861 3 -1 0 
0 1260 7 22 0.471209490740741 0.451171875 7.90569415042095 3 1 0 
1 1270 7.6 21 0.4681396484375 0.5146484375 19.0247192936083 3 -1 0 
0 1270 7 22 0.41203125 0.348958333333333 42.4819975148184 3 1 0 
1 1280 7.6 22 0.4599609375 0.56640625 6.28954833041515 3 0 0 
0 1280 7 22 0.465049342105263 0.203125 0 3 0 0 
1 1290 7.6 22 0.483984375 0.560546875 3.35410196624968 3 0 0 
0 1290 7 22 0.457490808823529 0.359375 0 3 0 0 
1 1300 7.6 22 0.495501893939394 0.57421875 2.5 3 0 0 
0 1300 7 22 0.388586956521739 0.4609375 0 3 0 0 
1 1310 7.6 22 0.523033405172414 0.54296875 3.35410196624968 3 0 0 
0 1310 7 22 0.445518092105263 0.4609375 0 3 0 0 
1 1320 7.6 22 0.465856481481482 0.48828125 22.4722050542442 3 0 0 
0 1320 7 22 0.446555397727273 0.30859375 37.2323783822629 3 0 0 
1 1330 7.6 22 0.4378125 0.428385416666667 57.485524644813 3 0 0 
0 1330 7 22 0.456761853448276 0.236328125 23.7118114027588 3 0 0 
1 1340 7.6 22 0.494140625 0.46875 34.9256412918732 3 0 0 
0 1340 7 22 0.478852370689655 0.2763671875 37.5267205752216 3 0 0 
1 1350 7.6 22 0.465909090909091 0.2548828125 32.7623827224424 3 -1 0 
0 1350 7 23 0.515345982142857 0.32265625 44.2007146595972 3 1 0 
1 1360 7.6 22 0.385677083333333 0.2609375 22.5756333981695 3 -1 0 
0 1360 7 23 0.483038651315789 0.3265625 45.8724085327698 3 1 0 
1 1370 7.6 22 0.382457386363636 0.39140625 18.8284854474331 3 -1 0 
0 1370 7 23 0.520724826388889 0.4171875 23.6909217647847 3 1 0 
1 1380 7.6 22 0.391183035714286 0.45 17.0964248790048 3 -1 0 
0 1380 7 23 0.5361328125 0.4794921875 8.23967376660137 3 1 0 
1 1390 7.6 22 0.427517361111111 0.348958333333333 5.46292111168068 3 -1 0 
0 1390 7 23 0.40375 0.607421875 4.46647722890801 3 1 0 
1 1400 7.6 22 0.426970108695652 0.268229166666667 28.7936781567452 3 -1 0 
0 1400 7 23 0.452980324074074 0.5927734375 14.6060883266008 3 1 0 
1 1410 7.6 22 0.380558894230769 0.279947916666667 16.0985170571946 3 -1 0 
0 1410 7 23 0.48828125 0.5380859375 30.5331074690721 3 1 0 
1 1420 7.6 22 0.405539772727273 0.263020833333333 23.5873557136534 3 -1 0 
0 1420 7 23 0.44598599137931 0.546875 38.9678213927396 3 1 0 
1 1430 7.6 22 0.3359375 0.272135416666667 10.8790006159503 3 -1 0 
0 1430 7 23 0.476831896551724 0.521484375 27.352079418952 3 1 0 
1 1440 7.6 22 0.315011160714286 0.3515625 9.30089552578604 3 -1 0 
0 1440 7 23 0.535695043103448 0.53125 17.0170085565961 3 1 0 
1 1450 7.6 22 0.336495535714286 0.337239583333333 28.1895628333266 3 -1 0 
0 1450 7 23 0.513521634615385 0.4546875 40.3440369048277 3 1 0 
1 1460 7.6 23 0.336495535714286 0.294921875 31.6085839009007 3 0 0 
0 1460 7 23 0.558149857954545 0.46484375 24.9468085867965 3 0 0 
1 1470 7.6 23 0.3181640625 0.3994140625 20.4490736892341 3 0 0 
0 1470 7 23 0.540678879310345 0.47109375 12.6431544667576 3 0 0 
1 1480 7.6 23 0.36625744047619 0.3994140625 15.7281748063296 3 0 0 
0 1480 7 23 0.495225694444444 0.5484375 6.12109054909098 3 0 0 
1 1490 7.6 23 0.367542613636364 0.41015625 13.624506410691 3 0 0 
0 1490 7 23 0.493803879310345 0.53046875 13.8300044148597 3 0 0 
1 1500 7.6 23 0.4 0.42578125 14.2579535340925 3 0 0 
0 1500 7 23 0.530989583333333 0.51484375 12.797140880398 3 0 0 
1 1510 7.6 23 0.391369047619048 0.40625 26.6352049719223 3 0 0 
0 1510 7 23 0.488911290322581 0.4990234375 7.97031262459547 3 0 0 
1 1520 7.6 23 0.40531994047619 0.40625 24.8237458110941 3 0 0 
0 1520 7 23 0.494401041666667 0.525390625 3.80788655293195 3 0 0 
1 1530 7.6 23 0.414341517857143 0.4404296875 9.37787314156414 3 0 0 
0 1530 7 23 0.545061383928571 0.5 8.54400374531753 3 0 0 
1 1540 7.6 23 0.452690972222222 0.46875 12.2849328280672 3 0 0 
0 1540 7 23 0.4453125 0.462890625 10.1242283656583 3 0 0 
1 1550 7.6 23 0.4647216796875 0.5146484375 16.6188723781686 3 0 0 
0 1550 7 23 0.501953125 0.40625 23.0217288664427 3 0 0 
1 1560 7.6 23 0.460177951388889 0.4970703125 21.2385459898202 3 -1 0 
0 1560 7 24 0.563712284482759 0.462890625 20.573040611441 3 1 0 
1 1570 7.6 23 0.497961956521739 0.455078125 40.8919387985747 3 -1 0 
0 1570 7 24 0.457435344827586 0.41015625 19.7294196569489 3 1 0 
1 1580 7.6 23 0.48515625 0.37890625 48.4855479577867 3 -1 0 
0 1580 7 24 0.49853515625 0.329427083333333 41.217447204969 3 1 0 
1 1590 7.6 24 0.4599609375 0.38515625 23.9262878382067 3 0 0 
0 1590 7 24 0.511924342105263 0.39375 34.021550109097 3 0 0 
1 1600 7.6 24 0.469029017857143 0.431640625 12.5260385124329 3 0 0 
0 1600 7 24 0.41015625 0.439453125 16.5050325617261 3 0 0 
1 1610 7.6 24 0.471788194444444 0.50390625 0 3 0 0 
0 1610 7 24 0.453835227272727 0.4560546875 5.12291712058525 3 0 0 
1 1620 7.6 24 0.530949519230769 0.51953125 0 3 0 0 
0 1620 7 24 0.506324404761905 0.4736328125 6.84800820863761 3 0 0 
1 1630 7.6 24 0.500868055555556 NaN NaN 3 0 0 
0 1630 7 24 0.361572265625 0.475260416666667 4.07078679748138 3 0 0 
1 1640 7.6 24 0.532552083333333 NaN NaN 3 0 0 
0 1640 7 24 0.352678571428571 0.467447916666667 11.6688040367883 3 0 0 
1 1650 7.6 24 0.583389945652174 NaN NaN 3 0 0 
0 1650 7 24 0.419270833333333 0.453125 19.5461138950157 3 0 0 
1 1660 7.6 24 0.469350961538462 NaN NaN 3 0 0 
0 1660 7 24 0.364322916666667 0.424479166666667 24.72304372253 3 0 0 
1 1670 7.6 24 0.482928240740741 0.171875 4.52633542876855 3 0 0 
0 1670 7 24 0.365234375 0.3427734375 33.7510241640022 3 0 0 
1 1680 7.6 24 0.494574652777778 0.2265625 11.986155384509 3 0 0 
0 1680 7 24 0.438130040322581 0.358072916666667 41.3982840488171 3 0 0 
1 1690 7.6 24 0.466045673076923 0.3876953125 15.2661643518438 3 0 0 
0 1690 7 24 0.445684523809524 0.419270833333333 17.307024826334 3 0 0 
1 1700 7.6 24 0.514278017241379 0.4 26.8317225678183 3 0 0 
0 1700 7 24 0.504934210526316 0.439453125 14.9164338901763 3 0 0 
1 1710 7.6 24 0.5078125 0.4734375 8.8057163879453 3 -1 0 
0 1710 7 25 0.44640625 0.443359375 28.2294280408167 3 1 0 
1 1720 7.6 24 0.50462962962963 0.4828125 8.96028948830661 3 -1 0 
0 1720 7 25 0.435872395833333 0.2421875 24.7540148252979 3 1 0 
1 1730 7.6 24 0.522786458333333 0.4953125 5.50443843425168 3 -1 0 
0 1730 7 25 0.40390625 0.2197265625 25.3788711984485 3 1 0 
1 1740 7.6 24 0.52570564516129 0.59921875 7.30702097006587 3 -1 0 
0 1740 7 25 NaN 0.271484375 17.4720673445807 3 1 0 
1 1750 7.6 24 0.51266571969697 0.6015625 6.58182960660038 3 -1 0 
0 1750 7 25 0.359375 0.319010416666667 26.2208293317304 3 1 0 
1 1760 7.6 24 0.5946044921875 0.62890625 6.51586370302619 3 -1 0 
0 1760 7 25 0.359375 0.313802083333333 20.6962868745167 3 1 0 
1 1770 7.6 24 0.587553879310345 0.513671875 23.5599756954909 3 -1 0 
0 1770 7 25 0.2953125 0.270833333333333 4.87543488768687 3 1 0 
1 1780 7.6 24 0.51859375 0.369140625 45.3397108793093 3 -1 0 
0 1780 7 25 NaN 0.3203125 23.2062726169081 3 1 0 
1 1790 7.6 24 0.545072115384615 0.3642578125 20.9308036673543 3 -1 0 
0 1790 7 25 NaN 0.295572916666667 28.4014184292503 3 1 0 
1 1800 7.6 25 0.587611607142857 0.3486328125 20.9481215915986 3 0 0 
0 1800 7 25 0.290736607142857 0.4052734375 27.7946014119014 3 0 0 
1 1810 7.6 25 0.503331801470588 0.3955078125 14.1966388516718 3 0 0 
0 1810 7 25 0.350060096153846 0.4140625 26.2036678482208 3 0 0 
1 1820 7.6 25 0.555065524193548 0.3671875 39.4821614882611 3 0 0 
0 1820 7 25 0.397836538461538 0.318359375 32.4513919084182 3 0 0 
1 1830 7.6 25 0.55421875 0.465625 13.0421515252994 3 0 0 
0 1830 7 25 0.345982142857143 0.3609375 41.9436690719345 3 0 0 
1 1840 7.6 25 0.478385416666667 0.50390625 11.8288127094179 3 0 0 
0 1840 7 25 0.380681818181818 0.44921875 36.4029765141304 3 0 0 
1 1850 7.6 25 0.501534598214286 0.47109375 7.23396709536358 3 0 0 
0 1850 7 25 0.4083984375 0.41640625 44.0171528583749 3 0 0 
1 1860 7.6 25 0.558084239130435 0.46328125 8.81798804084041 3 0 0 
0 1860 7 25 0.445991847826087 0.45859375 44.9324878060806 3 0 0 
1 1870 7.6 25 0.528831845238095 0.46875 18.7811647025043 3 0 0 
0 1870 7 25 0.371354166666667 0.359375 20.0359386691859 3 0 0 
1 1880 7.6 25 0.591619318181818 0.3953125 22.1903488071612 3 -1 0 
0 1880 7 26 0.377232142857143 0.307291666666667 17.1604562524789 3 1 0 
1 1890 7.6 25 0.535361842105263 0.34375 40.1841818009753 3 -1 0 
0 1890 7 26 0.44140625 0.30078125 25.4221823329302 3 1 0 
1 1900 7.6 25 0.447866586538462 0.32265625 29.3841276918992 3 -1 0 
0 1900 7 26 0.421316964285714 0.2998046875 18.7476833288035 3 1 0 
1 1910 7.6 25 0.482766544117647 0.37578125 7.72098299513336 3 -1 0 
0 1910 7 26 0.39453125 0.4091796875 28.8205499968989 3 1 0 
1 1920 7.6 25 0.48078125 0.425 2.47039903996705 3 -1 0 
0 1920 7 26 0.465183423913043 0.4736328125 14.300810460047 3 1 0 
1 1930 7.6 25 0.451244212962963 0.45 3.6157229741376 3 -1 0 
0 1930 7 26 0.3846875 0.4130859375 7.78166948447748 3 1 0 
1 1940 7.6 25 0.492476851851852 0.503125 8.88345013146352 3 -1 0 
0 1940 7 26 0.453497023809524 0.477864583333333 3.89889811079443 3 1 0 
1 1950 7.6 25 0.524739583333333 0.5322265625 6.88955646381994 3 -1 0 
0 1950 7 26 0.421875 0.385416666666667 19.297671606891 3 1 0 
1 1960 7.6 25 0.500892857142857 0.58203125 6.26026434165339 3 -1 0 
0 1960 7 26 0.356178977272727 0.40234375 39.0939078661571 3 1 0 
1 1970 7.6 25 0.501450892857143 0.6982421875 10.0077414987595 3 -1 0 
0 1970 7 26 0.498046875 0.35546875 46.9436218649651 3 1 0 
1 1980 7.6 26 0.606820913461538 0.7099609375 21.1349983487305 3 0 1 
0 1980 7 26 0.615885416666667 0.5078125 45.7083143421413 2 0 -1 
1 1990 7.6 26 0.660866477272727 0.6474609375 60.4504705687112 3 0 1 
0 1990 7 26 0.5458984375 0.458984375 43.1566912540802 2 0 -1 
1 2000 7.6 26 0.705989583333333 0.7158203125 42.1436001871825 3 0 1 
0 2000 7 26 0.5458984375 0.625 0 2 0 -1 
1 2010 7.6 26 0.633112980769231 0.84765625 0 3 0 1 
0 2010 7 26 NaN 0.14453125 0 2 0 -1 
