1 30 8 1 NaN 0.23828125 35.0743839852574 3 0 0 
0 30 7.6 1 NaN 0.21484375 7.69954551605086 3 0 0 
1 40 8 1 NaN 0.2890625 30.0861195786747 3 0 0 
0 40 7.6 1 NaN 0.27890625 10.7460689732687 3 0 0 
1 50 8 1 0.36328125 0.34140625 40.7082420973346 3 0 0 
0 50 7.6 1 0.39453125 0.315625 25.2041670184071 3 0 0 
1 60 8 1 0.370888157894737 0.39921875 42.2673583122587 3 0 0 
0 60 7.6 1 0.402138157894737 0.4375 33.66958701099 3 0 0 
1 70 8 1 0.3880859375 0.4515625 42.7220806124238 3 0 0 
0 70 7.6 1 0.401726973684211 0.4953125 42.3226416590052 3 0 0 
1 80 8 1 0.448879076086957 0.4609375 40.6681671066389 3 0 0 
0 80 7.6 1 0.471842447916667 0.4984375 43.2616862732445 3 0 0 
1 90 8 1 0.397836538461538 0.384375 55.9175829152306 3 0 0 
0 90 7.6 1 0.438313802083333 0.509375 41.2670168776446 3 0 0 
1 100 8 2 0.387784090909091 0.3828125 61.9716716300074 3 0 0 
0 100 7.6 2 0.455433238636364 0.5140625 39.7653824859388 3 0 0 
1 110 8 2 0.4453125 0.412109375 47.4613942182587 3 0 0 
0 110 7.6 2 0.491508152173913 0.53046875 37.0152489775856 3 0 0 
1 120 8 2 0.383984375 0.4765625 44.0113890776086 3 0 0 
0 120 7.6 2 0.432454427083333 0.521875 28.2726963378684 3 0 0 
1 130 8 3 0.384858630952381 0.4453125 63.5314882558248 3 0 0 
0 130 7.6 3 0.435292119565217 0.51953125 33.0671853303065 3 0 0 
1 140 8 3 0.439808238636364 0.359375 71.3971773807506 3 0 0 
0 140 7.6 3 0.482776988636364 0.4912109375 33.6272444522325 3 0 0 
1 150 8 3 0.394375 0.291015625 57.5636573342064 3 0 0 
0 150 7.6 3 0.456129807692308 0.4828125 41.396634781685 3 0 0 
1 160 8 4 0.385974702380952 0.41796875 39.799376493831 3 0 0 
0 160 7.6 4 0.424183238636364 0.49375 37.0110167995972 3 0 0 
1 170 8 4 0.458984375 0.45078125 33.3095450214765 3 0 0 
0 170 7.6 4 0.464673913043478 0.46796875 34.9791391681108 3 0 0 
1 180 8 4 0.40162037037037 0.4421875 30.4315656127575 3 0 0 
0 180 7.6 4 0.441228693181818 0.49140625 36.1822505467197 3 0 0 
1 190 8 4 0.40125 0.44453125 30.2151815749593 3 -1 0 
0 190 7.6 5 0.425595238095238 0.496875 39.964140526832 3 1 0 
1 200 8 5 0.4428125 0.44609375 35.244405571152 3 0 0 
0 200 7.6 5 0.458984375 0.52265625 36.6096924332771 3 0 0 
1 210 8 5 0.392822265625 0.415625 28.8448511510312 3 0 0 
0 210 7.6 5 0.462149784482759 0.5390625 40.5561147188761 3 0 0 
1 220 8 5 0.430338541666667 0.42734375 28.707196493206 3 0 0 
0 220 7.6 5 0.414620535714286 0.5015625 42.560119819296 3 0 0 
1 230 8 6 0.429036458333333 0.46484375 40.2687902419331 3 0 0 
0 230 7.6 6 0.463541666666667 0.47265625 27.170159345995 3 0 0 
1 240 8 6 0.419585129310345 0.4775390625 36.1618671702299 3 0 0 
0 240 7.6 6 0.43234375 0.48125 15.9708577886402 3 0 0 
1 250 8 6 0.395241477272727 0.453125 36.3402763100245 3 0 0 
0 250 7.6 6 0.41943359375 0.49609375 10.4075627594873 3 0 0 
1 260 8 6 0.4416015625 0.44921875 48.7442066604671 3 0 0 
0 260 7.6 6 0.485514322916667 0.5171875 36.2274995411146 3 0 0 
1 270 8 6 0.406394675925926 0.463541666666667 57.5783984993175 3 0 0 
0 270 7.6 6 0.44140625 0.49765625 49.3131142188481 3 0 0 
1 280 8 7 0.3828125 0.3837890625 71.1874192983109 3 0 0 
0 280 7.6 7 0.4140625 0.49765625 55.3900573754232 3 0 0 
1 290 8 7 0.431361607142857 0.376953125 45.0064246961561 3 0 0 
0 290 7.6 7 0.459909539473684 0.5046875 57.9428801763204 3 0 0 
1 300 8 7 0.3935546875 0.404296875 13.1288070283106 3 0 0 
0 300 7.6 7 0.479600694444444 0.509375 49.1535451270073 3 0 0 
1 310 8 7 0.41889880952381 0.37421875 26.4591350683749 3 0 0 
0 310 7.6 7 0.401726973684211 0.51796875 30.2391365047434 3 0 0 
1 320 8 7 0.4446875 0.39765625 12.8485189050598 3 0 0 
0 320 7.6 7 0.421875 0.515625 23.0408045550116 3 0 0 
1 330 8 7 0.408203125 0.390625 9.65449702636908 3 -1 0 
0 330 7.6 8 0.459375 0.5634765625 12.7292233954867 3 1 0 
1 340 8 7 0.43648097826087 0.4072265625 13.7054617593079 3 -1 0 
0 340 7.6 8 0.419157608695652 0.579427083333333 5.80378978373068 3 1 0 
1 350 8 8 0.434097782258065 0.3876953125 10.8837214183583 3 0 0 
0 350 7.6 8 0.44242527173913 0.46875 44.5821676767872 3 0 0 
1 360 8 8 0.425480769230769 0.346875 26.970563087404 3 0 0 
0 360 7.6 8 0.458984375 0.4228515625 50.1030055939 3 0 0 
1 370 8 8 0.437639508928571 0.3390625 22.2344125668549 3 0 0 
0 370 7.6 8 0.4013671875 0.440625 36.1758485586141 3 0 0 
1 380 8 8 0.4478759765625 0.36796875 14.560075361076 3 0 0 
0 380 7.6 8 0.417738970588235 0.45703125 31.5815976575106 3 0 0 
1 390 8 8 0.440146169354839 0.415625 11.7675753720275 3 0 0 
0 390 7.6 8 0.429268973214286 0.51171875 20.1556443707464 3 0 0 
1 400 8 9 0.4208984375 0.4765625 7.88054996385201 3 1 0 
0 400 7.6 8 0.409505208333333 0.393229166666667 45.4294373667202 3 -1 0 
1 410 8 9 0.440831801470588 0.48046875 18.6425092212594 3 0 0 
0 410 7.6 9 0.4709375 0.3603515625 43.8379614446432 3 0 0 
1 420 8 9 0.448016826923077 0.48359375 24.7854000621801 3 0 0 
0 420 7.6 9 0.420036764705882 0.3703125 46.4966951356314 3 0 0 
1 430 8 10 0.424293154761905 0.4828125 32.3320903525515 3 1 0 
0 430 7.6 9 0.4140625 0.4078125 39.5714211529623 3 -1 0 
1 440 8 10 0.415127840909091 0.4515625 32.6382151266438 3 1 0 
0 440 7.6 9 0.444284539473684 0.45390625 24.5761542435974 3 -1 0 
1 450 8 10 0.427649456521739 0.459375 30.16385597837 3 0 0 
0 450 7.6 10 0.45625 0.540625 21.7082741663277 3 0 0 
1 460 8 10 0.41117527173913 0.474609375 41.7666840147025 3 0 0 
0 460 7.6 10 0.438313802083333 0.5 22.0310646562497 3 0 0 
1 470 8 10 0.4294921875 0.435546875 27.2633936522463 3 0 0 
0 470 7.6 10 0.451875 0.48515625 19.2466777727263 3 0 0 
1 480 8 10 0.427734375 0.438802083333333 16.8638445320711 3 0 0 
0 480 7.6 10 0.451480263157895 0.49765625 15.5560273586505 3 0 0 
1 490 8 10 0.376519097222222 0.369140625 31.5196274766899 3 0 0 
0 490 7.6 10 0.4409375 0.51171875 11.0038961143006 3 0 0 
1 500 8 11 0.412997159090909 0.352864583333333 36.1115544802874 3 0 0 
0 500 7.6 11 0.445442708333333 0.513671875 6.46422697206076 3 0 0 
1 510 8 11 0.403645833333333 0.310546875 27.6906083640657 3 0 0 
0 510 7.6 11 0.46625 0.5654296875 5.52693439945052 3 0 0 
1 520 8 11 0.405717329545455 0.419921875 22.6691056753224 3 0 0 
0 520 7.6 11 0.452566964285714 0.389322916666667 47.9878896163014 3 0 0 
1 530 8 11 0.458519345238095 0.48984375 13.046671784917 3 0 0 
0 530 7.6 11 0.453125 0.376302083333333 34.4850072911538 3 0 0 
1 540 8 12 0.421164772727273 0.4046875 48.3693923094956 3 1 0 
0 540 7.6 11 0.460648148148148 0.3505859375 27.5668446697889 3 -1 0 
1 550 8 12 0.40913722826087 0.4033203125 57.5388628693973 3 1 0 
0 550 7.6 11 0.43328125 0.3544921875 27.6429604223488 3 -1 0 
1 560 8 12 0.434273097826087 0.4326171875 33.0443996258658 3 1 0 
0 560 7.6 11 0.467516447368421 0.4169921875 12.2379799288235 3 -1 0 
1 570 8 12 0.427734375 0.484375 11.5294434172728 3 0 0 
0 570 7.6 12 0.42734375 0.447265625 7.33712942978371 3 0 0 
1 580 8 12 0.415264423076923 0.5 7.10642996142492 3 0 0 
0 580 7.6 12 0.401041666666667 0.4203125 33.7503000525238 3 0 0 
1 590 8 13 0.442578125 0.48046875 11.4160863562078 3 1 0 
0 590 7.6 12 0.428335336538462 0.44453125 22.6181982202884 3 -1 0 
1 600 8 13 0.376085069444444 0.3525390625 31.3877939152973 3 1 0 
0 600 7.6 12 0.49265625 0.48046875 7.63907149652999 3 -1 0 
1 610 8 13 0.373046875 0.26953125 19.8738564545621 3 1 0 
0 610 7.6 12 0.493861607142857 0.517578125 11.424056076978 3 -1 0 
1 620 8 13 0.3740234375 0.2880859375 46.5494186794007 3 1 0 
0 620 7.6 12 0.499699519230769 0.515625 32.7482217669666 3 -1 0 
1 630 8 13 0.36328125 0.23046875 40.1403786728526 3 0 0 
0 630 7.6 13 0.538225446428571 0.5537109375 21.8494187644423 3 0 0 
1 640 8 13 0.3515625 0.3056640625 36.9900266251378 3 0 0 
0 640 7.6 13 0.505161830357143 0.5046875 44.4250773336966 3 0 0 
1 650 8 14 0.3390625 0.3349609375 40.2828146311729 3 1 0 
0 650 7.6 13 0.5703125 0.58828125 35.2289400688814 3 -1 0 
1 660 8 14 0.355168269230769 0.2900390625 46.338285312365 3 0 0 
0 660 7.6 14 0.56640625 0.62421875 31.0946058560111 3 0 0 
1 670 8 14 0.361328125 0.3125 44.9539843182299 3 0 0 
0 670 7.6 14 0.452674278846154 0.6484375 9.59513214472358 3 0 0 
1 680 8 14 0.439903846153846 0.38671875 43.278108823904 3 0 0 
0 680 7.6 14 0.484224759615385 0.6123046875 1.6073742200047 3 0 0 
1 690 8 14 0.392269736842105 0.38203125 32.8517812324571 3 0 0 
0 690 7.6 14 0.48296875 0.61328125 2.64038820320221 3 0 0 
1 700 8 15 0.3802734375 0.409375 21.8570252366107 3 1 0 
0 700 7.6 14 0.454915364583333 0.58203125 1.80277563773199 3 -1 0 
1 710 8 15 0.401442307692308 0.416015625 16.3338696744087 3 1 0 
0 710 7.6 14 0.53625 0.33984375 62.1389571846841 3 -1 0 
1 720 8 15 0.44921875 0.3671875 21.1140455204599 3 1 0 
0 720 7.6 14 0.521158854166667 0.390625 27.0185121722126 3 -1 0 
1 730 8 15 0.443244485294118 0.2734375 3.97205767292061 3 1 0 
0 730 7.6 14 0.493239182692308 0.390625 13.2382022948737 3 -1 0 
1 740 8 16 0.443244485294118 0.2578125 1.1380711874577 3 1 0 
0 740 7.6 15 0.497896634615385 0.3349609375 30.8619305958735 3 -1 0 
1 750 8 16 0.377038043478261 0.283203125 18.3289175165763 3 1 0 
0 750 7.6 15 0.474826388888889 0.3328125 24.5103418582485 3 -1 0 
1 760 8 16 0.401925223214286 0.306640625 20.5146574914156 3 1 0 
0 760 7.6 15 0.4571875 0.43046875 15.0699755958862 3 -1 0 
1 770 8 16 0.416891163793103 0.36328125 24.0836457736134 3 1 0 
0 770 7.6 15 0.50679347826087 0.42734375 4.00648978764653 3 -1 0 
1 780 8 16 0.450639204545455 0.455078125 36.699954861346 3 1 0 
0 780 7.6 15 0.468470982142857 0.4328125 3.65282033326878 3 -1 0 
1 790 8 16 0.442708333333333 0.5 36.6388071240217 3 1 0 
0 790 7.6 15 0.406020220588235 0.4296875 3.58385195488975 3 -1 0 
1 800 8 16 0.456627155172414 0.468098958333333 26.1442559963562 3 1 0 
0 800 7.6 15 0.4091796875 0.46796875 6.55600394394786 3 -1 0 
1 810 8 16 0.41078125 0.43984375 28.7057741959384 3 1 0 
0 810 7.6 15 0.415090460526316 0.4671875 6.2905981591256 3 -1 0 
1 820 8 17 0.416666666666667 0.427734375 17.6481859685948 3 1 0 
0 820 7.6 16 0.436328125 0.482421875 8.99546347761978 3 -1 0 
1 830 8 17 0.43171875 0.4736328125 6.38658579437861 3 1 0 
0 830 7.6 16 0.515811011904762 0.4921875 0 3 -1 0 
1 840 8 17 0.391314338235294 0.5 3.05099414836098 3 1 0 
0 840 7.6 16 0.526494565217391 0.38671875 0 3 -1 0 
1 850 8 17 0.443080357142857 0.346354166666667 19.9612809731846 3 1 0 
0 850 7.6 16 0.49390625 0.3203125 0 3 -1 0 
1 860 8 18 0.437760416666667 0.21875 6.46892653503288 3 2 0 
0 860 7.6 16 0.566611842105263 0.31640625 42.4499705535822 3 -2 0 
1 870 8 18 0.4828125 0.30859375 34.2658163762009 3 2 0 
0 870 7.6 16 0.4675 0.2978515625 30.7236807116349 3 -2 0 
1 880 8 18 0.44609375 0.45234375 24.1460462755939 3 2 0 
0 880 7.6 16 0.446001838235294 0.2705078125 21.8247703031198 3 -2 0 
1 890 8 18 0.48828125 0.51171875 28.5164612120148 3 2 0 
0 890 7.6 16 0.41796875 0.3583984375 22.724317648312 3 -2 0 
1 900 8 19 0.467013888888889 0.5296875 24.7274287079638 3 2 0 
0 900 7.6 17 0.40234375 0.36328125 40.386013508483 3 -2 0 
1 910 8 19 0.485770089285714 0.6015625 28.1122369596062 3 2 0 
0 910 7.6 17 0.398828125 0.361979166666667 33.8520817385274 3 -2 0 
1 920 8 19 0.556199596774194 0.505208333333333 42.6239457493139 3 2 0 
0 920 7.6 17 NaN 0.381510416666667 32.6938766824369 3 -2 0 
1 930 8 19 0.551974826388889 0.50390625 39.6967615810064 3 2 0 
0 930 7.6 17 0.390625 0.3408203125 38.1306397218517 3 -2 0 
1 940 8 19 0.501751077586207 0.54296875 40.6914820211724 3 2 0 
0 940 7.6 17 0.390625 0.34375 32.1448507224952 3 -2 0 
1 950 8 19 0.498109879032258 0.626302083333333 34.1277685467744 3 1 0 
0 950 7.6 18 NaN 0.3408203125 28.0999788640131 3 -1 0 
1 960 8 20 0.5006103515625 0.6259765625 36.9740993585662 3 2 0 
0 960 7.6 18 0.321614583333333 0.31875 35.1149278445129 3 -2 0 
1 970 8 20 0.477948588709677 0.5015625 51.0746915348356 3 2 0 
0 970 7.6 18 0.385653409090909 0.3720703125 36.4892041346971 3 -2 0 
1 980 8 20 0.516880580357143 0.5341796875 37.8939521649556 3 2 0 
0 980 7.6 18 0.387019230769231 0.34765625 11.4017542509914 3 -2 0 
1 990 8 20 0.521012931034483 0.4140625 48.6965924478145 3 2 0 
0 990 7.6 18 0.357747395833333 NaN NaN 3 -2 0 
1 1000 8 20 0.500578703703704 0.5830078125 35.4833948326668 3 2 0 
0 1000 7.6 18 0.374644886363636 NaN NaN 3 -2 0 
1 1010 8 21 0.54296875 0.6796875 24.2020818708283 3 3 0 
0 1010 7.6 18 0.365885416666667 NaN NaN 3 -3 0 
1 1020 8 21 0.551482371794872 0.7314453125 15.9351178271418 3 3 1 
0 1020 7.6 18 0.315104166666667 0.19921875 0 2 -3 -1 
1 1030 8 21 0.487980769230769 0.75 9.98804859623906 3 2 2 
0 1030 7.6 19 0.3359375 0.193359375 3.35410196624968 1 -2 -2 
1 1040 8 21 0.532433712121212 0.7099609375 13.9252892649344 3 2 2 
0 1040 7.6 19 0.34375 0.1767578125 5.8736353744596 1 -2 -2 
1 1050 8 21 0.55087890625 0.6533203125 30.471141262411 3 2 2 
0 1050 7.6 19 0.307528409090909 0.18828125 8.90517203332282 1 -2 -2 
1 1060 8 21 0.507477678571429 0.654296875 14.5 3 2 2 
0 1060 7.6 19 0.3203125 0.24765625 4.82699019653873 1 -2 -2 
1 1070 8 21 0.579026442307692 0.591796875 15.5724115023974 3 1 2 
0 1070 7.6 20 0.3203125 0.29296875 24.5221610675844 1 -1 -2 
1 1080 8 21 0.565234375 0.455078125 24.6018292002851 3 1 2 
0 1080 7.6 20 0.284950657894737 0.2734375 23.3530593273792 1 -1 -2 
1 1090 8 21 0.5174560546875 0.44140625 22.8035085019828 3 1 2 
0 1090 7.6 20 0.301339285714286 0.2919921875 26.0755944587069 1 -1 -2 
1 1100 8 21 0.552734375 0.45703125 7.0178344238091 3 1 2 
0 1100 7.6 20 0.301339285714286 0.350260416666667 19.0352220337069 1 -1 -2 
1 1110 8 22 0.528645833333333 0.439453125 7.76208734813001 3 2 2 
0 1110 7.6 20 0.314967105263158 0.467447916666667 21.4237634458573 1 -2 -2 
1 1120 8 22 0.52417652027027 0.1171875 0 3 2 2 
0 1120 7.6 20 0.41015625 0.513020833333333 22.9657256915658 1 -2 -2 
1 1130 8 22 0.579241071428571 0.328125 37.0540146272978 3 2 2 
0 1130 7.6 20 0.41015625 0.536458333333333 2.92154056458069 1 -2 -2 
1 1140 8 22 0.596227134146341 0.373046875 45.9124125006108 3 2 2 
0 1140 7.6 20 0.304166666666667 0.4501953125 43.9721587126416 1 -2 -2 
1 1150 8 22 0.583984375 0.23828125 31.6227766016838 3 2 2 
0 1150 7.6 20 0.30078125 0.455078125 36.6290767569229 1 -2 -2 
1 1160 8 22 0.588727678571429 0.337239583333333 25.3581267721366 3 1 2 
0 1160 7.6 21 0.30078125 0.3916015625 32.1938926347314 1 -1 -2 
1 1170 8 22 0.552923387096774 0.446614583333333 16.4910416047988 3 1 2 
0 1170 7.6 21 0.27880859375 0.298828125 31.313260771245 1 -1 -2 
1 1180 8 22 0.473664314516129 0.4208984375 39.6898735336807 3 1 2 
0 1180 7.6 21 0.318080357142857 0.2919921875 24.2539813188384 1 -1 -2 
1 1190 8 22 0.563634072580645 0.4775390625 42.3870429285303 3 1 2 
0 1190 7.6 21 0.318080357142857 0.30859375 20.2070682129634 1 -1 -2 
1 1200 8 22 0.5283203125 0.4990234375 28.7489935405688 3 1 2 
0 1200 7.6 21 0.307942708333333 0.3525390625 12.2717787721898 1 -1 -2 
1 1210 8 22 0.521763392857143 0.4892578125 32.0020713113209 3 1 2 
0 1210 7.6 21 0.333984375 0.400390625 12.1959132785384 1 -1 -2 
1 1220 8 22 0.582942708333333 0.451171875 22.7049786672175 3 1 2 
0 1220 7.6 21 0.3984375 0.467447916666667 33.031885921109 1 -1 -2 
1 1230 8 23 0.559972426470588 0.4765625 22.0177263042292 3 2 2 
0 1230 7.6 21 0.338802083333333 0.29296875 41.2818210761664 1 -2 -2 
1 1240 8 23 0.521551724137931 0.5576171875 17.9669660700923 3 2 2 
0 1240 7.6 21 0.396763392857143 0.23046875 18.1107702762748 1 -2 -2 
1 1250 8 23 0.552978515625 0.5654296875 15.2267080872216 3 2 2 
0 1250 7.6 21 0.29296875 0.212890625 18.1796589626978 1 -2 -2 
1 1260 8 23 0.587723214285714 0.5927734375 19.4617364356286 3 2 2 
0 1260 7.6 21 0.266015625 0.248046875 14.3003496460751 1 -2 -2 
1 1270 8 23 0.564620535714286 0.53515625 25.654701301417 3 2 2 
0 1270 7.6 21 0.2109375 0.2421875 23.0867927612304 1 -2 -2 
1 1280 8 23 0.56922238372093 0.434895833333333 39.0363071095223 3 1 2 
0 1280 7.6 22 NaN 0.205729166666667 11.9721682454151 1 -1 -2 
1 1290 8 23 0.602596507352941 0.53515625 40.1585518204438 3 1 2 
0 1290 7.6 22 0.280133928571429 0.217447916666667 16.308943694922 1 -1 -2 
1 1300 8 23 0.490234375 0.6046875 29.7333356457371 3 1 2 
0 1300 7.6 22 0.3359375 0.2109375 15.9992855142267 1 -1 -2 
1 1310 8 23 0.5506591796875 0.690104166666667 16.8282163693345 3 1 2 
0 1310 7.6 22 0.3359375 0.24609375 8.37442362512156 1 -1 -2 
1 1320 8 23 0.602229420731707 0.59765625 20.3651207924769 3 1 2 
0 1320 7.6 22 0.271484375 0.2392578125 4.92646777280709 1 -1 -2 
1 1330 8 23 0.556021341463415 0.517578125 21.1482859825566 3 1 2 
0 1330 7.6 22 0.275390625 0.2578125 7.85868198665286 1 -1 -2 
1 1340 8 23 0.551674107142857 0.498046875 17.066048165876 3 1 2 
0 1340 7.6 22 0.2880859375 0.3515625 15.032568068759 1 -1 -2 
1 1350 8 23 0.569359756097561 0.541015625 14.5773797371133 3 1 2 
0 1350 7.6 22 0.283420138888889 0.25 17.0916871228502 1 -1 -2 
1 1360 8 23 0.543836805555556 0.62890625 0 3 1 2 
0 1360 7.6 22 0.2666015625 0.24609375 26.0370559276037 1 -1 -2 
1 1370 8 23 0.593858506944444 0.5595703125 54.5897251803918 3 0 2 
0 1370 7.6 23 0.2666015625 0.25078125 25.4631333938816 1 0 -2 
1 1380 8 24 0.523628048780488 0.33203125 55.6401681248359 3 1 2 
0 1380 7.6 23 0.29609375 0.253125 16.7359597313444 1 -1 -2 
1 1390 8 24 0.5272216796875 0.47265625 48.4053587253006 3 1 2 
0 1390 7.6 23 0.287109375 0.2390625 13.1323625598633 1 -1 -2 
1 1400 8 24 0.600945723684211 0.287109375 0.707106781186548 3 1 2 
0 1400 7.6 23 0.287109375 0.31953125 20.1021400895464 1 -1 -2 
1 1410 8 24 0.520833333333333 0.440104166666667 20.9849085631222 3 1 2 
0 1410 7.6 23 0.295572916666667 0.3828125 29.1291827918562 1 -1 -2 
1 1420 8 24 0.484375 0.498046875 10.4043260233424 3 1 2 
0 1420 7.6 23 0.41357421875 0.384375 19.6925853775819 1 -1 -2 
1 1430 8 24 0.491477272727273 0.57421875 7.82623792124926 3 1 2 
0 1430 7.6 23 0.41552734375 0.3095703125 24.0278251672296 1 -1 -2 
1 1440 8 24 0.477095170454545 0.5625 8.06225774829855 3 1 2 
0 1440 7.6 23 0.332589285714286 0.34765625 16.4783938961208 1 -1 -2 
1 1450 8 24 0.383961397058824 0.40234375 48.1633857361491 3 1 2 
0 1450 7.6 23 0.365767045454545 0.3681640625 29.7284506212281 1 -1 -2 
1 1460 8 24 0.38984375 0.384114583333333 63.7538697948746 3 1 2 
0 1460 7.6 23 0.438020833333333 0.4228515625 53.6173904723331 1 -1 -2 
1 1470 8 24 0.4833984375 0.232421875 22.0056810846654 3 0 2 
0 1470 7.6 24 0.385091145833333 0.4072265625 47.6753847309752 1 0 -2 
1 1480 8 24 0.454358552631579 0.4140625 31.3899475440273 3 0 2 
0 1480 7.6 24 0.65625 0.361328125 41.7438692588042 1 0 -2 
1 1490 8 24 0.508167613636364 0.357421875 1.80277563773199 3 0 2 
0 1490 7.6 24 0.60546875 0.3640625 43.0611852080956 1 0 -2 
1 1500 8 24 0.528645833333333 0.291666666666667 30.5220150419669 3 0 2 
0 1500 7.6 24 0.324776785714286 0.3640625 32.1600731775865 1 0 -2 
1 1510 8 24 0.499788851351351 0.345052083333333 12.245422028061 3 0 2 
0 1510 7.6 24 0.3484375 0.44140625 28.8316675042103 1 0 -2 
1 1520 8 24 0.541927083333333 0.35546875 2.90492554737295 3 0 2 
0 1520 7.6 24 0.38515625 0.44765625 35.603709876227 1 0 -2 
1 1530 8 24 0.53609375 0.40625 7.61121715898393 3 0 2 
0 1530 7.6 24 0.345394736842105 0.3890625 36.0955491350047 1 0 -2 
1 1540 8 24 0.477994791666667 0.4072265625 38.755746922005 3 0 2 
0 1540 7.6 24 0.3828125 0.40546875 26.7561036767943 1 0 -2 
1 1550 8 24 0.537168560606061 0.4580078125 28.7317229016349 3 0 2 
0 1550 7.6 24 0.353515625 0.3921875 27.1569391185643 1 0 -2 
1 1560 8 24 0.566271551724138 0.5283203125 22.6144565878456 3 0 2 
0 1560 7.6 24 0.32763671875 0.35078125 15.6219340012278 1 0 -2 
1 1570 8 24 0.478759765625 0.4755859375 30.1689008953007 3 0 2 
0 1570 7.6 24 0.415364583333333 0.33359375 9.15440576004073 1 0 -2 
1 1580 8 24 0.487273185483871 0.3291015625 38.136089509434 3 0 2 
0 1580 7.6 24 0.415364583333333 0.38984375 15.6995231469749 1 0 -2 
1 1590 8 24 0.559475806451613 0.2275390625 16.7135357373955 3 0 2 
0 1590 7.6 24 0.430876358695652 0.4203125 28.8117630704391 1 0 -2 
1 1600 8 24 0.487870065789474 0.22265625 13.5840670451385 3 0 2 
0 1600 7.6 24 0.484145220588235 0.42265625 48.2226309178205 1 0 -2 
1 1610 8 24 0.5371875 0.283203125 19.5527259696359 3 0 2 
0 1610 7.6 24 0.530029296875 0.45625 41.4218131083003 1 0 -2 
1 1620 8 24 0.5671875 0.3779296875 39.3001755360726 3 0 2 
0 1620 7.6 24 0.495659722222222 0.49921875 28.0603143650058 1 0 -2 
1 1630 8 25 0.455729166666667 0.307291666666667 34.7065351242183 3 1 2 
0 1630 7.6 24 0.502387152777778 0.5265625 27.16711922407 1 -1 -2 
1 1640 8 25 0.513671875 0.27734375 40.164230134053 3 0 2 
0 1640 7.6 25 0.438210227272727 0.546875 19.4112802458337 1 0 -2 
1 1650 8 25 0.504918981481482 0.25390625 34.5334389886381 3 0 2 
0 1650 7.6 25 0.294389204545455 0.640625 30.3460261697872 1 0 -2 
1 1660 8 25 0.492513020833333 0.208984375 9.01387818865997 2 0 1 
0 1660 7.6 25 0.34375 0.6359375 46.3552045650096 1 0 -1 
1 1670 8 25 0.597316576086957 0.171875 8.4087899175156 2 0 1 
0 1670 7.6 25 0.34375 0.67734375 42.6532176729662 1 0 -1 
1 1680 8 25 0.533001077586207 0.1640625 0 2 0 1 
0 1680 7.6 25 0.302001953125 0.7203125 26.8461932995587 1 0 -1 
1 1690 8 25 0.471912202380952 0.131510416666667 3.78404392540622 2 0 1 
0 1690 7.6 25 0.338727678571429 0.7587890625 21.6116274661155 1 0 -1 
1 1700 8 25 0.521484375 0.205729166666667 4.16330490146003 2 0 2 
0 1700 7.6 25 0.338727678571429 0.74609375 12.0933866224478 0 0 -2 
1 1710 8 25 0.4609375 0.177734375 12.5099960031968 2 0 2 
0 1710 7.6 25 0.356640625 0.7578125 0 0 0 -2 
1 1720 8 25 0.60546875 0.184895833333333 11.1900352618571 2 0 2 
0 1720 7.6 25 0.443142361111111 NaN NaN 0 0 -2 
1 1730 8 25 0.6171875 0.48828125 12.0415945787923 2 0 2 
0 1730 7.6 25 0.5087890625 NaN NaN 0 0 -2 
1 1740 8 25 0.583984375 0.6796875 2.23606797749979 2 0 2 
0 1740 7.6 25 0.576822916666667 NaN NaN 0 0 -2 
1 1750 8 25 NaN NaN NaN 2 0 2 
0 1750 7.6 25 NaN NaN NaN 0 0 -2 
