1 30 8.2 1 NaN 0.218548387096774 19.2104244983299 3 0 0 
0 30 7.8 1 NaN 0.30241935483871 30.6589395918146 3 0 0 
1 40 8.2 1 NaN 0.266129032258065 22.256070463211 3 0 0 
0 40 7.8 1 NaN 0.328225806451613 29.5327052477266 3 0 0 
1 50 8.2 1 0.370967741935484 0.339516129032258 23.3134675254306 3 0 0 
0 50 7.8 1 0.383064516129032 0.358870967741936 30.0619127333055 3 0 0 
1 60 8.2 1 0.375 0.469354838709677 23.8305164625423 3 0 0 
0 60 7.8 1 0.375 0.430645161290323 32.371342789311 3 0 0 
1 70 8.2 1 0.379608294930876 0.465322580645161 27.0891890310035 3 0 0 
0 70 7.8 1 0.409072580645161 0.504838709677419 38.4944151737378 3 0 0 
1 80 8.2 1 0.466397849462366 0.491129032258064 24.1796743753373 3 0 0 
0 80 7.8 1 0.487231182795699 0.489516129032258 38.5018990771993 3 0 0 
1 90 8.2 1 0.390120967741936 0.49758064516129 24.8274546941787 3 0 0 
0 90 7.8 1 0.396091811414392 0.487903225806452 33.095044689239 3 0 0 
1 100 8.2 2 0.389112903225806 0.487903225806452 29.7507564921795 3 1 0 
0 100 7.8 1 0.379608294930876 0.412903225806452 43.9893088040521 3 -1 0 
1 110 8.2 2 0.449751861042184 0.489516129032258 38.2393012023189 3 0 0 
0 110 7.8 2 0.469254032258065 0.454838709677419 32.934926838679 3 0 0 
1 120 8.2 2 0.424059139784946 0.485483870967742 38.8156986820708 3 0 0 
0 120 7.8 2 0.400388291517324 0.493548387096774 34.1654680795452 3 0 0 
1 130 8.2 2 0.442876344086022 0.498387096774194 39.3669731787114 3 0 0 
0 130 7.8 2 0.396121351766513 0.474193548387097 33.7201153035633 3 0 0 
1 140 8.2 3 0.480846774193548 0.487096774193548 38.7994867546053 3 1 0 
0 140 7.8 2 0.459677419354839 0.458870967741935 31.3266887178506 3 -1 0 
1 150 8.2 3 0.427068723702665 0.510483870967742 32.2886546085003 3 0 0 
0 150 7.8 3 0.379032258064516 0.424193548387097 37.1854576685875 3 0 0 
1 160 8.2 4 0.381272401433692 0.532258064516129 22.5783443195703 3 1 0 
0 160 7.8 3 0.384072580645161 0.445161290322581 35.5693413409441 3 -1 0 
1 170 8.2 4 0.454889112903226 0.487903225806452 25.4117071487172 3 1 0 
0 170 7.8 3 0.466793168880455 0.449193548387097 36.8489906833102 3 -1 0 
1 180 8.2 4 0.420130272952854 0.435483870967742 30.3154827212538 3 0 0 
0 180 7.8 4 0.402479091995221 0.455645161290323 38.1594032379101 3 0 0 
1 190 8.2 5 0.375 0.455645161290323 31.7082642725049 3 1 0 
0 190 7.8 4 0.388306451612903 0.451612903225806 40.4249062541199 3 -1 0 
1 200 8.2 5 0.468548387096774 0.474193548387097 22.3279860776558 3 1 0 
0 200 7.8 4 0.483486943164362 0.487903225806452 44.2401315186304 3 -1 0 
1 210 8.2 6 0.406826036866359 0.513709677419355 24.9704270774838 3 1 0 
0 210 7.8 5 0.399658808933002 0.47883064516129 57.5128188078037 3 -1 0 
1 220 8.2 6 0.385176651305684 0.454838709677419 30.8424308569596 3 1 0 
0 220 7.8 5 0.414986559139785 0.482862903225806 51.5674467737204 3 -1 0 
1 230 8.2 6 0.48252688172043 0.476612903225806 39.6159191598761 3 1 0 
0 230 7.8 5 0.492271505376344 0.397177419354839 51.0671390043624 3 -1 0 
1 240 8.2 6 0.399025537634409 0.477150537634409 46.4230606062794 3 0 0 
0 240 7.8 6 0.415725806451613 0.47883064516129 42.1233156583672 3 0 0 
1 250 8.2 6 0.431283602150538 0.494623655913979 51.5191198399375 3 0 0 
0 250 7.8 6 0.419880785413745 0.4 51.4068896878635 3 0 0 
1 260 8.2 6 0.489247311827957 0.409274193548387 51.5030581944794 3 0 0 
0 260 7.8 6 0.443270300333704 0.35 50.6206318077303 3 0 0 
1 270 8.2 7 0.415645161290323 0.412096774193548 45.2610536679013 3 1 0 
0 270 7.8 6 0.420362903225806 0.44758064516129 32.3417306104381 3 -1 0 
1 280 8.2 7 0.392826825127335 0.45 33.4610679736906 3 1 0 
0 280 7.8 6 0.473566308243728 0.487096774193548 31.1858886780197 3 -1 0 
1 290 8.2 7 0.4296875 0.456451612903226 39.0177743325332 3 0 0 
0 290 7.8 7 0.497370266479663 0.523387096774194 34.0584518914516 3 0 0 
1 300 8.2 7 0.40515427769986 0.481451612903226 38.2695304321479 3 0 0 
0 300 7.8 7 0.414071190211346 0.480645161290323 37.012087852142 3 0 0 
1 310 8.2 7 0.422043010752688 0.470967741935484 36.0800420799998 3 0 0 
0 310 7.8 7 0.407441348973607 0.471774193548387 31.732704469856 3 0 0 
1 320 8.2 8 0.492172675521822 0.519354838709677 33.2426428346012 3 1 0 
0 320 7.8 7 0.458921370967742 0.436290322580645 36.5850036034452 3 -1 0 
1 330 8.2 8 0.433792924037461 0.524193548387097 35.529084676388 3 1 0 
0 330 7.8 7 0.404809907834101 0.431451612903226 35.3167003018496 3 -1 0 
1 340 8.2 8 0.384475806451613 0.504032258064516 34.7833192905339 3 0 0 
0 340 7.8 8 0.374787775891341 0.468548387096774 31.4260793571128 3 0 0 
1 350 8.2 8 0.477229601518027 0.496774193548387 24.3220904702349 3 0 0 
0 350 7.8 8 0.464346349745331 0.480645161290323 23.6356470122194 3 0 0 
1 360 8.2 9 0.433899769585253 0.542741935483871 23.5256817284637 3 1 0 
0 360 7.8 8 0.404776674937965 0.469758064516129 19.3981939590248 3 -1 0 
1 370 8.2 9 0.375504032258065 0.544354838709677 25.4253136475605 3 1 0 
0 370 7.8 8 0.406418010752688 0.411290322580645 41.3628077095451 3 -1 0 
1 380 8.2 10 0.482940446650124 0.499193548387097 38.0258260522113 3 2 0 
0 380 7.8 8 0.451360887096774 0.394153225806452 35.2237096008646 3 -2 0 
1 390 8.2 10 0.423248053392658 0.518548387096774 35.6289119087475 3 2 0 
0 390 7.8 8 0.38877688172043 0.429032258064516 18.8881640735811 3 -2 0 
1 400 8.2 10 0.421935483870968 0.466935483870968 23.2813314232989 3 2 0 
0 400 7.8 8 0.388440860215054 0.462701612903226 11.3143315627048 3 -2 0 
1 410 8.2 11 0.517190152801358 0.493548387096774 18.954337232752 3 2 0 
0 410 7.8 9 0.468346774193548 0.4375 7.63216876123687 3 -2 0 
1 420 8.2 11 0.438508064516129 0.529838709677419 9.68078373682368 3 2 0 
0 420 7.8 9 0.380152329749104 0.425403225806452 4.92442890089805 3 -2 0 
1 430 8.2 11 0.41817876344086 0.546774193548387 14.3993885107084 3 2 0 
0 430 7.8 9 0.386220196353436 0.306451612903226 39.5188727935196 3 -2 0 
1 440 8.2 11 0.476906158357771 0.598790322580645 3.88337541784174 3 2 0 
0 440 7.8 9 0.446774193548387 0.285483870967742 28.4703151916564 3 -2 0 
1 450 8.2 11 0.424133811230585 0.616935483870968 1.78962837570019 3 2 0 
0 450 7.8 9 0.403225806451613 0.355645161290323 37.4784798979729 3 -2 0 
1 460 8.2 11 0.434139784946237 0.46875 50.2465510512934 3 1 0 
0 460 7.8 10 0.41241935483871 0.424193548387097 36.7279002765523 3 -1 0 
1 470 8.2 11 0.438455008488964 0.457661290322581 45.7033302541459 3 1 0 
0 470 7.8 10 0.441837732160313 0.428225806451613 38.1796663925617 3 -1 0 
1 480 8.2 11 0.410685483870968 0.348387096774194 45.0595665204441 3 0 0 
0 480 7.8 11 0.439292114695341 0.505645161290323 36.5532361607332 3 0 0 
1 490 8.2 11 0.370967741935484 0.370967741935484 35.1427608469391 3 0 0 
0 490 7.8 11 0.487764182424917 0.505645161290323 36.1520274492536 3 0 0 
1 500 8.2 12 0.406017369727047 0.421774193548387 30.6685300641439 3 1 0 
0 500 7.8 11 0.510545905707196 0.47258064516129 31.6328113156097 3 -1 0 
1 510 8.2 12 0.390961021505376 0.458064516129032 35.6719257740633 3 1 0 
0 510 7.8 11 0.379800307219662 0.509677419354839 29.409121130808 3 -1 0 
1 520 8.2 12 0.402801358234295 0.437096774193548 27.4442859026887 3 1 0 
0 520 7.8 11 0.432368035190616 0.499193548387097 35.9695061015129 3 -1 0 
1 530 8.2 12 0.433467741935484 0.536290322580645 31.36488416211 3 1 0 
0 530 7.8 11 0.466733870967742 0.470967741935484 37.0618819785023 3 -1 0 
1 540 8.2 12 0.415754608294931 0.519354838709677 33.746114292547 3 1 0 
0 540 7.8 11 0.407661290322581 0.399193548387097 36.5308878825266 3 -1 0 
1 550 8.2 13 0.474630376344086 0.517741935483871 25.77162188649 3 2 0 
0 550 7.8 11 0.422538200339559 0.41633064516129 32.5442699706723 3 -2 0 
1 560 8.2 13 0.522681451612903 0.520161290322581 30.8988174524251 3 1 0 
0 560 7.8 12 0.389662756598241 0.457661290322581 34.8493182400961 3 -1 0 
1 570 8.2 13 0.460433467741936 0.514516129032258 36.9163932643615 3 1 0 
0 570 7.8 12 0.377016129032258 0.373387096774194 47.4346733559488 3 -1 0 
1 580 8.2 14 0.500134408602151 0.533870967741936 46.7257525575612 3 2 0 
0 580 7.8 12 0.372828784119107 0.391935483870968 44.1362955690309 3 -2 0 
1 590 8.2 14 0.556807400379507 0.542338709677419 28.3298538412202 3 2 0 
0 590 7.8 12 0.390552995391705 0.441935483870968 30.729437193634 3 -2 0 
1 600 8.2 14 0.526497695852534 0.518145161290323 24.9165916333517 3 2 0 
0 600 7.8 12 0.325268817204301 0.501008064516129 3.14879500963658 3 -2 0 
1 610 8.2 14 0.478270609318996 0.536290322580645 35.5196369879109 3 1 0 
0 610 7.8 13 0.347873900293255 0.482862903225806 9.16485970280904 3 -1 0 
1 620 8.2 15 0.5303480475382 0.446572580645161 39.3191866993779 3 2 0 
0 620 7.8 13 0.362903225806452 0.482862903225806 11.5863702818408 3 -2 0 
1 630 8.2 15 0.488387096774194 0.364516129032258 39.5511999425703 3 2 0 
0 630 7.8 13 0.322804659498208 0.419354838709677 47.2419851790822 3 -2 0 
1 640 8.2 15 0.462793255131965 0.408870967741935 31.5672567136578 3 2 0 
0 640 7.8 13 0.36760752688172 0.383064516129032 35.3046677352088 3 -2 0 
1 650 8.2 15 0.492439516129032 0.363911290322581 14.5764629297594 3 1 0 
0 650 7.8 14 0.383640552995392 0.363911290322581 11.0102890622081 3 -1 0 
1 660 8.2 15 0.46278801843318 0.475806451612903 20.9581889872468 3 1 0 
0 660 7.8 14 0.372258064516129 0.267137096774194 17.6186902892973 3 -1 0 
1 670 8.2 16 0.48340570719603 0.53125 13.0984310547567 3 2 0 
0 670 7.8 14 0.399813895781638 0.288306451612903 13.328841549309 3 -2 0 
1 680 8.2 16 0.569124423963134 0.569556451612903 4.53028356913716 3 2 0 
0 680 7.8 14 0.375 0.339516129032258 16.4611456345132 3 -2 0 
1 690 8.2 16 0.499718679669918 0.613911290322581 4.81967127979898 3 2 0 
0 690 7.8 14 0.345161290322581 0.3 30.8669252150758 3 -2 0 
1 700 8.2 16 0.493225806451613 0.633870967741935 26.6154732488923 3 1 0 
0 700 7.8 15 0.404121863799283 0.329838709677419 34.3047292227757 3 -1 0 
1 710 8.2 16 0.57642089093702 0.671774193548387 27.9787989815016 3 1 0 
0 710 7.8 15 0.437948028673835 0.337903225806452 29.6875274959636 3 -1 0 
1 720 8.2 16 0.436347926267281 0.651612903225806 32.2575971266794 3 1 0 
0 720 7.8 15 0.421514976958525 0.350806451612903 29.2034899100612 3 -1 0 
1 730 8.2 16 0.455040322580645 0.625806451612903 30.1873929306478 3 1 0 
0 730 7.8 15 0.467204301075269 0.399193548387097 30.1302265092732 3 -1 0 
1 740 8.2 17 0.585738539898132 0.65 28.5968350691694 3 2 0 
0 740 7.8 15 0.487903225806452 0.556451612903226 0 3 -2 0 
1 750 8.2 17 0.456093189964158 0.688709677419355 32.2523106700234 3 2 0 
0 750 7.8 15 0.396821631878558 0.55241935483871 0 3 -2 0 
1 760 8.2 18 0.467741935483871 0.683064516129032 30.5636308619954 3 3 1 
0 760 7.8 15 0.384072580645161 0.532258064516129 0 2 -3 -1 
1 770 8.2 18 0.567396313364055 0.683064516129032 32.674563329959 3 2 1 
0 770 7.8 16 0.380692599620493 0.377016129032258 44.7353327918772 2 -2 -1 
1 780 8.2 18 0.454704301075269 0.625 28.1561062243048 3 2 1 
0 780 7.8 16 0.325551782682513 0.236290322580645 28.8056499753677 2 -2 -1 
1 790 8.2 18 0.453281423804227 0.573588709677419 22.0533652081833 3 2 1 
0 790 7.8 16 0.331451612903226 0.22883064516129 12.5572668784714 2 -2 -1 
1 800 8.2 18 0.579133064516129 0.5 4.44562116130229 3 2 1 
0 800 7.8 16 0.331451612903226 0.376612903225806 12.0346271434018 2 -2 -1 
1 810 8.2 18 0.52078853046595 0.479838709677419 17.0466569953766 3 2 1 
0 810 7.8 16 0.303904923599321 0.47258064516129 6.17678322762058 2 -2 -1 
1 820 8.2 18 0.524731182795699 0.479838709677419 15.6823947106341 3 2 1 
0 820 7.8 16 0.331653225806452 0.470967741935484 14.0146999738909 2 -2 -1 
1 830 8.2 18 0.591200189753321 0.377016129032258 14.8034579425902 3 1 1 
0 830 7.8 17 0.334101382488479 0.50241935483871 19.6497636393749 2 -1 -1 
1 840 8.2 18 0.540555210918114 0.369959677419355 28.0273223035673 3 1 1 
0 840 7.8 17 0.315524193548387 0.485483870967742 28.6265928984418 2 -1 -1 
1 850 8.2 19 0.489143920595534 0.409274193548387 26.1197264136997 3 2 1 
0 850 7.8 17 0.360383064516129 0.469354838709677 31.185149075666 2 -2 -1 
1 860 8.2 19 0.553349875930521 0.48991935483871 21.1946549127564 3 2 1 
0 860 7.8 17 0.363155241935484 0.451612903225806 29.1305483778271 2 -2 -1 
1 870 8.2 19 0.526091081593928 0.499193548387097 42.95472894739 3 2 1 
0 870 7.8 17 0.330453149001536 0.383064516129032 19.331222414466 2 -2 -1 
1 880 8.2 19 0.571930280957336 0.573387096774194 42.0556529142547 3 2 1 
0 880 7.8 17 0.353494623655914 0.313172043010753 16.2500209004269 2 -2 -1 
1 890 8.2 19 0.592535153019024 0.596774193548387 31.0494939454441 3 1 1 
0 890 7.8 18 NaN 0.239247311827957 4.10017372177815 2 -1 -1 
1 900 8.2 20 0.501573564122738 0.566129032258065 11.6138228968597 3 2 1 
0 900 7.8 18 0.29562818336163 0.279569892473118 12.6862707270151 2 -2 -1 
1 910 8.2 20 0.530567117585848 0.530645161290323 6.11268132503854 3 2 1 
0 910 7.8 18 0.330278592375367 0.280241935483871 20.4014581850206 2 -2 -1 
1 920 8.2 20 0.640738813735692 0.520967741935484 12.0737255464672 3 2 1 
0 920 7.8 18 0.314112903225806 0.304435483870968 37.9737612323911 2 -2 -1 
1 930 8.2 20 0.560377758913412 0.634677419354839 12.7589785223068 3 2 1 
0 930 7.8 18 0.31989247311828 0.321774193548387 24.299773485822 2 -2 -1 
1 940 8.2 20 0.554958183990442 0.692741935483871 10.568673635253 3 2 1 
0 940 7.8 18 0.348286290322581 0.279838709677419 24.2740411533538 2 -2 -1 
1 950 8.2 20 0.640168970814132 0.726612903225806 12.6908799918075 3 2 2 
0 950 7.8 18 0.363659274193548 0.253225806451613 12.2864511356213 1 -2 -2 
1 960 8.2 20 0.660282258064516 0.791935483870968 5.40627319215626 3 2 2 
0 960 7.8 18 0.462557603686636 0.175403225806452 6.51920240520265 1 -2 -2 
1 970 8.2 20 0.793010752688172 0.850806451612903 2.5 3 2 2 
0 970 7.8 18 NaN 0.133064516129032 1.4142135623731 1 -2 -2 
