1 30 7.8 1 NaN 0.339516129032258 23.309371638107 3 0 0 
0 30 5 1 NaN 0.220766129032258 16.3718006061153 3 0 0 
1 40 7.8 1 NaN 0.366935483870968 25.6378164502741 3 0 0 
0 40 5 1 NaN 0.290322580645161 27.7630720420061 3 0 0 
1 50 7.8 1 0.366263440860215 0.403225806451613 27.9707593509511 3 0 0 
0 50 5 1 0.370967741935484 0.349193548387097 30.0028587340241 3 0 0 
1 60 7.8 1 0.364247311827957 0.491935483870968 24.4013454176203 3 0 0 
0 60 5 1 0.364247311827957 0.440322580645161 36.8582147510331 3 0 0 
1 70 7.8 1 0.416171477079796 0.462701612903226 23.8867803103439 3 0 0 
0 70 5 1 0.413911290322581 0.469354838709677 39.7761120651228 3 0 0 
1 80 7.8 1 0.449193548387097 0.477822580645161 27.4154701228926 3 0 0 
0 80 5 1 0.457971464019851 0.50241935483871 40.8747573877659 3 0 0 
1 90 7.8 1 0.372617302052786 0.515120967741936 21.8240282817747 3 0 0 
0 90 5 1 0.381311360448808 0.487096774193548 43.4349626380404 3 0 0 
1 100 7.8 2 0.423387096774194 0.525201612903226 23.9029302492046 3 1 0 
0 100 5 1 0.41973886328725 0.467741935483871 38.6379622901865 3 -1 0 
1 110 7.8 2 0.450696480938416 0.483064516129032 30.7898413825919 3 0 0 
0 110 5 2 0.452233250620347 0.474193548387097 38.2716449130363 3 0 0 
1 120 7.8 2 0.391774193548387 0.485483870967742 29.7490227662481 3 0 0 
0 120 5 2 0.411002304147465 0.481451612903226 41.7174698902703 3 0 0 
1 130 7.8 2 0.434847198641766 0.481451612903226 31.924143549836 3 0 0 
0 130 5 2 0.471942204301075 0.47741935483871 44.7877415369912 3 0 0 
1 140 7.8 3 0.448252688172043 0.459677419354839 36.1732641306249 3 1 0 
0 140 5 2 0.498900293255132 0.479032258064516 47.9451841888224 3 -1 0 
1 150 7.8 3 0.405913978494624 0.469354838709677 40.5305063498293 3 1 0 
0 150 5 2 0.402450372208437 0.471774193548387 48.3377058943451 3 -1 0 
1 160 7.8 3 0.422379032258065 0.487096774193548 47.536473852623 3 0 0 
0 160 5 3 0.388508064516129 0.483870967741936 46.7358113785374 3 0 0 
1 170 7.8 4 0.463306451612903 0.477822580645161 52.9397436982598 3 1 0 
0 170 5 3 0.459173387096774 0.516129032258065 49.1171158747044 3 -1 0 
1 180 7.8 4 0.393300248138958 0.426612903225806 57.7221048396527 3 1 0 
0 180 5 3 0.390818858560794 0.363911290322581 51.7053582351733 3 -1 0 
1 190 7.8 4 0.438120347394541 0.423387096774194 46.3959143447545 3 1 0 
0 190 5 3 0.423387096774194 0.370161290322581 40.6377602038105 3 -1 0 
1 200 7.8 5 0.462854349951124 0.479838709677419 32.113263926989 3 2 0 
0 200 5 3 0.432152875175316 0.397177419354839 32.112162813066 3 -2 0 
1 210 7.8 5 0.438211574952562 0.516129032258065 34.6264872343697 3 1 0 
0 210 5 4 0.397465437788018 0.476814516129032 22.5761316488694 3 -1 0 
1 220 7.8 6 0.486943164362519 0.530241935483871 35.4298043630477 3 2 0 
0 220 5 4 0.440911910669975 0.405645161290323 35.4277373514544 3 -2 0 
1 230 7.8 6 0.489552785923754 0.425 37.5783158907264 3 1 0 
0 230 5 5 0.450372208436724 0.426612903225806 29.905649388068 3 -1 0 
1 240 7.8 6 0.407407407407407 0.453225806451613 36.6148498129279 3 1 0 
0 240 5 5 0.399038461538462 0.439516129032258 27.4873686088987 3 -1 0 
1 250 7.8 6 0.443951612903226 0.412096774193548 38.972332298285 3 1 0 
0 250 5 5 0.409824046920821 0.475806451612903 31.6484718980798 3 -1 0 
1 260 7.8 7 0.461430575035063 0.481451612903226 30.1513039637233 3 1 0 
0 260 5 6 0.44432382133995 0.471774193548387 26.2838677309583 3 -1 0 
1 270 7.8 7 0.405764635603345 0.408870967741935 42.6533355947642 3 1 0 
0 270 5 6 0.413515016685206 0.477822580645161 25.4344929147926 3 -1 0 
1 280 7.8 7 0.457661290322581 0.424193548387097 37.0246950652189 3 1 0 
0 280 5 6 0.432123655913978 0.438508064516129 25.9980520787453 3 -1 0 
1 290 7.8 7 0.454053480475382 0.458870967741935 30.9060237496459 3 1 0 
0 290 5 6 0.453995601173021 0.393548387096774 37.4371598350341 3 -1 0 
1 300 7.8 8 0.435592850915432 0.491935483870968 26.2551984043725 3 1 0 
0 300 5 7 0.390198511166253 0.417741935483871 22.3390787587086 3 -1 0 
1 310 7.8 8 0.529193548387097 0.519153225806452 28.2033647880562 3 1 0 
0 310 5 7 0.388045540796964 0.405645161290323 20.7518156410893 3 -1 0 
1 320 7.8 8 0.48564990512334 0.455645161290323 43.4061249725408 3 1 0 
0 320 5 7 0.393758765778401 0.429838709677419 38.3292355494677 3 -1 0 
1 330 7.8 8 0.386424731182796 0.450806451612903 43.3580310750693 3 1 0 
0 330 5 7 0.390508684863524 0.393145161290323 33.3788271735511 3 -1 0 
1 340 7.8 9 0.472894265232975 0.487903225806452 30.0929773410603 3 1 0 
0 340 5 8 0.428130929791271 0.41633064516129 24.5103112960811 3 -1 0 
1 350 7.8 9 0.473014888337469 0.512903225806452 28.7769746793376 3 1 0 
0 350 5 8 0.421622983870968 0.401209677419355 18.1147277113665 3 -1 0 
1 360 7.8 9 0.420564516129032 0.543548387096774 27.3631741855342 3 1 0 
0 360 5 8 0.379704301075269 0.402217741935484 14.8031567465685 3 -1 0 
1 370 7.8 9 0.464477726574501 0.521774193548387 24.8780960416901 3 1 0 
0 370 5 8 0.430555555555556 0.357862903225806 32.8467575093542 3 -1 0 
1 380 7.8 10 0.479838709677419 0.556451612903226 25.9124150583675 3 2 0 
0 380 5 8 0.437275985663083 0.390120967741936 32.3843539097284 3 -2 0 
1 390 7.8 10 0.427836484983315 0.531451612903226 32.6807831351908 3 1 0 
0 390 5 9 0.364247311827957 0.408870967741935 32.2176070748692 3 -1 0 
1 400 7.8 10 0.433467741935484 0.520967741935484 21.0845592661981 3 1 0 
0 400 5 9 0.416383701188455 0.454032258064516 41.1622773050241 3 -1 0 
1 410 7.8 10 0.451756912442396 0.436290322580645 32.8245328230934 3 1 0 
0 410 5 9 0.442252304147465 0.504838709677419 44.9800596677569 3 -1 0 
1 420 7.8 10 0.392096774193548 0.473387096774194 33.1135366904462 3 1 0 
0 420 5 9 0.398263027295285 0.487903225806452 42.3786559217483 3 -1 0 
1 430 7.8 11 0.417786738351255 0.514516129032258 32.8261997181712 3 2 0 
0 430 5 9 0.399193548387097 0.452956989247312 21.024731035575 3 -2 0 
1 440 7.8 11 0.445014662756598 0.517137096774194 36.3272407068907 3 1 0 
0 440 5 10 0.426267281105991 0.387096774193548 32.9093329810784 3 -1 0 
1 450 7.8 11 0.420833333333333 0.538306451612903 36.5343780508994 3 1 0 
0 450 5 10 0.387903225806452 0.329838709677419 41.2357775925961 3 -1 0 
1 460 7.8 11 0.490025466893039 0.523185483870968 44.8804576229684 3 1 0 
0 460 5 10 0.389976958525346 0.401612903225806 40.5179312705081 3 -1 0 
1 470 7.8 11 0.495823732718894 0.365591397849462 41.7556360305659 3 1 0 
0 470 5 10 0.418988269794721 0.4375 45.5170028540405 3 -1 0 
1 480 7.8 11 0.417482718894009 0.413306451612903 47.1748152882041 3 1 0 
0 480 5 10 0.392834987593052 0.470161290322581 47.6092561045408 3 -1 0 
1 490 7.8 12 0.440432551319648 0.46236559139785 8.68040447875639 3 1 0 
0 490 5 11 0.430602716468591 0.463709677419355 41.7266873435544 3 -1 0 
1 500 7.8 12 0.461155913978495 0.424395161290323 41.81586017405 3 1 0 
0 500 5 11 0.445216907675195 0.461290322580645 37.3223284259894 3 -1 0 
1 510 7.8 12 0.423526140155729 0.454637096774194 32.9463203724797 3 1 0 
0 510 5 11 0.412065756823821 0.505040322580645 49.9215478843248 3 -1 0 
1 520 7.8 12 0.477716468590832 0.430645161290323 51.3119672638648 3 1 0 
0 520 5 11 0.413558467741936 0.502016129032258 34.5285561404276 3 -1 0 
1 530 7.8 12 0.471072931276297 0.485887096774194 44.3851893056473 3 1 0 
0 530 5 11 0.414222873900293 0.465725806451613 24.6007535308812 3 -1 0 
1 540 7.8 12 0.415591397849462 0.496975806451613 45.5827653355846 3 1 0 
0 540 5 11 0.398263027295285 0.48991935483871 36.1279364704971 3 -1 0 
1 550 7.8 12 0.425084889643463 0.495967741935484 51.73499633572 3 1 0 
0 550 5 11 0.412442396313364 0.551612903225806 32.0312016992151 3 -1 0 
1 560 7.8 13 0.461073200992556 0.375806451612903 49.9253333214893 3 1 0 
0 560 5 12 0.425483870967742 0.545967741935484 31.3965082916247 3 -1 0 
1 570 7.8 13 0.432987711213518 0.401209677419355 49.594527878786 3 1 0 
0 570 5 12 0.404156327543424 0.559677419354839 38.6020620185672 3 -1 0 
1 580 7.8 13 0.450992555831265 0.413709677419355 46.6100573089207 3 1 0 
0 580 5 12 0.443899018232819 0.599798387096774 41.5415579293806 3 -1 0 
1 590 7.8 13 0.471137521222411 0.453225806451613 44.2532976190852 3 1 0 
0 590 5 12 0.44489247311828 0.5 39.9101891332261 3 -1 0 
1 600 7.8 13 0.383765778401122 0.450806451612903 41.8022948055295 3 1 0 
0 600 5 12 0.396412680756396 0.526881720430108 40.1604515803922 3 -1 0 
1 610 7.8 13 0.412858422939068 0.430645161290323 46.5676656340627 3 1 0 
0 610 5 12 0.435794044665012 0.451612903225806 40.0039548141603 3 -1 0 
1 620 7.8 14 0.465287517531557 0.466935483870968 39.2971850971224 3 2 0 
0 620 5 12 0.474731182795699 0.323924731182796 37.783353291006 3 -2 0 
1 630 7.8 14 0.433971774193548 0.466935483870968 31.1178393210606 3 2 0 
0 630 5 12 0.403691066997519 0.252688172043011 39.646942720908 3 -2 0 
1 640 7.8 14 0.449596774193548 0.518548387096774 21.100463286907 3 2 0 
0 640 5 12 0.383568548387097 0.363709677419355 28.7951121486436 3 -2 0 
1 650 7.8 14 0.49537037037037 0.516935483870968 22.7903236824018 3 1 0 
0 650 5 13 0.414650537634409 0.349193548387097 28.7513445971772 3 -1 0 
1 660 7.8 15 0.490716429107277 0.525806451612903 26.5818786757561 3 2 0 
0 660 5 13 0.350169779286927 0.395161290322581 22.5022333518703 3 -2 0 
1 670 7.8 15 0.437818336162988 0.450268817204301 63.3763988693396 3 1 0 
0 670 5 14 0.381182795698925 0.452620967741936 17.6076217920114 3 -1 0 
1 680 7.8 15 0.515120967741936 0.490591397849462 31.5177502967603 3 1 0 
0 680 5 14 0.414848197343453 0.409274193548387 11.5738653953899 3 -1 0 
1 690 7.8 15 0.467857142857143 0.487903225806452 22.3886131772381 3 1 0 
0 690 5 14 0.387717121588089 0.401209677419355 11.1572052801566 3 -1 0 
1 700 7.8 15 0.46681141439206 0.439516129032258 0 3 1 0 
0 700 5 14 0.39454094292804 0.446572580645161 16.169777158257 3 -1 0 
1 710 7.8 15 0.55567617866005 0.266129032258065 40.2795499478051 3 1 0 
0 710 5 14 0.426782682512733 0.419354838709677 24.414596974735 3 -1 0 
1 720 7.8 15 0.429505005561735 0.373991935483871 25.1937419104973 3 0 0 
0 720 5 15 0.404301075268817 0.457661290322581 24.9990997568823 3 0 0 
1 730 7.8 15 0.363911290322581 0.360483870967742 33.3045285738482 3 0 0 
0 730 5 15 0.472300140252454 0.494959677419355 28.3572643804846 3 0 0 
1 740 7.8 16 0.441532258064516 0.431451612903226 26.1625898544238 3 1 0 
0 740 5 15 0.475374423963134 0.481854838709677 18.0040178584551 3 -1 0 
1 750 7.8 16 0.411722350230415 0.491129032258064 28.2689895341188 3 1 0 
0 750 5 15 0.370784457478006 0.451612903225806 3.75768276772354 3 -1 0 
1 760 7.8 16 0.471522177419355 0.508064516129032 34.9807482589408 3 1 0 
0 760 5 15 0.371442125237192 0.435483870967742 4.47261667379693 3 -1 0 
1 770 7.8 16 0.528846153846154 0.52116935483871 31.9832617783391 3 0 0 
0 770 5 16 0.4 0.439516129032258 16.041959763249 3 0 0 
1 780 7.8 17 0.431841831425598 0.527217741935484 29.9104091656476 3 1 0 
0 780 5 16 0.368421052631579 0.441532258064516 27.6812210713328 3 -1 0 
1 790 7.8 17 0.41705069124424 0.519153225806452 38.1390156952619 3 1 0 
0 790 5 16 0.399865591397849 0.42741935483871 30.3191358715911 3 -1 0 
1 800 7.8 17 0.471572580645161 0.479838709677419 31.8819591820095 3 1 0 
0 800 5 16 0.430913978494624 0.337365591397849 45.2377621819283 3 -1 0 
1 810 7.8 17 0.412634408602151 0.388709677419355 46.6632499406726 3 1 0 
0 810 5 16 0.378528225806452 0.276209677419355 38.0540553051253 3 -1 0 
1 820 7.8 17 0.439708141321045 0.383064516129032 35.2783935639199 3 1 0 
0 820 5 16 0.415994623655914 0.404233870967742 44.8701295645504 3 -1 0 
1 830 7.8 17 0.463911290322581 0.424395161290323 26.8942072273695 3 0 0 
0 830 5 17 0.434587813620072 0.470766129032258 51.0756693929268 3 0 0 
1 840 7.8 17 0.413530465949821 0.460685483870968 43.8975303117681 3 0 0 
0 840 5 17 0.386476426799007 0.471774193548387 36.8515950773939 3 0 0 
1 850 7.8 17 0.415927419354839 0.419354838709677 48.6108204355032 3 0 0 
0 850 5 17 0.401315789473684 0.442204301075269 35.3729224804285 3 0 0 
1 860 7.8 17 0.497043010752688 0.42741935483871 37.7780910661238 3 0 0 
0 860 5 17 0.473973607038123 0.484677419354839 36.680576441806 3 0 0 
1 870 7.8 18 0.387768817204301 0.403225806451613 30.0487490750688 3 1 0 
0 870 5 17 0.44449715370019 0.519153225806452 26.6442418074477 3 -1 0 
1 880 7.8 18 0.422491039426523 0.345766129032258 43.3360249261157 3 0 0 
0 880 5 18 0.455294530154278 0.514112903225806 34.5938120752499 3 0 0 
1 890 7.8 18 0.462813620071685 0.330645161290323 40.1908677302494 3 0 0 
0 890 5 18 0.497370266479663 0.479838709677419 9.86154146165801 3 0 0 
1 900 7.8 18 0.37133431085044 0.35752688172043 34.7872264808184 3 0 0 
0 900 5 18 0.383064516129032 0.544354838709677 28.1602556806574 3 0 0 
1 910 7.8 18 0.392281105990783 0.399193548387097 41.929526183265 3 0 0 
0 910 5 18 0.382258064516129 0.485887096774194 33.0945614867458 3 0 0 
1 920 7.8 18 0.485663082437276 0.433467741935484 45.2354949127342 3 0 0 
0 920 5 18 0.467375366568915 0.504032258064516 0 3 0 0 
1 930 7.8 19 0.423088410991637 0.446236559139785 48.386847010918 3 1 0 
0 930 5 18 0.401774193548387 NaN NaN 3 -1 0 
1 940 7.8 19 0.46273637374861 0.491935483870968 40.0732577397471 3 1 0 
0 940 5 18 0.397360703812317 0.149193548387097 0 3 -1 0 
1 950 7.8 19 0.518990634755463 0.420161290322581 38.1501786692185 3 1 0 
0 950 5 18 0.424731182795699 0.207661290322581 17.3349358233597 3 -1 0 
1 960 7.8 19 0.501475216365067 0.475806451612903 28.6067266310131 3 1 0 
0 960 5 18 0.374032258064516 0.316532258064516 6.57647321898295 3 -1 0 
1 970 7.8 20 0.52770551508845 0.525806451612903 27.7162809418892 3 2 0 
0 970 5 18 0.36491935483871 0.309139784946237 28.2062034334089 3 -2 0 
1 980 7.8 20 0.573476702508961 0.617741935483871 24.1200027695356 3 1 0 
0 980 5 19 0.327620967741936 0.234879032258065 15.1467340430453 3 -1 0 
1 990 7.8 20 0.478718637992832 0.628225806451613 19.5688223085859 3 1 0 
0 990 5 19 0.301159274193548 0.252688172043011 15.1557662063018 3 -1 0 
1 1000 7.8 20 0.470430107526882 0.680645161290323 11.2289665658878 3 1 0 
0 1000 5 19 0.303225806451613 0.285282258064516 7.44700054131598 3 -1 0 
1 1010 7.8 20 0.577956989247312 0.731854838709677 8.21354199131171 3 1 0 
0 1010 5 19 0.297883064516129 0.240591397849462 16.040545965516 3 -1 0 
1 1020 7.8 21 0.5 0.67741935483871 11.8225940930827 3 2 0 
0 1020 5 19 0.303970223325062 0.195564516129032 7.5 3 -2 0 
1 1030 7.8 21 0.506878557874763 0.684139784946237 15.5744722854362 3 1 1 
0 1030 5 20 0.324596774193548 0.284274193548387 4.03112887414927 2 -1 -1 
1 1040 7.8 21 0.578801843317972 0.704301075268817 26.056320168216 3 1 1 
0 1040 5 20 0.315860215053763 0.26008064516129 5.22015325445528 2 -1 -1 
1 1050 7.8 21 0.498819826907946 0.641129032258065 27.2227987952037 3 1 1 
0 1050 5 20 0.299731182795699 0.276209677419355 8.13941029804985 2 -1 -1 
1 1060 7.8 21 0.4765625 0.612903225806452 25.8503982086456 3 1 1 
0 1060 5 20 0.327764976958525 0.252688172043011 29.6599650914317 2 -1 -1 
1 1070 7.8 21 0.51954094292804 0.463709677419355 52.8591670951992 3 1 1 
0 1070 5 20 0.318951612903226 0.329838709677419 32.3259596279697 2 -1 -1 
1 1080 7.8 21 0.463343108504399 0.415322580645161 54.359653163642 3 1 1 
0 1080 5 20 0.326814516129032 0.259408602150538 16.0284176413067 2 -1 -1 
1 1090 7.8 21 0.457258064516129 0.379032258064516 36.8031694127725 3 1 1 
0 1090 5 20 0.399193548387097 0.31989247311828 16.8476541305605 2 -1 -1 
1 1100 7.8 21 0.460829493087558 0.445967741935484 21.5194965968624 3 1 1 
0 1100 5 20 0.408064516129032 0.385752688172043 8.84654897857025 2 -1 -1 
1 1110 7.8 21 0.407258064516129 0.495161290322581 18.8585255617676 3 1 1 
0 1110 5 20 0.403763440860215 0.475806451612903 8.29556478248499 2 -1 -1 
1 1120 7.8 22 0.492636746143058 0.520161290322581 28.6948918336624 3 2 1 
0 1120 5 20 0.360703812316716 0.483870967741936 17.3601933974447 2 -2 -1 
1 1130 7.8 22 0.514868951612903 0.567741935483871 18.7392442757077 3 2 1 
0 1130 5 20 0.346774193548387 0.423387096774194 31.6425346645935 2 -2 -1 
1 1140 7.8 22 0.469758064516129 0.588709677419355 22.7156810911755 3 1 1 
0 1140 5 21 0.375960061443932 0.354838709677419 18.1727818453862 2 -1 -1 
1 1150 7.8 22 0.526565464895636 0.610483870967742 19.3466277767388 3 1 1 
0 1150 5 21 0.366487455197133 0.225806451612903 18.6505468026208 2 -1 -1 
1 1160 7.8 22 0.545525494276795 0.539314516129032 12.4348593982229 3 1 1 
0 1160 5 21 0.419354838709677 0.25 11.6134442822236 2 -1 -1 
1 1170 7.8 22 0.525109970674487 0.486290322580645 26.7933495627121 3 1 1 
0 1170 5 21 0.263519924098672 0.262096774193548 17.7667174244322 2 -1 -1 
1 1180 7.8 22 0.603005865102639 0.534677419354839 25.1647046611667 3 1 2 
0 1180 5 21 0.265232974910394 0.25 15.6362582682769 1 -1 -2 
1 1190 7.8 22 0.633162863886703 0.629032258064516 43.8880670449097 3 1 2 
0 1190 5 21 0.254928315412186 0.206451612903226 9.50709457208266 1 -1 -2 
1 1200 7.8 22 0.549045424621461 0.65241935483871 37.8802656690573 3 1 2 
0 1200 5 21 0.241935483870968 0.204637096774194 5.96943777928247 1 -1 -2 
1 1210 7.8 22 0.509792626728111 0.62741935483871 36.0656124523483 3 1 2 
0 1210 5 21 0.254032258064516 0.244959677419355 4.39008516794542 1 -1 -2 
1 1220 7.8 22 0.5955522971652 0.575806451612903 33.0454530816185 3 1 2 
0 1220 5 21 0.292338709677419 0.394354838709677 43.7026596762495 1 -1 -2 
1 1230 7.8 23 0.493145161290323 0.469758064516129 45.6728144151835 3 2 2 
0 1230 5 21 0.298118279569893 0.316532258064516 7.22046918821717 1 -2 -2 
1 1240 7.8 23 0.527822580645161 0.450604838709677 38.7630198722351 3 2 2 
0 1240 5 21 NaN 0.349798387096774 7.00505230763623 1 -2 -2 
1 1250 7.8 23 0.625 0.43010752688172 11.5259222755985 3 1 2 
0 1250 5 22 0.370967741935484 0.497983870967742 4.93983047613531 1 -1 -2 
1 1260 7.8 23 0.49317617866005 0.407258064516129 11.2554226599763 3 1 2 
0 1260 5 22 0.312948028673835 0.5625 4.72489608495312 1 -1 -2 
1 1270 7.8 23 0.438364055299539 0.450268817204301 21.1213038768464 3 1 2 
0 1270 5 22 0.49445564516129 0.528225806451613 2.0935149300222 1 -1 -2 
1 1280 7.8 23 0.571068548387097 0.463709677419355 20.6543232719264 3 1 2 
0 1280 5 22 0.459677419354839 0.534274193548387 4.02389473732039 1 -1 -2 
1 1290 7.8 23 0.486050566695728 0.456989247311828 24.9180472484836 3 1 2 
0 1290 5 22 0.311251920122888 0.567540322580645 3.64066737236258 1 -1 -2 
1 1300 7.8 23 0.467741935483871 0.421370967741936 41.7586525409173 3 1 2 
0 1300 5 22 0.361559139784946 0.446572580645161 6.94771634152961 1 -1 -2 
1 1310 7.8 23 0.562974383301708 0.382056451612903 11.1422245104041 3 1 2 
0 1310 5 22 0.432347670250896 0.283266129032258 15.3074506154117 1 -1 -2 
1 1320 7.8 23 0.495509530791789 0.386290322580645 29.692095938995 3 1 2 
0 1320 5 22 0.323991935483871 0.261088709677419 13.4848949856165 1 -1 -2 
1 1330 7.8 23 0.513709677419355 0.538709677419355 32.395979174004 3 1 2 
0 1330 5 22 0.325806451612903 0.329637096774194 16.4139896545424 1 -1 -2 
1 1340 7.8 23 0.580299539170507 0.573588709677419 25.6963006932871 3 1 2 
0 1340 5 22 0.323924731182796 0.365927419354839 16.8759469284283 1 -1 -2 
1 1350 7.8 23 0.529821908602151 0.684475806451613 20.2457753843416 3 1 2 
0 1350 5 22 0.330981182795699 0.243951612903226 16.7787294881693 1 -1 -2 
1 1360 7.8 23 0.519414575866189 0.634408602150538 21.9148137854805 3 0 2 
0 1360 5 23 0.339381720430108 0.240927419354839 16.7187666082171 1 0 -2 
1 1370 7.8 23 0.590100111234705 0.498991935483871 20.426451692329 3 0 2 
0 1370 5 23 0.339381720430108 0.321572580645161 15.0145861658846 1 0 -2 
1 1380 7.8 23 0.509283570892723 0.480846774193548 3.83592310999783 3 0 2 
0 1380 5 23 0.299596774193548 0.420362903225806 18.2174926229828 1 0 -2 
1 1390 7.8 23 0.512226847034339 0.538306451612903 10.7583724332075 3 0 2 
0 1390 5 23 0.359237536656892 0.404233870967742 20.2197083920812 1 0 -2 
1 1400 7.8 23 0.527741935483871 0.254032258064516 41.218518756712 3 0 2 
0 1400 5 23 0.361751152073733 0.418346774193548 13.5267298838544 1 0 -2 
1 1410 7.8 23 0.472198641765705 0.277217741935484 35.3870615999165 3 0 2 
0 1410 5 23 0.365275142314991 0.454637096774194 4.62283854171041 1 0 -2 
1 1420 7.8 23 0.450911640953717 0.377016129032258 28.6600566121522 3 0 2 
0 1420 5 23 0.369815668202765 0.466129032258065 31.8069986739676 1 0 -2 
1 1430 7.8 23 0.53168202764977 0.425403225806452 30.1310523985987 3 0 2 
0 1430 5 23 0.440956221198157 0.515322580645161 32.2545893092848 1 0 -2 
1 1440 7.8 23 0.500100806451613 0.622311827956989 9.29194320724011 3 0 2 
0 1440 5 23 0.419880785413745 0.533064516129032 43.7101990665379 1 0 -2 
1 1450 7.8 23 0.46594982078853 0.612903225806452 12.959434182868 3 0 2 
0 1450 5 23 0.472177419354839 0.582661290322581 45.4578695492847 1 0 -2 
1 1460 7.8 23 0.511872759856631 0.454301075268817 26.9632747473027 3 0 2 
0 1460 5 23 0.636730205278592 0.595766129032258 43.1059917163059 1 0 -2 
1 1470 7.8 24 0.447926267281106 0.339717741935484 38.4904261750927 3 0 2 
0 1470 5 24 0.441532258064516 0.484677419354839 60.9323612273115 1 0 -2 
1 1480 7.8 24 0.484026054590571 0.371975806451613 30.5507356208967 3 0 2 
0 1480 5 24 0.424660441426146 0.490322580645161 43.0339475698165 1 0 -2 
1 1490 7.8 24 0.550739247311828 0.346774193548387 17.9758399626261 3 0 2 
0 1490 5 24 0.4 0.490322580645161 29.1370525499783 1 0 -2 
1 1500 7.8 24 0.454838709677419 0.311827956989247 37.0886907394044 3 0 2 
0 1500 5 24 0.345925297113752 0.51008064516129 32.0099062074632 1 0 -2 
1 1510 7.8 24 0.454604578563996 0.334677419354839 40.0965730171989 3 0 2 
0 1510 5 24 0.389943074003795 0.545362903225806 35.2634860132547 1 0 -2 
1 1520 7.8 24 0.481422811059908 0.362903225806452 17.6139149538085 3 0 2 
0 1520 5 24 0.398883374689826 0.550403225806452 36.784677945235 1 0 -2 
1 1530 7.8 24 0.495812655086849 0.254032258064516 22.2050050797785 2 0 1 
0 1530 5 24 0.36197270471464 0.617943548387097 44.8205949192526 1 0 -1 
1 1540 7.8 24 0.465370018975332 0.206989247311828 5.20415713632217 2 0 1 
0 1540 5 24 0.365275142314991 0.670362903225806 37.4592342397415 1 0 -1 
1 1550 7.8 24 0.450736325385694 0.190860215053763 2.10675674882388 2 0 1 
0 1550 5 24 0.414516129032258 0.717741935483871 24.844955130132 1 0 -1 
1 1560 7.8 24 0.48494623655914 0.127016129032258 4.66891525099106 2 0 1 
0 1560 5 24 0.370967741935484 0.795698924731183 4.64842350594525 1 0 -1 
1 1570 7.8 24 0.581541218637993 0.17258064516129 6.65016299121939 2 0 1 
0 1570 5 24 0.415632754342432 0.76747311827957 3.19436157645119 1 0 -1 
1 1580 7.8 24 0.561874304783092 0.250806451612903 16.0153008199658 2 0 1 
0 1580 5 24 0.474255583126551 0.698588709677419 2.80142652133858 1 0 -1 
1 1590 7.8 24 0.452188940092166 0.240591397849462 15.1057727682341 2 -1 1 
0 1590 5 25 0.387872208436724 0.700604838709677 13.5642200021707 1 1 -1 
1 1600 7.8 24 0.389578163771712 0.205645161290323 13.2440076311516 2 -1 1 
0 1600 5 25 0.543255131964809 0.727150537634409 6.57421533320544 1 1 -1 
1 1610 7.8 24 0.504800307219662 0.183467741935484 7.5 2 -1 1 
0 1610 5 25 0.620967741935484 0.771505376344086 3.11111111111111 1 1 -1 
1 1620 7.8 24 0.449751861042184 0.17741935483871 10.6904925847931 2 -1 1 
0 1620 5 25 0.413306451612903 0.612903225806452 58.8233158085225 1 1 -1 
1 1630 7.8 24 0.528897849462366 0.223118279569892 6.0106594997669 2 -1 1 
0 1630 5 25 0.562618595825427 0.596774193548387 33.5278901100963 1 1 -1 
1 1640 7.8 24 0.571812596006144 0.247311827956989 2.81091347570523 2 -1 1 
0 1640 5 25 0.589516129032258 0.610887096774194 10.5580770873932 1 1 -1 
1 1650 7.8 24 0.452593722755013 0.31989247311828 15.743781275282 2 -1 1 
0 1650 5 25 0.41633064516129 0.582661290322581 2.98262542979974 1 1 -1 
1 1660 7.8 24 0.537826420890937 0.24758064516129 27.0299674539546 2 -1 1 
0 1660 5 25 0.441868279569893 0.522177419354839 18.4015104719936 1 1 -1 
1 1670 7.8 24 0.531792803970223 0.35241935483871 24.0730222136707 2 -1 1 
0 1670 5 25 0.489415322580645 0.431451612903226 26.2461598751235 1 1 -1 
1 1680 7.8 24 0.45148689516129 0.469354838709677 9.68334170177622 2 -1 1 
0 1680 5 25 0.357819074333801 0.479838709677419 29.9405389789998 1 1 -1 
1 1690 7.8 24 0.457174638487208 0.57258064516129 5.79195339629731 2 -1 1 
0 1690 5 25 0.384024577572965 0.448924731182796 28.7883428874545 1 1 -1 
1 1700 7.8 25 0.524894810659187 0.587903225806452 10.1292664746261 2 0 1 
0 1700 5 25 0.450100806451613 0.431451612903226 29.1301751158402 1 0 -1 
1 1710 7.8 25 0.497227822580645 0.550806451612903 18.5666511919653 2 0 1 
0 1710 5 25 0.43108504398827 0.362903225806452 28.3196045170126 1 0 -1 
1 1720 7.8 25 0.510560675883256 0.581451612903226 23.3713941229935 2 0 1 
0 1720 5 25 0.464717741935484 0.373655913978495 40.5059284172315 1 0 -1 
1 1730 7.8 25 0.562327188940092 0.603494623655914 45.0490727983368 2 0 1 
0 1730 5 25 0.612903225806452 0.362903225806452 51.2664607711513 1 0 -1 
1 1740 7.8 25 0.522051411290323 0.600806451612903 50.5203405093922 2 0 1 
0 1740 5 25 0.413474462365591 0.173387096774194 15.2643375224737 1 0 -1 
1 1750 7.8 25 0.538530465949821 0.563508064516129 48.3962320700814 2 0 1 
0 1750 5 25 0.437096774193548 0.459677419354839 57.6430625206605 1 0 -1 
1 1760 7.8 25 0.553091397849462 0.455645161290323 53.8458868293288 2 0 1 
0 1760 5 25 0.334677419354839 0.477150537634409 55.7318161950493 1 0 -1 
1 1770 7.8 25 0.441057874762808 0.548387096774194 41.2662468251822 2 -1 1 
0 1770 5 26 0.398244781783681 0.354838709677419 47.2929273367573 1 1 -1 
1 1780 7.8 25 0.505785413744741 0.545362903225806 49.2200059887497 2 -1 1 
0 1780 5 26 0.445161290322581 0.245967741935484 19.4407481766236 1 1 -1 
1 1790 7.8 25 0.49815668202765 0.571236559139785 24.3611252828685 2 -1 1 
0 1790 5 26 0.412298387096774 0.239247311827957 5.08956754357257 1 1 -1 
1 1800 7.8 25 0.440120967741935 0.54133064516129 53.7280858920384 2 -1 1 
0 1800 5 26 0.332056451612903 0.211693548387097 15.4310584948837 1 1 -1 
1 1810 7.8 25 0.504521016617791 0.584677419354839 46.9865795482318 2 -1 1 
0 1810 5 26 0.404233870967742 0.236895161290323 4.62037512279726 1 1 -1 
1 1820 7.8 25 0.582123655913979 0.60752688172043 31.3727882441804 2 -1 1 
0 1820 5 26 0.421082949308756 0.251008064516129 13.9247436274409 1 1 -1 
1 1830 7.8 25 0.516479663394109 0.524193548387097 24.3197102623147 2 -1 1 
0 1830 5 26 0.323655913978495 0.307459677419355 6.89205103138382 1 1 -1 
1 1840 7.8 25 0.48764308012487 0.463709677419355 25.2857300594802 2 -1 1 
0 1840 5 26 0.391633064516129 0.349798387096774 8.96690692321824 1 1 -1 
1 1850 7.8 25 0.547691879866518 0.46875 23.2533712360959 2 -1 1 
0 1850 5 26 0.381989247311828 0.422379032258065 19.8719449267958 1 1 -1 
1 1860 7.8 25 0.53287841191067 0.408266129032258 23.0785597087687 2 -1 1 
0 1860 5 26 0.373655913978495 0.44758064516129 12.6665970178287 1 1 -1 
1 1870 7.8 25 0.50312174817898 0.415322580645161 19.4724605387035 2 -1 1 
0 1870 5 26 0.478158602150538 0.504032258064516 14.7765679925049 1 1 -1 
1 1880 7.8 25 0.616683467741936 0.29758064516129 41.4862941320617 2 -1 1 
0 1880 5 26 0.470533498759305 0.575604838709677 6.14833255904925 1 1 -1 
1 1890 7.8 25 0.459558823529412 0.333064516129032 27.281494013816 2 -1 1 
0 1890 5 26 0.424120234604106 0.568548387096774 24.5290235459594 1 1 -1 
1 1900 7.8 25 0.421737536656892 0.389516129032258 23.0101474202991 2 -1 1 
0 1900 5 26 0.393145161290323 0.527217741935484 32.3451109976504 1 1 -1 
1 1910 7.8 25 0.46236559139785 0.396774193548387 20.4349369408708 2 -1 1 
0 1910 5 26 0.412802419354839 0.518145161290323 13.2004663332106 1 1 -1 
1 1920 7.8 25 0.43108504398827 0.373387096774194 11.5333580161572 2 -1 1 
0 1920 5 26 0.393695014662757 0.585685483870968 10.8427079659762 1 1 -1 
1 1930 7.8 26 0.387864823348694 0.345967741935484 11.1712643871666 2 0 1 
0 1930 5 26 0.401823281907433 0.63508064516129 17.5059299657455 1 0 -1 
1 1940 7.8 26 0.509792626728111 0.333870967741935 11.8988109119649 2 0 1 
0 1940 5 26 0.437980030721966 0.620967741935484 14.2719979514735 1 0 -1 
1 1950 7.8 26 0.440994623655914 0.438709677419355 20.8905935516816 2 0 1 
0 1950 5 26 0.370391705069124 0.528225806451613 1.77777777777778 1 0 -1 
1 1960 7.8 26 0.411290322580645 0.458064516129032 26.9384157397373 2 0 1 
0 1960 5 26 0.363407258064516 0.462365591397849 12.058897363737 1 0 -1 
1 1970 7.8 26 0.494915848527349 0.508870967741936 15.5353554970424 2 0 1 
0 1970 5 26 0.398041474654378 0.40994623655914 17.5868889796621 1 0 -1 
1 1980 7.8 26 0.477880184331797 0.558870967741935 11.6124451948023 2 0 1 
0 1980 5 26 0.337298387096774 0.334677419354839 10 1 0 -1 
1 1990 7.8 26 0.497407834101383 0.645967741935484 8.82779718646072 2 0 1 
0 1990 5 26 0.347926267281106 0.26747311827957 28.4635229662621 1 0 -1 
1 2000 7.8 26 0.633342602892102 0.668548387096774 12.9572955828323 2 0 1 
0 2000 5 26 0.291834677419355 0.245967741935484 0 1 0 -1 
1 2010 7.8 26 0.661680541103018 0.737096774193548 20.7227019631029 2 0 1 
0 2010 5 26 0.266993087557604 0.211693548387097 13.5830777072061 1 0 -1 
1 2020 7.8 26 0.714285714285714 0.764516129032258 18.972456361112 2 0 1 
0 2020 5 26 NaN 0.201612903225806 0 1 0 -1 
1 2030 7.8 26 0.722734254992319 0.758064516129032 21.6372116966227 2 0 1 
0 2030 5 26 NaN 0.149193548387097 0 1 0 -1 
