1 30 9 1 NaN 0.33203125 30.69541837223 3 0 0 
0 30 6.8 1 NaN 0.3173828125 25.6374848819862 3 0 0 
1 40 9 1 NaN 0.298828125 32.0029740636336 3 0 0 
0 40 6.8 1 NaN 0.31484375 22.5276556830323 3 0 0 
1 50 9 1 0.39453125 0.34765625 37.673411530773 3 0 0 
0 50 6.8 1 NaN 0.3640625 25.4806623926725 3 0 0 
1 60 9 1 0.39453125 0.43359375 28.8056386157045 3 0 0 
0 60 6.8 1 0.36328125 0.46640625 26.0858567505134 3 0 0 
1 70 9 1 0.415178571428571 0.46484375 29.9876402462369 3 0 0 
0 70 6.8 1 0.374627976190476 0.46328125 25.5866291330615 3 0 0 
1 80 9 1 0.49375 0.45703125 31.0327078252591 3 0 0 
0 80 6.8 1 0.470880681818182 0.48515625 23.0323966337174 3 0 0 
1 90 9 1 0.405924479166667 0.41640625 40.7060728419229 3 0 0 
0 90 6.8 1 0.408266129032258 0.45703125 28.2124048766856 3 0 0 
1 100 9 1 0.40726902173913 0.46875 34.5125515996432 3 0 0 
0 100 6.8 1 0.381138392857143 0.4703125 35.2894383038231 3 0 0 
1 110 9 2 0.47765625 0.471875 34.0192309096124 3 0 0 
0 110 6.8 2 0.466619318181818 0.4625 44.656296801757 3 0 0 
1 120 9 2 0.428431919642857 0.49140625 37.3391151547766 3 0 0 
0 120 6.8 2 0.370383522727273 0.44765625 36.046939524385 3 0 0 
1 130 9 2 0.448153409090909 0.4921875 34.8099642662775 3 0 0 
0 130 6.8 2 0.37265625 0.4453125 32.2281604448212 3 0 0 
1 140 9 3 0.499399038461538 0.50859375 35.5123425113209 3 1 0 
0 140 6.8 2 0.453342013888889 0.421875 29.2083862149091 3 -1 0 
1 150 9 3 0.452880859375 0.48984375 32.2549079368546 3 0 0 
0 150 6.8 3 0.36328125 0.40625 33.9824439765566 3 0 0 
1 160 9 3 0.42890625 0.49375 33.7441824178517 3 0 0 
0 160 6.8 3 0.367559523809524 0.37421875 43.6985956898581 3 0 0 
1 170 9 4 0.491861979166667 0.4921875 36.0938211506105 3 1 0 
0 170 6.8 3 0.455610795454545 0.453125 35.9929051217034 3 -1 0 
1 180 9 4 0.425347222222222 0.49296875 25.4806558457841 3 1 0 
0 180 6.8 3 0.36328125 0.42578125 30.8547553479494 3 -1 0 
1 190 9 4 0.463727678571429 0.51015625 11.396704516403 3 1 0 
0 190 6.8 3 0.37016369047619 0.3798828125 29.4381374925258 3 -1 0 
1 200 9 4 0.494829963235294 0.5765625 16.4777399401869 3 1 0 
0 200 6.8 3 0.4560546875 0.357421875 16.549665517153 3 -1 0 
1 210 9 5 0.433863146551724 0.5921875 18.8427786306023 3 2 0 
0 210 6.8 3 0.36328125 0.282552083333333 20.0318341567014 3 -2 0 
1 220 9 5 0.458125 0.55703125 27.2682121809572 3 1 0 
0 220 6.8 4 0.370916193181818 0.21875 19.152528268632 3 -1 0 
1 230 9 5 0.4951171875 0.5375 32.3021760974542 3 1 0 
0 230 6.8 4 0.443684895833333 0.24140625 16.7621655690503 3 -1 0 
1 240 9 5 0.450892857142857 0.49609375 24.1047200405734 3 1 0 
0 240 6.8 4 0.391462053571429 0.33515625 15.1868252320683 3 -1 0 
1 250 9 6 0.465983072916667 0.453125 29.741358447953 3 2 0 
0 250 6.8 4 0.392728365384615 0.43671875 13.5497427553215 3 -2 0 
1 260 9 6 0.477376302083333 0.4359375 29.6868330895731 3 2 0 
0 260 6.8 4 0.438802083333333 0.46171875 11.4103911690733 3 -2 0 
1 270 9 6 0.4659375 0.4390625 9.66684469524241 3 2 0 
0 270 6.8 4 0.428850446428571 0.4990234375 6.88605330279757 3 -2 0 
1 280 9 6 0.465013586956522 0.5375 16.1330894630724 3 2 0 
0 280 6.8 4 0.368215460526316 0.43359375 0 3 -2 0 
1 290 9 6 0.470196759259259 0.5265625 15.0392480832607 3 2 0 
0 290 6.8 4 0.3966796875 0.23046875 38.3307970175419 3 -2 0 
1 300 9 7 0.454938616071429 0.51875 26.0959824724201 3 3 0 
0 300 6.8 4 0.41109375 0.20625 20.4902197046981 3 -3 0 
1 310 9 7 0.46484375 0.51171875 29.4565457305317 3 2 0 
0 310 6.8 5 0.3946875 0.365625 24.1259767144126 3 -2 0 
1 320 9 7 0.488813920454545 0.5263671875 24.7750933239406 3 2 0 
0 320 6.8 5 0.41889880952381 0.42890625 17.7669503449999 3 -2 0 
1 330 9 7 0.4747314453125 0.4931640625 20.0410989434623 3 1 0 
0 330 6.8 6 0.38421875 0.47109375 18.4853397027674 3 -1 0 
1 340 9 7 0.450892857142857 0.4078125 36.5346356968003 3 1 0 
0 340 6.8 6 0.37109375 0.4638671875 17.2231625963568 3 -1 0 
1 350 9 8 0.490685096153846 0.46875 27.8712613502713 3 2 0 
0 350 6.8 6 0.439985795454545 0.45703125 18.2137854090385 3 -2 0 
1 360 9 8 0.479640151515151 0.4953125 16.3841380762429 3 2 0 
0 360 6.8 6 0.394810267857143 0.350260416666667 38.4153967973165 3 -2 0 
1 370 9 8 0.39453125 0.5171875 12.2347718271509 3 2 0 
0 370 6.8 6 0.387469951923077 0.298828125 45.1793064792438 3 -2 0 
1 380 9 8 0.473090277777778 0.534375 20.2217718068439 3 2 0 
0 380 6.8 6 0.44921875 0.3486328125 27.6121218886331 3 -2 0 
1 390 9 9 0.446446572580645 0.54609375 31.1202232162084 3 3 0 
0 390 6.8 6 0.41478587962963 0.33359375 29.1641236946071 3 -3 0 
1 400 9 9 0.45556640625 0.475 27.2511345712118 3 2 0 
0 400 6.8 7 0.404658564814815 0.33671875 41.8517692425978 3 -2 0 
1 410 9 9 0.510974702380952 0.4109375 23.3378733017697 3 2 0 
0 410 6.8 7 0.448396381578947 0.415625 46.1988241826577 3 -2 0 
1 420 9 9 0.455771169354839 0.33359375 21.7736697691642 3 2 0 
0 420 6.8 7 0.425570101351351 0.49453125 45.3122651979539 3 -2 0 
1 430 9 9 0.420200892857143 0.39609375 28.0427911623276 3 1 0 
0 430 6.8 8 0.388671875 0.4828125 37.8657133812208 3 -1 0 
1 440 9 9 0.460477941176471 0.50546875 16.2002135504251 3 1 0 
0 440 6.8 8 0.496383101851852 0.503125 31.330194986209 3 -1 0 
1 450 9 9 0.407118055555556 0.4609375 26.8359202968629 3 1 0 
0 450 6.8 8 0.453215843023256 0.51640625 31.5934567056678 3 -1 0 
1 460 9 10 0.414341517857143 0.475 34.6073361878422 3 1 0 
0 460 6.8 9 0.452880859375 0.5265625 39.7026184174006 3 -1 0 
1 470 9 10 0.46796875 0.501953125 55.1761867969727 3 1 0 
0 470 6.8 9 0.515324519230769 0.55546875 40.006511480055 3 -1 0 
1 480 9 10 0.43890625 0.4931640625 40.4182584972786 3 1 0 
0 480 6.8 9 0.467013888888889 0.58359375 33.1759773126241 3 -1 0 
1 490 9 10 0.4595703125 0.483072916666667 44.617725160294 3 1 0 
0 490 6.8 9 0.454915364583333 0.57890625 31.52173263811 3 -1 0 
1 500 9 11 0.453464673913043 0.4296875 29.9373313340971 3 2 0 
0 500 6.8 9 0.496773097826087 0.58984375 36.4382924865096 3 -2 0 
1 510 9 11 0.455228365384615 0.328125 24.652664461504 3 1 0 
0 510 6.8 10 0.4356689453125 0.59296875 18.6026933446686 3 -1 0 
1 520 9 11 0.500244140625 0.3875 31.442995522407 3 1 0 
0 520 6.8 10 0.434194711538462 0.58515625 15.7282543761005 3 -1 0 
1 530 9 11 0.521033653846154 0.3505859375 39.7142617444262 3 1 0 
0 530 6.8 10 0.452524038461538 0.6611328125 5.90369447451146 3 -1 0 
1 540 9 11 0.423828125 0.29296875 6.41474360265442 3 1 0 
0 540 6.8 10 0.43734375 0.489583333333333 64.3805786744868 3 -1 0 
1 550 9 12 0.402587890625 0.364583333333333 6.98108481701239 3 2 0 
0 550 6.8 10 0.433443509615385 0.377604166666667 46.7581310582407 3 -2 0 
1 560 9 12 0.4345703125 0.248046875 38.2713865926637 3 2 0 
0 560 6.8 10 0.444490131578947 0.30859375 34.6542912074494 3 -2 0 
1 570 9 12 0.467215401785714 0.427734375 19.592848309943 3 1 0 
0 570 6.8 11 0.457194010416667 0.35546875 34.4397131523641 3 -1 0 
1 580 9 12 0.424375 0.4970703125 22.338719347353 3 1 0 
0 580 6.8 11 0.381036931818182 0.40625 31.6006875642838 3 -1 0 
1 590 9 12 0.430625 0.5654296875 9.04553676378613 3 1 0 
0 590 6.8 11 0.372767857142857 0.4484375 25.9651093326242 3 -1 0 
1 600 9 12 0.460248161764706 0.59765625 8.41525278059657 3 1 0 
0 600 6.8 11 0.428308823529412 0.41484375 37.3212557965336 3 -1 0 
1 610 9 13 0.469558189655172 0.4560546875 41.4004159585322 3 2 0 
0 610 6.8 11 0.366776315789474 0.44140625 31.8466796033513 3 -2 0 
1 620 9 13 0.508345170454545 0.513671875 20.2191617251305 3 2 0 
0 620 6.8 11 0.369255514705882 0.39453125 19.6014766245131 3 -2 0 
1 630 9 13 0.475068933823529 0.50078125 14.4613258463379 3 2 0 
0 630 6.8 11 0.386067708333333 0.38046875 21.4191251627652 3 -2 0 
1 640 9 13 0.451104525862069 0.514973958333333 17.7183193468804 3 2 0 
0 640 6.8 11 0.363498263888889 0.32734375 20.2702064964508 3 -2 0 
1 650 9 13 0.497540509259259 0.52109375 12.7574979171105 3 2 0 
0 650 6.8 11 0.388671875 0.369140625 37.9846316966054 3 -2 0 
1 660 9 14 0.499177631578947 0.5244140625 15.3348241589418 3 2 0 
0 660 6.8 12 0.368336397058824 0.40625 34.0042598651357 3 -2 0 
1 670 9 14 0.482700892857143 0.5185546875 33.1032045060237 3 2 0 
0 670 6.8 12 0.364025297619048 0.43359375 37.9774680783687 3 -2 0 
1 680 9 14 0.498355263157895 0.5185546875 31.7351166224301 3 2 0 
0 680 6.8 12 0.401424632352941 0.37578125 38.7360132908153 3 -2 0 
1 690 9 14 0.49609375 0.5302734375 27.8468674197104 3 2 0 
0 690 6.8 12 0.41796875 0.36640625 34.3261281737487 3 -2 0 
1 700 9 14 0.47796875 0.5029296875 22.0346733894376 3 2 0 
0 700 6.8 12 0.370888157894737 0.42734375 21.7124248108969 3 -2 0 
1 710 9 15 0.477982954545455 0.4765625 31.8325341874025 3 3 0 
0 710 6.8 12 0.39140625 0.3671875 31.0680951880234 3 -3 0 
1 720 9 15 0.468394886363636 0.53203125 19.8169879276352 3 2 0 
0 720 6.8 13 0.422916666666667 0.3671875 25.0241732182922 3 -2 0 
1 730 9 15 0.397916666666667 0.50703125 26.0754153225288 3 2 0 
0 730 6.8 13 0.371553308823529 0.3740234375 17.262150129758 3 -2 0 
1 740 9 15 0.4267578125 0.5390625 25.0354091440028 3 2 0 
0 740 6.8 13 0.373149671052632 0.361979166666667 10.5033852008527 3 -2 0 
1 750 9 15 0.444178427419355 0.54296875 11.3996857316338 3 2 0 
0 750 6.8 13 0.395833333333333 0.3125 34.0914883115545 3 -2 0 
1 760 9 15 0.466190732758621 0.4404296875 32.0057969356526 3 2 0 
0 760 6.8 13 0.381138392857143 0.265625 24.6819755856347 3 -2 0 
1 770 9 16 0.505170036764706 0.4697265625 32.2649934361832 3 3 0 
0 770 6.8 13 0.416015625 0.32421875 44.5482448027649 3 -3 0 
1 780 9 16 0.488058035714286 0.501953125 37.4873701808169 3 2 0 
0 780 6.8 14 0.346168154761905 0.31953125 38.873290051965 3 -2 0 
1 790 9 16 0.521183894230769 0.5263671875 25.3762506639427 3 2 0 
0 790 6.8 14 0.357599431818182 0.33671875 41.1079048700413 3 -2 0 
1 800 9 16 0.567162298387097 0.533203125 18.7852372792893 3 2 0 
0 800 6.8 14 0.438616071428571 0.3740234375 10.3054927242178 3 -2 0 
1 810 9 16 0.567522321428571 0.5302734375 18.4848233299235 3 2 0 
0 810 6.8 14 0.287946428571429 0.3564453125 7.07077140773434 3 -2 0 
1 820 9 17 0.484975961538462 0.498046875 15.4774873246795 3 3 0 
0 820 6.8 14 0.315104166666667 0.3642578125 11.4652974369678 3 -3 0 
1 830 9 17 0.498697916666667 0.428125 44.2514924889789 3 3 0 
0 830 6.8 14 0.315104166666667 0.3390625 28.8262671453072 3 -3 0 
1 840 9 17 0.460625 0.47109375 25.3023004321274 3 2 0 
0 840 6.8 15 0.326985677083333 0.3375 28.5246692145598 3 -2 0 
1 850 9 17 0.450106534090909 0.47890625 24.4071839888145 3 2 0 
0 850 6.8 15 0.389016544117647 0.3578125 13.8009343220107 3 -2 0 
1 860 9 17 0.5048828125 0.4796875 16.5929994561235 3 2 0 
0 860 6.8 15 0.411534926470588 0.4365234375 20.2058827532683 3 -2 0 
1 870 9 17 0.467013888888889 0.49609375 17.8576965574921 3 2 0 
0 870 6.8 15 0.382472826086957 0.4326171875 26.7367907126188 3 -2 0 
1 880 9 17 0.445684523809524 0.54921875 15.5849486574806 3 2 0 
0 880 6.8 15 0.393297697368421 0.41796875 29.6015202312314 3 -2 0 
1 890 9 18 0.5451171875 0.53984375 16.9525782623827 3 3 0 
0 890 6.8 15 0.428485576923077 0.453125 32.649655434629 3 -3 0 
1 900 9 18 0.493638392857143 0.52734375 8.91385638193668 3 3 0 
0 900 6.8 15 0.311197916666667 0.3359375 38.9153666023423 3 -3 0 
1 910 9 18 0.490835336538462 0.5146484375 20.317591546207 3 3 0 
0 910 6.8 15 0.3828125 0.3515625 9.05538513813742 3 -3 0 
1 920 9 18 0.553553427419355 0.4775390625 19.5101092354993 3 3 0 
0 920 6.8 15 0.39140625 0.341145833333333 41.1383736169478 3 -3 0 
1 930 9 18 0.4771728515625 0.517578125 16.5544409597795 3 3 0 
0 930 6.8 15 0.363882211538462 0.376953125 25.6782428960344 3 -3 0 
1 940 9 18 0.480902777777778 0.53125 19.4023083159863 3 3 0 
0 940 6.8 15 0.360877403846154 0.354166666666667 13.8993676434722 3 -3 0 
1 950 9 18 0.556857638888889 0.423828125 39.1385264275289 3 3 0 
0 950 6.8 15 0.43046875 0.2294921875 31.363498830381 3 -3 0 
1 960 9 19 0.526722301136364 0.486328125 41.8934366462683 3 4 0 
0 960 6.8 15 0.302734375 0.260416666666667 16.0224160847652 3 -4 0 
1 970 9 19 0.497907366071429 0.609375 30.3918456774067 3 3 0 
0 970 6.8 16 0.3046875 0.265625 4.65142904826512 3 -3 0 
1 980 9 19 0.622979525862069 0.701171875 30.1944528599588 3 3 0 
0 980 6.8 16 0.29609375 0.2392578125 20.5844205759733 3 -3 0 
1 990 9 19 0.538813164893617 0.7490234375 15.9947191639982 3 3 0 
0 990 6.8 16 0.279605263157895 0.173177083333333 6.49960261537254 3 -3 0 
1 1000 9 20 0.539713541666667 0.7109375 19.1511874906118 3 4 0 
0 1000 6.8 16 0.30078125 0.177734375 9.78003909252913 3 -4 0 
1 1010 9 20 0.671428571428571 0.7216796875 4.21790802131588 3 4 0 
0 1010 6.8 16 NaN 0.232421875 13.7247696430074 3 -4 0 
1 1020 9 20 0.529046474358974 0.746875 5.60687655301204 3 4 0 
0 1020 6.8 16 0.273137019230769 0.224609375 17.9348714749413 3 -4 0 
1 1030 9 20 0.494001116071429 0.70234375 8.79472801227522 3 3 0 
0 1030 6.8 17 0.310546875 0.255208333333333 13.6216935940189 3 -3 0 
1 1040 9 20 0.589673913043478 0.779296875 10.5804691637305 3 3 1 
0 1040 6.8 17 0.31953125 0.2392578125 14.7692391497649 2 -3 -1 
1 1050 9 20 0.53994140625 0.6552734375 17.6638972815298 3 3 1 
0 1050 6.8 17 0.2890625 0.216796875 19.5491084086324 2 -3 -1 
1 1060 9 20 0.533014112903226 0.5693359375 22.9585354404823 3 3 1 
0 1060 6.8 17 0.31640625 0.2568359375 26.0529803004792 2 -3 -1 
1 1070 9 20 0.595501077586207 0.53515625 22.4378019145604 3 3 1 
0 1070 6.8 17 0.32421875 0.2390625 29.5455899490593 2 -3 -1 
1 1080 9 20 0.518102134146341 0.5634765625 22.093508226105 3 3 1 
0 1080 6.8 17 0.292763157894737 0.29765625 18.730349240924 2 -3 -1 
1 1090 9 20 0.537860576923077 0.5361328125 19.7512337864776 3 3 1 
0 1090 6.8 17 0.317274305555556 0.303125 16.9059160135581 2 -3 -1 
1 1100 9 20 0.608289930555556 0.51171875 23.9356229012691 3 2 1 
0 1100 6.8 18 0.287109375 0.25859375 22.5322397567766 2 -2 -1 
1 1110 9 21 0.542605377906977 0.46484375 9.90329370369475 3 3 1 
0 1110 6.8 18 0.290482954545455 0.290625 25.2186430569717 2 -3 -1 
1 1120 9 21 0.5234375 0.5791015625 13.0009884936061 3 3 1 
0 1120 6.8 18 0.345703125 0.32578125 22.077403402652 2 -3 -1 
1 1130 9 21 0.564603365384615 0.7021484375 2.14390116506334 3 3 1 
0 1130 6.8 18 0.317471590909091 0.353515625 19.3383913488876 2 -3 -1 
1 1140 9 21 0.512600806451613 0.6859375 7.83252537996754 3 3 1 
0 1140 6.8 18 0.304086538461538 0.318359375 8.45523623363203 2 -3 -1 
1 1150 9 21 0.486545138888889 0.64296875 16.365509807753 3 3 1 
0 1150 6.8 18 0.358309659090909 0.228515625 9.53134103613052 2 -3 -1 
1 1160 9 21 0.536931818181818 0.7140625 22.0973069832787 3 2 1 
0 1160 6.8 19 0.384114583333333 0.181640625 5.16813383452603 2 -2 -1 
1 1170 9 21 0.535823170731707 0.6875 18.7272070459136 3 2 1 
0 1170 6.8 19 0.291940789473684 0.20703125 3.66950102772886 2 -2 -1 
1 1180 9 21 0.539496527777778 0.47265625 58.134785066317 3 2 1 
0 1180 6.8 19 0.25390625 0.2265625 4.63821519044794 2 -2 -1 
1 1190 9 21 0.631440033783784 0.423828125 38.6020562386622 3 2 1 
0 1190 6.8 19 0.25390625 0.33828125 27.6137471775904 2 -2 -1 
1 1200 9 21 0.573958333333333 0.444010416666667 27.1462345168187 3 1 1 
0 1200 6.8 20 0.2857421875 0.42890625 25.9716166608343 2 -1 -1 
1 1210 9 21 0.515494791666667 0.4873046875 5.3235083075662 3 1 1 
0 1210 6.8 20 0.36328125 0.4423828125 15.3725516674137 2 -1 -1 
1 1220 9 22 0.628208705357143 0.4990234375 1.55978072021213 3 2 1 
0 1220 6.8 20 0.444661458333333 0.48828125 4.32206011133955 2 -2 -1 
1 1230 9 22 0.523723323170732 0.58203125 14.6403357897499 3 2 1 
0 1230 6.8 20 0.264935661764706 0.359375 0 2 -2 -1 
1 1240 9 22 0.564236111111111 0.46484375 13.2981911248189 3 2 1 
0 1240 6.8 20 0.314453125 0.2265625 0 2 -2 -1 
1 1250 9 22 0.652157738095238 0.498697916666667 12.6459975019883 3 2 1 
0 1250 6.8 20 0.309895833333333 0.22265625 0 2 -2 -1 
1 1260 9 22 0.547373670212766 0.525390625 48.8547786473089 3 2 1 
0 1260 6.8 20 0.251302083333333 0.17578125 0 2 -2 -1 
1 1270 9 22 0.595394736842105 0.5751953125 44.6543519225458 3 2 1 
0 1270 6.8 20 NaN 0.30078125 0 2 -2 -1 
1 1280 9 22 0.674178685897436 0.5771484375 31.7496544990202 3 2 1 
0 1280 6.8 20 NaN 0.193359375 25.1644590643232 2 -2 -1 
1 1290 9 22 0.561640625 0.595703125 22.7263283889371 3 2 1 
0 1290 6.8 20 NaN 0.203125 13.3384029266521 2 -2 -1 
1 1300 9 23 0.562121975806452 0.623046875 24.2233551739725 3 3 1 
0 1300 6.8 20 NaN 0.19609375 10.4930444874821 2 -3 -1 
1 1310 9 23 0.693415178571429 0.5556640625 18.0381499335295 3 3 2 
0 1310 6.8 20 NaN 0.22890625 15.5509336844018 1 -3 -2 
1 1320 9 23 0.546376329787234 0.55078125 17.9653076363235 3 3 3 
0 1320 6.8 20 0.211263020833333 0.25703125 11.4797171267465 0 -3 -3 
1 1330 9 23 0.57197265625 0.5734375 38.8363871411347 3 3 3 
0 1330 6.8 20 0.34296875 0.24921875 8.12918384697435 0 -3 -3 
1 1340 9 23 0.69921875 0.575 28.5664931711174 3 2 3 
0 1340 6.8 21 0.34296875 0.24921875 18.7657755830039 0 -2 -3 
1 1350 9 23 0.557986111111111 0.556640625 19.3167385182887 3 2 3 
0 1350 6.8 21 0.271792763157895 0.25390625 19.152060296827 0 -2 -3 
1 1360 9 23 0.5706787109375 0.5 41.7885918608772 3 2 3 
0 1360 6.8 21 0.282552083333333 0.27109375 18.4998737043062 0 -2 -3 
1 1370 9 23 0.644419642857143 0.5400390625 37.7565365055515 3 2 3 
0 1370 6.8 21 0.282552083333333 0.2802734375 19.9829818203294 0 -2 -3 
1 1380 9 23 0.559395032051282 0.595703125 16.2155101316753 3 2 3 
0 1380 6.8 21 0.258544921875 0.2421875 22.3928026830106 0 -2 -3 
1 1390 9 23 0.533203125 0.587890625 10.7387686629518 3 2 3 
0 1390 6.8 21 0.36376953125 0.296875 23.52496411884 0 -2 -3 
1 1400 9 23 0.644270833333333 0.725 9.59427334886262 3 2 3 
0 1400 6.8 21 0.309895833333333 0.26171875 27.4965011770473 0 -2 -3 
1 1410 9 23 0.660546875 0.8046875 7.35116417826794 3 2 3 
0 1410 6.8 21 0.237630208333333 0.1884765625 15.5892227125579 0 -2 -3 
1 1420 9 24 0.695612980769231 0.81796875 4.75373463949941 3 3 3 
0 1420 6.8 21 NaN 0.248046875 21.9658826364888 0 -3 -3 
