1 30 9.8 1 NaN 0.217447916666667 16.0542879352448 4 0 1 
0 30 6.8 1 NaN 0.2666015625 22.523510126395 3 0 -1 
1 40 9.8 1 NaN 0.259765625 26.973943350225 4 0 1 
0 40 6.8 1 0.380859375 0.294921875 19.3857806949312 3 0 -1 
1 50 9.8 1 0.47265625 0.333984375 18.4103243709199 4 0 1 
0 50 6.8 1 0.384982638888889 0.31953125 24.842675961098 3 0 -1 
1 60 9.8 1 0.472098214285714 0.3625 32.9436492041618 4 0 1 
0 60 6.8 1 0.388454861111111 0.44921875 46.1173060359022 3 0 -1 
1 70 9.8 1 0.473876953125 0.3828125 38.4538771272314 4 0 1 
0 70 6.8 1 0.420686141304348 0.4859375 33.4037911647265 3 0 -1 
1 80 9.8 1 0.475413602941176 0.41484375 31.1099867191607 4 0 1 
0 80 6.8 1 0.418619791666667 0.5171875 31.6508264281487 3 0 -1 
1 90 9.8 1 0.4869140625 0.4203125 34.3689822163072 4 0 1 
0 90 6.8 1 0.412109375 0.5296875 32.1621076174062 3 0 -1 
1 100 9.8 2 0.494791666666667 0.45703125 34.16457856748 4 1 1 
0 100 6.8 1 0.456730769230769 0.4890625 35.6118213360094 3 -1 -1 
1 110 9.8 2 0.5078125 0.4625 34.4302028571663 4 0 1 
0 110 6.8 2 0.428255208333333 0.50390625 40.0205728419189 3 0 -1 
1 120 9.8 2 0.457868303571429 0.45390625 26.0520044194427 4 0 1 
0 120 6.8 2 0.405691964285714 0.496875 41.3985769967612 3 0 -1 
1 130 9.8 2 0.472377232142857 0.43984375 29.5593814201163 4 0 1 
0 130 6.8 2 0.46586277173913 0.4814453125 34.2984234794496 3 0 -1 
1 140 9.8 3 0.472377232142857 0.446875 33.7893285769657 4 0 1 
0 140 6.8 3 0.435842803030303 0.520833333333333 23.2117107102154 3 0 -1 
1 150 9.8 3 0.473828125 0.44921875 28.1222743353104 4 0 1 
0 150 6.8 3 0.416015625 0.423828125 40.4447682096273 3 0 -1 
1 160 9.8 3 0.495442708333333 0.4453125 19.2941487076368 4 0 1 
0 160 6.8 3 0.453125 0.361328125 33.4647871015221 3 0 -1 
1 170 9.8 4 0.495442708333333 0.45859375 15.8489111971338 4 1 1 
0 170 6.8 3 0.438950892857143 0.435546875 19.4511041484751 3 -1 -1 
1 180 9.8 4 0.464409722222222 0.443359375 13.295213588635 4 1 1 
0 180 6.8 3 0.436298076923077 0.42734375 26.1957936763003 3 -1 -1 
1 190 9.8 4 0.492431640625 0.4521484375 13.2718248888928 4 1 1 
0 190 6.8 3 0.472450657894737 0.4609375 22.9778138999971 3 -1 -1 
1 200 9.8 4 0.492431640625 0.373046875 40.6324494572572 4 0 1 
0 200 6.8 4 0.446524784482759 0.4892578125 6.54143492413263 3 0 -1 
1 210 9.8 5 0.468994140625 0.3935546875 35.5489718935406 4 1 1 
0 210 6.8 4 0.395241477272727 0.484375 6.50168298130736 3 -1 -1 
1 220 9.8 5 0.488037109375 0.409375 22.329663173316 4 1 1 
0 220 6.8 4 0.437677556818182 0.4375 38.1023884336588 3 -1 -1 
1 230 9.8 5 0.486328125 0.43671875 27.3880470675099 4 1 1 
0 230 6.8 4 0.432765151515151 0.34765625 33.0865495566824 3 -1 -1 
1 240 9.8 6 0.466796875 0.49375 26.8757451269889 4 2 1 
0 240 6.8 4 0.420138888888889 0.384765625 20.3051979003258 3 -2 -1 
1 250 9.8 6 0.47412109375 0.4609375 21.3936816979744 4 1 1 
0 250 6.8 5 0.465909090909091 0.38515625 23.7390037589649 3 -1 -1 
1 260 9.8 6 0.471966911764706 0.3671875 38.0128441555284 4 1 1 
0 260 6.8 5 0.426832932692308 0.47578125 13.9089149943034 3 -1 -1 
1 270 9.8 6 0.475446428571429 0.3734375 29.4167947445305 4 1 1 
0 270 6.8 5 0.3890625 0.5234375 16.0540590483307 3 -1 -1 
1 280 9.8 6 0.487132352941176 0.38046875 33.4797475951108 4 0 1 
0 280 6.8 6 0.44677734375 0.51328125 27.8208246415237 3 0 -1 
1 290 9.8 6 0.485026041666667 0.42421875 30.7633052067148 4 0 1 
0 290 6.8 6 0.4365234375 0.4921875 28.8278508652123 3 0 -1 
1 300 9.8 7 0.473011363636364 0.4384765625 34.9094714911672 4 1 1 
0 300 6.8 6 0.444155092592593 0.51328125 32.9442386077145 3 -1 -1 
1 310 9.8 7 0.475477430555556 0.4390625 32.6801471648492 4 1 1 
0 310 6.8 6 0.456659226190476 0.50546875 34.0183766686564 3 -1 -1 
1 320 9.8 7 0.477294921875 0.43671875 23.248561624664 4 0 1 
0 320 6.8 7 0.435686383928571 0.49921875 33.7915467918438 3 0 -1 
1 330 9.8 7 0.463107638888889 0.43984375 28.1308934549654 4 0 1 
0 330 6.8 7 0.439707880434783 0.52890625 33.406024455666 3 0 -1 
1 340 9.8 8 0.484375 0.46171875 26.8779458315013 4 1 1 
0 340 6.8 7 0.43515625 0.51171875 24.6014132381208 3 -1 -1 
1 350 9.8 8 0.485212053571429 0.46171875 25.8197914780769 4 1 1 
0 350 6.8 7 0.42546875 0.474609375 8.75207165359214 3 -1 -1 
1 360 9.8 8 0.534375 0.4390625 26.8186011520422 4 1 1 
0 360 6.8 7 0.402157738095238 0.42265625 26.6062480514626 3 -1 -1 
1 370 9.8 8 0.504638671875 0.47421875 28.6798314220134 4 1 1 
0 370 6.8 7 0.422052556818182 0.44453125 24.8500104360728 3 -1 -1 
1 380 9.8 8 0.504638671875 0.498046875 24.3277213434561 4 0 1 
0 380 6.8 8 0.427455357142857 0.4875 15.8653054483227 3 0 -1 
1 390 9.8 8 0.50537109375 0.516927083333333 30.3402090181417 4 0 1 
0 390 6.8 8 0.401100852272727 0.48671875 16.5994069489005 3 0 -1 
1 400 9.8 8 0.499348958333333 0.498697916666667 27.5364425732221 4 0 1 
0 400 6.8 8 0.422154017857143 0.4953125 8.08117592851271 3 0 -1 
1 410 9.8 9 0.499348958333333 0.33671875 46.543953884875 4 1 1 
0 410 6.8 8 0.425147804054054 0.51796875 4.24334590716705 3 -1 -1 
1 420 9.8 9 0.521634615384615 0.3234375 34.4950718777436 4 1 1 
0 420 6.8 8 0.432112068965517 0.52578125 12.9231058612333 3 -1 -1 
1 430 9.8 9 0.514583333333333 0.39140625 42.4781851883007 4 1 1 
0 430 6.8 8 0.433054956896552 0.470703125 14.3795247260797 3 -1 -1 
1 440 9.8 10 0.514583333333333 0.46328125 36.2825153455197 4 2 1 
0 440 6.8 8 0.405845905172414 0.474609375 13.0848306888591 3 -2 -1 
1 450 9.8 10 0.520833333333333 0.50625 29.2153537093473 4 1 1 
0 450 6.8 9 0.401599702380952 0.38359375 26.2313136471481 3 -1 -1 
1 460 9.8 10 0.5234375 0.51640625 27.4804524117836 4 1 1 
0 460 6.8 9 0.428125 0.39765625 16.5461119788816 3 -1 -1 
1 470 9.8 10 0.52001953125 0.5078125 34.5767008374616 4 1 1 
0 470 6.8 9 0.412109375 0.4716796875 7.2376548241221 3 -1 -1 
1 480 9.8 11 0.485085227272727 0.506510416666667 33.3365856874322 4 2 1 
0 480 6.8 9 0.399739583333333 0.4921875 6.26449711227438 3 -2 -1 
1 490 9.8 11 0.497012867647059 0.360677083333333 40.6284694077496 4 1 1 
0 490 6.8 10 0.430536684782609 0.4421875 30.5332349010181 3 -1 -1 
1 500 9.8 11 0.4990234375 0.3484375 44.7001622909537 4 1 1 
0 500 6.8 10 0.41515625 0.45625 30.9795410760452 3 -1 -1 
1 510 9.8 11 0.5015625 0.3984375 33.4244409316722 4 1 1 
0 510 6.8 10 0.400390625 0.4890625 12.2445379547577 3 -1 -1 
1 520 9.8 11 0.523697916666667 0.4296875 21.5596437539678 4 1 1 
0 520 6.8 10 0.402173913043478 0.503125 23.2659774649396 3 -1 -1 
1 530 9.8 11 0.523697916666667 0.45234375 15.9112653702716 4 1 1 
0 530 6.8 10 0.403935185185185 0.50859375 9.14543349192979 3 -1 -1 
1 540 9.8 11 0.517933238636364 0.44921875 11.0228616903356 4 0 1 
0 540 6.8 11 0.394903273809524 0.525 3.18255925101845 3 0 -1 
1 550 9.8 11 0.52978515625 0.420572916666667 5.25689976991673 4 0 1 
0 550 6.8 11 0.41357421875 0.5078125 6.53776601215629 3 0 -1 
1 560 9.8 11 0.531087239583333 0.3525390625 27.1274343888644 4 0 1 
0 560 6.8 11 0.408014112903226 0.4765625 5.75539631495067 3 0 -1 
1 570 9.8 12 0.5 0.3359375 41.4877159962227 4 1 1 
0 570 6.8 11 0.39945652173913 0.49453125 6.33624097983228 3 -1 -1 
1 580 9.8 12 0.521577380952381 0.328125 24.7074481809996 4 1 1 
0 580 6.8 11 0.44140625 0.52265625 5.38102511595715 3 -1 -1 
1 590 9.8 12 0.53125 0.3896484375 9.95014924684217 4 1 1 
0 590 6.8 11 0.424703663793103 0.51328125 6.08136201736355 3 -1 -1 
1 600 9.8 12 0.536576704545455 0.3828125 15.0961410290969 4 1 1 
0 600 6.8 11 0.406782670454545 0.52890625 7.14890844025657 3 -1 -1 
1 610 9.8 12 0.562127976190476 0.47265625 15.755799739683 4 0 1 
0 610 6.8 12 0.424402573529412 0.4234375 25.5703077780016 3 0 -1 
1 620 9.8 12 0.567023026315789 0.45703125 7.23865755167168 4 0 1 
0 620 6.8 12 0.394021739130435 0.453125 32.8997362463726 3 0 -1 
1 630 9.8 12 0.478515625 0.49609375 11.9752848624536 4 0 1 
0 630 6.8 12 0.405400815217391 0.4046875 32.2106541045736 3 0 -1 
1 640 9.8 13 0.496394230769231 0.52265625 19.9904009766807 4 1 1 
0 640 6.8 12 0.450565732758621 0.3974609375 21.9815356574071 3 -1 -1 
1 650 9.8 13 0.487413194444444 0.48046875 26.4692950328282 4 1 1 
0 650 6.8 12 0.439995659722222 0.4736328125 18.5329910437166 3 -1 -1 
1 660 9.8 13 0.469898897058824 0.4130859375 19.496881475615 4 1 1 
0 660 6.8 12 0.398026315789474 0.5126953125 17.3616212539288 3 -1 -1 
1 670 9.8 13 0.497135416666667 0.4033203125 22.2366892944271 4 1 1 
0 670 6.8 12 0.445052083333333 0.4208984375 32.8926109454955 3 -1 -1 
1 680 9.8 14 0.499162946428571 0.45546875 18.1907032047509 4 2 1 
0 680 6.8 12 0.4171875 0.438802083333333 17.3689882351629 3 -2 -1 
1 690 9.8 14 0.511029411764706 0.46015625 17.702456493023 4 2 1 
0 690 6.8 12 0.387109375 0.485677083333333 12.8965908182075 3 -2 -1 
1 700 9.8 14 0.564583333333333 0.4951171875 5.60656886336611 4 1 1 
0 700 6.8 13 0.3971875 0.373046875 26.7509912577338 3 -1 -1 
1 710 9.8 14 0.564583333333333 0.583984375 4.25794942295247 4 1 1 
0 710 6.8 13 0.414772727272727 0.2880859375 27.1248199406492 3 -1 -1 
1 720 9.8 14 0.492466517857143 0.587890625 4.30491294869202 4 1 1 
0 720 6.8 13 0.406589673913043 0.2724609375 22.351872112626 3 -1 -1 
1 730 9.8 15 0.536005434782609 0.4814453125 13.3687084686734 4 2 1 
0 730 6.8 13 0.426649305555556 0.313802083333333 19.0740138008404 3 -2 -1 
1 740 9.8 15 0.53662109375 0.5109375 35.9442719298742 4 2 1 
0 740 6.8 13 0.394708806818182 0.369140625 35.0630328083139 3 -2 -1 
1 750 9.8 15 0.54296875 0.51796875 44.0304466813168 4 2 1 
0 750 6.8 13 0.389136904761905 0.4287109375 50.0559839603704 3 -2 -1 
1 760 9.8 15 0.529947916666667 0.4345703125 50.1024307589599 4 2 1 
0 760 6.8 13 0.434495192307692 0.49609375 49.3346421420316 3 -2 -1 
1 770 9.8 15 0.529947916666667 0.44140625 50.4589929075164 4 2 1 
0 770 6.8 13 0.410425646551724 0.4677734375 41.636504574569 3 -2 -1 
1 780 9.8 15 0.52890625 0.49609375 24.2415594790098 4 2 1 
0 780 6.8 13 0.420572916666667 0.442708333333333 41.1341043765828 3 -2 -1 
1 790 9.8 15 0.5240234375 0.5205078125 18.1704161641211 4 2 1 
0 790 6.8 13 0.465928819444444 0.455729166666667 24.3053093297502 3 -2 -1 
1 800 9.8 16 0.523848684210526 0.5107421875 22.340407288143 4 2 1 
0 800 6.8 14 0.434659090909091 0.453125 24.2877251561749 3 -2 -1 
1 810 9.8 16 0.54296875 0.580078125 11.1152335472226 4 2 1 
0 810 6.8 14 0.429827008928571 0.3447265625 36.0405081301481 3 -2 -1 
1 820 9.8 16 0.53173828125 0.571875 8.15210854960928 4 2 1 
0 820 6.8 14 0.484157986111111 0.35546875 28.8225879345336 3 -2 -1 
1 830 9.8 16 0.53173828125 0.5693359375 2.92624595744215 4 2 1 
0 830 6.8 14 0.448640046296296 0.373046875 1.52126091568228 3 -2 -1 
1 840 9.8 16 0.391183035714286 0.5171875 27.9231796300951 4 2 1 
0 840 6.8 14 0.442753232758621 0.4169921875 4.97439990463458 3 -2 -1 
1 850 9.8 16 0.474479166666667 0.4970703125 6.53014171342824 4 2 1 
0 850 6.8 14 0.4619140625 0.4859375 9.82253612173438 3 -2 -1 
1 860 9.8 16 0.474479166666667 0.51953125 7.62947768938901 4 2 1 
0 860 6.8 14 0.442414314516129 0.484375 15.0056422193588 3 -2 -1 
1 870 9.8 17 0.4703125 0.4921875 9.59981599267634 4 3 1 
0 870 6.8 14 0.3943359375 0.423177083333333 26.4123026270874 3 -3 -1 
1 880 9.8 17 0.511555989583333 0.48828125 21.7535022278768 4 3 1 
0 880 6.8 14 0.399502840909091 0.30859375 37.9110801745347 3 -3 -1 
1 890 9.8 17 0.511555989583333 0.333984375 44.9063363408047 4 2 1 
0 890 6.8 15 0.403166118421053 0.41796875 16.4012194668567 3 -2 -1 
1 900 9.8 17 0.570638020833333 0.333984375 34.5544529196254 4 2 1 
0 900 6.8 15 0.38578869047619 0.4033203125 30.1755550867087 3 -2 -1 
1 910 9.8 17 0.555121527777778 0.3896484375 9.78285653057782 4 2 1 
0 910 6.8 15 0.4080078125 0.45703125 27.7905785464673 3 -2 -1 
1 920 9.8 17 0.5546875 0.4521484375 8.20385881222378 4 2 1 
0 920 6.8 15 0.401292067307692 0.4794921875 3.70661835166167 3 -2 -1 
1 930 9.8 17 0.5640625 0.546875 4.39097701885462 4 2 1 
0 930 6.8 15 0.398251488095238 0.421875 17.5675548306217 3 -2 -1 
1 940 9.8 18 0.568576388888889 0.5361328125 4.38856241480148 4 3 1 
0 940 6.8 15 0.452864583333333 0.45390625 18.3175811948832 3 -3 -1 
1 950 9.8 18 0.565104166666667 0.5751953125 4.5342457071265 4 3 1 
0 950 6.8 15 0.425130208333333 0.43359375 27.5345728077764 3 -3 -1 
1 960 9.8 18 0.4609375 0.5380859375 4.96022015722731 4 3 1 
0 960 6.8 15 0.424128605769231 0.411458333333333 22.7054705586654 3 -3 -1 
1 970 9.8 18 0.5341796875 0.51953125 7.29800241609624 4 3 1 
0 970 6.8 15 0.5125 0.424479166666667 11.0773560965635 3 -3 -1 
1 980 9.8 18 0.5341796875 0.5205078125 31.1348115976245 4 3 1 
0 980 6.8 15 0.442522321428571 0.41796875 20.4989299447318 3 -3 -1 
1 990 9.8 18 0.56484375 0.5341796875 25.5984338817752 4 3 1 
0 990 6.8 15 0.413174715909091 0.34921875 36.310890855086 3 -3 -1 
1 1000 9.8 19 0.5590625 0.49609375 22.6715576854035 4 3 1 
0 1000 6.8 16 0.52392578125 0.40703125 30.1672403750379 3 -3 -1 
1 1010 9.8 19 0.5590625 0.4736328125 15.7340321879761 4 3 1 
0 1010 6.8 16 0.48046875 0.4640625 18.3533698247149 3 -3 -1 
1 1020 9.8 19 0.610983455882353 0.4638671875 19.200679409006 4 3 1 
0 1020 6.8 16 0.387152777777778 0.49140625 12.6520739955833 3 -3 -1 
1 1030 9.8 19 0.5546875 0.4619140625 9.27479781022511 4 3 1 
0 1030 6.8 16 0.497767857142857 0.4697265625 22.2034414574191 3 -3 -1 
1 1040 9.8 19 0.546875 0.4765625 12.0415945787923 4 2 1 
0 1040 6.8 17 0.462109375 0.486328125 16.5869775975487 3 -2 -1 
1 1050 9.8 19 0.570963541666667 0.4375 0 4 2 1 
0 1050 6.8 17 0.352783203125 0.435546875 28.3353575000454 3 -2 -1 
1 1060 9.8 19 0.568287037037037 0.4375 0 4 2 1 
0 1060 6.8 17 0.3544921875 0.4716796875 15.0982611176623 3 -2 -1 
1 1070 9.8 20 0.563639322916667 0.44921875 0 4 3 1 
0 1070 6.8 17 0.377232142857143 0.3349609375 44.7609790112551 3 -3 -1 
1 1080 9.8 20 0.619140625 0.26171875 0 4 3 1 
0 1080 6.8 17 0.351345486111111 0.3681640625 35.2141155084755 3 -3 -1 
1 1090 9.8 20 0.609375 0.173828125 5.59016994374947 4 3 1 
0 1090 6.8 17 0.36484375 0.3466796875 28.3697477974267 3 -3 -1 
1 1100 9.8 20 0.613932291666667 0.33984375 37.233413324307 3 2 0 
0 1100 6.8 18 0.370634191176471 0.3720703125 18.9164657750331 3 -2 0 
1 1110 9.8 20 0.59375 0.37109375 31.1206120271474 3 2 0 
0 1110 6.8 18 0.3759765625 0.3671875 11.4503189824622 3 -2 0 
1 1120 9.8 20 0.554166666666667 0.484375 27.0285233554651 2 2 -1 
0 1120 6.8 18 0.42421875 0.346875 24.1019440295107 3 -2 1 
1 1130 9.8 20 0.568256578947368 0.4833984375 31.9550959743323 2 2 -1 
0 1130 6.8 18 0.413762019230769 0.30625 17.3920086687661 3 -2 1 
1 1140 9.8 20 0.598214285714286 0.4873046875 28.2512071668684 2 2 -1 
0 1140 6.8 18 0.3703125 0.35859375 16.7632658809507 3 -2 1 
1 1150 9.8 20 0.591796875 0.4921875 27.9117762382828 2 1 -1 
0 1150 6.8 19 0.384014423076923 0.40625 22.0807382304914 3 -1 1 
1 1160 9.8 21 0.602213541666667 0.5390625 19.4658326095774 2 2 -1 
0 1160 6.8 19 0.381510416666667 0.37890625 8.03946727653233 3 -2 1 
1 1170 9.8 21 0.566034226190476 0.5068359375 13.9204797113063 2 2 -1 
0 1170 6.8 19 0.378216911764706 0.3984375 12.0207821445082 3 -2 1 
1 1180 9.8 21 0.55078125 0.5263671875 15.9371991210204 2 2 -1 
0 1180 6.8 19 0.436197916666667 0.436197916666667 14.7388073734495 3 -2 1 
1 1190 9.8 21 0.571814903846154 0.51953125 8.20194101601104 2 2 -1 
0 1190 6.8 19 0.39375 0.428385416666667 7.31013658791808 3 -2 1 
1 1200 9.8 21 0.618303571428571 0.5556640625 2.79369874361413 2 2 -1 
0 1200 6.8 19 0.375205592105263 0.41015625 2.71654582549192 3 -2 1 
1 1210 9.8 21 0.55 0.6046875 6.96972814250863 2 2 -1 
0 1210 6.8 19 0.4453125 0.31640625 5.24641534837394 3 -2 1 
1 1220 9.8 21 0.572620738636364 0.56640625 9.98260313668606 2 2 -1 
0 1220 6.8 19 0.413899739583333 0.2255859375 13.6608677735879 3 -2 1 
1 1230 9.8 21 0.582632211538462 0.49296875 32.2418398885488 2 2 -1 
0 1230 6.8 19 0.380642361111111 0.357421875 4.0372228849776 3 -2 1 
1 1240 9.8 21 0.531960227272727 0.4794921875 3.17470786075389 2 2 -1 
0 1240 6.8 19 0.446614583333333 0.4736328125 8.6146670841528 3 -2 1 
1 1250 9.8 21 0.566623263888889 0.40625 4.30067323557026 2 2 -1 
0 1250 6.8 19 0.405222039473684 0.5673828125 10.3776655888163 3 -2 1 
1 1260 9.8 21 0.588541666666667 0.3046875 20.5822273967756 2 1 -1 
0 1260 6.8 20 0.380974264705882 0.5478515625 14.0550792028314 3 -1 1 
1 1270 9.8 21 0.570929276315789 0.388020833333333 21.5715540576548 2 1 -1 
0 1270 6.8 20 0.424360795454545 0.3859375 24.2735834580528 3 -1 1 
1 1280 9.8 21 0.558134191176471 0.4853515625 20.411798584244 2 1 -1 
0 1280 6.8 20 0.404296875 0.38515625 27.1529028684043 3 -1 1 
1 1290 9.8 22 0.585379464285714 0.459635416666667 15.7261413965477 1 2 -1 
0 1290 6.8 20 0.377604166666667 0.4078125 32.4258751311242 2 -2 1 
1 1300 9.8 22 0.529017857142857 0.447916666666667 27.6435828358184 1 2 -1 
0 1300 6.8 20 0.414620535714286 0.4109375 26.2403186291635 2 -2 1 
1 1310 9.8 22 0.529017857142857 0.444010416666667 26.5280730222111 1 2 -1 
0 1310 6.8 20 0.400645380434783 0.428125 17.5013260174032 2 -2 1 
1 1320 9.8 22 0.578993055555556 0.3359375 33.1296960944387 1 2 -1 
0 1320 6.8 20 0.39859375 0.4734375 18.7594255536384 2 -2 1 
1 1330 9.8 22 0.545654296875 0.337239583333333 37.1097205894422 1 1 -1 
0 1330 6.8 21 0.472873263888889 0.56640625 18.162532244018 2 -1 1 
1 1340 9.8 22 0.545654296875 0.377604166666667 10.1139462573733 1 1 -1 
0 1340 6.8 21 0.4462890625 0.5986328125 20.3601592636597 2 -1 1 
1 1350 9.8 22 0.539362980769231 0.404947916666667 9.84437151817048 1 1 -1 
0 1350 6.8 21 0.412326388888889 0.583984375 7.49744621679136 2 -1 1 
1 1360 9.8 22 0.584558823529412 0.40625 6.08276253029822 1 1 -1 
0 1360 6.8 21 0.428385416666667 0.5615234375 6.08950272767053 2 -1 1 
1 1370 9.8 22 0.584558823529412 0.421875 2.5 1 1 -1 
0 1370 6.8 21 0.431547619047619 0.517578125 15.5825519565674 2 -1 1 
1 1380 9.8 22 0.551240808823529 0.380208333333333 7.42941576190696 1 1 -1 
0 1380 6.8 21 0.365748355263158 0.473958333333333 29.7419460553791 2 -1 1 
1 1390 9.8 22 0.557744565217391 0.41796875 12.0104121494643 1 1 -1 
0 1390 6.8 21 0.409114583333333 0.486328125 6.57647321898295 2 -1 1 
1 1400 9.8 22 0.557744565217391 0.299479166666667 31.1955532885802 1 1 -1 
0 1400 6.8 21 0.439208984375 0.451822916666667 46.7489975309188 2 -1 1 
1 1410 9.8 22 0.545266544117647 0.372395833333333 13.0443901313258 1 1 -1 
0 1410 6.8 21 0.371279761904762 0.40234375 42.4264068711929 2 -1 1 
1 1420 9.8 22 0.525111607142857 0.470703125 9.61769203083567 1 1 -1 
0 1420 6.8 21 0.382378472222222 0.43359375 0 2 -1 1 
