1 30 8 1 NaN 0.280241935483871 23.1549107720325 3 0 0 
0 30 9.8 1 NaN 0.253225806451613 20.0544221109898 3 0 0 
1 40 8 1 NaN 0.284274193548387 23.2403836345718 3 0 0 
0 40 9.8 1 NaN 0.311290322580645 14.949713753607 3 0 0 
1 50 8 1 0.368951612903226 0.350806451612903 25.6613318797458 3 0 0 
0 50 9.8 1 0.36405529953917 0.379032258064516 25.7029858115034 3 0 0 
1 60 8 1 0.364247311827957 0.496774193548387 37.5595063125159 3 0 0 
0 60 9.8 1 0.364247311827957 0.475806451612903 33.2174461617357 3 0 0 
1 70 8 1 0.383913412563667 0.49758064516129 36.3643485970529 3 0 0 
0 70 9.8 1 0.438104838709677 0.489516129032258 30.9754754416438 3 0 0 
1 80 8 1 0.454869727047146 0.505645161290323 35.3210062222658 3 0 0 
0 80 9.8 1 0.463008415147265 0.469354838709677 30.2800707566738 3 0 0 
1 90 8 1 0.404616240266963 0.493548387096774 36.5220967755839 3 0 0 
0 90 9.8 1 0.369684750733138 0.487903225806452 29.3628425422578 3 0 0 
1 100 8 1 0.415322580645161 0.510483870967742 35.6909534535256 3 0 0 
0 100 9.8 1 0.38858234295416 0.458870967741936 25.8099726752462 3 0 0 
1 110 8 2 0.479032258064516 0.466129032258065 34.9830857502067 3 0 0 
0 110 9.8 2 0.444295101553166 0.47741935483871 32.9484020346095 3 0 0 
1 120 8 2 0.388647642679901 0.492741935483871 37.4384822094487 3 0 0 
0 120 9.8 2 0.402505760368664 0.496774193548387 31.6273558238264 3 0 0 
1 130 8 3 0.404978962131837 0.492943548387097 33.126475417504 3 1 0 
0 130 9.8 2 0.425297113752122 0.497983870967742 34.8518377845816 3 -1 0 
1 140 8 3 0.462066905615293 0.497983870967742 27.1386684329518 3 0 0 
0 140 9.8 3 0.459677419354839 0.423387096774194 47.5531041287759 3 0 0 
1 150 8 3 0.39544930875576 0.370967741935484 55.501255742384 3 0 0 
0 150 9.8 3 0.408410138248848 0.404838709677419 39.8381925284964 3 0 0 
1 160 8 4 0.442671809256662 0.404032258064516 44.2443723634326 3 1 0 
0 160 9.8 3 0.411895161290323 0.431451612903226 33.2781414555444 3 -1 0 
1 170 8 4 0.463172043010753 0.460483870967742 39.4460917681496 3 1 0 
0 170 9.8 3 0.450161290322581 0.44758064516129 33.6687687871642 3 -1 0 
1 180 8 4 0.419858870967742 0.487096774193548 44.4777468615874 3 1 0 
0 180 9.8 3 0.386290322580645 0.487903225806452 36.8282946685749 3 -1 0 
1 190 8 4 0.450604838709677 0.481451612903226 42.9754860641243 3 1 0 
0 190 9.8 3 0.394657258064516 0.460685483870968 33.665057030175 3 -1 0 
1 200 8 5 0.487122788761707 0.5 40.4307090941222 3 1 0 
0 200 9.8 4 0.450492831541219 0.442741935483871 22.4184971189107 3 -1 0 
1 210 8 5 0.387768817204301 0.503225806451613 41.9573161470959 3 1 0 
0 210 9.8 4 0.397321428571429 0.445967741935484 23.1018216138581 3 -1 0 
1 220 8 6 0.407459677419355 0.525806451612903 41.9607014444594 3 2 0 
0 220 9.8 4 0.392614601018676 0.459677419354839 27.7761711166312 3 -2 0 
1 230 8 6 0.468207196029777 0.511290322580645 44.349005560276 3 1 0 
0 230 9.8 5 0.437331989247312 0.457661290322581 34.9420447791529 3 -1 0 
1 240 8 6 0.393920595533499 0.504838709677419 41.3619245426576 3 1 0 
0 240 9.8 5 0.392834987593052 0.395161290322581 46.1246409654849 3 -1 0 
1 250 8 6 0.447004608294931 0.520967741935484 43.7498536650815 3 1 0 
0 250 9.8 5 0.427822580645161 0.42741935483871 38.2870668449968 3 -1 0 
1 260 8 7 0.472670250896057 0.533064516129032 38.9836338436577 3 2 0 
0 260 9.8 5 0.457829301075269 0.454838709677419 32.8666377325031 3 -2 0 
1 270 8 7 0.425403225806452 0.488709677419355 40.5327451866332 3 1 0 
0 270 9.8 6 0.40625 0.470161290322581 34.1674285007395 3 -1 0 
1 280 8 7 0.428987455197133 0.513709677419355 39.4507901408633 3 1 0 
0 280 9.8 6 0.383301707779886 0.483064516129032 35.7145901411536 3 -1 0 
1 290 8 7 0.44758064516129 0.491129032258064 38.9191449069984 3 1 0 
0 290 9.8 6 0.429032258064516 0.474193548387097 36.2525251475045 3 -1 0 
1 300 8 7 0.400537634408602 0.536290322580645 39.7106777351828 3 1 0 
0 300 9.8 6 0.382224462365591 0.457258064516129 35.4141306569459 3 -1 0 
1 310 8 8 0.423020527859238 0.474193548387097 39.8133722184792 3 1 0 
0 310 9.8 7 0.429280397022332 0.485483870967742 36.7571011046352 3 -1 0 
1 320 8 8 0.501764112903226 0.515322580645161 39.8783698837896 3 1 0 
0 320 9.8 7 0.471062618595825 0.433870967741935 33.7276730246252 3 -1 0 
1 330 8 8 0.419504181600956 0.459677419354839 34.629136061634 3 1 0 
0 330 9.8 7 0.384032258064516 0.458870967741936 37.6307598223076 3 -1 0 
1 340 8 8 0.427217741935484 0.457258064516129 35.6530550690475 3 1 0 
0 340 9.8 7 0.408378136200717 0.454032258064516 41.7445611422258 3 -1 0 
1 350 8 9 0.472903225806452 0.414516129032258 49.5576165752259 3 2 0 
0 350 9.8 7 0.439852150537634 0.485483870967742 37.902664474814 3 -2 0 
1 360 8 9 0.407397107897664 0.438709677419355 43.9542910370853 3 2 0 
0 360 9.8 7 0.37570126227209 0.492741935483871 28.5098502831903 3 -2 0 
1 370 8 9 0.417521994134897 0.463709677419355 38.9606643156958 3 1 0 
0 370 9.8 8 0.425996204933586 0.498387096774194 29.9839918338965 3 -1 0 
1 380 8 9 0.491935483870968 0.471774193548387 39.6924173383365 3 1 0 
0 380 9.8 8 0.465725806451613 0.515322580645161 35.4659965211891 3 -1 0 
1 390 8 9 0.443279569892473 0.501612903225806 32.8404449042523 3 1 0 
0 390 9.8 8 0.398596176821983 0.514516129032258 25.0666690656995 3 -1 0 
1 400 8 9 0.478225806451613 0.470161290322581 39.6643772728355 3 1 0 
0 400 9.8 8 0.46263440860215 0.510483870967742 24.3778455792265 3 -1 0 
1 410 8 10 0.512096774193548 0.482258064516129 38.1570978598438 3 2 0 
0 410 9.8 8 0.488851992409867 0.466129032258065 28.4638819245306 3 -2 0 
1 420 8 10 0.47614247311828 0.487903225806452 39.2203106403897 3 1 0 
0 420 9.8 9 0.39889486260454 0.479838709677419 36.1851263472885 3 -1 0 
1 430 8 11 0.512864823348694 0.545967741935484 47.4217992726271 3 2 0 
0 430 9.8 9 0.394825268817204 0.446572580645161 37.2818342959197 3 -2 0 
1 440 8 11 0.546696149843913 0.570161290322581 45.2738826358703 3 2 0 
0 440 9.8 9 0.452188940092166 0.311491935483871 38.7594222775302 3 -2 0 
1 450 8 11 0.468301971326165 0.619354838709677 41.4303061962612 3 2 0 
0 450 9.8 9 0.386385199240987 0.283064516129032 31.2629094618979 3 -2 0 
1 460 8 11 0.420540796963947 0.589516129032258 40.577860079189 3 2 0 
0 460 9.8 9 0.414458525345622 0.335483870967742 34.663695243927 3 -2 0 
1 470 8 11 0.483610822060354 0.551612903225806 26.7662750138384 3 1 0 
0 470 9.8 10 0.421538978494624 0.341129032258065 34.4360978904435 3 -1 0 
1 480 8 12 0.449423963133641 0.585483870967742 30.8436003811051 3 2 0 
0 480 9.8 10 0.351280834914611 0.335483870967742 31.1223813374528 3 -2 0 
1 490 8 12 0.500192012288787 0.616129032258065 27.7072928417133 3 2 0 
0 490 9.8 10 0.354472140762463 0.285282258064516 23.0018407278008 3 -2 0 
1 500 8 12 0.531607700312175 0.643548387096774 26.1979412303049 3 2 1 
0 500 9.8 10 0.401328273244782 0.354838709677419 17.8910398605453 2 -2 -1 
1 510 8 13 0.41636798088411 0.645967741935484 22.406257015789 3 3 1 
0 510 9.8 10 0.371517595307918 0.32258064516129 13.7289331996808 2 -3 -1 
1 520 8 13 0.459677419354839 0.632258064516129 19.1856006186375 3 3 1 
0 520 9.8 10 0.370967741935484 0.288978494623656 13.5605150559189 2 -3 -1 
1 530 8 13 0.514742943548387 0.637096774193548 18.5849325457598 3 3 1 
0 530 9.8 10 0.438172043010753 0.313172043010753 12.2794217869732 2 -3 -1 
1 540 8 13 0.439655172413793 0.614516129032258 10.809755100785 3 2 1 
0 540 9.8 11 0.394563918757467 0.335685483870968 29.0448564739352 2 -2 -1 
1 550 8 13 0.507640067911715 0.637096774193548 3.96214667153641 3 2 1 
0 550 9.8 11 0.464784946236559 0.312903225806452 23.4819862630187 2 -2 -1 
1 560 8 13 0.542204301075269 0.654032258064516 2.81593121660657 3 2 1 
0 560 9.8 11 0.53405017921147 0.383064516129032 33.1067937885956 2 -2 -1 
1 570 8 14 0.476295210166178 0.596774193548387 12.0689391598748 3 3 1 
0 570 9.8 11 0.426579301075269 0.351814516129032 36.4500818975267 2 -3 -1 
1 580 8 14 0.578293010752688 0.506048387096774 33.6083724116877 3 3 1 
0 580 9.8 11 0.361559139784946 0.338709677419355 40.7044747696081 2 -3 -1 
1 590 8 14 0.569556451612903 0.454637096774194 38.9299997445905 3 2 1 
0 590 9.8 12 0.413306451612903 0.347782258064516 19.1270695432348 2 -2 -1 
1 600 8 14 0.486948217317487 0.415322580645161 25.6927543990989 3 2 1 
0 600 9.8 12 0.365725806451613 0.254032258064516 21.6524752611363 2 -2 -1 
1 610 8 14 0.482741935483871 0.425 29.2556204063818 3 2 1 
0 610 9.8 12 0.356602822580645 0.287903225806452 29.3332335339279 2 -2 -1 
1 620 8 14 0.526497695852535 0.484677419354839 29.9199204388794 3 2 1 
0 620 9.8 12 0.397177419354839 0.34758064516129 21.525284947294 2 -2 -1 
1 630 8 14 0.449193548387097 0.487096774193548 23.8790993795705 3 2 1 
0 630 9.8 12 0.395459976105137 0.39758064516129 14.4152275177996 2 -2 -1 
1 640 8 14 0.468413978494624 0.469354838709677 33.8754162370669 3 2 1 
0 640 9.8 12 0.434363799283154 0.395161290322581 19.0228705727414 2 -2 -1 
1 650 8 15 0.521260997067449 0.516935483870968 47.3701002819504 3 3 1 
0 650 9.8 12 0.442540322580645 0.391935483870968 22.0414959722458 2 -3 -1 
1 660 8 15 0.443158168574402 0.541129032258065 43.044832990771 3 2 1 
0 660 9.8 13 0.37683284457478 0.373387096774194 21.8908134340435 2 -2 -1 
1 670 8 15 0.36847158218126 0.520161290322581 45.121871158527 3 2 1 
0 670 9.8 13 0.401344086021505 0.384677419354839 36.4653879022448 2 -2 -1 
1 680 8 15 0.475105189340813 0.480846774193548 36.5958281951533 3 2 1 
0 680 9.8 13 0.396505376344086 0.503225806451613 47.7584304360692 2 -2 -1 
1 690 8 15 0.459987593052109 0.521505376344086 33.1818689130259 3 2 1 
0 690 9.8 13 0.35 0.475 48.2025973019847 2 -2 -1 
1 700 8 15 0.466801075268817 0.506048387096774 34.3993772055773 3 1 1 
0 700 9.8 14 0.381854838709677 0.473387096774194 40.7055710869422 2 -1 -1 
1 710 8 16 0.511751152073733 0.512096774193548 11.372547628812 3 2 1 
0 710 9.8 14 0.419829222011385 0.434475806451613 41.3009469965725 2 -2 -1 
1 720 8 16 0.488127240143369 0.439516129032258 45.7433996630549 3 2 1 
0 720 9.8 14 0.350806451612903 0.383064516129032 36.7271568516171 2 -2 -1 
1 730 8 16 0.473118279569892 0.502688172043011 43.2182345608501 3 2 1 
0 730 9.8 14 0.391993087557604 0.3125 24.4306295204718 2 -2 -1 
1 740 8 16 0.509286412512219 0.516129032258065 25.9013789943698 3 2 1 
0 740 9.8 14 0.427995391705069 0.262096774193548 28.5965268584914 2 -2 -1 
1 750 8 16 0.466786926994907 0.533602150537634 27.4198672917108 3 1 1 
0 750 9.8 15 0.347690615835777 0.286290322580645 34.1400974829127 2 -1 -1 
1 760 8 16 0.514112903225806 0.467741935483871 39.774624209469 3 1 1 
0 760 9.8 15 0.450940860215054 0.409677419354839 15.5832535286377 2 -1 -1 
1 770 8 16 0.634516129032258 0.492943548387097 39.5958290714169 3 1 1 
0 770 9.8 15 0.460777126099707 0.474193548387097 5.80533284904209 2 -1 -1 
1 780 8 16 0.494694397283531 0.455645161290323 32.4775497195056 3 1 1 
0 780 9.8 15 0.321394686907021 0.499193548387097 10.2350968037495 2 -1 -1 
1 790 8 16 0.47741935483871 0.418346774193548 26.3263362699391 3 1 1 
0 790 9.8 15 0.370967741935484 0.558870967741935 13.8393131432892 2 -1 -1 
1 800 8 17 0.544632925472747 0.46875 26.5589089056039 3 2 1 
0 800 9.8 15 0.401497695852535 0.503225806451613 23.7131818648767 2 -2 -1 
1 810 8 17 0.452242943548387 0.369623655913979 42.0257470951799 3 1 1 
0 810 9.8 16 0.304032258064516 0.489516129032258 19.6866887491793 2 -1 -1 
1 820 8 17 0.525388291517324 0.420698924731183 36.058082207492 3 1 1 
0 820 9.8 16 0.415632754342432 0.478225806451613 15.3272917726085 2 -1 -1 
1 830 8 17 0.584516129032258 0.481182795698925 30.0311792947557 3 1 1 
0 830 9.8 16 0.404121863799283 0.44758064516129 29.1509524037704 2 -1 -1 
1 840 8 17 0.457111436950147 0.567204301075269 28.6619486424732 3 1 1 
0 840 9.8 16 0.373064516129032 0.425806451612903 32.2731118643422 2 -1 -1 
1 850 8 17 0.467741935483871 0.563172043010753 38.512389792092 3 1 1 
0 850 9.8 16 0.443548387096774 0.407258064516129 27.8331064805632 2 -1 -1 
1 860 8 17 0.543659621802002 0.381451612903226 51.6296003093588 3 1 1 
0 860 9.8 16 0.461605890603086 0.453629032258065 35.6309055885005 2 -1 -1 
1 870 8 17 0.465671316477768 0.428225806451613 45.5527272773644 3 1 1 
0 870 9.8 16 0.411600496277916 0.370967741935484 22.9041618915679 2 -1 -1 
1 880 8 18 0.487903225806452 0.488709677419355 35.0198631704901 3 2 1 
0 880 9.8 16 0.404905913978495 0.438172043010753 14.6195752039853 2 -2 -1 
1 890 8 18 0.564189189189189 0.554032258064516 19.7731622944941 3 1 1 
0 890 9.8 17 0.42741935483871 0.408602150537634 31.7729903909693 2 -1 -1 
1 900 8 18 0.506689882697947 0.542741935483871 14.19272165134 3 1 1 
0 900 9.8 17 0.328149001536098 0.422043010752688 15.5876913099507 2 -1 -1 
1 910 8 18 0.51507713884993 0.567741935483871 42.6061024768945 3 1 1 
0 910 9.8 17 0.37683284457478 0.283602150537634 26.6436079116889 2 -1 -1 
1 920 8 18 0.580490074441687 0.607258064516129 28.045841170553 3 1 1 
0 920 9.8 17 0.380131964809384 0.258064516129032 13.4182515619232 2 -1 -1 
1 930 8 18 0.516304347826087 0.716935483870968 5.26244323690443 3 1 1 
0 930 9.8 17 0.344913151364764 0.277217741935484 3.80098115630745 2 -1 -1 
1 940 8 19 0.469278033794163 0.725 5.96661639060053 3 2 2 
0 940 9.8 17 0.356182795698925 0.231854838709677 12.7187101439777 1 -2 -2 
1 950 8 19 0.569593787335723 0.746774193548387 5.43031505549952 3 2 2 
0 950 9.8 17 0.393649193548387 0.194556451612903 16.5677816309935 1 -2 -2 
1 960 8 19 0.495487711213518 0.671370967741936 15.7366598106386 3 1 2 
0 960 9.8 18 0.314784946236559 0.246774193548387 16.5352825394993 1 -1 -2 
1 970 8 19 0.529001240694789 0.588709677419355 8.21637021355784 3 1 2 
0 970 9.8 18 0.365207373271889 0.35241935483871 17.9438613485359 1 -1 -2 
1 980 8 19 0.574531737773153 0.520161290322581 17.2157710772721 3 1 2 
0 980 9.8 18 0.368951612903226 0.365322580645161 15.2886103614146 1 -1 -2 
1 990 8 19 0.488316790736146 0.420362903225806 19.4067968718893 3 1 2 
0 990 9.8 18 0.355342741935484 0.385483870967742 7.7875259968381 1 -1 -2 
1 1000 8 19 0.42741935483871 0.425403225806452 16.4830080933357 3 1 2 
0 1000 9.8 18 0.358870967741936 0.435483870967742 24.4823758173196 1 -1 -2 
1 1010 8 19 0.527277039848197 0.469758064516129 4.33234774382821 3 0 2 
0 1010 9.8 19 0.386648745519713 0.389112903225806 19.1886730842483 1 0 -2 
1 1020 8 20 0.467741935483871 0.470967741935484 35.1495421832034 3 1 2 
0 1020 9.8 19 0.341397849462366 0.399193548387097 5.4071081271093 1 -1 -2 
1 1030 8 20 0.542413381123058 0.623387096774194 11.2776389115354 3 1 2 
0 1030 9.8 19 0.341733870967742 0.397177419354839 2.54950975679639 1 -1 -2 
1 1040 8 20 0.647942157953281 0.667741935483871 15.3535386129843 3 1 2 
0 1040 9.8 19 0.313172043010753 NaN NaN 1 -1 -2 
1 1050 8 20 0.679291474654378 0.761290322580645 10.3907506964521 3 1 2 
0 1050 9.8 19 0.307963709677419 NaN NaN 1 -1 -2 
1 1060 8 20 0.687655086848635 0.8125 6.12402969781131 3 1 2 
0 1060 9.8 19 NaN NaN NaN 1 -1 -2 
1 1070 8 20 0.692928039702233 0.825268817204301 6.19039478985961 3 1 2 
0 1070 9.8 19 NaN NaN NaN 1 -1 -2 
