1 30 8 1 NaN 0.2703125 27.8898587067021 3 0 0 
0 30 9.4 1 NaN 0.22734375 19.3360117146165 3 0 0 
1 40 8 1 NaN 0.31484375 40.6199625009797 3 0 0 
0 40 9.4 1 NaN 0.2453125 18.1836162120644 3 0 0 
1 50 8 1 0.39453125 0.37734375 35.3758904029008 3 0 0 
0 50 9.4 1 0.36328125 0.29609375 26.5332694541746 3 0 0 
1 60 8 1 0.39453125 0.505859375 40.0603144487996 3 0 0 
0 60 9.4 1 0.36328125 0.45390625 33.8684432838897 3 0 0 
1 70 8 1 0.411644345238095 0.50546875 42.9548557458877 3 0 0 
0 70 9.4 1 0.3693359375 0.46484375 38.3427513994236 3 0 0 
1 80 8 1 0.490559895833333 0.50703125 42.9297873253509 3 0 0 
0 80 9.4 1 0.460227272727273 0.4765625 43.7187855739905 3 0 0 
1 90 8 1 0.44775390625 0.52109375 42.0814981815487 3 0 0 
0 90 9.4 1 0.380625 0.45703125 46.1079185645262 3 0 0 
1 100 8 1 0.4284375 0.5109375 43.9370801848465 3 0 0 
0 100 9.4 1 0.395210597826087 0.43203125 44.8954186106928 3 0 0 
1 110 8 2 0.489375 0.496875 41.9309927583281 3 0 0 
0 110 9.4 2 0.46234375 0.459375 44.3951374078236 3 0 0 
1 120 8 2 0.442708333333333 0.5046875 45.0025262962912 3 0 0 
0 120 9.4 2 0.370584239130435 0.46484375 41.1424493768092 3 0 0 
1 130 8 2 0.41015625 0.5296875 44.8180664744853 3 0 0 
0 130 9.4 2 0.400923295454545 0.435546875 43.209219380067 3 0 0 
1 140 8 3 0.4986328125 0.4453125 47.2681095387744 3 0 0 
0 140 9.4 3 0.473188920454545 0.38359375 45.2372666778224 3 0 0 
1 150 8 3 0.42529296875 0.44296875 30.015926985406 3 0 0 
0 150 9.4 3 0.384440104166667 0.384375 37.8164746435692 3 0 0 
1 160 8 3 0.426231971153846 0.5203125 24.8582582594559 3 0 0 
0 160 9.4 3 0.3826171875 0.41953125 24.9715711394243 3 0 0 
1 170 8 3 0.497452445652174 0.54296875 3.67477865304366 3 0 0 
0 170 9.4 3 0.458203125 0.45 15.4490163017958 3 0 0 
1 180 8 3 0.44421875 0.5087890625 4.67880791541069 3 0 0 
0 180 9.4 3 0.379557291666667 0.50390625 10.7004735062749 3 0 0 
1 190 8 3 0.404119318181818 0.4814453125 8.05726279729656 3 -1 0 
0 190 9.4 4 0.3759765625 0.4828125 18.9256521977018 3 1 0 
1 200 8 3 0.479352678571429 0.4140625 34.5592072929354 3 -1 0 
0 200 9.4 4 0.450816761363636 0.3734375 28.4480475483331 3 1 0 
1 210 8 4 0.452311197916667 0.4171875 37.4818832052241 3 0 0 
0 210 9.4 4 0.36328125 0.40390625 21.2790039040535 3 0 0 
1 220 8 4 0.429832175925926 0.4580078125 23.882151938838 3 0 0 
0 220 9.4 4 0.3716796875 0.478125 11.636302654271 3 0 0 
1 230 8 4 0.465473790322581 0.4775390625 8.0214489460631 3 0 0 
0 230 9.4 4 0.450520833333333 0.4931640625 11.1787152966737 3 0 0 
1 240 8 4 0.462348090277778 0.44765625 26.2258230181345 3 0 0 
0 240 9.4 4 0.374348958333333 0.4775390625 5.3815237147827 3 0 0 
1 250 8 4 0.45328125 0.4853515625 3.19325606802426 3 -1 0 
0 250 9.4 5 0.379375 0.390625 28.303573361378 3 1 0 
1 260 8 4 0.501302083333333 0.498046875 1.97028311106696 3 -1 0 
0 260 9.4 5 0.4484375 0.41875 17.2943232424675 3 1 0 
1 270 8 4 0.442138671875 0.3875 32.0657401969535 3 -1 0 
0 270 9.4 5 0.401785714285714 0.46640625 7.9241541485843 3 1 0 
1 280 8 5 0.442057291666667 0.4625 19.9941328833043 3 0 0 
0 280 9.4 5 0.37984375 0.49921875 9.84666321440385 3 0 0 
1 290 8 5 0.482700892857143 0.50234375 8.65998757629135 3 -1 0 
0 290 9.4 6 0.431640625 0.48125 11.2758395046715 3 1 0 
1 300 8 5 0.43115234375 0.51953125 8.97800655692613 3 -1 0 
0 300 9.4 6 0.404557291666667 0.47734375 12.2531621300725 3 1 0 
1 310 8 5 0.40531994047619 0.50234375 12.5178185701007 3 -1 0 
0 310 9.4 6 0.433015046296296 0.44296875 11.4973708885659 3 1 0 
1 320 8 5 0.484730113636364 0.48046875 8.30987349230299 3 -1 0 
0 320 9.4 6 0.472916666666667 0.465625 11.6944460258499 3 1 0 
1 330 8 6 0.438671875 0.4671875 9.39193552250562 3 0 0 
0 330 9.4 6 0.417464717741936 0.41640625 28.1074328719469 3 0 0 
1 340 8 6 0.453125 0.5234375 23.953701292627 3 0 0 
0 340 9.4 6 0.395774147727273 0.4296875 34.6856212627469 3 0 0 
1 350 8 6 0.494502314814815 0.490625 28.8623538949196 3 0 0 
0 350 9.4 6 0.42578125 0.43203125 29.3867924134272 3 0 0 
1 360 8 6 0.462949810606061 0.4546875 39.9931794814763 3 -1 0 
0 360 9.4 7 0.38671875 0.465625 38.0982893150256 3 1 0 
1 370 8 7 0.46533203125 0.503125 28.8540674718096 3 0 0 
0 370 9.4 7 0.38515625 0.428125 35.6245815956756 3 0 0 
1 380 8 7 0.502748842592593 0.54921875 30.4942941144955 3 0 0 
0 380 9.4 7 0.425071022727273 0.4109375 34.8554438998699 3 0 0 
1 390 8 7 0.455915178571429 0.57578125 27.2520450366262 3 0 0 
0 390 9.4 7 0.411290322580645 0.40859375 38.4392696415419 3 0 0 
1 400 8 8 0.452380952380952 0.54453125 27.4820816938506 3 0 0 
0 400 9.4 8 0.40046875 0.47578125 39.458290549222 3 0 0 
1 410 8 8 0.49640625 0.5546875 25.0581384080814 3 0 0 
0 410 9.4 8 0.435825892857143 0.46484375 38.9101624675792 3 0 0 
1 420 8 8 0.480919471153846 0.5703125 35.5944533698111 3 0 0 
0 420 9.4 8 0.435697115384615 0.4521484375 56.3412190256636 3 0 0 
1 430 8 9 0.470703125 0.52265625 43.6109473880197 3 1 0 
0 430 9.4 8 0.390854779411765 0.4755859375 60.193421723833 3 -1 0 
1 440 8 9 0.510323660714286 0.528125 52.6172756374614 3 1 0 
0 440 9.4 8 0.436458333333333 0.337890625 52.3529824418785 3 -1 0 
1 450 8 9 0.477640086206897 0.453125 53.3459965113364 3 1 0 
0 450 9.4 8 0.35859375 0.34765625 35.67853044843 3 -1 0 
1 460 8 9 0.489453125 0.403125 37.0342677204714 3 0 0 
0 460 9.4 9 0.361607142857143 0.302734375 31.6479758206766 3 0 0 
1 470 8 9 0.532072368421053 0.39921875 23.107624634431 3 0 0 
0 470 9.4 9 0.381076388888889 0.36171875 37.1476203321819 3 0 0 
1 480 8 9 0.470243566176471 0.4234375 25.1447955590465 3 0 0 
0 480 9.4 9 0.3965625 0.38828125 29.1807489752068 3 0 0 
1 490 8 10 0.465262276785714 0.52265625 24.3549959917044 3 1 0 
0 490 9.4 9 0.4091796875 0.39453125 37.5219594995598 3 -1 0 
1 500 8 10 0.523856026785714 0.5109375 20.1047462330212 3 1 0 
0 500 9.4 9 0.404389880952381 0.41328125 45.1440562192685 3 -1 0 
1 510 8 10 0.477994791666667 0.54296875 11.2870303119025 3 0 0 
0 510 9.4 10 0.408420138888889 0.41484375 35.6650580488667 3 0 0 
1 520 8 10 0.512974330357143 0.46328125 7.87366388517434 3 0 0 
0 520 9.4 10 0.386328125 0.4359375 39.0035410800751 3 0 0 
1 530 8 10 0.497974537037037 0.5203125 6.16505455873753 3 0 0 
0 530 9.4 10 0.491666666666667 0.44921875 41.7680350020686 3 0 0 
1 540 8 11 0.428955078125 0.5671875 4.21712839340258 3 0 0 
0 540 9.4 11 0.422325721153846 0.4501953125 39.0726502385036 3 0 0 
1 550 8 11 0.486328125 0.5390625 11.0230955749768 3 0 0 
0 550 9.4 11 0.444247159090909 0.4423828125 37.4269862930325 3 0 0 
1 560 8 11 0.521728515625 0.5078125 5.31288427473047 3 0 0 
0 560 9.4 11 0.512297453703704 0.3876953125 34.9856477675233 3 0 0 
1 570 8 11 0.424082880434783 0.49453125 8.63561639422031 3 0 0 
0 570 9.4 11 0.432421875 0.36171875 36.1021254827902 3 0 0 
1 580 8 11 0.445106907894737 0.51484375 13.112386851934 3 0 0 
0 580 9.4 11 0.387462797619048 0.40078125 30.4816594110727 3 0 0 
1 590 8 11 0.47265625 0.5171875 19.3588774431685 3 0 0 
0 590 9.4 11 0.422475961538462 0.43984375 26.5961168847685 3 0 0 
1 600 8 11 0.4326171875 0.5296875 25.9708247794536 3 0 0 
0 600 9.4 11 0.402853260869565 0.40234375 19.8220158666386 3 0 0 
1 610 8 11 0.49296875 0.44765625 21.818127772193 3 0 0 
0 610 9.4 11 0.439903846153846 0.428125 27.8643000191077 3 0 0 
1 620 8 11 0.583426339285714 0.3466796875 5.28130943988645 3 -1 0 
0 620 9.4 12 0.517663043478261 0.521875 33.2755262327024 3 1 0 
1 630 8 12 0.466145833333333 0.3525390625 20.5953735310642 3 -1 0 
0 630 9.4 13 0.431568287037037 0.50859375 34.5459823005885 3 1 0 
1 640 8 12 0.434375 0.421875 27.2166115100535 3 -1 0 
0 640 9.4 13 0.412259615384615 0.48359375 28.3399603295751 3 1 0 
1 650 8 12 0.4794921875 0.47265625 29.1454044725067 3 -1 0 
0 650 9.4 13 0.463448660714286 0.4640625 28.1592433535173 3 1 0 
1 660 8 12 0.427819293478261 0.51328125 33.0357533425584 3 -1 0 
0 660 9.4 13 0.417025862068966 0.4140625 26.4506139179963 3 1 0 
1 670 8 12 0.413736979166667 0.51171875 39.2611040557688 3 -1 0 
0 670 9.4 13 0.39859375 0.47109375 18.0738398856479 3 1 0 
1 680 8 13 0.469105113636364 0.559375 41.1519197118746 3 0 0 
0 680 9.4 13 0.472316576086957 0.3640625 9.62083803229087 3 0 0 
1 690 8 13 0.45703125 0.55390625 40.4502707325693 3 0 0 
0 690 9.4 13 0.391845703125 0.28828125 7.45782121493927 3 0 0 
1 700 8 13 0.442255434782609 0.559375 29.3139380749227 3 0 0 
0 700 9.4 13 0.371694711538462 0.36171875 7.74272082542381 3 0 0 
1 710 8 13 0.524259868421053 0.5234375 26.4888149137475 3 0 0 
0 710 9.4 13 0.397786458333333 0.478125 9.64857944001182 3 0 0 
1 720 8 13 0.474494485294118 0.443359375 25.3018724593219 3 -1 0 
0 720 9.4 14 0.377766927083333 0.51171875 9.93822281212221 3 1 0 
1 730 8 13 0.406419836956522 0.421875 26.0361984025533 3 -1 0 
0 730 9.4 14 0.446022727272727 0.55 19.5372810912829 3 1 0 
1 740 8 13 0.520833333333333 0.404947916666667 23.3745875544667 3 -1 0 
0 740 9.4 14 0.478693181818182 0.58046875 30.6088458480648 3 1 0 
1 750 8 14 0.454166666666667 0.318359375 12.5468023935369 3 -1 0 
0 750 9.4 15 0.396744791666667 0.5859375 22.9207431342441 3 1 0 
1 760 8 14 0.4154296875 0.3134765625 10.7806953355607 3 -1 0 
0 760 9.4 15 0.42236328125 0.6078125 13.9624523729628 3 1 0 
1 770 8 14 0.5109375 0.3859375 23.6448019524762 3 -1 0 
0 770 9.4 15 0.425636574074074 0.5615234375 10.8398449625136 3 1 0 
1 780 8 14 0.451171875 0.40625 13.7509490648156 3 -1 0 
0 780 9.4 15 0.395109953703704 0.5185546875 13.6396685103196 3 1 0 
1 790 8 14 0.443181818181818 0.49140625 7.95786607963057 3 -1 0 
0 790 9.4 15 0.386179956896552 0.4453125 15.2252711393607 3 1 0 
1 800 8 14 0.51609375 0.6234375 12.975597704393 3 -1 0 
0 800 9.4 15 0.385869565217391 0.291666666666667 13.9352843210015 3 1 0 
1 810 8 15 0.501953125 0.61953125 25.7408258579936 3 0 0 
0 810 9.4 15 0.411106418918919 0.2861328125 26.9017364121898 3 0 0 
1 820 8 15 0.457913306451613 0.625 28.0555738618786 3 0 0 
0 820 9.4 15 0.460100446428571 0.3681640625 20.1773439643324 3 0 0 
1 830 8 15 0.513888888888889 0.61328125 35.1307563476467 3 0 0 
0 830 9.4 15 0.550180288461538 0.4109375 23.387082547067 3 0 0 
1 840 8 15 0.446875 0.49375 20.8752155990187 3 -1 0 
0 840 9.4 16 0.53251953125 0.47421875 22.9876717118129 3 1 0 
1 850 8 15 0.370535714285714 0.42890625 16.5375874572605 3 -1 0 
0 850 9.4 16 0.598286290322581 0.54296875 30.5436452841289 3 1 0 
1 860 8 15 0.4375 0.43359375 33.7157433014169 3 -1 0 
0 860 9.4 16 0.66748046875 0.515625 33.6271008126636 3 1 0 
1 870 8 15 0.37546875 0.50546875 40.1402788872191 3 -1 0 
0 870 9.4 16 0.574504573170732 0.453125 37.6978341901863 3 1 0 
1 880 8 16 0.494791666666667 0.59921875 27.5804473152509 3 0 0 
0 880 9.4 16 0.627757352941177 0.3564453125 36.6184926050486 3 0 0 
1 890 8 16 0.5796875 0.50859375 18.5362854545919 3 0 0 
0 890 9.4 16 0.687270220588235 0.380208333333333 50.7403758720103 3 0 0 
1 900 8 16 0.404994419642857 0.45 18.2400850408017 3 0 0 
0 900 9.4 16 0.39625 0.2080078125 14.2595354811597 3 0 0 
1 910 8 16 0.4546875 0.39765625 16.1322266232558 3 0 0 
0 910 9.4 16 0.352213541666667 0.2646484375 17.6495186659333 3 0 0 
1 920 8 16 0.471788194444444 0.44609375 16.4345367804052 3 -1 0 
0 920 9.4 17 0.389322916666667 0.3203125 13.1229843710363 3 1 0 
1 930 8 16 0.4951171875 0.465625 10.495161142801 3 -1 0 
0 930 9.4 17 0.378348214285714 0.4404296875 3.91861164782749 3 1 0 
1 940 8 17 0.44359375 0.5203125 21.2329476376869 3 0 0 
0 940 9.4 17 0.3576171875 0.38671875 31.1097773949262 3 0 0 
1 950 8 17 0.51953125 0.5693359375 33.4751785208634 3 0 0 
0 950 9.4 17 0.351318359375 0.3828125 30.4061767730213 3 0 0 
1 960 8 17 0.498621323529412 0.505859375 31.9736015119021 3 0 0 
0 960 9.4 17 0.349076704545455 0.42109375 32.7364319931186 3 0 0 
1 970 8 17 0.470865885416667 0.4814453125 30.6969236559073 3 0 0 
0 970 9.4 17 0.381373355263158 0.4640625 30.4195586693372 3 0 0 
1 980 8 17 0.521122685185185 0.3994140625 34.1440928742894 3 0 0 
0 980 9.4 17 0.394325657894737 0.53203125 34.3024633103782 3 0 0 
1 990 8 17 0.479017857142857 0.356770833333333 27.0607359413092 3 -1 0 
0 990 9.4 18 0.379971590909091 0.44375 25.2745623132909 3 1 0 
1 1000 8 17 0.465401785714286 0.3642578125 34.1402433075771 3 -1 0 
0 1000 9.4 18 0.387008101851852 0.44453125 22.1284725587136 3 1 0 
1 1010 8 17 0.517427884615385 0.36328125 23.9916146477231 3 -1 0 
0 1010 9.4 18 0.428955078125 0.50390625 24.8345150028931 3 1 0 
1 1020 8 17 0.37421875 0.447265625 40.9976422025852 3 -1 0 
0 1020 9.4 18 0.443474264705882 0.4328125 26.6016246327824 3 1 0 
1 1030 8 17 0.372721354166667 0.4453125 44.387604864918 3 -1 0 
0 1030 9.4 18 0.4931640625 0.34765625 40.3125762131566 3 1 0 
1 1040 8 18 0.369140625 0.384375 40.101741203905 3 0 0 
0 1040 9.4 18 0.552984775641026 0.3609375 36.854569920146 3 0 0 
1 1050 8 18 0.338169642857143 0.37890625 23.0238446659804 3 0 0 
0 1050 9.4 18 0.48937136627907 0.4421875 20.5149838553802 3 0 0 
1 1060 8 18 0.3701171875 0.41015625 13.0807794364955 3 -1 0 
0 1060 9.4 19 0.490178571428571 0.4890625 6.90222766971731 3 1 0 
1 1070 8 18 0.365337171052632 0.40234375 0 3 -1 0 
0 1070 9.4 19 0.562199519230769 0.565625 4.57694689388697 3 1 0 
1 1080 8 18 0.34171875 0.33203125 0 3 -1 0 
0 1080 9.4 19 0.539911684782609 0.62265625 3.45312768154778 3 1 0 
1 1090 8 18 0.318917410714286 0.29296875 0 3 -2 0 
0 1090 9.4 20 0.59672619047619 0.6359375 13.9742932880973 3 2 0 
1 1100 8 18 0.2671875 0.25390625 0 3 -2 0 
0 1100 9.4 20 0.61015625 0.678125 12.0290837618775 3 2 0 
1 1110 8 18 0.284926470588235 0.23046875 0 3 -2 0 
0 1110 9.4 20 0.525735294117647 0.69453125 6.42903429088225 3 2 0 
1 1120 8 18 0.28662109375 0.209635416666667 15.0806778694678 2 -2 -1 
0 1120 9.4 20 0.497575431034483 0.70390625 4.03785927550411 3 2 1 
1 1130 8 18 0.284830729166667 0.2109375 10.6678752530601 2 -2 -1 
0 1130 9.4 20 0.560546875 0.7109375 5.86911968223661 3 2 1 
1 1140 8 18 0.293212890625 0.259375 5.48513379850023 2 -2 -1 
0 1140 9.4 20 0.536000844594595 0.7109375 3.57103400919481 3 2 1 
1 1150 8 19 0.288504464285714 0.2171875 4.31276536360691 2 -1 -1 
0 1150 9.4 20 0.503385416666667 0.76171875 4.13155746576263 3 1 1 
1 1160 8 19 0.288504464285714 0.20625 5.15692679504512 2 -1 -1 
0 1160 9.4 20 0.603776041666667 0.76953125 2.1416588439367 3 1 1 
1 1170 8 19 0.30359375 0.2734375 4.39636845956864 2 -1 -1 
0 1170 9.4 20 0.482010690789474 0.689453125 2.91547594742265 3 1 1 
1 1180 8 20 0.343359375 0.40390625 5.34555008739281 2 0 -1 
0 1180 9.4 20 0.440867456896552 0.54296875 0 3 0 1 
1 1190 8 20 0.356626157407407 0.48046875 34.602263055635 2 0 -1 
0 1190 9.4 20 0.513849431818182 0.34765625 0 3 0 1 
1 1200 8 20 0.426724137931034 0.61875 32.4740582299393 2 0 -1 
0 1200 9.4 20 0.472123579545455 0.2421875 0 3 0 1 
1 1210 8 20 0.454017857142857 0.765625 5.48408234558242 2 0 -1 
0 1210 9.4 20 0.3345703125 NaN NaN 3 0 1 
1 1220 8 20 0.445126488095238 0.75390625 4.92545702057385 2 0 0 
0 1220 9.4 20 0.2978515625 0.1328125 0 2 0 0 
1 1230 8 20 0.48686835106383 0.73046875 14.7801114410091 2 0 0 
0 1230 9.4 20 0.400173611111111 0.143229166666667 9.4910515904095 2 0 0 
1 1240 8 20 0.523681640625 0.625 11.0088987454012 2 0 0 
0 1240 9.4 20 0.376953125 0.1865234375 11.6720949565466 2 0 0 
1 1250 8 20 0.544215425531915 0.55546875 4.59718327485714 2 0 0 
0 1250 9.4 20 0.379507211538462 0.3359375 21.39097641379 2 0 0 
1 1260 8 21 0.502961189516129 0.5671875 7.27384149812591 2 0 0 
0 1260 9.4 21 0.375 0.41015625 14.1249531368244 2 0 0 
1 1270 8 21 0.526845079787234 0.49453125 8.51307132299011 2 0 0 
0 1270 9.4 21 0.360677083333333 0.4265625 30.3623695744066 2 0 0 
1 1280 8 21 0.576302083333333 0.42265625 16.686670832539 2 0 0 
0 1280 9.4 21 0.387920673076923 0.43359375 24.4868713303924 2 0 0 
1 1290 8 21 0.572385204081633 0.43515625 14.1156179693031 2 0 0 
0 1290 9.4 21 0.337439903846154 0.471875 15.9763765278614 2 0 0 
1 1300 8 21 0.559755067567568 0.471875 25.6386023505762 2 0 0 
0 1300 9.4 21 0.34375 0.46484375 14.197888104979 2 0 0 
1 1310 8 21 0.579889112903226 0.6234375 15.1702180292835 2 0 0 
0 1310 9.4 21 0.278211805555556 0.33359375 10.2225145522708 2 0 0 
1 1320 8 21 0.598250679347826 0.72265625 13.8487648444063 2 0 0 
0 1320 9.4 21 0.304227941176471 0.2296875 14.4728151255353 2 0 0 
1 1330 8 21 0.568306587837838 0.75078125 5.6711360873659 2 0 0 
0 1330 9.4 21 0.365792410714286 0.21484375 7.86096269533403 2 0 0 
1 1340 8 21 0.606662326388889 0.68203125 8.54546479728254 2 0 0 
0 1340 9.4 21 0.378348214285714 0.23125 12.6260206821663 2 0 0 
1 1350 8 21 0.529296875 0.7609375 4.41260316226693 2 0 0 
0 1350 9.4 21 0.369357638888889 0.212890625 14.4147190137723 2 0 0 
1 1360 8 21 0.49609375 0.76171875 5.62819437424128 2 0 0 
0 1360 9.4 21 0.4314453125 0.1748046875 16.9327673243258 2 0 0 
1 1370 8 21 0.5921630859375 0.7744140625 7.45716607597246 2 -1 0 
0 1370 9.4 22 0.444580078125 0.2060546875 17.9276251023493 2 1 0 
1 1380 8 21 0.525457974137931 0.6953125 6.12506715190909 2 -1 0 
0 1380 9.4 22 0.41328125 0.2607421875 13.9430489770274 2 1 0 
1 1390 8 21 0.462611607142857 0.592447916666667 7.2819428260623 2 -1 0 
0 1390 9.4 22 0.5005859375 0.2353515625 12.4726551611896 2 1 0 
1 1400 8 21 0.54296875 0.424479166666667 2.94528813950012 2 -1 0 
0 1400 9.4 22 0.5009765625 0.220703125 16.3339590855069 2 1 0 
1 1410 8 21 0.4822998046875 0.438802083333333 8.810579800082 2 -1 0 
0 1410 9.4 22 0.509403935185185 0.29296875 27.3016970485101 2 1 0 
1 1420 8 22 0.489397321428571 0.39453125 6.98320135594329 2 0 0 
0 1420 9.4 22 0.465104166666667 0.35 28.0667463615241 2 0 0 
1 1430 8 22 0.525699013157895 0.2880859375 25.9671449155526 2 0 0 
0 1430 9.4 22 0.449669471153846 0.36875 25.6945690953084 2 0 0 
1 1440 8 22 0.438981681034483 0.2984375 39.353320295647 2 0 0 
0 1440 9.4 22 0.378018465909091 0.40078125 19.0551335662034 2 0 0 
1 1450 8 22 0.384207589285714 0.3125 43.6500221243088 2 0 0 
0 1450 9.4 22 0.47140625 0.54765625 18.8106770107049 2 0 0 
1 1460 8 22 0.4203125 0.3291015625 32.3611266116786 2 0 0 
0 1460 9.4 22 0.551215277777778 0.60546875 22.6792195266249 2 0 0 
1 1470 8 22 0.370535714285714 0.287109375 20.3134578869032 2 0 0 
0 1470 9.4 22 0.537723214285714 0.61171875 33.9878932426866 2 0 0 
1 1480 8 22 0.485795454545455 0.2958984375 9.33992597445097 2 0 0 
0 1480 9.4 22 0.462890625 0.5484375 40.3956619866113 2 0 0 
1 1490 8 22 0.652994791666667 0.3203125 10.5623656616632 2 -1 0 
0 1490 9.4 23 0.572520380434783 0.50234375 27.9454310921688 2 1 0 
1 1500 8 22 0.403952205882353 0.392578125 11.5083082915901 2 -1 0 
0 1500 9.4 23 0.475350215517241 0.45 26.3330618025615 2 1 0 
1 1510 8 22 0.400287828947368 0.4658203125 12.9046066603598 2 -1 0 
0 1510 9.4 23 0.415760869565217 0.4359375 22.5190296833102 2 1 0 
1 1520 8 22 0.429873511904762 0.5029296875 3.58294927997219 2 -1 0 
0 1520 9.4 23 0.507595486111111 0.44609375 27.3815495594021 2 1 0 
1 1530 8 22 0.396205357142857 0.4421875 29.6531688659461 2 -1 0 
0 1530 9.4 23 0.465576171875 0.4671875 21.5887534166915 2 1 0 
1 1540 8 22 0.408318014705882 0.49296875 16.8571124551333 2 -1 0 
0 1540 9.4 23 0.460129310344828 0.475 18.010997102855 2 1 0 
1 1550 8 22 0.369047619047619 0.45078125 25.6107622915931 2 -1 0 
0 1550 9.4 23 0.537860576923077 0.5 24.0427073881677 2 1 0 
1 1560 8 22 0.371981534090909 0.3484375 17.7283075782854 2 -1 0 
0 1560 9.4 23 0.515877016129032 0.565625 16.4427850205032 2 1 0 
1 1570 8 23 0.464285714285714 0.2828125 7.56116597042127 2 0 0 
0 1570 9.4 23 0.424715909090909 0.659375 10.9955792518668 2 0 0 
1 1580 8 23 0.464285714285714 0.2390625 7.49937855034634 1 0 -1 
0 1580 9.4 23 0.431385869565217 0.7 8.92109917046951 2 0 1 
1 1590 8 23 0.440726902173913 0.2859375 6.29849467023539 1 0 -1 
0 1590 9.4 23 0.469618055555556 0.68515625 4.24157005564547 2 0 1 
1 1600 8 23 0.47119140625 0.36171875 7.22315737335578 1 0 -1 
0 1600 9.4 23 0.456194196428571 0.5828125 5.58578658500738 2 0 1 
1 1610 8 23 0.473958333333333 0.4546875 5.38392149184709 1 0 -1 
0 1610 9.4 23 0.481670673076923 0.5234375 7.45750440195673 2 0 1 
1 1620 8 23 0.38671875 0.3953125 12.7556088153779 1 0 -1 
0 1620 9.4 23 0.458165322580645 0.5421875 18.4888544837843 2 0 1 
1 1630 8 23 0.39140625 0.43046875 13.1212301859473 1 0 -1 
0 1630 9.4 23 0.447005208333333 0.47890625 21.4652560289426 2 0 1 
1 1640 8 23 0.43546875 0.54453125 10.1011252204413 1 0 -1 
0 1640 9.4 23 0.484130859375 0.375 17.4949074303107 2 0 1 
1 1650 8 23 0.509880514705882 0.60625 17.1210683626675 1 0 -1 
0 1650 9.4 23 0.464599609375 0.3328125 14.3311476544043 2 0 1 
1 1660 8 23 0.545726102941176 0.69453125 6.69352871131831 1 0 -1 
0 1660 9.4 23 0.471396169354839 0.21640625 17.1753180202989 2 0 1 
1 1670 8 23 0.52921875 0.7515625 4.80065322408112 1 0 -1 
0 1670 9.4 23 0.553635817307692 0.18515625 3.71894482883821 2 0 1 
1 1680 8 23 0.500710227272727 0.62578125 12.9279846323467 1 0 -1 
0 1680 9.4 23 0.551930147058823 0.20859375 4.47950302127819 2 0 1 
1 1690 8 23 0.53466796875 0.52734375 7.67101769478006 1 -1 -1 
0 1690 9.4 24 0.577769886363636 0.30703125 6.89092285911556 2 1 1 
1 1700 8 23 0.52783203125 0.50546875 7.11349360806248 1 -1 -1 
0 1700 9.4 24 0.6490478515625 0.45234375 6.44234564302131 2 1 1 
1 1710 8 23 0.376860119047619 0.45390625 3.06052640305109 1 -1 -1 
0 1710 9.4 24 0.596838662790698 0.4921875 13.1165377264361 2 1 1 
1 1720 8 23 0.404947916666667 0.44375 1.88764940751489 1 -1 -1 
0 1720 9.4 24 0.521369485294118 0.5421875 5.19788228358036 2 1 1 
1 1730 8 23 0.434375 0.470703125 3.82475316170881 1 -1 -1 
0 1730 9.4 24 0.621961805555556 0.493489583333333 6.03750823331924 2 1 1 
1 1740 8 24 0.274259868421053 0.5 5.72392102911108 1 0 -1 
0 1740 9.4 24 0.539508928571429 0.470703125 3.04138126514911 2 0 1 
1 1750 8 24 0.280133928571429 0.5478515625 6.96348327036542 1 0 -1 
0 1750 9.4 24 0.454947916666667 0.34765625 0 2 0 1 
1 1760 8 24 0.280133928571429 0.6796875 14.3363957159104 1 0 -1 
0 1760 9.4 24 0.565848214285714 0.37109375 0 2 0 1 
1 1770 8 24 0.2943359375 0.7607421875 11.5013849931865 1 0 -1 
0 1770 9.4 24 0.587775735294118 0.17578125 0 2 0 1 
1 1780 8 24 0.3525390625 0.8037109375 1.94535282531222 1 0 -1 
0 1780 9.4 24 0.765625 0.1484375 0 2 0 1 
1 1790 8 24 0.3525390625 0.81640625 6.4018759250169 1 0 -1 
0 1790 9.4 24 0.765625 0.1328125 0 2 0 1 
