1 30 8.4 1 NaN 0.28046875 23.7269370605269 3 0 0 
0 30 10 1 NaN 0.271875 21.6067000534976 3 0 0 
1 40 8.4 1 NaN 0.31875 28.2245736282882 3 0 0 
0 40 10 1 NaN 0.253125 30.3701166382871 3 0 0 
1 50 8.4 1 0.39453125 0.36796875 32.9181952274736 3 0 0 
0 50 10 1 0.36328125 0.321875 41.75997118426 3 0 0 
1 60 8.4 1 0.40087890625 0.4890625 47.8200787330272 3 0 0 
0 60 10 1 0.3703125 0.428125 54.3150695499791 3 0 0 
1 70 8.4 1 0.4126953125 0.50234375 50.0045139551407 3 0 0 
0 70 10 1 0.3701171875 0.47109375 51.5929007660563 3 0 0 
1 80 8.4 1 0.498798076923077 0.5140625 51.6656385543174 3 0 0 
0 80 10 1 0.4404296875 0.4484375 52.7132874925758 3 0 0 
1 90 8.4 1 0.424641927083333 0.51015625 52.4434660230495 3 0 0 
0 90 10 1 0.416927083333333 0.46875 45.4113878007396 3 0 0 
1 100 8.4 2 0.41508152173913 0.49453125 50.6796088174189 3 1 0 
0 100 10 1 0.408457880434783 0.4046875 54.3451209377271 3 -1 0 
1 110 8.4 2 0.471842447916667 0.51171875 49.0269189948305 3 0 0 
0 110 10 2 0.45109375 0.43515625 53.8496337958781 3 0 0 
1 120 8.4 2 0.435026041666667 0.50234375 49.2344790772651 3 0 0 
0 120 10 2 0.41140625 0.4267578125 56.9179675114082 3 0 0 
1 130 8.4 3 0.459263392857143 0.5109375 42.1328910390007 3 1 0 
0 130 10 2 0.393359375 0.4814453125 63.7306630036306 3 -1 0 
1 140 8.4 3 0.505681818181818 0.4828125 52.8628435743995 3 1 0 
0 140 10 2 0.434375 0.4078125 62.0741591813684 3 -1 0 
1 150 8.4 3 0.435221354166667 0.4890625 53.572629330641 3 0 0 
0 150 10 3 0.421195652173913 0.421875 59.2248900010274 3 0 0 
1 160 8.4 4 0.419566761363636 0.4859375 50.8592777948155 3 1 0 
0 160 10 3 0.38374255952381 0.48359375 55.0114196984909 3 -1 0 
1 170 8.4 4 0.479724702380952 0.49765625 43.0895987447317 3 1 0 
0 170 10 3 0.425611413043478 0.4873046875 46.781991481118 3 -1 0 
1 180 8.4 4 0.426669034090909 0.48828125 40.1993339958892 3 0 0 
0 180 10 4 0.428786057692308 0.4716796875 49.7385689481149 3 0 0 
1 190 8.4 5 0.413671875 0.50859375 47.1948393985549 3 1 0 
0 190 10 4 0.399796195652174 0.4619140625 49.5206747697732 3 -1 0 
1 200 8.4 5 0.471168154761905 0.478125 39.0226966042765 3 1 0 
0 200 10 4 0.4345703125 0.453125 49.0644683207132 3 -1 0 
1 210 8.4 5 0.440726902173913 0.4734375 40.3462109354361 3 0 0 
0 210 10 5 0.44375 0.459375 50.4539150094355 3 0 0 
1 220 8.4 5 0.413671875 0.47421875 45.2936123539246 3 0 0 
0 220 10 5 0.407087053571429 0.48515625 54.789641847621 3 0 0 
1 230 8.4 6 0.46328125 0.484375 51.8707593122477 3 1 0 
0 230 10 5 0.421875 0.49609375 54.2537420116083 3 -1 0 
1 240 8.4 6 0.4315625 0.50703125 47.7117605243488 3 1 0 
0 240 10 5 0.435344827586207 0.44140625 50.3814854872989 3 -1 0 
1 250 8.4 6 0.432744565217391 0.5109375 36.48651804858 3 0 0 
0 250 10 6 0.41064453125 0.3564453125 55.2557741371214 3 0 0 
1 260 8.4 7 0.487890625 0.5046875 26.4252982997159 3 1 0 
0 260 10 6 0.4296875 0.317708333333333 59.0358089114629 3 -1 0 
1 270 8.4 7 0.448939732142857 0.4859375 35.6256491550583 3 1 0 
0 270 10 6 0.398026315789474 0.384765625 57.3474279330392 3 -1 0 
1 280 8.4 7 0.423828125 0.43984375 47.1915997842555 3 1 0 
0 280 10 6 0.370476973684211 0.37578125 62.8228668187013 3 -1 0 
1 290 8.4 7 0.469375 0.4462890625 29.3890186741344 3 0 0 
0 290 10 7 0.4265625 0.43515625 59.4544422360006 3 0 0 
1 300 8.4 7 0.435210129310345 0.458984375 21.6295101561854 3 0 0 
0 300 10 7 0.434895833333333 0.42578125 56.1507891572518 3 0 0 
1 310 8.4 8 0.453657670454545 0.5087890625 22.5715650966724 3 1 0 
0 310 10 7 0.401909722222222 0.4404296875 27.935057300718 3 -1 0 
1 320 8.4 8 0.480050223214286 0.4619140625 41.7470111337946 3 1 0 
0 320 10 7 0.419560185185185 0.42265625 13.3102268651469 3 -1 0 
1 330 8.4 8 0.431568287037037 0.5283203125 26.4951015309605 3 1 0 
0 330 10 7 0.452008928571429 0.40390625 5.66848865266807 3 -1 0 
1 340 8.4 8 0.459517045454545 0.475 31.5770447411192 3 1 0 
0 340 10 7 0.39404296875 0.41953125 5.13534912985548 3 -1 0 
1 350 8.4 8 0.478717672413793 0.47265625 21.0629511955713 3 1 0 
0 350 10 7 0.405910326086957 0.425 15.450297392606 3 -1 0 
1 360 8.4 8 0.454007056451613 0.52265625 11.3395754915668 3 1 0 
0 360 10 7 0.447544642857143 0.44609375 12.0941532890948 3 -1 0 
1 370 8.4 8 0.48 0.51640625 13.5621735146858 3 1 0 
0 370 10 7 0.3975 0.419921875 9.98296166757515 3 -1 0 
1 380 8.4 8 0.490966796875 0.55234375 6.26076825221267 3 1 0 
0 380 10 7 0.399739583333333 0.43359375 9.85839478696031 3 -1 0 
1 390 8.4 8 0.4521484375 0.607421875 4.99141322064863 3 0 0 
0 390 10 8 0.431743421052632 0.396484375 10.3009429530758 3 0 0 
1 400 8.4 8 0.478448275862069 0.580078125 9.7306569115012 3 0 0 
0 400 10 8 0.379317434210526 0.38671875 13.0688704067734 3 0 0 
1 410 8.4 9 0.481662326388889 0.49453125 35.3147572253627 3 1 0 
0 410 10 8 0.385044642857143 0.35859375 25.6752011355529 3 -1 0 
1 420 8.4 9 0.478462837837838 0.5078125 30.0880764312142 3 1 0 
0 420 10 8 0.408110119047619 0.3154296875 29.2176668832265 3 -1 0 
1 430 8.4 9 0.48515625 0.5625 18.032941650442 3 1 0 
0 430 10 8 0.370271381578947 0.3375 27.4999845887689 3 -1 0 
1 440 8.4 9 0.488517992424242 0.5859375 11.6879757231042 3 1 0 
0 440 10 8 0.394097222222222 0.41328125 13.789559758395 3 -1 0 
1 450 8.4 9 0.473046875 0.552083333333333 8.4966243766758 3 0 0 
0 450 10 9 0.3828125 0.44375 8.69621043171367 3 0 0 
1 460 8.4 9 0.464518229166667 0.359375 45.9544422770205 3 0 0 
0 460 10 9 0.389880952380952 0.48515625 15.5070317685848 3 0 0 
1 470 8.4 9 0.473067434210526 0.33203125 44.7490492710105 3 0 0 
0 470 10 9 0.416852678571429 0.4859375 30.8642086934272 3 0 0 
1 480 8.4 10 0.441964285714286 0.37421875 49.146256025132 3 0 0 
0 480 10 10 0.451264880952381 0.3896484375 49.8731655450503 3 0 0 
1 490 8.4 10 0.432454427083333 0.4140625 54.9456839393455 3 0 0 
0 490 10 10 0.406960227272727 0.375 46.6898687648262 3 0 0 
1 500 8.4 10 0.443824404761905 0.44453125 39.461662427248 3 0 0 
0 500 10 10 0.4306640625 0.4140625 29.0095575095273 3 0 0 
1 510 8.4 10 0.455891927083333 0.4375 26.5952188593821 3 0 0 
0 510 10 10 0.417119565217391 0.4109375 33.4212621099423 3 0 0 
1 520 8.4 10 0.432065217391304 0.46875 3.91747252546738 3 0 0 
0 520 10 10 0.389423076923077 0.5015625 13.0753573818839 3 0 0 
1 530 8.4 11 0.453269675925926 0.466796875 7.00540661105052 3 1 0 
0 530 10 10 0.420393318965517 0.515625 14.2882002676759 3 -1 0 
1 540 8.4 11 0.44140625 0.525390625 15.7534385835045 3 0 0 
0 540 10 11 0.40234375 0.4443359375 40.5407872050158 3 0 0 
1 550 8.4 11 0.431206597222222 0.440625 28.1908124222217 3 0 0 
0 550 10 11 0.387637867647059 0.3875 45.4266130226705 3 0 0 
1 560 8.4 11 0.477213541666667 0.440625 19.6490541805915 3 0 0 
0 560 10 11 0.3984375 0.415625 46.2347605441111 3 0 0 
1 570 8.4 11 0.45984375 0.4609375 15.7333018365498 3 0 0 
0 570 10 11 0.368489583333333 0.4625 40.3051458905052 3 0 0 
1 580 8.4 11 0.43310546875 0.4703125 10.6051682482777 3 0 0 
0 580 10 11 0.376302083333333 0.490625 41.0831168191069 3 0 0 
1 590 8.4 11 0.471354166666667 0.503125 27.3220682349818 3 0 0 
0 590 10 11 0.411024305555556 0.465625 42.0039867863852 3 0 0 
1 600 8.4 12 0.467221467391304 0.55703125 36.026264010951 3 0 0 
0 600 10 12 0.366832386363636 0.4169921875 46.6600395682887 3 0 0 
1 610 8.4 12 0.443614130434783 0.575 39.1515318837267 3 0 0 
0 610 10 12 0.372135416666667 0.4140625 46.2985296720809 3 0 0 
1 620 8.4 12 0.476111778846154 0.5921875 48.2229709206083 3 0 0 
0 620 10 12 0.368582589285714 0.412109375 45.646578648279 3 0 0 
1 630 8.4 12 0.51640625 0.52421875 51.7875462571361 3 0 0 
0 630 10 12 0.431423611111111 0.39140625 46.3092232741534 3 0 0 
1 640 8.4 12 0.513310185185185 0.484375 52.2705282642683 3 0 0 
0 640 10 12 0.3689453125 0.38046875 44.6838749624787 3 0 0 
1 650 8.4 13 0.531875 0.46953125 37.6606142777393 3 1 0 
0 650 10 12 0.388020833333333 0.32421875 38.8035400289586 3 -1 0 
1 660 8.4 13 0.508112980769231 0.5140625 38.5725541340703 3 0 0 
0 660 10 13 0.433837890625 0.33515625 31.4574685211471 3 0 0 
1 670 8.4 13 0.469632056451613 0.5015625 40.1403438546536 3 0 0 
0 670 10 13 0.4208984375 0.36171875 20.1195669848543 3 0 0 
1 680 8.4 13 0.514322916666667 0.4703125 35.194992519004 3 0 0 
0 680 10 13 0.410416666666667 0.41484375 9.12339569025096 3 0 0 
1 690 8.4 13 0.500130208333333 0.4546875 35.2086620490906 3 0 0 
0 690 10 13 0.348524305555556 0.39609375 6.33779689251788 3 0 0 
1 700 8.4 14 0.4681396484375 0.416666666666667 25.7941190664044 3 1 0 
0 700 10 13 0.349365234375 0.390625 2.06024645762695 3 -1 0 
1 710 8.4 14 0.5018310546875 0.47265625 20.0617253719153 3 1 0 
0 710 10 13 0.373149671052632 0.428385416666667 18.4297877097049 3 -1 0 
1 720 8.4 14 0.544270833333333 0.489583333333333 3.78966871575876 3 0 0 
0 720 10 14 0.387890625 0.46875 9.65660395791398 3 0 0 
1 730 8.4 14 0.500911458333333 0.4443359375 46.9154024137353 3 0 0 
0 730 10 14 0.339242788461538 0.271484375 40.7461654637587 3 0 0 
1 740 8.4 14 0.51953125 0.3828125 48.4949654343976 3 0 0 
0 740 10 14 0.372596153846154 0.322916666666667 23.1813287974225 3 0 0 
1 750 8.4 14 0.55926724137931 0.44765625 35.0524928461377 3 0 0 
0 750 10 14 0.341264204545455 0.31484375 33.6624248877379 3 0 0 
1 760 8.4 14 0.516702586206897 0.50234375 30.5906840658705 3 0 0 
0 760 10 14 0.377297794117647 0.33359375 34.6779008578837 3 0 0 
1 770 8.4 15 0.5206298828125 0.52578125 13.0045854321276 3 1 0 
0 770 10 14 0.388569078947368 0.35546875 38.9123699237475 3 -1 0 
1 780 8.4 15 0.533482142857143 0.51875 8.46087359264316 3 1 0 
0 780 10 14 0.387073863636364 0.340625 22.1533820731747 3 -1 0 
1 790 8.4 15 0.510836693548387 0.56875 16.7839997223939 3 0 0 
0 790 10 15 0.3595703125 0.3408203125 16.7471533665841 3 0 0 
1 800 8.4 15 0.523177083333333 0.55859375 15.0801011957948 3 0 0 
0 800 10 15 0.365234375 0.41796875 9.61854232579342 3 0 0 
1 810 8.4 16 0.517522321428571 0.576171875 3.99356815054544 3 1 0 
0 810 10 15 0.351236979166667 0.373697916666667 5.65123502994162 3 -1 0 
1 820 8.4 16 0.469401041666667 0.623046875 2.17768214708792 3 1 0 
0 820 10 15 0.34765625 0.337890625 5.52268050859363 3 -1 0 
1 830 8.4 16 0.545222355769231 0.5947265625 19.4551697422895 3 1 0 
0 830 10 15 0.340959821428571 0.369140625 25.460754112948 3 -1 0 
1 840 8.4 16 0.512760416666667 0.6259765625 22.4842581887363 3 0 0 
0 840 10 16 0.359991776315789 0.37890625 35.9339672176619 3 0 0 
1 850 8.4 16 0.48703125 0.49296875 41.6538130970002 3 0 0 
0 850 10 16 0.382302989130435 0.2783203125 39.8914155169592 3 0 0 
1 860 8.4 16 0.516043526785714 0.57421875 32.7280789496326 3 0 0 
0 860 10 16 0.380126953125 0.30703125 33.0546699455 3 0 0 
1 870 8.4 16 0.556949013157895 0.54921875 44.6360312664575 3 0 0 
0 870 10 16 0.397135416666667 0.33359375 37.6655357940994 3 0 0 
1 880 8.4 17 0.466619318181818 0.559375 39.8559744397579 3 1 0 
0 880 10 16 0.3671875 0.38828125 37.5477934507252 3 -1 0 
1 890 8.4 17 0.469209558823529 0.47421875 49.1302926596503 3 1 0 
0 890 10 16 0.376598011363636 0.3701171875 18.4877471244499 3 -1 0 
1 900 8.4 17 0.502377717391304 0.46953125 54.5688739271692 3 1 0 
0 900 10 16 0.39453125 0.375 22.5964648534878 3 -1 0 
1 910 8.4 17 0.42724609375 0.49453125 36.8692694887803 3 1 0 
0 910 10 16 0.388756793478261 0.37109375 5.81760061272072 3 -1 0 
1 920 8.4 17 0.459872159090909 0.5703125 12.2851742193695 3 1 0 
0 920 10 16 0.398615056818182 0.3662109375 3.80685283366406 3 -1 0 
1 930 8.4 17 0.487247242647059 0.6015625 8.74715142188803 3 1 0 
0 930 10 16 0.3369140625 0.390625 3.44632172784294 3 -1 0 
1 940 8.4 17 0.47859375 0.6416015625 9.18103881644808 3 0 0 
0 940 10 17 0.37109375 0.2568359375 21.0377566821422 3 0 0 
1 950 8.4 18 0.5353125 0.6259765625 12.0391480688067 3 1 0 
0 950 10 17 0.386328125 0.2314453125 15.3694025205923 3 -1 0 
1 960 8.4 18 0.478515625 0.6376953125 20.652044134778 3 1 0 
0 960 10 17 0.307528409090909 0.224609375 12.8775606004887 3 -1 0 
1 970 8.4 18 0.543776939655172 0.6474609375 24.196899022534 3 1 0 
0 970 10 17 0.358723958333333 0.2236328125 25.0830328249203 3 -1 0 
1 980 8.4 18 0.601459703947368 0.55859375 46.3452425056131 3 1 0 
0 980 10 17 0.30859375 0.240625 17.2936913870766 3 -1 0 
1 990 8.4 18 0.542410714285714 0.590625 33.7942141934705 3 1 0 
0 990 10 17 0.359375 0.26875 10.4201539928422 3 -1 0 
1 1000 8.4 18 0.467013888888889 0.5263671875 22.2688175048968 3 1 0 
0 1000 10 17 0.359375 0.3640625 4.30744079450778 3 -1 0 
1 1010 8.4 18 0.5334375 0.451171875 2.99348986413038 3 0 0 
0 1010 10 18 0.359375 0.50859375 6.28408897142795 3 0 0 
1 1020 8.4 19 0.4509375 0.34765625 2.9439768801481 3 1 0 
0 1020 10 18 0.393028846153846 0.6123046875 6.67424399999204 3 -1 0 
1 1030 8.4 19 0.407877604166667 0.2998046875 7.47614380680325 3 1 0 
0 1030 10 18 0.3603515625 0.5 41.2914773183268 3 -1 0 
1 1040 8.4 19 0.481069711538462 0.443359375 11.8417037711917 3 1 0 
0 1040 10 18 0.360576923076923 0.3984375 21.3261278676853 3 -1 0 
1 1050 8.4 19 0.478236607142857 0.494140625 22.0749896576264 3 1 0 
0 1050 10 18 0.4248046875 0.409375 16.8944447064911 3 -1 0 
1 1060 8.4 19 0.45625 0.4328125 38.3051915542564 3 1 0 
0 1060 10 18 0.396229619565217 0.395833333333333 14.2281880944612 3 -1 0 
1 1070 8.4 19 0.482584635416667 0.5703125 16.0266601196586 3 1 0 
0 1070 10 18 0.406875 0.346354166666667 10.2564375766651 3 -1 0 
1 1080 8.4 19 0.470238095238095 0.5890625 8.97654097055678 3 1 0 
0 1080 10 18 0.425223214285714 0.223958333333333 22.8104200452295 3 -1 0 
1 1090 8.4 19 0.45234375 0.596875 12.1861572214893 3 1 0 
0 1090 10 18 0.390462239583333 0.243489583333333 24.0033421365641 3 -1 0 
1 1100 8.4 19 0.470284598214286 0.5828125 18.5205369598431 3 1 0 
0 1100 10 18 0.398168103448276 0.315104166666667 16.3416204108027 3 -1 0 
1 1110 8.4 20 0.480989583333333 0.5796875 17.6578484259161 3 2 0 
0 1110 10 18 0.415736607142857 0.25 8.24621125123532 3 -2 0 
1 1120 8.4 20 0.430752840909091 0.4765625 45.510925003788 3 2 0 
0 1120 10 18 0.442434210526316 0.196875 17.895099192522 3 -2 0 
1 1130 8.4 20 0.494055706521739 0.50625 44.3833725048636 3 1 0 
0 1130 10 19 0.46240234375 0.25859375 4.38359957539338 3 -1 0 
1 1140 8.4 20 0.525260416666667 0.553125 44.382323207673 3 1 0 
0 1140 10 19 0.388247282608696 0.2515625 6.93660452298431 3 -1 0 
1 1150 8.4 20 0.451636904761905 0.5296875 32.7321521336654 3 1 0 
0 1150 10 19 0.375509510869565 0.28203125 6.45454857121196 3 -1 0 
1 1160 8.4 20 0.495876736111111 0.49609375 35.1069197484181 3 1 0 
0 1160 10 19 0.4009765625 0.39140625 19.9221419159299 3 -1 0 
1 1170 8.4 20 0.421669407894737 0.53828125 32.1923169588979 3 1 0 
0 1170 10 19 0.401302083333333 0.471875 21.4180944472853 3 -1 0 
1 1180 8.4 20 0.441228693181818 0.5078125 29.6432029682523 3 1 0 
0 1180 10 19 0.373046875 0.58203125 25.9864311957573 3 -1 0 
1 1190 8.4 20 0.487909226190476 0.41015625 26.5905020896626 3 0 0 
0 1190 10 20 0.40336277173913 0.68203125 24.4641975932328 3 0 0 
1 1200 8.4 20 0.4171875 0.33359375 17.1431125645303 3 0 0 
0 1200 10 20 0.5003125 0.6484375 33.8498850731367 3 0 0 
1 1210 8.4 20 0.390811011904762 0.3369140625 14.4283048671034 3 0 0 
0 1210 10 20 0.475 0.62890625 40.8458577034845 3 0 0 
1 1220 8.4 21 0.411969866071429 0.376953125 4.67309717144215 3 1 0 
0 1220 10 20 0.47265625 0.490885416666667 42.7889431523399 3 -1 0 
1 1230 8.4 21 0.391544117647059 0.4931640625 6.93266059677649 3 1 0 
0 1230 10 20 0.468927556818182 0.48046875 15.6524758424985 3 -1 0 
1 1240 8.4 21 0.387803819444444 0.56640625 13.5997992152372 3 1 0 
0 1240 10 20 0.439655172413793 0.482421875 18.580904176062 3 -1 0 
1 1250 8.4 21 0.40625 0.540364583333333 7.39495634359737 3 1 0 
0 1250 10 20 0.467303240740741 0.26171875 0 3 -1 0 
1 1260 8.4 21 0.402513586956522 0.4765625 5.62605363493473 3 1 0 
0 1260 10 20 0.4875 0.173828125 11.6726175299288 3 -1 0 
1 1270 8.4 21 0.3984375 0.369140625 29.4436082734017 3 1 0 
0 1270 10 20 0.43426724137931 0.34375 8.55862138431185 3 -1 0 
1 1280 8.4 21 0.415090460526316 0.37890625 26.5654834198713 3 1 0 
0 1280 10 20 0.448929398148148 0.2646484375 38.7780246715607 3 -1 0 
1 1290 8.4 21 0.427801724137931 0.4404296875 22.6744714544906 3 1 0 
0 1290 10 20 0.468191964285714 0.29296875 31.30222169914 3 -1 0 
1 1300 8.4 21 0.4384375 0.5078125 23.3561609461151 3 0 0 
0 1300 10 21 0.392755681818182 0.33125 35.2449647772366 3 0 0 
1 1310 8.4 21 0.497767857142857 0.572265625 6.94773280720941 3 0 0 
0 1310 10 21 0.420014880952381 0.340625 19.9162683826603 3 0 0 
1 1320 8.4 21 0.4996875 0.49609375 29.7770803184629 3 0 0 
0 1320 10 21 0.462239583333333 0.3453125 25.2799317497779 3 0 0 
1 1330 8.4 21 0.499747983870968 0.4873046875 16.912522393916 3 0 0 
0 1330 10 21 0.447690217391304 0.3828125 28.2942206723334 3 0 0 
1 1340 8.4 21 0.591378348214286 0.498046875 9.1104411803764 3 0 1 
0 1340 10 21 0.47265625 0.39375 15.0998044654291 2 0 -1 
1 1350 8.4 22 0.5765625 0.3759765625 22.5209758620794 3 1 1 
0 1350 10 21 0.505859375 0.2875 10.3656818137297 2 -1 -1 
1 1360 8.4 22 0.505989583333333 0.4111328125 12.5128860433525 3 1 1 
0 1360 10 21 0.4857421875 0.18359375 8.37627523923101 2 -1 -1 
1 1370 8.4 22 0.516567887931034 0.36328125 11.2511931353694 3 1 1 
0 1370 10 21 0.469572368421053 0.21328125 20.3521476867578 2 -1 -1 
1 1380 8.4 22 0.480758101851852 0.3603515625 12.2362301387095 3 1 1 
0 1380 10 21 0.451746323529412 0.27421875 9.78207672588478 2 -1 -1 
1 1390 8.4 22 0.472005208333333 0.4365234375 19.9341670122485 3 1 1 
0 1390 10 21 0.395241477272727 0.340625 20.9777436023901 2 -1 -1 
1 1400 8.4 22 0.513724662162162 0.46875 40.2109616349771 3 1 1 
0 1400 10 21 0.3955078125 0.3890625 14.8658091517113 2 -1 -1 
1 1410 8.4 22 0.515730574324324 0.50703125 24.5260229170068 3 1 1 
0 1410 10 21 0.36328125 0.40859375 13.2634433648187 2 -1 -1 
1 1420 8.4 22 0.502821180555556 0.45703125 6.5433904671899 3 1 1 
0 1420 10 21 0.355859375 0.478125 12.9127332873493 2 -1 -1 
1 1430 8.4 22 0.53125 0.4296875 2.68702986004439 3 1 1 
0 1430 10 21 0.370535714285714 0.473958333333333 15.6185708837701 2 -1 -1 
1 1440 8.4 22 0.549153645833333 0.513671875 3.42709129537764 3 0 1 
0 1440 10 22 0.333550347222222 0.4365234375 18.4838975775984 2 0 -1 
1 1450 8.4 22 0.481971153846154 0.583984375 9.72298593745125 3 0 1 
0 1450 10 22 0.361328125 0.3701171875 25.1818583426643 2 0 -1 
1 1460 8.4 22 0.497896634615385 0.6923828125 8.24004312904282 3 0 1 
0 1460 10 22 0.420200892857143 0.3369140625 40.7867633591671 2 0 -1 
1 1470 8.4 22 0.536830357142857 0.5849609375 17.152355061783 3 0 1 
0 1470 10 22 0.43505859375 0.38671875 40.0620198942554 2 0 -1 
1 1480 8.4 22 0.488859953703704 0.57421875 28.0371516259269 3 0 1 
0 1480 10 22 0.349494485294118 0.4111328125 23.2823105227983 2 0 -1 
1 1490 8.4 22 0.523737980769231 0.553125 45.1927849451628 3 0 1 
0 1490 10 22 0.348177083333333 0.2921875 20.928848518048 2 0 -1 
1 1500 8.4 22 0.53671875 0.5609375 28.3826200669509 3 0 1 
0 1500 10 22 0.387408088235294 0.33046875 14.4694616970811 2 0 -1 
1 1510 8.4 22 0.460129310344828 0.53828125 24.3049736009327 3 0 1 
0 1510 10 22 0.337890625 0.40390625 21.9247150558142 2 0 -1 
1 1520 8.4 22 0.514713541666667 0.515625 14.3950231743822 3 0 1 
0 1520 10 22 0.335205078125 0.440625 11.5215708616635 2 0 -1 
1 1530 8.4 22 0.527217741935484 0.53515625 8.4635411022226 3 0 1 
0 1530 10 22 0.349051339285714 0.44140625 4.69293050143899 2 0 -1 
1 1540 8.4 22 0.492691532258065 0.5361328125 12.6514488902145 3 0 1 
0 1540 10 22 0.342371323529412 0.451171875 16.1328986369037 2 0 -1 
1 1550 8.4 23 0.529129464285714 0.546875 21.6495634754753 3 1 1 
0 1550 10 22 0.33984375 0.4052734375 27.8521394417262 2 -1 -1 
1 1560 8.4 23 0.55004222972973 0.4765625 43.6760431130686 3 1 1 
0 1560 10 22 0.298828125 0.3828125 25.6537093007054 2 -1 -1 
1 1570 8.4 23 0.546415441176471 0.4833984375 44.0937553179296 3 1 1 
0 1570 10 22 0.299479166666667 0.3369140625 22.3572163646847 2 -1 -1 
1 1580 8.4 23 0.590066964285714 0.5888671875 31.7879835434875 3 1 1 
0 1580 10 22 NaN 0.3154296875 11.6790214848188 2 -1 -1 
1 1590 8.4 23 0.616579861111111 0.693359375 24.2540999432477 3 0 1 
0 1590 10 23 NaN 0.3115234375 15.2672027244643 2 0 -1 
1 1600 8.4 23 0.604631696428571 0.609375 55.0229211144981 3 0 1 
0 1600 10 23 NaN 0.23046875 19.1924241927388 2 0 -1 
1 1610 8.4 23 0.579241071428571 0.56796875 45.0275041086796 3 0 1 
0 1610 10 23 NaN 0.275390625 32.7004065540971 2 0 -1 
1 1620 8.4 23 0.525390625 0.53984375 19.8959456451467 3 0 1 
0 1620 10 23 0.323893229166667 0.2841796875 31.9989707794543 2 0 -1 
1 1630 8.4 23 0.483940972222222 0.51328125 20.3103411965001 3 0 1 
0 1630 10 23 0.349264705882353 0.3359375 28.9508370151856 2 0 -1 
1 1640 8.4 23 0.506944444444444 0.45546875 35.244394769159 3 0 1 
0 1640 10 23 0.373914930555556 0.380859375 23.8557733776506 2 0 -1 
1 1650 8.4 23 0.510850694444444 0.42578125 33.5194290263741 3 0 1 
0 1650 10 23 0.381167763157895 0.3779296875 25.9747731646435 2 0 -1 
1 1660 8.4 23 0.470963541666667 0.48828125 16.9010974370636 3 0 1 
0 1660 10 23 0.37421875 0.37109375 23.534395905486 2 0 -1 
1 1670 8.4 23 0.573275862068966 0.5296875 17.433278538328 3 0 1 
0 1670 10 23 0.390364583333333 0.3421875 29.6643224425299 2 0 -1 
1 1680 8.4 23 0.533809267241379 0.54375 27.2951925137827 3 0 1 
0 1680 10 23 0.3515625 0.38203125 35.8642404661674 2 0 -1 
1 1690 8.4 23 0.401041666666667 0.51953125 36.6763872172251 3 0 1 
0 1690 10 23 0.380149147727273 0.3798828125 14.6508590533669 2 0 -1 
1 1700 8.4 23 0.501116071428571 0.5140625 30.0745436643102 3 0 1 
0 1700 10 23 0.380149147727273 0.40546875 11.1846295421479 2 0 -1 
1 1710 8.4 23 0.51484375 0.534375 20.9920094360362 3 0 1 
0 1710 10 23 0.432904411764706 0.42578125 4.57922609832764 2 0 -1 
1 1720 8.4 23 0.455915178571429 0.57109375 11.2737225498642 3 0 1 
0 1720 10 23 0.394990808823529 0.38515625 9.00689934892128 2 0 -1 
1 1730 8.4 24 0.518880208333333 0.5859375 5.27610322022969 3 1 1 
0 1730 10 23 0.408088235294118 0.37890625 18.3309822438445 2 -1 -1 
1 1740 8.4 24 0.54052734375 0.62421875 6.80873208853105 3 1 1 
0 1740 10 23 0.43408203125 0.3427734375 9.42835295671595 2 -1 -1 
1 1750 8.4 24 0.532099184782609 0.69140625 10.5276215813556 3 1 1 
0 1750 10 23 0.423828125 0.287109375 8.71592191445927 2 -1 -1 
1 1760 8.4 24 0.556510416666667 0.71953125 8.520326008296 3 1 1 
0 1760 10 23 0.463465073529412 0.2578125 8.62995419821911 2 -1 -1 
1 1770 8.4 24 0.545138888888889 0.72890625 22.0635328744536 3 1 2 
0 1770 10 23 0.426041666666667 0.194010416666667 8.07140024786985 1 -1 -2 
1 1780 8.4 24 0.53515625 0.7140625 28.3961848467132 3 1 2 
0 1780 10 23 0.3974609375 0.194010416666667 6.73886061652653 1 -1 -2 
1 1790 8.4 24 0.572180706521739 0.7546875 20.3452481330709 3 1 2 
0 1790 10 23 0.359375 0.149739583333333 5.48875027284999 1 -1 -2 
1 1800 8.4 24 0.619243421052632 0.81171875 8.7923908920101 3 1 2 
0 1800 10 23 0.391927083333333 0.19140625 0 1 -1 -2 
1 1810 8.4 24 NaN 0.811197916666667 6.44417763043985 3 1 2 
0 1810 10 23 NaN 0.16015625 0 1 -1 -2 
