1 30 8 1 NaN 0.233072916666667 7.58915088743335 3 0 1 
0 30 5.4 1 NaN 0.28359375 13.6288108626523 2 0 -1 
1 40 8 1 NaN 0.328125 26.4381366171914 3 0 1 
0 40 5.4 1 0.39453125 0.30234375 14.0616486101356 2 0 -1 
1 50 8 1 0.48046875 0.3671875 29.4314419368509 3 0 1 
0 50 5.4 1 0.389322916666667 0.33984375 18.9362932690836 2 0 -1 
1 60 8 1 0.474392361111111 0.43828125 26.2787217942059 3 0 1 
0 60 5.4 1 0.435444078947368 0.48125 36.1952785933745 2 0 -1 
1 70 8 1 0.475446428571429 0.48125 26.9565933363942 3 0 1 
0 70 5.4 1 0.46234375 0.49609375 33.1040193484466 2 0 -1 
1 80 8 1 0.47216796875 0.47578125 23.7754723810023 3 0 1 
0 80 5.4 1 0.429443359375 0.4984375 35.6294642055395 2 0 -1 
1 90 8 1 0.484114583333333 0.478125 26.8122417469194 3 0 1 
0 90 5.4 1 0.438058035714286 0.4875 35.2149072560038 2 0 -1 
1 100 8 2 0.499348958333333 0.4734375 35.3016079668446 3 0 1 
0 100 5.4 2 0.481847426470588 0.49609375 40.3868567406991 2 0 -1 
1 110 8 2 0.501420454545455 0.45078125 30.2011042267347 3 0 1 
0 110 5.4 2 0.420340401785714 0.49921875 36.0846712582438 2 0 -1 
1 120 8 2 0.49609375 0.45390625 34.4754419715393 3 0 1 
0 120 5.4 2 0.435631793478261 0.4984375 35.2384253045567 2 0 -1 
1 130 8 2 0.494791666666667 0.44765625 38.0050003430969 3 0 1 
0 130 5.4 2 0.447520380434783 0.478125 34.2200255294549 2 0 -1 
1 140 8 3 0.491887019230769 0.46328125 37.3106560418319 3 0 1 
0 140 5.4 3 0.423828125 0.48984375 33.7318041477095 2 0 -1 
1 150 8 3 0.471754807692308 0.45859375 34.3153217917065 3 0 1 
0 150 5.4 3 0.462239583333333 0.49765625 38.3535828697034 2 0 -1 
1 160 8 3 0.490685096153846 0.4359375 29.7894889616959 3 0 1 
0 160 5.4 3 0.468449519230769 0.421875 33.200741414098 2 0 -1 
1 170 8 4 0.490685096153846 0.47578125 25.0739447978618 3 1 1 
0 170 5.4 3 0.433363970588235 0.425 7.44597740711201 2 -1 -1 
1 180 8 4 0.508984375 0.46484375 21.2962057843958 3 0 1 
0 180 5.4 4 0.432744565217391 0.46015625 6.1921196279765 2 0 -1 
1 190 8 4 0.482552083333333 0.46015625 14.220691661962 3 0 1 
0 190 5.4 4 0.45751953125 0.459375 9.78269323589959 2 0 -1 
1 200 8 4 0.478966346153846 0.4833984375 26.9216353124073 3 0 1 
0 200 5.4 4 0.423356681034483 0.47109375 20.5510590700136 2 0 -1 
1 210 8 4 0.49658203125 0.4697265625 23.7015108288534 3 0 1 
0 210 5.4 4 0.46000744047619 0.46796875 24.9878368022953 2 0 -1 
1 220 8 5 0.494574652777778 0.46796875 28.0861903368542 3 0 1 
0 220 5.4 5 0.458729619565217 0.4796875 30.1168364835218 2 0 -1 
1 230 8 5 0.486778846153846 0.49375 24.4081092931001 3 0 1 
0 230 5.4 5 0.42510775862069 0.415625 50.8236668260744 2 0 -1 
1 240 8 6 0.471435546875 0.4892578125 19.5849529921681 3 1 1 
0 240 5.4 5 0.4478515625 0.46875 40.1749020830161 2 -1 -1 
1 250 8 6 0.506510416666667 0.46875 34.374136125677 3 0 1 
0 250 5.4 6 0.455240885416667 0.49453125 32.1240398799647 2 0 -1 
1 260 8 6 0.504507211538462 0.39140625 43.6645393665961 3 0 1 
0 260 5.4 6 0.425651041666667 0.494140625 23.5875737407777 2 0 -1 
1 270 8 6 0.427734375 0.40078125 19.5473463812968 3 0 1 
0 270 5.4 6 0.469866071428571 0.494140625 25.5037961625419 2 0 -1 
1 280 8 6 0.463924632352941 0.41875 30.1831901801996 3 0 1 
0 280 5.4 6 0.46417025862069 0.50625 20.0248274683272 2 0 -1 
1 290 8 7 0.466517857142857 0.45234375 33.7933500683037 3 1 1 
0 290 5.4 6 0.441028225806452 0.4890625 27.9506972470216 2 -1 -1 
1 300 8 7 0.509915865384615 0.4734375 36.5784393789381 3 1 1 
0 300 5.4 6 0.435453869047619 0.50390625 34.9837377422869 2 -1 -1 
1 310 8 7 0.526424632352941 0.459375 27.7270640649544 3 1 1 
0 310 5.4 6 0.422175480769231 0.470703125 27.725813066857 2 -1 -1 
1 320 8 7 0.526424632352941 0.43984375 29.5899817026898 3 0 1 
0 320 5.4 7 0.408854166666667 0.43515625 29.2789540502376 2 0 -1 
1 330 8 8 0.505580357142857 0.4697265625 10.8717570503504 3 1 1 
0 330 5.4 7 0.439302884615385 0.390625 32.649655434629 2 -1 -1 
1 340 8 8 0.519287109375 0.490234375 13.0790804814259 3 1 1 
0 340 5.4 7 0.41259765625 0.427734375 21.6448608219134 2 -1 -1 
1 350 8 8 0.519287109375 0.428125 37.0361841888833 3 1 1 
0 350 5.4 7 0.406640625 0.32421875 37.9037027617033 2 -1 -1 
1 360 8 8 0.501201923076923 0.4453125 35.0541005427492 3 1 1 
0 360 5.4 7 0.435546875 0.38203125 31.3906058818841 2 -1 -1 
1 370 8 8 0.526123046875 0.4921875 23.610115384956 3 1 1 
0 370 5.4 7 0.449819711538462 0.41171875 17.2621898517411 2 -1 -1 
1 380 8 8 0.526123046875 0.5078125 18.8915225522327 3 0 1 
0 380 5.4 8 0.410964439655172 0.44921875 19.9425250839551 2 0 -1 
1 390 8 9 0.473524305555556 0.48125 25.5337740615586 3 1 1 
0 390 5.4 8 0.429837740384615 0.44375 13.770090061678 2 -1 -1 
1 400 8 9 0.494698660714286 0.465625 37.7561114045827 3 1 1 
0 400 5.4 8 0.461647727272727 0.490625 25.5193571138428 2 -1 -1 
1 410 8 9 0.4990234375 0.47578125 33.1790497277869 3 1 1 
0 410 5.4 8 0.431985294117647 0.48828125 27.9742227855209 2 -1 -1 
1 420 8 9 0.48046875 0.50546875 38.2718681529325 3 1 1 
0 420 5.4 8 0.456498579545455 0.459375 33.6530284384408 2 -1 -1 
1 430 8 10 0.491943359375 0.496875 37.1206380043283 3 2 1 
0 430 5.4 8 0.476779513888889 0.475 33.1093434011567 2 -2 -1 
1 440 8 10 0.493088942307692 0.50234375 39.352446214646 3 1 1 
0 440 5.4 9 0.418836805555556 0.45546875 37.8297909719299 2 -1 -1 
1 450 8 10 0.499348958333333 0.46640625 36.9436050786763 3 1 1 
0 450 5.4 9 0.415127840909091 0.44921875 30.640185293428 2 -1 -1 
1 460 8 10 0.471454326923077 0.46953125 30.9796814591904 3 1 1 
0 460 5.4 9 0.465692934782609 0.4703125 30.0993434824163 2 -1 -1 
1 470 8 11 0.471454326923077 0.4578125 18.40534622612 3 2 1 
0 470 5.4 9 0.446320564516129 0.498697916666667 22.8481161509884 2 -2 -1 
1 480 8 11 0.4671875 0.486328125 9.91321751240456 3 1 1 
0 480 5.4 10 0.452974759615385 0.421875 1 2 -1 -1 
1 490 8 11 0.479266826923077 0.400390625 41.3887194660533 3 1 1 
0 490 5.4 10 0.464192708333333 0.384114583333333 37.7229666924936 2 -1 -1 
1 500 8 11 0.479266826923077 0.34375 47.1345106154393 3 1 1 
0 500 5.4 10 0.437922297297297 0.224609375 1.58113883008419 2 -1 -1 
1 510 8 11 0.466796875 0.39921875 35.5853320731315 3 1 1 
0 510 5.4 10 0.441220238095238 0.2890625 27.2771322067731 2 -1 -1 
1 520 8 12 0.50546875 0.44296875 31.1856223319274 3 2 1 
0 520 5.4 10 0.458629261363636 0.3720703125 43.7974348803946 2 -2 -1 
1 530 8 12 0.50546875 0.4599609375 29.5534267675832 3 2 1 
0 530 5.4 10 0.402715773809524 0.4140625 39.1887314190086 2 -2 -1 
1 540 8 12 0.509014423076923 0.447265625 38.2697539635938 3 1 1 
0 540 5.4 11 0.431547619047619 0.4541015625 14.4209904885318 2 -1 -1 
1 550 8 12 0.5 0.47265625 36.5820282079499 3 1 1 
0 550 5.4 11 0.433733258928571 0.47890625 14.3143805732856 2 -1 -1 
1 560 8 12 0.5 0.481770833333333 38.5135923365638 3 1 1 
0 560 5.4 11 0.419140625 0.52734375 17.7755335161474 2 -1 -1 
1 570 8 12 0.497916666666667 0.392578125 43.2861678876144 3 1 1 
0 570 5.4 11 0.433779761904762 0.4859375 11.5420760664979 2 -1 -1 
1 580 8 13 0.505766369047619 0.46875 32.5576012789121 3 2 1 
0 580 5.4 11 0.46968005952381 0.46640625 21.8840167746609 2 -2 -1 
1 590 8 13 0.508413461538462 0.408203125 26.9718232360985 3 1 1 
0 590 5.4 12 0.436079545454545 0.51796875 33.0310139979537 2 -1 -1 
1 600 8 13 0.490411931818182 0.44921875 33.5421882256276 3 1 1 
0 600 5.4 12 0.434709821428571 0.5078125 38.5861491361541 2 -1 -1 
1 610 8 13 0.5123046875 0.5 28.819271433297 3 1 1 
0 610 5.4 12 0.466889880952381 0.4875 41.3112494584866 2 -1 -1 
1 620 8 13 0.508634868421053 0.48046875 25.9684375523318 3 1 1 
0 620 5.4 12 0.41796875 0.46953125 41.8439932469374 2 -1 -1 
1 630 8 13 0.518136160714286 0.5046875 20.2660133273549 3 1 1 
0 630 5.4 12 0.437160326086957 0.4703125 28.3148026933231 2 -1 -1 
1 640 8 13 0.493582589285714 0.478125 20.895732345527 3 1 1 
0 640 5.4 12 0.44921875 0.4697265625 18.6727263828793 2 -1 -1 
1 650 8 14 0.493582589285714 0.4072265625 34.4572766722496 3 1 1 
0 650 5.4 13 0.423895474137931 0.48046875 0 2 -1 -1 
1 660 8 14 0.493389423076923 0.44140625 27.8970317207418 3 1 1 
0 660 5.4 13 0.444444444444444 0.17578125 0 2 -1 -1 
1 670 8 14 0.515407986111111 0.4638671875 19.9071148438129 3 1 1 
0 670 5.4 13 0.4646484375 0.263671875 18.7216452268491 2 -1 -1 
1 680 8 15 0.515407986111111 0.5009765625 49.549071120563 3 2 1 
0 680 5.4 13 0.431699810606061 0.2470703125 27.5859553686085 2 -2 -1 
1 690 8 15 0.509868421052632 0.4703125 60.1878497894167 3 2 1 
0 690 5.4 13 0.42265625 0.3453125 31.9104971556739 2 -2 -1 
1 700 8 15 0.520089285714286 0.494140625 45.572052065154 3 2 1 
0 700 5.4 13 0.430524553571429 0.3984375 32.7661395157621 2 -2 -1 
1 710 8 15 0.519736842105263 0.440625 52.7958528592722 3 1 1 
0 710 5.4 14 0.408135775862069 0.43203125 34.2583543294612 2 -1 -1 
1 720 8 15 0.478190104166667 0.48125 37.5255158022459 3 1 1 
0 720 5.4 14 0.4400390625 0.453125 31.9291002992707 2 -1 -1 
1 730 8 15 0.515625 0.4716796875 32.418276957352 3 1 1 
0 730 5.4 14 0.478824013157895 0.515625 38.7212214028135 2 -1 -1 
1 740 8 16 0.529296875 0.4625 39.0287410955905 3 2 1 
0 740 5.4 14 0.4267578125 0.5419921875 31.1379717439334 2 -2 -1 
1 750 8 16 0.383370535714286 0.44375 30.3085226150441 3 2 1 
0 750 5.4 14 0.40625 0.552734375 7.51664818918645 2 -2 -1 
1 760 8 16 0.515625 0.378125 44.4535807454971 3 1 1 
0 760 5.4 15 0.455295138888889 0.4296875 0 2 -1 -1 
1 770 8 16 0.515625 0.41640625 46.6404819741458 3 1 1 
0 770 5.4 15 0.41015625 0.28515625 40.9176001251295 2 -1 -1 
1 780 8 17 0.565234375 0.5 37.4555086291528 3 2 1 
0 780 5.4 15 0.391036184210526 0.2763671875 34.8347073282736 2 -2 -1 
1 790 8 17 0.558965773809524 0.525 21.2722801979705 3 2 1 
0 790 5.4 15 0.4208984375 0.3125 32.6294260312907 2 -2 -1 
1 800 8 17 0.55859375 0.51640625 16.6043881396699 3 2 1 
0 800 5.4 15 0.399489182692308 0.3701171875 19.6155106643723 2 -2 -1 
1 810 8 17 0.53828125 0.48125 18.2455582117795 3 2 1 
0 810 5.4 15 0.39936755952381 0.44140625 15.1516713456758 2 -2 -1 
1 820 8 17 0.525390625 0.4796875 13.5268500103704 3 2 1 
0 820 5.4 15 0.449678308823529 0.48828125 0 2 -2 -1 
1 830 8 18 0.527573529411765 0.525 20.2356804254 3 3 1 
0 830 5.4 15 0.418077256944444 0.484375 0 2 -3 -1 
1 840 8 18 0.54140625 0.5375 18.2100739977184 3 2 1 
0 840 5.4 16 0.410456730769231 0.302734375 24.1350367722943 2 -2 -1 
1 850 8 18 0.55859375 0.55 22.6304154427536 3 2 1 
0 850 5.4 16 0.462582236842105 0.350260416666667 30.8699638639407 2 -2 -1 
1 860 8 18 0.58984375 0.4619140625 44.4105974352945 3 2 1 
0 860 5.4 16 0.436875 0.3564453125 22.4881278141076 2 -2 -1 
1 870 8 18 0.53828125 0.439453125 30.9817375453428 3 2 1 
0 870 5.4 16 0.466460129310345 0.37578125 13.2584604222946 2 -2 -1 
1 880 8 19 0.554987980769231 0.505859375 10.2565719079075 3 3 1 
0 880 5.4 16 0.545654296875 0.3953125 17.4073143243041 2 -3 -1 
1 890 8 19 0.5625 0.5146484375 4.96818995950336 3 3 1 
0 890 5.4 16 0.471064814814815 0.364583333333333 18.8413304179197 2 -3 -1 
1 900 8 19 0.4625 0.5498046875 2.57818176873644 3 2 1 
0 900 5.4 17 0.4384375 0.385416666666667 18.0564012014019 2 -2 -1 
1 910 8 19 0.538461538461538 0.5185546875 15.4281303560379 3 2 1 
0 910 5.4 17 0.50732421875 0.376302083333333 7.57187294242306 2 -2 -1 
1 920 8 19 0.544363839285714 0.44609375 48.7712676128952 2 2 0 
0 920 5.4 17 0.429524739583333 0.34765625 4.81375639770902 2 -2 0 
1 930 8 19 0.49072265625 0.4775390625 15.762057694502 2 2 0 
0 930 5.4 17 0.42484375 0.3681640625 21.0268412239601 2 -2 0 
1 940 8 20 0.46875 0.47421875 22.5277598754292 2 3 0 
0 940 5.4 17 0.494140625 0.2900390625 33.5985031829185 2 -3 0 
1 950 8 20 0.46875 0.5296875 10.4169291084254 2 3 0 
0 950 5.4 17 0.447035845588235 0.3515625 18.678513146301 2 -3 0 
1 960 8 20 0.569444444444444 0.52890625 11.1281914483708 2 3 0 
0 960 5.4 17 0.418501420454545 0.3828125 23.8506969412517 2 -3 0 
1 970 8 20 0.557291666666667 0.54765625 14.2134253056178 2 3 0 
0 970 5.4 17 0.4416015625 0.37890625 18.0468748191925 2 -3 0 
1 980 8 20 0.543619791666667 0.5328125 29.3809978521508 2 3 0 
0 980 5.4 17 0.426313920454545 0.373697916666667 6.79949310641139 2 -3 0 
1 990 8 20 0.58203125 0.5765625 31.6698537073154 2 2 0 
0 990 5.4 18 0.383680555555556 0.33984375 7.28010988928052 2 -2 0 
1 1000 8 20 0.6025390625 0.5484375 31.2694400665504 2 2 0 
0 1000 5.4 18 0.388541666666667 0.33984375 5.3851648071345 2 -2 0 
1 1010 8 20 0.602783203125 0.55625 33.74826812343 2 2 0 
0 1010 5.4 18 0.376233552631579 0.36328125 30.6471858414439 2 -2 0 
1 1020 8 20 0.57421875 0.57109375 35.3605205756065 2 2 0 
0 1020 5.4 18 0.392233455882353 0.283203125 35.3624094201738 2 -2 0 
1 1030 8 21 0.55859375 0.5625 43.7179369663201 2 3 1 
0 1030 5.4 18 0.445963541666667 0.353515625 38.9005141354199 1 -3 -1 
1 1040 8 21 0.572916666666667 0.52734375 43.7813546121481 2 3 1 
0 1040 5.4 18 0.39453125 0.235677083333333 22.5062057680886 1 -3 -1 
1 1050 8 21 0.611860795454545 0.53125 29.4883939540758 2 3 1 
0 1050 5.4 18 0.367447916666667 0.317708333333333 13.4715929005219 1 -3 -1 
1 1060 8 21 0.551682692307692 0.50859375 26.0941726011816 1 3 0 
0 1060 5.4 18 0.4140625 0.404296875 0.707106781186548 1 -3 0 
1 1070 8 21 0.571691176470588 0.51015625 26.8959264780635 1 2 0 
0 1070 5.4 19 0.410400390625 0.40234375 1.80277563773199 1 -2 0 
1 1080 8 21 0.536305147058823 0.51953125 22.7193898953893 1 2 0 
0 1080 5.4 19 0.420479910714286 0.345703125 29.3470611816584 1 -2 0 
1 1090 8 21 NaN 0.58203125 0 1 2 0 
0 1090 5.4 19 NaN NaN NaN 1 -2 0 
