1 30 11.8 1 NaN 0.2109375 11.1434368713193 3 0 0 
0 30 7.6 1 NaN 0.2328125 14.2869887026052 3 0 0 
1 40 11.8 1 NaN 0.2609375 18.292728664787 3 0 0 
0 40 7.6 1 NaN 0.40546875 22.1169566579194 3 0 0 
1 50 11.8 1 NaN 0.3421875 12.8637409670655 3 0 0 
0 50 7.6 1 NaN 0.43203125 27.4687169169551 3 0 0 
1 60 11.8 1 0.37353515625 0.423828125 51.0538930934753 3 0 0 
0 60 7.6 1 0.3671875 0.47265625 9.6868219969104 3 0 0 
1 70 11.8 1 0.376674107142857 0.462890625 48.8108594474631 3 0 0 
0 70 7.6 1 0.369791666666667 0.53671875 6.38648095835457 3 0 0 
1 80 11.8 1 0.4642578125 0.33671875 48.7849372940675 3 0 0 
0 80 7.6 1 0.439918154761905 0.4921875 14.5346444486876 3 0 0 
1 90 11.8 1 0.419994212962963 0.3796875 40.7430405787125 3 0 0 
0 90 7.6 1 0.42115162037037 0.48515625 22.1248622431662 3 0 0 
1 100 11.8 1 0.391927083333333 0.4609375 25.1755413791073 3 -1 0 
0 100 7.6 2 0.38330078125 0.45546875 33.8726776448909 3 1 0 
1 110 11.8 2 0.462425595238095 0.4677734375 28.955053835805 3 0 0 
0 110 7.6 2 0.456498579545455 0.47265625 22.7287043174297 3 0 0 
1 120 11.8 2 0.425925925925926 0.470052083333333 34.6524503940266 3 0 0 
0 120 7.6 2 0.387784090909091 0.5140625 16.7847565969827 3 0 0 
1 130 11.8 2 0.410445601851852 0.408203125 47.8064139978773 3 0 0 
0 130 7.6 2 0.370703125 0.5 28.861052706259 3 0 0 
1 140 11.8 2 0.470540364583333 0.3734375 37.3823703978773 3 -1 0 
0 140 7.6 3 0.458984375 0.5265625 32.4936024803742 3 1 0 
1 150 11.8 2 0.438251201923077 0.41171875 26.2623401040962 3 -1 0 
0 150 7.6 3 0.401266163793103 0.5484375 28.1401795738602 3 1 0 
1 160 11.8 3 0.387058423913043 0.425 24.3501511337794 3 0 0 
0 160 7.6 3 0.371942934782609 0.5328125 19.6902094646032 3 0 0 
1 170 11.8 3 0.448567708333333 0.45625 27.9468184945019 3 -1 0 
0 170 7.6 4 0.471413352272727 0.48046875 31.5013222524337 3 1 0 
1 180 11.8 3 0.431134259259259 0.4546875 23.8534308411193 3 -1 0 
0 180 7.6 4 0.429283405172414 0.478125 34.3930202163274 3 1 0 
1 190 11.8 3 0.40890625 0.50703125 26.648479168559 3 -1 0 
0 190 7.6 4 0.391474184782609 0.4796875 29.6467268844875 3 1 0 
1 200 11.8 4 0.454296875 0.4609375 27.8454890817183 3 -1 0 
0 200 7.6 5 0.447574013157895 0.475 25.8163904281672 3 1 0 
1 210 11.8 4 0.405570652173913 0.4890625 27.9499891165718 3 -1 0 
0 210 7.6 5 0.426983173076923 0.4984375 24.9836248477129 3 1 0 
1 220 11.8 4 0.399338942307692 0.4875 25.1146535734972 3 -1 0 
0 220 7.6 5 0.378057065217391 0.4875 32.4615447834254 3 1 0 
1 230 11.8 4 0.455078125 0.459375 33.5712462875212 3 -2 0 
0 230 7.6 6 0.458059210526316 0.4984375 32.1299395594021 3 2 0 
1 240 11.8 5 0.434849330357143 0.478515625 33.0463149115133 3 -1 0 
0 240 7.6 6 0.405241935483871 0.51875 22.7253335612196 3 1 0 
1 250 11.8 5 0.390964673913043 0.4775390625 34.4437580859235 3 -1 0 
0 250 7.6 6 0.39599609375 0.4578125 22.8702138476213 3 1 0 
1 260 11.8 5 0.4541015625 0.40859375 44.6634179740522 3 -1 0 
0 260 7.6 6 0.460069444444444 0.39609375 38.6360357793229 3 1 0 
1 270 11.8 6 0.430930397727273 0.45703125 35.2656480838225 3 -1 0 
0 270 7.6 7 0.416610054347826 0.415625 38.7353410516281 3 1 0 
1 280 11.8 6 0.388417119565217 0.49921875 31.9631755583564 3 -1 0 
0 280 7.6 7 0.385190217391304 0.376953125 37.9995222544625 3 1 0 
1 290 11.8 6 0.4455078125 0.47421875 27.4871038288765 3 -1 0 
0 290 7.6 7 0.4375 0.380859375 47.5931385671216 3 1 0 
1 300 11.8 6 0.423321759259259 0.5015625 23.7880311175525 3 -1 0 
0 300 7.6 7 0.418308423913043 0.4599609375 23.1504193181375 3 1 0 
1 310 11.8 6 0.422572544642857 0.48984375 25.2169762571261 3 -1 0 
0 310 7.6 7 0.380095108695652 0.40390625 40.0118732190115 3 1 0 
1 320 11.8 7 0.527622767857143 0.421875 41.0554336840288 3 -1 0 
0 320 7.6 8 0.439583333333333 0.46171875 42.0433938477429 3 1 0 
1 330 11.8 7 0.432241586538462 0.3916015625 36.1983638796978 3 -1 0 
0 330 7.6 8 0.4296875 0.47890625 44.7451497297211 3 1 0 
1 340 11.8 7 0.418258101851852 0.44921875 41.6573379706914 3 -1 0 
0 340 7.6 8 0.372961956521739 0.513671875 40.3592378481055 3 1 0 
1 350 11.8 7 0.494055706521739 0.384765625 17.7341478509682 3 -2 0 
0 350 7.6 9 0.462611607142857 0.5302734375 30.1092804132953 3 2 0 
1 360 11.8 8 0.456194196428571 0.30859375 34.6272781623491 3 -1 0 
0 360 7.6 9 0.41796875 0.4890625 34.3589784063505 3 1 0 
1 370 11.8 8 0.388756793478261 0.29609375 42.5781818885311 3 -1 0 
0 370 7.6 9 0.406115301724138 0.43828125 26.3778311193689 3 1 0 
1 380 11.8 8 0.43505859375 0.403125 37.2572558745477 3 -1 0 
0 380 7.6 9 0.472237723214286 0.49921875 30.0896953751526 3 1 0 
1 390 11.8 8 0.424944196428571 0.3921875 31.3361276569983 3 -2 0 
0 390 7.6 10 0.436848958333333 0.459375 32.5332782995063 3 2 0 
1 400 11.8 8 0.408353365384615 0.4203125 40.3499593564359 3 -2 0 
0 400 7.6 10 0.36328125 0.440625 40.0763443228229 3 2 0 
1 410 11.8 9 0.475260416666667 0.39609375 31.1788683886911 3 -1 0 
0 410 7.6 10 0.474516369047619 0.41953125 43.5548538241842 3 1 0 
1 420 11.8 9 0.431884765625 0.38203125 27.7432524317749 3 -1 0 
0 420 7.6 10 0.400390625 0.45546875 37.9661792864114 3 1 0 
1 430 11.8 9 0.385869565217391 0.4125 30.7017311808627 3 -1 0 
0 430 7.6 10 0.372159090909091 0.46484375 36.9489840984956 3 1 0 
1 440 11.8 10 0.475033967391304 0.4521484375 19.6896506307624 3 0 0 
0 440 7.6 10 0.44609375 0.5009765625 28.2528985134118 3 0 0 
1 450 11.8 10 0.436899038461538 0.390625 24.6282147905678 3 -1 0 
0 450 7.6 11 0.4078125 0.43984375 43.8509909838338 3 1 0 
1 460 11.8 10 0.40109375 0.4052734375 28.9931996385852 3 -1 0 
0 460 7.6 11 0.3921875 0.47265625 36.1065725921969 3 1 0 
1 470 11.8 10 0.5013671875 0.43359375 11.3321214580654 3 -1 0 
0 470 7.6 11 0.436311141304348 0.4859375 42.0427643438919 3 1 0 
1 480 11.8 10 0.438534007352941 0.5166015625 12.1468746366638 3 -1 0 
0 480 7.6 11 0.425595238095238 0.40390625 33.6327461833038 3 1 0 
1 490 11.8 10 0.394870923913043 0.505859375 12.0031959019908 3 -1 0 
0 490 7.6 11 0.3921875 0.42109375 17.2528766799007 3 1 0 
1 500 11.8 10 0.48779296875 0.47265625 12.2022772015557 3 -1 0 
0 500 7.6 11 0.428548177083333 0.5078125 7.09104557559539 3 1 0 
1 510 11.8 10 0.427133413461538 0.486328125 16.140012391569 3 -2 0 
0 510 7.6 12 0.433883101851852 0.4296875 8.54892384634469 3 2 0 
1 520 11.8 11 0.377377717391304 0.361328125 32.0714532584085 3 -1 0 
0 520 7.6 12 0.418238146551724 0.496875 6.54302980514501 3 1 0 
1 530 11.8 11 0.452713815789474 0.2921875 35.9551733856209 3 -1 0 
0 530 7.6 12 0.478125 0.57109375 3.4058127152066 3 1 0 
1 540 11.8 11 0.431640625 0.33203125 41.5010762020423 3 -1 0 
0 540 7.6 12 0.444100215517241 0.4875 12.7585275896322 3 1 0 
1 550 11.8 12 0.409104567307692 0.4109375 32.6352202547171 3 0 0 
0 550 7.6 12 0.375 0.4671875 18.8619765990776 3 0 0 
1 560 11.8 12 0.467862215909091 0.42890625 34.9058341422091 3 0 0 
0 560 7.6 12 0.45859375 0.44453125 37.0103290775759 3 0 0 
1 570 11.8 12 0.468480603448276 0.5107421875 40.9431903276129 3 0 0 
0 570 7.6 12 0.393798828125 0.4515625 40.7247974698398 3 0 0 
1 580 11.8 12 0.479275173611111 0.4873046875 46.3551814842362 3 0 0 
0 580 7.6 12 0.350694444444444 0.4765625 31.1710474112822 3 0 0 
1 590 11.8 12 0.5570068359375 0.48046875 43.6661681984791 3 -1 0 
0 590 7.6 13 0.422960069444444 0.4677734375 44.160604437285 3 1 0 
1 600 11.8 13 0.555555555555556 0.4775390625 33.3224654399492 3 0 0 
0 600 7.6 13 0.407894736842105 0.43359375 40.3731943191068 3 0 0 
1 610 11.8 13 0.483226102941177 0.50546875 38.0966149776665 3 0 0 
0 610 7.6 13 0.361213235294118 0.36640625 49.2783734278531 3 0 0 
1 620 11.8 13 0.504484953703704 0.5185546875 28.7302264063661 3 0 0 
0 620 7.6 13 0.405078125 0.35546875 37.4219896120098 3 0 0 
1 630 11.8 13 0.464370265151515 0.4953125 33.9004728016047 3 0 0 
0 630 7.6 13 0.391304347826087 0.3388671875 17.6307455595262 3 0 0 
1 640 11.8 13 0.400745738636364 0.5 22.28758846825 3 0 0 
0 640 7.6 13 0.393028846153846 0.423828125 16.4684784676619 3 0 0 
1 650 11.8 13 0.41455078125 0.38671875 31.5601508052146 3 -1 0 
0 650 7.6 14 0.41796875 0.4677734375 20.5777348670911 3 1 0 
1 660 11.8 13 0.40828125 0.388671875 18.6183875951414 3 -1 0 
0 660 7.6 14 0.433349609375 0.42109375 38.5779012037715 3 1 0 
1 670 11.8 14 0.371484375 0.46875 6.4143610943082 3 0 0 
0 670 7.6 14 0.417564655172414 0.3857421875 23.4537817547104 3 0 0 
1 680 11.8 14 0.464626736111111 0.486328125 5.70087712549569 3 0 0 
0 680 7.6 14 0.450747282608696 0.385416666666667 6.46892653503288 3 0 0 
1 690 11.8 14 0.418359375 0.533203125 4.92442890089805 3 0 0 
0 690 7.6 14 0.4625244140625 0.427083333333333 8.70538134308332 3 0 0 
1 700 11.8 14 0.4015625 0.48046875 2.06155281280883 3 -1 0 
0 700 7.6 15 0.381510416666667 0.37109375 17.0636882596054 3 1 0 
1 710 11.8 14 0.427837171052632 0.268229166666667 27.3779705706099 3 -1 0 
0 710 7.6 15 0.435329861111111 0.31640625 35.5765867245463 3 1 0 
1 720 11.8 15 0.41875 0.2705078125 28.5556909676303 3 0 0 
0 720 7.6 15 0.4640625 0.315625 25.7000777995848 3 0 0 
1 730 11.8 15 0.426171875 0.38046875 41.7662235616018 3 0 0 
0 730 7.6 15 0.398763020833333 0.35390625 17.3022268931533 3 0 0 
1 740 11.8 15 0.4534375 0.44375 44.0578719646128 3 0 0 
0 740 7.6 15 0.482421875 0.359375 20.7258710755094 3 0 0 
1 750 11.8 16 0.43046875 0.4580078125 43.2281747886024 3 1 0 
0 750 7.6 15 0.394717261904762 0.44140625 23.1978458296356 3 -1 0 
1 760 11.8 16 0.408275462962963 0.471354166666667 27.11872807316 3 0 0 
0 760 7.6 16 0.372691761363636 0.4443359375 6.48517818976601 3 0 0 
1 770 11.8 16 0.514436141304348 0.47265625 17.895461646277 3 0 0 
0 770 7.6 16 0.404166666666667 0.5302734375 6.71458390888068 3 0 0 
1 780 11.8 16 0.485402960526316 0.48828125 6.9462219947249 3 0 0 
0 780 7.6 16 0.382595486111111 0.5322265625 9.58499803320833 3 0 0 
1 790 11.8 16 0.482161458333333 0.3671875 6.10327780786685 3 0 0 
0 790 7.6 16 0.425390625 0.5166015625 6.07589499315536 3 0 0 
1 800 11.8 16 0.571022727272727 0.263020833333333 28.1121120243764 3 0 0 
0 800 7.6 16 0.443603515625 0.35703125 31.4608436519945 3 0 0 
1 810 11.8 17 0.446514423076923 0.28515625 27.7107360171749 3 1 1 
0 810 7.6 16 0.376302083333333 0.40078125 32.1771676912389 2 -1 -1 
1 820 11.8 17 0.40265625 0.33359375 36.5493719688752 3 1 1 
0 820 7.6 16 0.369140625 0.359375 19.1263201594927 2 -1 -1 
1 830 11.8 17 0.4265625 0.34140625 33.4986702829154 3 1 1 
0 830 7.6 16 0.369140625 0.40625 19.5116856933375 2 -1 -1 
1 840 11.8 17 0.470243566176471 0.42265625 30.3284548982854 3 1 1 
0 840 7.6 16 0.36640625 0.48203125 9.10752785130905 2 -1 -1 
1 850 11.8 17 0.440848214285714 0.4833984375 31.5450745425312 3 0 1 
0 850 7.6 17 0.35546875 0.496875 7.63750704107191 2 0 -1 
1 860 11.8 17 0.5251953125 0.453125 33.3245752553641 3 0 1 
0 860 7.6 17 0.3978515625 0.49921875 7.95727443248579 2 0 -1 
1 870 11.8 17 0.435619212962963 0.467447916666667 36.4181261047871 3 0 1 
0 870 7.6 17 0.383463541666667 0.44296875 27.2131331091804 2 0 -1 
1 880 11.8 17 0.459047379032258 0.510416666666667 41.1666500413776 3 -1 1 
0 880 7.6 18 0.376775568181818 0.4609375 48.8823859310064 2 1 -1 
1 890 11.8 18 0.527922453703704 0.447916666666667 30.5502981201292 3 0 1 
0 890 7.6 18 0.4443359375 0.43515625 53.2700974274726 2 0 -1 
1 900 11.8 18 0.396033653846154 0.39921875 46.8718923545688 3 0 1 
0 900 7.6 18 0.449074074074074 0.4328125 44.7214349970624 2 0 -1 
1 910 11.8 18 0.4181640625 0.3876953125 40.3999916864446 3 0 1 
0 910 7.6 18 0.4084375 0.423828125 19.7261460144897 2 0 -1 
1 920 11.8 18 0.456473214285714 0.391927083333333 27.5294320719163 3 0 1 
0 920 7.6 18 0.509928385416667 0.5107421875 7.5532853544963 2 0 -1 
1 930 11.8 18 0.417557565789474 0.3359375 20.3960780543711 3 -1 1 
0 930 7.6 19 0.488517992424242 0.626953125 4.38733623394361 2 1 -1 
1 940 11.8 18 0.426983173076923 0.267578125 14.0801278403287 3 -1 1 
0 940 7.6 19 0.376627604166667 0.625 3.00514875847776 2 1 -1 
1 950 11.8 18 0.404296875 0.2734375 3.90512483795333 3 -1 1 
0 950 7.6 19 0.486860795454545 0.650390625 5.28094260516628 2 1 -1 
1 960 11.8 18 0.417763157894737 0.208984375 18.7216452268491 3 -1 1 
0 960 7.6 19 0.457956414473684 0.6865234375 4.8408437155437 2 1 -1 
1 970 11.8 18 0.392299107142857 0.197916666666667 18.2298694531616 3 -1 1 
0 970 7.6 19 0.386429398148148 0.6265625 54.7771726547149 2 1 -1 
1 980 11.8 19 0.39453125 0.197265625 17.2184861054823 3 0 1 
0 980 7.6 19 0.478860294117647 0.640625 38.4888650490204 2 0 -1 
1 990 11.8 19 0.3998046875 0.36796875 26.6237375461715 3 0 1 
0 990 7.6 19 0.451990927419355 0.55 23.3157569973248 2 0 -1 
1 1000 11.8 19 0.383018092105263 0.458333333333333 19.860491141203 3 0 1 
0 1000 7.6 19 0.3974609375 0.5 18.70071996284 2 0 -1 
1 1010 11.8 20 0.423177083333333 0.52421875 3.58112065611521 3 1 1 
0 1010 7.6 19 0.496484375 0.49609375 13.0862523283024 2 -1 -1 
1 1020 11.8 20 0.435128348214286 0.58203125 21.1562413297015 3 0 1 
0 1020 7.6 20 0.439789870689655 0.451171875 14.9164338901763 2 0 -1 
1 1030 11.8 20 0.44073275862069 0.5283203125 37.7738171741652 3 0 1 
0 1030 7.6 20 0.405101102941176 NaN NaN 2 0 -1 
1 1040 11.8 20 0.502092633928571 0.5400390625 26.0171208031123 3 0 1 
0 1040 7.6 20 0.52734375 NaN NaN 2 0 -1 
1 1050 11.8 20 0.489908854166667 0.5380859375 19.8112507323571 3 0 1 
0 1050 7.6 20 0.47265625 NaN NaN 2 0 -1 
1 1060 11.8 20 0.475970643939394 0.55859375 21.434294980854 3 0 1 
0 1060 7.6 20 0.364701704545455 0.140625 0 2 0 -1 
1 1070 11.8 20 0.555899784482759 0.5380859375 15.6305633265547 3 0 1 
0 1070 7.6 20 0.534375 0.158854166666667 7.08484266582306 2 0 -1 
1 1080 11.8 21 0.55785472972973 0.5107421875 3.55179401040851 3 1 1 
0 1080 7.6 20 0.389573317307692 0.2578125 17.9597832755271 2 -1 -1 
1 1090 11.8 21 0.49111328125 0.4873046875 14.1522170024475 3 1 1 
0 1090 7.6 20 0.368607954545455 0.2515625 24.4942790859143 2 -1 -1 
1 1100 11.8 21 0.500558035714286 0.47265625 22.3260703334752 3 1 1 
0 1100 7.6 20 0.4328125 0.27890625 10.5957944757466 2 -1 -1 
1 1110 11.8 21 0.486272321428571 0.3984375 24.8709812178868 3 1 1 
0 1110 7.6 20 0.3564453125 0.290625 8.52780547012283 2 -1 -1 
1 1120 11.8 21 0.469140625 0.3740234375 19.3292267418387 3 1 2 
0 1120 7.6 20 0.35546875 0.2171875 9.28749697332486 1 -1 -2 
1 1130 11.8 21 0.538640202702703 0.447265625 16.3657543701531 3 1 2 
0 1130 7.6 20 0.50390625 0.1859375 4.2228592387037 1 -1 -2 
1 1140 11.8 21 0.517068614130435 0.443359375 25.1957283598916 3 1 2 
0 1140 7.6 20 0.329799107142857 0.2 12.5006851771877 1 -1 -2 
1 1150 11.8 21 0.48994140625 0.4716796875 19.94466017431 3 1 2 
0 1150 7.6 20 0.35205078125 0.27421875 19.8821416889687 1 -1 -2 
1 1160 11.8 21 0.609244791666667 0.5244140625 20.2256670894864 3 1 2 
0 1160 7.6 20 0.35 0.3375 17.5532942768029 1 -1 -2 
1 1170 11.8 21 0.580528846153846 0.5048828125 13.1410704100117 3 0 2 
0 1170 7.6 21 0.302517361111111 0.34765625 13.2787685322994 1 0 -2 
1 1180 11.8 21 0.521642736486487 0.560546875 4.68567146111929 3 0 2 
0 1180 7.6 21 0.3525390625 0.349609375 14.5593625533456 1 0 -2 
1 1190 11.8 21 0.62484375 0.5439453125 34.8860705133434 3 0 2 
0 1190 7.6 21 0.408482142857143 0.3515625 20.3699960893763 1 0 -2 
1 1200 11.8 21 0.565772804054054 0.482421875 29.132656755673 3 0 2 
0 1200 7.6 21 0.3228515625 0.2998046875 29.5525648137931 1 0 -2 
1 1210 11.8 22 0.4705810546875 0.49296875 19.1716927014253 3 1 2 
0 1210 7.6 21 0.358309659090909 0.205729166666667 5.53849331601655 1 -1 -2 
1 1220 11.8 22 0.461979166666667 0.5146484375 23.3020340753094 3 1 2 
0 1220 7.6 21 0.36328125 0.354166666666667 13.0224390735368 1 -1 -2 
1 1230 11.8 22 0.612742456896552 0.5453125 28.8269846689217 3 1 2 
0 1230 7.6 21 0.392740885416667 0.397135416666667 7.73196122252453 1 -1 -2 
1 1240 11.8 22 0.495689655172414 0.470052083333333 7.56153513329859 3 1 2 
0 1240 7.6 21 0.59140625 0.41015625 38.0760141185809 1 -1 -2 
1 1250 11.8 22 0.5388671875 0.3544921875 27.666910359229 3 1 2 
0 1250 7.6 21 0.64765625 0.485677083333333 18.0239416050832 1 -1 -2 
1 1260 11.8 22 0.563939144736842 0.423828125 17.7736804711023 3 1 2 
0 1260 7.6 21 0.440946691176471 0.440104166666667 7.80678197354575 1 -1 -2 
1 1270 11.8 22 0.530838815789474 0.412109375 25.3592112816435 3 1 2 
0 1270 7.6 21 0.35546875 0.3603515625 33.7107556687332 1 -1 -2 
1 1280 11.8 22 0.564583333333333 0.45078125 19.8274080029341 3 1 2 
0 1280 7.6 21 NaN 0.3466796875 37.5216322356721 1 -1 -2 
1 1290 11.8 22 0.56176097972973 0.5421875 24.5515090376916 3 1 2 
0 1290 7.6 21 0.35546875 0.3564453125 22.4030517676782 1 -1 -2 
1 1300 11.8 23 0.496527777777778 0.5625 28.2911893553687 3 2 2 
0 1300 7.6 21 0.35546875 0.326171875 42.2995271841187 1 -2 -2 
1 1310 11.8 23 0.584339488636364 0.5421875 29.7301190323582 3 2 2 
0 1310 7.6 21 0.35546875 0.361328125 47.4473392299294 1 -2 -2 
1 1320 11.8 23 0.588955965909091 0.5171875 30.1989308271735 3 2 2 
0 1320 7.6 21 0.244791666666667 0.3125 49.9324543758866 1 -2 -2 
1 1330 11.8 23 0.552734375 0.5185546875 37.4608480742215 3 1 2 
0 1330 7.6 22 0.267578125 0.3203125 51.5873046398046 1 -1 -2 
1 1340 11.8 23 0.646592881944444 0.4990234375 27.3608070653101 3 1 3 
0 1340 7.6 22 NaN 0.384765625 47.6917183586417 0 -1 -3 
1 1350 11.8 23 0.568223110465116 0.447265625 21.6323257121244 3 1 3 
0 1350 7.6 22 0.252704326923077 0.35546875 55.3172667437573 0 -1 -3 
1 1360 11.8 23 0.539155505952381 0.4716796875 27.839489152909 3 1 3 
0 1360 7.6 22 0.197265625 0.16796875 8 0 -1 -3 
1 1370 11.8 23 0.631138392857143 0.5302734375 42.3188284097951 3 1 3 
0 1370 7.6 22 0.197265625 0.177083333333333 20.2693287366032 0 -1 -3 
1 1380 11.8 23 0.6221923828125 0.51953125 37.530375111289 3 1 3 
0 1380 7.6 22 0.245682565789474 0.221354166666667 26.3194837431539 0 -1 -3 
1 1390 11.8 23 0.583389945652174 0.5341796875 26.4762955019434 3 1 3 
0 1390 7.6 22 0.275669642857143 0.2373046875 17.8870200568868 0 -1 -3 
1 1400 11.8 23 0.683823529411765 0.502604166666667 36.7164660857135 3 1 3 
0 1400 7.6 22 0.260850694444444 0.2529296875 16.8949381653597 0 -1 -3 
1 1410 11.8 23 0.703125 0.533203125 65.6144039064594 3 0 3 
0 1410 7.6 23 0.243815104166667 0.2666015625 9.43195485043029 0 0 -3 
1 1420 11.8 23 0.727430555555556 0.8203125 0 3 0 3 
0 1420 7.6 23 NaN 0.1953125 10.6768931479098 0 0 -3 
