1 30 9.2 1 NaN 0.25 21.190379340121 3 0 0 
0 30 9.2 1 NaN 0.19140625 16.6148266544373 3 0 0 
1 40 9.2 1 NaN 0.3095703125 29.5268257886124 3 0 0 
0 40 9.2 1 NaN 0.22109375 20.9472620641102 3 0 0 
1 50 9.2 1 0.39453125 0.3359375 40.392303515408 3 0 0 
0 50 9.2 1 0.36328125 0.2953125 28.221138503493 3 0 0 
1 60 9.2 1 0.39453125 0.40859375 49.3498393900443 3 0 0 
0 60 9.2 1 0.36328125 0.3921875 32.3046209432726 3 0 0 
1 70 9.2 1 0.42265625 0.40703125 40.1648815337057 3 0 0 
0 70 9.2 1 0.3693359375 0.4625 27.4320322689438 3 0 0 
1 80 9.2 1 0.493832236842105 0.446875 31.776007381555 3 0 0 
0 80 9.2 1 0.455502717391304 0.49296875 26.0298254428535 3 0 0 
1 90 9.2 1 0.41328125 0.48046875 34.6178917885733 3 0 0 
0 90 9.2 1 0.417633928571429 0.4970703125 36.3946483729136 3 0 0 
1 100 9.2 1 0.40625 0.4462890625 45.171651804623 3 -1 0 
0 100 9.2 2 0.421875 0.525390625 37.246839503442 3 1 0 
1 110 9.2 2 0.4859375 0.455078125 42.621532929037 3 0 0 
0 110 9.2 2 0.4609375 0.4375 52.838404619604 3 0 0 
1 120 9.2 2 0.439453125 0.41796875 51.0512975727424 3 0 0 
0 120 9.2 2 0.379557291666667 0.4619140625 47.8550196862489 3 0 0 
1 130 9.2 2 0.423990885416667 0.475 38.1961360278167 3 0 0 
0 130 9.2 2 0.36328125 0.36875 43.6064095631967 3 0 0 
1 140 9.2 3 0.467391304347826 0.49765625 34.681832232605 3 0 0 
0 140 9.2 3 0.450520833333333 0.4453125 27.9692198584523 3 0 0 
1 150 9.2 3 0.4296875 0.4482421875 21.1210163514234 3 0 0 
0 150 9.2 3 0.372336647727273 0.4546875 27.4328378997392 3 0 0 
1 160 9.2 3 0.424538352272727 0.4765625 27.9522793673423 3 0 0 
0 160 9.2 3 0.388371394230769 0.498046875 33.6269413323843 3 0 0 
1 170 9.2 4 0.471976902173913 0.39609375 29.5125518146371 3 1 0 
0 170 9.2 3 0.462805706521739 0.544270833333333 34.2196758917038 3 -1 0 
1 180 9.2 4 0.430630387931034 0.3984375 23.1195694994093 3 0 0 
0 180 9.2 4 0.42234375 0.45703125 55.1925040547178 3 0 0 
1 190 9.2 4 0.42890625 0.35234375 29.9327004096828 3 0 0 
0 190 9.2 4 0.38265625 0.4125 55.5350978763725 3 0 0 
1 200 9.2 4 0.492745535714286 0.42265625 29.3607082742473 3 0 0 
0 200 9.2 4 0.438210227272727 0.40859375 44.5747474844292 3 0 0 
1 210 9.2 4 0.41015625 0.45703125 31.045742623256 3 0 0 
0 210 9.2 4 0.412760416666667 0.41953125 29.1652154308018 3 0 0 
1 220 9.2 5 0.408203125 0.459375 30.7615021593616 3 0 0 
0 220 9.2 5 0.3984375 0.45859375 19.602365749086 3 0 0 
1 230 9.2 5 0.477921195652174 0.46328125 37.6921909646207 3 0 0 
0 230 9.2 5 0.450917119565217 0.51015625 7.84035732025245 3 0 0 
1 240 9.2 5 0.397727272727273 0.4671875 37.9903366521196 3 0 0 
0 240 9.2 5 0.428125 0.50859375 13.765757120415 3 0 0 
1 250 9.2 5 0.412024456521739 0.459375 37.9646497089642 3 0 0 
0 250 9.2 5 0.385830965909091 0.521875 12.9703789394419 3 0 0 
1 260 9.2 5 0.495754076086957 0.470052083333333 18.6941474712666 3 -1 0 
0 260 9.2 6 0.45671875 0.50703125 10.639369618708 3 1 0 
1 270 9.2 6 0.436921296296296 0.48046875 15.2241376079774 3 0 0 
0 270 9.2 6 0.405241935483871 0.46640625 12.8542857471183 3 0 0 
1 280 9.2 6 0.434988839285714 0.3916015625 40.7771333655375 3 0 0 
0 280 9.2 6 0.41796875 0.4796875 21.3098323965616 3 0 0 
1 290 9.2 6 0.500450721153846 0.4234375 31.1613773986213 3 0 0 
0 290 9.2 6 0.4609375 0.4828125 32.1439694851503 3 0 0 
1 300 9.2 6 0.463005514705882 0.43671875 25.051648086754 3 0 0 
0 300 9.2 6 0.372159090909091 0.47890625 34.5607613910079 3 0 0 
1 310 9.2 6 0.4359375 0.45625 25.4445351570778 3 0 0 
0 310 9.2 6 0.36328125 0.4578125 47.8815337943121 3 0 0 
1 320 9.2 6 0.479771205357143 0.48046875 27.7455075423717 3 -1 0 
0 320 9.2 7 0.453741776315789 0.3796875 53.5659043702002 3 1 0 
1 330 9.2 7 0.466385690789474 0.49921875 38.2561961314085 3 0 0 
0 330 9.2 7 0.386579241071429 0.4015625 36.9701912916876 3 0 0 
1 340 9.2 7 0.451349431818182 0.50859375 40.9306848382635 3 0 0 
0 340 9.2 7 0.36328125 0.42109375 32.9414309284144 3 0 0 
1 350 9.2 7 0.498579545454545 0.48046875 34.1634882903097 3 -1 0 
0 350 9.2 8 0.445870535714286 0.46484375 32.6680942978787 3 1 0 
1 360 9.2 7 0.41796875 0.474609375 34.5092685626169 3 -1 0 
0 360 9.2 8 0.4027099609375 0.46953125 35.6920408469544 3 1 0 
1 370 9.2 7 0.422061011904762 0.466796875 35.4416363257666 3 -1 0 
0 370 9.2 8 0.405625 0.39296875 53.2139757035617 3 1 0 
1 380 9.2 7 0.486235119047619 0.390625 42.8209750441486 3 -1 0 
0 380 9.2 8 0.472412109375 0.4453125 41.4165495912099 3 1 0 
1 390 9.2 8 0.451334635416667 0.4365234375 29.4231259545228 3 -1 0 
0 390 9.2 9 0.429086538461538 0.51328125 35.2040592276724 3 1 0 
1 400 9.2 8 0.416440217391304 0.3388671875 52.4557315242257 3 -1 0 
0 400 9.2 9 0.386548913043478 0.466796875 34.2466954457227 3 1 0 
1 410 9.2 8 0.455171130952381 0.4234375 33.540906424245 3 -1 0 
0 410 9.2 9 0.47109375 0.4716796875 30.9193724546096 3 1 0 
1 420 9.2 9 0.410964439655172 0.46015625 36.9490600876884 3 0 0 
0 420 9.2 9 0.403421336206897 0.3859375 45.59781991175 3 0 0 
1 430 9.2 9 0.418323863636364 0.4658203125 35.1369890960964 3 -1 0 
0 430 9.2 10 0.4065625 0.37890625 47.7055781432883 3 1 0 
1 440 9.2 9 0.517064144736842 0.4423828125 37.6871673135544 3 -1 0 
0 440 9.2 10 0.465006510416667 0.4345703125 35.8493495562094 3 1 0 
1 450 9.2 10 0.44484375 0.42734375 48.8444097770865 3 0 0 
0 450 9.2 10 0.406384698275862 0.466145833333333 42.4132869464814 3 0 0 
1 460 9.2 10 0.39453125 0.51328125 40.346928978449 3 0 0 
0 460 9.2 10 0.380681818181818 0.41796875 54.1259316828953 3 0 0 
1 470 9.2 10 0.474739583333333 0.5 37.8560240742488 3 -1 0 
0 470 9.2 11 0.449739583333333 0.4453125 47.7002755362979 3 1 0 
1 480 9.2 11 0.450737847222222 0.5087890625 37.7836308797546 3 0 0 
0 480 9.2 11 0.431640625 0.4013671875 53.1973655563001 3 0 0 
1 490 9.2 11 0.416100543478261 0.5 35.0411259157076 3 0 0 
0 490 9.2 11 0.368861607142857 0.447916666666667 34.6691602850536 3 0 0 
1 500 9.2 11 0.455729166666667 0.4140625 37.2946991132389 3 0 0 
0 500 9.2 11 0.443810096153846 0.494791666666667 37.5768061320848 3 0 0 
1 510 9.2 11 0.454202586206897 0.49609375 32.5320951308055 3 0 0 
0 510 9.2 11 0.4705078125 0.3798828125 43.5137627016425 3 0 0 
1 520 9.2 11 0.443638392857143 0.5068359375 35.7253432842181 3 0 0 
0 520 9.2 11 0.397216796875 0.30859375 39.4030799122154 3 0 0 
1 530 9.2 12 0.47119140625 0.541015625 23.4261488412765 3 0 0 
0 530 9.2 12 0.369466145833333 0.41171875 36.5073809053954 3 0 0 
1 540 9.2 12 0.40265625 0.5107421875 11.2912480118933 3 0 0 
0 540 9.2 12 0.417534722222222 0.440625 34.6424489997901 3 0 0 
1 550 9.2 12 0.417224702380952 0.515625 26.46573447393 3 0 0 
0 550 9.2 12 0.37890625 0.45 24.252670970608 3 0 0 
1 560 9.2 12 0.460336538461538 0.548828125 26.3371773865474 3 0 0 
0 560 9.2 12 0.414341517857143 0.4638671875 35.5127557309428 3 0 0 
1 570 9.2 13 0.431919642857143 0.5640625 20.2884656003727 3 1 0 
0 570 9.2 12 0.437855113636364 0.46484375 33.5791737136302 3 -1 0 
1 580 9.2 13 0.451704545454545 0.4794921875 22.1428378201781 3 1 0 
0 580 9.2 12 0.384033203125 0.494791666666667 29.0202743694975 3 -1 0 
1 590 9.2 13 0.479166666666667 0.4296875 42.4394030262852 3 1 0 
0 590 9.2 12 0.45703125 0.40234375 51.399624690667 3 -1 0 
1 600 9.2 13 0.43851902173913 0.42734375 22.8656972675374 3 1 0 
0 600 9.2 12 0.412873641304348 0.37109375 57.5248690968971 3 -1 0 
1 610 9.2 13 0.449751420454545 0.45234375 23.2356724943788 3 1 0 
0 610 9.2 12 0.384672619047619 0.3671875 22.235074076782 3 -1 0 
1 620 9.2 13 0.475740131578947 0.4560546875 29.5037351178419 3 0 0 
0 620 9.2 13 0.425223214285714 0.365234375 37.8497339418415 3 0 0 
1 630 9.2 14 0.439670138888889 0.515625 19.3702872416531 3 1 0 
0 630 9.2 13 0.411588541666667 0.428385416666667 16.2926622506044 3 -1 0 
1 640 9.2 14 0.40703125 0.514322916666667 26.7588594485935 3 1 0 
0 640 9.2 13 0.389322916666667 0.337890625 31.1774415243088 3 -1 0 
1 650 9.2 14 0.442228618421053 0.46640625 50.2523432223855 3 1 0 
0 650 9.2 13 0.45765625 0.37890625 41.6923254328659 3 -1 0 
1 660 9.2 15 0.445572916666667 0.45234375 47.3490441389924 3 2 0 
0 660 9.2 13 0.388822115384615 0.34375 51.6328278497597 3 -2 0 
1 670 9.2 15 0.465680803571429 0.529296875 34.5810219779551 3 2 0 
0 670 9.2 13 0.372121710526316 0.37109375 43.8685245390832 3 -2 0 
1 680 9.2 15 0.507990056818182 0.568359375 34.674557179186 3 2 0 
0 680 9.2 13 0.432942708333333 0.33984375 49.7809751477997 3 -2 0 
1 690 9.2 16 0.520032051282051 0.610677083333333 30.659754389075 3 3 0 
0 690 9.2 13 0.346875 0.279296875 43.0935155785139 3 -3 0 
1 700 9.2 16 0.500578703703704 0.6328125 8.94427190999916 3 2 0 
0 700 9.2 14 0.37890625 0.3681640625 33.1702714887659 3 -2 0 
1 710 9.2 16 0.540826612903226 0.55859375 28.6225435627234 3 2 0 
0 710 9.2 14 0.427734375 0.4228515625 23.934659163389 3 -2 0 
1 720 9.2 16 0.521484375 0.279296875 34.8209706929603 3 2 0 
0 720 9.2 14 0.36083984375 0.4015625 41.9499362350578 3 -2 0 
1 730 9.2 16 0.509207589285714 0.196614583333333 9.67298297440976 3 2 0 
0 730 9.2 14 0.430509868421053 0.42421875 15.1903705579199 3 -2 0 
1 740 9.2 16 0.547154017857143 0.377604166666667 23.5732540761521 3 1 0 
0 740 9.2 15 0.424753289473684 0.3875 12.4495202706159 3 -1 0 
1 750 9.2 16 0.45546875 0.4484375 52.748335816511 3 1 0 
0 750 9.2 15 0.392106681034483 0.47109375 29.4621653580706 3 -1 0 
1 760 9.2 17 0.505338541666667 0.50234375 27.1064266653588 3 2 0 
0 760 9.2 15 0.479817708333333 0.45234375 45.5766190724082 3 -2 0 
1 770 9.2 17 0.659877232142857 0.54609375 27.4367799024753 3 2 0 
0 770 9.2 15 0.544034090909091 0.39609375 45.2396295491908 3 -2 0 
1 780 9.2 17 0.504603794642857 0.5517578125 34.3084037935433 3 1 0 
0 780 9.2 16 0.328683035714286 0.32421875 27.7233241181191 3 -1 0 
1 790 9.2 17 0.461538461538462 0.5283203125 34.9812099504699 3 1 0 
0 790 9.2 16 0.33671875 0.2890625 17.0071564307172 3 -1 0 
1 800 9.2 18 0.541766826923077 0.6064453125 32.6700992106094 3 2 0 
0 800 9.2 16 0.395703125 0.235677083333333 4.3757306777621 3 -2 0 
1 810 9.2 18 0.491365131578947 0.6328125 40.2985697652766 3 2 0 
0 810 9.2 16 0.362630208333333 0.2421875 8.90694541513781 3 -2 0 
1 820 9.2 18 0.510962701612903 0.6591796875 31.1953251695119 3 2 0 
0 820 9.2 16 0.375325520833333 0.20859375 22.6850858830654 3 -2 0 
1 830 9.2 19 0.603050595238095 0.5244140625 59.0923500910656 3 3 1 
0 830 9.2 16 0.376116071428571 0.253125 19.9562676146394 2 -3 -1 
1 840 9.2 19 0.510525173611111 0.6533203125 21.748081436193 3 3 1 
0 840 9.2 16 0.33203125 0.275 21.6776281557636 2 -3 -1 
1 850 9.2 19 0.503208705357143 0.68359375 5.02493781056045 3 2 1 
0 850 9.2 17 0.34765625 0.3265625 22.9055528382684 2 -2 -1 
1 860 9.2 19 0.57568359375 0.6015625 1 3 2 1 
0 860 9.2 17 NaN 0.3984375 41.0177257345651 2 -2 -1 
1 870 9.2 19 0.492313508064516 0.48046875 5.5 3 2 1 
0 870 9.2 17 0.34765625 0.4384765625 50.6455193451273 2 -2 -1 
1 880 9.2 19 0.459134615384615 0.356770833333333 35.181364314957 3 1 1 
0 880 9.2 18 0.319791666666667 0.416666666666667 44.7967992908072 2 -1 -1 
1 890 9.2 19 0.52734375 0.365234375 46.6502947471932 3 1 1 
0 890 9.2 18 0.4328125 0.438802083333333 43.7948575767707 2 -1 -1 
1 900 9.2 19 0.490848214285714 0.369140625 13.5830777072061 3 1 1 
0 900 9.2 18 0.415550595238095 0.5234375 40.3118620256193 2 -1 -1 
1 910 9.2 19 0.446800595238095 0.3046875 31.3503212516287 3 1 1 
0 910 9.2 18 0.367393092105263 0.4150390625 44.3239390564481 2 -1 -1 
1 920 9.2 19 0.52890625 0.345703125 34.4530798977538 3 1 1 
0 920 9.2 18 0.353630514705882 0.46484375 39.4257318856976 2 -1 -1 
1 930 9.2 20 0.492081925675676 0.501302083333333 37.7891888098967 3 1 1 
0 930 9.2 19 0.3814453125 0.47265625 30.7324859589953 2 -1 -1 
1 940 9.2 20 0.51859375 0.439453125 49.8447590023264 3 1 1 
0 940 9.2 19 0.386101973684211 0.43359375 49.8863244800073 2 -1 -1 
1 950 9.2 20 0.581439393939394 0.266927083333333 42.9280032543195 3 1 1 
0 950 9.2 19 0.389404296875 0.505859375 41.1597122695627 2 -1 -1 
1 960 9.2 20 0.509828629032258 0.303385416666667 33.6272004143781 3 1 1 
0 960 9.2 19 0.379991319444444 0.509765625 41.4878918636611 2 -1 -1 
1 970 9.2 20 0.501953125 0.399739583333333 16.682303478036 3 1 1 
0 970 9.2 19 0.4482421875 0.48046875 30.9696958883293 2 -1 -1 
1 980 9.2 20 0.515625 0.404947916666667 19.0612292180506 3 1 1 
0 980 9.2 19 0.476384943181818 0.485677083333333 41.2196431274458 2 -1 -1 
1 990 9.2 20 0.449848790322581 0.4423828125 23.1199993551762 3 1 1 
0 990 9.2 19 0.445430871212121 0.471354166666667 38.1158345703403 2 -1 -1 
1 1000 9.2 20 0.539713541666667 0.4794921875 32.6681600990963 3 0 1 
0 1000 9.2 20 0.51875 0.361328125 46.4108691008161 2 0 -1 
1 1010 9.2 20 0.639973958333333 0.43359375 39.7839082755864 3 0 1 
0 1010 9.2 20 0.649832589285714 0.373046875 51.9434921782926 2 0 -1 
1 1020 9.2 21 0.440248842592593 0.4208984375 29.3966088378964 3 1 1 
0 1020 9.2 20 0.440217391304348 0.338541666666667 23.0700547737956 2 -1 -1 
1 1030 9.2 21 0.436279296875 0.4306640625 25.5447193770324 3 1 1 
0 1030 9.2 20 0.375 0.390625 34.2399513375675 2 -1 -1 
1 1040 9.2 21 0.46328125 0.459635416666667 24.9435094438712 3 1 1 
0 1040 9.2 20 0.4701171875 0.263671875 36.7491496500259 2 -1 -1 
1 1050 9.2 21 0.469350961538462 0.470052083333333 13.9695864032684 3 1 1 
0 1050 9.2 20 0.428125 0.412109375 22.6991189256323 2 -1 -1 
1 1060 9.2 21 0.4678125 0.478515625 25.2156266289829 3 1 1 
0 1060 9.2 20 0.36328125 0.4375 0 2 -1 -1 
1 1070 9.2 21 0.500538793103448 0.45703125 26.7556605396395 3 1 1 
0 1070 9.2 20 0.453125 NaN NaN 2 -1 -1 
1 1080 9.2 21 0.532516891891892 0.62109375 9.21954445729289 3 1 1 
0 1080 9.2 20 0.450260416666667 NaN NaN 2 -1 -1 
1 1090 9.2 21 0.548583984375 0.60546875 33.1360830515618 3 1 1 
0 1090 9.2 20 0.3390625 0.1015625 0 2 -1 -1 
1 1100 9.2 22 0.570503048780488 0.66015625 16.1941347407016 3 1 1 
0 1100 9.2 21 0.333333333333333 0.224609375 13.5092560861063 2 -1 -1 
1 1110 9.2 22 0.518663194444444 0.53515625 62.7781641879977 3 1 1 
0 1110 9.2 21 0.319695723684211 0.2265625 16.5220764647964 2 -1 -1 
1 1120 9.2 22 0.505859375 0.584635416666667 31.4008327020537 3 1 1 
0 1120 9.2 21 0.375901442307692 0.264322916666667 6.33182547487927 2 -1 -1 
1 1130 9.2 22 0.58140625 0.4990234375 52.4730883172685 3 1 1 
0 1130 9.2 21 0.40625 0.228515625 16.4727033523646 2 -1 -1 
1 1140 9.2 22 0.541779891304348 0.5849609375 34.2605253953369 3 1 1 
0 1140 9.2 21 0.293526785714286 0.244140625 9.02644655983555 2 -1 -1 
1 1150 9.2 22 0.553125 0.568359375 14.3173820517947 3 1 1 
0 1150 9.2 21 0.264322916666667 0.265625 0 2 -1 -1 
1 1160 9.2 22 0.653738839285714 0.6572265625 3.91782355623849 3 1 1 
0 1160 9.2 21 0.26953125 0.4140625 0 2 -1 -1 
1 1170 9.2 23 0.683382601351351 0.6884765625 25.7834107263215 3 2 2 
0 1170 9.2 21 0.252232142857143 0.328125 0 1 -2 -2 
1 1180 9.2 23 0.763822115384615 0.6865234375 18.3549215062314 3 2 2 
0 1180 9.2 21 0.1796875 NaN NaN 1 -2 -2 
1 1190 9.2 23 0.789772727272727 0.802734375 6.19333216526969 3 2 2 
0 1190 9.2 21 0.1796875 NaN NaN 1 -2 -2 
1 1200 9.2 23 0.8056640625 0.817708333333333 3.80407209622406 3 2 2 
0 1200 9.2 21 NaN NaN NaN 1 -2 -2 
