1 30 6.2 1 NaN 0.350806451612903 41.5533540839072 2 0 0 
0 30 8.2 1 NaN 0.267741935483871 17.6067984303964 2 0 0 
1 40 6.2 1 NaN 0.350806451612903 41.5533540839072 2 0 0 
0 40 8.2 1 NaN 0.30241935483871 28.0145911462739 2 0 0 
1 50 6.2 1 0.370967741935484 0.418548387096774 41.1970851264464 2 0 0 
0 50 8.2 1 NaN 0.37258064516129 33.0145126298125 2 0 0 
1 60 6.2 1 0.383064516129032 0.438172043010753 37.8863133216367 2 0 0 
0 60 8.2 1 0.383064516129032 0.487096774193548 38.3382660798687 2 0 0 
1 70 6.2 1 0.438076036866359 0.464381720430108 43.0646017289074 2 0 0 
0 70 8.2 1 0.383064516129032 0.514516129032258 30.2811122818683 2 0 0 
1 80 6.2 1 0.439516129032258 0.456989247311828 44.2210121288687 2 0 0 
0 80 8.2 1 0.501075268817204 0.528225806451613 25.3300328354397 2 0 0 
1 90 6.2 1 0.403225806451613 0.459005376344086 44.1225348407685 2 0 0 
0 90 8.2 1 0.383064516129032 0.512903225806452 30.9370517603015 2 0 0 
1 100 6.2 1 0.40994623655914 0.483198924731183 39.5386971005137 2 0 0 
0 100 8.2 1 0.392369727047146 0.492741935483871 27.5011161411907 2 0 0 
1 110 6.2 2 0.46505376344086 0.466935483870968 33.0896118519209 2 0 0 
0 110 8.2 2 0.484158986175115 0.508870967741936 27.1436943898213 2 0 0 
1 120 6.2 2 0.429329371816638 0.405645161290323 47.1347813107695 2 0 0 
0 120 8.2 2 0.403700189753321 0.494354838709677 31.7426599822758 2 0 0 
1 130 6.2 2 0.44727047146402 0.43778801843318 41.4095650257778 2 0 0 
0 130 8.2 2 0.416186635944701 0.52258064516129 28.5951749991498 2 0 0 
1 140 6.2 3 0.558179723502304 0.467741935483871 40.3158271462248 2 0 0 
0 140 8.2 3 0.498319892473118 0.502016129032258 32.6180772849794 2 0 0 
1 150 6.2 3 0.420066413662239 0.461693548387097 25.0089023398204 2 0 0 
0 150 8.2 3 0.397043010752688 0.507056451612903 31.9687505169062 2 0 0 
1 160 6.2 3 0.383064516129032 0.412298387096774 22.5851359271846 2 0 0 
0 160 8.2 3 0.383064516129032 0.415322580645161 37.5319959744102 2 0 0 
1 170 6.2 3 0.485311059907834 0.454637096774194 8.16185683509978 2 0 0 
0 170 8.2 3 0.480990783410138 0.426612903225806 17.8653797461331 2 0 0 
1 180 6.2 4 0.423387096774194 0.46889400921659 18.8601690725553 2 1 0 
0 180 8.2 3 0.383064516129032 0.486290322580645 11.9629895205318 2 -1 0 
1 190 6.2 4 0.401075268817204 0.464861751152074 22.1071701032163 2 1 0 
0 190 8.2 3 0.383995037220844 0.440322580645161 12.7510060830686 2 -1 0 
1 200 6.2 4 0.494707661290323 0.454493087557604 25.7032676563441 2 0 0 
0 200 8.2 4 0.476814516129032 0.489516129032258 13.8076335993436 2 0 0 
1 210 6.2 5 0.443548387096774 0.440668202764977 25.0884984190748 2 1 0 
0 210 8.2 4 0.38508064516129 0.513104838709677 9.68035742938492 2 -1 0 
1 220 6.2 5 0.445340501792115 0.37741935483871 30.0579064840927 2 1 0 
0 220 8.2 4 0.383064516129032 0.579637096774194 4.65321940604332 2 -1 0 
1 230 6.2 6 0.497311827956989 0.363709677419355 30.9102234083573 2 2 0 
0 230 8.2 4 0.431451612903226 0.469086021505376 16.9727675787177 2 -2 0 
1 240 6.2 6 0.445660522273425 0.466013824884793 27.802428682687 2 2 0 
0 240 8.2 4 0.381048387096774 0.466397849462366 13.7966134190392 2 -2 0 
1 250 6.2 6 0.432891705069124 0.476478494623656 28.8999709684835 2 2 0 
0 250 8.2 4 0.383995037220844 0.361290322580645 35.9936139539413 2 -2 0 
1 260 6.2 6 0.536002304147465 0.461021505376344 32.6617000659744 2 1 0 
0 260 8.2 5 0.440412186379928 0.416129032258064 29.5457340336543 2 -1 0 
1 270 6.2 6 0.431653225806452 0.422811059907834 21.3378886107302 2 1 0 
0 270 8.2 5 0.390877016129032 0.5 18.2377864000924 2 -1 0 
1 280 6.2 6 0.414784946236559 0.380645161290323 21.9891179030037 2 1 0 
0 280 8.2 5 0.426344086021505 0.532258064516129 28.5563847421149 2 -1 0 
1 290 6.2 7 0.51747311827957 0.449596774193548 9.43321324227435 2 1 0 
0 290 8.2 6 0.502016129032258 0.504032258064516 25.100015946117 2 -1 0 
1 300 6.2 7 0.407762096774194 0.511290322580645 9.6649772189789 2 1 0 
0 300 8.2 6 0.383064516129032 0.442204301075269 38.0970958610146 2 -1 0 
1 310 6.2 7 0.383995037220844 0.456989247311828 34.2102313334274 2 1 0 
0 310 8.2 6 0.391749379652605 0.436827956989247 35.8661038481848 2 -1 0 
1 320 6.2 7 0.487903225806452 0.442972350230415 42.4700210361528 2 0 0 
0 320 8.2 7 0.473790322580645 0.350806451612903 44.7164138529081 2 0 0 
1 330 6.2 7 0.383064516129032 0.475806451612903 41.6405110612256 2 0 0 
0 330 8.2 7 0.425084889643464 0.379032258064516 10.8262330794399 2 0 0 
1 340 6.2 8 0.383995037220844 0.457661290322581 38.4767556652362 2 1 0 
0 340 8.2 7 0.394230769230769 0.419354838709677 30.5788620135028 2 -1 0 
1 350 6.2 8 0.464573732718894 0.426747311827957 36.2828110035916 2 1 0 
0 350 8.2 7 0.487039170506912 0.475806451612903 27.3792811435859 2 -1 0 
1 360 6.2 8 0.437606112054329 0.413306451612903 48.2441493785302 2 0 0 
0 360 8.2 8 0.383995037220844 0.512096774193548 44.2987074974254 2 0 0 
1 370 6.2 8 0.414081885856079 0.44758064516129 44.0497535895133 2 0 0 
0 370 8.2 8 0.386808755760369 0.491935483870968 4.47213595499958 2 0 0 
1 380 6.2 9 0.508064516129032 0.501344086021505 20.1717842321522 2 1 0 
0 380 8.2 8 0.492439516129032 0.326612903225806 49.8815547417539 2 -1 0 
1 390 6.2 9 0.397849462365591 0.345766129032258 55.0098555577746 2 1 0 
0 390 8.2 8 0.413530465949821 0.333064516129032 45.4630324372593 2 -1 0 
1 400 6.2 9 0.383064516129032 0.426075268817204 36.9844731947375 2 0 0 
0 400 8.2 9 0.405645161290323 0.384677419354839 22.8765241911061 2 0 0 
1 410 6.2 9 0.464717741935484 0.435483870967742 14.142135623731 2 0 0 
0 410 8.2 9 0.515591397849462 0.359677419354839 9.20286714680099 2 0 0 
1 420 6.2 9 0.413810483870968 0.515322580645161 28.8930354474043 2 0 0 
0 420 8.2 9 0.440284178187404 0.461290322580645 16.0885838056354 2 0 0 
1 430 6.2 9 0.398941532258065 0.387768817204301 50.7223228966777 2 0 0 
0 430 8.2 9 0.460626185958254 0.546774193548387 19.7403608692919 2 0 0 
1 440 6.2 9 0.471505376344086 0.469086021505376 27.6175093589943 2 0 0 
0 440 8.2 9 0.524193548387097 0.521774193548387 19.7964698393719 2 0 0 
1 450 6.2 9 0.418548387096774 0.452956989247312 26.3909252531008 2 0 0 
0 450 8.2 9 0.44574780058651 0.489516129032258 13.9341240185304 2 0 0 
1 460 6.2 9 0.383064516129032 0.465725806451613 25.844934775829 2 0 0 
0 460 8.2 9 0.40752688172043 0.491129032258064 11.9108240250696 2 0 0 
1 470 6.2 10 0.433755760368664 0.429838709677419 19.7473898665498 2 0 0 
0 470 8.2 10 0.481182795698925 0.461290322580645 22.0971516882109 2 0 0 
1 480 6.2 10 0.383064516129032 0.396505376344086 22.1368534847457 2 0 0 
0 480 8.2 10 0.44616935483871 0.500806451612903 24.5456199150695 2 0 0 
1 490 6.2 10 0.383064516129032 0.411866359447005 19.5106802557347 2 0 0 
0 490 8.2 10 0.480342741935484 0.553225806451613 9.93952937975593 2 0 0 
1 500 6.2 11 0.451108870967742 0.400921658986175 19.5164669730375 2 0 0 
0 500 8.2 11 0.538461538461539 0.57258064516129 6.28351900013535 2 0 0 
1 510 6.2 11 0.440668202764977 0.410138248847926 21.7075720028443 2 0 0 
0 510 8.2 11 0.392137096774194 0.474193548387097 15.5417835590668 2 0 0 
1 520 6.2 11 0.410980148883375 0.367511520737327 23.5572118477764 2 0 0 
0 520 8.2 11 0.383064516129032 0.434677419354839 15.9923989027399 2 0 0 
1 530 6.2 11 0.492271505376344 0.402073732718894 16.4491070972655 2 0 0 
0 530 8.2 11 0.481079404466501 0.395967741935484 20.8587062955383 2 0 0 
1 540 6.2 11 0.423599320882852 0.453341013824885 33.2223717700499 2 0 0 
0 540 8.2 11 0.400806451612903 0.37741935483871 17.9586200742081 2 0 0 
1 550 6.2 11 0.41989247311828 0.495967741935484 40.1459388996286 2 0 0 
0 550 8.2 11 0.38508064516129 0.437096774193548 20.828759217273 2 0 0 
1 560 6.2 11 0.509576612903226 0.494959677419355 42.1796868122346 2 0 0 
0 560 8.2 11 0.479838709677419 0.465322580645161 30.5468545020821 2 0 0 
1 570 6.2 12 0.410282258064516 0.473118279569892 37.2160553394115 2 0 0 
0 570 8.2 12 0.447782258064516 0.429435483870968 35.5599287837211 2 0 0 
1 580 6.2 12 0.383064516129032 0.383064516129032 47.4950751838298 2 0 0 
0 580 8.2 12 0.389784946236559 0.450604838709677 38.9691367711115 2 0 0 
1 590 6.2 12 0.434139784946237 0.363911290322581 43.8085047061712 2 0 0 
0 590 8.2 12 0.541666666666667 0.405645161290323 43.5988219896817 2 0 0 
1 600 6.2 12 0.451814516129032 0.363709677419355 20.9298042578997 2 0 0 
0 600 8.2 12 0.396712158808933 0.521774193548387 30.6664917689598 2 0 0 
1 610 6.2 13 0.422912713472486 0.416129032258065 13.2572514559889 2 1 0 
0 610 8.2 12 0.392857142857143 0.516129032258065 35.9056279375988 2 -1 0 
1 620 6.2 13 0.491487455197133 0.4375 2.94465768327168 2 0 0 
0 620 8.2 13 0.453341013824885 0.461021505376344 26.6129944184463 2 0 0 
1 630 6.2 13 0.477903225806452 0.465725806451613 18.7910236603246 2 0 0 
0 630 8.2 13 0.385630498533724 0.396505376344086 18.2397264228949 2 0 0 
1 640 6.2 13 0.383064516129032 0.448387096774194 8.32178542453988 2 0 0 
0 640 8.2 13 0.383928571428571 0.361559139784946 15.9357401071543 2 0 0 
1 650 6.2 13 0.516129032258065 0.390552995391705 21.9484790858798 2 0 0 
0 650 8.2 13 0.419665012406948 0.348790322580645 23.9263456705694 2 0 0 
1 660 6.2 13 0.480571847507331 0.345430107526882 21.3539014896736 2 0 0 
0 660 8.2 13 0.387992831541219 0.373387096774194 24.4436064420703 2 0 0 
1 670 6.2 13 0.383064516129032 0.383064516129032 6.9462219947249 2 0 0 
0 670 8.2 13 0.389468690702087 0.415322580645161 28.2427801388585 2 0 0 
1 680 6.2 13 0.508640552995392 0.457661290322581 2.69258240356725 2 0 0 
0 680 8.2 13 0.419354838709677 0.445967741935484 18.6299396907319 2 0 0 
1 690 6.2 13 0.424507168458781 0.342741935483871 35.5628783695245 2 0 0 
0 690 8.2 13 0.411290322580645 0.494354838709677 15.5356486974157 2 0 0 
1 700 6.2 14 0.383064516129032 0.332661290322581 25.2642657549956 2 0 0 
0 700 8.2 14 0.409457478005865 0.50241935483871 14.5742774115245 2 0 0 
1 710 6.2 14 0.509305210918114 0.336693548387097 18.2372811258934 2 0 0 
0 710 8.2 14 0.460960410557185 0.500806451612903 5.62449177442827 2 0 0 
1 720 6.2 14 0.389516129032258 0.402217741935484 3.74245795250936 2 0 0 
0 720 8.2 14 0.445445920303605 0.520161290322581 10.7543140669587 2 0 0 
1 730 6.2 14 0.383064516129032 0.377304147465438 6.28975862843135 2 0 0 
0 730 8.2 14 0.465651135005974 0.537903225806452 4.55873780700524 2 0 0 
1 740 6.2 14 0.450604838709677 0.387768817204301 9.13087504456895 2 -1 0 
0 740 8.2 15 0.547211021505376 0.551075268817204 3.38932685825497 2 1 0 
1 750 6.2 15 0.336693548387097 0.353225806451613 5.71712691974509 2 0 0 
0 750 8.2 15 0.513685239491691 0.60752688172043 3.59875978377373 2 0 0 
1 760 6.2 15 0.392281105990783 0.304435483870968 4.27324409877063 2 0 0 
0 760 8.2 15 0.445033955857385 0.639784946236559 3.97523195999963 2 0 0 
1 770 6.2 15 0.390120967741936 0.331653225806452 3.62460935322354 2 0 0 
0 770 8.2 15 0.61122311827957 0.486559139784946 53.4313966023174 2 0 0 
1 780 6.2 15 0.307603686635945 0.284677419354839 16.9471265775686 2 -1 0 
0 780 8.2 16 0.508194588969823 0.40241935483871 46.2661791669644 2 1 0 
1 790 6.2 15 0.359879032258065 0.32258064516129 17.3235227975408 2 -1 0 
0 790 8.2 16 0.499123422159888 0.453225806451613 27.5611669926391 2 1 0 
1 800 6.2 15 0.359879032258065 0.327956989247312 18.9243914571286 2 -1 0 
0 800 8.2 16 0.608602150537634 0.415322580645161 27.0506774947671 2 1 0 
1 810 6.2 15 0.372311827956989 0.367511520737327 21.5739414438371 2 -1 0 
0 810 8.2 16 0.513104838709677 0.393548387096774 21.584620472534 2 1 0 
1 820 6.2 16 0.392204301075269 0.397465437788018 34.2509682537328 2 0 0 
0 820 8.2 16 0.480755131964809 0.467741935483871 31.7621953710283 2 0 0 
1 830 6.2 16 0.426267281105991 0.402073732718894 34.7136042542384 2 0 0 
0 830 8.2 16 0.548387096774194 0.558064516129032 42.3752069235968 2 0 0 
1 840 6.2 16 0.387634408602151 0.341589861751152 25.5583742674719 2 0 0 
0 840 8.2 16 0.442204301075269 0.568548387096774 39.9589745443683 2 0 0 
1 850 6.2 16 0.391801075268817 0.444700460829493 25.6536098474981 2 0 0 
0 850 8.2 16 0.383064516129032 0.523185483870968 23.6681693403524 2 0 0 
1 860 6.2 16 0.453965053763441 0.437903225806452 24.8111435969863 2 0 0 
0 860 8.2 16 0.476958525345622 0.428427419354839 22.1518230607507 2 0 0 
1 870 6.2 16 0.390793010752688 0.459677419354839 7.89512120858675 2 0 0 
0 870 8.2 16 0.453812316715542 0.434139784946237 9.67020710533642 2 0 0 
1 880 6.2 16 0.390591397849462 0.512096774193548 0 2 -1 0 
0 880 8.2 17 0.395917338709677 0.474462365591398 13.548355119281 2 1 0 
1 890 6.2 17 0.450748847926267 0.5 0 2 0 0 
0 890 8.2 17 0.485215053763441 0.521505376344086 2.28135053887289 2 0 0 
1 900 6.2 17 0.404569892473118 0.439516129032258 0 2 0 0 
0 900 8.2 17 0.453629032258065 0.453629032258065 37.5033331851984 2 0 0 
1 910 6.2 17 0.383064516129032 0.165322580645161 0 2 0 0 
0 910 8.2 17 0.407969639468691 0.367943548387097 54.857198670987 2 0 0 
1 920 6.2 17 0.442204301075269 0.185483870967742 0 2 0 0 
0 920 8.2 17 0.497983870967742 0.42741935483871 32.0580956991392 2 0 0 
1 930 6.2 17 0.389784946236559 0.262096774193548 26.7276420043058 2 0 0 
0 930 8.2 17 0.456575682382134 0.517137096774194 11.9970854776678 2 0 0 
1 940 6.2 17 0.383064516129032 0.397177419354839 19.8403476207312 2 0 0 
0 940 8.2 17 0.422750424448217 0.533266129032258 7.49671453032844 2 0 0 
1 950 6.2 17 0.417521994134897 0.452956989247312 10.1159024050674 2 0 0 
0 950 8.2 17 0.555913978494624 0.414314516129032 35.2846710350559 2 0 0 
1 960 6.2 17 0.342741935483871 0.445852534562212 6.40160133286689 2 0 0 
0 960 8.2 17 0.515344982078853 0.381048387096774 34.5967360685281 2 0 0 
1 970 6.2 17 0.358870967741936 0.485483870967742 7.30925335307139 2 0 0 
0 970 8.2 17 0.513397502601457 0.418010752688172 17.6313110220147 2 0 0 
1 980 6.2 18 0.358870967741936 0.509677419354839 10.1005422767719 2 0 0 
0 980 8.2 18 0.619016649323621 0.459677419354839 15.4029218007494 2 0 0 
1 990 6.2 18 0.304099462365591 0.496774193548387 15.5863334563319 2 0 0 
0 990 8.2 18 0.548076923076923 0.334677419354839 19.9970890782865 2 0 0 
1 1000 6.2 18 0.396505376344086 0.419930875576037 19.348377760536 2 0 0 
0 1000 8.2 18 0.517096774193548 0.345766129032258 30.4072299972526 2 0 0 
1 1010 6.2 18 0.396505376344086 0.3963133640553 18.8072744746396 2 0 0 
0 1010 8.2 18 0.647177419354839 0.431451612903226 24.6820033441401 2 0 0 
1 1020 6.2 18 0.283602150537634 0.339861751152074 25.6004179729462 2 0 0 
0 1020 8.2 18 0.507091212458287 0.488709677419355 43.1097877775043 2 0 0 
1 1030 6.2 18 NaN 0.321428571428571 25.3367534276609 2 0 0 
0 1030 8.2 18 0.5 0.556451612903226 27.5103792182443 2 0 0 
1 1040 6.2 18 0.287096774193548 0.285618279569892 20.0486375481315 2 0 0 
0 1040 8.2 18 0.643346774193548 0.646774193548387 18.3039082070927 2 0 0 
1 1050 6.2 19 0.287220843672457 0.261290322580645 8.23145005348147 2 0 0 
0 1050 8.2 19 0.496117084826762 0.708064516129032 7.91032620482108 2 0 0 
1 1060 6.2 19 0.287298387096774 0.29133064516129 18.9069917531522 2 0 0 
0 1060 8.2 19 0.44022770398482 0.665322580645161 5.79624489304319 2 0 0 
1 1070 6.2 19 0.28494623655914 0.304435483870968 18.7583624269307 2 0 0 
0 1070 8.2 19 0.616359447004608 0.591935483870968 12.6102349195825 2 0 0 
1 1080 6.2 19 0.324462365591398 0.37258064516129 8.94416018964209 2 0 0 
0 1080 8.2 19 0.500720046082949 0.496774193548387 10.6221537259043 2 0 0 
1 1090 6.2 19 0.357795698924731 0.325268817204301 21.987634614061 2 0 0 
0 1090 8.2 19 0.383064516129032 0.451612903225806 25.8046985295573 2 0 0 
1 1100 6.2 19 0.37258064516129 0.313172043010753 23.3295822583981 2 0 0 
0 1100 8.2 19 0.536290322580645 0.424193548387097 31.7628719064929 2 0 0 
1 1110 6.2 20 0.379032258064516 0.408602150537634 22.0249281233948 2 1 0 
0 1110 8.2 19 0.435009487666034 0.416935483870968 17.6502926616544 2 -1 0 
1 1120 6.2 20 0.398073476702509 0.433179723502304 31.2808938399794 2 1 0 
0 1120 8.2 19 0.383064516129032 0.45866935483871 15.9867030305951 2 -1 0 
1 1130 6.2 20 0.461405529953917 0.424193548387097 36.2955281448751 2 0 0 
0 1130 8.2 20 0.485383064516129 0.514784946236559 11.07129950028 2 0 0 
1 1140 6.2 20 0.378225806451613 0.466733870967742 28.8619417635002 2 0 0 
0 1140 8.2 20 0.380645161290323 0.518145161290323 8.55862138431185 2 0 0 
1 1150 6.2 20 0.383064516129032 0.4375 15.0104736340095 2 0 0 
0 1150 8.2 20 0.38508064516129 0.530241935483871 7.56637297521078 2 0 0 
1 1160 6.2 20 0.456221198156682 0.421370967741936 16.2518310954123 2 0 0 
0 1160 8.2 20 0.478046594982079 0.544354838709677 3.60555127546399 2 0 0 
1 1170 6.2 20 0.398297491039427 0.428763440860215 15.7123232391375 2 0 0 
0 1170 8.2 20 0.45241935483871 0.485887096774194 4.52769256906871 2 0 0 
1 1180 6.2 20 0.388440860215054 0.443548387096774 4.75942884413225 2 0 0 
0 1180 8.2 20 0.420415959252971 NaN NaN 2 0 0 
1 1190 6.2 20 0.462096774193548 0.337903225806452 30.0209234104867 2 0 0 
0 1190 8.2 20 0.490275142314991 0.151209677419355 5.70087712549569 2 0 0 
1 1200 6.2 21 0.383064516129032 0.394354838709677 24.4398672546321 2 1 0 
0 1200 8.2 20 0.443709677419355 0.189516129032258 9.37914144133269 2 -1 0 
1 1210 6.2 21 0.388440860215054 0.418682795698925 23.0907969518715 2 1 0 
0 1210 8.2 20 0.408918406072106 0.342741935483871 21.0106656454257 2 -1 0 
1 1220 6.2 21 0.464465725806452 0.43010752688172 16.6413355405157 2 1 0 
0 1220 8.2 20 0.512432795698925 0.436827956989247 12.1883510191535 2 -1 0 
1 1230 6.2 21 0.430191532258065 0.46236559139785 15.3613545249565 2 1 0 
0 1230 8.2 20 0.400268817204301 0.473118279569893 21.6467355592234 2 -1 0 
1 1240 6.2 21 0.413187855787476 0.51008064516129 13.3140709910428 2 1 0 
0 1240 8.2 20 0.402469758064516 0.376344086021505 41.578933839552 2 -1 0 
1 1250 6.2 21 0.450992555831265 0.537634408602151 8.01243396045066 2 1 0 
0 1250 8.2 20 0.41505376344086 0.301411290322581 34.9438084834269 2 -1 0 
1 1260 6.2 21 0.467215988779804 0.640552995391705 9.20756440797538 2 1 0 
0 1260 8.2 20 0.327956989247312 0.328629032258065 2.12132034355964 2 -1 0 
1 1270 6.2 22 0.493870967741936 0.674539170506912 6.71135090911807 2 2 0 
0 1270 8.2 20 0.370967741935484 0.231182795698925 18.5199560769051 2 -2 0 
1 1280 6.2 22 0.623207885304659 0.684907834101382 4.80833782133108 2 2 1 
0 1280 8.2 20 0.377880184331797 0.247983870967742 2.5 1 -2 -1 
1 1290 6.2 22 0.505593132154006 0.633064516129032 37.379299381878 2 1 1 
0 1290 8.2 21 0.262096774193548 0.208333333333333 13.3571425370326 1 -1 -1 
1 1300 6.2 22 0.507289081885856 0.592741935483871 45.8366106628501 2 1 1 
0 1300 8.2 21 0.360887096774194 0.17741935483871 9.36460597822309 1 -1 -1 
1 1310 6.2 22 0.624224565756824 0.676411290322581 22.6215225740034 2 1 1 
0 1310 8.2 21 0.360887096774194 0.1875 8.12037148452132 1 -1 -1 
1 1320 6.2 22 0.54814990512334 0.611895161290323 24.1259488658162 2 1 1 
0 1320 8.2 21 0.313652073732719 0.266129032258065 6.48069760253087 1 -1 -1 
1 1330 6.2 22 0.48625366568915 0.540322580645161 13.4985500834898 2 1 1 
0 1330 8.2 21 0.434907834101383 0.359677419354839 10.475507250481 1 -1 -1 
1 1340 6.2 22 0.646236559139785 0.521774193548387 8.47654666453093 2 1 1 
0 1340 8.2 21 0.442972350230415 0.395161290322581 27.1199036298443 1 -1 -1 
1 1350 6.2 22 0.485215053763441 0.467741935483871 8.25102001147778 2 1 1 
0 1350 8.2 21 0.355414746543779 0.35241935483871 24.5910435572539 1 -1 -1 
1 1360 6.2 22 0.400268817204301 0.358870967741936 29.4929432121914 2 1 1 
0 1360 8.2 21 0.369527649769585 0.399193548387097 20.3597553280182 1 -1 -1 
1 1370 6.2 22 0.604838709677419 0.392741935483871 18.0034700286569 2 1 1 
0 1370 8.2 21 0.384897360703812 0.388709677419355 12.9105288413788 1 -1 -1 
1 1380 6.2 22 0.497983870967742 0.424731182795699 38.4410185822629 2 1 1 
0 1380 8.2 21 0.356989247311828 0.320161290322581 23.8223898898314 1 -1 -1 
1 1390 6.2 22 0.426470588235294 0.469086021505376 34.841860488672 2 0 1 
0 1390 8.2 22 0.379342431761787 0.341129032258065 30.5269413337266 1 0 -1 
1 1400 6.2 22 0.501344086021505 0.459677419354839 15.0440690104507 2 0 1 
0 1400 8.2 22 0.381854838709677 0.396774193548387 22.8518607669514 1 0 -1 
1 1410 6.2 22 0.463709677419355 0.501728110599078 13.0542818265608 2 0 1 
0 1410 8.2 22 0.400957661290323 0.418346774193548 12.2561571773839 1 0 -1 
1 1420 6.2 22 0.384139784946237 0.536290322580645 7.32510251977842 2 0 1 
0 1420 8.2 22 0.395665322580645 0.440860215053763 6.89606403549186 1 0 -1 
1 1430 6.2 22 0.407258064516129 0.550806451612903 5.15665677600532 2 0 1 
0 1430 8.2 22 0.52636476426799 0.273185483870968 22.698974424007 1 0 -1 
1 1440 6.2 22 0.491532258064516 0.509677419354839 4.88108767670184 2 0 1 
0 1440 8.2 22 0.490207373271889 0.235887096774194 15.911828122621 1 0 -1 
1 1450 6.2 22 0.403673835125448 0.486895161290323 4.55140109704442 2 0 1 
0 1450 8.2 22 0.402956989247312 0.387096774193548 15.1753596235468 1 0 -1 
1 1460 6.2 22 0.410483870967742 0.471774193548387 0 2 0 1 
0 1460 8.2 22 0.493087557603687 0.518145161290323 4.28637268729841 1 0 -1 
1 1470 6.2 23 0.416508538899431 NaN NaN 2 1 1 
0 1470 8.2 22 0.512096774193548 0.533266129032258 13.0515070135607 1 -1 -1 
1 1480 6.2 23 0.354838709677419 0.129032258064516 0 2 1 1 
0 1480 8.2 22 0.426470588235294 0.44758064516129 29.9163065071428 1 -1 -1 
1 1490 6.2 23 0.294354838709677 0.183467741935484 10.5 2 1 1 
0 1490 8.2 22 0.52898185483871 0.479032258064516 9.78327687146589 1 -1 -1 
1 1500 6.2 23 0.455069124423963 0.326612903225806 13.0096118312577 2 0 1 
0 1500 8.2 23 0.491223908918406 0.518548387096774 7.27817251120269 1 0 -1 
1 1510 6.2 23 0.382444168734491 0.346774193548387 3.90512483795333 2 0 1 
0 1510 8.2 23 0.401075268817204 0.526612903225806 20.6064990456993 1 0 -1 
1 1520 6.2 23 0.341845878136201 0.224462365591398 6.5978789096755 2 0 1 
0 1520 8.2 23 0.524769585253456 0.594758064516129 22.0413207399749 1 0 -1 
1 1530 6.2 23 0.504256272401434 0.189516129032258 8.8315537219861 2 0 1 
0 1530 8.2 23 0.469758064516129 0.540322580645161 25.1055216107799 1 0 -1 
1 1540 6.2 23 0.414956011730205 0.252688172043011 4.895582392884 2 0 1 
0 1540 8.2 23 0.383995037220844 0.587096774193548 35.3082132447634 1 0 -1 
1 1550 6.2 23 0.395161290322581 0.252688172043011 5.85226384458531 1 0 0 
0 1550 8.2 23 0.537220843672457 0.62741935483871 25.7759988880606 1 0 0 
1 1560 6.2 23 0.405707196029777 0.265456989247312 9.21985287612497 1 0 0 
0 1560 8.2 23 0.473886328725038 0.656451612903226 18.6617389461826 1 0 0 
1 1570 6.2 23 0.433467741935484 0.387768817204301 20.1101758297694 1 0 0 
0 1570 8.2 23 0.434535104364326 0.412096774193548 52.5546428358614 1 0 0 
1 1580 6.2 23 0.436021505376344 0.411866359447005 20.5060627779949 1 0 0 
0 1580 8.2 23 0.432661290322581 0.430443548387097 17.2703369693981 1 0 0 
1 1590 6.2 23 0.443817204301075 0.515552995391705 21.3004457312646 1 0 0 
0 1590 8.2 23 0.394794721407625 0.438172043010753 5.98891052243431 1 0 0 
1 1600 6.2 23 0.409392789373814 0.605990783410138 24.2814699711059 1 0 0 
0 1600 8.2 23 0.380376344086022 0.348118279569893 2.71445897815333 1 0 0 
1 1610 6.2 23 0.459101382488479 0.629032258064516 30.5280426599557 1 0 0 
0 1610 8.2 23 0.439516129032258 0.228494623655914 7.5613283174154 1 0 0 
1 1620 6.2 23 0.547456575682382 0.61760752688172 32.0711255059906 1 0 0 
0 1620 8.2 23 0.36950146627566 0.21505376344086 9.04570500417421 1 0 0 
1 1630 6.2 24 0.422883064516129 0.662634408602151 25.3603213235418 1 1 0 
0 1630 8.2 23 0.393649193548387 NaN NaN 1 -1 0 
1 1640 6.2 24 0.4375 0.716935483870968 13.0429255558141 1 1 0 
0 1640 8.2 23 0.426159274193548 0.108870967741935 0 1 -1 0 
1 1650 6.2 24 0.503360215053763 0.794354838709677 3.80560857949196 1 1 0 
0 1650 8.2 23 0.31278801843318 NaN NaN 1 -1 0 
