1 30 8 1 NaN 0.1904296875 2.87334841228887 3 0 0 
0 30 7.2 1 NaN 0.23046875 11.3805440165577 3 0 0 
1 40 8 1 NaN 0.19921875 8.84196695616836 3 0 0 
0 40 7.2 1 NaN 0.25234375 14.5667120745277 3 0 0 
1 50 8 1 0.36328125 0.2765625 27.351389881297 3 0 0 
0 50 7.2 1 0.39453125 0.2859375 25.9217400669016 3 0 0 
1 60 8 1 0.368489583333333 0.39375 48.4257172387748 3 0 0 
0 60 7.2 1 0.401884191176471 0.42890625 39.5895323103822 3 0 0 
1 70 8 1 0.392671130952381 0.44453125 46.1530074183054 3 0 0 
0 70 7.2 1 0.402126736111111 0.50078125 55.3563799311446 3 0 0 
1 80 8 1 0.454985119047619 0.46640625 43.2189691899946 3 0 0 
0 80 7.2 1 0.464471726190476 0.5109375 55.3985016298744 3 0 0 
1 90 8 1 0.40625 0.46171875 41.582668568508 3 0 0 
0 90 7.2 1 0.436079545454545 0.48984375 53.4857407630921 3 0 0 
1 100 8 1 0.4025 0.465625 43.4817378211346 3 0 0 
0 100 7.2 1 0.427827380952381 0.48828125 52.4772173789221 3 0 0 
1 110 8 2 0.457540760869565 0.47734375 53.6742024240638 3 0 0 
0 110 7.2 2 0.4677734375 0.48046875 57.2949035443659 3 0 0 
1 120 8 2 0.394981971153846 0.4873046875 48.8685802141444 3 0 0 
0 120 7.2 2 0.441200657894737 0.49140625 55.4834645695397 3 0 0 
1 130 8 2 0.380859375 0.4541015625 48.8909166769336 3 0 0 
0 130 7.2 2 0.431315104166667 0.49375 53.7800347876593 3 0 0 
1 140 8 3 0.4466796875 0.42734375 52.767971040407 3 0 0 
0 140 7.2 3 0.470238095238095 0.4890625 54.9212227453555 3 0 0 
1 150 8 3 0.397739955357143 0.45 53.0750227268418 3 0 0 
0 150 7.2 3 0.457632211538462 0.50859375 53.9447192469319 3 0 0 
1 160 8 3 0.380859375 0.4546875 54.2252834121029 3 -1 0 
0 160 7.2 4 0.43265625 0.48046875 49.3668611102968 3 1 0 
1 170 8 4 0.456414473684211 0.45703125 52.9169909269053 3 0 0 
0 170 7.2 4 0.485119047619048 0.4814453125 47.78298871209 3 0 0 
1 180 8 4 0.387586805555556 0.39140625 54.6718127533139 3 0 0 
0 180 7.2 4 0.454427083333333 0.440625 55.331258001923 3 0 0 
1 190 8 4 0.3701171875 0.43125 50.1936015611221 3 0 0 
0 190 7.2 4 0.42984375 0.44296875 51.1621328054117 3 0 0 
1 200 8 5 0.441964285714286 0.45625 50.691350755467 3 0 0 
0 200 7.2 5 0.488991477272727 0.45703125 49.0016048560807 3 0 0 
1 210 8 5 0.422449448529412 0.4703125 43.6274569208923 3 0 0 
0 210 7.2 5 0.437065972222222 0.49296875 48.9622040645031 3 0 0 
1 220 8 5 0.395040760869565 0.46640625 36.5715814637655 3 0 0 
0 220 7.2 5 0.427309782608696 0.431640625 58.7298715496965 3 0 0 
1 230 8 6 0.450706845238095 0.45703125 7.95117125279026 3 0 0 
0 230 7.2 6 0.461447010869565 0.4814453125 40.6528283875497 3 0 0 
1 240 8 6 0.390811011904762 0.4833984375 18.8777167110102 3 0 0 
0 240 7.2 6 0.443181818181818 0.4169921875 38.5550097998219 3 0 0 
1 250 8 6 0.395419034090909 0.4046875 32.8332160325091 3 0 0 
0 250 7.2 6 0.433159722222222 0.439453125 26.927475399901 3 0 0 
1 260 8 6 0.443274456521739 0.36953125 30.5301259068063 3 0 0 
0 260 7.2 6 0.477430555555556 0.39296875 31.310198371116 3 0 0 
1 270 8 6 0.390335648148148 0.428125 26.9486808970439 3 0 0 
0 270 7.2 6 0.448660714285714 0.46171875 38.365369771219 3 0 0 
1 280 8 7 0.407552083333333 0.4625 25.5672894063928 3 1 0 
0 280 7.2 6 0.456280048076923 0.4716796875 52.0445417298299 3 -1 0 
1 290 8 7 0.461616847826087 0.4703125 15.6722694256207 3 0 0 
0 290 7.2 7 0.470805921052632 0.5244140625 62.5023781375318 3 0 0 
1 300 8 7 0.373497596153846 0.53046875 14.2616120830685 3 0 0 
0 300 7.2 7 0.457201086956522 0.45546875 68.9741253574767 3 0 0 
1 310 8 7 0.3701171875 0.5375 4.1030281008615 3 0 0 
0 310 7.2 7 0.4130859375 0.4599609375 56.3596548345523 3 0 0 
1 320 8 7 0.418125 0.53203125 10.4870382726909 3 0 0 
0 320 7.2 7 0.474008413461538 0.4814453125 29.3125500595535 3 0 0 
1 330 8 7 0.396701388888889 0.49453125 22.7632229046005 3 0 0 
0 330 7.2 7 0.46780303030303 0.4015625 36.8062983649141 3 0 0 
1 340 8 8 0.431385869565217 0.47734375 20.7481547705059 3 1 0 
0 340 7.2 7 0.448640046296296 0.454427083333333 21.5452976252985 3 -1 0 
1 350 8 8 0.43125 0.4765625 16.0869396662316 3 1 0 
0 350 7.2 7 0.449898097826087 0.421875 20.1556443707464 3 -1 0 
1 360 8 9 0.431842672413793 0.52421875 12.2946691991517 3 2 0 
0 360 7.2 7 0.424932065217391 0.2822265625 40.9516101497867 3 -2 0 
1 370 8 9 0.430220170454545 0.5484375 18.484051461174 3 1 0 
0 370 7.2 8 0.422080592105263 0.3046875 29.048403578883 3 -1 0 
1 380 8 9 0.45546875 0.5078125 18.2874766500358 3 1 0 
0 380 7.2 8 0.447916666666667 0.40703125 28.6906359665268 3 -1 0 
1 390 8 9 0.398231907894737 0.41953125 17.6513365149032 3 1 0 
0 390 7.2 8 0.44453125 0.4609375 24.3546259786654 3 -1 0 
1 400 8 9 0.4140625 0.40546875 17.2122265223157 3 1 0 
0 400 7.2 8 0.416145833333333 0.49375 21.0591256402277 3 -1 0 
1 410 8 9 0.431477864583333 0.40859375 33.7508512190756 3 1 0 
0 410 7.2 8 0.414388020833333 0.4921875 26.1948650176306 3 -1 0 
1 420 8 10 0.453634510869565 0.5 41.4488846029373 3 1 0 
0 420 7.2 9 0.395596590909091 0.4828125 20.8558843109037 3 -1 0 
1 430 8 10 0.472404233870968 0.51796875 45.2091848673675 3 1 0 
0 430 7.2 9 0.39404296875 0.505208333333333 24.0687092427923 3 -1 0 
1 440 8 11 0.482421875 0.5439453125 49.9377788292439 3 2 0 
0 440 7.2 9 0.39140625 0.453125 31.9252185225499 3 -2 0 
1 450 8 11 0.499289772727273 0.552734375 48.5578171166134 3 2 0 
0 450 7.2 9 0.392755681818182 0.3486328125 35.0959274942203 3 -2 0 
1 460 8 11 0.515836148648649 0.560546875 45.9131540581132 3 1 0 
0 460 7.2 10 0.390625 0.3390625 35.4091380183737 3 -1 0 
1 470 8 11 0.532421875 0.37734375 46.6481071417582 3 1 0 
0 470 7.2 10 0.392578125 0.36015625 32.9770725002905 3 -1 0 
1 480 8 11 0.451171875 0.3640625 28.3234219216012 3 1 0 
0 480 7.2 10 0.391927083333333 0.37578125 31.9495199471984 3 -1 0 
1 490 8 11 0.426382211538462 0.37734375 24.3176289242553 3 1 0 
0 490 7.2 10 0.397058823529412 0.440625 29.1549400109453 3 -1 0 
1 500 8 11 0.463831018518519 0.33984375 13.9137123883382 3 0 0 
0 500 7.2 11 0.450721153846154 0.46171875 31.5105888611156 3 0 0 
1 510 8 12 0.452039930555556 0.38203125 19.4345444712276 3 1 0 
0 510 7.2 11 0.436748798076923 0.42734375 30.0622367929919 3 -1 0 
1 520 8 12 0.432779947916667 0.43671875 31.1723092158986 3 1 0 
0 520 7.2 11 0.430803571428571 0.41796875 19.5104566909351 3 -1 0 
1 530 8 12 0.4423828125 0.52578125 31.015922534709 3 1 0 
0 530 7.2 11 0.457720588235294 0.45703125 23.4637966737718 3 -1 0 
1 540 8 12 0.464983258928571 0.49765625 29.3449723974084 3 1 0 
0 540 7.2 11 0.453125 0.481770833333333 24.2000845989648 3 -1 0 
1 550 8 12 0.419211647727273 0.4671875 22.9647969445229 3 1 0 
0 550 7.2 11 0.432154605263158 0.3984375 47.4078386659318 3 -1 0 
1 560 8 13 0.456430288461538 0.4453125 13.8060302492761 3 2 0 
0 560 7.2 11 0.4334375 0.3427734375 42.6245557734641 3 -2 0 
1 570 8 13 0.475 0.46640625 27.9372262833396 3 2 0 
0 570 7.2 11 0.429154829545455 0.35546875 33.154416053843 3 -2 0 
1 580 8 13 0.447443181818182 0.4859375 19.2503082897133 3 1 0 
0 580 7.2 12 0.407552083333333 0.393229166666667 24.616526099324 3 -1 0 
1 590 8 13 0.4575 0.5328125 8.34156869498115 3 1 0 
0 590 7.2 12 0.392857142857143 0.2921875 34.1221677938833 3 -1 0 
1 600 8 14 0.436197916666667 0.584375 5.86269914281309 3 2 0 
0 600 7.2 12 0.454752604166667 0.263020833333333 21.0115909699566 3 -2 0 
1 610 8 14 0.457880434782609 0.5828125 3.29605166219256 3 2 0 
0 610 7.2 12 0.3720703125 0.359375 0 3 -2 0 
1 620 8 14 0.512369791666667 0.6109375 5.48515377414363 3 2 0 
0 620 7.2 12 0.353515625 0.31640625 0 3 -2 0 
1 630 8 14 0.47900390625 0.5140625 15.9799329127901 3 2 0 
0 630 7.2 12 0.430013020833333 0.271484375 23.9269722280108 3 -2 0 
1 640 8 14 0.457845052083333 0.4359375 6.1101579710476 3 2 0 
0 640 7.2 12 0.411994485294118 0.248046875 25.974798790216 3 -2 0 
1 650 8 15 0.4440625 0.41015625 8.20135457965847 3 3 0 
0 650 7.2 12 0.419642857142857 0.29765625 24.3149569057421 3 -3 0 
1 660 8 15 0.442887931034483 0.4125 7.89203415902209 3 3 0 
0 660 7.2 12 0.471905048076923 0.39375 47.9697788023537 3 -3 0 
1 670 8 15 0.450032552083333 0.44921875 9.32613028166834 3 2 0 
0 670 7.2 13 0.430027173913043 0.4078125 44.3532332547977 3 -2 0 
1 680 8 15 0.511541193181818 0.4984375 20.1524043742896 3 2 0 
0 680 7.2 13 0.422762784090909 0.412109375 22.2921036404048 3 -2 0 
1 690 8 16 0.455679086538462 0.59140625 28.1466388201323 3 3 0 
0 690 7.2 13 0.455842391304348 0.40625 13.9477272605155 3 -3 0 
1 700 8 16 0.462419181034483 0.6484375 31.0661686332884 3 3 0 
0 700 7.2 13 0.4677734375 0.350260416666667 30.4688673941828 3 -3 0 
1 710 8 16 0.521686422413793 0.6859375 28.8101410953458 3 3 0 
0 710 7.2 13 0.4609375 0.313802083333333 32.7062280208095 3 -3 0 
1 720 8 16 0.498842592592593 0.7783203125 7.00772709824171 3 3 0 
0 720 7.2 13 0.447916666666667 0.30078125 41.2462119472807 3 -3 0 
1 730 8 16 0.419140625 0.798177083333333 5.37922729167807 3 2 0 
0 730 7.2 14 0.447265625 0.404296875 12.8549601321824 3 -2 0 
1 740 8 17 0.470005580357143 0.79296875 5.51269056714944 3 3 1 
0 740 7.2 14 0.477463942307692 0.259765625 9.65660395791398 2 -3 -1 
1 750 8 17 0.457589285714286 0.697916666666667 8.39389892601087 3 3 1 
0 750 7.2 14 0.380756578947368 0.200520833333333 15.9792633118475 2 -3 -1 
1 760 8 17 0.453450520833333 0.497395833333333 22.1571358790616 3 3 1 
0 760 7.2 14 0.4056640625 0.2412109375 18.0133264558509 2 -3 -1 
1 770 8 17 0.45384837962963 0.34765625 36.5746356867328 3 3 1 
0 770 7.2 14 0.43266369047619 0.2953125 25.6250316487478 2 -3 -1 
1 780 8 17 0.478860294117647 0.3359375 23.7707778926702 3 3 1 
0 780 7.2 14 0.413411458333333 0.34453125 28.5440591195369 2 -3 -1 
1 790 8 17 0.481169871794872 0.3734375 24.6797791972396 3 2 1 
0 790 7.2 15 0.407858455882353 0.44609375 19.2744421959864 2 -2 -1 
1 800 8 17 0.500254755434783 0.33046875 14.4635991037281 3 2 1 
0 800 7.2 15 0.4228515625 0.46796875 28.6732315683984 2 -2 -1 
1 810 8 17 0.532852564102564 0.4109375 10.0864705728022 3 2 1 
0 810 7.2 15 0.4 0.42890625 21.6202581754534 2 -2 -1 
1 820 8 17 0.51552734375 0.53828125 8.39356052915664 3 2 1 
0 820 7.2 15 0.405348557692308 0.3859375 14.0158326607703 2 -2 -1 
1 830 8 17 0.537760416666667 0.55625 17.7564582442267 3 1 1 
0 830 7.2 16 0.419921875 0.346875 28.7132448598387 2 -1 -1 
1 840 8 17 0.478443287037037 0.52421875 17.4070641397433 3 1 1 
0 840 7.2 16 0.398046875 0.3798828125 30.1961572525341 2 -1 -1 
1 850 8 18 0.458072916666667 0.53359375 13.1461653886355 3 2 1 
0 850 7.2 16 0.410993303571429 0.32421875 0 2 -2 -1 
1 860 8 18 0.480803571428571 0.57109375 10.1410868421779 3 2 1 
0 860 7.2 16 0.422154017857143 0.33984375 0 2 -2 -1 
1 870 8 18 0.475680443548387 0.65 8.32667575997517 3 2 1 
0 870 7.2 16 0.3212890625 0.30078125 0 2 -2 -1 
1 880 8 18 0.48193359375 0.67421875 3.58209398155073 3 2 1 
0 880 7.2 16 0.390625 0.20703125 0 2 -2 -1 
1 890 8 18 0.545200892857143 0.68203125 7.24113497774473 3 2 1 
0 890 7.2 16 0.390625 0.184895833333333 4.64670014125345 2 -2 -1 
1 900 8 19 0.542111280487805 0.56015625 11.3314658376506 3 3 1 
0 900 7.2 16 0.301983173076923 0.24296875 19.1825786423033 2 -3 -1 
1 910 8 19 0.5623779296875 0.4140625 31.2289460310277 3 3 1 
0 910 7.2 16 0.408203125 0.29140625 15.6286603796089 2 -3 -1 
1 920 8 19 0.601289970930233 0.41328125 24.6163362159531 3 3 1 
0 920 7.2 16 0.408203125 0.3453125 8.12781758687956 2 -3 -1 
1 930 8 19 0.572115384615385 0.54140625 20.6502080515696 3 3 1 
0 930 7.2 16 0.287109375 0.33515625 15.8282951172221 2 -3 -1 
1 940 8 19 0.536503232758621 0.6259765625 12.4738759173175 3 2 1 
0 940 7.2 17 0.296875 0.33984375 8.56651732839383 2 -2 -1 
1 950 8 19 0.570542279411765 0.610677083333333 5.23502482109596 3 2 1 
0 950 7.2 17 0.296875 0.37890625 3.60555127546399 2 -2 -1 
1 960 8 20 0.562639508928571 0.666666666666667 5.58794159822346 3 3 1 
0 960 7.2 17 NaN 0.27734375 0 2 -3 -1 
1 970 8 20 0.527199074074074 0.662760416666667 8.0172449743395 3 3 1 
0 970 7.2 17 0.28515625 0.26171875 0 2 -3 -1 
1 980 8 20 0.569556451612903 0.725260416666667 5.44310947381637 3 3 2 
0 980 7.2 17 0.295572916666667 0.19921875 0 1 -3 -2 
1 990 8 20 0.522894965277778 0.67578125 3.72322324280124 3 3 2 
0 990 7.2 17 0.268973214285714 0.208984375 14.4308696896618 1 -3 -2 
1 1000 8 20 0.518110795454545 0.544270833333333 7.12611447226988 3 2 2 
0 1000 7.2 18 0.296875 0.19140625 13.5597776273446 1 -2 -2 
1 1010 8 20 0.605691964285714 0.35546875 32.4136546726831 3 2 2 
0 1010 7.2 18 0.296875 0.26171875 15.0813945226207 1 -2 -2 
1 1020 8 20 0.568467881944444 0.4267578125 28.0717174913269 3 2 2 
0 1020 7.2 18 0.302978515625 0.33203125 10.4905041337182 1 -2 -2 
1 1030 8 20 0.501386088709677 0.50859375 25.5993460700371 3 2 2 
0 1030 7.2 18 0.399639423076923 0.41953125 8.87484579089095 1 -2 -2 
1 1040 8 20 0.488525390625 0.55625 8.16259524567729 3 2 2 
0 1040 7.2 18 0.399639423076923 0.3984375 0 1 -2 -2 
1 1050 8 20 0.568359375 0.56796875 5.66032203166375 3 2 2 
0 1050 7.2 18 0.415283203125 0.375 0 1 -2 -2 
1 1060 8 20 0.533854166666667 0.61484375 6.31862868765621 3 2 2 
0 1060 7.2 18 0.4296875 0.3125 0 1 -2 -2 
1 1070 8 21 0.536389802631579 0.716796875 5.02875978338434 3 3 3 
0 1070 7.2 18 0.402698863636364 NaN NaN 0 -3 -3 
1 1080 8 21 0.634375 0.7421875 5.50167306842084 3 3 3 
0 1080 7.2 18 0.421223958333333 NaN NaN 0 -3 -3 
1 1090 8 21 0.774553571428571 0.736328125 5.63248426564181 3 3 3 
0 1090 7.2 18 0.50859375 0.16015625 0 0 -3 -3 
1 1100 8 21 0.774553571428571 0.7939453125 4.61044564745128 3 3 3 
0 1100 7.2 18 0.50859375 0.16015625 0 0 -3 -3 
