1 30 4.8 1 NaN 0.136088709677419 15.3195870512117 3 0 0 
0 30 9.4 1 NaN 0.275 16.1792940806854 3 0 0 
1 40 4.8 1 NaN 0.123991935483871 8.53369721403461 3 0 0 
0 40 9.4 1 NaN 0.286290322580645 27.5984660981379 3 0 0 
1 50 4.8 1 0.370967741935484 0.231854838709677 22.5808181779123 3 0 0 
0 50 9.4 1 0.370967741935484 0.337903225806452 32.4783271993452 3 0 0 
1 60 4.8 1 0.368279569892473 0.38508064516129 34.0123178689917 3 0 0 
0 60 9.4 1 0.368279569892473 0.451612903225806 35.6986059924325 3 0 0 
1 70 4.8 1 0.380730050933786 0.467741935483871 36.4846238039561 3 0 0 
0 70 9.4 1 0.386328725038402 0.511290322580645 33.058736178468 3 0 0 
1 80 4.8 1 0.48641765704584 0.489516129032258 42.0294639803182 3 0 0 
0 80 9.4 1 0.477456011730205 0.488709677419355 28.5948927706052 3 0 0 
1 90 4.8 1 0.409339229968783 0.471774193548387 31.0274025582227 3 0 0 
0 90 9.4 1 0.411012235817575 0.507258064516129 34.7562297114032 3 0 0 
1 100 4.8 1 0.393511730205279 0.478225806451613 28.693024151897 3 0 0 
0 100 9.4 1 0.381048387096774 0.49758064516129 42.8754760321333 3 0 0 
1 110 4.8 2 0.459005376344086 0.464516129032258 29.4017852996835 3 0 0 
0 110 9.4 2 0.479838709677419 0.494354838709677 50.7392096182148 3 0 0 
1 120 4.8 2 0.392679900744417 0.466397849462366 30.7800754197662 3 0 0 
0 120 9.4 2 0.399503722084367 0.489516129032258 37.6095649691399 3 0 0 
1 130 4.8 2 0.399193548387097 0.46875 34.9817603727686 3 -1 0 
0 130 9.4 3 0.396121351766513 0.473387096774194 30.1846128577464 3 1 0 
1 140 4.8 2 0.482056451612903 0.464717741935484 35.6909255607259 3 -1 0 
0 140 9.4 3 0.491019061583578 0.520161290322581 32.5170306111194 3 1 0 
1 150 4.8 3 0.396841397849462 0.400921658986175 44.7348636810667 3 0 0 
0 150 9.4 3 0.379558204768583 0.504838709677419 31.3918015433386 3 0 0 
1 160 4.8 3 0.399025537634409 0.422715053763441 35.7727498959028 3 0 0 
0 160 9.4 3 0.380846774193548 0.512096774193548 31.2018507689967 3 0 0 
1 170 4.8 3 0.49660441426146 0.441129032258065 34.2435887564493 3 0 0 
0 170 9.4 3 0.469470046082949 0.483064516129032 27.1458203592318 3 0 0 
1 180 4.8 4 0.411290322580645 0.487903225806452 28.4296529542698 3 0 0 
0 180 9.4 4 0.388548387096774 0.461290322580645 15.1965296243581 3 0 0 
1 190 4.8 4 0.396739130434783 0.485215053763441 25.4286808133863 3 0 0 
0 190 9.4 4 0.374575551782682 0.465322580645161 12.6393321257731 3 0 0 
1 200 4.8 4 0.478287841191067 0.487231182795699 24.8905606628608 3 0 0 
0 200 9.4 4 0.475 0.473387096774194 23.4878014671116 3 0 0 
1 210 4.8 5 0.422001008064516 0.483870967741936 26.8667437492318 3 1 0 
0 210 9.4 4 0.399769585253456 0.469758064516129 29.3165247467709 3 -1 0 
1 220 4.8 5 0.411290322580645 0.493951612903226 26.7017417614625 3 0 0 
0 220 9.4 5 0.388499298737728 0.46875 13.0108076431566 3 0 0 
1 230 4.8 5 0.488709677419355 0.412903225806452 46.1535055254929 3 0 0 
0 230 9.4 5 0.483486943164362 0.375 52.0779716584867 3 0 0 
1 240 4.8 6 0.420161290322581 0.418010752688172 19.5429552966109 3 0 0 
0 240 9.4 6 0.374633431085044 0.40241935483871 27.9232521995095 3 0 0 
1 250 4.8 6 0.388929618768328 0.345430107526882 54.7453750444023 3 0 0 
0 250 9.4 6 0.386520737327189 0.45 10.4725913948027 3 0 0 
1 260 4.8 6 0.478555718475073 0.406586021505376 38.3530631380682 3 0 0 
0 260 9.4 6 0.468413978494624 0.492741935483871 10.5570660105185 3 0 0 
1 270 4.8 6 0.392834987593052 0.449596774193548 32.6930882838111 3 0 0 
0 270 9.4 6 0.3971027479092 0.512096774193548 4.15191506701687 3 0 0 
1 280 4.8 6 0.404121863799283 0.471102150537634 28.3120388904027 3 0 0 
0 280 9.4 6 0.405329593267882 0.481451612903226 9.62613735086177 3 0 0 
1 290 4.8 7 0.468637992831541 0.424539170506912 37.697663821714 3 1 0 
0 290 9.4 6 0.490469208211144 0.487903225806452 16.0025792008488 3 -1 0 
1 300 4.8 7 0.448028673835125 0.408870967741935 23.3813372656546 3 0 0 
0 300 9.4 7 0.375549853372434 0.498387096774194 14.5496326530967 3 0 0 
1 310 4.8 7 0.408770161290323 0.414650537634409 34.9563317638486 3 0 0 
0 310 9.4 7 0.367996604414261 0.483064516129032 26.6818038526445 3 0 0 
1 320 4.8 7 0.455645161290323 0.434811827956989 32.667803068543 3 0 0 
0 320 9.4 7 0.475230414746544 0.490322580645161 36.1205297899355 3 0 0 
1 330 4.8 7 0.412390029325513 0.451612903225806 33.4876094617317 3 0 0 
0 330 9.4 7 0.405172413793103 0.484677419354839 37.1666933049912 3 0 0 
1 340 4.8 7 0.38141495601173 0.443548387096774 15.1966057005573 3 0 0 
0 340 9.4 7 0.400537634408602 0.50241935483871 23.1677060501012 3 0 0 
1 350 4.8 8 0.440982404692082 0.448924731182796 24.7926665225943 3 1 0 
0 350 9.4 7 0.46712158808933 0.520161290322581 25.9124652550106 3 -1 0 
1 360 4.8 8 0.409739454094293 0.448252688172043 32.6122604467108 3 0 0 
0 360 9.4 8 0.38867461430575 0.462096774193548 30.3510420567045 3 0 0 
1 370 4.8 8 0.375604838709677 0.44758064516129 36.4589212922901 3 0 0 
0 370 9.4 8 0.408225806451613 0.479838709677419 27.3440244314767 3 0 0 
1 380 4.8 8 0.488327674023769 0.500806451612903 39.8116055984971 3 0 0 
0 380 9.4 8 0.475302419354839 0.47741935483871 25.4325795228408 3 0 0 
1 390 4.8 8 0.413738479262673 0.46875 25.9369785938707 3 -1 0 
0 390 9.4 9 0.41633064516129 0.52258064516129 30.7520339782147 3 1 0 
1 400 4.8 9 0.368145161290323 0.443548387096774 27.27462999688 3 0 0 
0 400 9.4 9 0.414650537634409 0.50241935483871 26.4049211507998 3 0 0 
1 410 4.8 9 0.450119474313023 0.396774193548387 42.670624801753 3 0 0 
0 410 9.4 9 0.454599761051374 0.475 20.8965029113762 3 0 0 
1 420 4.8 9 0.380434782608696 0.398185483870968 35.4544879044814 3 0 0 
0 420 9.4 9 0.379908835904628 0.491129032258064 18.319993910413 3 0 0 
1 430 4.8 9 0.411465638148668 0.409274193548387 19.3179815706544 3 -1 0 
0 430 9.4 10 0.406137992831541 0.466129032258065 24.1565299947361 3 1 0 
1 440 4.8 9 0.476030465949821 0.385483870967742 23.8659913920675 3 -1 0 
0 440 9.4 10 0.496179966044143 0.495967741935484 8.43985122310624 3 1 0 
1 450 4.8 10 0.423387096774194 0.425403225806452 28.2809915083995 3 0 0 
0 450 9.4 10 0.368279569892473 0.492741935483871 5.64057810894537 3 0 0 
1 460 4.8 10 0.41676267281106 0.461405529953917 24.4373558971376 3 0 0 
0 460 9.4 10 0.368145161290323 0.513104838709677 6.71650742724426 3 0 0 
1 470 4.8 11 0.500636672325976 0.476478494623656 27.6342373053621 3 1 0 
0 470 9.4 10 0.46584440227704 0.538978494623656 3.15913498453831 3 -1 0 
1 480 4.8 11 0.470918866080156 0.493548387096774 31.1881411995846 3 1 0 
0 480 9.4 10 0.368121442125237 0.493951612903226 2.69258240356725 3 -1 0 
1 490 4.8 11 0.397910557184751 0.470046082949309 37.3496807857449 3 1 0 
0 490 9.4 10 0.368279569892473 0.318548387096774 45.6025287560116 3 -1 0 
1 500 4.8 11 0.514112903225806 0.491935483870968 32.0789180247911 3 1 0 
0 500 9.4 10 0.443100358422939 0.283266129032258 26.0159404041826 3 -1 0 
1 510 4.8 11 0.454933586337761 0.491263440860215 31.7165410467113 3 1 0 
0 510 9.4 10 0.373079877112135 0.358064516129032 23.3538246866683 3 -1 0 
1 520 4.8 12 0.425558312655087 0.523617511520737 36.3817863573014 3 1 0 
0 520 9.4 11 0.37316715542522 0.485483870967742 9.96358936044746 3 -1 0 
1 530 4.8 12 0.53939205955335 0.525921658986175 35.4090819174327 3 1 0 
0 530 9.4 11 0.423387096774194 0.483870967741936 10.626379840646 3 -1 0 
1 540 4.8 12 0.460327783558793 0.532258064516129 37.8955771898435 3 1 0 
0 540 9.4 11 0.377805049088359 0.469758064516129 12.1820089139152 3 -1 0 
1 550 4.8 12 0.421370967741936 0.564516129032258 25.7579378507816 3 1 0 
0 550 9.4 11 0.381641366223909 0.408266129032258 36.8614882651983 3 -1 0 
1 560 4.8 12 0.51258064516129 0.540994623655914 27.3618613335169 3 1 0 
0 560 9.4 11 0.451612903225806 0.452620967741936 39.3750534524145 3 -1 0 
1 570 4.8 13 0.465725806451613 0.595967741935484 21.3545268303746 3 2 0 
0 570 9.4 11 0.405745967741936 0.324193548387097 25.2252587471892 3 -2 0 
1 580 4.8 13 0.402329749103943 0.596102150537634 26.7662197331749 3 2 0 
0 580 9.4 11 0.40365025466893 0.317741935483871 24.154689641943 3 -2 0 
1 590 4.8 13 0.515973945409429 0.622983870967742 31.1963824956021 3 1 0 
0 590 9.4 12 0.493421052631579 0.289314516129032 9.69038432763682 3 -1 0 
1 600 4.8 13 0.455299539170507 0.570564516129032 35.1851780488709 3 1 0 
0 600 9.4 12 0.426129032258065 0.33366935483871 3.61384120666274 3 -1 0 
1 610 4.8 14 0.443884408602151 0.53125 24.8536560064007 3 2 0 
0 610 9.4 12 0.396505376344086 0.381048387096774 5.63936159489515 3 -2 0 
1 620 4.8 14 0.49175219941349 0.441532258064516 29.0445761268523 3 2 0 
0 620 9.4 12 0.437365591397849 0.240322580645161 38.3634427359876 3 -2 0 
1 630 4.8 14 0.41491935483871 0.418682795698925 45.2835503822293 3 2 0 
0 630 9.4 12 0.384475806451613 0.32258064516129 28.6100060149711 3 -2 0 
1 640 4.8 14 0.427052785923754 0.436155913978495 44.2376197637915 3 2 0 
0 640 9.4 12 0.388272849462366 0.387096774193548 27.6563719921705 3 -2 0 
1 650 4.8 14 0.474100496277916 0.480510752688172 44.2433580900974 3 1 0 
0 650 9.4 13 0.420757363253857 0.44758064516129 33.0296216159215 3 -1 0 
1 660 4.8 14 0.389112903225806 0.461405529953917 36.6237662212558 3 1 0 
0 660 9.4 13 0.418734491315136 0.479838709677419 35.0786787635295 3 -1 0 
1 670 4.8 15 0.424614305750351 0.48252688172043 40.2806276680995 3 2 0 
0 670 9.4 13 0.375711574952562 0.420161290322581 41.256124873185 3 -2 0 
1 680 4.8 15 0.476332398316971 0.520161290322581 28.8591121829494 3 2 0 
0 680 9.4 13 0.429939516129032 0.426411290322581 24.0804824667158 3 -2 0 
1 690 4.8 15 0.401451612903226 0.535483870967742 12.5960953493773 3 2 0 
0 690 9.4 13 0.419066820276498 0.455645161290323 20.1751848242854 3 -2 0 
1 700 4.8 15 0.393145161290323 0.575268817204301 16.8738675296478 3 2 0 
0 700 9.4 13 0.400921658986175 0.262096774193548 19.4179451968597 3 -2 0 
1 710 4.8 16 0.479502688172043 0.570564516129032 16.1678700473056 3 3 0 
0 710 9.4 13 0.470076400679117 0.319556451612903 18.4576966565146 3 -3 0 
1 720 4.8 16 0.431711758584807 0.56989247311828 14.9508783627833 3 3 0 
0 720 9.4 13 0.40284178187404 0.371975806451613 23.3505731037951 3 -3 0 
1 730 4.8 16 0.452388337468983 0.511520737327189 25.326032344017 3 3 0 
0 730 9.4 13 0.385447214076246 0.345161290322581 10.8247387752244 3 -3 0 
1 740 4.8 16 0.526528013582343 0.486175115207373 24.0691202312924 3 3 0 
0 740 9.4 13 0.430831265508685 0.42258064516129 18.0973137680346 3 -3 0 
1 750 4.8 16 0.477764976958525 0.519354838709677 18.5080048794735 3 2 0 
0 750 9.4 14 0.383333333333333 0.42741935483871 18.7882942280559 3 -2 0 
1 760 4.8 16 0.428387096774194 0.519489247311828 31.1789851216142 3 2 0 
0 760 9.4 14 0.36463133640553 0.471774193548387 0 3 -2 0 
1 770 4.8 17 0.55241935483871 0.544354838709677 30.9689180951608 3 3 0 
0 770 9.4 14 0.412531017369727 0.375 0 3 -3 0 
1 780 4.8 17 0.502318548387097 0.584005376344086 34.8259926231288 3 3 0 
0 780 9.4 14 0.337365591397849 0.19758064516129 27.608875384557 3 -3 0 
1 790 4.8 17 0.496236559139785 0.600806451612903 36.9338734728266 3 3 0 
0 790 9.4 14 0.362903225806452 0.200268817204301 26.4176508235219 3 -3 0 
1 800 4.8 17 0.615483870967742 0.499423963133641 54.148261616012 3 3 0 
0 800 9.4 14 0.424059139784946 0.219354838709677 28.4292416168228 3 -3 0 
1 810 4.8 17 0.490191804707934 0.578917050691244 41.7297744649399 3 2 0 
0 810 9.4 15 0.357142857142857 0.279032258064516 39.486915880492 3 -2 0 
1 820 4.8 17 0.469534050179211 0.665322580645161 40.9057669216169 3 2 0 
0 820 9.4 15 0.416129032258064 0.287903225806452 38.2992030754085 3 -2 0 
1 830 4.8 18 0.623387096774194 0.680443548387097 40.6773036249817 3 3 0 
0 830 9.4 15 0.447311827956989 0.245161290322581 34.5864565387179 3 -3 0 
1 840 4.8 18 0.485444531864674 0.755376344086022 30.9214090813647 3 3 0 
0 840 9.4 15 0.381048387096774 0.150201612903226 9.9041075849685 3 -3 0 
1 850 4.8 18 0.484916367980884 0.715725806451613 36.3248297192516 3 3 1 
0 850 9.4 15 0.370967741935484 0.137096774193548 7.0253533276818 2 -3 -1 
1 860 4.8 18 0.621774193548387 0.714381720430108 34.8549388347066 3 3 1 
0 860 9.4 15 0.44668458781362 0.14616935483871 7.07560461932402 2 -3 -1 
1 870 4.8 19 0.45457779886148 0.663018433179723 56.9905340920482 3 4 1 
0 870 9.4 15 0.329749103942652 0.138104838709677 5.54960375300541 2 -4 -1 
1 880 4.8 19 0.449516129032258 0.643145161290323 43.2844448500796 3 4 1 
0 880 9.4 15 0.399430740037951 0.152217741935484 11.86152441551 2 -4 -1 
1 890 4.8 19 0.578881048387097 0.566820276497696 33.5724305429227 3 4 1 
0 890 9.4 15 0.43477229601518 0.263709677419355 23.0344960437916 2 -4 -1 
1 900 4.8 19 0.499078341013825 0.556451612903226 25.0653687710368 3 3 1 
0 900 9.4 16 0.346370967741935 0.325 30.1584203035317 2 -3 -1 
1 910 4.8 19 0.409537166900421 0.545698924731183 21.0751914682841 3 3 1 
0 910 9.4 16 0.382215619694397 0.355645161290323 28.7779869238246 2 -3 -1 
1 920 4.8 19 0.448185483870968 0.495295698924731 29.8819557957295 3 3 1 
0 920 9.4 16 0.421264855687606 0.375806451612903 17.3416721510013 2 -3 -1 
1 930 4.8 19 0.437618595825427 0.464516129032258 42.8787361808827 3 3 1 
0 930 9.4 16 0.371975806451613 0.45 4.01050216702165 2 -3 -1 
1 940 4.8 19 0.425403225806452 0.485483870967742 31.5126081133812 3 2 1 
0 940 9.4 17 0.414898132427844 0.479032258064516 8.14604820602931 2 -2 -1 
1 950 4.8 20 0.54176267281106 0.463709677419355 37.7880536638272 3 3 1 
0 950 9.4 17 0.474798387096774 0.511290322580645 4.57250249769759 2 -3 -1 
1 960 4.8 20 0.462449596774194 0.47244623655914 30.1842628265711 3 3 1 
0 960 9.4 17 0.408064516129032 0.517741935483871 9.87375161158009 2 -3 -1 
1 970 4.8 20 0.477318548387097 0.52741935483871 23.1663540431277 3 3 1 
0 970 9.4 17 0.366625310173697 0.535483870967742 3.73615860765354 2 -3 -1 
1 980 4.8 20 0.566013824884793 0.573924731182796 1.30807767052726 3 2 1 
0 980 9.4 18 0.470046082949309 0.545967741935484 8.24684904843364 2 -2 -1 
1 990 4.8 20 0.511232718894009 0.539314516129032 55.6896578416033 3 2 1 
0 990 9.4 18 0.394924098671727 0.504032258064516 5.87639194337999 2 -2 -1 
1 1000 4.8 20 0.53580156402737 0.647177419354839 50.9947890230915 3 2 1 
0 1000 9.4 18 0.352534562211982 0.442741935483871 23.6194468593737 2 -2 -1 
1 1010 4.8 20 0.624511241446725 0.709677419354839 32.8609427426866 3 2 1 
0 1010 9.4 18 0.379480286738351 0.476814516129032 12.5453839092686 2 -2 -1 
1 1020 4.8 20 0.512798036465638 0.751344086021505 16.2100463573455 3 2 1 
0 1020 9.4 18 0.300403225806452 0.354838709677419 19.198988149126 2 -2 -1 
1 1030 4.8 20 0.495564516129032 0.717741935483871 0 3 1 1 
0 1030 9.4 19 0.370967741935484 0.220766129032258 28.3556353419455 2 -1 -1 
1 1040 4.8 20 0.608702956989247 0.224798387096774 44.1388009526089 3 1 1 
0 1040 9.4 19 0.374495967741936 0.241935483870968 28.0305900165193 2 -1 -1 
1 1050 4.8 20 0.48985826001955 0.235887096774194 19.4315962598527 3 1 1 
0 1050 9.4 19 0.326796187683284 0.288306451612903 27.1952846500801 2 -1 -1 
1 1060 4.8 20 0.478662634408602 0.358870967741936 8.84815421152329 3 1 1 
0 1060 9.4 19 0.439940577249576 0.278225806451613 40.8983238946076 2 -1 -1 
1 1070 4.8 20 0.517137096774194 0.418346774193548 2.84347864342751 3 1 1 
0 1070 9.4 19 0.443336162988115 0.354032258064516 33.66501299419 2 -1 -1 
1 1080 4.8 20 0.425499231950845 0.443548387096774 9.69888382306715 3 0 1 
0 1080 9.4 20 0.393408134642356 0.454032258064516 24.09837179562 2 0 -1 
1 1090 4.8 20 0.393313172043011 0.421370967741936 5.52268050859363 3 0 1 
0 1090 9.4 20 0.368279569892473 0.536290322580645 9.96436222435958 2 0 -1 
1 1100 4.8 20 0.464669738863287 0.42741935483871 5.8309518948453 3 0 1 
0 1100 9.4 20 0.448680351906158 0.559677419354839 3.61856968421842 2 0 -1 
1 1110 4.8 20 0.420866935483871 0.455645161290323 27.4258004693007 3 0 1 
0 1110 9.4 20 0.413978494623656 0.515322580645161 5.20959842649837 2 0 -1 
1 1120 4.8 20 0.398617511520737 0.440524193548387 39.4770444015407 3 0 1 
0 1120 9.4 20 0.382258064516129 0.57741935483871 7.36368388164299 2 0 -1 
1 1130 4.8 21 0.425179211469534 0.44758064516129 38.0945144958676 3 1 1 
0 1130 9.4 20 0.468618513323983 0.562096774193548 15.5349623339469 2 -1 -1 
1 1140 4.8 21 0.477229601518027 0.524193548387097 45.6946224479527 3 1 1 
0 1140 9.4 20 0.464442815249267 0.608870967741936 9.53805325262663 2 -1 -1 
1 1150 4.8 21 0.526209677419355 0.468548387096774 40.0544165850953 3 1 1 
0 1150 9.4 20 0.423387096774194 0.587096774193548 15.2912653816168 2 -1 -1 
1 1160 4.8 21 0.621975806451613 0.25 33.675863118937 3 1 1 
0 1160 9.4 20 0.541935483870968 0.45 13.2528711059575 2 -1 -1 
1 1170 4.8 21 0.499903993855607 0.348790322580645 31.4008840025038 3 0 1 
0 1170 9.4 21 0.365806451612903 0.475 4.64388696535755 2 0 -1 
1 1180 4.8 21 0.536290322580645 0.466733870967742 31.111633536295 3 0 1 
0 1180 9.4 21 0.344292803970223 0.479838709677419 8.20021168811744 2 0 -1 
1 1190 4.8 21 0.624349635796046 0.473790322580645 32.4450991608054 3 0 1 
0 1190 9.4 21 0.321428571428571 0.495967741935484 5.45554096942832 2 0 -1 
1 1200 4.8 21 0.508870967741936 0.641129032258065 49.862310415784 3 0 1 
0 1200 9.4 21 0.450551782682513 0.475 4.64847753491484 2 0 -1 
1 1210 4.8 21 0.499609781477627 0.631048387096774 58.7068990834978 3 0 1 
0 1210 9.4 21 0.379320276497696 0.432258064516129 28.3230143969434 2 0 -1 
1 1220 4.8 21 0.582506203473945 0.612903225806452 59.3485467387366 3 0 1 
0 1220 9.4 21 0.397681451612903 0.409677419354839 40.4689685953068 2 0 -1 
1 1230 4.8 21 0.430478309232481 0.57258064516129 42.190046219458 3 0 1 
0 1230 9.4 21 0.396201873048907 0.390322580645161 52.8161147225647 2 0 -1 
1 1240 4.8 21 0.436004162330905 0.388104838709677 18.3387890810211 3 0 1 
0 1240 9.4 21 0.416078629032258 0.458870967741936 28.0280972350536 2 0 -1 
1 1250 4.8 21 0.549107142857143 0.371975806451613 12.6954182941312 3 0 1 
0 1250 9.4 21 0.44815668202765 0.504838709677419 10.2132235993056 2 0 -1 
1 1260 4.8 21 0.486835863377609 0.278225806451613 31.4181930588197 3 0 1 
0 1260 9.4 21 0.447879330943847 0.561290322580645 18.2859010794717 2 0 -1 
1 1270 4.8 21 0.469534050179211 0.34331797235023 37.549228182709 3 -1 1 
0 1270 9.4 22 0.40136476426799 0.641935483870968 7.95542915170881 2 1 -1 
1 1280 4.8 22 0.574354838709677 0.370967741935484 31.9444417716594 3 0 1 
0 1280 9.4 22 0.494239631336406 0.579032258064516 45.1774882319858 2 0 -1 
1 1290 4.8 22 0.474095796676442 0.323924731182796 33.2016791888736 3 0 1 
0 1290 9.4 22 0.346986417657046 0.596774193548387 38.7558039142272 2 0 -1 
1 1300 4.8 22 0.509838709677419 0.343413978494624 35.5815108201855 3 0 1 
0 1300 9.4 22 0.366599462365591 0.62741935483871 27.6761815390067 2 0 -1 
1 1310 4.8 22 0.587125576036866 0.366263440860215 34.0117260970531 3 0 1 
0 1310 9.4 22 0.433179723502304 0.489516129032258 14.7624286766309 2 0 -1 
1 1320 4.8 22 0.518507030603805 0.454301075268817 54.9381648673668 3 0 1 
0 1320 9.4 22 0.307347670250896 0.379838709677419 19.818230940814 2 0 -1 
1 1330 4.8 22 0.503897849462366 0.493279569892473 40.2643273141095 3 0 1 
0 1330 9.4 22 0.366935483870968 0.382258064516129 12.417757845805 2 0 -1 
1 1340 4.8 22 0.63049853372434 0.514112903225806 34.6462529087196 3 0 1 
0 1340 9.4 22 0.438004032258065 0.430645161290323 8.61103538157738 2 0 -1 
1 1350 4.8 22 0.503150201612903 0.455645161290323 41.2031176997448 3 0 1 
0 1350 9.4 22 0.380272952853598 0.50241935483871 11.4100569935617 2 0 -1 
1 1360 4.8 22 0.478345280764636 0.51008064516129 58.5946919589614 3 0 1 
0 1360 9.4 22 0.42062818336163 0.508064516129032 11.9291834542142 2 0 -1 
1 1370 4.8 22 0.599754558204769 0.523521505376344 62.3516950479068 3 0 1 
0 1370 9.4 22 0.529838709677419 0.387903225806452 18.8863856889848 2 0 -1 
1 1380 4.8 22 0.466547192353644 0.482862903225806 44.9943940722115 3 0 1 
0 1380 9.4 22 0.302822580645161 0.308870967741935 20.4520648300917 2 0 -1 
1 1390 4.8 22 0.455346475507766 0.474462365591398 5.54561622023032 3 -1 1 
0 1390 9.4 23 0.384139784946237 0.348387096774194 26.9974286316992 2 1 -1 
1 1400 4.8 22 0.522379032258065 0.55241935483871 21.7991810697963 3 -1 1 
0 1400 9.4 23 0.383064516129032 0.303225806451613 30.931069798108 2 1 -1 
1 1410 4.8 22 0.511141765704584 0.529569892473118 54.8613735061851 3 -1 1 
0 1410 9.4 23 0.359206989247312 0.366129032258065 16.176481043957 2 1 -1 
1 1420 4.8 22 0.519930875576037 0.502688172043011 42.9375727267099 3 -1 1 
0 1420 9.4 23 0.394009216589862 0.441935483870968 7.96886836511885 2 1 -1 
1 1430 4.8 22 0.575772849462366 0.499327956989247 39.8834669057456 3 -1 1 
0 1430 9.4 23 0.406947890818859 0.375806451612903 14.3628953938798 2 1 -1 
1 1440 4.8 22 0.510606591865358 0.479032258064516 34.7752570250041 3 -1 1 
0 1440 9.4 23 0.322292626728111 0.433870967741935 17.8492507002803 2 1 -1 
1 1450 4.8 22 0.465322580645161 0.491935483870968 6.2073061192143 3 -1 1 
0 1450 9.4 23 0.371236559139785 0.495161290322581 27.7745684798576 2 1 -1 
1 1460 4.8 22 0.584502103786816 0.461693548387097 6.04152298679729 3 -1 1 
0 1460 9.4 23 0.408698156682028 0.512903225806452 12.0601500105256 2 1 -1 
1 1470 4.8 22 0.477822580645161 0.411290322580645 6.40312423743285 3 -1 1 
0 1470 9.4 23 0.383352534562212 0.558064516129032 9.22301206677092 2 1 -1 
1 1480 4.8 22 0.497390891840607 0.539650537634409 75.2865130918155 3 -1 1 
0 1480 9.4 23 0.398719165085389 0.585483870967742 20.6103641419968 2 1 -1 
1 1490 4.8 23 0.587962962962963 0.596774193548387 59.1530424393445 3 0 1 
0 1490 9.4 23 0.425403225806452 0.445564516129032 21.7692965778948 2 0 -1 
1 1500 4.8 23 0.498576850094877 0.604032258064516 42.2215936330617 3 0 1 
0 1500 9.4 23 0.369571960297767 0.398185483870968 28.809610499307 2 0 -1 
1 1510 4.8 23 0.525767112509835 0.463709677419355 1.55009384662429 3 0 1 
0 1510 9.4 23 0.497434017595308 0.376344086021505 35.1759604121994 2 0 -1 
1 1520 4.8 23 0.670848267622461 0.5 4.52020776594552 3 0 1 
0 1520 9.4 23 0.513172043010753 0.348118279569893 30.8452278703106 2 0 -1 
1 1530 4.8 23 0.475470430107527 0.418010752688172 34.6641689674464 3 0 1 
0 1530 9.4 23 0.347379032258065 0.254032258064516 23.6723241059015 2 0 -1 
1 1540 4.8 23 0.501941457586619 0.479166666666667 30.9454495458796 3 0 1 
0 1540 9.4 23 0.30510752688172 0.208333333333333 16.0850294267759 2 0 -1 
1 1550 4.8 23 0.703293010752688 0.551075268817204 19.4064082585435 3 0 1 
0 1550 9.4 23 0.30510752688172 0.268817204301075 21.8739284646112 2 0 -1 
1 1560 4.8 23 0.568980414746544 0.661290322580645 14.7887648734926 3 0 2 
0 1560 9.4 23 0.28584229390681 0.217741935483871 6.02425543081864 1 0 -2 
1 1570 4.8 23 0.592317487266553 0.68721198156682 22.6222713000656 3 0 2 
0 1570 9.4 23 0.370967741935484 0.178225806451613 6.01593455427504 1 0 -2 
1 1580 4.8 23 0.740512333965844 0.715437788018433 26.4384091182188 3 -1 2 
0 1580 9.4 24 0.26836917562724 0.201612903225806 6.30767473064956 1 1 -2 
1 1590 4.8 24 0.663594470046083 0.764112903225806 5.1478150704935 3 0 2 
0 1590 9.4 24 0.212701612903226 0.17741935483871 0 1 0 -2 
1 1600 4.8 24 0.754032258064516 0.774193548387097 0 3 0 2 
0 1600 9.4 24 0.30241935483871 0.209677419354839 0 1 0 -2 
