1 30 9.4 1 NaN 0.285483870967742 21.856511488801 3 0 0 
0 30 6.8 1 NaN 0.340725806451613 17.7396131679428 3 0 0 
1 40 9.4 1 NaN 0.285483870967742 18.5738373292567 3 0 0 
0 40 6.8 1 NaN 0.379838709677419 21.6821313069143 3 0 0 
1 50 9.4 1 0.368548387096774 0.323387096774194 25.950642078163 3 0 0 
0 50 6.8 1 0.365143369175627 0.412096774193548 23.5903566024469 3 0 0 
1 60 9.4 1 0.364247311827957 0.450806451612903 34.6972412318356 3 0 0 
0 60 6.8 1 0.364247311827957 0.489516129032258 22.3837940240625 3 0 0 
1 70 9.4 1 0.411926994906621 0.508064516129032 36.9665428791531 3 0 0 
0 70 6.8 1 0.430740037950664 0.494623655913979 19.2569488769506 3 0 0 
1 80 9.4 1 0.466589861751152 0.5 39.5596290421587 3 0 0 
0 80 6.8 1 0.463709677419355 0.425806451612903 35.740610474553 3 0 0 
1 90 9.4 2 0.364247311827957 0.514516129032258 40.3221020880968 3 1 0 
0 90 6.8 1 0.387096774193548 0.415322580645161 30.6835904042452 3 -1 0 
1 100 9.4 2 0.376344086021505 0.491129032258064 34.6708444402423 3 1 0 
0 100 6.8 1 0.423185483870968 0.433064516129032 27.6220411318891 3 -1 0 
1 110 9.4 2 0.461326979472141 0.471774193548387 29.0367452472819 3 0 0 
0 110 6.8 2 0.464485111662531 0.478225806451613 29.4136618618747 3 0 0 
1 120 9.4 2 0.39986559139785 0.433064516129032 31.2981453809268 3 0 0 
0 120 6.8 2 0.403225806451613 0.471774193548387 26.7178219482694 3 0 0 
1 130 9.4 3 0.42402376910017 0.438709677419355 32.3548332665375 3 1 0 
0 130 6.8 2 0.420564516129032 0.465322580645161 31.1340522298929 3 -1 0 
1 140 9.4 3 0.466092375366569 0.462096774193548 43.0900258286234 3 1 0 
0 140 6.8 2 0.457223001402525 0.470967741935484 30.9078765665349 3 -1 0 
1 150 9.4 3 0.392059553349876 0.484677419354839 39.8392321102261 3 0 0 
0 150 6.8 3 0.38758064516129 0.483064516129032 30.1249649679207 3 0 0 
1 160 9.4 4 0.409475806451613 0.500806451612903 36.9642187655941 3 1 0 
0 160 6.8 3 0.424964936886396 0.476612903225806 37.4466012378287 3 -1 0 
1 170 9.4 4 0.451129032258065 0.481451612903226 45.5397137608593 3 1 0 
0 170 6.8 3 0.476382488479263 0.467741935483871 45.8947673453404 3 -1 0 
1 180 9.4 4 0.392369727047146 0.487096774193548 43.8537476063144 3 0 0 
0 180 6.8 4 0.395758661887694 0.480645161290323 42.5663691468698 3 0 0 
1 190 9.4 4 0.422104105571848 0.494354838709677 46.6515768334305 3 0 0 
0 190 6.8 4 0.3875 0.468548387096774 41.5586896554938 3 0 0 
1 200 9.4 5 0.477258064516129 0.394354838709677 57.5753742178459 3 1 0 
0 200 6.8 4 0.466973886328725 0.474193548387097 43.5415866980062 3 -1 0 
1 210 9.4 5 0.404338153503893 0.411290322580645 48.765059837681 3 1 0 
0 210 6.8 4 0.39544930875576 0.477822580645161 43.8594652873451 3 -1 0 
1 220 9.4 5 0.435949131513648 0.455645161290323 48.8089877683227 3 1 0 
0 220 6.8 4 0.397465437788018 0.464717741935484 44.8203605956752 3 -1 0 
1 230 9.4 5 0.488459399332592 0.467741935483871 41.5319666367931 3 1 0 
0 230 6.8 4 0.458709677419355 0.415322580645161 49.9093946593577 3 -1 0 
1 240 9.4 6 0.408198924731183 0.395967741935484 39.0540305061665 3 1 0 
0 240 6.8 5 0.395717463848721 0.414516129032258 41.1232411422646 3 -1 0 
1 250 9.4 6 0.414746543778802 0.462096774193548 40.2732017789429 3 1 0 
0 250 6.8 5 0.412466397849462 0.449193548387097 30.0995850385355 3 -1 0 
1 260 9.4 6 0.464381720430108 0.495161290322581 42.6164205472857 3 1 0 
0 260 6.8 5 0.451979472140762 0.477822580645161 25.2668963506352 3 -1 0 
1 270 9.4 6 0.405529953917051 0.507258064516129 40.5952909803343 3 0 0 
0 270 6.8 6 0.412231182795699 0.456989247311828 31.2410796692615 3 0 0 
1 280 9.4 7 0.415514592933948 0.494354838709677 35.3062574752018 3 1 0 
0 280 6.8 6 0.417220113851992 0.375 34.6382191439527 3 -1 0 
1 290 9.4 7 0.463534361851332 0.52258064516129 34.6958427028459 3 1 0 
0 290 6.8 6 0.434553349875931 0.366935483870968 34.420895053111 3 -1 0 
1 300 9.4 7 0.42578125 0.526612903225806 32.9441179979372 3 1 0 
0 300 6.8 6 0.393481182795699 0.425 27.3035916468654 3 -1 0 
1 310 9.4 7 0.43200146627566 0.461290322580645 45.0422256722179 3 1 0 
0 310 6.8 6 0.424955197132616 0.479838709677419 30.67325016522 3 -1 0 
1 320 9.4 8 0.476058467741936 0.485887096774194 31.1321671142297 3 2 0 
0 320 6.8 6 0.435483870967742 0.449193548387097 20.295401458076 3 -2 0 
1 330 9.4 8 0.399940262843489 0.476814516129032 33.9181474608161 3 1 0 
0 330 6.8 7 0.423624288425047 0.493279569892473 17.7721542366133 3 -1 0 
1 340 9.4 8 0.387945670628183 0.433870967741935 46.9855258063874 3 1 0 
0 340 6.8 7 0.45052729528536 0.438508064516129 9.35420852263367 3 -1 0 
1 350 9.4 8 0.462609970674487 0.418548387096774 39.6480319132525 3 1 0 
0 350 6.8 7 0.475483870967742 0.449193548387097 22.6929764649388 3 -1 0 
1 360 9.4 9 0.395856507230256 0.452620967741936 31.0839695957884 3 2 0 
0 360 6.8 7 0.387096774193548 0.439516129032258 27.2047638101599 3 -2 0 
1 370 9.4 9 0.3919779286927 0.467741935483871 26.390264445772 3 2 0 
0 370 6.8 7 0.413489736070381 0.444354838709677 30.6733985209 3 -2 0 
1 380 9.4 9 0.458450210378682 0.392741935483871 38.6579871305348 3 1 0 
0 380 6.8 8 0.450083426028921 0.462096774193548 31.127712188444 3 -1 0 
1 390 9.4 9 0.408198924731183 0.445161290322581 35.7922360853021 3 1 0 
0 390 6.8 8 0.364247311827957 0.496774193548387 35.4056109127442 3 -1 0 
1 400 9.4 9 0.419354838709677 0.45 38.0583141564174 3 1 0 
0 400 6.8 8 0.406720430107527 0.463709677419355 39.2873849061899 3 -1 0 
1 410 9.4 10 0.458387096774194 0.491129032258064 35.0831571049201 3 2 0 
0 410 6.8 8 0.423387096774194 0.463709677419355 30.2859239832368 3 -2 0 
1 420 9.4 10 0.395967741935484 0.49758064516129 35.0764304109445 3 2 0 
0 420 6.8 8 0.385806451612903 0.441129032258065 27.9439697344222 3 -2 0 
1 430 9.4 10 0.425806451612903 0.529838709677419 29.454670557364 3 1 0 
0 430 6.8 9 0.419354838709677 0.426612903225806 30.2097569473565 3 -1 0 
1 440 9.4 10 0.467069892473118 0.483064516129032 29.7319994168926 3 1 0 
0 440 6.8 9 0.439068100358423 0.47741935483871 29.8129068492776 3 -1 0 
1 450 9.4 11 0.41818418314256 0.470967741935484 31.3824795094172 3 2 0 
0 450 6.8 9 0.389888337468983 0.512096774193548 7.07106781186548 3 -2 0 
1 460 9.4 11 0.420698924731183 0.443548387096774 31.3082828802437 3 2 0 
0 460 6.8 9 0.405913978494624 0.483870967741936 21.5713236189488 3 -2 0 
1 470 9.4 11 0.469982078853047 0.448387096774194 32.7725309336742 3 2 0 
0 470 6.8 9 0.437237026647966 0.344086021505376 40.0687878373583 3 -2 0 
1 480 9.4 11 0.431841831425598 0.508064516129032 29.2841095146487 3 2 0 
0 480 6.8 9 0.379200268817204 0.295362903225806 45.7758681384061 3 -2 0 
1 490 9.4 11 0.458870967741935 0.506451612903226 31.321944819458 3 1 0 
0 490 6.8 10 0.382352941176471 0.360483870967742 46.7225099352587 3 -1 0 
1 500 9.4 11 0.475230414746544 0.505645161290323 22.1999103360644 3 1 0 
0 500 6.8 10 0.435483870967742 0.433064516129032 47.5855964870216 3 -1 0 
1 510 9.4 11 0.42002688172043 0.476612903225806 28.5103827790889 3 1 0 
0 510 6.8 10 0.381290322580645 0.509677419354839 44.7137190855645 3 -1 0 
1 520 9.4 12 0.438233137829912 0.473387096774194 31.0429615220421 3 2 0 
0 520 6.8 10 0.436827956989247 0.500806451612903 43.4991026564891 3 -2 0 
1 530 9.4 12 0.44758064516129 0.458870967741935 30.0207397817717 3 1 0 
0 530 6.8 11 0.472494239631336 0.502016129032258 34.4400759592117 3 -1 0 
1 540 9.4 12 0.408266129032258 0.490322580645161 22.8007456301489 3 1 0 
0 540 6.8 11 0.437096774193548 0.496975806451613 35.119000796625 3 -1 0 
1 550 9.4 12 0.423387096774194 0.495161290322581 24.8671460703213 3 1 0 
0 550 6.8 11 0.404411764705882 0.461693548387097 36.9545903438781 3 -1 0 
1 560 9.4 12 0.446716589861751 0.481854838709677 36.3857224740466 3 1 0 
0 560 6.8 11 0.444145758661888 0.487903225806452 5.02493781056045 3 -1 0 
1 570 9.4 13 0.390083632019116 0.472782258064516 38.9575301780937 3 2 0 
0 570 6.8 11 0.393610421836228 0.512096774193548 4.47213595499958 3 -2 0 
1 580 9.4 13 0.448064516129032 0.489247311827957 20.0303755755082 3 2 0 
0 580 6.8 11 0.420564516129032 0.48991935483871 15.5080624192708 3 -2 0 
1 590 9.4 13 0.490469208211144 0.407258064516129 43.0103848998061 3 1 0 
0 590 6.8 12 0.431787634408602 0.321572580645161 48.7558905765364 3 -1 0 
1 600 9.4 13 0.408986175115207 0.443548387096774 39.5591327790024 3 1 0 
0 600 6.8 12 0.393667861409797 0.410282258064516 36.5145372865136 3 -1 0 
1 610 9.4 13 0.405241935483871 0.387903225806452 42.3910155272005 3 1 0 
0 610 6.8 12 0.463064516129032 0.47883064516129 33.7895115876139 3 -1 0 
1 620 9.4 14 0.449092741935484 0.440322580645161 39.1298976797003 3 2 0 
0 620 6.8 12 0.46889400921659 0.44758064516129 32.8641159052778 3 -2 0 
1 630 9.4 14 0.419094693028096 0.433870967741935 26.8470967675977 3 2 0 
0 630 6.8 12 0.395322580645161 0.537298387096774 32.6159714644002 3 -2 0 
1 640 9.4 14 0.455069124423963 0.473387096774194 30.3118850323543 3 2 0 
0 640 6.8 12 0.366935483870968 0.471774193548387 46.5107514452304 3 -2 0 
1 650 9.4 14 0.472330367074527 0.512096774193548 36.6639495810127 3 2 0 
0 650 6.8 12 0.433467741935484 0.4375 44.0709654988406 3 -2 0 
1 660 9.4 14 0.447119815668203 0.526612903225806 25.8585651734391 3 2 0 
0 660 6.8 12 0.385168302945302 0.429435483870968 37.1651718682963 3 -2 0 
1 670 9.4 15 0.488095238095238 0.559677419354839 30.6109714728609 3 2 0 
0 670 6.8 13 0.374775985663083 0.3 35.927958688165 3 -2 0 
1 680 9.4 15 0.463884992987377 0.549193548387097 30.5612094824791 3 2 0 
0 680 6.8 13 0.389616935483871 0.344354838709677 27.4554013122044 3 -2 0 
1 690 9.4 15 0.410095579450418 0.57741935483871 28.8686485073918 3 2 0 
0 690 6.8 13 0.364247311827957 0.387096774193548 19.0991375927965 3 -2 0 
1 700 9.4 15 0.490255376344086 0.560483870967742 27.9549443259603 3 2 0 
0 700 6.8 13 0.368279569892473 0.400201612903226 8.48666163036004 3 -2 0 
1 710 9.4 16 0.514784946236559 0.554032258064516 28.1420002150078 3 3 0 
0 710 6.8 13 0.390264976958525 0.383064516129032 14.9971179465636 3 -3 0 
1 720 9.4 16 0.452346041055719 0.545161290322581 33.0150298003027 3 3 0 
0 720 6.8 13 0.364247311827957 0.367943548387097 15.0988276954705 3 -3 0 
1 730 9.4 16 0.421572580645161 0.54758064516129 33.024860615841 3 2 0 
0 730 6.8 14 0.392025089605735 0.390120967741936 22.6745757123629 3 -2 0 
1 740 9.4 16 0.507616487455197 0.537096774193548 31.4866751666314 3 2 0 
0 740 6.8 14 0.425036656891496 0.458333333333333 26.8418963014321 3 -2 0 
1 750 9.4 16 0.414277180406213 0.52741935483871 29.900727332722 3 2 0 
0 750 6.8 14 0.406660692951016 0.450268817204301 33.2494785753907 3 -2 0 
1 760 9.4 16 0.370967741935484 0.548387096774194 41.6626588538469 3 2 0 
0 760 6.8 14 0.433312655086849 0.408602150537634 39.7468421350648 3 -2 0 
1 770 9.4 16 0.447106261859583 0.50241935483871 48.8669591452075 3 2 0 
0 770 6.8 14 0.476612903225806 0.334677419354839 28.0470807288993 3 -2 0 
1 780 9.4 17 0.408154121863799 0.554032258064516 44.2751223882556 3 3 0 
0 780 6.8 14 0.377520161290323 0.309139784946237 38.330542180754 3 -3 0 
1 790 9.4 17 0.419721407624633 0.587903225806452 37.7267920149925 3 3 0 
0 790 6.8 14 0.397296015180266 0.370967741935484 33.0695554745201 3 -3 0 
1 800 9.4 17 0.467517921146953 0.575806451612903 32.2069084531393 3 3 0 
0 800 6.8 14 0.425759013282732 0.407258064516129 33.7564685664753 3 -3 0 
1 810 9.4 17 0.43977627471384 0.517741935483871 42.8010208754235 3 2 0 
0 810 6.8 15 0.380960729312763 0.428763440860215 37.7294241059459 3 -2 0 
1 820 9.4 17 0.448732718894009 0.533064516129032 47.4752496905876 3 2 0 
0 820 6.8 15 0.416078629032258 0.316532258064516 33.2954584977224 3 -2 0 
1 830 9.4 17 0.512096774193548 0.470967741935484 45.9884911259052 3 2 0 
0 830 6.8 15 0.443380376344086 0.325604838709677 24.2408021224977 3 -2 0 
1 840 9.4 17 0.438709677419355 0.464717741935484 44.9568005137997 3 2 0 
0 840 6.8 15 0.410534274193548 0.413709677419355 19.802279301686 3 -2 0 
1 850 9.4 18 0.414362519201229 0.490927419354839 37.3082298740033 3 2 0 
0 850 6.8 16 0.391885080645161 0.47258064516129 35.2635234257995 3 -2 0 
1 860 9.4 18 0.466468590831919 0.460685483870968 38.8829640424871 3 2 0 
0 860 6.8 16 0.409824046920821 0.44758064516129 32.0996752642726 3 -2 0 
1 870 9.4 18 0.425078043704475 0.477822580645161 33.3308665817064 3 2 0 
0 870 6.8 16 0.393939393939394 0.410483870967742 34.5410996025276 3 -2 0 
1 880 9.4 18 0.384974533106961 0.535282258064516 37.8828863267219 3 2 0 
0 880 6.8 16 0.3915770609319 0.457661290322581 26.461686089544 3 -2 0 
1 890 9.4 18 0.464093701996928 0.498387096774194 46.4711152908684 3 2 0 
0 890 6.8 16 0.445276497695852 0.368951612903226 1.5 3 -2 0 
1 900 9.4 19 0.462319243604005 0.482258064516129 44.9735170047658 3 3 0 
0 900 6.8 16 0.412903225806452 0.439516129032258 5.09901951359278 3 -3 0 
1 910 9.4 19 0.465909090909091 0.520161290322581 40.9502031061495 3 3 0 
0 910 6.8 16 0.408602150537634 0.332661290322581 3.90512483795333 3 -3 0 
1 920 9.4 19 0.530721966205837 0.462096774193548 45.6092398323762 3 3 0 
0 920 6.8 16 0.411290322580645 0.431451612903226 1 3 -3 0 
1 930 9.4 19 0.47667829119442 0.425 45.1101368087689 3 3 0 
0 930 6.8 16 0.358687683284458 0.346774193548387 35.913634841781 3 -3 0 
1 940 9.4 19 0.479540023894863 0.511290322580645 39.29315818794 3 3 0 
0 940 6.8 16 0.360887096774194 0.326612903225806 30.7527605435738 3 -3 0 
1 950 9.4 19 0.568548387096774 0.614516129032258 19.9636954286496 3 3 0 
0 950 6.8 16 0.479838709677419 0.325 4.76615672095012 3 -3 0 
1 960 9.4 19 0.479942100909843 0.629838709677419 12.1721572967547 3 2 0 
0 960 6.8 17 0.348240469208211 0.318548387096774 4.86698183435818 3 -2 0 
1 970 9.4 20 0.494838709677419 0.608870967741936 16.9809903219529 3 3 0 
0 970 6.8 17 0.391129032258065 0.391129032258065 5.26194815132811 3 -3 0 
1 980 9.4 20 0.580047789725209 0.51008064516129 39.5713566094822 3 3 0 
0 980 6.8 17 0.439516129032258 0.393817204301075 6.83645401288917 3 -3 0 
1 990 9.4 20 0.446329254727475 0.44758064516129 39.0132862830234 3 3 0 
0 990 6.8 17 0.377096774193548 0.397849462365591 19.8069525444425 3 -3 0 
1 1000 9.4 20 0.455322580645161 0.429435483870968 30.8071864886858 3 3 0 
0 1000 6.8 17 0.422379032258065 0.288306451612903 23.3584471602401 3 -3 0 
1 1010 9.4 20 0.513978494623656 0.442540322580645 30.9677688585896 3 2 0 
0 1010 6.8 18 0.454109062980031 0.330645161290323 30.0633931845863 3 -2 0 
1 1020 9.4 20 0.442326490713587 0.454637096774194 21.1125244502982 3 2 0 
0 1020 6.8 18 0.358504398826979 0.373387096774194 13.2378719890339 3 -2 0 
1 1030 9.4 20 0.474761051373955 0.464717741935484 14.3248977256156 3 2 0 
0 1030 6.8 18 0.402889784946237 0.370967741935484 11.4614730100386 3 -2 0 
1 1040 9.4 20 0.505241935483871 0.411290322580645 36.2810916773081 3 2 0 
0 1040 6.8 18 0.421187683284458 0.405241935483871 23.4175251795397 3 -2 0 
1 1050 9.4 20 0.420506912442396 0.456451612903226 27.0861089516921 3 2 0 
0 1050 6.8 18 0.402180406212664 0.408064516129032 26.7117202068067 3 -2 0 
1 1060 9.4 21 0.413594470046083 0.494354838709677 34.0440698889421 3 3 0 
0 1060 6.8 18 0.404499151103565 0.435483870967742 4.20904980522039 3 -3 0 
1 1070 9.4 21 0.461117511520737 0.44758064516129 6.41402148521729 3 2 0 
0 1070 6.8 19 0.439314516129032 0.486559139784946 4.3757306777621 3 -2 0 
1 1080 9.4 21 0.429505005561735 0.470766129032258 5.43970852027902 3 2 0 
0 1080 6.8 19 0.366167434715822 0.40994623655914 13.9604558338035 3 -2 0 
1 1090 9.4 21 0.491215437788018 0.505040322580645 8.36917457465009 3 2 0 
0 1090 6.8 19 0.424283154121864 0.288978494623656 10.3152185197827 3 -2 0 
1 1100 9.4 21 0.520161290322581 0.507056451612903 22.9941667091178 3 2 0 
0 1100 6.8 19 0.418458781362007 0.395161290322581 31.3745424470852 3 -2 0 
1 1110 9.4 21 0.472863993025283 0.517137096774194 32.9638707606227 3 2 0 
0 1110 6.8 19 0.361895161290323 0.416666666666667 35.739448155955 3 -2 0 
1 1120 9.4 21 0.445564516129032 0.530241935483871 35.4738666206162 3 2 0 
0 1120 6.8 19 0.360780984719864 0.280645161290323 42.1471173612052 3 -2 0 
1 1130 9.4 21 0.524503722084367 0.455645161290323 35.3118828619784 3 2 0 
0 1130 6.8 19 0.401497695852535 0.408064516129032 38.9936094566403 3 -2 0 
1 1140 9.4 21 0.456831119544592 0.468548387096774 29.5040747177257 3 1 0 
0 1140 6.8 20 0.359354838709677 0.467741935483871 30.5730176547083 3 -1 0 
1 1150 9.4 21 0.4786866359447 0.466733870967742 8.31094142394015 3 1 0 
0 1150 6.8 20 0.41342504743833 0.368279569892473 11.5683965453591 3 -1 0 
1 1160 9.4 21 0.573064516129032 0.487903225806452 7.07039646239875 3 1 0 
0 1160 6.8 20 0.43475073313783 0.405913978494624 17.3095815540365 3 -1 0 
1 1170 9.4 22 0.49445564516129 0.519153225806452 7.26572690838234 3 2 0 
0 1170 6.8 20 0.366095430107527 0.504032258064516 2.23606797749979 3 -2 0 
1 1180 9.4 22 0.496578690127077 0.522177419354839 19.3856964837613 3 2 0 
0 1180 6.8 20 0.442617866004963 0.524193548387097 0 3 -2 0 
1 1190 9.4 22 0.609543010752688 0.512096774193548 26.6846354412831 3 2 0 
0 1190 6.8 20 0.444556451612903 NaN NaN 3 -2 0 
1 1200 9.4 22 0.520536384096024 0.556451612903226 26.1825107080619 3 2 0 
0 1200 6.8 20 0.307711693548387 NaN NaN 3 -2 0 
1 1210 9.4 22 0.4834229390681 0.588709677419355 22.0471516730562 3 2 0 
0 1210 6.8 20 0.357718894009217 NaN NaN 3 -2 0 
1 1220 9.4 22 0.579838709677419 0.490927419354839 48.2594546096579 3 2 0 
0 1220 6.8 20 0.402126099706745 0.131048387096774 4.52769256906871 3 -2 0 
1 1230 9.4 22 0.483971774193548 0.569556451612903 42.2025164215516 3 2 0 
0 1230 6.8 20 0.305846774193548 0.274193548387097 9.43950449719442 3 -2 0 
1 1240 9.4 22 0.457829301075269 0.596774193548387 25.5250004175733 3 2 0 
0 1240 6.8 20 0.347222222222222 0.238709677419355 15.4068306443751 3 -2 0 
1 1250 9.4 22 0.577150537634409 0.545161290322581 46.0466307515118 3 1 0 
0 1250 6.8 21 0.355286738351255 0.209677419354839 12.1410976596012 3 -1 0 
1 1260 9.4 23 0.507033008252063 0.508064516129032 45.9918558623138 3 2 0 
0 1260 6.8 21 0.311432637571158 0.256048387096774 15.0199681019922 3 -2 0 
1 1270 9.4 23 0.39207779886148 0.549731182795699 44.2244764940658 3 2 0 
0 1270 6.8 21 0.338709677419355 0.268145161290323 5.52268050859363 3 -2 0 
1 1280 9.4 23 0.553970223325062 0.579301075268817 20.5044948762376 3 2 0 
0 1280 6.8 21 0.338089330024814 0.346774193548387 2.06155281280883 3 -2 0 
1 1290 9.4 23 0.471214157706093 0.594086021505376 9.63534612750711 3 2 0 
0 1290 6.8 21 0.353643966547192 0.389112903225806 2.5 3 -2 0 
1 1300 9.4 23 0.373559907834101 0.639784946236559 3.16610063873579 3 2 0 
0 1300 6.8 21 0.389516129032258 0.237903225806452 12.369316876853 3 -2 0 
1 1310 9.4 23 0.504032258064516 0.584677419354839 9.07257234898291 3 2 0 
0 1310 6.8 21 0.417338709677419 0.181451612903226 12.7769323391806 3 -2 0 
1 1320 9.4 23 0.440426638917794 0.522849462365591 2.32672894379618 3 2 0 
0 1320 6.8 21 0.383173496076722 0.354838709677419 6.18465843842649 3 -2 0 
1 1330 9.4 23 0.447792869269949 0.3125 52.2734107950125 3 1 0 
0 1330 6.8 22 0.432123655913978 0.405645161290323 47.2732537035684 3 -1 0 
1 1340 9.4 23 0.526689708141321 0.239247311827957 29.4807859254047 3 1 0 
0 1340 6.8 22 0.481710829493088 0.432459677419355 42.4610561101095 3 -1 0 
1 1350 9.4 23 0.4212158808933 0.324596774193548 8.32165848854662 3 1 0 
0 1350 6.8 22 0.453629032258065 0.474193548387097 37.3195891753559 3 -1 0 
1 1360 9.4 23 0.385282258064516 0.381048387096774 2.54950975679639 3 1 0 
0 1360 6.8 22 0.462243401759531 0.462701612903226 32.768678993752 3 -1 0 
1 1370 9.4 23 0.451825127334465 0.421370967741936 2.06155281280883 3 1 0 
0 1370 6.8 22 0.48807123655914 0.4375 21.6634640754503 3 -1 0 
1 1380 9.4 23 0.382896505376344 0.459677419354839 2.5 3 1 0 
0 1380 6.8 22 0.423742884250474 0.428427419354839 21.8503554374932 3 -1 0 
1 1390 9.4 23 0.363127240143369 0.375 50.9137763575262 3 1 0 
0 1390 6.8 22 0.414857320099256 0.542338709677419 18.361103375288 3 -1 0 
1 1400 9.4 23 0.451360887096774 0.325604838709677 47.30437793861 3 1 0 
0 1400 6.8 22 0.475638440860215 0.592741935483871 17.265625995495 3 -1 0 
1 1410 9.4 23 0.363377609108159 0.319354838709677 38.90340694282 3 1 0 
0 1410 6.8 22 0.450682382133995 0.532258064516129 21.5120079937834 3 -1 0 
1 1420 9.4 23 0.36434331797235 0.373387096774194 23.6244459904661 3 0 0 
0 1420 6.8 23 0.475156087408949 0.573387096774194 34.8263079901733 3 0 0 
1 1430 9.4 23 0.400921658986175 0.433064516129032 6.95059394422028 3 0 0 
0 1430 6.8 23 0.545506912442396 0.575604838709677 32.0470483062908 3 0 0 
1 1440 9.4 23 0.351426799007444 0.445967741935484 8.1200124183326 3 0 0 
0 1440 6.8 23 0.481803143093466 0.575268817204301 23.1292311606898 3 0 0 
1 1450 9.4 23 0.366625310173697 0.470967741935484 13.0057011856035 3 0 0 
0 1450 6.8 23 0.47002688172043 0.618279569892473 22.6863533591488 3 0 0 
1 1460 9.4 24 0.43393300248139 0.488709677419355 24.8115718322411 3 1 0 
0 1460 6.8 23 0.548611111111111 0.600806451612903 35.0570962859162 3 -1 0 
1 1470 9.4 24 0.310987903225806 0.500806451612903 29.0063667505391 2 1 -1 
0 1470 6.8 23 0.50089605734767 0.548387096774194 42.2403835209862 3 -1 1 
1 1480 9.4 24 0.352534562211982 0.584677419354839 37.8231034483991 2 1 -1 
0 1480 6.8 23 0.480241935483871 0.561827956989247 56.9464775372585 3 -1 1 
1 1490 9.4 24 0.417183622828784 0.451612903225806 33.2406247617091 2 1 -1 
0 1490 6.8 23 0.502880184331797 0.498991935483871 52.3149761558628 3 -1 1 
1 1500 9.4 24 0.349053295932679 0.453225806451613 29.7456571926961 2 1 -1 
0 1500 6.8 23 0.384642356241234 0.480846774193548 45.934956696437 3 -1 1 
1 1510 9.4 24 0.380272952853598 0.441935483870968 23.3251050590767 2 1 -1 
0 1510 6.8 23 0.373102466793169 0.477150537634409 33.3121700811026 3 -1 1 
1 1520 9.4 24 0.420564516129032 0.509677419354839 11.658199813338 2 1 -1 
0 1520 6.8 23 0.452508960573477 0.380040322580645 28.4711853478946 3 -1 1 
1 1530 9.4 24 0.413104838709677 0.55 29.0842305102921 2 1 -1 
0 1530 6.8 23 0.421296296296296 0.311491935483871 19.3566967140459 3 -1 1 
1 1540 9.4 24 0.500636672325976 0.637096774193548 12.3951636897924 2 1 -1 
0 1540 6.8 23 0.4223259762309 0.27116935483871 5.92056349367995 3 -1 1 
1 1550 9.4 24 0.553268251273345 0.726612903225806 7.77540512209517 2 1 0 
0 1550 6.8 23 0.485483870967742 0.25 2 2 -1 0 
1 1560 9.4 24 0.530123339658444 0.742741935483871 5.95205388860335 2 1 0 
0 1560 6.8 23 0.514112903225806 0.203629032258065 4.94974746830583 2 -1 0 
1 1570 9.4 25 0.536290322580645 0.801612903225806 5.74210191696691 2 1 0 
0 1570 6.8 24 0.589895635673624 0.201612903225806 0 2 -1 0 
1 1580 9.4 25 0.536290322580645 0.810483870967742 1.94933374947972 2 1 0 
0 1580 6.8 24 0.632056451612903 0.157258064516129 0 2 -1 0 
