1 30 6.8 1 NaN 0.308467741935484 11.7063705571579 3 0 0 
0 30 9.2 1 NaN 0.240927419354839 10.424576402607 3 0 0 
1 40 6.8 1 NaN 0.340322580645161 18.4246627197516 3 0 0 
0 40 9.2 1 NaN 0.27741935483871 9.30352865318996 3 0 0 
1 50 6.8 1 0.383064516129032 0.391129032258065 18.2785238884173 3 0 0 
0 50 9.2 1 0.373387096774194 0.338709677419355 12.404634089987 3 0 0 
1 60 6.8 1 0.375 0.476612903225806 28.1405697040486 3 0 0 
0 60 9.2 1 0.375 0.461290322580645 10.9536065144472 3 0 0 
1 70 6.8 1 0.385611205432937 0.471774193548387 31.0444953202559 3 0 0 
0 70 9.2 1 0.396975806451613 0.454838709677419 12.7794541183915 3 0 0 
1 80 6.8 1 0.47273425499232 0.47741935483871 29.1621622970387 3 0 0 
0 80 9.2 1 0.473240469208211 0.460483870967742 23.6069536191595 3 0 0 
1 90 6.8 1 0.418444328824142 0.470967741935484 34.0831794262169 3 0 0 
0 90 9.2 1 0.403076463560335 0.474193548387097 32.6227128917522 3 0 0 
1 100 6.8 1 0.402457757296467 0.481451612903226 33.6579784245006 3 0 0 
0 100 9.2 1 0.399926686217009 0.45241935483871 34.0078696108797 3 0 0 
1 110 6.8 2 0.490591397849462 0.475 30.3233579599659 3 0 0 
0 110 9.2 2 0.474654377880184 0.441129032258065 30.247377088018 3 0 0 
1 120 6.8 2 0.415712799167534 0.480645161290323 34.8026208826243 3 0 0 
0 120 9.2 2 0.397642679900744 0.487903225806452 24.0623680893203 3 0 0 
1 130 6.8 2 0.405745967741936 0.488709677419355 37.0603396865952 3 0 0 
0 130 9.2 2 0.384792626728111 0.45241935483871 23.3555108883741 3 0 0 
1 140 6.8 3 0.49151103565365 0.501612903225806 36.8695948567441 3 1 0 
0 140 9.2 2 0.476411290322581 0.470161290322581 24.7902232052101 3 -1 0 
1 150 6.8 3 0.420525494276795 0.479032258064516 42.3601050455083 3 0 0 
0 150 9.2 3 0.393709677419355 0.470967741935484 31.3881824092796 3 0 0 
1 160 6.8 3 0.406451612903226 0.473387096774194 44.6983014228368 3 0 0 
0 160 9.2 3 0.390603085553997 0.476612903225806 18.6906934767857 3 0 0 
1 170 6.8 3 0.495775729646697 0.481451612903226 44.3812284638152 3 0 0 
0 170 9.2 3 0.460904628330996 0.480645161290323 19.2805170221498 3 0 0 
1 180 6.8 4 0.414650537634409 0.473387096774194 36.1705782338757 3 1 0 
0 180 9.2 3 0.418608124253286 0.504838709677419 18.9835429309262 3 -1 0 
1 190 6.8 4 0.410190615835777 0.436290322580645 29.3752225891344 3 0 0 
0 190 9.2 4 0.425093052109181 0.493548387096774 23.5089767207104 3 0 0 
1 200 6.8 4 0.451444892473118 0.468548387096774 20.9861962479297 3 0 0 
0 200 9.2 4 0.466831425598335 0.467741935483871 17.8122508753012 3 0 0 
1 210 6.8 5 0.394354838709677 0.34758064516129 36.3193072582398 3 1 0 
0 210 9.2 4 0.438482216708023 0.508870967741936 8.86848622416113 3 -1 0 
1 220 6.8 5 0.422685834502104 0.331451612903226 44.4616458851967 3 0 0 
0 220 9.2 5 0.449131513647643 0.495967741935484 13.1106473414508 3 0 0 
1 230 6.8 5 0.47011385199241 0.403225806451613 31.4969906365571 3 0 0 
0 230 9.2 5 0.47955069124424 0.458870967741935 30.2693765332181 3 0 0 
1 240 6.8 6 0.405552109181141 0.462903225806452 32.5883220564235 3 1 0 
0 240 9.2 5 0.410063113604488 0.466935483870968 36.3064240978454 3 -1 0 
1 250 6.8 6 0.429637096774194 0.502016129032258 27.8734468292496 3 0 0 
0 250 9.2 6 0.405058651026393 0.446774193548387 48.7023287472356 3 0 0 
1 260 6.8 6 0.480388563049853 0.526209677419355 29.3920044131551 3 0 0 
0 260 9.2 6 0.428187403993856 0.438709677419355 40.0325662305335 3 0 0 
1 270 6.8 6 0.385263929618768 0.438709677419355 43.5019830639576 3 0 0 
0 270 9.2 6 0.405552109181141 0.479838709677419 34.6148381326575 3 0 0 
1 280 6.8 7 0.402988614800759 0.431451612903226 34.5224229377631 3 1 0 
0 280 9.2 6 0.402514231499051 0.489516129032258 33.9077314787362 3 -1 0 
1 290 6.8 7 0.463497453310696 0.470161290322581 35.0122845916706 3 0 0 
0 290 9.2 7 0.486042183622829 0.389516129032258 51.4481075155061 3 0 0 
1 300 6.8 7 0.395161290322581 0.458870967741936 36.678322195991 3 0 0 
0 300 9.2 7 0.420362903225806 0.448387096774194 36.3600107655219 3 0 0 
1 310 6.8 7 0.416239002932551 0.45 36.6789894662911 3 0 0 
0 310 9.2 7 0.373655913978495 0.458870967741935 29.2643286642654 3 0 0 
1 320 6.8 7 0.477066532258065 0.491935483870968 37.0364057207062 3 0 0 
0 320 9.2 7 0.457506203473945 0.445161290322581 29.4048525775365 3 0 0 
1 330 6.8 8 0.427851382488479 0.513709677419355 36.8150784748514 3 1 0 
0 330 9.2 7 0.386546920821114 0.45 33.2782610742023 3 -1 0 
1 340 6.8 8 0.408410138248848 0.479838709677419 29.4154568152512 3 0 0 
0 340 9.2 8 0.38125 0.444354838709677 24.0888080579122 3 0 0 
1 350 6.8 8 0.485098176718093 0.512096774193548 13.7761893101456 3 0 0 
0 350 9.2 8 0.467540322580645 0.47741935483871 13.7841670543388 3 0 0 
1 360 6.8 8 0.426747311827957 0.403225806451613 38.8022204529945 3 0 0 
0 360 9.2 8 0.394677419354839 0.494354838709677 10.5138843831902 3 0 0 
1 370 6.8 8 0.421129032258065 0.440524193548387 24.4347034890391 3 0 0 
0 370 9.2 8 0.375 0.476612903225806 11.6517880103293 3 0 0 
1 380 6.8 8 0.492103494623656 0.424731182795699 9.2014580512311 3 -1 0 
0 380 9.2 9 0.464992668621701 0.492741935483871 5.6921201998808 3 1 0 
1 390 6.8 8 0.425691244239631 0.403225806451613 5.39002910848609 3 -1 0 
0 390 9.2 9 0.38054435483871 0.565322580645161 11.3906733918383 3 1 0 
1 400 6.8 8 0.423387096774194 0.333870967741936 38.2450049525736 3 -1 0 
0 400 9.2 9 0.406612903225806 0.473387096774194 7.82051742738045 3 1 0 
1 410 6.8 8 0.455990783410138 0.412096774193548 33.6227880280527 3 -1 0 
0 410 9.2 9 0.445409429280397 0.423387096774194 8.70023271826348 3 1 0 
1 420 6.8 9 0.422043010752688 0.488709677419355 41.1111294310609 3 -1 0 
0 420 9.2 10 0.425166034155598 0.455645161290323 18.4995091146401 3 1 0 
1 430 6.8 9 0.465619694397284 0.492741935483871 44.4760450193809 3 -1 0 
0 430 9.2 10 0.418394777265745 0.467741935483871 13.3151717546652 3 1 0 
1 440 6.8 9 0.461693548387097 0.455645161290323 36.5988586979059 3 -1 0 
0 440 9.2 10 0.506203473945409 0.461290322580645 17.8080929103187 3 1 0 
1 450 6.8 9 0.398418114143921 0.466733870967742 27.0710541749262 3 -1 0 
0 450 9.2 10 0.414026497695853 0.491935483870968 19.4131316144242 3 1 0 
1 460 6.8 9 0.407930107526882 0.507056451612903 22.9349097810548 3 -1 0 
0 460 9.2 10 0.383640552995392 0.416129032258065 22.4410993646244 3 1 0 
1 470 6.8 10 0.447755960729313 0.415322580645161 50.024988066268 3 -1 0 
0 470 9.2 11 0.458930704898447 0.431451612903226 26.5299777860848 3 1 0 
1 480 6.8 10 0.375 0.445161290322581 45.806578387927 3 -1 0 
0 480 9.2 11 0.426028921023359 0.466129032258065 30.9257637660092 3 1 0 
1 490 6.8 10 0.418505942275042 0.441129032258065 34.509607270454 3 -1 0 
0 490 9.2 11 0.445564516129032 0.509677419354839 28.124542868219 3 1 0 
1 500 6.8 10 0.470766129032258 0.470161290322581 25.5961993094702 3 -1 0 
0 500 9.2 11 0.485383064516129 0.487096774193548 24.6822338216801 3 1 0 
1 510 6.8 11 0.399492234169654 0.449193548387097 38.42456140994 3 0 0 
0 510 9.2 11 0.409032258064516 0.461290322580645 27.7819638876448 3 0 0 
1 520 6.8 11 0.379800307219662 0.469758064516129 28.0711768040206 3 -1 0 
0 520 9.2 12 0.374596774193548 0.432258064516129 37.8674357226629 3 1 0 
1 530 6.8 11 0.478942652329749 0.45866935483871 22.8273611407939 3 -1 0 
0 530 9.2 12 0.484274193548387 0.483064516129032 29.7336797749098 3 1 0 
1 540 6.8 11 0.399492234169654 0.467741935483871 32.1947815120001 3 -1 0 
0 540 9.2 12 0.397849462365591 0.490322580645161 29.7696750546034 3 1 0 
1 550 6.8 11 0.385813782991202 0.389112903225806 54.306901056194 3 -1 0 
0 550 9.2 12 0.391297043010753 0.495967741935484 32.5552326948253 3 1 0 
1 560 6.8 11 0.464477726574501 0.448588709677419 46.6491098182836 3 -2 0 
0 560 9.2 13 0.454032258064516 0.488709677419355 36.1771924478715 3 2 0 
1 570 6.8 12 0.401279199110122 0.484879032258065 39.4949066573534 3 -1 0 
0 570 9.2 13 0.424486803519062 0.502016129032258 47.0497680249328 3 1 0 
1 580 6.8 12 0.374596774193548 0.437903225806452 60.7362569614576 3 -1 0 
0 580 9.2 13 0.43735599078341 0.489247311827957 38.2539074023316 3 1 0 
1 590 6.8 12 0.454178885630499 0.453225806451613 50.0891131252814 3 -1 0 
0 590 9.2 13 0.48309053069719 0.487903225806452 47.6262695930746 3 1 0 
1 600 6.8 12 0.434619815668203 0.459677419354839 33.4382640081553 3 -1 0 
0 600 9.2 13 0.465552995391705 0.382056451612903 54.9863058424306 3 1 0 
1 610 6.8 12 0.380376344086022 0.479838709677419 59.1054657247509 3 -1 0 
0 610 9.2 13 0.408444022770398 0.323387096774194 52.8551566850098 3 1 0 
1 620 6.8 13 0.451612903225806 0.520161290322581 44.9529418342631 3 0 0 
0 620 9.2 13 0.460483870967742 0.368548387096774 36.8615639274058 3 0 0 
1 630 6.8 13 0.405577956989247 0.496774193548387 41.8301875976032 3 -1 0 
0 630 9.2 14 0.411600496277916 0.442741935483871 36.1551021529804 3 1 0 
1 640 6.8 13 0.446002805049088 0.461021505376344 40.0408056308865 3 -1 0 
0 640 9.2 14 0.393649193548387 0.470161290322581 31.9822905493925 3 1 0 
1 650 6.8 13 0.467586848635236 0.518145161290323 28.5394463856607 3 -1 0 
0 650 9.2 14 0.499525616698292 0.529838709677419 35.400098394942 3 1 0 
1 660 6.8 13 0.421975806451613 0.508064516129032 12.8549601321824 3 -2 0 
0 660 9.2 15 0.438508064516129 0.52258064516129 30.4894186047734 3 2 0 
1 670 6.8 13 0.440322580645161 0.432795698924731 49.2278754415232 3 -2 0 
0 670 9.2 15 0.455495818399044 0.526612903225806 26.4233601129172 3 2 0 
1 680 6.8 14 0.442288306451613 0.320967741935484 47.9055721808616 3 -1 0 
0 680 9.2 15 0.526209677419355 0.441129032258065 30.0405026567401 3 1 0 
1 690 6.8 14 0.346774193548387 0.394354838709677 48.6669576421866 3 -1 0 
0 690 9.2 15 0.488433786078099 0.407258064516129 34.7480066618651 3 1 0 
1 700 6.8 14 0.38508064516129 0.318548387096774 5.61725417556644 3 -1 0 
0 700 9.2 15 0.464213709677419 0.404233870967742 13.0956990609502 3 1 0 
1 710 6.8 14 0.405086848635236 0.354838709677419 35.9794000135942 3 -2 0 
0 710 9.2 16 0.497013142174432 0.523185483870968 7.18310906376075 3 2 0 
1 720 6.8 14 0.411656891495601 0.456653225806452 40.2325177937496 3 -2 0 
0 720 9.2 16 0.486472424557752 0.488911290322581 15.5638066256236 3 2 0 
1 730 6.8 15 0.385752688172043 0.425 62.1731058951544 3 -1 0 
0 730 9.2 16 0.488191244239631 0.398387096774194 39.2570515860043 3 1 0 
1 740 6.8 15 0.454178885630499 0.413306451612903 50.7543796253329 3 -1 0 
0 740 9.2 16 0.51194743130227 0.454838709677419 40.9080918686376 3 1 0 
1 750 6.8 15 0.420794930875576 0.415322580645161 30.8922790553099 3 -1 0 
0 750 9.2 16 0.415848527349229 0.483870967741936 45.481517076759 3 1 0 
1 760 6.8 15 0.404156327543424 0.448924731182796 42.225632685437 3 -2 0 
0 760 9.2 17 0.386730205278592 0.495161290322581 41.0098957976915 3 2 0 
1 770 6.8 15 0.486042183622829 0.48252688172043 55.1350737940767 3 -2 0 
0 770 9.2 17 0.456854838709677 0.5 43.1876997897359 3 2 0 
1 780 6.8 16 0.439728353140917 0.412298387096774 61.6541453657434 3 -1 0 
0 780 9.2 17 0.384467040673212 0.453629032258065 44.3740900850923 3 1 0 
1 790 6.8 16 0.403225806451613 0.45 63.721794672202 3 -1 0 
0 790 9.2 17 0.377016129032258 0.393817204301075 54.3547086988677 3 1 0 
1 800 6.8 17 0.537065756823821 0.480645161290323 45.1416682911618 3 0 0 
0 800 9.2 17 0.444758064516129 0.256720430107527 37.8470905307933 3 0 0 
1 810 6.8 17 0.518033154121864 0.519354838709677 39.5522887118959 3 0 0 
0 810 9.2 17 0.363213399503722 0.28494623655914 28.8571062329691 3 0 0 
1 820 6.8 17 0.509856630824373 0.468548387096774 48.4317184676562 3 0 0 
0 820 9.2 17 0.349366359447005 0.360215053763441 13.1162430569327 3 0 0 
1 830 6.8 17 0.56320564516129 0.57741935483871 36.1745545710359 3 0 0 
0 830 9.2 17 0.390762463343108 0.325604838709677 11.5805923106368 3 0 0 
1 840 6.8 17 0.508736559139785 0.585483870967742 31.8298136775839 3 0 0 
0 840 9.2 17 0.320362903225806 0.30241935483871 29.4243186298444 3 0 0 
1 850 6.8 17 0.486862643080125 0.596774193548387 27.1998530510481 3 0 0 
0 850 9.2 17 0.348607038123167 0.351612903225806 17.434803178748 3 0 0 
1 860 6.8 17 0.629480286738351 0.637903225806452 34.3315211395267 3 0 0 
0 860 9.2 17 0.386859582542694 0.444354838709677 19.6673282171068 3 0 0 
1 870 6.8 17 0.512490165224233 0.594758064516129 42.4407962683838 3 0 0 
0 870 9.2 17 0.362903225806452 0.375806451612903 19.6420942366353 3 0 0 
1 880 6.8 18 0.503054740957967 0.565524193548387 44.1134140285948 3 0 0 
0 880 9.2 18 0.530645161290323 0.309677419354839 7.94742292890828 3 0 0 
1 890 6.8 18 0.631182795698925 0.502688172043011 30.776069914498 3 0 0 
0 890 9.2 18 0.518817204301075 0.330645161290323 14.0085527521667 3 0 0 
1 900 6.8 18 0.506720430107527 0.407258064516129 22.7431308310883 3 0 0 
0 900 9.2 18 0.309727822580645 0.418548387096774 10.4597365621338 3 0 0 
1 910 6.8 18 0.536083540115798 0.356854838709677 6.5 3 0 0 
0 910 9.2 18 0.383064516129032 0.491129032258064 7.20660133441944 3 0 0 
1 920 6.8 18 0.662672811059908 0.325268817204301 37.172285266589 3 0 0 
0 920 9.2 18 0.486559139784946 0.490322580645161 4.42437382524587 3 0 0 
1 930 6.8 18 0.549654377880184 0.337365591397849 18.3713773211136 3 0 0 
0 930 9.2 18 0.343690702087287 0.509677419354839 5.97642005807441 3 0 0 
1 940 6.8 18 0.54925893635571 0.358870967741936 39.8458774328914 3 0 0 
0 940 9.2 18 0.383064516129032 0.489516129032258 18.0947502851243 3 0 0 
1 950 6.8 18 0.604293809938971 0.317741935483871 47.8688681171103 3 -1 0 
0 950 9.2 19 0.490591397849462 0.419354838709677 29.4802865885774 3 1 0 
1 960 6.8 19 0.507544224765869 0.316129032258065 47.3947405019862 3 0 1 
0 960 9.2 19 0.348286290322581 0.387903225806452 45.9208088777434 2 0 -1 
1 970 6.8 19 0.511499402628435 0.343548387096774 51.4937057120354 3 0 1 
0 970 9.2 19 0.384974533106961 0.396774193548387 38.4728805327249 2 0 -1 
1 980 6.8 19 0.519086021505376 0.41633064516129 39.1077042517307 3 -1 1 
0 980 9.2 20 0.408541055718475 0.383870967741936 26.7379628371387 2 1 -1 
1 990 6.8 19 0.444521690767519 0.513104838709677 39.1410076512637 3 -1 1 
0 990 9.2 20 0.394120707596254 0.458064516129032 13.9255448775793 2 1 -1 
1 1000 6.8 19 0.433312655086849 0.536290322580645 42.4532228791343 3 -1 1 
0 1000 9.2 20 0.439852150537634 0.434677419354839 14.4160691910121 2 1 -1 
1 1010 6.8 19 0.530322580645161 0.564516129032258 51.6325137419678 3 -1 1 
0 1010 9.2 20 0.471612903225806 0.476612903225806 9.15307915762693 2 1 -1 
1 1020 6.8 19 0.498309053069719 0.762096774193548 0 3 -1 1 
0 1020 9.2 20 0.439665471923536 0.466935483870968 26.0166687436328 2 1 -1 
1 1030 6.8 19 0.476271712158809 0.774193548387097 0 3 -1 1 
0 1030 9.2 20 0.471572580645161 0.436491935483871 32.6060828458216 2 1 -1 
1 1040 6.8 19 0.5 0.512096774193548 61.0921435210781 3 -1 1 
0 1040 9.2 20 0.579242636746143 0.469354838709677 44.2763018378714 2 1 -1 
1 1050 6.8 20 0.456905241935484 0.270161290322581 0 3 -1 1 
0 1050 9.2 21 0.519153225806452 0.474193548387097 54.1909747396793 2 1 -1 
1 1060 6.8 20 0.447817836812144 0.318548387096774 0 3 -1 1 
0 1060 9.2 21 0.484543010752688 0.517741935483871 32.7668407474099 2 1 -1 
1 1070 6.8 20 0.419354838709677 0.169354838709677 0 3 -1 1 
0 1070 9.2 21 0.530376344086022 0.545967741935484 19.8643395749316 2 1 -1 
1 1080 6.8 20 0.420698924731183 0.181451612903226 12.7535483085735 3 -1 1 
0 1080 9.2 21 0.473790322580645 0.620967741935484 25.4031031128296 2 1 -1 
1 1090 6.8 20 0.470897615708275 0.229838709677419 8.94835944867025 3 -1 1 
0 1090 9.2 21 0.47116935483871 0.708870967741935 9.54115391665742 2 1 -1 
1 1100 6.8 20 0.477918586789555 0.28494623655914 4.16909460498711 3 -1 1 
0 1100 9.2 21 0.466793168880455 0.663709677419355 3.5955029497832 2 1 -1 
1 1110 6.8 20 0.414650537634409 0.245967741935484 19.5652284977307 3 -1 1 
0 1110 9.2 21 0.410865874363328 0.658870967741936 4.88678810924627 2 1 -1 
1 1120 6.8 20 0.429280397022332 0.262096774193548 5.47373117396101 3 -1 1 
0 1120 9.2 21 0.420203735144312 0.673387096774194 4.114280452002 2 1 -1 
1 1130 6.8 20 0.504032258064516 0.423387096774194 2.76179442859535 3 -1 1 
0 1130 9.2 21 0.461100569259962 0.559475806451613 11.5243016723285 2 1 -1 
1 1140 6.8 20 0.476553166069295 0.376344086021505 42.0629574697608 3 -1 1 
0 1140 9.2 21 0.386622390891841 0.47883064516129 15.1835630266071 2 1 -1 
1 1150 6.8 20 0.498064516129032 0.416666666666667 21.6147785599143 3 -1 1 
0 1150 9.2 21 0.404089861751152 0.496975806451613 3.08216988547357 2 1 -1 
1 1160 6.8 21 0.604166666666667 0.441532258064516 15.5080624192708 3 -1 1 
0 1160 9.2 22 0.573821339950372 0.491935483870968 4.7169905660283 2 1 -1 
1 1170 6.8 21 0.490954664341761 0.483870967741936 27.2946881279124 3 -1 1 
0 1170 9.2 22 0.467540322580645 0.483870967741936 7.43303437365925 2 1 -1 
1 1180 6.8 21 0.518548387096774 0.393817204301075 43.2984285608284 3 -1 1 
0 1180 9.2 22 0.498790322580645 0.44758064516129 0 2 1 -1 
1 1190 6.8 21 0.639314516129032 0.477150537634409 26.4263158925609 3 -1 2 
0 1190 9.2 22 0.558823529411765 0.316532258064516 11.2805141726785 1 1 -2 
1 1200 6.8 21 0.426881720430108 0.495967741935484 28.8431191052211 3 -1 3 
0 1200 9.2 22 0.464605734767025 0.262096774193548 20.8806130178211 0 1 -3 
1 1210 6.8 21 0.480303970223325 0.402217741935484 42.675264082017 3 -1 3 
0 1210 9.2 22 0.47474533106961 0.272177419354839 9.01387818865997 0 1 -3 
1 1220 6.8 21 0.553016726403823 0.418346774193548 38.6671371110271 3 -1 3 
0 1220 9.2 22 0.554838709677419 0.220766129032258 21.587751641611 0 1 -3 
1 1230 6.8 21 0.425830889540567 0.481182795698925 37.7048966930001 3 -1 3 
0 1230 9.2 22 0.449308755760369 0.209677419354839 11.4299026669412 0 1 -3 
1 1240 6.8 21 0.537634408602151 0.425403225806452 42.3615391599503 3 -1 3 
0 1240 9.2 22 0.484767025089606 0.243548387096774 11.8184091570085 0 1 -3 
1 1250 6.8 22 0.560613943808533 0.411290322580645 11.629703349613 3 0 3 
0 1250 9.2 22 0.562618595825427 0.253225806451613 15.1661539150474 0 0 -3 
1 1260 6.8 22 0.43977627471384 0.409274193548387 1.58113883008419 3 0 3 
0 1260 9.2 22 0.415034562211982 0.376612903225806 13.580722951606 0 0 -3 
1 1270 6.8 22 0.446184863523573 0.336693548387097 11.4236596587959 2 -1 2 
0 1270 9.2 23 0.481748726655348 0.507258064516129 26.6457625142356 0 1 -2 
1 1280 6.8 22 0.471308933002481 0.254032258064516 6.57647321898295 2 -1 2 
0 1280 9.2 23 0.493421052631579 0.588709677419355 43.9666138751232 0 1 -2 
1 1290 6.8 22 0.408705541770058 0.225806451612903 3.20156211871642 2 -1 2 
0 1290 9.2 23 0.426146010186757 0.585483870967742 48.7989051266278 0 1 -2 
1 1300 6.8 22 0.53110599078341 0.211693548387097 20.3960615538228 2 -1 2 
0 1300 9.2 23 0.432258064516129 0.550806451612903 42.2817535336634 0 1 -2 
1 1310 6.8 22 0.612266553480475 0.320967741935484 21.4170665184507 2 -1 2 
0 1310 9.2 23 0.466733870967742 0.487903225806452 30.2033392925372 0 1 -2 
1 1320 6.8 22 0.522609447004608 0.426612903225806 22.2830600029226 2 -1 2 
0 1320 9.2 23 0.360131048387097 0.462701612903226 30.8900020557128 0 1 -2 
1 1330 6.8 22 0.489130434782609 0.465322580645161 23.3484962391684 2 -1 2 
0 1330 9.2 23 0.375 0.41633064516129 25.4110088398329 0 1 -2 
1 1340 6.8 22 0.483870967741936 0.492741935483871 39.4015288566075 2 -1 2 
0 1340 9.2 23 0.408357771260997 0.368951612903226 31.8744725414981 0 1 -2 
1 1350 6.8 22 0.52570564516129 0.510483870967742 46.2878584714513 2 -1 2 
0 1350 9.2 23 NaN 0.438508064516129 40.4623129880782 0 1 -2 
