1 30 4.8 1 NaN 0.20241935483871 17.4734179765111 3 0 0 
0 30 6.6 1 NaN 0.252688172043011 26.1070525877068 3 0 0 
1 40 4.8 1 NaN 0.228225806451613 10.4827573697704 3 0 0 
0 40 6.6 1 NaN 0.293346774193548 26.8970506687932 3 0 0 
1 50 4.8 1 0.379032258064516 0.320967741935484 19.5093392995009 3 0 0 
0 50 6.6 1 0.38239247311828 0.284677419354839 31.4002539273966 3 0 0 
1 60 4.8 1 0.383064516129032 0.432258064516129 28.2125113216696 3 0 0 
0 60 6.6 1 0.383064516129032 0.392137096774194 37.0600325870974 3 0 0 
1 70 4.8 1 0.396281362007168 0.458064516129032 22.5345286903924 3 0 0 
0 70 6.6 1 0.419758064516129 0.459677419354839 34.9038714486573 3 0 0 
1 80 4.8 1 0.466532258064516 0.487096774193548 23.5778321843318 3 0 0 
0 80 6.6 1 0.47913744740533 0.477822580645161 27.9306384306929 3 0 0 
1 90 4.8 1 0.401774193548387 0.495161290322581 26.2001833972448 3 0 0 
0 90 6.6 1 0.417547274749722 0.491935483870968 24.294913677557 3 0 0 
1 100 4.8 1 0.395564516129032 0.487096774193548 25.5790251481079 3 0 0 
0 100 6.6 1 0.39375 0.484677419354839 23.0520770416883 3 0 0 
1 110 4.8 2 0.481960950764007 0.47258064516129 21.2793874651056 3 0 0 
0 110 6.6 2 0.468581989247312 0.503225806451613 24.9058976324653 3 0 0 
1 120 4.8 2 0.418010752688172 0.487903225806452 21.5537559243827 3 0 0 
0 120 6.6 2 0.425830889540567 0.481451612903226 27.4592370444229 3 0 0 
1 130 4.8 2 0.401689708141321 0.489516129032258 20.2614696987844 3 0 0 
0 130 6.6 2 0.438508064516129 0.470967741935484 26.5511126075189 3 0 0 
1 140 4.8 2 0.456479421579533 0.484879032258065 23.6332880752297 3 -1 0 
0 140 6.6 3 0.462197580645161 0.487096774193548 23.806449550277 3 1 0 
1 150 4.8 3 0.42442767950052 0.497983870967742 28.0758555949711 3 0 0 
0 150 6.6 3 0.421676441837732 0.467741935483871 24.2143230883195 3 0 0 
1 160 4.8 3 0.431643625192012 0.416935483870968 39.9650280412502 3 0 0 
0 160 6.6 3 0.463387096774194 0.5 23.8754193046816 3 0 0 
1 170 4.8 3 0.459425403225806 0.469758064516129 23.9358816117507 3 -1 0 
0 170 6.6 4 0.474765868886576 0.484677419354839 17.5910541056128 3 1 0 
1 180 4.8 3 0.407258064516129 0.509072580645161 29.1783484728819 3 -1 0 
0 180 6.6 4 0.438211574952562 0.483064516129032 23.4815864363617 3 1 0 
1 190 4.8 4 0.404508797653959 0.424193548387097 44.4111138519111 3 0 0 
0 190 6.6 4 0.479032258064516 0.475 24.3041905135917 3 0 0 
1 200 4.8 4 0.454877112135177 0.445161290322581 35.2178010859871 3 0 0 
0 200 6.6 4 0.475389321468298 0.475806451612903 19.973400262098 3 0 0 
1 210 4.8 4 0.424789621318373 0.469354838709677 25.2042625796626 3 -1 0 
0 210 6.6 5 0.435483870967742 0.490322580645161 24.7967642406567 3 1 0 
1 220 4.8 4 0.421594982078853 0.470967741935484 22.9616062880203 3 -1 0 
0 220 6.6 5 0.454943899018233 0.491129032258064 25.2885904457916 3 1 0 
1 230 4.8 5 0.453293010752688 0.492741935483871 24.6297683397164 3 0 0 
0 230 6.6 5 0.46505376344086 0.5 27.6301999934197 3 0 0 
1 240 4.8 5 0.440615835777126 0.421774193548387 33.7286182537673 3 0 0 
0 240 6.6 5 0.426344086021505 0.471774193548387 32.4467036460572 3 0 0 
1 250 4.8 6 0.410714285714286 0.492943548387097 23.0119458174408 3 0 0 
0 250 6.6 6 0.440967741935484 0.429032258064516 34.164535747183 3 0 0 
1 260 4.8 6 0.485483870967742 0.506048387096774 18.4149005137568 3 0 0 
0 260 6.6 6 0.447148617511521 0.460483870967742 32.2291713580208 3 0 0 
1 270 4.8 6 0.418064516129032 0.429838709677419 36.5108085063723 3 0 0 
0 270 6.6 6 0.459914611005693 0.496774193548387 29.6086086149613 3 0 0 
1 280 4.8 6 0.424354838709677 0.420967741935484 30.6378141555577 3 0 0 
0 280 6.6 6 0.454301075268817 0.495967741935484 30.0426742184173 3 0 0 
1 290 4.8 6 0.451796187683284 0.440322580645161 28.7435255062824 3 -1 0 
0 290 6.6 7 0.491431451612903 0.49758064516129 27.2142306078705 3 1 0 
1 300 4.8 6 0.394736842105263 0.468548387096774 26.7960166055087 3 -1 0 
0 300 6.6 7 0.451344086021505 0.499193548387097 26.3092930000849 3 1 0 
1 310 4.8 7 0.426869501466276 0.455645161290323 25.0829448517327 3 0 0 
0 310 6.6 7 0.417842741935484 0.491129032258064 27.5704173358023 3 0 0 
1 320 4.8 7 0.463008415147265 0.457661290322581 31.6730205054442 3 0 0 
0 320 6.6 7 0.453052995391705 0.486290322580645 26.6249344437741 3 0 0 
1 330 4.8 7 0.397440392706872 0.410483870967742 42.4586641943832 3 0 0 
0 330 6.6 7 0.421451612903226 0.429838709677419 20.3135814889915 3 0 0 
1 340 4.8 7 0.40383064516129 0.433870967741935 42.3789496185709 3 -1 0 
0 340 6.6 8 0.411107038123167 0.460685483870968 13.9161032495668 3 1 0 
1 350 4.8 8 0.473896434634974 0.467741935483871 33.7283161598868 3 0 0 
0 350 6.6 8 0.459057071960298 0.483870967741936 14.0988084056075 3 0 0 
1 360 4.8 8 0.395497311827957 0.504032258064516 22.8879478200139 3 0 0 
0 360 6.6 8 0.436617943548387 0.380040322580645 32.326414460222 3 0 0 
1 370 4.8 8 0.392857142857143 0.408064516129032 31.3438581277167 3 0 0 
0 370 6.6 8 0.440967741935484 0.379838709677419 41.8760321119655 3 0 0 
1 380 4.8 8 0.457478005865103 0.448387096774194 22.2103902930704 3 0 0 
0 380 6.6 8 0.478555718475073 0.409677419354839 32.5386158230069 3 0 0 
1 390 4.8 8 0.404435483870968 0.474193548387097 24.4170349186625 3 0 0 
0 390 6.6 8 0.412037037037037 0.458064516129032 30.4773947884039 3 0 0 
1 400 4.8 9 0.395766129032258 0.528225806451613 23.130309722234 3 1 0 
0 400 6.6 8 0.39207779886148 0.446774193548387 23.7104083089987 3 -1 0 
1 410 4.8 9 0.45437181663837 0.530645161290323 27.5416183214693 3 0 0 
0 410 6.6 9 0.450682382133995 0.367741935483871 40.689719777116 3 0 0 
1 420 4.8 9 0.454423264907136 0.532258064516129 25.0744416215358 3 0 0 
0 420 6.6 9 0.381804435483871 0.371774193548387 32.4327511642809 3 0 0 
1 430 4.8 9 0.485887096774194 0.475 31.6238929788733 3 0 0 
0 430 6.6 9 0.383276740237691 0.433064516129032 22.6143832480996 3 0 0 
1 440 4.8 9 0.506496415770609 0.516129032258065 21.3797837117276 3 0 0 
0 440 6.6 9 0.404793906810036 0.416129032258065 20.8467636626328 3 0 0 
1 450 4.8 10 0.437708565072303 0.499193548387097 13.4758456248927 3 1 0 
0 450 6.6 9 0.410514888337469 0.473387096774194 17.5179842263567 3 -1 0 
1 460 4.8 10 0.435867895545315 0.457258064516129 8.47961844470096 3 1 0 
0 460 6.6 9 0.421283309957924 0.476612903225806 21.184098110924 3 -1 0 
1 470 4.8 10 0.469982078853047 0.5 9.48260504990078 3 0 0 
0 470 6.6 10 0.465542521994135 0.476612903225806 21.6104114682843 3 0 0 
1 480 4.8 10 0.424360400444939 0.5 12.0458320594871 3 0 0 
0 480 6.6 10 0.393934081346424 0.456989247311828 28.1580477057539 3 0 0 
1 490 4.8 10 0.401612903225806 0.5 12.2781742822207 3 0 0 
0 490 6.6 10 0.411290322580645 0.479838709677419 26.1885679794237 3 0 0 
1 500 4.8 11 0.466081593927894 0.465725806451613 23.7321612908457 3 1 0 
0 500 6.6 10 0.463440860215054 0.326612903225806 35.2831133836056 3 -1 0 
1 510 4.8 11 0.382352941176471 0.430443548387097 20.0531656725707 3 1 0 
0 510 6.6 10 0.46445246179966 0.398387096774194 47.606363971836 3 -1 0 
1 520 4.8 11 0.382258064516129 0.420698924731183 14.6948727734397 3 0 0 
0 520 6.6 11 0.51235691987513 0.433870967741935 34.1679641828168 3 0 0 
1 530 4.8 11 0.40241935483871 0.319556451612903 27.1375489980187 3 0 0 
0 530 6.6 11 0.554198292220114 0.468548387096774 30.1248951607214 3 0 0 
1 540 4.8 11 0.357910906298003 0.375 26.2253582894992 3 0 0 
0 540 6.6 11 0.482173174872666 0.512096774193548 24.0945996557472 3 0 0 
1 550 4.8 11 0.412298387096774 0.34758064516129 32.1537285775648 3 -1 0 
0 550 6.6 12 0.475806451612903 0.514516129032258 19.5424518480008 3 1 0 
1 560 4.8 12 0.415559772296015 0.415322580645161 19.1765371330064 3 0 0 
0 560 6.6 12 0.524697580645161 0.544354838709677 22.3627648092416 3 0 0 
1 570 4.8 12 0.404953917050691 0.439516129032258 21.3373754315555 3 0 0 
0 570 6.6 12 0.466490545050056 0.585685483870968 13.9092798355571 3 0 0 
1 580 4.8 12 0.41342504743833 0.448924731182796 14.9148995063391 3 0 0 
0 580 6.6 12 0.435291858678955 0.549395161290323 16.990394877782 3 0 0 
1 590 4.8 12 0.425219941348974 0.440860215053763 4.2522993481329 3 0 0 
0 590 6.6 12 0.478158602150538 0.441935483870968 36.5360464072214 3 0 0 
1 600 4.8 12 0.379727474972191 0.340322580645161 28.5124747948046 3 0 0 
0 600 6.6 12 0.475806451612903 0.504032258064516 30.9663127762316 3 0 0 
1 610 4.8 12 0.420595533498759 0.339516129032258 19.1398586971447 3 0 0 
0 610 6.6 12 0.481671554252199 0.546774193548387 18.3491002755382 3 0 0 
1 620 4.8 13 0.442288306451613 0.445161290322581 19.117199115968 3 1 0 
0 620 6.6 12 0.568792766373412 0.44489247311828 23.0633236406416 3 -1 0 
1 630 4.8 13 0.370192307692308 0.469354838709677 21.7119327292922 3 0 0 
0 630 6.6 13 0.495967741935484 0.420698924731183 22.2346361089989 3 0 0 
1 640 4.8 13 0.431595622119816 0.468548387096774 21.2351748012182 3 0 0 
0 640 6.6 13 0.46712158808933 0.412634408602151 22.8382233366245 3 0 0 
1 650 4.8 13 0.434886499402628 0.490322580645161 18.5808010786731 3 0 0 
0 650 6.6 13 0.474193548387097 0.321774193548387 43.1562056954418 3 0 0 
1 660 4.8 13 0.416055718475073 0.475806451612903 21.9083024869358 3 0 0 
0 660 6.6 13 0.418850806451613 0.403225806451613 28.0664501729999 3 0 0 
1 670 4.8 14 0.493375576036866 0.512903225806452 29.892393539737 3 1 0 
0 670 6.6 13 0.386460101867572 0.425806451612903 24.3771245296038 3 -1 0 
1 680 4.8 14 0.562425328554361 0.498387096774194 25.7493926036 3 1 0 
0 680 6.6 13 0.407258064516129 0.438508064516129 16.2572600398787 3 -1 0 
1 690 4.8 15 0.478494623655914 0.484677419354839 47.1799633275594 3 2 0 
0 690 6.6 13 0.369239631336406 0.44758064516129 2.82842712474619 3 -2 0 
1 700 4.8 15 0.497358175750834 0.518145161290323 55.491727787742 3 1 0 
0 700 6.6 14 0.399385560675883 0.449596774193548 5.02493781056045 3 -1 0 
1 710 4.8 15 0.582930107526882 0.599798387096774 47.7114096692251 3 1 0 
0 710 6.6 14 0.409584367245658 0.365591397849462 36.7644387310572 3 -1 0 
1 720 4.8 15 0.491935483870968 0.631048387096774 38.2094733222786 3 1 0 
0 720 6.6 14 0.404301075268817 0.276881720430108 35.8422892275048 3 -1 0 
1 730 4.8 16 0.457741935483871 0.652217741935484 37.1342224130081 3 2 0 
0 730 6.6 14 0.453273244781784 0.242943548387097 25.489256406023 3 -2 0 
1 740 4.8 16 0.536290322580645 0.52741935483871 48.6540196822541 3 2 0 
0 740 6.6 14 0.477318548387097 0.269153225806452 22.9487406724214 3 -2 0 
1 750 4.8 16 0.46496106785317 0.536290322580645 37.395140070694 3 2 0 
0 750 6.6 14 0.415322580645161 0.340725806451613 18.7479934948087 3 -2 0 
1 760 4.8 16 0.404776674937965 0.467741935483871 29.6951685226751 3 2 0 
0 760 6.6 14 0.409274193548387 0.417338709677419 29.0136493352039 3 -2 0 
1 770 4.8 16 0.451612903225806 0.390322580645161 42.9388003372885 3 2 0 
0 770 6.6 14 0.417338709677419 0.470766129032258 35.7443338950577 3 -2 0 
1 780 4.8 16 0.417601683029453 0.426612903225806 24.1272809188555 3 1 0 
0 780 6.6 15 0.443324372759857 0.481182795698925 38.8981892585266 3 -1 0 
1 790 4.8 17 0.409879032258065 0.508870967741936 20.6625158825774 3 2 0 
0 790 6.6 15 0.470506912442396 0.38508064516129 43.6937357094491 3 -2 0 
1 800 4.8 17 0.478046594982079 0.505645161290323 21.7142465803123 3 2 0 
0 800 6.6 15 0.505254154447703 0.430443548387097 43.4668639295073 3 -2 0 
1 810 4.8 17 0.398329493087558 0.454838709677419 31.2119757610901 3 2 0 
0 810 6.6 15 0.479838709677419 0.464717741935484 28.6124044067484 3 -2 0 
1 820 4.8 17 0.416595925297114 0.414516129032258 23.2216234718466 3 2 0 
0 820 6.6 15 0.478629032258065 0.479838709677419 13.6557808391473 3 -2 0 
1 830 4.8 17 0.450268817204301 0.409677419354839 32.2756663396783 3 2 0 
0 830 6.6 15 0.492741935483871 0.433870967741935 12.2590637702017 3 -2 0 
1 840 4.8 17 0.409475806451613 0.375 21.3258321977718 3 2 0 
0 840 6.6 15 0.474875930521092 0.37741935483871 34.7607033819959 3 -2 0 
1 850 4.8 17 0.390456989247312 0.369354838709677 21.7386510814168 3 2 0 
0 850 6.6 15 0.453503024193548 0.349798387096774 34.1071783321749 3 -2 0 
1 860 4.8 18 0.412186379928315 0.449193548387097 23.7823371846212 3 2 0 
0 860 6.6 16 0.480879292403746 0.445564516129032 21.9119733148418 3 -2 0 
1 870 4.8 18 0.411290322580645 0.476612903225806 21.5253165282802 3 2 0 
0 870 6.6 16 0.459447004608295 0.508064516129032 14.9857584019506 3 -2 0 
1 880 4.8 18 0.430740037950664 0.454838709677419 18.6221536040802 3 2 0 
0 880 6.6 16 0.464265850945495 0.550403225806452 11.8816001635716 3 -2 0 
1 890 4.8 18 0.487282878411911 0.448387096774194 14.8802971337144 3 2 0 
0 890 6.6 16 0.532096774193548 0.549395161290323 15.8384112672636 3 -2 0 
1 900 4.8 18 0.390483870967742 0.341935483870968 14.9530966054253 3 2 0 
0 900 6.6 16 0.494254032258065 0.504032258064516 51.8016728356787 3 -2 0 
1 910 4.8 18 0.410534274193548 0.32741935483871 12.2251577362865 3 2 0 
0 910 6.6 16 0.456340378197998 0.531451612903226 44.7606855885361 3 -2 0 
1 920 4.8 18 0.43839605734767 0.338709677419355 10.8743432701024 3 2 0 
0 920 6.6 16 0.534119106699752 0.524193548387097 25.6575161519286 3 -2 0 
1 930 4.8 18 0.391678885630499 0.429838709677419 12.8834157509845 3 2 0 
0 930 6.6 16 0.467453917050691 0.504032258064516 21.4536192597513 3 -2 0 
1 940 4.8 18 0.397071307300509 0.487096774193548 17.5379496122196 3 1 0 
0 940 6.6 17 0.432096774193548 0.492943548387097 15.380792547142 3 -1 0 
1 950 4.8 19 0.481182795698925 0.495161290322581 15.8485395986133 3 2 0 
0 950 6.6 17 0.488752122241087 0.519153225806452 14.2938526339899 3 -2 0 
1 960 4.8 19 0.452078163771712 0.46875 20.2749487141701 3 2 0 
0 960 6.6 17 0.448185483870968 0.544354838709677 19.723082923316 3 -2 0 
1 970 4.8 19 0.48697270471464 0.475806451612903 15.9579456783862 3 2 0 
0 970 6.6 17 0.425996204933586 0.512096774193548 0 3 -2 0 
1 980 4.8 19 0.524625576036866 0.523185483870968 24.1769850193627 3 2 0 
0 980 6.6 17 0.448200992555831 0.32258064516129 0 3 -2 0 
1 990 4.8 20 0.524894810659187 0.59375 18.7404899785598 3 3 0 
0 990 6.6 17 0.34923835125448 0.207661290322581 31.5634282041733 3 -3 0 
1 1000 4.8 20 0.536290322580645 0.632056451612903 10.741967118043 3 3 0 
0 1000 6.6 17 0.350470430107527 0.252016129032258 4.30116263352131 3 -3 0 
1 1010 4.8 20 0.597278225806452 0.660282258064516 13.5250963519637 3 2 0 
0 1010 6.6 18 0.285282258064516 0.209677419354839 26.1924644011013 3 -2 0 
1 1020 4.8 20 0.517741935483871 0.710685483870968 2.39736648933916 3 2 0 
0 1020 6.6 18 0.28168202764977 0.201612903225806 14.1977317263225 3 -2 0 
1 1030 4.8 20 0.545483870967742 0.606451612903226 46.6159153996686 3 2 0 
0 1030 6.6 18 0.310987903225806 0.22883064516129 7.03958254830432 3 -2 0 
1 1040 4.8 20 0.622311827956989 0.64758064516129 24.8815254457936 3 2 1 
0 1040 6.6 18 0.294690860215054 0.243951612903226 3.53553390593274 2 -2 -1 
1 1050 4.8 21 0.516705069124424 0.675806451612903 13.1906199655168 3 3 1 
0 1050 6.6 18 0.298924731182796 0.252016129032258 13.729530217746 2 -3 -1 
1 1060 4.8 21 0.502538829151732 0.678225806451613 20.7044834858553 3 3 1 
0 1060 6.6 18 0.399529569892473 0.268145161290323 17.3277234511635 2 -3 -1 
1 1070 4.8 21 0.583064516129032 0.545161290322581 20.3358729893306 3 3 1 
0 1070 6.6 18 0.399529569892473 0.217741935483871 15.2593487337303 2 -3 -1 
1 1080 4.8 21 0.495592648162041 0.593548387096774 28.2962217515874 3 3 1 
0 1080 6.6 18 0.341501240694789 0.297043010752688 17.4527544902139 2 -3 -1 
1 1090 4.8 21 0.464330024813896 0.661290322580645 19.1812804280798 3 3 1 
0 1090 6.6 18 0.334677419354839 0.310483870967742 10.9133429972261 2 -3 -1 
1 1100 4.8 21 0.606014784946237 0.72258064516129 6.46234073315988 3 3 1 
0 1100 6.6 18 0.317876344086022 0.173387096774194 18.5042824891615 2 -3 -1 
1 1110 4.8 21 0.54542220113852 0.773387096774194 3.64824152486382 3 3 1 
0 1110 6.6 18 0.314516129032258 0.231854838709677 25.5369430848747 2 -3 -1 
1 1120 4.8 21 0.647009408602151 0.793548387096774 8.69895221695333 3 2 2 
0 1120 6.6 19 0.315615835777126 0.248655913978495 30.3957730266194 1 -2 -2 
1 1130 4.8 21 0.727918586789554 0.805645161290323 3.70299646106058 3 2 2 
0 1130 6.6 19 0.286656891495601 0.266129032258065 33.7675880098061 1 -2 -2 
1 1140 4.8 21 0.672715053763441 0.795967741935484 13.1333349051522 3 2 2 
0 1140 6.6 19 0.358870967741936 0.284274193548387 35.5316760088797 1 -2 -2 
1 1150 4.8 21 0.786290322580645 0.817204301075269 3.05366211794927 3 2 2 
0 1150 6.6 19 NaN 0.145161290322581 0 1 -2 -2 
