1 30 15 1 NaN 0.266935483870968 21.5261258430906 3 0 0 
0 30 5.4 1 NaN 0.285483870967742 16.0740038385707 3 0 0 
1 40 15 1 NaN 0.288709677419355 20.9771215733333 3 0 0 
0 40 5.4 1 NaN 0.344758064516129 21.6030076279774 3 0 0 
1 50 15 1 0.369175627240143 0.353225806451613 17.6695283451558 3 0 0 
0 50 5.4 1 0.368548387096774 0.428225806451613 32.6132990278419 3 0 0 
1 60 15 1 0.364247311827957 0.484677419354839 16.4997260604568 3 0 0 
0 60 5.4 1 0.364247311827957 0.510483870967742 40.5226977298473 3 0 0 
1 70 15 1 0.434715821812596 0.478225806451613 21.7212140505042 3 0 0 
0 70 5.4 1 0.398790322580645 0.508870967741936 36.339241221136 3 0 0 
1 80 15 1 0.473286290322581 0.494354838709677 20.4915452675094 3 0 0 
0 80 5.4 1 0.446805210918114 0.47741935483871 30.5066196026758 3 0 0 
1 90 15 1 0.407258064516129 0.465322580645161 23.8655559380675 3 0 0 
0 90 5.4 1 0.38508064516129 0.47258064516129 28.1426234567308 3 0 0 
1 100 15 1 0.40704584040747 0.478225806451613 36.8098449050148 3 0 0 
0 100 5.4 1 0.416171477079796 0.484677419354839 34.4370736847339 3 0 0 
1 110 15 2 0.46984572230014 0.512903225806452 37.2364983483883 3 0 0 
0 110 5.4 2 0.444424964936886 0.476612903225806 37.5347964017717 3 0 0 
1 120 15 2 0.402217741935484 0.488709677419355 35.6435027948252 3 0 0 
0 120 5.4 2 0.369134897360704 0.509677419354839 36.4173678263864 3 0 0 
1 130 15 2 0.397920203735144 0.469354838709677 40.588112511643 3 0 0 
0 130 5.4 2 0.402973790322581 0.483870967741936 39.6117790869641 3 0 0 
1 140 15 3 0.452044930875576 0.496774193548387 30.6173015095261 3 1 0 
0 140 5.4 2 0.461693548387097 0.492741935483871 30.448783390168 3 -1 0 
1 150 15 3 0.42623339658444 0.512096774193548 28.9250237570124 3 0 0 
0 150 5.4 3 0.364247311827957 0.465322580645161 31.6568601228916 3 0 0 
1 160 15 3 0.46273637374861 0.444354838709677 40.3498934108191 3 0 0 
0 160 5.4 3 0.380376344086022 0.449193548387097 33.5073201703215 3 0 0 
1 170 15 4 0.471514047866805 0.485483870967742 31.639932614336 3 1 0 
0 170 5.4 3 0.440860215053763 0.456451612903226 33.8767054516915 3 -1 0 
1 180 15 4 0.43595825426945 0.508064516129032 16.5449496699284 3 0 0 
0 180 5.4 4 0.37429873772791 0.469354838709677 30.6707209985515 3 0 0 
1 190 15 4 0.459151472650771 0.537634408602151 27.1466190526215 3 0 0 
0 190 5.4 4 0.386460101867572 0.365322580645161 27.2904592406178 3 0 0 
1 200 15 5 0.475657108721625 0.356451612903226 46.4168413754682 3 0 0 
0 200 5.4 5 0.440136476426799 0.375 37.272714168866 3 0 0 
1 210 15 5 0.392369727047146 0.39758064516129 32.7362666951842 3 0 0 
0 210 5.4 5 0.395310633213859 0.415322580645161 26.821357710145 3 0 0 
1 220 15 5 0.423036465638149 0.443548387096774 35.117007023854 3 0 0 
0 220 5.4 5 0.413306451612903 0.468548387096774 29.1433377281892 3 0 0 
1 230 15 6 0.442204301075269 0.441935483870968 35.4018331715776 3 0 0 
0 230 5.4 6 0.470934139784946 0.501612903225806 29.9222250046225 3 0 0 
1 240 15 6 0.385322580645161 0.466935483870968 36.7891466807453 3 0 0 
0 240 5.4 6 0.391129032258065 0.513709677419355 31.7632421839115 3 0 0 
1 250 15 6 0.470161290322581 0.465322580645161 32.6871549755175 3 0 0 
0 250 5.4 6 0.402073732718894 0.507258064516129 35.2041187764408 3 0 0 
1 260 15 6 0.446983273596177 0.469354838709677 29.0764729081552 3 0 0 
0 260 5.4 6 0.44489247311828 0.484677419354839 31.8657443709717 3 0 0 
1 270 15 6 0.398709677419355 0.465725806451613 31.7087178100686 3 0 0 
0 270 5.4 6 0.380434782608696 0.474193548387097 34.7666932372285 3 0 0 
1 280 15 6 0.458557347670251 0.467741935483871 36.3551260249075 3 -1 0 
0 280 5.4 7 0.418490783410138 0.476612903225806 30.9471002510338 3 1 0 
1 290 15 7 0.461290322580645 0.368951612903226 39.3166295558812 3 0 0 
0 290 5.4 7 0.441269284712483 0.482258064516129 18.986550418312 3 0 0 
1 300 15 7 0.413162442396313 0.415322580645161 38.3458310864386 3 0 0 
0 300 5.4 7 0.37316715542522 0.481451612903226 23.1513359335503 3 0 0 
1 310 15 7 0.432571684587814 0.415322580645161 32.364278592629 3 0 0 
0 310 5.4 7 0.42116935483871 0.476612903225806 21.8988057027049 3 0 0 
1 320 15 7 0.444281524926686 0.381451612903226 39.6614249259139 3 -1 0 
0 320 5.4 8 0.474579242636746 0.466935483870968 30.7893945778178 3 1 0 
1 330 15 8 0.395322580645161 0.418548387096774 31.0509556400275 3 0 0 
0 330 5.4 8 0.394354838709677 0.47741935483871 37.8628148214494 3 0 0 
1 340 15 8 0.452016129032258 0.494354838709677 30.0094462891948 3 0 0 
0 340 5.4 8 0.393241167434716 0.505645161290323 26.676599318608 3 0 0 
1 350 15 8 0.462989631336406 0.484677419354839 28.299508776916 3 0 0 
0 350 5.4 8 0.44133064516129 0.487903225806452 22.1069101764995 3 0 0 
1 360 15 8 0.419875130072841 0.489516129032258 32.0064534124039 3 0 0 
0 360 5.4 8 0.380208333333333 0.487903225806452 29.6959245076709 3 0 0 
1 370 15 8 0.453190743338008 0.519354838709677 31.8369581167461 3 0 0 
0 370 5.4 8 0.391935483870968 0.474193548387097 31.0800282969329 3 0 0 
1 380 15 9 0.445409429280397 0.508064516129032 39.76869058617 3 0 0 
0 380 5.4 9 0.431653225806452 0.465322580645161 30.0398454746443 3 0 0 
1 390 15 9 0.412933094384707 0.521774193548387 38.1014556985906 3 0 0 
0 390 5.4 9 0.382224462365591 0.45866935483871 25.4306755896837 3 0 0 
1 400 15 9 0.459987593052109 0.528225806451613 37.2471776277364 3 0 0 
0 400 5.4 9 0.419578853046595 0.481854838709677 20.9709887779361 3 0 0 
1 410 15 10 0.477822580645161 0.505040322580645 23.3512065968539 3 1 0 
0 410 5.4 9 0.438814866760168 0.458064516129032 22.4594641044066 3 -1 0 
1 420 15 10 0.403225806451613 0.46875 24.5509052435427 3 0 0 
0 420 5.4 10 0.380960729312763 0.403225806451613 28.740205249598 3 0 0 
1 430 15 11 0.459677419354839 0.425806451612903 38.8698092144837 3 1 0 
0 430 5.4 10 0.376881720430108 0.393817204301075 6.62158068609279 3 -1 0 
1 440 15 11 0.490207373271889 0.489516129032258 31.1427550203762 3 1 0 
0 440 5.4 10 0.442288306451613 0.349798387096774 25.2521037655298 3 -1 0 
1 450 15 11 0.419220430107527 0.554838709677419 28.9314857951287 3 1 0 
0 450 5.4 10 0.362903225806452 0.326612903225806 11.9250223058239 3 -1 0 
1 460 15 11 0.423588709677419 0.566129032258065 4.4330235928597 3 1 0 
0 460 5.4 10 0.360887096774194 0.375806451612903 5.64122780919282 3 -1 0 
1 470 15 11 0.47843618513324 0.646774193548387 6.75232788489353 3 1 0 
0 470 5.4 10 0.439247311827957 0.330645161290323 3.89494341007958 3 -1 0 
1 480 15 11 0.453225806451613 0.575604838709677 4.68278618070384 3 0 0 
0 480 5.4 11 0.362007168458781 0.380645161290323 5.61905327443327 3 0 0 
1 490 15 12 0.453341013824885 0.547043010752688 4.50447359945059 3 1 0 
0 490 5.4 11 0.376061120543294 0.415322580645161 6.26286512161347 3 -1 0 
1 500 15 12 0.472084367245658 0.584677419354839 3.54945051912779 3 1 0 
0 500 5.4 11 0.419758064516129 0.372983870967742 11.0679718105893 3 -1 0 
1 510 15 12 0.440398185483871 0.51008064516129 24.5964432013175 3 1 0 
0 510 5.4 11 0.384032258064516 0.275537634408602 21.8990200450926 3 -1 0 
1 520 15 12 0.47843618513324 0.429838709677419 41.6575113561815 3 1 0 
0 520 5.4 11 0.388379765395894 0.307258064516129 26.6695892760781 3 -1 0 
1 530 15 12 0.482785359801489 0.494959677419355 30.6867099310205 3 1 0 
0 530 5.4 11 0.434371523915462 0.335483870967742 30.4549920017135 3 -1 0 
1 540 15 12 0.413793103448276 0.48991935483871 27.3259964186671 3 0 0 
0 540 5.4 12 0.403592375366569 0.445161290322581 23.5905885373971 3 0 0 
1 550 15 12 0.46116298811545 0.474798387096774 27.2422827486663 3 0 0 
0 550 5.4 12 0.419522849462366 0.485483870967742 23.4535532220857 3 0 0 
1 560 15 13 0.473454301075269 0.344354838709677 40.5448070052126 3 1 0 
0 560 5.4 12 0.438620071684588 0.417741935483871 38.9835030989477 3 -1 0 
1 570 15 13 0.419911012235818 0.375 29.2597735105357 3 1 0 
0 570 5.4 12 0.394677419354839 0.451612903225806 28.0102606048635 3 -1 0 
1 580 15 13 0.41823476702509 0.420967741935484 13.8023194458116 3 1 0 
0 580 5.4 12 0.404838709677419 0.396505376344086 15.7925386262177 3 -1 0 
1 590 15 13 0.463870967741936 0.466935483870968 21.3204657678619 3 1 0 
0 590 5.4 12 0.456653225806452 0.413978494623656 25.5813999468656 3 -1 0 
1 600 15 14 0.429240374609781 0.480645161290323 37.4199582264033 3 1 0 
0 600 5.4 13 0.373900293255132 0.407258064516129 26.4780472015752 3 -1 0 
1 610 15 14 0.446480938416422 0.505645161290323 46.0496081869545 3 1 0 
0 610 5.4 13 0.374798387096774 0.384677419354839 42.7608972781971 3 -1 0 
1 620 15 14 0.491290322580645 0.512096774193548 38.7521652977151 3 1 0 
0 620 5.4 13 0.414650537634409 0.411290322580645 40.830425427369 3 -1 0 
1 630 15 14 0.42130593132154 0.42741935483871 48.5888138817086 3 1 0 
0 630 5.4 13 0.38565668202765 0.452956989247312 33.6610010016008 3 -1 0 
1 640 15 15 0.470307917888563 0.318548387096774 54.1812760965734 3 2 0 
0 640 5.4 13 0.387768817204301 0.342741935483871 29.0903764155777 3 -2 0 
1 650 15 15 0.505865102639296 0.42741935483871 42.9091091262347 3 2 0 
0 650 5.4 13 0.384600614439324 0.230846774193548 28.6541879021185 3 -2 0 
1 660 15 15 0.471980976013234 0.517137096774194 32.7029633931182 3 2 0 
0 660 5.4 13 0.360215053763441 0.236895161290323 15.8073093159778 3 -2 0 
1 670 15 16 0.487377279102384 0.549193548387097 57.7273494562232 3 2 0 
0 670 5.4 14 0.389578163771712 0.241935483870968 16.9976776072486 3 -2 0 
1 680 15 16 0.535483870967742 0.582258064516129 35.5732212528937 3 2 0 
0 680 5.4 14 0.394585253456221 0.271774193548387 16.8825450638255 3 -2 0 
1 690 15 16 0.489516129032258 0.547379032258065 27.1512060151346 3 2 0 
0 690 5.4 14 0.350614439324117 0.345967741935484 4.79178957023953 3 -2 0 
1 700 15 16 0.46562980030722 0.622983870967742 13.1922481536376 3 2 0 
0 700 5.4 14 0.438092979127135 0.386290322580645 14.5658898375898 3 -2 0 
1 710 15 16 0.475439882697947 0.462701612903226 8.70242658300354 3 1 0 
0 710 5.4 15 0.429771505376344 0.441129032258065 10.175952437511 3 -1 0 
1 720 15 16 0.403076463560335 0.421370967741936 12.2391249765504 3 1 0 
0 720 5.4 15 0.414071190211346 0.516935483870968 21.0692984103042 3 -1 0 
1 730 15 16 0.38858234295416 0.37258064516129 29.0806758306909 3 1 0 
0 730 5.4 15 0.420967741935484 0.525806451612903 22.577816969906 3 -1 0 
1 740 15 16 0.439940577249576 0.430645161290323 21.525575306523 3 1 0 
0 740 5.4 15 0.468413978494624 0.507258064516129 18.5300626408582 3 -1 0 
1 750 15 17 0.369318181818182 0.491935483870968 10.4304671256704 3 2 0 
0 750 5.4 15 0.394563918757467 0.475806451612903 24.0260275534679 3 -2 0 
1 760 15 17 0.420474910394265 0.533870967741936 5.79330858147724 3 2 0 
0 760 5.4 15 0.406030855539972 0.483870967741936 25.4803846124818 3 -2 0 
1 770 15 17 0.481451612903226 0.485483870967742 28.7308448938758 3 1 0 
0 770 5.4 16 0.48252688172043 0.431451612903226 29.6184064392398 3 -1 0 
1 780 15 17 0.364247311827957 0.488709677419355 35.8731473844852 3 1 0 
0 780 5.4 16 0.413018433179723 0.433467741935484 34.6770817687994 3 -1 0 
1 790 15 17 0.422811059907834 0.548387096774194 21.3426970612498 3 1 0 
0 790 5.4 16 0.415559772296015 0.313508064516129 31.2501143779963 3 -1 0 
1 800 15 17 0.485412713472486 0.596774193548387 17.6770586196023 3 1 0 
0 800 5.4 16 0.458064516129032 0.309475806451613 18.4945061928581 3 -1 0 
1 810 15 18 0.465613799283154 0.574193548387097 13.9830084920664 3 2 0 
0 810 5.4 16 0.408485273492286 0.374193548387097 7.98436074312982 3 -2 0 
1 820 15 18 0.492943548387097 0.495967741935484 8.51513654068659 3 2 0 
0 820 5.4 16 0.41084229390681 0.416935483870968 22.2691609448724 3 -2 0 
1 830 15 18 0.552707373271889 0.498991935483871 26.3085875910309 3 2 0 
0 830 5.4 16 0.436491935483871 0.399193548387097 40.2925037421392 3 -2 0 
1 840 15 18 0.436175115207373 0.504032258064516 20.6888828720349 3 2 0 
0 840 5.4 16 0.352620967741935 0.426612903225806 45.2308504029616 3 -2 0 
1 850 15 18 0.495679723502304 0.498991935483871 14.5941885468234 3 1 0 
0 850 5.4 17 0.408808933002481 0.394153225806452 38.6752678105025 3 -1 0 
1 860 15 18 0.541745730550285 0.526209677419355 13.6569915694042 3 1 0 
0 860 5.4 17 0.436827956989247 0.423387096774194 20.6589249751733 3 -1 0 
1 870 15 18 0.471438172043011 0.518145161290323 6.07331178301836 3 1 0 
0 870 5.4 17 0.355286738351255 0.490927419354839 19.6899560491086 3 -1 0 
1 880 15 18 0.487039170506912 0.491935483870968 5.86962773231306 3 1 0 
0 880 5.4 17 0.412096774193548 0.494959677419355 5.45918248676153 3 -1 0 
1 890 15 19 0.655086848635236 0.412298387096774 37.6812786590972 3 2 0 
0 890 5.4 17 0.434297912713473 0.360215053763441 36.4161782741499 3 -2 0 
1 900 15 19 0.458455522971652 0.46236559139785 6.93094532115369 3 1 0 
0 900 5.4 18 0.343969144460028 0.403225806451613 36.8408740395773 3 -1 0 
1 910 15 19 0.38152841781874 0.469086021505376 20.9531498813282 3 1 0 
0 910 5.4 18 0.369269949066214 0.425403225806452 31.5673882353292 3 -1 0 
1 920 15 19 0.42684331797235 0.567204301075269 22.4487124497186 3 1 0 
0 920 5.4 18 0.403225806451613 0.379032258064516 1.11803398874989 3 -1 0 
1 930 15 19 0.455318221447254 0.5 6.97527528759293 3 1 0 
0 930 5.4 18 0.381290322580645 0.441532258064516 8.5146931829632 3 -1 0 
1 940 15 19 0.437061711079944 0.475806451612903 9.41664241716387 3 1 0 
0 940 5.4 18 0.376240694789082 0.391129032258065 40.0252961400529 3 -1 0 
1 950 15 19 0.475302419354839 0.417338709677419 35.0438025267471 3 1 0 
0 950 5.4 18 0.402450372208437 0.365927419354839 28.7993151610865 3 -1 0 
1 960 15 20 0.419498847926267 0.390322580645161 43.2210777490953 3 2 0 
0 960 5.4 18 0.379292403746098 0.313709677419355 2.97804928610097 3 -2 0 
1 970 15 20 0.441348973607038 0.494354838709677 31.9941823668731 3 2 0 
0 970 5.4 18 0.417258064516129 0.330645161290323 11.9863108576843 3 -2 0 
1 980 15 20 0.489516129032258 0.541935483870968 15.6048291269215 3 2 0 
0 980 5.4 18 0.460978147762747 0.391129032258065 9.50459735906406 3 -2 0 
1 990 15 20 0.390961021505376 0.519354838709677 18.5586393354899 3 2 0 
0 990 5.4 18 0.440696302124312 0.451612903225806 23.4267650776705 3 -2 0 
1 1000 15 20 0.414516129032258 0.482862903225806 18.9154691436208 3 1 0 
0 1000 5.4 19 0.423387096774194 0.452956989247312 19.374643037502 3 -1 0 
1 1010 15 20 0.454838709677419 0.403225806451613 36.4646951263301 3 1 0 
0 1010 5.4 19 0.478686635944701 0.478494623655914 5.90260427229491 3 -1 0 
1 1020 15 20 0.399503722084367 0.371975806451613 24.3484872712506 3 1 0 
0 1020 5.4 19 0.415645161290323 0.461021505376344 24.2518043324431 3 -1 0 
1 1030 15 20 0.396444281524927 0.424395161290323 16.1548038047529 3 1 0 
0 1030 5.4 19 0.443197755960729 0.438172043010753 32.2736579899473 3 -1 0 
1 1040 15 20 0.438804554079696 0.514112903225806 15.7929086883941 3 1 0 
0 1040 5.4 19 0.445409429280397 0.479838709677419 31.706097482747 3 -1 0 
1 1050 15 20 0.378083491461101 0.523185483870968 12.9317871273742 3 1 0 
0 1050 5.4 19 0.434384164222874 0.376008064516129 29.6715447900412 3 -1 0 
1 1060 15 21 0.381048387096774 0.551411290322581 16.8330888882362 3 2 0 
0 1060 5.4 19 0.450268817204301 0.357258064516129 30.2260038859363 3 -2 0 
1 1070 15 21 0.453629032258065 0.47258064516129 45.9877103323015 3 2 0 
0 1070 5.4 19 0.470825426944971 0.345161290322581 26.5996646251804 3 -2 0 
1 1080 15 21 0.449522102747909 0.498387096774194 23.7166165255057 3 2 0 
0 1080 5.4 19 0.405086848635236 0.412298387096774 33.1621479588573 3 -2 0 
1 1090 15 21 0.4554698457223 0.482258064516129 9.59907626048144 3 1 0 
0 1090 5.4 20 0.372311827956989 0.415322580645161 32.5106842179913 3 -1 0 
1 1100 15 21 0.506048387096774 0.431451612903226 17.3111427037837 3 1 0 
0 1100 5.4 20 0.454493087557604 0.432459677419355 26.6471418904783 3 -1 0 
1 1110 15 21 0.403225806451613 0.445967741935484 17.944727948492 3 1 0 
0 1110 5.4 20 0.400921658986175 0.465725806451613 14.7231444925404 3 -1 0 
1 1120 15 21 0.405680224403927 0.45866935483871 31.1200784486597 3 1 0 
0 1120 5.4 20 0.407258064516129 0.521505376344086 9.20713978866952 3 -1 0 
1 1130 15 21 0.469590053763441 0.496975806451613 29.9120790313174 3 1 0 
0 1130 5.4 20 0.462998102466793 0.483870967741936 6.28098319273587 3 -1 0 
1 1140 15 22 0.467850915431561 0.48991935483871 20.4752693970466 3 2 0 
0 1140 5.4 20 0.369565217391304 0.51008064516129 2.06155281280883 3 -2 0 
1 1150 15 22 0.500260145681582 0.504032258064516 2.93199219258411 3 2 0 
0 1150 5.4 20 0.414081885856079 0.286290322580645 0 3 -2 0 
1 1160 15 22 0.551146010186757 0.504032258064516 13.0022831289017 3 2 0 
0 1160 5.4 20 0.490591397849462 0.310483870967742 0 3 -2 0 
1 1170 15 22 0.505251312828207 0.566532258064516 18.9812473779412 3 2 0 
0 1170 5.4 20 0.327016129032258 0.282258064516129 0 3 -2 0 
1 1180 15 22 0.479838709677419 0.681451612903226 6.90478316231436 3 2 0 
0 1180 5.4 20 0.326302729528536 0.278225806451613 0 3 -2 0 
1 1190 15 22 0.570458404074703 0.604032258064516 46.2724557637774 3 2 1 
0 1190 5.4 20 0.319648093841642 0.229838709677419 10.1118742080783 2 -2 -1 
1 1200 15 22 0.51754577157803 0.67258064516129 38.3781625351494 3 2 1 
0 1200 5.4 20 0.33915770609319 0.183467741935484 13.2853302555864 2 -2 -1 
1 1210 15 22 0.382056451612903 0.728225806451613 29.6247053072053 3 2 1 
0 1210 5.4 20 0.352246543778802 0.139784946236559 2.6427954259114 2 -2 -1 
1 1220 15 23 0.627304147465438 0.776612903225806 17.3987547606518 3 3 1 
0 1220 5.4 20 0.350470430107527 0.162634408602151 2.50984053156137 2 -3 -1 
1 1230 15 23 0.620967741935484 0.787096774193548 8.23278927558104 3 3 1 
0 1230 5.4 20 0.318817204301075 0.229838709677419 6.41883688122582 2 -3 -1 
