1 30 6.4 1 NaN 0.125 3.18370081611882 3 0 0 
0 30 6.8 1 NaN 0.241935483870968 4.96644103413934 3 0 0 
1 40 6.4 1 NaN 0.216935483870968 7.60046705630567 3 0 0 
0 40 6.8 1 NaN 0.270967741935484 9.3882217949623 3 0 0 
1 50 6.4 1 0.370967741935484 0.298387096774194 23.4241051943001 3 0 0 
0 50 6.8 1 0.383064516129032 0.314516129032258 17.1699284102489 3 0 0 
1 60 6.4 1 0.375 0.42741935483871 37.3384659163522 3 0 0 
0 60 6.8 1 0.375 0.470967741935484 27.9575271361882 3 0 0 
1 70 6.4 1 0.386904761904762 0.454032258064516 29.8917591527182 3 0 0 
0 70 6.8 1 0.374596774193548 0.491935483870968 17.5196628975179 3 0 0 
1 80 6.4 1 0.477089442815249 0.489516129032258 18.049579097264 3 0 0 
0 80 6.8 1 0.478739002932551 0.498387096774194 12.5610676230117 3 0 0 
1 90 6.4 1 0.406979977753059 0.485483870967742 16.9083881589708 3 0 0 
0 90 6.8 1 0.419632925472747 0.471774193548387 29.1780438979847 3 0 0 
1 100 6.4 1 0.394635343618513 0.513709677419355 13.7176107351068 3 0 0 
0 100 6.8 1 0.38966275659824 0.390120967741936 47.1393794719126 3 0 0 
1 110 6.4 2 0.471774193548387 0.494354838709677 33.1724493893003 3 0 0 
0 110 6.8 2 0.468509984639017 0.391129032258065 45.2057688181388 3 0 0 
1 120 6.4 2 0.41690668202765 0.495967741935484 35.6132422144343 3 0 0 
0 120 6.8 2 0.412819799777531 0.313709677419355 43.1020872056025 3 0 0 
1 130 6.4 3 0.412298387096774 0.471774193548387 34.2496061503006 3 1 0 
0 130 6.8 2 0.375201612903226 0.385483870967742 38.0348830134001 3 -1 0 
1 140 6.4 3 0.481653225806452 0.493548387096774 31.9704363277762 3 1 0 
0 140 6.8 2 0.465893817204301 0.429838709677419 34.3990405452477 3 -1 0 
1 150 6.4 3 0.393548387096774 0.490322580645161 32.5564575338177 3 1 0 
0 150 6.8 2 0.400161290322581 0.493548387096774 15.777378373617 3 -1 0 
1 160 6.4 3 0.388849929873773 0.47741935483871 25.2269150217525 3 0 0 
0 160 6.8 3 0.405145929339478 0.482258064516129 10.1961808840015 3 0 0 
1 170 6.4 4 0.477910238429173 0.421774193548387 28.4015416939321 3 1 0 
0 170 6.8 3 0.4928955453149 0.48991935483871 3.56495844575043 3 -1 0 
1 180 6.4 4 0.393817204301075 0.478494623655914 29.0832950351494 3 0 0 
0 180 6.8 4 0.412335722819594 0.497983870967742 3.09505418746175 3 0 0 
1 190 6.4 4 0.380568356374808 0.393145161290323 41.5740164944995 3 0 0 
0 190 6.8 4 0.408870967741935 0.424193548387097 27.4590469727571 3 0 0 
1 200 6.4 5 0.470238095238095 0.353225806451613 43.2278683556754 3 1 0 
0 200 6.8 4 0.471102150537634 0.377688172043011 29.5875150925917 3 -1 0 
1 210 6.4 5 0.403781979977753 0.450806451612903 27.1107691652138 3 1 0 
0 210 6.8 4 0.433773216031281 0.431451612903226 25.4000417080573 3 -1 0 
1 220 6.4 5 0.412686104218362 0.448387096774194 25.9684787548598 3 0 0 
0 220 6.8 5 0.411107038123167 0.343548387096774 52.7396648438448 3 0 0 
1 230 6.4 6 0.463112305854241 0.464516129032258 27.4049390830581 3 1 0 
0 230 6.8 5 0.466733870967742 0.451612903225806 35.5329421500036 3 -1 0 
1 240 6.4 6 0.42772952853598 0.479838709677419 30.628848700672 3 1 0 
0 240 6.8 5 0.404354838709677 0.442204301075269 27.0355510743925 3 -1 0 
1 250 6.4 6 0.465638148667602 0.510483870967742 33.1217337576102 3 0 0 
0 250 6.8 6 0.374596774193548 0.429435483870968 34.8173807171074 3 0 0 
1 260 6.4 7 0.458781362007168 0.494354838709677 36.8061825666395 3 1 0 
0 260 6.8 6 0.440967741935484 0.305443548387097 38.3110422720032 3 -1 0 
1 270 6.4 7 0.443817204301075 0.507258064516129 37.1111983229845 3 1 0 
0 270 6.8 6 0.409348864994026 0.318548387096774 43.9246388964123 3 -1 0 
1 280 6.4 7 0.433467741935484 0.503225806451613 39.1706866952839 3 1 0 
0 280 6.8 6 0.448588709677419 0.383870967741935 29.9717468475398 3 -1 0 
1 290 6.4 7 0.490591397849462 0.475 32.7676216390764 3 1 0 
0 290 6.8 6 0.47334229390681 0.437096774193548 36.9891426650234 3 -1 0 
1 300 6.4 8 0.422177419354839 0.45866935483871 24.7928250214831 3 1 0 
0 300 6.8 7 0.397096774193548 0.454032258064516 37.6943167151497 3 -1 0 
1 310 6.4 8 0.418225806451613 0.46236559139785 33.0297251081446 3 1 0 
0 310 6.8 7 0.378072196620584 0.386290322580645 34.4875076525379 3 -1 0 
1 320 6.4 8 0.494959677419355 0.38508064516129 43.3906852968653 3 1 0 
0 320 6.8 7 0.475806451612903 0.342741935483871 40.9808125330903 3 -1 0 
1 330 6.4 8 0.415848527349229 0.337701612903226 37.4302336125508 3 0 0 
0 330 6.8 8 0.388148667601683 0.37741935483871 42.5840473391156 3 0 0 
1 340 6.4 8 0.383064516129032 0.40625 27.9422828263366 3 0 0 
0 340 6.8 8 0.393433179723502 0.445967741935484 20.128647020638 3 0 0 
1 350 6.4 8 0.463073005093379 0.462701612903226 11.0793308972956 3 0 0 
0 350 6.8 8 0.454805107526882 0.495161290322581 9.2056561227977 3 0 0 
1 360 6.4 8 0.403846153846154 0.397177419354839 43.688913569674 3 0 0 
0 360 6.8 8 0.419018817204301 0.501612903225806 4.73053832827822 3 0 0 
1 370 6.4 8 0.389846041055719 0.442540322580645 28.5601040730729 3 0 0 
0 370 6.8 8 0.397177419354839 0.505645161290323 3.3112023535328 3 0 0 
1 380 6.4 9 0.486175115207373 0.407258064516129 27.1944961390587 3 0 0 
0 380 6.8 9 0.470307917888563 0.5 6.21263471404859 3 0 0 
1 390 6.4 9 0.395929339477727 0.336290322580645 26.0784332660436 3 0 0 
0 390 6.8 9 0.441107809847199 0.475 13.583844461945 3 0 0 
1 400 6.4 9 0.374596774193548 0.380645161290323 23.457370897389 3 0 0 
0 400 6.8 9 0.460327783558793 0.514516129032258 30.2026661950793 3 0 0 
1 410 6.4 9 0.434060721062619 0.411290322580645 33.552149195341 3 -1 0 
0 410 6.8 10 0.542644183773216 0.510483870967742 45.5229862260792 3 1 0 
1 420 6.4 10 0.390806451612903 0.412903225806452 36.0788509217605 3 0 0 
0 420 6.8 10 0.477822580645161 0.508064516129032 54.0544408477169 3 0 0 
1 430 6.4 10 0.454559553349876 0.423387096774194 31.6227306899623 3 0 0 
0 430 6.8 10 0.429172510518934 0.498387096774194 46.1772727116367 3 0 0 
1 440 6.4 10 0.475341191066998 0.452620967741936 23.2141122633712 3 0 0 
0 440 6.8 10 0.422379032258065 0.563508064516129 33.0116931759931 3 0 0 
1 450 6.4 11 0.434475806451613 0.420362903225806 30.7389304406494 3 1 0 
0 450 6.8 10 0.434363799283154 0.564516129032258 38.0194820088307 3 -1 0 
1 460 6.4 11 0.380241935483871 0.4375 29.4382826709777 3 1 0 
0 460 6.8 10 0.384408602150538 0.55241935483871 27.9354476183498 3 -1 0 
1 470 6.4 11 0.467357910906298 0.287096774193548 36.1095770502806 3 1 0 
0 470 6.8 10 0.42314990512334 0.317741935483871 44.3179737233671 3 -1 0 
1 480 6.4 11 0.399337557603687 0.366935483870968 21.4968560496881 3 0 0 
0 480 6.8 11 0.41059510567297 0.343548387096774 32.1269665351336 3 0 0 
1 490 6.4 11 0.436757215619694 0.395967741935484 17.8983833729318 3 0 0 
0 490 6.8 11 0.40818858560794 0.42258064516129 25.7990608401366 3 0 0 
1 500 6.4 11 0.477079796264856 0.469354838709677 10.3655138389821 3 0 0 
0 500 6.8 11 0.484254992319508 0.434475806451613 24.1745142854107 3 0 0 
1 510 6.4 12 0.413771712158809 0.533064516129032 16.5701429259559 3 1 0 
0 510 6.8 11 0.425889877641824 0.429435483870968 19.8265951364396 3 -1 0 
1 520 6.4 12 0.388911290322581 0.516129032258065 18.7821292329954 3 1 0 
0 520 6.8 11 0.424937965260546 0.455645161290323 12.2440791622055 3 -1 0 
1 530 6.4 12 0.449848790322581 0.470967741935484 27.9077780381221 3 1 0 
0 530 6.8 11 0.473998887652948 0.377016129032258 31.2945179099502 3 -1 0 
1 540 6.4 12 0.375672043010753 0.457258064516129 38.7163179461885 3 1 0 
0 540 6.8 11 0.449542284219704 0.420362903225806 20.3099975767079 3 -1 0 
1 550 6.4 12 0.383064516129032 0.44758064516129 30.8640857998211 3 1 0 
0 550 6.8 11 0.477284946236559 0.45866935483871 21.2716928031889 3 -1 0 
1 560 6.4 12 0.435483870967742 0.379838709677419 36.380836624913 3 1 0 
0 560 6.8 11 0.561259305210918 0.512096774193548 27.6239196544122 3 -1 0 
1 570 6.4 13 0.38833746898263 0.392741935483871 31.3366899421314 3 1 0 
0 570 6.8 12 0.466911764705882 0.477822580645161 21.3860349588234 3 -1 0 
1 580 6.4 13 0.401209677419355 0.478225806451613 18.9905349467654 3 1 0 
0 580 6.8 12 0.445645161290323 0.463709677419355 3.33992161261236 3 -1 0 
1 590 6.4 13 0.469278033794163 0.504838709677419 14.0543168511514 3 1 0 
0 590 6.8 12 0.509925558312655 0.457661290322581 5.70087712549569 3 -1 0 
1 600 6.4 13 0.40761385199241 0.515120967741936 17.4657489376992 3 1 0 
0 600 6.8 12 0.437034739454094 0.383064516129032 41.1372884289233 3 -1 0 
1 610 6.4 14 0.465322580645161 0.442540322580645 26.4244349436103 3 2 0 
0 610 6.8 12 0.416788856304985 0.319556451612903 40.4969890588617 3 -2 0 
1 620 6.4 14 0.4603889943074 0.465725806451613 23.1530729874352 3 2 0 
0 620 6.8 12 0.47741935483871 0.32741935483871 26.704868629594 3 -2 0 
1 630 6.4 14 0.433579749103943 0.400806451612903 36.1487267774607 3 2 0 
0 630 6.8 12 0.41236559139785 0.383870967741935 31.7342112200402 3 -2 0 
1 640 6.4 14 0.439091680814941 0.416129032258065 35.8201033294481 3 1 0 
0 640 6.8 13 0.446087216248507 0.423387096774194 28.6410469754376 3 -1 0 
1 650 6.4 14 0.472983870967742 0.453225806451613 32.2101873868986 3 1 0 
0 650 6.8 13 0.520161290322581 0.475806451612903 24.7063619025004 3 -1 0 
1 660 6.4 14 0.395833333333333 0.47258064516129 38.1657926413383 3 1 0 
0 660 6.8 13 0.455897177419355 0.505040322580645 32.8664315279873 3 -1 0 
1 670 6.4 14 0.370118845500849 0.445564516129032 37.0219384518291 3 1 0 
0 670 6.8 13 0.417506720430108 0.504032258064516 47.4648390939899 3 -1 0 
1 680 6.4 15 0.410865874363328 0.465725806451613 45.9890692153043 3 2 0 
0 680 6.8 13 0.497087813620072 0.550403225806452 50.361195378982 3 -2 0 
1 690 6.4 15 0.387877211238293 0.474798387096774 59.0525569648266 3 1 0 
0 690 6.8 14 0.443087557603687 0.532258064516129 58.2086763292209 3 -1 0 
1 700 6.4 15 0.402777777777778 0.497311827956989 47.8301927786522 3 1 0 
0 700 6.8 14 0.381336405529954 0.416666666666667 44.058981056363 3 -1 0 
1 710 6.4 15 0.469602977667494 0.434475806451613 48.8905754853281 3 1 0 
0 710 6.8 14 0.487519201228879 0.341733870967742 39.1947791315824 3 -1 0 
1 720 6.4 15 0.46508431085044 0.402217741935484 39.0971311832363 3 1 0 
0 720 6.8 14 0.394405241935484 0.387096774193548 49.5184497690362 3 -1 0 
1 730 6.4 15 0.475576036866359 0.450604838709677 28.1936439734279 3 1 0 
0 730 6.8 14 0.376550868486352 0.365322580645161 29.748510957868 3 -1 0 
1 740 6.4 16 0.538709677419355 0.378225806451613 38.063168903643 3 2 0 
0 740 6.8 14 0.476906158357771 0.357862903225806 28.3827452711896 3 -2 0 
1 750 6.4 16 0.479502688172043 0.444354838709677 41.9330949753262 3 1 0 
0 750 6.8 15 0.388157894736842 0.391129032258065 29.4966178409169 3 -1 0 
1 760 6.4 16 0.43 0.509677419354839 40.3010683624202 3 1 0 
0 760 6.8 15 0.374596774193548 0.402217741935484 25.9662295633975 3 -1 0 
1 770 6.4 16 0.480414746543779 0.510483870967742 33.2305723813345 3 1 0 
0 770 6.8 15 0.449148745519713 0.358064516129032 30.284937736108 3 -1 0 
1 780 6.4 16 0.43366285119667 0.50241935483871 27.7404551767424 3 1 0 
0 780 6.8 15 0.394713261648745 0.416129032258064 13.9404449410908 3 -1 0 
1 790 6.4 17 0.392706872370267 0.475806451612903 30.6308815818222 3 2 0 
0 790 6.8 15 0.390427769985975 0.434475806451613 7.51776961621914 3 -2 0 
1 800 6.4 17 0.478372434017595 0.461693548387097 14.3736889531526 3 1 0 
0 800 6.8 16 0.453629032258065 0.513104838709677 8.8250458168707 3 -1 0 
1 810 6.4 17 0.411290322580645 0.483870967741936 3.17093223086355 3 1 0 
0 810 6.8 16 0.413236929922136 0.504032258064516 0 3 -1 0 
1 820 6.4 17 0.385813782991202 0.556451612903226 11.4065681082874 3 1 0 
0 820 6.8 16 0.384817671809257 NaN NaN 3 -1 0 
1 830 6.4 18 0.473973607038123 0.484677419354839 35.2441133940427 3 2 0 
0 830 6.8 16 0.459274193548387 0.161290322580645 0 3 -2 0 
1 840 6.4 18 0.453003337041157 0.488709677419355 39.9409888378286 3 2 0 
0 840 6.8 16 0.393721198156682 0.17741935483871 0 3 -2 0 
1 850 6.4 18 0.399368863955119 0.525806451612903 19.9650431612305 3 2 0 
0 850 6.8 16 0.375 0.318548387096774 0 3 -2 0 
1 860 6.4 18 0.466733870967742 0.531451612903226 19.4326419186701 3 2 0 
0 860 6.8 16 0.427631578947368 0.275537634408602 46.2214546374501 3 -2 0 
1 870 6.4 18 0.42002688172043 0.501612903225806 8.12229207927428 3 2 0 
0 870 6.8 16 0.392903225806452 0.304838709677419 38.4452929468822 3 -2 0 
1 880 6.4 18 0.425328554360812 0.519354838709677 19.4967739016577 3 2 0 
0 880 6.8 16 0.374787775891341 0.358064516129032 41.6189503609092 3 -2 0 
1 890 6.4 18 0.53991935483871 0.585483870967742 20.04129251755 3 2 0 
0 890 6.8 16 0.412841191066998 0.330645161290323 31.988956611866 3 -2 0 
1 900 6.4 19 0.484996249062266 0.656451612903226 21.4299638092178 3 3 0 
0 900 6.8 16 0.383352534562212 0.280241935483871 13.0390998140363 3 -3 0 
1 910 6.4 19 0.540203984819734 0.701612903225806 28.6892404270922 3 2 0 
0 910 6.8 17 0.379569892473118 0.229838709677419 2 3 -2 0 
1 920 6.4 19 0.632091212458287 0.701612903225806 13.9724084839297 3 2 0 
0 920 6.8 17 0.380583126550869 0.213709677419355 6.9462219947249 3 -2 0 
1 930 6.4 20 0.534015715467328 0.731182795698925 16.7845281797182 3 3 1 
0 930 6.8 17 0.369203629032258 0.193548387096774 4.92442890089805 2 -3 -1 
1 940 6.4 20 0.527595766129032 0.631720430107527 26.6746270445153 3 3 1 
0 940 6.8 17 0.409562211981567 0.227822580645161 4.7169905660283 2 -3 -1 
1 950 6.4 20 0.574003795066414 0.549731182795699 9.21320334017924 3 3 1 
0 950 6.8 17 0.465570719602978 0.157258064516129 14.2479113501977 2 -3 -1 
1 960 6.4 20 0.5198055028463 0.509408602150538 22.0959887343764 3 3 1 
0 960 6.8 17 0.307027649769585 0.274193548387097 28.3400455164695 2 -3 -1 
1 970 6.4 20 0.522762747138398 0.383064516129032 41.9137478265164 3 2 1 
0 970 6.8 18 0.340909090909091 0.382258064516129 21.4138241497251 2 -2 -1 
1 980 6.4 20 0.583565072302558 0.323588709677419 46.6578338496092 3 2 1 
0 980 6.8 18 0.34758064516129 0.433870967741935 25.6871027028743 2 -2 -1 
1 990 6.4 20 0.509146341463415 0.441532258064516 17.6173559744698 3 2 2 
0 990 6.8 18 0.33182123655914 0.429838709677419 21.3524400653404 1 -2 -2 
1 1000 6.4 20 0.470661846496107 0.485215053763441 8.47499151446893 3 1 2 
0 1000 6.8 19 0.416508538899431 0.445161290322581 22.0347290324337 1 -1 -2 
1 1010 6.4 21 0.578503024193548 0.521505376344086 4.63513229853247 3 2 2 
0 1010 6.8 19 0.436995967741936 0.451612903225806 11.2361025271221 1 -2 -2 
1 1020 6.4 21 0.493435858964741 0.588709677419355 6.15486154925316 3 2 2 
0 1020 6.8 19 0.325201612903226 0.393145161290323 5.5 1 -2 -2 
1 1030 6.4 21 0.551252122241087 0.683467741935484 0.707106781186548 3 2 2 
0 1030 6.8 19 0.37531017369727 0.282258064516129 5 1 -2 -2 
1 1040 6.4 21 0.625 0.505376344086022 61.0781346776684 3 2 2 
0 1040 6.8 19 0.406017369727047 0.268145161290323 7.63216876123687 1 -2 -2 
1 1050 6.4 21 0.541950992555831 0.485215053763441 24.7780171081118 3 2 2 
0 1050 6.8 19 0.295614919354839 0.149193548387097 2.23606797749979 1 -2 -2 
1 1060 6.4 21 0.590283241542093 0.490591397849462 25.4422105384438 3 1 2 
0 1060 6.8 20 0.416666666666667 0.223790322580645 14.5773797371133 1 -1 -2 
1 1070 6.4 21 0.652045633359559 0.405241935483871 47.4815023081357 3 1 2 
0 1070 6.8 20 NaN 0.201612903225806 23.4250502686213 1 -1 -2 
1 1080 6.4 21 0.522786946736684 0.38508064516129 39.3840022583812 3 1 2 
0 1080 6.8 20 0.279953917050691 0.239516129032258 20.2155871058996 1 -1 -2 
1 1090 6.4 21 0.491647465437788 0.423387096774194 13.9240705657666 3 1 2 
0 1090 6.8 20 0.382056451612903 0.279838709677419 16.5360833580447 1 -1 -2 
1 1100 6.4 21 0.599014336917563 0.351612903225806 27.9954457878867 3 1 2 
0 1100 6.8 20 0.382056451612903 0.303225806451613 23.2325176499458 1 -1 -2 
1 1110 6.4 21 0.474320882852292 0.478225806451613 40.5877388511864 3 1 2 
0 1110 6.8 20 0.357142857142857 0.359677419354839 44.0556698718673 1 -1 -2 
1 1120 6.4 21 0.459057071960298 0.542741935483871 52.7004447730696 3 1 2 
0 1120 6.8 20 0.395967741935484 0.349462365591398 6.246082018048 1 -1 -2 
1 1130 6.4 22 0.533064516129032 0.551612903225806 56.6902888209287 3 2 2 
0 1130 6.8 20 0.425806451612903 0.478494623655914 8.39046302319331 1 -2 -2 
1 1140 6.4 22 0.519250780437045 0.485483870967742 44.3444259919338 3 2 3 
0 1140 6.8 20 0.358114919354839 0.51747311827957 6.78125804017259 0 -2 -3 
1 1150 6.4 22 0.554698457223001 0.495161290322581 37.045256498358 3 2 3 
0 1150 6.8 20 0.375576036866359 0.516129032258065 0 0 -2 -3 
1 1160 6.4 22 0.626227208976157 0.479032258064516 41.3242059574361 3 2 3 
0 1160 6.8 20 0.417338709677419 NaN NaN 0 -2 -3 
1 1170 6.4 22 0.671118951612903 0.511290322580645 44.3130205883235 3 2 3 
0 1170 6.8 20 0.296920821114369 NaN NaN 0 -2 -3 
