1 30 8 1 NaN 0.303427419354839 18.8199091728291 3 0 0 
0 30 6 1 NaN 0.339717741935484 22.8726762699062 3 0 0 
1 40 8 1 NaN 0.339717741935484 30.3140367525203 3 0 0 
0 40 6 1 NaN 0.362096774193548 17.9396155050558 3 0 0 
1 50 8 1 0.383064516129032 0.382056451612903 29.2508947423061 3 0 0 
0 50 6 1 0.383064516129032 0.394354838709677 20.3746187204553 3 0 0 
1 60 8 1 0.375 0.471774193548387 31.1808811302044 3 0 0 
0 60 6 1 0.375 0.47258064516129 18.5695074790245 3 0 0 
1 70 8 1 0.38858234295416 0.495161290322581 30.8941505614227 3 0 0 
0 70 6 1 0.386088709677419 0.446774193548387 21.7743640406657 3 0 0 
1 80 8 1 0.487701612903226 0.480846774193548 26.001674219165 3 0 0 
0 80 6 1 0.476702508960573 0.462096774193548 22.8472749298661 3 0 0 
1 90 8 1 0.422086368366285 0.42258064516129 44.1794794415497 3 0 0 
0 90 6 1 0.388440860215054 0.47741935483871 25.9667169607144 3 0 0 
1 100 8 1 0.406030855539972 0.429032258064516 38.9208670975584 3 0 0 
0 100 6 1 0.386460101867572 0.475806451612903 25.132338920229 3 0 0 
1 110 8 2 0.491129032258064 0.495967741935484 39.5085751322236 3 0 0 
0 110 6 2 0.458109318996416 0.454838709677419 30.3909597674745 3 0 0 
1 120 8 2 0.406810035842294 0.504838709677419 40.9654084828904 3 0 0 
0 120 6 2 0.397543988269795 0.475806451612903 37.2591985156428 3 0 0 
1 130 8 2 0.406653225806452 0.511088709677419 40.7780498938285 3 0 0 
0 130 6 2 0.383301707779886 0.477822580645161 57.1899063153786 3 0 0 
1 140 8 3 0.468709677419355 0.48991935483871 41.3376284981165 3 0 0 
0 140 6 3 0.465260545905707 0.496975806451613 62.1830871197459 3 0 0 
1 150 8 3 0.391129032258065 0.44758064516129 52.8106770512666 3 0 0 
0 150 6 3 0.424486803519062 0.462701612903226 53.2603973688407 3 0 0 
1 160 8 3 0.439314516129032 0.437096774193548 48.3470677715156 3 0 0 
0 160 6 3 0.397345430107527 0.470967741935484 46.1197887245767 3 0 0 
1 170 8 3 0.49133064516129 0.495161290322581 43.2912466452137 3 0 0 
0 170 6 3 0.441451612903226 0.469354838709677 43.907279547433 3 0 0 
1 180 8 4 0.39810794044665 0.491129032258064 24.266749870932 3 0 0 
0 180 6 4 0.436995967741936 0.460483870967742 29.3870334323663 3 0 0 
1 190 8 4 0.405680224403927 0.496975806451613 28.0562240672462 3 0 0 
0 190 6 4 0.410373900293255 0.459677419354839 24.9360261104975 3 0 0 
1 200 8 4 0.477374551971326 0.497983870967742 23.9674160602131 3 0 0 
0 200 6 4 0.459151472650771 0.462903225806452 25.2799959913665 3 0 0 
1 210 8 4 0.389193548387097 0.428225806451613 32.0368710922309 3 -1 0 
0 210 6 5 0.422969966629588 0.479838709677419 25.6751491808153 3 1 0 
1 220 8 5 0.394677419354839 0.388709677419355 43.3580072212484 3 0 0 
0 220 6 5 0.419509925558313 0.486290322580645 23.0278578009788 3 0 0 
1 230 8 5 0.468969144460028 0.475 18.6185435987024 3 0 0 
0 230 6 5 0.442693059628543 0.487096774193548 23.9107132586983 3 0 0 
1 240 8 5 0.40531660692951 0.480645161290323 23.0038292652686 3 0 0 
0 240 6 5 0.417861409796894 0.392741935483871 25.3750239440446 3 0 0 
1 250 8 6 0.426643920595534 0.507258064516129 29.4770038789117 3 1 0 
0 250 6 5 0.4176944971537 0.396774193548387 33.9020350531877 3 -1 0 
1 260 8 6 0.518070489844683 0.5 37.2592639321154 3 0 0 
0 260 6 6 0.445967741935484 0.456451612903226 34.9281537082716 3 0 0 
1 270 8 6 0.433215725806452 0.484677419354839 38.0170586733589 3 0 0 
0 270 6 6 0.399677419354839 0.462096774193548 28.8628405010561 3 0 0 
1 280 8 6 0.380568356374808 0.492741935483871 24.8471160130396 3 0 0 
0 280 6 6 0.441715542521994 0.45 27.3752905933088 3 0 0 
1 290 8 7 0.466877880184332 0.5 19.6339083469369 3 1 0 
0 290 6 6 0.447715053763441 0.425806451612903 29.1670274272832 3 -1 0 
1 300 8 7 0.414354838709677 0.548387096774194 17.6216694624383 3 0 0 
0 300 6 7 0.40431141439206 0.443548387096774 31.0568982980584 3 0 0 
1 310 8 7 0.447931276297335 0.535483870967742 17.4041996423664 3 0 0 
0 310 6 7 0.424507168458781 0.442741935483871 32.2717326247132 3 0 0 
1 320 8 7 0.479502688172043 0.518548387096774 14.7347490608489 3 0 0 
0 320 6 7 0.490783410138249 0.393548387096774 31.0168474522459 3 0 0 
1 330 8 7 0.408498759305211 0.470161290322581 35.3687117872156 3 0 0 
0 330 6 7 0.397903225806452 0.420362903225806 22.3451308398978 3 0 0 
1 340 8 7 0.407594086021505 0.469354838709677 32.8876841984933 3 0 0 
0 340 6 7 0.374787775891341 0.453225806451613 33.9433076144345 3 0 0 
1 350 8 8 0.489247311827957 0.490927419354839 26.5482371590433 3 0 0 
0 350 6 8 0.470161290322581 0.483870967741936 37.8704243154344 3 0 0 
1 360 8 8 0.43522372528616 0.479838709677419 30.0317965224451 3 0 0 
0 360 6 8 0.38692876344086 0.435483870967742 32.3857140019767 3 0 0 
1 370 8 8 0.374596774193548 0.4 55.204137781854 3 0 0 
0 370 6 8 0.385630498533724 0.448387096774194 33.1352234243406 3 0 0 
1 380 8 8 0.484879032258065 0.431451612903226 32.36840088144 3 0 0 
0 380 6 8 0.48310291858679 0.470967741935484 15.5992985900782 3 0 0 
1 390 8 8 0.394354838709677 0.493548387096774 9.87275007255956 3 0 0 
0 390 6 8 0.430299539170507 0.467741935483871 11.6735154054418 3 0 0 
1 400 8 8 0.379398826979472 0.506451612903226 8.73677383495086 3 -1 0 
0 400 6 9 0.401519851116625 0.438709677419355 7.06422338109786 3 1 0 
1 410 8 9 0.477456011730205 0.495967741935484 6.04962863677446 3 0 0 
0 410 6 9 0.469758064516129 0.462903225806452 11.1441833198621 3 0 0 
1 420 8 9 0.391129032258065 0.507056451612903 4.79699865793268 3 0 0 
0 420 6 9 0.421774193548387 0.424193548387097 12.3132479802988 3 0 0 
1 430 8 9 0.375 0.401209677419355 46.4191633523703 3 0 0 
0 430 6 9 0.426333746898263 0.421774193548387 8.65380157286173 3 0 0 
1 440 8 9 0.465175953079179 0.4375 29.3750541025628 3 0 0 
0 440 6 9 0.497741935483871 0.486290322580645 14.3815153588207 3 0 0 
1 450 8 9 0.406290322580645 0.498991935483871 19.978129505832 3 0 0 
0 450 6 9 0.439642137096774 0.399193548387097 39.5793108054742 3 0 0 
1 460 8 9 0.401026392961877 0.470967741935484 38.1709172337598 3 -1 0 
0 460 6 10 0.434043778801843 0.349193548387097 35.7513241214339 3 1 0 
1 470 8 10 0.486352357320099 0.539516129032258 28.473126314055 3 0 0 
0 470 6 10 0.465347782258065 0.382056451612903 29.9702565735428 3 0 0 
1 480 8 10 0.432171658986175 0.494354838709677 21.6712105139536 3 0 0 
0 480 6 10 0.376260080645161 0.439516129032258 11.1395680110733 3 0 0 
1 490 8 10 0.374596774193548 0.466733870967742 18.0253904258598 3 0 0 
0 490 6 10 0.398073476702509 0.456989247311828 30.4800837461116 3 0 0 
1 500 8 11 0.49348635235732 0.457661290322581 2.88278221853732 3 1 0 
0 500 6 10 0.422043010752688 0.442204301075269 22.498974136502 3 -1 0 
1 510 8 11 0.446543778801843 0.39616935483871 36.0880953887702 3 0 0 
0 510 6 11 0.375424448217318 0.418010752688172 19.5857392065736 3 0 0 
1 520 8 11 0.381336405529954 0.41633064516129 43.0167882986762 3 0 0 
0 520 6 11 0.415161290322581 0.34005376344086 48.2703124271687 3 0 0 
1 530 8 11 0.465378197997775 0.471774193548387 35.2470307973418 3 0 0 
0 530 6 11 0.464285714285714 0.305443548387097 40.0219622028895 3 0 0 
1 540 8 11 0.44674638487208 0.327956989247312 39.9236785318757 3 0 0 
0 540 6 11 0.42023689516129 0.388104838709677 48.3484282241146 3 0 0 
1 550 8 11 0.457757296466974 0.341733870967742 24.0462975292186 3 0 0 
0 550 6 11 0.411458333333333 0.453629032258065 49.7383454415712 3 0 0 
1 560 8 11 0.460151802656547 0.382056451612903 30.3924352458467 3 -1 0 
0 560 6 12 0.463709677419355 0.422379032258065 32.4960059774276 3 1 0 
1 570 8 11 0.423548387096774 0.379838709677419 47.357435449879 3 -1 0 
0 570 6 12 0.436290322580645 0.496975806451613 15.3014765864874 3 1 0 
1 580 8 11 0.402801358234295 0.439516129032258 56.4712729862024 3 -1 0 
0 580 6 12 0.451147642679901 0.489516129032258 20.9454632190537 3 1 0 
1 590 8 12 0.446095076400679 0.465322580645161 58.6049941922001 3 0 0 
0 590 6 12 0.485364396654719 0.511290322580645 21.6335747755897 3 0 0 
1 600 8 12 0.428805443548387 0.400201612903226 41.0080091596874 3 0 0 
0 600 6 12 0.425403225806452 0.484879032258065 11.4496179746512 3 0 0 
1 610 8 12 0.420406732117812 0.454032258064516 51.4739657166568 3 -1 0 
0 610 6 13 0.411626344086022 0.482862903225806 32.5321839479862 3 1 0 
1 620 8 12 0.488225806451613 0.433064516129032 50.9686848075689 3 -1 0 
0 620 6 13 0.467237903225806 0.497983870967742 42.3797845309962 3 1 0 
1 630 8 12 0.483095533498759 0.410483870967742 47.6926742395598 3 -1 0 
0 630 6 13 0.440188172043011 0.505645161290323 46.973379380016 3 1 0 
1 640 8 13 0.495347394540943 0.438172043010753 30.989819403426 3 0 0 
0 640 6 13 0.485780984719864 0.504032258064516 49.0214450980665 3 0 0 
1 650 8 13 0.548709677419355 0.520161290322581 0 3 -1 0 
0 650 6 14 0.498319892473118 0.497311827956989 43.1670449665069 3 1 0 
1 660 8 13 0.448200992555831 0.439516129032258 0 3 -1 0 
0 660 6 14 0.450748847926267 0.450604838709677 31.0589870651141 3 1 0 
1 670 8 13 0.451612903225806 0.383064516129032 0 3 -1 0 
0 670 6 14 0.50554435483871 0.389112903225806 54.2854037833453 3 1 0 
1 680 8 13 0.556199596774194 0.293010752688172 37.5490859933366 3 -1 0 
0 680 6 14 0.618447580645161 0.386088709677419 38.0079192406522 3 1 0 
1 690 8 13 0.422640382317802 0.300806451612903 27.6509093535525 3 -1 0 
0 690 6 14 0.436290322580645 0.436491935483871 26.5591416863537 3 1 0 
1 700 8 13 0.360887096774194 0.398387096774194 23.4508405078327 3 -1 0 
0 700 6 14 0.433225806451613 0.484879032258065 6.86210072166984 3 1 0 
1 710 8 14 0.504981024667932 0.471774193548387 15.3872313744856 3 0 0 
0 710 6 14 0.445409429280397 0.483870967741936 8.14687724933729 3 0 0 
1 720 8 14 0.431003584229391 0.483064516129032 5.02487577782734 3 -1 0 
0 720 6 15 0.41173835125448 0.467741935483871 8.12835650596311 3 1 0 
1 730 8 14 0.377546689303905 0.535483870967742 14.2086703299123 3 -1 0 
0 730 6 15 0.395161290322581 0.370967741935484 11.5659234390068 3 1 0 
1 740 8 14 0.446908602150538 0.554032258064516 21.9297630031531 3 -1 0 
0 740 6 15 0.42258064516129 0.311491935483871 24.5952771896113 3 1 0 
1 750 8 15 0.400033602150538 0.579032258064516 14.4495492900215 3 0 0 
0 750 6 15 0.401451612903226 0.314516129032258 30.2014583512579 3 0 0 
1 760 8 15 0.464307048984468 0.612903225806452 15.7040828569538 3 0 0 
0 760 6 15 0.410483870967742 0.360483870967742 28.8939740393827 3 0 0 
1 770 8 15 0.581485215053763 0.620967741935484 21.0982022718727 3 0 0 
0 770 6 15 0.460028050490884 0.339717741935484 25.0932349239663 3 0 0 
1 780 8 15 0.458126550868486 0.62741935483871 23.5654074752178 3 0 0 
0 780 6 15 0.440136476426799 0.344086021505376 24.2755105212143 3 0 0 
1 790 8 15 0.407082748948107 0.553225806451613 36.4151850684607 3 0 0 
0 790 6 15 0.462482468443198 0.319556451612903 45.069994702696 3 0 0 
1 800 8 16 0.49260752688172 0.542741935483871 35.6271925276172 3 0 0 
0 800 6 16 0.521953405017921 0.286290322580645 20.7472813806155 3 0 0 
1 810 8 16 0.467741935483871 0.483870967741936 23.7859897275683 3 0 0 
0 810 6 16 0.380568356374808 0.362903225806452 33.6407465434732 3 0 0 
1 820 8 16 0.425483870967742 0.466935483870968 16.6259934758779 3 0 0 
0 820 6 16 0.366666666666667 0.366935483870968 32.5040048096884 3 0 0 
1 830 8 16 0.517977150537634 0.461290322580645 10.9514789353781 3 0 0 
0 830 6 16 0.464784946236559 0.493951612903226 10.3599735825892 3 0 0 
1 840 8 17 0.463449531737773 0.470161290322581 12.7100500711828 3 1 0 
0 840 6 16 0.377258064516129 0.45866935483871 5.69694825341117 3 -1 0 
1 850 8 17 0.434863523573201 0.494959677419355 4.49254145241297 3 1 0 
0 850 6 16 0.375252016129032 0.470766129032258 7.70811602702251 3 -1 0 
1 860 8 17 0.534610215053763 0.519153225806452 5.83066085538779 3 1 0 
0 860 6 16 0.454696394686907 0.423387096774194 12.3488112259628 3 -1 0 
1 870 8 17 0.446607341490545 0.442204301075269 17.7077984238968 3 1 0 
0 870 6 16 0.379866518353726 0.327620967741936 22.9231398680302 3 -1 0 
1 880 8 17 0.423387096774194 0.336021505376344 8.94772645868975 3 0 0 
0 880 6 17 0.419930875576037 0.381048387096774 18.8557748195935 3 0 0 
1 890 8 17 0.496863799283154 0.356182795698925 3.63438528936896 3 0 0 
0 890 6 17 0.441290322580645 0.363709677419355 36.6943380460575 3 0 0 
1 900 8 17 0.47002688172043 0.342741935483871 43.4395453997733 3 0 0 
0 900 6 17 0.441269284712483 0.441129032258065 27.2813148417383 3 0 0 
1 910 8 17 0.445060483870968 0.401209677419355 23.9848743738609 3 0 0 
0 910 6 17 0.427822580645161 0.485483870967742 18.5981653383717 3 0 0 
1 920 8 17 0.520665322580645 0.4375 27.2857388364279 3 0 0 
0 920 6 17 0.410138248847926 0.513709677419355 25.7629731143579 3 0 0 
1 930 8 17 0.505340017436792 0.421774193548387 50.9911491891704 3 0 0 
0 930 6 17 0.365161290322581 0.506451612903226 32.5092591105985 3 0 0 
1 940 8 17 0.462096774193548 0.426612903225806 25.8395746124323 3 0 0 
0 940 6 17 0.460950764006791 0.466129032258065 37.5865689207964 3 0 0 
1 950 8 17 0.582258064516129 0.412096774193548 25.4660388331937 3 -1 0 
0 950 6 18 0.478427419354839 0.448387096774194 32.5673174453221 3 1 0 
1 960 8 18 0.437768817204301 0.468548387096774 26.6255400805049 3 0 0 
0 960 6 18 0.400070126227209 0.465322580645161 25.5170687811084 3 0 0 
1 970 8 18 0.421370967741936 0.486290322580645 30.8982043510172 3 0 0 
0 970 6 18 0.379398826979472 0.469758064516129 21.2479909447483 3 0 0 
1 980 8 18 0.537775891341256 0.496774193548387 37.4449556054635 3 0 0 
0 980 6 18 0.388824884792627 0.481854838709677 22.8609731025847 3 0 0 
1 990 8 18 0.502912186379928 0.483870967741936 28.3273031331939 3 0 0 
0 990 6 18 0.366167434715822 0.484879032258065 26.3606339511832 3 0 0 
1 1000 8 18 0.389784946236559 0.487903225806452 21.1415669818737 3 0 0 
0 1000 6 18 0.356024667931689 0.477822580645161 24.2504316640899 3 0 0 
1 1010 8 19 0.512240783410138 0.478494623655914 6.43921069649235 3 0 1 
0 1010 6 19 0.354032258064516 0.567540322580645 27.4082659438631 2 0 -1 
1 1020 8 19 0.499051233396584 0.524193548387097 15.6204993518133 3 0 1 
0 1020 6 19 0.351858345021038 0.413306451612903 41.9848705537971 2 0 -1 
1 1030 8 19 0.463565668202765 0.520161290322581 8.73212459828649 3 0 1 
0 1030 6 19 0.349193548387097 0.361895161290323 28.6387164655096 2 0 -1 
1 1040 8 19 0.534408602150538 0.491935483870968 4.27200187265877 3 0 1 
0 1040 6 19 0.376764112903226 0.334677419354839 11.9124195860922 2 0 -1 
1 1050 8 19 0.476612903225806 0.536290322580645 12.8160056179763 3 0 1 
0 1050 6 19 0.362282878411911 0.317540322580645 10.1479001533801 2 0 -1 
1 1060 8 19 0.439032258064516 0.149193548387097 0 3 -1 1 
0 1060 6 20 0.355938416422287 0.379032258064516 22.7880611781113 2 1 -1 
1 1070 8 19 0.52940188172043 0.213709677419355 0 3 -1 1 
0 1070 6 20 0.414956011730205 0.394153225806452 28.0164272667507 2 1 -1 
1 1080 8 19 0.485663082437276 0.349462365591398 37.8681096912218 3 -1 1 
0 1080 6 20 0.355414746543779 0.341935483870968 28.9166556959904 2 1 -1 
1 1090 8 19 0.432847394540943 0.463709677419355 17.4586192292108 3 -1 1 
0 1090 6 20 0.424263674614306 0.347782258064516 24.279228061824 2 1 -1 
1 1100 8 19 0.490207373271889 0.471774193548387 7.96811665899385 3 -1 1 
0 1100 6 20 0.437762973352034 0.41633064516129 20.6487728023191 2 1 -1 
1 1110 8 20 0.39247311827957 0.42741935483871 6.51439696201271 3 0 1 
0 1110 6 20 0.428056027164686 0.518145161290323 12.6290581171306 2 0 -1 
1 1120 8 20 0.380259467040673 0.213709677419355 31.8344111075757 3 -1 1 
0 1120 6 21 0.429505005561735 0.551411290322581 7.47646907097139 2 1 -1 
1 1130 8 20 0.459869431643625 0.283602150537634 21.2169505213125 3 -1 1 
0 1130 6 21 0.526026392961877 0.514112903225806 18.0887064498992 2 1 -1 
1 1140 8 20 0.410618279569893 0.399193548387097 13.3569019167428 3 -1 1 
0 1140 6 21 0.479011579818031 0.508064516129032 38.2750804355863 2 1 -1 
1 1150 8 20 0.396821631878558 0.462365591397849 25.3441115806353 3 -1 2 
0 1150 6 21 0.474126344086022 0.414516129032258 65.2639148246725 1 1 -2 
1 1160 8 20 0.449092741935484 0.459677419354839 23.4160964131153 3 -1 2 
0 1160 6 21 0.541295884315907 0.475806451612903 57.164555755609 1 1 -2 
1 1170 8 20 0.413375973303671 0.42741935483871 21.6390850083824 3 -1 2 
0 1170 6 21 0.548904052936311 0.503225806451613 61.9653820831189 1 1 -2 
1 1180 8 20 0.466301843317972 0.309139784946237 28.5695823928151 3 -1 2 
0 1180 6 21 0.525283347863993 0.505040322580645 65.8030371243061 1 1 -2 
1 1190 8 20 0.567307692307692 0.279569892473118 16.1720767550101 3 -1 2 
0 1190 6 21 0.606364428945074 0.520161290322581 51.5738777666279 1 1 -2 
1 1200 8 20 0.444104560622914 0.419354838709677 12.8892657654782 3 -1 2 
0 1200 6 21 0.530881195908733 0.533266129032258 50.5317394567237 1 1 -2 
1 1210 8 20 0.503320683111954 0.475806451612903 5.73180482768039 2 -2 1 
0 1210 6 22 0.544556451612903 0.493951612903226 40.5261968541239 1 2 -1 
1 1220 8 20 0.609582542694497 0.565860215053763 9.86081334341048 2 -2 1 
0 1220 6 22 0.609237536656892 0.436491935483871 28.888060835017 1 2 -1 
1 1230 8 20 0.38565668202765 0.379838709677419 31.9424862072274 2 -2 1 
0 1230 6 22 0.46496106785317 0.444556451612903 16.8963960774113 1 2 -1 
1 1240 8 20 0.539685908319185 0.325604838709677 28.4673165433399 2 -2 1 
0 1240 6 22 0.489667338709677 0.466733870967742 6.47978231971271 1 2 -1 
1 1250 8 21 0.613327674023769 0.397177419354839 18.5490016921771 2 -1 1 
0 1250 6 22 0.565725806451613 0.422043010752688 23.2697874037032 1 1 -1 
1 1260 8 21 0.396940227703985 0.378024193548387 13.0275328083853 2 -1 1 
0 1260 6 22 0.373422159887798 0.405241935483871 41.0385740695447 1 1 -1 
1 1270 8 21 0.408602150537634 0.292338709677419 12.5620756079797 2 -1 1 
0 1270 6 22 0.413306451612903 0.504032258064516 22.9896340236033 1 1 -1 
1 1280 8 21 0.434331797235023 0.234879032258065 6.28481350745776 2 -1 1 
0 1280 6 22 0.52102534562212 0.573924731182796 36.9815776146819 1 1 -1 
1 1290 8 21 0.440789473684211 0.194556451612903 4.17881759008182 2 -1 1 
0 1290 6 22 0.447397360703812 0.592741935483871 49.5100999797011 1 1 -1 
1 1300 8 21 0.448732718894009 0.237903225806452 26.1171970011722 2 -1 1 
0 1300 6 22 0.463089330024814 0.596774193548387 51.2249938994628 1 1 -1 
1 1310 8 21 0.479838709677419 0.317741935483871 23.930293902846 2 -1 1 
0 1310 6 22 0.607334869431644 0.544354838709677 26.5188612123522 1 1 -1 
1 1320 8 21 0.356416549789621 0.425806451612903 19.7893206735435 2 -1 1 
0 1320 6 22 0.487794245858762 0.369623655913979 38.8464853327849 1 1 -1 
1 1330 8 21 0.462286527514232 0.475806451612903 11.7885210259876 2 -1 1 
0 1330 6 22 0.425047438330171 0.443548387096774 19.4828932238058 1 1 -1 
1 1340 8 21 0.479364326375712 0.488709677419355 8.64025556166107 1 -2 0 
0 1340 6 23 0.665322580645161 0.469086021505376 14.4735175996294 1 2 0 
1 1350 8 21 0.404359879032258 0.509072580645161 3.07622911998021 1 -2 1 
0 1350 6 23 0.471102150537634 0.41633064516129 42.2594129415273 0 2 -1 
1 1360 8 22 0.486480075901328 0.495967741935484 3.81528532020285 0 -1 0 
0 1360 6 23 0.50718793828892 0.400537634408602 46.0537488915567 0 1 0 
1 1370 8 22 0.528225806451613 0.503024193548387 10.2343997116114 0 -1 0 
0 1370 6 23 0.627304147465438 0.446236559139785 39.4493332774183 0 1 0 
1 1380 8 22 0.398220244716352 0.551612903225806 19.1431660070311 0 -1 0 
0 1380 6 23 0.442338709677419 0.415322580645161 16.1012421881046 0 1 0 
1 1390 8 22 0.433019713261649 0.656451612903226 25.5359612046265 0 -1 0 
0 1390 6 23 0.423548387096774 0.227822580645161 6.57647321898295 0 1 0 
1 1400 8 22 0.574193548387097 0.73991935483871 12.0095055458528 0 -1 0 
0 1400 6 23 0.430331541218638 0.201612903225806 0 0 1 0 
1 1410 8 22 0.472715053763441 0.735215053763441 10.571830477776 0 -1 0 
0 1410 6 23 0.316733870967742 0.217741935483871 0 0 1 0 
1 1420 8 22 0.575551782682513 0.693548387096774 24.2060013647393 0 -1 0 
0 1420 6 23 0.399193548387097 0.17741935483871 11.6619037896906 0 1 0 
1 1430 8 22 0.586245519713262 0.810483870967742 0 0 -1 0 
0 1430 6 23 0.741935483870968 0.205645161290323 5.02493781056045 0 1 0 
