1 30 5.8 1 NaN 0.2939453125 10.4977861142317 1 0 -2 
0 30 6.6 1 NaN 0.68984375 23.7943740611044 3 0 2 
1 40 5.8 1 NaN 0.294921875 7.8720258171455 1 0 -2 
0 40 6.6 1 NaN 0.6734375 24.6682574814509 3 0 2 
1 50 5.8 1 NaN 0.35546875 20.5001742828547 1 0 -2 
0 50 6.6 1 0.37890625 0.59765625 27.4011327996559 3 0 2 
1 60 5.8 1 0.459542410714286 0.453683035714286 30.8067998520499 1 0 -2 
0 60 6.6 1 0.44140625 0.5328125 37.8489201732665 3 0 2 
1 70 5.8 1 0.473090277777778 0.483723958333333 29.7241526997438 1 0 -2 
0 70 6.6 1 0.493336397058823 0.50078125 37.5933864045044 3 0 2 
1 80 5.8 1 0.468060661764706 0.49375 25.03516037129 1 0 -2 
0 80 6.6 1 0.508413461538462 0.525390625 32.6573262049133 3 0 2 
1 90 5.8 1 0.45390625 0.4640625 34.5246148105857 1 -1 -2 
0 90 6.6 2 0.529296875 0.5 31.2852472283498 3 1 2 
1 100 5.8 2 0.464613970588235 0.411458333333333 43.2056740608522 1 0 -2 
0 100 6.6 2 0.489095052083333 0.5625 36.6221932608576 3 0 2 
1 110 5.8 2 0.469010416666667 0.46875 31.4415875042865 1 0 -2 
0 110 6.6 2 0.477796052631579 0.5859375 42.1395579004945 3 0 2 
1 120 5.8 3 0.494010416666667 0.47109375 34.9285423002539 1 1 -2 
0 120 6.6 2 0.426382211538462 0.54296875 39.3351316453265 3 -1 2 
1 130 5.8 3 0.5052734375 0.4953125 28.8654293090798 1 0 -2 
0 130 6.6 3 0.496803977272727 0.60859375 46.2526090648843 3 0 2 
1 140 5.8 4 0.50390625 0.47421875 34.1490022375731 1 1 -2 
0 140 6.6 3 0.501953125 0.529296875 39.4171060327177 3 -1 2 
1 150 5.8 4 0.483816964285714 0.465959821428571 41.1512104516049 1 1 -2 
0 150 6.6 3 0.490559895833333 0.54296875 38.5573098349362 3 -1 2 
1 160 5.8 4 0.473772321428571 0.459635416666667 35.442242521492 1 1 -2 
0 160 6.6 3 0.468377976190476 0.54921875 29.4211588938188 3 -1 2 
1 170 5.8 4 0.46875 0.4578125 36.2619246769984 1 0 -2 
0 170 6.6 4 0.465871710526316 0.503125 26.0016833926844 3 0 2 
1 180 5.8 4 0.48046875 0.48984375 33.2299128195745 1 0 -2 
0 180 6.6 4 0.471137152777778 0.5015625 20.7533542020574 3 0 2 
1 190 5.8 5 0.485064338235294 0.448660714285714 35.3598562113252 1 1 -2 
0 190 6.6 4 0.516773897058824 0.50546875 19.0456266417863 3 -1 2 
1 200 5.8 5 0.487760416666667 0.463541666666667 40.120089042272 1 0 -2 
0 200 6.6 5 0.494449013157895 0.5109375 22.0073819398781 3 0 2 
1 210 5.8 5 0.46484375 0.514973958333333 34.8315197080389 1 0 -2 
0 210 6.6 5 0.454777644230769 0.553125 19.9704763833229 3 0 2 
1 220 5.8 5 0.483854166666667 0.41484375 42.4338137167318 1 0 -2 
0 220 6.6 5 0.4560546875 0.5171875 21.473852697791 3 0 2 
1 230 5.8 6 0.483854166666667 0.35 53.646599718716 1 1 -2 
0 230 6.6 5 0.497767857142857 0.546875 26.463658981876 3 -1 2 
1 240 5.8 6 0.495535714285714 0.3421875 46.0404289379943 1 0 -2 
0 240 6.6 6 0.472196691176471 0.52265625 31.2496750488948 3 0 2 
1 250 5.8 6 0.516084558823529 0.452473958333333 28.9050290214603 1 0 -2 
0 250 6.6 6 0.443452380952381 0.51875 33.2223173689798 3 0 2 
1 260 5.8 6 0.522536057692308 0.399739583333333 36.9592884482663 1 0 -2 
0 260 6.6 6 0.439144736842105 0.54140625 39.5560811316457 3 0 2 
1 270 5.8 6 0.483984375 0.49453125 23.742765705008 1 0 -2 
0 270 6.6 6 0.452566964285714 0.5703125 33.0940448244046 3 0 2 
1 280 5.8 7 0.498779296875 0.473307291666667 31.9232121992513 1 1 -2 
0 280 6.6 6 0.516741071428571 0.51953125 35.3547665664031 3 -1 2 
1 290 5.8 7 0.495793269230769 0.452473958333333 39.2319168845028 1 0 -2 
0 290 6.6 7 0.522727272727273 0.51796875 39.5906065608643 3 0 2 
1 300 5.8 7 0.477294921875 0.469401041666667 41.2228787496932 1 0 -2 
0 300 6.6 7 0.515299479166667 0.515625 38.2869299785995 3 0 2 
1 310 5.8 7 0.470982142857143 0.45 41.5783396145768 1 0 -2 
0 310 6.6 7 0.514705882352941 0.521484375 36.1754929832805 3 0 2 
1 320 5.8 7 0.464285714285714 0.4609375 42.3634771630364 1 0 -2 
0 320 6.6 7 0.476875 0.498046875 40.892842028991 3 0 2 
1 330 5.8 8 0.463465073529412 0.407552083333333 49.7781749184367 1 0 -2 
0 330 6.6 8 0.474407327586207 0.5796875 39.1848286823192 3 0 2 
1 340 5.8 8 0.491970486111111 0.438616071428571 45.4947892497989 1 0 -2 
0 340 6.6 8 0.468017578125 0.58671875 37.0813282956214 3 0 2 
1 350 5.8 8 0.491038602941176 0.458984375 44.8546883750826 1 0 -2 
0 350 6.6 8 0.449479166666667 0.51640625 34.3964754959907 3 0 2 
1 360 5.8 8 0.53125 0.4890625 48.8982836831548 1 0 -2 
0 360 6.6 8 0.427837171052632 0.53984375 33.647210189448 3 0 2 
1 370 5.8 8 0.520774147727273 0.447265625 61.6074064448707 1 0 -2 
0 370 6.6 8 0.466145833333333 0.53125 34.2888330134959 3 0 2 
1 380 5.8 9 0.520089285714286 0.47265625 51.1813401379052 1 0 -2 
0 380 6.6 9 0.49365234375 0.51796875 34.1465592695875 3 0 2 
1 390 5.8 9 0.4953125 0.458333333333333 38.5149776736649 1 0 -2 
0 390 6.6 9 0.446397569444444 0.515625 32.2008266794074 3 0 2 
1 400 5.8 9 0.525275735294118 0.419921875 51.9115158541232 1 0 -2 
0 400 6.6 9 0.469122023809524 0.51953125 26.512111065582 3 0 2 
1 410 5.8 9 0.536376953125 0.481770833333333 38.6123942875046 1 0 -2 
0 410 6.6 9 0.466889880952381 0.53046875 32.0370266659424 3 0 2 
1 420 5.8 9 0.532924107142857 0.481770833333333 41.9834058486878 1 0 -2 
0 420 6.6 9 0.431640625 0.56953125 29.9224074818989 3 0 2 
1 430 5.8 10 0.53515625 0.4859375 27.2695495474835 1 0 -2 
0 430 6.6 10 0.477941176470588 0.529296875 21.4401152266867 3 0 2 
1 440 5.8 10 0.5234375 0.5125 28.37284360172 1 0 -2 
0 440 6.6 10 0.47265625 0.5640625 17.7409030562598 3 0 2 
1 450 5.8 10 0.465277777777778 0.484375 36.1078450257579 1 0 -2 
0 450 6.6 10 0.491832386363636 0.5421875 26.9440734331313 3 0 2 
1 460 5.8 11 0.480794270833333 0.463169642857143 42.6615107844253 1 1 -2 
0 460 6.6 10 0.463654891304348 0.546875 22.294513807121 3 -1 2 
1 470 5.8 11 0.480794270833333 0.440755208333333 39.3742805665623 1 1 -2 
0 470 6.6 10 0.447779605263158 0.4892578125 10.5218084663231 3 -1 2 
1 480 5.8 11 0.469439338235294 0.463541666666667 34.3596499438334 1 0 -2 
0 480 6.6 11 0.493326822916667 0.4892578125 16.7946857995997 3 0 2 
1 490 5.8 11 0.53125 0.4359375 13.8152073960996 1 0 -2 
0 490 6.6 11 0.518612132352941 0.5693359375 33.3030252696355 3 0 2 
1 500 5.8 11 0.53125 0.373697916666667 21.0078027317032 1 0 -2 
0 500 6.6 11 0.477864583333333 0.49609375 11.1122003594966 3 0 2 
1 510 5.8 11 0.463404605263158 0.21015625 22.8109656461846 1 0 -2 
0 510 6.6 11 0.456868489583333 0.453125 11.1886813970781 3 0 2 
1 520 5.8 11 0.537997159090909 0.36953125 23.5580077559506 1 0 -2 
0 520 6.6 11 0.440946691176471 0.47265625 5.23529408082035 3 0 2 
1 530 5.8 11 0.537997159090909 0.34375 19.2170848931759 1 -1 -2 
0 530 6.6 12 0.516084558823529 0.4208984375 8.75010598798153 3 1 2 
1 540 5.8 11 0.457421875 0.38828125 26.8983381132897 1 -1 -2 
0 540 6.6 12 0.4966796875 0.459635416666667 5.33231435826595 3 1 2 
1 550 5.8 11 0.516084558823529 0.43984375 20.2046508697931 1 -1 -2 
0 550 6.6 12 0.484975961538462 0.55859375 3.67834604366686 3 1 2 
1 560 5.8 12 0.492513020833333 0.44296875 15.2130181866586 1 0 -2 
0 560 6.6 12 0.482349537037037 0.5546875 0 3 0 2 
1 570 5.8 12 0.47265625 0.49921875 22.0515910344846 1 0 -2 
0 570 6.6 12 0.436328125 0.7265625 27.7848879788996 3 0 2 
1 580 5.8 13 0.505149147727273 0.496744791666667 34.0736847475776 1 1 -2 
0 580 6.6 12 0.49462890625 0.638671875 24.0468293128221 3 -1 2 
1 590 5.8 13 0.505149147727273 0.514322916666667 38.0147835733258 1 1 -2 
0 590 6.6 12 0.53125 0.690104166666667 26.0426129592994 3 -1 2 
1 600 5.8 13 0.534598214285714 0.525669642857143 37.9356651786942 1 1 -2 
0 600 6.6 12 0.412946428571429 0.583984375 24.3087182021101 3 -1 2 
1 610 5.8 13 0.554966517857143 0.502604166666667 39.9828390394768 1 1 -2 
0 610 6.6 12 0.43603515625 0.5693359375 33.316472841656 3 -1 2 
1 620 5.8 13 0.554966517857143 0.498883928571429 45.0499523657198 1 0 -2 
0 620 6.6 13 0.439630681818182 0.5498046875 34.9917308649189 3 0 2 
1 630 5.8 13 0.461397058823529 0.489955357142857 49.7337809777268 1 0 -2 
0 630 6.6 13 0.471354166666667 0.578125 41.0044264966343 3 0 2 
1 640 5.8 14 0.470525568181818 0.4796875 44.1529848452185 1 1 -2 
0 640 6.6 13 0.482638888888889 0.7265625 24.0831891575846 3 -1 2 
1 650 5.8 14 0.470525568181818 0.50234375 40.5604389471982 1 1 -2 
0 650 6.6 13 0.460088315217391 0.61328125 10.6301458127347 3 -1 2 
1 660 5.8 14 0.503662109375 0.5140625 36.9019794115498 1 1 -2 
0 660 6.6 13 0.445126488095238 0.58984375 36.9898634763634 3 -1 2 
1 670 5.8 14 0.51460597826087 0.44921875 47.4408042820456 1 1 -2 
0 670 6.6 13 0.451704545454545 0.548828125 47.1301389770919 3 -1 2 
1 680 5.8 15 0.513206845238095 0.48515625 38.3766416708325 1 2 -2 
0 680 6.6 13 0.470170454545455 0.717447916666667 38.5055448236266 3 -2 2 
1 690 5.8 15 0.520263671875 0.488932291666667 41.276945913511 1 1 -2 
0 690 6.6 14 0.434795673076923 0.62109375 34.8604360271067 3 -1 2 
1 700 5.8 16 0.512907608695652 0.5171875 32.7725506618524 1 2 -2 
0 700 6.6 14 0.434053308823529 0.57421875 0 3 -2 2 
1 710 5.8 16 0.508877840909091 0.490234375 14.3707914126596 1 2 -2 
0 710 6.6 14 0.424479166666667 0.66796875 37.589892258425 3 -2 2 
1 720 5.8 16 0.53046875 0.4765625 18.2864914969667 1 2 -2 
0 720 6.6 14 0.435238486842105 0.609375 37.1651718682963 3 -2 2 
1 730 5.8 16 0.547916666666667 0.494140625 32.0707671634592 1 2 -2 
0 730 6.6 14 0.503446691176471 0.6328125 38.6315231424131 3 -2 2 
1 740 5.8 16 0.560096153846154 0.486328125 29.7372477119138 1 1 -2 
0 740 6.6 15 0.512834821428571 0.619140625 28.0992865050619 3 -1 2 
1 750 5.8 16 0.48203125 0.504557291666667 37.664561156828 1 1 -2 
0 750 6.6 15 0.469401041666667 0.58984375 22.2596523842319 3 -1 2 
1 760 5.8 17 0.540178571428571 0.540625 40.1939004630773 1 2 -2 
0 760 6.6 15 0.517578125 0.583984375 11.9521375807998 3 -2 2 
1 770 5.8 17 0.52392578125 0.4765625 28.6185270993527 1 2 -2 
0 770 6.6 15 0.517578125 0.4953125 14.1604260413782 3 -2 2 
1 780 5.8 17 0.605057565789474 0.40625 6.39837197821959 1 2 -2 
0 780 6.6 15 0.425998263888889 0.50859375 31.6872426253617 3 -2 2 
1 790 5.8 17 0.611653645833333 0.46875 10.0289019532497 1 2 -2 
0 790 6.6 15 NaN 0.57421875 24.1298570240273 3 -2 2 
1 800 5.8 17 0.607204861111111 0.53359375 14.8041191200633 1 1 -2 
0 800 6.6 16 0.43359375 0.6640625 0 3 -1 2 
1 810 5.8 17 0.645647321428571 0.507161458333333 33.9451874954396 1 1 -2 
0 810 6.6 16 0.357421875 0.6640625 0 3 -1 2 
1 820 5.8 18 0.62109375 0.544270833333333 22.3120188702316 1 2 -2 
0 820 6.6 16 0.359375 0.65234375 0 3 -2 2 
1 830 5.8 18 0.621961805555556 0.51171875 14.5267526454684 1 2 -2 
0 830 6.6 16 0.3603515625 0.73046875 27.2029410174709 3 -2 2 
1 840 5.8 18 0.621803977272727 0.505208333333333 18.1785514607757 1 2 -2 
0 840 6.6 16 0.351102941176471 0.734375 27.4697670227235 3 -2 2 
1 850 5.8 18 0.612548828125 0.416666666666667 26.505838710351 1 1 -2 
0 850 6.6 17 0.372209821428571 0.677734375 24.053370064143 3 -1 2 
1 860 5.8 18 0.6005859375 0.451822916666667 12.0882304236965 1 1 -2 
0 860 6.6 17 0.373046875 0.599609375 24.6658756507504 3 -1 2 
1 870 5.8 18 0.59716796875 0.475260416666667 13.4066451302633 0 1 -3 
0 870 6.6 17 0.387451171875 0.5771484375 29.046446921522 3 -1 3 
1 880 5.8 18 0.557477678571429 0.3859375 31.4606544157187 0 0 -3 
0 880 6.6 18 0.4296875 0.490234375 37.280888864139 3 0 3 
1 890 5.8 18 0.55078125 0.40546875 31.5743797380329 0 0 -3 
0 890 6.6 18 0.4296875 0.5 23.7723201930401 3 0 3 
1 900 5.8 18 0.41015625 0.459375 21.7937816453394 0 0 -3 
0 900 6.6 18 0.491071428571429 0.52734375 28.8057437978136 3 0 3 
1 910 5.8 18 0.472330729166667 0.451171875 10.0871950923514 0 0 -3 
0 910 6.6 18 0.4845703125 0.475 19.1600372473871 3 0 3 
1 920 5.8 19 0.472330729166667 0.45703125 14.970602414558 0 0 -3 
0 920 6.6 19 0.46968005952381 0.528125 17.9239006182872 3 0 3 
1 930 5.8 19 0.450520833333333 0.3583984375 42.2194311119516 0 0 -3 
0 930 6.6 19 0.453450520833333 0.4814453125 17.4641121435487 3 0 3 
1 940 5.8 19 0.459716796875 0.3623046875 33.0610422126751 0 0 -3 
0 940 6.6 19 0.502068014705882 0.4697265625 23.8222664643242 3 0 3 
1 950 5.8 19 0.459716796875 0.400390625 26.0863949214912 0 0 -3 
0 950 6.6 19 0.48735119047619 0.4658203125 24.6670706135804 3 0 3 
1 960 5.8 19 0.456770833333333 0.471354166666667 17.3534221197054 0 0 -3 
0 960 6.6 19 0.37890625 0.4853515625 14.8273459119136 3 0 3 
1 970 5.8 19 0.500229779411765 0.453125 24.5 0 0 -3 
0 970 6.6 19 0.466711956521739 0.48046875 22.4096811044707 3 0 3 
1 980 5.8 19 0.496961805555556 0.4453125 0 0 -1 -3 
0 980 6.6 20 0.499383223684211 0.47265625 18.2266380513375 3 1 3 
1 990 5.8 19 0.495659722222222 0.294921875 28.853076092507 0 -1 -3 
0 990 6.6 20 0.440504807692308 0.5263671875 23.1564767081431 3 1 3 
1 1000 5.8 19 0.504557291666667 0.311197916666667 29.5098080747032 0 -1 -3 
0 1000 6.6 20 0.457899305555556 0.53125 31.190655379713 3 1 3 
1 1010 5.8 20 0.491629464285714 0.395833333333333 16.2607495530979 0 0 -3 
0 1010 6.6 20 0.457899305555556 0.529296875 34.9595669472978 3 0 3 
1 1020 5.8 20 0.484375 0.424479166666667 7.60404129473872 0 0 -3 
0 1020 6.6 20 0.484809027777778 0.549479166666667 37.9721235344326 3 0 3 
1 1030 5.8 20 0.524088541666667 0.477864583333333 7.92378559012358 0 0 -3 
0 1030 6.6 20 0.548023897058824 0.537760416666667 40.5663669056235 3 0 3 
1 1040 5.8 20 0.524088541666667 0.407552083333333 44.1783309202183 0 0 -3 
0 1040 6.6 20 0.554166666666667 0.520833333333333 37.5989371648443 3 0 3 
1 1050 5.8 20 0.416666666666667 0.422991071428571 46.5428342512803 0 0 -3 
0 1050 6.6 20 0.487890625 0.50390625 52.7628308718785 3 0 3 
1 1060 5.8 20 0.46728515625 0.40234375 31.6480986849024 0 0 -3 
0 1060 6.6 20 0.555803571428571 0.446614583333333 49.9016328326625 3 0 3 
1 1070 5.8 20 0.49765625 0.4306640625 36.8411081334571 0 0 -3 
0 1070 6.6 20 0.498697916666667 0.567708333333333 49.1862246057612 3 0 3 
1 1080 5.8 20 0.440625 0.3390625 42.7397978755573 0 0 -3 
0 1080 6.6 20 0.466796875 0.552083333333333 54.0969922813942 3 0 3 
1 1090 5.8 20 0.489149305555556 0.38671875 35.5868853714193 0 -1 -3 
0 1090 6.6 21 0.481987847222222 0.510416666666667 39.3546946990774 3 1 3 
1 1100 5.8 21 0.489149305555556 0.4484375 30.7644637298567 0 0 -3 
0 1100 6.6 21 0.482319078947368 0.53515625 31.3729487457333 3 0 3 
1 1110 5.8 21 0.500651041666667 0.42578125 20.4934033891407 0 0 -3 
0 1110 6.6 21 0.453993055555556 0.509765625 15.6986182126654 3 0 3 
1 1120 5.8 21 0.51484375 0.42734375 15.6606758764608 0 0 -3 
0 1120 6.6 21 0.475911458333333 0.485677083333333 15.1591959972845 3 0 3 
1 1130 5.8 21 0.51484375 0.42265625 10.2449364031304 0 0 -3 
0 1130 6.6 21 0.48046875 0.459635416666667 8.69198490745409 3 0 3 
