1 30 7.2 1 NaN 0.246875 21.6666395228814 2 0 0 
0 30 9 1 NaN 0.27734375 16.0898187655359 2 0 0 
1 40 7.2 1 0.34765625 0.2828125 19.34316809178 2 0 0 
0 40 9 1 NaN 0.2859375 16.4262823169364 2 0 0 
1 50 7.2 1 0.34765625 0.3375 23.8087894109411 2 0 0 
0 50 9 1 0.50390625 0.36953125 30.8398466985853 2 0 0 
1 60 7.2 1 0.36328125 0.3859375 31.2600655271159 2 0 0 
0 60 9 1 0.50390625 0.45546875 37.7841213603472 2 0 0 
1 70 7.2 1 0.431640625 0.43671875 33.44629058476 2 0 0 
0 70 9 1 0.521334134615385 0.4953125 40.0549735925118 2 0 0 
1 80 7.2 1 0.4046875 0.45 36.7806082534733 2 0 0 
0 80 9 1 0.523111979166667 0.51484375 41.1367431779741 2 0 0 
1 90 7.2 1 0.388097426470588 0.47265625 36.989491360599 2 0 0 
0 90 9 1 0.476822916666667 0.51171875 43.1795087817244 2 0 0 
1 100 7.2 2 0.4462890625 0.48125 37.7991806302747 2 0 0 
0 100 9 2 0.502840909090909 0.46171875 41.4193926260692 2 0 0 
1 110 7.2 2 0.416100543478261 0.4671875 35.8085344104541 2 0 0 
0 110 9 2 0.51025390625 0.5125 39.78525669176 2 0 0 
1 120 7.2 2 0.386488970588235 0.4484375 33.6977750693368 2 0 0 
0 120 9 2 0.50390625 0.4625 43.2617235650065 2 0 0 
1 130 7.2 2 0.427309782608696 0.45546875 26.2376371890985 2 0 0 
0 130 9 2 0.51171875 0.496875 37.1667285239529 2 0 0 
1 140 7.2 3 0.408761160714286 0.45 29.0248826449037 2 0 0 
0 140 9 3 0.51171875 0.478125 34.3630333906357 2 0 0 
1 150 7.2 3 0.399609375 0.40859375 26.7368996042163 2 0 0 
0 150 9 3 0.496930803571429 0.45 32.6660951262921 2 0 0 
1 160 7.2 3 0.440726902173913 0.40859375 29.3629080035654 2 0 0 
0 160 9 3 0.506510416666667 0.45703125 39.0045687428696 2 0 0 
1 170 7.2 4 0.4111328125 0.44296875 18.2797210437074 2 0 0 
0 170 9 4 0.51875 0.4833984375 29.263358255439 2 0 0 
1 180 7.2 4 0.35546875 0.47109375 16.9016446364342 2 0 0 
0 180 9 4 0.4912109375 0.4814453125 29.2781666563875 2 0 0 
1 190 7.2 4 0.423295454545455 0.52265625 19.7213526563645 2 0 0 
0 190 9 4 0.536057692307692 0.354166666666667 31.5370165942579 2 0 0 
1 200 7.2 4 0.40692349137931 0.51015625 27.1528671114129 2 0 0 
0 200 9 4 0.525045955882353 0.399739583333333 10.7702537392365 2 0 0 
1 210 7.2 5 0.409784226190476 0.48671875 34.703268441907 2 1 0 
0 210 9 4 0.49906994047619 0.353125 41.8856201048882 2 -1 0 
1 220 7.2 5 0.434512867647059 0.48203125 27.5577292594599 2 0 0 
0 220 9 5 0.56015625 0.384765625 37.0117997666074 2 0 0 
1 230 7.2 6 0.4091796875 0.49609375 24.5486147339995 2 1 0 
0 230 9 5 0.58447265625 0.48828125 23.5778100157295 2 -1 0 
1 240 7.2 6 0.4015625 0.45859375 28.7922090295637 2 0 0 
0 240 9 6 0.503396739130435 0.43515625 33.3611999789862 2 0 0 
1 250 7.2 6 0.438920454545455 0.443359375 15.2307205661755 2 0 0 
0 250 9 6 0.510416666666667 0.4345703125 32.3059360151451 2 0 0 
1 260 7.2 6 0.401692708333333 0.466796875 12.5824653775395 2 0 0 
0 260 9 6 0.495225694444444 0.4951171875 17.6611546686609 2 0 0 
1 270 7.2 6 0.3767578125 0.40859375 50.1777088427568 2 0 0 
0 270 9 6 0.485107421875 0.4814453125 25.1080844340106 2 0 0 
1 280 7.2 7 0.423519736842105 0.45078125 43.9011242976984 2 1 0 
0 280 9 6 0.513139204545455 0.49375 42.8241122559993 2 -1 0 
1 290 7.2 7 0.393342391304348 0.46328125 44.576287391351 2 0 0 
0 290 9 7 0.4953125 0.48828125 48.7569510615288 2 0 0 
1 300 7.2 7 0.390092329545455 0.44453125 42.4731956887917 2 0 0 
0 300 9 7 0.49140625 0.5244140625 48.2574577794136 2 0 0 
1 310 7.2 7 0.446501358695652 0.45078125 38.3926213394783 2 0 0 
0 310 9 7 0.5185546875 0.4736328125 49.4102919463958 2 0 0 
1 320 7.2 7 0.426320043103448 0.4140625 33.2797873727552 2 0 0 
0 320 9 7 0.5185546875 0.4328125 26.7913949474303 2 0 0 
1 330 7.2 8 0.381204044117647 0.40625 34.6385331561218 2 1 0 
0 330 9 7 0.495442708333333 0.462890625 17.7233620638346 2 -1 0 
1 340 7.2 8 0.418619791666667 0.46875 31.9263717226685 2 1 0 
0 340 9 7 0.517680921052632 0.478515625 18.4231971550427 2 -1 0 
1 350 7.2 8 0.39875 0.4734375 38.3471288015851 2 1 0 
0 350 9 7 0.517680921052632 0.3671875 41.3587205383115 2 -1 0 
1 360 7.2 8 0.39609375 0.5109375 41.3504301261145 2 0 0 
0 360 9 8 0.52392578125 0.384114583333333 30.8283725193173 2 0 0 
1 370 7.2 9 0.421875 0.4140625 43.9888418307778 2 1 0 
0 370 9 8 0.515395220588235 0.373046875 44.9154258833798 2 -1 0 
1 380 7.2 9 0.398587740384615 0.40078125 38.6721092278847 2 1 0 
0 380 9 8 0.505022321428571 0.421875 46.7490772066462 2 -1 0 
1 390 7.2 9 0.392680921052632 0.43984375 27.0030050831816 2 1 0 
0 390 9 8 0.5126953125 0.4404296875 21.7905866699047 2 -1 0 
1 400 7.2 10 0.4609375 0.46328125 31.1805629032527 2 2 0 
0 400 9 8 0.545479910714286 0.482421875 13.3651888568403 2 -2 0 
1 410 7.2 10 0.436448317307692 0.45234375 30.2622471131808 2 2 0 
0 410 9 8 0.544170673076923 0.4384765625 38.3575196557051 2 -2 0 
1 420 7.2 10 0.370008680555556 0.496875 26.2155951139252 2 1 0 
0 420 9 9 0.4453125 0.459635416666667 46.5310197875475 2 -1 0 
1 430 7.2 11 0.428199404761905 0.44921875 35.5538028093094 2 2 0 
0 430 9 9 0.5140625 0.443359375 38.5499966276206 2 -2 0 
1 440 7.2 11 0.414225260416667 0.3828125 43.8676378043644 2 2 0 
0 440 9 9 0.54609375 0.3544921875 45.8264234685207 2 -2 0 
1 450 7.2 11 0.3681640625 0.478125 18.9461358705017 2 2 0 
0 450 9 9 0.485576923076923 0.40625 42.8978744678307 2 -2 0 
1 460 7.2 11 0.433854166666667 0.4580078125 21.2365549079177 2 2 0 
0 460 9 9 0.538671875 0.494140625 37.6898857801604 2 -2 0 
1 470 7.2 11 0.4013671875 0.5107421875 20.9113995965867 2 1 0 
0 470 9 10 0.6015625 0.42265625 42.4695671583439 2 -1 0 
1 480 7.2 12 0.359561011904762 0.49609375 48.7109319196052 2 2 0 
0 480 9 10 0.471354166666667 0.427083333333333 20.9630759970819 2 -2 0 
1 490 7.2 12 0.456380208333333 0.453125 52.9251703830372 2 2 0 
0 490 9 10 0.510416666666667 0.4921875 10.9883135542205 2 -2 0 
1 500 7.2 12 0.4088134765625 0.490885416666667 35.6141025897195 2 2 0 
0 500 9 10 0.510416666666667 0.4296875 41.7709902258562 2 -2 0 
1 510 7.2 12 0.41552734375 0.501302083333333 16.1086602505408 2 1 0 
0 510 9 11 0.47265625 0.42421875 43.3098113903328 2 -1 0 
1 520 7.2 12 0.42421875 0.53125 3.60555127546399 2 1 0 
0 520 9 11 0.537388392857143 0.471875 24.4378006862242 2 -1 0 
1 530 7.2 12 0.423665364583333 0.368489583333333 51.7002385573597 2 1 0 
0 530 9 11 0.541294642857143 0.5265625 38.8786106082712 2 -1 0 
1 540 7.2 13 0.421697443181818 0.36328125 44.8758573745454 2 1 0 
0 540 9 12 0.462439903846154 0.4828125 30.8541203893224 2 -1 0 
1 550 7.2 13 0.465353260869565 0.3583984375 45.1472437770748 2 1 0 
0 550 9 12 0.538194444444444 0.50390625 15.7893095256918 2 -1 0 
1 560 7.2 13 0.442157451923077 0.338541666666667 28.2633107251309 2 1 0 
0 560 9 12 0.518229166666667 0.5078125 30.5346606548103 2 -1 0 
1 570 7.2 13 0.384662828947368 0.3310546875 40.6706561350753 2 1 0 
0 570 9 12 0.5166015625 0.49296875 37.2534267573579 2 -1 0 
1 580 7.2 13 0.404871323529412 0.3578125 51.8008074148553 2 1 0 
0 580 9 12 0.543526785714286 0.515625 41.1674155432209 2 -1 0 
1 590 7.2 14 0.385190217391304 0.44921875 40.7348694558365 2 2 0 
0 590 9 12 0.543805803571429 0.4775390625 52.8332449363598 2 -2 0 
1 600 7.2 14 0.377387152777778 0.4404296875 39.8202637424175 2 1 0 
0 600 9 13 0.506975446428571 0.47265625 41.8130900075989 2 -1 0 
1 610 7.2 14 0.478352864583333 0.45859375 45.5560418214075 2 1 0 
0 610 9 13 0.522786458333333 0.4814453125 41.1553033495896 2 -1 0 
1 620 7.2 14 0.463831018518519 0.4765625 44.3840176314137 2 1 0 
0 620 9 13 0.528645833333333 0.378125 44.8918157057338 2 -1 0 
1 630 7.2 15 0.390190972222222 0.466796875 33.6905868190371 2 2 0 
0 630 9 13 0.505022321428571 0.4306640625 23.5095139470727 2 -2 0 
1 640 7.2 15 0.432350852272727 0.462239583333333 14.1339956964206 2 2 0 
0 640 9 13 0.501302083333333 0.5087890625 1.55305361261226 2 -2 0 
1 650 7.2 15 0.421316964285714 0.490234375 4.52769256906871 2 1 0 
0 650 9 14 0.501302083333333 0.481770833333333 6.4982101233732 2 -1 0 
1 660 7.2 15 0.414595170454545 0.470703125 6.51920240520265 2 1 0 
0 660 9 14 0.485276442307692 0.4326171875 33.9010241170426 2 -1 0 
1 670 7.2 15 0.510416666666667 0.427734375 9.7082439194738 2 1 0 
0 670 9 14 0.575639204545455 0.421875 34.978609866111 2 -1 0 
1 680 7.2 15 0.44140625 0.352864583333333 43.2316020698083 2 1 0 
0 680 9 14 0.581597222222222 0.43515625 45.5104578292706 2 -1 0 
1 690 7.2 16 0.35859375 0.3291015625 43.2232912123875 2 2 0 
0 690 9 14 0.511008522727273 0.46796875 34.2443650792611 2 -2 0 
1 700 7.2 16 0.417410714285714 0.389973958333333 34.8431352497252 2 1 0 
0 700 9 15 0.511488970588235 0.4921875 25.7313076836995 2 -1 0 
1 710 7.2 16 0.405894886363636 0.428385416666667 23.1173607793486 2 1 0 
0 710 9 15 0.508463541666667 0.5205078125 30.3906355150846 2 -1 0 
1 720 7.2 16 0.367559523809524 0.458984375 28.4717110507857 2 1 0 
0 720 9 15 0.541748046875 0.4599609375 29.9676636268595 2 -1 0 
1 730 7.2 16 0.412997159090909 0.458984375 37.086946910905 2 1 0 
0 730 9 15 0.540457589285714 0.470052083333333 5.73419205475497 2 -1 0 
1 740 7.2 17 0.392728365384615 0.4482421875 37.6528947967879 2 2 0 
0 740 9 15 0.53515625 0.486979166666667 21.4588158000306 2 -2 0 
1 750 7.2 17 0.4162109375 0.486328125 37.6614994889103 2 2 0 
0 750 9 15 0.460100446428571 0.392578125 44.4231128235632 2 -2 0 
1 760 7.2 17 0.510475852272727 0.4921875 46.8522295722615 2 1 0 
0 760 9 16 0.4873046875 0.423828125 42.9946895844779 2 -1 0 
1 770 7.2 17 0.46328125 0.4716796875 45.5923893853331 2 1 0 
0 770 9 16 0.475 0.4265625 52.9381748020987 2 -1 0 
1 780 7.2 17 0.351004464285714 0.43984375 39.2860564115867 2 1 0 
0 780 9 16 0.489583333333333 0.41015625 44.4727113587033 2 -1 0 
1 790 7.2 17 0.426846590909091 0.4775390625 15.7995748906438 2 1 0 
0 790 9 16 0.486778846153846 0.46875 34.0569672734733 2 -1 0 
1 800 7.2 17 0.435546875 0.4912109375 12.9801786247442 2 1 0 
0 800 9 16 0.486778846153846 0.51171875 19.2931890499816 2 -1 0 
1 810 7.2 17 0.388020833333333 0.4111328125 21.4356038266406 2 1 0 
0 810 9 16 0.490411931818182 0.521484375 10.4663251740945 2 -1 0 
1 820 7.2 18 0.42578125 0.3046875 36.2663756115772 2 2 0 
0 820 9 16 0.492393092105263 0.541666666666667 3.27019417631815 2 -2 0 
1 830 7.2 18 0.415653935185185 0.416666666666667 32.0253107519615 2 2 0 
0 830 9 16 0.487215909090909 0.5390625 0 2 -2 0 
1 840 7.2 18 0.403515625 0.52734375 4.24264068711928 2 1 0 
0 840 9 17 0.546484375 0.3203125 36.017356926904 2 -1 0 
1 850 7.2 18 0.436279296875 0.505859375 1.5 2 1 0 
0 850 9 17 0.556743421052632 0.435546875 1.80277563773199 2 -1 0 
1 860 7.2 18 0.409307065217391 0.48828125 3.16227766016838 2 1 0 
0 860 9 17 0.556743421052632 0.390625 38.4144052021386 2 -1 0 
1 870 7.2 18 0.43310546875 0.49609375 3.16227766016838 2 1 0 
0 870 9 17 0.506770833333333 0.3203125 37.5098651833172 2 -1 0 
1 880 7.2 18 0.452275815217391 0.3095703125 48.5036885855874 2 1 0 
0 880 9 17 0.525568181818182 0.35078125 34.7411697564279 2 -1 0 
1 890 7.2 18 0.435606060606061 0.359375 22.2147386492026 2 1 0 
0 890 9 17 0.526988636363636 0.4203125 26.2201890221243 2 -1 0 
1 900 7.2 19 0.441271551724138 0.4072265625 10.7403939844587 2 2 0 
0 900 9 17 0.463341346153846 0.41953125 28.5333345502083 2 -2 0 
1 910 7.2 19 0.46046875 0.4443359375 2.41383451532751 2 2 0 
0 910 9 17 0.484375 0.46171875 36.0556381636247 2 -2 0 
1 920 7.2 19 0.438058035714286 0.5302734375 1.95279635688125 2 2 0 
0 920 9 17 0.484375 0.4736328125 33.7782543094929 2 -2 0 
1 930 7.2 19 0.359002976190476 0.5859375 3.93917990473959 2 1 0 
0 930 9 18 0.50341796875 0.435546875 25.7429530405497 2 -1 0 
1 940 7.2 19 0.3525390625 0.53515625 6.32455532033676 2 1 0 
0 940 9 18 0.578125 0.4580078125 12.6475550655207 2 -1 0 
1 950 7.2 19 0.361150568181818 0.4140625 22.0227155455452 2 1 0 
0 950 9 18 0.578125 0.5185546875 17.2289496268016 2 -1 0 
1 960 7.2 19 0.360262784090909 0.453125 0 2 1 0 
0 960 9 18 0.542100694444444 0.548177083333333 23.2462449512123 2 -1 0 
1 970 7.2 20 0.410361842105263 0.4453125 0 2 1 0 
0 970 9 19 0.522569444444444 0.4619140625 49.0786903282053 2 -1 0 
1 980 7.2 20 0.415912828947368 0.46875 0 2 1 0 
0 980 9 19 0.579345703125 0.4755859375 30.0536781176844 2 -1 0 
1 990 7.2 20 0.405078125 0.310546875 24.8294180358703 2 1 0 
0 990 9 19 0.570833333333333 0.490234375 8.34308944111417 2 -1 0 
1 1000 7.2 20 0.38203125 0.302083333333333 26.4572603891722 2 1 0 
0 1000 9 19 0.555245535714286 0.5205078125 12.4779403733849 2 -1 0 
1 1010 7.2 20 0.361328125 0.3515625 21.5113416671605 2 1 0 
0 1010 9 19 0.585546875 0.528645833333333 6.57851293604953 2 -1 0 
1 1020 7.2 20 0.338423295454545 0.373046875 34.7935498464506 2 1 0 
0 1020 9 19 0.586397058823529 0.4560546875 38.6418827383572 2 -1 0 
1 1030 7.2 20 0.371465773809524 0.3525390625 28.7857678495112 2 0 0 
0 1030 9 20 0.609375 0.4599609375 17.4032500338713 2 0 0 
1 1040 7.2 20 0.370383522727273 0.4287109375 27.3695005369279 2 0 0 
0 1040 9 20 0.625 0.4482421875 18.5177265511039 2 0 0 
1 1050 7.2 20 0.37125 0.489583333333333 15.4103427666345 2 0 0 
0 1050 9 20 0.57666015625 0.4228515625 10.3004750593335 2 0 0 
1 1060 7.2 20 0.375 0.419270833333333 18.180785925338 2 0 0 
0 1060 9 20 0.58984375 0.4541015625 18.3193293341208 2 0 0 
1 1070 7.2 20 0.361607142857143 0.41015625 9.96997994510203 2 0 0 
0 1070 9 20 0.58203125 0.533203125 26.2411128722679 2 0 0 
1 1080 7.2 20 0.354440789473684 0.375 10.9608187042358 2 0 1 
0 1080 9 20 0.576171875 0.47421875 38.4535131380786 1 0 -1 
1 1090 7.2 20 0.373604910714286 0.33984375 17.053310898598 2 0 1 
0 1090 9 20 0.534505208333333 0.571875 30.0174059782188 1 0 -1 
1 1100 7.2 21 0.386346726190476 0.29296875 21.7794023161902 2 1 1 
0 1100 9 20 0.534505208333333 0.53671875 10.3663988130006 1 -1 -1 
1 1110 7.2 21 0.385190217391304 0.361328125 19.7028104024551 2 0 1 
0 1110 9 21 0.525390625 0.55546875 2.91894363058985 1 0 -1 
1 1120 7.2 21 0.430208333333333 0.3859375 8.79185876774558 2 0 2 
0 1120 9 21 0.5830078125 0.571875 6.0557606335587 0 0 -2 
1 1130 7.2 21 0.425048828125 0.40625 3.52242626782056 2 0 2 
0 1130 9 21 0.5796875 0.50625 12.4899871525405 0 0 -2 
1 1140 7.2 21 0.361049107142857 0.4970703125 3.90177082731982 2 0 2 
0 1140 9 21 0.549278846153846 0.474609375 5.71155743350339 0 0 -2 
1 1150 7.2 21 0.408653846153846 0.520833333333333 3.1260523504872 2 0 2 
0 1150 9 21 0.557173295454545 0.4453125 7.81024967590665 0 0 -2 
1 1160 7.2 21 0.417751736111111 0.557291666666667 2.39661600512979 2 0 2 
0 1160 9 21 0.557173295454545 0.416015625 9.17877987534291 0 0 -2 
1 1170 7.2 22 0.386439732142857 0.470052083333333 12.8275022818055 2 1 2 
0 1170 9 21 0.532421875 0.421875 0 0 -1 -2 
1 1180 7.2 22 0.422991071428571 0.536458333333333 15.4922548656028 2 1 2 
0 1180 9 21 0.531510416666667 NaN NaN 0 -1 -2 
1 1190 7.2 22 0.432516163793103 0.541666666666667 7.93646242238996 2 1 2 
0 1190 9 21 0.531510416666667 NaN NaN 0 -1 -2 
1 1200 7.2 22 0.408627717391304 0.490885416666667 2.41806358077107 2 1 2 
0 1200 9 21 0.496694711538462 NaN NaN 0 -1 -2 
1 1210 7.2 22 0.420673076923077 0.4921875 3.36343262431746 2 1 2 
0 1210 9 21 0.51806640625 0.1796875 0 0 -1 -2 
1 1220 7.2 22 0.487079326923077 0.400390625 2.54950975679639 2 1 2 
0 1220 9 21 0.51806640625 NaN NaN 0 -1 -2 
