1 30 8.6 1 NaN 0.229032258064516 1.97741139727762 3 0 0 
0 30 6.8 1 NaN 0.311290322580645 23.9473210434619 3 0 0 
1 40 8.6 1 NaN 0.280645161290323 8.34217991305253 3 0 0 
0 40 6.8 1 NaN 0.332258064516129 26.8018466517283 3 0 0 
1 50 8.6 1 0.369623655913978 0.336290322580645 22.9639809251561 3 0 0 
0 50 6.8 1 0.370967741935484 0.413709677419355 28.6072603095766 3 0 0 
1 60 8.6 1 0.364247311827957 0.483064516129032 36.4916501005549 3 0 0 
0 60 6.8 1 0.364247311827957 0.462903225806452 37.5746711938109 3 0 0 
1 70 8.6 1 0.432795698924731 0.462903225806452 36.4601680284434 3 0 0 
0 70 6.8 1 0.381578947368421 0.480645161290323 36.4219302373273 3 0 0 
1 80 8.6 1 0.472650771388499 0.460483870967742 35.5818623435648 3 0 0 
0 80 6.8 1 0.45258064516129 0.494354838709677 35.3607983390189 3 0 0 
1 90 8.6 1 0.406854838709677 0.480645161290323 27.0099526442808 3 0 0 
0 90 6.8 1 0.405046826222685 0.480645161290323 35.3014048095013 3 0 0 
1 100 8.6 1 0.433548387096774 0.488709677419355 22.029614329073 3 0 0 
0 100 6.8 1 0.435483870967742 0.475806451612903 34.7557973999358 3 0 0 
1 110 8.6 2 0.458982202447163 0.455645161290323 28.7611644422228 3 0 0 
0 110 6.8 2 0.464307048984468 0.493548387096774 33.7309733115919 3 0 0 
1 120 8.6 2 0.410215053763441 0.475 31.4758209140883 3 0 0 
0 120 6.8 2 0.406979977753059 0.480645161290323 31.1018085235005 3 0 0 
1 130 8.6 2 0.446307300509338 0.393548387096774 48.7479210312062 3 0 0 
0 130 6.8 2 0.438676075268817 0.505040322580645 17.3488720359451 3 0 0 
1 140 8.6 3 0.469534050179212 0.392741935483871 54.2415323686649 3 0 0 
0 140 6.8 3 0.473014888337469 0.454838709677419 39.7166192023481 3 0 0 
1 150 8.6 3 0.39454094292804 0.433870967741935 38.4674392012772 3 0 0 
0 150 6.8 3 0.408644153225806 0.448387096774194 38.8118113776272 3 0 0 
1 160 8.6 3 0.436120543293718 0.470967741935484 27.6668888167225 3 0 0 
0 160 6.8 3 0.383870967741936 0.498387096774194 31.1934947992637 3 0 0 
1 170 8.6 4 0.461917562724014 0.505645161290323 27.0073768202951 3 1 0 
0 170 6.8 3 0.447405329593268 0.458064516129032 25.1371846050845 3 -1 0 
1 180 8.6 4 0.419224765868887 0.481451612903226 23.7512898862292 3 0 0 
0 180 6.8 4 0.384354838709677 0.47741935483871 24.2252843773673 3 0 0 
1 190 8.6 4 0.454417952314165 0.486290322580645 35.1110706147348 3 0 0 
0 190 6.8 4 0.403225806451613 0.45241935483871 19.5065912524335 3 0 0 
1 200 8.6 5 0.468951612903226 0.469086021505376 35.0296856960201 3 0 0 
0 200 6.8 5 0.441935483870968 0.485483870967742 23.9022505295956 3 0 0 
1 210 8.6 5 0.404809907834101 0.514112903225806 49.30770730829 3 0 0 
0 210 6.8 5 0.408467741935484 0.48991935483871 18.5175331129791 3 0 0 
1 220 8.6 5 0.434297912713473 0.287298387096774 45.4106753008271 3 0 0 
0 220 6.8 5 0.468709677419355 0.466935483870968 32.7600329540388 3 0 0 
1 230 8.6 5 0.46415770609319 0.318548387096774 34.2286497557177 3 -1 0 
0 230 6.8 6 0.483294930875576 0.468548387096774 29.4024002248023 3 1 0 
1 240 8.6 5 0.398709677419355 0.420161290322581 25.5544875116664 3 -1 0 
0 240 6.8 6 0.431451612903226 0.501612903225806 21.6995888948565 3 1 0 
1 250 8.6 6 0.427611367127496 0.454032258064516 11.3282268998693 3 0 0 
0 250 6.8 6 0.415505865102639 0.480645161290323 20.744361605771 3 0 0 
1 260 8.6 6 0.455294530154278 0.503225806451613 11.830841663327 3 0 0 
0 260 6.8 6 0.414938556067588 0.470161290322581 28.4780747226849 3 0 0 
1 270 8.6 6 0.398418114143921 0.484677419354839 12.6769392682871 3 0 0 
0 270 6.8 6 0.41363163371488 0.406451612903226 38.4191402069255 3 0 0 
1 280 8.6 6 0.393039049235993 0.481451612903226 15.7564367735023 3 0 0 
0 280 6.8 6 0.456413210445469 0.491935483870968 13.1969941915324 3 0 0 
1 290 8.6 6 0.43010752688172 0.457661290322581 20.1729458193358 3 -1 0 
0 290 6.8 7 0.476683029453015 0.465322580645161 4.80907454281222 3 1 0 
1 300 8.6 6 0.386088709677419 0.454637096774194 17.7251146357587 3 -1 0 
0 300 6.8 7 0.405385944700461 0.508870967741936 5.50322903153794 3 1 0 
1 310 8.6 6 0.437181663837012 0.387096774193548 36.5275389714671 3 -1 0 
0 310 6.8 7 0.453377016129032 0.486290322580645 18.410438191717 3 1 0 
1 320 8.6 7 0.450604838709677 0.441129032258065 31.7393992784712 3 0 0 
0 320 6.8 7 0.484819734345351 0.508064516129032 26.5090256807224 3 0 0 
1 330 8.6 7 0.41350156087409 0.45241935483871 19.5527972265382 3 -1 0 
0 330 6.8 8 0.386256720430108 0.503225806451613 27.220623278357 3 1 0 
1 340 8.6 7 0.454877112135177 0.482258064516129 15.7806861405278 3 -1 0 
0 340 6.8 8 0.383614369501466 0.479838709677419 20.8174660310589 3 1 0 
1 350 8.6 7 0.470430107526882 0.479032258064516 6.17935209172302 3 -1 0 
0 350 6.8 8 0.454493087557604 0.437903225806452 31.6818446666879 3 1 0 
1 360 8.6 7 0.375192012288786 0.496774193548387 6.82419404875072 3 -1 0 
0 360 6.8 8 0.442805602716469 0.458064516129032 21.4601096949347 3 1 0 
1 370 8.6 7 0.382862903225806 0.462096774193548 12.3850627515882 3 -1 0 
0 370 6.8 8 0.461768219832736 0.485483870967742 16.9931230447426 3 1 0 
1 380 8.6 7 0.421458625525947 0.444354838709677 16.0456595630586 3 -1 0 
0 380 6.8 8 0.472330367074527 0.516935483870968 15.6940182541699 3 1 0 
1 390 8.6 8 0.379354838709677 0.44758064516129 13.0837236290923 3 -1 0 
0 390 6.8 9 0.442570869990225 0.535483870967742 10.5757363270226 3 1 0 
1 400 8.6 8 0.388888888888889 0.412903225806452 18.4315875970404 3 -1 0 
0 400 6.8 9 0.502112135176651 0.555443548387097 11.0361746152942 3 1 0 
1 410 8.6 8 0.424438990182328 0.395161290322581 5.33992716896938 3 -1 0 
0 410 6.8 9 0.514677419354839 0.569556451612903 8.49689857326199 3 1 0 
1 420 8.6 8 0.396370967741936 0.37741935483871 6.1254112917417 3 -1 0 
0 420 6.8 9 0.374633431085044 0.454838709677419 31.3425253433107 3 1 0 
1 430 8.6 8 0.418548387096774 0.425806451612903 11.2751907958202 3 -1 0 
0 430 6.8 9 0.409879032258065 0.462096774193548 29.421885444781 3 1 0 
1 440 8.6 9 0.440036420395421 0.445161290322581 16.1448138754122 3 -1 0 
0 440 6.8 10 0.444808467741936 0.491129032258064 36.4827406855327 3 1 0 
1 450 8.6 9 0.381720430107527 0.476612903225806 7.27426640369139 3 -1 0 
0 450 6.8 10 0.39741935483871 0.513709677419355 39.8017145781574 3 1 0 
1 460 8.6 9 0.4223259762309 0.485483870967742 9.77640880104106 3 -1 0 
0 460 6.8 10 0.461895161290323 0.493548387096774 42.3002421775183 3 1 0 
1 470 8.6 9 0.466081593927894 0.418548387096774 41.2288739128139 3 -2 0 
0 470 6.8 11 0.438844086021505 0.49758064516129 43.976790823901 3 2 0 
1 480 8.6 9 0.37133431085044 0.392741935483871 39.4671711060489 3 -2 0 
0 480 6.8 11 0.416852057842047 0.504838709677419 37.8754017861598 3 2 0 
1 490 8.6 9 0.37116935483871 0.489516129032258 37.0684778866607 3 -2 0 
0 490 6.8 11 0.441784274193548 0.459677419354839 27.5888328538426 3 2 0 
1 500 8.6 10 0.454032258064516 0.512903225806452 37.4050008382412 3 -1 0 
0 500 6.8 11 0.480040322580645 0.439516129032258 30.2913284435637 3 1 0 
1 510 8.6 10 0.409148185483871 0.495161290322581 28.543645605147 3 -1 0 
0 510 6.8 11 0.364247311827957 0.451612903225806 29.4440321224587 3 1 0 
1 520 8.6 10 0.406891495601173 0.466733870967742 30.7326434595359 3 -1 0 
0 520 6.8 11 0.414473684210526 0.494959677419355 40.2209100286553 3 1 0 
1 530 8.6 10 0.44901144640999 0.474798387096774 31.0686668581665 3 -1 0 
0 530 6.8 11 0.456093189964158 0.483870967741936 44.8987223679865 3 1 0 
1 540 8.6 11 0.449028122415219 0.513104838709677 36.1561542927962 3 0 0 
0 540 6.8 11 0.404737903225806 0.504032258064516 40.9410864838544 3 0 0 
1 550 8.6 11 0.485215053763441 0.412096774193548 49.5515596953151 3 0 0 
0 550 6.8 11 0.367204301075269 0.449596774193548 57.4291993060704 3 0 0 
1 560 8.6 11 0.491240266963293 0.47258064516129 48.8329964059552 3 -1 0 
0 560 6.8 12 0.432123655913979 0.454637096774194 57.8014532569584 3 1 0 
1 570 8.6 11 0.413461538461538 0.473387096774194 45.8613326941409 3 -1 0 
0 570 6.8 12 0.412220843672457 0.375806451612903 49.9513323594048 3 1 0 
1 580 8.6 11 0.437903225806452 0.380645161290323 42.6324258134535 3 -1 0 
0 580 6.8 12 0.390180265654649 0.410483870967742 45.6175948237862 3 1 0 
1 590 8.6 11 0.456413210445469 0.449193548387097 35.0608776483101 3 -1 0 
0 590 6.8 12 0.483446519524618 0.495161290322581 49.2921030609011 3 1 0 
1 600 8.6 12 0.378192204301075 0.461290322580645 28.8198889187091 3 0 0 
0 600 6.8 12 0.438130040322581 0.500806451612903 25.946478802989 3 0 0 
1 610 8.6 12 0.440152801358234 0.424193548387097 38.1985867036511 3 0 0 
0 610 6.8 12 0.40365025466893 0.560483870967742 4.0669634389881 3 0 0 
1 620 8.6 12 0.464861751152074 0.345766129032258 27.3010819758094 3 -1 0 
0 620 6.8 13 0.494354838709677 0.517137096774194 17.3982396839488 3 1 0 
1 630 8.6 12 0.379733520336606 0.383064516129032 42.8436054490732 3 -1 0 
0 630 6.8 13 0.423861480075901 0.433870967741935 42.6969030935715 3 1 0 
1 640 8.6 12 0.379838709677419 0.456451612903226 49.6417089218072 3 -1 0 
0 640 6.8 13 0.412741935483871 0.440322580645161 43.3061397789213 3 1 0 
1 650 8.6 12 0.462131837307153 0.491129032258064 37.1431770182773 3 -1 0 
0 650 6.8 13 0.468352883675464 0.461290322580645 47.3360550179228 3 1 0 
1 660 8.6 12 0.396206690561529 0.437096774193548 41.2882790714338 3 -1 0 
0 660 6.8 13 0.426351992409867 0.495967741935484 46.4089735859208 3 1 0 
1 670 8.6 13 0.393675721561969 0.435483870967742 48.9874017383234 3 0 0 
0 670 6.8 13 0.453461021505376 0.470967741935484 41.2550902667809 3 0 0 
1 680 8.6 13 0.443731671554252 0.479032258064516 24.7621361097468 3 0 0 
0 680 6.8 13 0.481014784946237 0.460483870967742 23.6931969475521 3 0 0 
1 690 8.6 13 0.364247311827957 0.488709677419355 36.831163460094 3 -1 0 
0 690 6.8 14 0.441226783968719 0.508870967741936 18.0364507518886 3 1 0 
1 700 8.6 13 0.375711574952562 0.463709677419355 41.3315880489642 3 -1 0 
0 700 6.8 14 0.474677419354839 0.504032258064516 16.3323866892577 3 1 0 
1 710 8.6 13 0.434934017595308 0.41633064516129 32.8256577409144 3 -1 0 
0 710 6.8 14 0.481182795698925 0.556451612903226 26.9513721798591 3 1 0 
1 720 8.6 13 0.38784348864994 0.35383064516129 40.6486654073095 3 -1 0 
0 720 6.8 14 0.41363163371488 0.583870967741935 36.6681353403517 3 1 0 
1 730 8.6 14 0.416858678955453 0.362903225806452 41.3786543429139 3 0 0 
0 730 6.8 14 0.457325268817204 0.490322580645161 38.2847088942668 3 0 0 
1 740 8.6 14 0.468108504398827 0.392741935483871 35.9399271691107 3 0 0 
0 740 6.8 14 0.475341191066998 0.494354838709677 33.0535474246994 3 0 0 
1 750 8.6 14 0.421436004162331 0.462903225806452 40.768094406303 3 -1 0 
0 750 6.8 15 0.39889486260454 0.460483870967742 34.4464220579296 3 1 0 
1 760 8.6 14 0.453485023041475 0.456451612903226 43.5371864401602 3 -1 0 
0 760 6.8 15 0.421658986175115 0.441129032258065 32.4230245307827 3 1 0 
1 770 8.6 14 0.442570869990225 0.453629032258065 46.1662155236504 3 -1 0 
0 770 6.8 15 0.467741935483871 0.480645161290323 33.9764641465134 3 1 0 
1 780 8.6 14 0.419947817836812 0.454637096774194 38.7301025182506 3 -1 0 
0 780 6.8 15 0.379200268817204 0.486290322580645 23.3459883294513 3 1 0 
1 790 8.6 15 0.491338112305854 0.453629032258065 23.1120599343656 3 0 0 
0 790 6.8 15 0.382003395585739 0.489516129032258 19.7771382634055 3 0 0 
1 800 8.6 15 0.474555061179088 0.454637096774194 4.51659161927523 3 0 0 
0 800 6.8 15 0.434193548387097 0.511290322580645 15.8298254119658 3 0 0 
1 810 8.6 15 0.420967741935484 0.370967741935484 32.0492384094408 3 -1 0 
0 810 6.8 16 0.42442767950052 0.5 11.0522924760437 3 1 0 
1 820 8.6 15 0.41633064516129 0.392741935483871 27.6727132104737 3 -1 0 
0 820 6.8 16 0.456265508684864 0.511290322580645 4.11784945673711 3 1 0 
1 830 8.6 15 0.450044802867384 0.415322580645161 18.3183603479731 3 -1 0 
0 830 6.8 16 0.488253856942496 0.54758064516129 3.69029986263228 3 1 0 
1 840 8.6 15 0.406959378733572 0.426612903225806 21.8152082204046 3 -1 0 
0 840 6.8 16 0.41989247311828 0.503225806451613 13.1946763632697 3 1 0 
1 850 8.6 15 0.423771121351767 0.458870967741936 23.9270884527874 3 -1 0 
0 850 6.8 16 0.39028013582343 0.501612903225806 37.0019843761044 3 1 0 
1 860 8.6 16 0.483294930875576 0.488911290322581 20.7596996711412 3 0 0 
0 860 6.8 16 0.471582181259601 0.495967741935484 38.3632452475768 3 0 0 
1 870 8.6 16 0.388647642679901 0.457661290322581 13.243205348801 3 0 0 
0 870 6.8 16 0.406840934371524 0.511290322580645 33.7658007194683 3 0 0 
1 880 8.6 16 0.389219015280136 0.42741935483871 21.9049152186779 3 -1 0 
0 880 6.8 17 0.434838709677419 0.550806451612903 27.6800042325015 3 1 0 
1 890 8.6 16 0.438076036866359 0.486895161290323 21.8792576809405 3 -1 0 
0 890 6.8 17 0.497390891840607 0.553225806451613 20.0368959630975 3 1 0 
1 900 8.6 16 0.364247311827957 0.391935483870968 33.6845443431806 3 -1 0 
0 900 6.8 17 0.437927663734115 0.538306451612903 19.8517523965249 3 1 0 
1 910 8.6 16 0.389400921658986 0.383064516129032 23.8779832228923 3 -1 0 
0 910 6.8 17 0.383266129032258 0.550403225806452 15.5608050752377 3 1 0 
1 920 8.6 16 0.463277649769585 0.452620967741936 9.38622727798176 3 -1 0 
0 920 6.8 17 0.46178955453149 0.518145161290323 7.75942530672536 3 1 0 
1 930 8.6 17 0.409706221198157 0.443548387096774 15.52417469626 3 0 0 
0 930 6.8 17 0.390212609970674 0.496975806451613 5.2156898648655 3 0 0 
1 940 8.6 17 0.438113604488079 0.441532258064516 41.862871377869 3 -1 0 
0 940 6.8 18 0.427236070381232 0.538978494623656 15.9978458950977 3 1 0 
1 950 8.6 17 0.46505376344086 0.441532258064516 50.7000986192335 3 -1 0 
0 950 6.8 18 0.478739002932551 0.40625 44.2366540844089 3 1 0 
1 960 8.6 17 0.45148689516129 0.453629032258065 42.2403835209862 3 -1 0 
0 960 6.8 18 0.420967741935484 0.408870967741935 45.5724580651654 3 1 0 
1 970 8.6 17 0.479982718894009 0.330645161290323 50.4968071279589 3 -1 0 
0 970 6.8 18 0.437855787476281 0.479032258064516 46.5818191021053 3 1 0 
1 980 8.6 17 0.519825268817204 0.296774193548387 23.7065582699997 3 -1 0 
0 980 6.8 18 0.453494623655914 0.512903225806452 34.8675063855613 3 1 0 
1 990 8.6 17 0.444412442396313 0.362903225806452 8.04548255817464 3 -1 0 
0 990 6.8 18 0.423252688172043 0.567741935483871 34.8972787462202 3 1 0 
1 1000 8.6 17 0.420698924731183 0.382258064516129 13.2888143764621 3 -1 0 
0 1000 6.8 18 0.469758064516129 0.617741935483871 25.3623953592847 3 1 0 
1 1010 8.6 18 0.479301075268817 0.429032258064516 12.6054193488564 3 0 0 
0 1010 6.8 18 0.554147465437788 0.628024193548387 26.409369089809 3 0 0 
1 1020 8.6 18 0.419538123167155 0.42258064516129 14.7434770732661 3 -1 0 
0 1020 6.8 19 0.416852057842047 0.601814516129032 21.9830351997017 3 1 0 
1 1030 8.6 18 0.414458525345622 0.354032258064516 20.1459882424041 3 -1 0 
0 1030 6.8 19 0.414772727272727 0.627016129032258 13.4604897695126 3 1 0 
1 1040 8.6 18 0.50549853372434 0.341397849462366 3.35929031749657 3 -1 0 
0 1040 6.8 19 0.472379032258065 0.662634408602151 2.42721866558339 3 1 0 
1 1050 8.6 18 0.451394943330427 0.373655913978495 15.4001337696048 3 -1 0 
0 1050 6.8 19 0.41676267281106 0.654569892473118 7.58252529046803 3 1 0 
1 1060 8.6 18 0.502805049088359 0.439516129032258 15.0030946018845 3 -1 0 
0 1060 6.8 19 0.460433467741936 0.457661290322581 45.6483796684518 3 1 0 
1 1070 8.6 18 0.578629032258065 0.463709677419355 32.5811086229072 3 -1 0 
0 1070 6.8 19 0.500711574952562 0.413306451612903 48.3377976801994 3 1 0 
1 1080 8.6 19 0.445381231671554 0.405913978494624 24.3956285149448 3 0 0 
0 1080 6.8 19 0.447729988052569 0.423387096774194 38.8969470081927 3 0 0 
1 1090 8.6 19 0.444838709677419 0.278225806451613 21.0024179542403 3 -1 0 
0 1090 6.8 20 0.422311827956989 0.45866935483871 27.2875860902044 3 1 0 
1 1100 8.6 19 0.50184811827957 0.258064516129032 22.1780061952228 3 -1 0 
0 1100 6.8 20 0.400537634408602 0.446572580645161 30.6943648300807 3 1 0 
1 1110 8.6 19 0.431073588709677 0.294354838709677 21.4259894220009 3 -1 0 
0 1110 6.8 20 0.404656607700312 0.391935483870968 24.1319931218595 3 1 0 
1 1120 8.6 19 0.426542776998598 0.367741935483871 10.1949193562741 3 -1 0 
0 1120 6.8 20 0.41008064516129 0.448387096774194 20.3932452161251 3 1 0 
1 1130 8.6 19 0.453797043010753 0.411290322580645 5.13840560367365 3 -1 0 
0 1130 6.8 20 0.432891705069124 0.467741935483871 32.8234289814389 3 1 0 
1 1140 8.6 19 0.411416330645161 0.47258064516129 22.1996578264319 3 -1 0 
0 1140 6.8 20 0.383529776674938 0.471774193548387 36.373850228318 3 1 0 
1 1150 8.6 20 0.44727047146402 0.482258064516129 17.1780433511533 3 0 0 
0 1150 6.8 20 0.392190152801358 0.45866935483871 47.4662989241803 3 0 0 
1 1160 8.6 20 0.467144563918757 0.55 17.3761193132147 3 0 0 
0 1160 6.8 20 0.543279569892473 0.4375 55.1473237425828 3 0 0 
1 1170 8.6 20 0.442481024667932 0.537096774193548 12.0737186017478 3 0 0 
0 1170 6.8 20 0.465293778801843 0.448588709677419 46.1787051651549 3 0 0 
1 1180 8.6 20 0.446774193548387 0.537096774193548 34.5471023989485 3 0 0 
0 1180 6.8 20 0.384139784946237 0.489247311827957 41.6010991486421 3 0 0 
1 1190 8.6 20 0.538709677419355 0.451612903225806 39.3990124317847 3 -1 0 
0 1190 6.8 21 0.522952853598015 0.475806451612903 40.8269036973943 3 1 0 
1 1200 8.6 20 0.446631878557875 0.391935483870968 38.9403528352969 3 -1 0 
0 1200 6.8 21 0.425259216589862 0.419354838709677 50.7089515958894 3 1 0 
1 1210 8.6 21 0.420540796963947 0.441935483870968 18.0787629171987 3 0 0 
0 1210 6.8 21 0.427611367127496 0.469086021505376 44.2318289373226 3 0 0 
1 1220 8.6 21 0.463285229202037 0.424193548387097 25.5643252170642 3 0 0 
0 1220 6.8 21 0.458616298811545 0.438172043010753 29.7477217313816 3 0 0 
1 1230 8.6 21 0.419632925472747 0.448387096774194 22.6742933767859 3 0 0 
0 1230 6.8 21 0.3915770609319 0.459677419354839 14.2222222222222 3 0 0 
1 1240 8.6 21 0.424923195084485 0.463709677419355 27.2671047467779 3 0 0 
0 1240 6.8 21 0.396001344086022 0.365927419354839 20.2207881194044 3 0 0 
1 1250 8.6 21 0.464640198511166 0.479838709677419 25.0419466801132 3 0 0 
0 1250 6.8 21 0.461895161290323 0.370967741935484 21.1402595490583 3 0 0 
1 1260 8.6 21 0.421947004608295 0.558064516129032 17.5588556113654 3 0 0 
0 1260 6.8 21 0.432291666666667 0.373991935483871 4.08233233721401 3 0 0 
1 1270 8.6 21 0.422653958944281 0.47741935483871 25.3831755775033 3 0 0 
0 1270 6.8 21 0.434811827956989 0.441532258064516 6.3444304774836 3 0 0 
1 1280 8.6 21 0.492741935483871 0.525 26.8471190038826 3 0 0 
0 1280 6.8 21 0.446812596006144 0.420161290322581 36.9835473603993 3 0 0 
1 1290 8.6 21 0.459914611005693 0.457258064516129 35.8829863996716 3 0 0 
0 1290 6.8 21 0.378848973607038 0.423387096774194 28.9607959275692 3 0 0 
1 1300 8.6 21 0.44758064516129 0.465322580645161 35.1799640110332 3 0 0 
0 1300 6.8 21 0.452346041055719 0.399193548387097 22.9852637343466 3 0 0 
1 1310 8.6 21 0.471582181259601 0.435483870967742 18.7677172659067 3 0 0 
0 1310 6.8 21 0.423624288425047 0.478225806451613 28.2853060151685 3 0 0 
1 1320 8.6 21 0.377103786816269 0.458870967741936 29.8769120184833 3 0 0 
0 1320 6.8 21 0.382344470046083 0.498991935483871 18.7694156498012 3 0 0 
1 1330 8.6 22 0.375192012288786 0.435483870967742 27.8702690482233 3 1 0 
0 1330 6.8 21 0.440577249575552 0.431451612903226 20.3203648535847 3 -1 0 
1 1340 8.6 22 0.507661290322581 0.487096774193548 31.8243076186786 3 1 0 
0 1340 6.8 21 0.424499443826474 0.396505376344086 3.80407209622406 3 -1 0 
1 1350 8.6 22 0.447817836812144 0.546774193548387 30.7494271012493 3 1 0 
0 1350 6.8 21 0.32258064516129 0.399193548387097 1.11803398874989 3 -1 0 
1 1360 8.6 22 0.467623339658444 0.516935483870968 54.1508506031311 3 0 0 
0 1360 6.8 22 0.475403225806452 0.30241935483871 0 3 0 0 
1 1370 8.6 22 0.558740191804708 0.551612903225806 48.748349009865 3 0 0 
0 1370 6.8 22 0.499596774193548 0.310483870967742 0 3 0 0 
1 1380 8.6 22 0.466877880184332 0.533870967741936 29.5539984011698 3 0 0 
0 1380 6.8 22 0.317652329749104 0.189516129032258 27.9329554469268 3 0 0 
1 1390 8.6 22 0.469283681214421 0.441935483870968 42.8055860682296 3 0 0 
0 1390 6.8 22 0.370967741935484 0.26008064516129 27.7353564967173 3 0 0 
1 1400 8.6 22 0.555861526357199 0.466129032258065 38.5503756187425 3 0 0 
0 1400 6.8 22 0.407258064516129 0.362903225806452 32.9536004860642 3 0 0 
1 1410 8.6 22 0.501630061770762 0.486290322580645 21.7843936769051 3 0 0 
0 1410 6.8 22 0.320301542776999 0.372311827956989 45.1968850229904 3 0 0 
1 1420 8.6 23 0.461290322580645 0.503225806451613 4.69038916189378 3 1 0 
0 1420 6.8 22 0.326923076923077 0.354838709677419 32.3149209609908 3 -1 0 
1 1430 8.6 23 0.563940092165899 0.559677419354839 21.5493653447003 3 1 0 
0 1430 6.8 22 0.342293906810036 0.332661290322581 29.0337559866808 3 -1 0 
1 1440 8.6 23 0.471883173496077 0.515120967741936 22.256246714847 3 1 0 
0 1440 6.8 22 0.352150537634409 0.389784946236559 32.0202174760415 3 -1 0 
1 1450 8.6 23 0.440743338008415 0.545698924731183 3.26949466581122 3 1 0 
0 1450 6.8 22 0.403729838709677 0.43010752688172 42.3611777927939 3 -1 0 
1 1460 8.6 23 0.521774193548387 0.588709677419355 19.4660923673657 3 1 0 
0 1460 6.8 22 0.459965437788018 0.375 37.5900728832564 3 -1 0 
1 1470 8.6 23 0.473387096774194 0.610215053763441 6.58386005036414 3 1 0 
0 1470 6.8 22 0.384557945041816 0.3125 19.5024361199386 3 -1 0 
1 1480 8.6 23 0.486803519061584 0.663978494623656 3.49909254143386 3 1 0 
0 1480 6.8 22 0.443296370967742 0.290322580645161 6.18777598115047 3 -1 0 
1 1490 8.6 23 0.589880332986472 0.702956989247312 5.57739368042772 3 1 0 
0 1490 6.8 22 0.486693548387097 0.253024193548387 7.676903632851 3 -1 0 
1 1500 8.6 23 0.503600230414747 0.696236559139785 2.44292534130588 3 1 1 
0 1500 6.8 22 0.46496106785317 0.266129032258065 3.78444003919156 2 -1 -1 
1 1510 8.6 23 0.455981182795699 0.546370967741936 52.6180311345494 3 1 1 
0 1510 6.8 22 0.469024926686217 0.257056451612903 17.9934482760187 2 -1 -1 
1 1520 8.6 23 0.575403225806452 0.554435483870968 47.0197502172043 3 0 1 
0 1520 6.8 23 0.546004398826979 0.289314516129032 7.54823378228835 2 0 -1 
1 1530 8.6 24 0.481960950764007 0.509072580645161 28.633927624824 3 1 1 
0 1530 6.8 23 0.474706744868035 0.370967741935484 6.61617783435691 2 -1 -1 
1 1540 8.6 24 0.519985974754558 0.386088709677419 33.5106978972849 3 1 1 
0 1540 6.8 23 0.542434715821813 0.466733870967742 16.0137274268292 2 -1 -1 
1 1550 8.6 24 0.608870967741936 0.352822580645161 13.8208455671565 3 1 2 
0 1550 6.8 23 0.606324278438031 0.538306451612903 22.5300918982124 1 -1 -2 
1 1560 8.6 24 0.46505376344086 0.371975806451613 24.2965325634186 3 1 2 
0 1560 6.8 23 0.446290322580645 0.397849462365591 30.2808504718511 1 -1 -2 
1 1570 8.6 24 0.44179523141655 0.456653225806452 33.5937035637528 3 1 2 
0 1570 6.8 23 0.417457305502846 0.245967741935484 21.6084203259643 1 -1 -2 
1 1580 8.6 24 0.472072879330944 0.579637096774194 22.0375552337328 3 1 2 
0 1580 6.8 23 0.548020527859237 0.206989247311828 3.87824167453138 1 -1 -2 
1 1590 8.6 24 0.458404074702886 0.518145161290323 31.1014703067978 3 1 2 
0 1590 6.8 23 0.421060794044665 0.294354838709677 5.0226225901305 1 -1 -2 
1 1600 8.6 24 0.49537037037037 0.547379032258065 23.8524445499406 3 1 2 
0 1600 6.8 23 0.362455197132616 0.303763440860215 10.5961505172573 1 -1 -2 
1 1610 8.6 24 0.554354838709678 0.498991935483871 23.8043038406059 3 1 2 
0 1610 6.8 23 0.437903225806452 0.385752688172043 4.54000957110944 1 -1 -2 
1 1620 8.6 24 0.468672456575682 0.424395161290323 22.4382418438632 3 1 2 
0 1620 6.8 23 0.401433691756272 0.349798387096774 28.3251675778897 1 -1 -2 
1 1630 8.6 24 0.459047379032258 0.410282258064516 25.2524374565668 3 1 2 
0 1630 6.8 23 0.38508064516129 0.257056451612903 16.5114673719988 1 -1 -2 
1 1640 8.6 24 0.562121975806452 0.448588709677419 36.6190303525734 3 1 2 
0 1640 6.8 23 0.422287390029326 0.29758064516129 19.6646069740323 1 -1 -2 
1 1650 8.6 24 0.519435483870968 0.375806451612903 50.3333531091924 3 1 2 
0 1650 6.8 23 0.322379032258065 0.35241935483871 19.0891284460988 1 -1 -2 
1 1660 8.6 24 0.565036420395421 0.411290322580645 44.5175860855681 3 1 2 
0 1660 6.8 23 0.366935483870968 0.348387096774194 18.52136149193 1 -1 -2 
1 1670 8.6 24 0.668399830220713 0.548387096774194 20.5283766836648 3 0 2 
0 1670 6.8 24 0.209677419354839 0.333064516129032 10.8683516854209 1 0 -2 
1 1680 8.6 24 0.64007713884993 0.666935483870968 20.0995999145644 3 0 2 
0 1680 6.8 24 0.280241935483871 0.288306451612903 27.0185086605164 1 0 -2 
1 1690 8.6 25 0.739583333333333 0.733870967741936 24.8400587218599 3 1 2 
0 1690 6.8 24 NaN 0.209677419354839 8.60563840550587 1 -1 -2 
1 1700 8.6 25 0.739583333333333 0.813172043010753 3.46060312760114 3 1 2 
0 1700 6.8 24 NaN 0.202620967741935 4.35088282669363 1 -1 -2 
