1 30 6.2 1 NaN 0.297043010752688 55.7505550673366 3 0 0 
0 30 8.2 1 NaN 0.262096774193548 19.1498443854045 3 0 0 
1 40 6.2 1 NaN 0.317204301075269 51.2874999836088 3 0 0 
0 40 8.2 1 NaN 0.284274193548387 25.727358062133 3 0 0 
1 50 6.2 1 0.383064516129032 0.381720430107527 31.8056375902206 3 0 0 
0 50 8.2 1 0.381451612903226 0.376008064516129 27.0041172983794 3 0 0 
1 60 6.2 1 0.383064516129032 0.473790322580645 25.6594216040991 3 0 0 
0 60 8.2 1 0.383064516129032 0.499193548387097 27.9638766395792 3 0 0 
1 70 6.2 1 0.408106960950764 0.46831797235023 20.4366300621289 3 0 0 
0 70 8.2 1 0.415085388994307 0.507258064516129 24.9630022805065 3 0 0 
1 80 6.2 1 0.470196353436185 0.485023041474654 21.7325243371221 3 0 0 
0 80 8.2 1 0.452116935483871 0.485483870967742 19.0770550668384 3 0 0 
1 90 6.2 1 0.409130184331797 0.491935483870968 19.4355338269442 3 0 0 
0 90 8.2 1 0.400806451612903 0.479838709677419 20.5300879231262 3 0 0 
1 100 6.2 1 0.421809256661992 0.494959677419355 21.5240404347804 3 0 0 
0 100 8.2 1 0.411514336917563 0.481451612903226 26.3551324219316 3 0 0 
1 110 6.2 2 0.484072580645161 0.485887096774194 20.4025806631623 3 0 0 
0 110 8.2 2 0.462197580645161 0.5 30.3924009751101 3 0 0 
1 120 6.2 2 0.418279569892473 0.428427419354839 35.2888610465499 3 0 0 
0 120 8.2 2 0.413231780167264 0.490322580645161 30.4936539133374 3 0 0 
1 130 6.2 2 0.402620967741935 0.430443548387097 34.8584120466772 3 0 0 
0 130 8.2 2 0.445468509984639 0.483064516129032 32.563392420332 3 0 0 
1 140 6.2 2 0.464549731182796 0.475806451612903 24.2037836388359 3 0 0 
0 140 8.2 2 0.479646697388633 0.483870967741936 27.5378671326971 3 0 0 
1 150 6.2 3 0.418346774193548 0.356451612903226 40.7786313821442 3 0 0 
0 150 8.2 3 0.424916573971079 0.495161290322581 25.1678526251913 3 0 0 
1 160 6.2 3 0.43383431085044 0.382056451612903 45.3756596306443 3 0 0 
0 160 8.2 3 0.399961597542243 0.479838709677419 25.3025476705569 3 0 0 
1 170 6.2 3 0.483709677419355 0.441532258064516 34.9667428455507 3 0 0 
0 170 8.2 3 0.462903225806452 0.483870967741936 23.6994027459527 3 0 0 
1 180 6.2 4 0.405806451612903 0.477822580645161 22.7377575870322 3 0 0 
0 180 8.2 4 0.396505376344086 0.481854838709677 34.4574139905169 3 0 0 
1 190 6.2 4 0.40668202764977 0.485483870967742 23.2795248852184 3 0 0 
0 190 8.2 4 0.392402376910017 0.48252688172043 29.6927190908277 3 0 0 
1 200 6.2 4 0.463870967741936 0.490591397849462 20.965814196227 3 0 0 
0 200 8.2 4 0.479032258064516 0.39758064516129 37.7018408899556 3 0 0 
1 210 6.2 5 0.423387096774194 0.504032258064516 19.0232000492026 3 1 0 
0 210 8.2 4 0.405764635603345 0.404233870967742 24.5809197204047 3 -1 0 
1 220 6.2 5 0.454242636746143 0.530241935483871 13.2402387822458 3 1 0 
0 220 8.2 4 0.394611436950147 0.434139784946237 20.8048839812276 3 -1 0 
1 230 6.2 5 0.487748138957816 0.543682795698925 12.2277489000255 3 1 0 
0 230 8.2 4 0.44758064516129 0.400537634408602 21.8059125009047 3 -1 0 
1 240 6.2 6 0.438508064516129 0.518817204301075 14.7459365816254 3 1 0 
0 240 8.2 5 0.410514888337469 0.37741935483871 35.7375730086106 3 -1 0 
1 250 6.2 6 0.456885856079404 0.505184331797235 18.3733703997977 3 1 0 
0 250 8.2 5 0.410887096774194 0.425806451612903 26.8207010578759 3 -1 0 
1 260 6.2 6 0.482358870967742 0.477150537634409 19.4705238819953 3 1 0 
0 260 8.2 5 0.462609970674487 0.466935483870968 12.0221210333007 3 -1 0 
1 270 6.2 6 0.423907388137357 0.446236559139785 26.7468050447769 3 0 0 
0 270 8.2 6 0.435009487666034 0.475806451612903 12.4454083926129 3 0 0 
1 280 6.2 6 0.427594670406732 0.475806451612903 19.0725372707863 3 0 0 
0 280 8.2 6 0.418988269794721 0.496774193548387 20.709698018098 3 0 0 
1 290 6.2 7 0.470430107526882 0.470161290322581 21.1233504869432 3 1 0 
0 290 8.2 6 0.455483870967742 0.471774193548387 28.967734387285 3 -1 0 
1 300 6.2 7 0.410825062034739 0.509408602150538 18.843601138981 3 1 0 
0 300 8.2 6 0.397849462365591 0.440860215053763 25.5603862992118 3 -1 0 
1 310 6.2 7 0.455813172043011 0.501344086021505 16.0075557194023 3 1 0 
0 310 8.2 6 0.402514231499051 0.356182795698925 47.3357095497955 3 -1 0 
1 320 6.2 8 0.482661290322581 0.484543010752688 18.5217741350277 3 2 0 
0 320 8.2 6 0.436995967741936 0.325604838709677 44.3394346513777 3 -2 0 
1 330 6.2 8 0.443426197458456 0.525921658986175 20.204093943646 3 1 0 
0 330 8.2 7 0.409348864994026 0.393548387096774 27.0366481520744 3 -1 0 
1 340 6.2 8 0.465359237536657 0.535714285714286 19.0021631896589 3 1 0 
0 340 8.2 7 0.40284178187404 0.435483870967742 23.1861041912486 3 -1 0 
1 350 6.2 8 0.477757544224766 0.528225806451613 35.0489098713001 3 1 0 
0 350 8.2 7 0.46747311827957 0.415322580645161 11.5435756247184 3 -1 0 
1 360 6.2 8 0.464442815249267 0.485215053763441 33.3756227856141 3 0 0 
0 360 8.2 8 0.387852822580645 0.526612903225806 8.19321149278403 3 0 0 
1 370 6.2 9 0.498207885304659 0.479838709677419 31.0955623056932 3 1 0 
0 370 8.2 8 0.389112903225806 0.462903225806452 14.299471189038 3 -1 0 
1 380 6.2 9 0.536088709677419 0.360215053763441 44.3396123085576 3 1 0 
0 380 8.2 8 0.410426267281106 0.421774193548387 11.2407185134139 3 -1 0 
1 390 6.2 9 0.443260368663594 0.403225806451613 38.4760444854334 3 1 0 
0 390 8.2 8 0.382308467741936 0.416935483870968 4.55263799179289 3 -1 0 
1 400 6.2 9 0.403417818740399 0.483870967741936 19.8279732274227 3 1 0 
0 400 8.2 8 0.409090909090909 0.395161290322581 18.3860765291952 3 -1 0 
1 410 6.2 9 0.484543010752688 0.500672043010753 21.4019922171051 3 1 0 
0 410 8.2 8 0.445458404074703 0.413709677419355 12.2039777807372 3 -1 0 
1 420 6.2 10 0.43252688172043 0.530241935483871 19.160472065035 3 2 0 
0 420 8.2 8 0.39432123655914 0.440524193548387 15.7613378086419 3 -2 0 
1 430 6.2 10 0.44741935483871 0.528225806451613 19.2478086277838 3 1 0 
0 430 8.2 9 0.387903225806452 0.407258064516129 15.793030614088 3 -1 0 
1 440 6.2 10 0.501036866359447 0.554147465437788 20.2005609088966 3 1 0 
0 440 8.2 9 0.445060483870968 0.314516129032258 37.0407193441513 3 -1 0 
1 450 6.2 10 0.476008064516129 0.569354838709677 23.5809524932641 3 1 0 
0 450 8.2 9 0.363743279569893 0.324596774193548 27.9451141902056 3 -1 0 
1 460 6.2 11 0.494431643625192 0.561827956989247 14.8064587230076 3 2 0 
0 460 8.2 9 0.40668202764977 0.403225806451613 12.6049699006638 3 -2 0 
1 470 6.2 11 0.545757363253857 0.533602150537634 13.1666609237153 3 2 0 
0 470 8.2 9 0.405465949820788 0.416935483870968 20.223624726955 3 -2 0 
1 480 6.2 11 0.469819159335288 0.498655913978495 19.5392659303061 3 2 0 
0 480 8.2 9 0.356241234221599 0.425806451612903 17.8153631363063 3 -2 0 
1 490 6.2 11 0.483560794044665 0.532258064516129 13.353671551577 3 1 0 
0 490 8.2 10 0.380376344086022 0.433467741935484 6.61551007712541 3 -1 0 
1 500 6.2 12 0.533235581622678 0.518817204301075 8.17709379008123 3 2 0 
0 500 8.2 10 0.448200992555831 0.411290322580645 2.23606797749979 3 -2 0 
1 510 6.2 12 0.476382488479263 0.491935483870968 47.7149876723236 3 2 0 
0 510 8.2 10 0.351766513056836 0.362903225806452 0 3 -2 0 
1 520 6.2 12 0.500537634408602 0.411290322580645 46.9648101230736 3 1 0 
0 520 8.2 11 0.389578163771712 0.334677419354839 0 3 -1 0 
1 530 6.2 12 0.544027898866609 0.359879032258065 22.4559318713565 3 1 0 
0 530 8.2 11 0.435009487666034 0.239516129032258 32.6874875912345 3 -1 0 
1 540 6.2 12 0.467069892473118 0.53168202764977 16.8941380392114 3 1 0 
0 540 8.2 11 0.372013142174433 0.286290322580645 22.2218876746715 3 -1 0 
1 550 6.2 12 0.471774193548387 0.570276497695853 8.69278321621907 3 1 0 
0 550 8.2 11 0.370161290322581 0.368951612903226 12.2970364355689 3 -1 0 
1 560 6.2 12 0.509408602150538 0.497983870967742 32.5684992004945 3 1 0 
0 560 8.2 11 0.414081885856079 0.39247311827957 4.85807481390483 3 -1 0 
1 570 6.2 13 0.458179723502304 0.618951612903226 7.72376450130078 3 2 0 
0 570 8.2 11 0.375212224108659 0.344086021505376 6.26041090376158 3 -2 0 
1 580 6.2 13 0.489784946236559 0.548387096774194 20.743388338219 3 2 0 
0 580 8.2 11 0.424731182795699 0.403225806451613 7.87293242422188 3 -2 0 
1 590 6.2 13 0.54914314516129 0.514112903225806 20.4394625738311 3 1 0 
0 590 8.2 12 0.436239919354839 0.330645161290323 26.8801824347915 3 -1 0 
1 600 6.2 13 0.495276497695853 0.5625 5.05635678284658 3 1 0 
0 600 8.2 12 0.34744623655914 0.323588709677419 20.0836768448445 3 -1 0 
1 610 6.2 13 0.494193548387097 0.520833333333333 27.4309741509216 3 1 0 
0 610 8.2 12 0.36491935483871 0.367943548387097 10.1014251931837 3 -1 0 
1 620 6.2 13 0.501185958254269 0.509792626728111 23.7667507333805 3 1 0 
0 620 8.2 12 0.361559139784946 0.357862903225806 11.5384339772189 3 -1 0 
1 630 6.2 13 0.470105672969967 0.487903225806452 21.3732150278094 3 1 0 
0 630 8.2 12 0.360768500948767 0.431451612903226 22.491453289129 3 -1 0 
1 640 6.2 14 0.485153958944281 0.449596774193548 14.7793628280929 3 2 0 
0 640 8.2 12 0.39758064516129 0.429032258064516 14.7857097111562 3 -2 0 
1 650 6.2 14 0.507003395585739 0.403225806451613 10.0795748749005 3 2 0 
0 650 8.2 12 0.412970430107527 0.486290322580645 9.9979083541104 3 -2 0 
1 660 6.2 14 0.455490074441687 0.460685483870968 9.44678609563378 3 2 0 
0 660 8.2 12 0.424448217317487 0.481451612903226 11.7846949749322 3 -2 0 
1 670 6.2 14 0.435931899641577 0.391129032258065 1.11803398874989 3 1 0 
0 670 8.2 13 0.417741935483871 0.509677419354839 7.6511061414217 3 -1 0 
1 680 6.2 14 0.477504244482173 0.491935483870968 0 3 1 0 
0 680 8.2 13 0.448064516129032 0.475806451612903 5.33332452678436 3 -1 0 
1 690 6.2 14 0.396444281524927 0.461021505376344 7.48178028563601 3 1 0 
0 690 8.2 13 0.417674731182796 0.487903225806452 5.49039715350421 3 -1 0 
1 700 6.2 14 0.4109396914446 0.475806451612903 2.5 3 0 0 
0 700 8.2 14 0.426768990634755 0.517741935483871 6.30879306912254 3 0 0 
1 710 6.2 14 0.471423562412342 0.306451612903226 42.746344872983 3 0 0 
0 710 8.2 14 0.467237903225806 0.526612903225806 6.94422694138832 3 0 0 
1 720 6.2 14 0.406891495601173 0.32258064516129 34.8683361760594 3 0 0 
0 720 8.2 14 0.462976539589443 0.495967741935484 4.14242016912631 3 0 0 
1 730 6.2 14 0.387903225806452 0.358064516129032 40.390745527083 3 0 0 
0 730 8.2 14 0.4537841191067 0.435483870967742 14.4000619131698 3 0 0 
1 740 6.2 14 0.437903225806452 0.40241935483871 28.2873311612089 3 0 0 
0 740 8.2 14 0.466351501668521 0.495967741935484 9.14134992757309 3 0 0 
1 750 6.2 14 0.382168458781362 0.425403225806452 25.8632567314521 3 0 0 
0 750 8.2 14 0.453559510567297 0.546370967741936 11.0388800646423 3 0 0 
1 760 6.2 15 0.384828629032258 0.409274193548387 19.229181955663 3 0 0 
0 760 8.2 15 0.437903225806452 0.562903225806452 11.9682080309099 3 0 0 
1 770 6.2 15 0.454545454545455 0.418682795698925 14.3527483972313 3 0 0 
0 770 8.2 15 0.492204301075269 0.550806451612903 18.1379803516589 3 0 0 
1 780 6.2 15 0.406063321385902 0.442876344086022 13.9777378618996 3 0 0 
0 780 8.2 15 0.420938940092166 0.524193548387097 21.7245059399415 3 0 0 
1 790 6.2 15 0.383064516129032 0.444220430107527 9.69368228543959 3 0 0 
0 790 8.2 15 0.417705278592375 0.521889400921659 13.3074046851699 3 0 0 
1 800 6.2 15 0.468291788856305 0.404032258064516 8.74283413531755 3 0 0 
0 800 8.2 15 0.483870967741936 0.546774193548387 13.8404767264525 3 0 0 
1 810 6.2 16 0.387672811059908 0.507258064516129 13.5467053819535 3 1 0 
0 810 8.2 15 0.408602150537634 0.508064516129032 9.12414379544733 3 -1 0 
1 820 6.2 16 0.420750620347395 0.435483870967742 44.5831676735502 3 1 0 
0 820 8.2 15 0.424448217317487 0.471774193548387 7.28010988928052 3 -1 0 
1 830 6.2 16 0.467489919354839 0.465725806451613 44.615241684751 3 1 0 
0 830 8.2 15 0.457661290322581 0.38508064516129 25.8940147524481 3 -1 0 
1 840 6.2 16 0.476918798665184 0.571572580645161 23.3643235421308 3 0 0 
0 840 8.2 16 0.393049155145929 0.397177419354839 23.3077240416133 3 0 0 
1 850 6.2 16 0.482202447163515 0.268817204301075 50.3228836034176 3 0 0 
0 850 8.2 16 0.39758064516129 0.270161290322581 37.0183967223001 3 0 0 
1 860 6.2 16 0.487666034155598 0.407258064516129 34.4505000891229 3 0 0 
0 860 8.2 16 0.440956221198157 0.272177419354839 20.1852210341559 3 0 0 
1 870 6.2 16 0.466999151103565 0.566935483870968 36.5570129837799 3 0 0 
0 870 8.2 16 0.36990662139219 0.37258064516129 22.0321130789779 3 0 0 
1 880 6.2 17 0.515994623655914 0.596774193548387 30.5966835274732 3 1 0 
0 880 8.2 16 0.368951612903226 0.379032258064516 21.7768766271109 3 -1 0 
1 890 6.2 17 0.608504398826979 0.544354838709677 21.3600093632938 3 1 0 
0 890 8.2 16 NaN 0.394153225806452 13.126682951987 3 -1 0 
1 900 6.2 17 0.514726507713885 0.46505376344086 6.48042044737162 3 0 0 
0 900 8.2 17 0.326612903225806 0.493951612903226 7.84776400966967 3 0 0 
1 910 6.2 17 0.558467741935484 0.488911290322581 6.57149199767732 3 0 0 
0 910 8.2 17 0.326612903225806 0.506048387096774 7.54868253716774 3 0 0 
1 920 6.2 17 0.644949066213922 0.504032258064516 2.26215679438526 3 0 0 
0 920 8.2 17 0.326612903225806 0.453225806451613 9.26103936138964 3 0 0 
1 930 6.2 17 0.531556802244039 0.196774193548387 26.0862973024477 3 0 0 
0 930 8.2 17 0.301146010186757 0.420866935483871 18.4025083290724 3 0 0 
1 940 6.2 18 0.473790322580645 0.373991935483871 32.5624607489805 3 1 0 
0 940 8.2 17 0.330278592375367 0.339717741935484 17.8571608619765 3 -1 0 
1 950 6.2 18 0.587701612903226 0.35241935483871 31.6046326039669 3 1 0 
0 950 8.2 17 0.334341397849462 0.376008064516129 27.7390985770034 3 -1 0 
1 960 6.2 18 0.497791858678955 0.490591397849462 20.8031963394499 3 1 0 
0 960 8.2 17 0.340869815668203 0.39247311827957 32.186987832957 3 -1 0 
1 970 6.2 18 0.478046594982079 0.529032258064516 14.1162186814569 3 1 0 
0 970 8.2 17 0.369915848527349 0.314516129032258 18.25081401951 3 -1 0 
1 980 6.2 18 0.579205069124424 0.568548387096774 9.00559609819218 3 1 0 
0 980 8.2 17 0.345430107526882 0.354838709677419 28.2166787830253 3 -1 0 
1 990 6.2 18 0.514490927419355 0.619239631336406 16.3469112686152 3 1 0 
0 990 8.2 17 0.333064516129032 0.326612903225806 30.8230490550951 3 -1 0 
1 1000 6.2 18 0.508640552995392 0.612327188940092 22.0971396004624 3 1 0 
0 1000 8.2 17 0.383064516129032 0.320564516129032 23.0426348155341 3 -1 0 
1 1010 6.2 19 0.568387096774194 0.620967741935484 12.2531667987249 3 1 0 
0 1010 8.2 18 0.435483870967742 0.366935483870968 5.97641580214162 3 -1 0 
1 1020 6.2 19 0.509822167080232 0.553225806451613 17.4472271533051 3 1 0 
0 1020 8.2 18 0.318346774193548 0.362903225806452 6.13910379934295 3 -1 0 
1 1030 6.2 19 0.469326036866359 0.467741935483871 59.5590313835045 3 1 0 
0 1030 8.2 18 0.371898263027295 0.326612903225806 8.19783444393267 3 -1 0 
1 1040 6.2 19 0.581242532855436 0.389112903225806 68.4853999039211 3 1 0 
0 1040 8.2 18 0.408938172043011 0.336021505376344 7.79460761356959 3 -1 0 
1 1050 6.2 19 0.497871863799283 0.600806451612903 14.142135623731 3 1 0 
0 1050 8.2 18 0.334326788218794 0.397849462365591 18.0671542024966 3 -1 0 
1 1060 6.2 19 0.546774193548387 0.314516129032258 41.3672575837461 3 0 0 
0 1060 8.2 19 0.39489247311828 0.458333333333333 18.3484004234194 3 0 0 
1 1070 6.2 19 0.577003121748179 0.362903225806452 36.0034720547894 3 0 0 
0 1070 8.2 19 0.433333333333333 0.308467741935484 11.8848643240047 3 0 0 
1 1080 6.2 19 0.494399641577061 0.439516129032258 13.1529464379659 3 0 0 
0 1080 8.2 19 0.377956989247312 0.26008064516129 3.5 3 0 0 
1 1090 6.2 19 0.472670250896057 0.412298387096774 46.632642707757 3 0 0 
0 1090 8.2 19 0.382488479262673 0.214717741935484 28.7998530991764 3 0 0 
1 1100 6.2 19 0.543850806451613 0.402217741935484 45.6711969507613 3 0 0 
0 1100 8.2 19 0.420250896057348 0.268145161290323 17.0005798520278 3 0 0 
1 1110 6.2 20 0.450052029136316 0.485887096774194 27.6948303000864 3 1 0 
0 1110 8.2 19 0.385836693548387 0.345766129032258 5.36354178446964 3 -1 0 
1 1120 6.2 20 0.416129032258065 0.50241935483871 15.9244304588982 3 1 0 
0 1120 8.2 19 0.369175627240143 0.479838709677419 7.73471960825916 3 -1 0 
1 1130 6.2 20 0.52116935483871 0.462903225806452 22.2620656327051 3 1 0 
0 1130 8.2 19 0.425537634408602 0.479032258064516 33.6143738890361 3 -1 0 
1 1140 6.2 20 0.493663594470046 0.391129032258065 19.0455013595057 3 1 0 
0 1140 8.2 19 0.39889486260454 0.494815668202765 17.090412505937 3 -1 0 
1 1150 6.2 20 0.482974910394265 0.413306451612903 23.1055900432141 3 1 0 
0 1150 8.2 19 0.509408602150538 0.509216589861751 9.43340209649658 3 -1 0 
1 1160 6.2 20 0.612593052109181 0.440860215053763 20.2650083500817 3 1 0 
0 1160 8.2 19 0.474596774193548 0.497983870967742 10.9301396492769 3 -1 0 
1 1170 6.2 20 0.487031386224935 0.600806451612903 10.9499353161085 3 1 0 
0 1170 8.2 19 0.365975422427035 0.400537634408602 11.794395639369 3 -1 0 
1 1180 6.2 20 0.476814516129032 0.559811827956989 18.0423991131811 3 0 1 
0 1180 8.2 20 0.335483870967742 0.299731182795699 18.5048373510696 2 0 -1 
1 1190 6.2 21 0.591351501668521 0.522177419354839 14.0434803359415 3 1 1 
0 1190 8.2 20 0.335483870967742 0.315860215053763 14.6400258647813 2 -1 -1 
1 1200 6.2 21 0.51099706744868 0.5 6.68924638390753 3 1 1 
0 1200 8.2 20 0.317062818336163 0.213709677419355 12.4158206077958 2 -1 -1 
1 1210 6.2 21 0.517169614984391 0.436827956989247 5.81208324987069 3 1 1 
0 1210 8.2 20 0.363911290322581 0.348118279569893 10.8135563392934 2 -1 -1 
1 1220 6.2 21 0.637096774193548 0.5 9.64390611237768 3 1 1 
0 1220 8.2 20 0.361751152073733 0.397849462365591 1.91572416466392 2 -1 -1 
1 1230 6.2 21 0.522491039426523 0.487903225806452 32.0199445260298 3 1 1 
0 1230 8.2 20 0.322115384615385 0.314516129032258 32.2463393644696 2 -1 -1 
1 1240 6.2 21 0.52513440860215 0.502016129032258 31.2947456917578 3 1 1 
0 1240 8.2 20 0.37589605734767 0.351612903225806 19.7990532633505 2 -1 -1 
1 1250 6.2 21 0.647550776583035 0.399193548387097 26.1193799257195 3 1 1 
0 1250 8.2 20 0.392025089605735 0.432258064516129 9.99143569590259 2 -1 -1 
1 1260 6.2 21 0.564909520062943 0.378024193548387 12.5523209734719 3 1 1 
0 1260 8.2 20 0.383387096774194 0.479838709677419 10.8769204826224 2 -1 -1 
1 1270 6.2 21 0.478908188585608 0.463709677419355 13.0516295995974 3 1 1 
0 1270 8.2 20 0.444971537001898 0.491935483870968 7.42032238644621 2 -1 -1 
1 1280 6.2 21 0.552574441687345 0.476814516129032 28.3046577988801 3 0 1 
0 1280 8.2 21 0.435771889400922 0.493548387096774 5.85485981260013 2 0 -1 
1 1290 6.2 21 0.491063644289451 0.367943548387097 48.3532560874891 3 0 1 
0 1290 8.2 21 0.33551747311828 0.52741935483871 7.22690372145759 2 0 -1 
1 1300 6.2 21 0.517857142857143 0.387096774193548 39.6684376278064 3 0 1 
0 1300 8.2 21 0.321428571428571 0.554032258064516 6.72706708935032 2 0 -1 
1 1310 6.2 21 0.649319556451613 0.425403225806452 56.9429539100317 3 0 1 
0 1310 8.2 21 0.486559139784946 0.628225806451613 8.25823346256688 2 0 -1 
1 1320 6.2 21 0.572167080231596 0.22883064516129 32.0895121705692 3 0 1 
0 1320 8.2 21 0.399193548387097 0.65 21.5905028584923 2 0 -1 
1 1330 6.2 21 0.600059737156511 0.245967741935484 6.55334892806649 3 0 1 
0 1330 8.2 21 0.350806451612903 0.614516129032258 36.4962343452312 2 0 -1 
1 1340 6.2 21 0.669354838709677 0.273185483870968 4.07443413738947 3 0 1 
0 1340 8.2 21 0.576612903225806 0.57258064516129 31.011226849154 2 0 -1 
1 1350 6.2 21 0.518523185483871 0.270161290322581 17.5639340438779 3 0 1 
0 1350 8.2 21 0.407741935483871 0.615322580645161 39.1379625838865 2 0 -1 
1 1360 6.2 21 0.525921658986175 0.236559139784946 16.7074826868566 3 -1 1 
0 1360 8.2 22 0.447849462365591 0.551612903225806 37.2112905243229 2 1 -1 
1 1370 6.2 21 0.545135275754422 0.279569892473118 13.5330668719856 3 -1 1 
0 1370 8.2 22 0.459005376344086 0.479032258064516 32.2545824971562 2 1 -1 
1 1380 6.2 21 0.472972972972973 0.386088709677419 10.2628987485049 3 -1 1 
0 1380 8.2 22 0.350518433179723 0.433064516129032 30.7384966939969 2 1 -1 
1 1390 6.2 21 0.486155913978495 0.479838709677419 6.04864001892268 3 -1 1 
0 1390 8.2 22 0.384856630824373 0.388709677419355 30.0264665226702 2 1 -1 
1 1400 6.2 22 0.579084287200832 0.463709677419355 6.87735706918158 3 0 1 
0 1400 8.2 22 0.421658986175115 0.446572580645161 17.1877066318082 2 0 -1 
1 1410 6.2 22 0.502822580645161 0.448588709677419 26.1996472069652 3 0 1 
0 1410 8.2 22 0.37531017369727 0.495967741935484 11.9815058985745 2 0 -1 
1 1420 6.2 22 0.525048875855327 0.484447004608295 11.6395490990679 3 0 1 
0 1420 8.2 22 0.431027164685908 0.448924731182796 8.1365841983562 2 0 -1 
1 1430 6.2 22 0.622096774193548 0.502880184331797 3.90572202926907 3 0 1 
0 1430 8.2 22 0.418010752688172 0.35752688172043 12.9010570881113 2 0 -1 
1 1440 6.2 22 0.475806451612903 0.475230414746544 17.1393461260825 3 0 1 
0 1440 8.2 22 0.353629032258064 0.400201612903226 15.9959825232963 2 0 -1 
1 1450 6.2 22 0.419102822580645 0.515322580645161 10.8236777362589 3 0 1 
0 1450 8.2 22 0.374151103565365 0.422379032258065 5.67750152402473 2 0 -1 
1 1460 6.2 22 0.444556451612903 0.55 6.04766283044858 3 0 1 
0 1460 8.2 22 0.441700268817204 0.435483870967742 4.77240116959094 2 0 -1 
1 1470 6.2 22 0.394635343618513 0.464516129032258 13.3043351904243 3 0 1 
0 1470 8.2 22 0.442321178120617 0.268817204301075 28.4130315047885 2 0 -1 
1 1480 6.2 22 0.391678885630499 0.466733870967742 20.1563403225554 3 0 1 
0 1480 8.2 22 0.435675883256528 0.272177419354839 15.600658286289 2 0 -1 
1 1490 6.2 22 0.456744868035191 0.470766129032258 15.4222550551648 3 0 1 
0 1490 8.2 22 0.4554698457223 0.386088709677419 7.60203784188841 2 0 -1 
1 1500 6.2 22 0.413306451612903 0.429435483870968 13.306891025515 3 -1 1 
0 1500 8.2 23 0.402105734767025 0.490927419354839 16.2447017089183 2 1 -1 
1 1510 6.2 22 0.419642857142857 0.38508064516129 24.8847342762586 3 -1 1 
0 1510 8.2 23 0.448106591865358 0.567540322580645 6.86490171235669 2 1 -1 
1 1520 6.2 22 0.535865874363328 0.282258064516129 35.1317906807245 3 -1 1 
0 1520 8.2 23 0.488988833746898 0.49758064516129 36.7006814992507 2 1 -1 
1 1530 6.2 22 0.453824141519251 0.315322580645161 8.27838914211525 3 -1 1 
0 1530 8.2 23 0.463244416873449 0.548387096774194 32.8840646756986 2 1 -1 
1 1540 6.2 22 0.485421836228288 0.333333333333333 5.8104734114392 3 -1 1 
0 1540 8.2 23 0.454584040747029 0.565322580645161 16.478259873868 2 1 -1 
1 1550 6.2 22 0.594670406732118 0.27741935483871 15.1195209126719 3 -1 1 
0 1550 8.2 23 0.536290322580645 0.638709677419355 4.67273277011648 2 1 -1 
1 1560 6.2 22 0.545698924731183 0.305645161290323 7.01353278506805 3 -1 1 
0 1560 8.2 23 0.449657869012708 0.633064516129032 8.16217210105966 2 1 -1 
1 1570 6.2 22 0.565004887585533 0.345766129032258 5.02252168882135 3 -1 1 
0 1570 8.2 23 0.453149001536098 0.462903225806452 21.9934607573075 2 1 -1 
1 1580 6.2 22 0.625610948191593 0.325604838709677 1.71080815815632 3 -1 1 
0 1580 8.2 23 0.56339605734767 0.381451612903226 15.7112036731844 2 1 -1 
1 1590 6.2 22 0.500504032258065 0.429435483870968 18.2090047013691 3 -1 1 
0 1590 8.2 23 0.452586206896552 0.373387096774194 22.8732724832056 2 1 -1 
1 1600 6.2 22 0.51577840112202 0.480414746543779 8.94855965590876 3 -1 1 
0 1600 8.2 23 0.494039270687237 0.395161290322581 14.8948631999182 2 1 -1 
1 1610 6.2 23 0.602654569892473 0.488911290322581 5.91625792225384 3 0 1 
0 1610 8.2 23 0.595430107526882 0.495161290322581 8.41241196539819 2 0 -1 
1 1620 6.2 23 0.488851992409867 0.433467741935484 3.20156211871642 3 -1 1 
0 1620 8.2 24 0.48601310483871 0.509677419354839 6.76807841070332 2 1 -1 
1 1630 6.2 23 0.448732718894009 0.360887096774194 2.12132034355964 3 -1 1 
0 1630 8.2 24 0.417086693548387 0.521774193548387 7.95960159847353 2 1 -1 
1 1640 6.2 23 0.565524193548387 0.32258064516129 0 3 -1 1 
0 1640 8.2 24 0.504032258064516 0.541129032258065 10.0439013856663 2 1 -1 
1 1650 6.2 23 0.432646356033453 0.338709677419355 0 3 -1 1 
0 1650 8.2 24 0.42062818336163 0.418548387096774 15.4950895555742 2 1 -1 
1 1660 6.2 23 0.505005561735261 0.407258064516129 10.9658560997307 3 -1 1 
0 1660 8.2 24 0.410282258064516 0.359677419354839 32.729282379188 2 1 -1 
1 1670 6.2 23 0.565236175115207 0.39247311827957 26.4492041301356 3 -1 1 
0 1670 8.2 24 0.484447004608295 0.421774193548387 14.677379308327 2 1 -1 
1 1680 6.2 23 0.468497983870968 0.412903225806452 21.8135514125663 3 -1 1 
0 1680 8.2 24 0.363253856942496 0.45241935483871 30.1998624555594 2 1 -1 
1 1690 6.2 23 0.456941244239631 0.375 29.1162049888436 3 -1 1 
0 1690 8.2 24 0.377846299810247 0.465322580645161 30.0960427822582 2 1 -1 
1 1700 6.2 23 0.533309957924264 0.276612903225806 31.3930998335069 3 -1 1 
0 1700 8.2 24 0.437752016129032 0.42741935483871 36.6804054049831 2 1 -1 
1 1710 6.2 23 0.487557603686636 0.538306451612903 12.350720302551 3 -1 1 
0 1710 8.2 24 0.389112903225806 0.44489247311828 33.7381423451832 2 1 -1 
1 1720 6.2 23 0.477262544802867 0.630376344086022 6.75161962948252 3 -1 1 
0 1720 8.2 24 0.371204933586338 0.344758064516129 19.811612756159 2 1 -1 
1 1730 6.2 23 0.562683284457478 0.645161290322581 0 3 -1 1 
0 1730 8.2 24 0.399697580645161 0.324596774193548 8.74642784226795 2 1 -1 
1 1740 6.2 23 0.533572931276297 0.483870967741936 0 3 -1 1 
0 1740 8.2 24 0.315956221198157 0.310483870967742 10.1980390271856 2 1 -1 
1 1750 6.2 23 0.535282258064516 0.435483870967742 0 3 -1 1 
0 1750 8.2 24 0.357142857142857 0.395161290322581 12.4197423483742 2 1 -1 
1 1760 6.2 23 0.661940686784599 0.254032258064516 0 3 -1 1 
0 1760 8.2 24 0.357142857142857 0.36491935483871 4.03112887414927 2 1 -1 
1 1770 6.2 23 0.555191532258065 0.395161290322581 42.8018691180654 3 -1 1 
0 1770 8.2 24 0.334252971137521 0.217741935483871 24.7059464556288 2 1 -1 
1 1780 6.2 23 0.524193548387097 0.471774193548387 20.7189320780468 3 -1 1 
0 1780 8.2 24 0.414314516129032 0.265120967741936 13.5383192299276 2 1 -1 
1 1790 6.2 23 0.588485663082437 0.42741935483871 41.0558311271485 3 -1 1 
0 1790 8.2 24 0.418505942275042 0.323588709677419 23.5435528936033 2 1 -1 
1 1800 6.2 23 0.475230414746544 0.424059139784946 37.5283364621469 3 -2 1 
0 1800 8.2 25 0.403972520908005 0.362096774193548 36.5347367954577 2 2 -1 
1 1810 6.2 24 0.463153503893215 0.483870967741936 22.1464604796072 3 -1 1 
0 1810 8.2 25 0.400843108504399 0.42741935483871 16.7660838933214 2 1 -1 
1 1820 6.2 24 0.551915322580645 0.532258064516129 12.8058611614928 3 -1 1 
0 1820 8.2 25 0.436969439728353 0.467741935483871 3.77123616632825 2 1 -1 
1 1830 6.2 24 0.445564516129032 0.528225806451613 8.13336406171477 3 -1 1 
0 1830 8.2 25 0.432891705069124 0.423387096774194 0 2 1 -1 
1 1840 6.2 24 0.501296082949309 0.521505376344086 7.31287737324534 3 -1 1 
0 1840 8.2 25 0.493855606758833 0.435483870967742 0 2 1 -1 
1 1850 6.2 24 0.6553480475382 0.532258064516129 4.68800031407319 3 -1 1 
0 1850 8.2 25 0.588911290322581 0.298387096774194 0 2 1 -1 
1 1860 6.2 24 0.556115591397849 0.387096774193548 32.9246826746586 3 -1 1 
0 1860 8.2 25 0.51654616240267 0.225806451612903 0 2 1 -1 
1 1870 6.2 24 0.566898826979472 0.393145161290323 32.5610334562655 3 -1 1 
0 1870 8.2 25 0.502772177419355 0.175403225806452 11.8848643240047 2 1 -1 
1 1880 6.2 24 0.61945564516129 0.378456221198157 28.4409700171203 3 -1 1 
0 1880 8.2 25 0.620967741935484 0.171370967741935 11.9100353034484 2 1 -1 
1 1890 6.2 24 0.47886119257087 0.346198156682028 6.09045889490005 3 -1 1 
0 1890 8.2 25 0.398148148148148 0.188508064516129 11.8120530141637 2 1 -1 
1 1900 6.2 24 0.495784457478006 0.428091397849462 20.5379754765766 3 -1 1 
0 1900 8.2 25 0.443296370967742 0.290322580645161 18.9685200676353 2 1 -1 
1 1910 6.2 24 0.561886395511922 0.459677419354839 16.741294379368 3 -1 1 
0 1910 8.2 25 0.54914314516129 0.441935483870968 9.30757259947 2 1 -1 
1 1920 6.2 24 0.500656414103526 0.541666666666667 9.04002161111779 3 -1 1 
0 1920 8.2 25 0.413548387096774 0.479838709677419 21.2288103647767 2 1 -1 
1 1930 6.2 24 0.512096774193548 0.374193548387097 49.7958279490571 3 -1 1 
0 1930 8.2 25 0.493035190615836 0.444556451612903 16.2480822618941 2 1 -1 
1 1940 6.2 24 0.613078541374474 0.244623655913978 39.7150343146935 2 -1 0 
0 1940 8.2 25 0.661866359447005 0.482358870967742 17.2932514614454 2 1 0 
1 1950 6.2 24 0.521703036053131 0.340725806451613 29.6015202312314 2 -1 0 
0 1950 8.2 25 0.495295698924731 0.526612903225806 23.7009736360922 2 1 0 
1 1960 6.2 24 0.572214076246334 0.294354838709677 21.6333076527839 2 -1 1 
0 1960 8.2 25 0.535714285714286 0.562903225806452 33.6666352891268 1 1 -1 
1 1970 6.2 25 0.611361480075901 NaN NaN 2 -1 1 
0 1970 8.2 26 0.672715053763441 0.505040322580645 53.3694591101076 1 1 -1 
1 1980 6.2 25 0.523216031280547 NaN NaN 2 -1 1 
0 1980 8.2 26 0.365188172043011 0.503024193548387 66.0713518904293 1 1 -1 
1 1990 6.2 25 0.548099078341014 0.207661290322581 0.707106781186548 2 -1 1 
0 1990 8.2 26 0.518481182795699 0.479838709677419 70.0046696431379 1 1 -1 
1 2000 6.2 25 0.664818548387097 0.181451612903226 6.89512366461487 2 -1 1 
0 2000 8.2 26 0.470967741935484 0.448588709677419 52.1978577938811 1 1 -1 
1 2010 6.2 25 0.538761706555671 0.285282258064516 28.5640020735329 2 -1 1 
0 2010 8.2 26 0.331494057724958 0.321236559139785 20.7567114374661 1 1 -1 
1 2020 6.2 25 0.52030529953917 0.530241935483871 34.9886987940397 2 -1 1 
0 2020 8.2 26 0.456593927893738 0.375 26.8488619172892 1 1 -1 
1 2030 6.2 25 0.57258064516129 0.579838709677419 35.1949701945168 2 -1 1 
0 2030 8.2 26 0.533770161290323 0.337365591397849 37.6383566518347 1 1 -1 
1 2040 6.2 25 0.515092165898618 0.516801075268817 50.9402635673462 2 -1 1 
0 2040 8.2 26 0.449452764976959 0.296774193548387 18.5230514819616 1 1 -1 
1 2050 6.2 25 0.580923248053393 0.477150537634409 22.6203549923852 2 -1 1 
0 2050 8.2 26 0.567275042444822 0.348387096774194 14.7840374723394 1 1 -1 
1 2060 6.2 25 0.623847926267281 0.479838709677419 7.36935479691765 2 -1 1 
0 2060 8.2 26 0.667869269949066 0.395161290322581 8.25336738584565 1 1 -1 
1 2070 6.2 25 0.502932551319648 0.5 8.80267095638168 2 -1 1 
0 2070 8.2 26 0.504480286738351 0.386290322580645 27.4389612809878 1 1 -1 
1 2080 6.2 25 0.413810483870968 0.436155913978495 20.2184689627526 2 -1 1 
0 2080 8.2 26 0.501411290322581 0.459677419354839 25.9823467077235 1 1 -1 
1 2090 6.2 25 0.534274193548387 0.414170506912442 14.5602372227258 2 -1 1 
0 2090 8.2 26 0.630600358422939 0.477150537634409 8.31407196673556 1 1 -1 
1 2100 6.2 25 0.444615749525617 0.406451612903226 11.2317805214648 2 -1 1 
0 2100 8.2 26 0.411816269284712 0.486559139784946 6.24750863396324 1 1 -1 
1 2110 6.2 25 0.513196480938416 0.316532258064516 1.80277563773199 2 -1 1 
0 2110 8.2 26 0.521673387096774 0.576612903225806 4.5 1 1 -1 
1 2120 6.2 25 0.606416549789621 0.308467741935484 7.15891053163818 2 -1 1 
0 2120 8.2 26 0.703629032258065 0.568548387096774 2.5 1 1 -1 
1 2130 6.2 25 0.537958843159066 0.370967741935484 21.1896201004171 2 -1 1 
0 2130 8.2 26 0.468548387096774 0.330645161290323 12.7769323391806 1 1 -1 
1 2140 6.2 25 0.592741935483871 0.304032258064516 32.0422275711077 2 -1 1 
0 2140 8.2 26 0.537154377880184 0.202956989247312 14.4296711735065 1 1 -1 
1 2150 6.2 25 0.626129032258064 0.287903225806452 27.9929462412872 2 -1 1 
0 2150 8.2 26 0.685195852534562 0.21505376344086 10.3081230711754 1 1 -1 
1 2160 6.2 25 0.482566413662239 0.288306451612903 27.368046602394 2 -1 1 
0 2160 8.2 26 0.412402669632925 0.229838709677419 17.5586437727122 1 1 -1 
1 2170 6.2 25 0.459389400921659 0.370967741935484 34.3341829092965 2 -2 1 
0 2170 8.2 27 0.438940092165899 0.282258064516129 17.8552177869967 1 2 -1 
1 2180 6.2 26 0.551411290322581 0.442204301075269 30.2987728680437 2 -1 1 
0 2180 8.2 27 0.481671554252199 0.332258064516129 22.5856709924082 1 1 -1 
1 2190 6.2 26 0.536910669975186 0.486175115207373 14.9055912185301 2 -1 1 
0 2190 8.2 27 0.398941532258065 0.392741935483871 19.6237608245103 1 1 -1 
1 2200 6.2 26 0.432227047146402 0.382488479262673 36.7920847160291 2 -1 1 
0 2200 8.2 27 0.38239247311828 0.430645161290323 16.547151134233 1 1 -1 
1 2210 6.2 26 0.569388440860215 0.343548387096774 43.7449285644544 2 -1 1 
0 2210 8.2 27 0.438782991202346 0.473790322580645 7.88674763409754 1 1 -1 
1 2220 6.2 26 0.53742439516129 0.465725806451613 5.1478150704935 2 -1 1 
0 2220 8.2 27 0.382680491551459 0.554147465437788 6.32255640264917 1 1 -1 
1 2230 6.2 26 0.565007867820614 0.370967741935484 5.8309518948453 2 -1 1 
0 2230 8.2 27 0.452712609970675 0.545698924731183 5.86775748248166 1 1 -1 
1 2240 6.2 26 0.653770706190061 0.17741935483871 0 2 -1 1 
0 2240 8.2 27 0.606671554252199 0.731854838709677 13.2042579310505 1 1 -1 
1 2250 6.2 26 0.533799810246679 0.215725806451613 2.91547594742265 2 -1 1 
0 2250 8.2 27 0.536827956989247 0.794354838709677 2.5 1 1 -1 
1 2260 6.2 26 0.435246679316888 0.264784946236559 9.74742764420503 2 -1 1 
0 2260 8.2 27 0.737096774193548 0.758064516129032 0 1 1 -1 
1 2270 6.2 26 0.522273425499232 0.296370967741936 13.8805432229803 2 -1 1 
0 2270 8.2 27 NaN 0.592741935483871 0 1 1 -1 
1 2280 6.2 26 0.523655913978495 0.280241935483871 18.3439363278441 2 -1 1 
0 2280 8.2 27 0.304301075268817 0.278225806451613 29.7195222034272 1 1 -1 
1 2290 6.2 26 0.502188940092166 0.33736559139785 29.3470189182047 2 -1 1 
0 2290 8.2 27 0.370967741935484 0.25 3.60555127546399 1 1 -1 
1 2300 6.2 26 0.584151472650771 0.397849462365591 27.5117705069504 2 -1 1 
0 2300 8.2 27 0.427923387096774 0.276209677419355 2.5 1 1 -1 
1 2310 6.2 26 0.511503795066414 0.489055299539171 54.3703492495671 2 -1 1 
0 2310 8.2 27 0.361021505376344 0.196572580645161 23.7095042520225 1 1 -1 
1 2320 6.2 26 0.474951124144673 0.504608294930876 39.8315129003366 2 -1 1 
0 2320 8.2 27 0.36400293255132 0.308467741935484 15.3152462048248 1 1 -1 
1 2330 6.2 26 0.579061059907834 0.504032258064516 40.1051556203689 2 -1 1 
0 2330 8.2 27 0.397952853598015 0.420362903225806 21.3385857538602 1 1 -1 
1 2340 6.2 26 0.557333669354839 0.58352534562212 44.0430323060357 2 -1 1 
0 2340 8.2 27 0.326864919354839 0.441935483870968 11.1635807847551 1 1 -1 
1 2350 6.2 26 0.515762463343108 0.559139784946237 53.3545709730144 2 -1 1 
0 2350 8.2 27 0.382168458781362 0.534274193548387 4.73788483531337 1 1 -1 
1 2360 6.2 26 0.590927419354839 0.510752688172043 64.789340980887 2 -1 1 
0 2360 8.2 27 0.442876344086022 0.581653225806452 30.4517060811529 1 1 -1 
1 2370 6.2 26 0.63594470046083 0.565524193548387 65.9423484351911 2 -1 1 
0 2370 8.2 27 0.362903225806452 0.395967741935484 42.7838321194534 1 1 -1 
1 2380 6.2 26 0.597530241935484 0.486559139784946 56.1952904173552 2 -1 2 
0 2380 8.2 27 NaN 0.254032258064516 30.2334398735998 0 1 -2 
1 2390 6.2 26 0.570564516129032 0.782258064516129 0 2 -1 2 
0 2390 8.2 27 NaN 0.204637096774194 10.7923862702922 0 1 -2 
