1 30 11.6 1 NaN 0.28984375 12.5104792835404 3 0 0 
0 30 7.2 1 NaN 0.272135416666667 25.3124525669831 3 0 0 
1 40 11.6 1 NaN 0.3 14.6791750510807 3 0 0 
0 40 7.2 1 NaN 0.28515625 31.22641657008 3 0 0 
1 50 11.6 1 0.37890625 0.39375 27.7759365080724 3 0 0 
0 50 7.2 1 NaN 0.310546875 39.4612149314856 3 0 0 
1 60 11.6 1 0.365119485294118 0.4640625 30.3928862742894 3 0 0 
0 60 7.2 1 0.37109375 0.4013671875 36.3784940766007 3 0 0 
1 70 11.6 1 0.359604779411765 0.5 36.7673871017692 3 0 0 
0 70 7.2 1 0.37109375 0.4765625 23.5199866973924 3 0 0 
1 80 11.6 1 0.451322115384615 0.4921875 28.0833189809329 3 0 0 
0 80 7.2 1 0.502527573529412 0.50234375 25.036754486475 3 0 0 
1 90 11.6 1 0.416735197368421 0.4609375 30.5271659284961 3 0 0 
0 90 7.2 1 0.41796875 0.471875 27.3126770096082 3 0 0 
1 100 11.6 2 0.36328125 0.465625 22.9374691254516 3 1 0 
0 100 7.2 1 0.37109375 0.482421875 27.8247165773791 3 -1 0 
1 110 11.6 2 0.439453125 0.4828125 22.6310005679125 3 0 0 
0 110 7.2 2 0.447620738636364 0.486328125 25.4603408422438 3 0 0 
1 120 11.6 2 0.400991586538462 0.45546875 21.5315483053875 3 0 0 
0 120 7.2 2 0.411551339285714 0.4072265625 34.4924888147223 3 0 0 
1 130 11.6 2 0.38859375 0.4921875 27.3035441872331 3 0 0 
0 130 7.2 2 0.419719827586207 0.478125 26.8358215148076 3 0 0 
1 140 11.6 3 0.496448863636364 0.49765625 31.5362318976312 3 1 0 
0 140 7.2 2 0.475260416666667 0.5068359375 14.4090738377607 3 -1 0 
1 150 11.6 3 0.419407894736842 0.478515625 27.8743225420611 3 0 0 
0 150 7.2 3 0.416548295454545 0.48828125 20.6284013906463 3 0 0 
1 160 11.6 3 0.36328125 0.45703125 31.2825264620046 3 0 0 
0 160 7.2 3 0.418547453703704 0.428125 32.8788843792255 3 0 0 
1 170 11.6 3 0.425370065789474 0.41796875 46.9811472310527 3 0 0 
0 170 7.2 3 0.485188802083333 0.41953125 18.6817081438681 3 0 0 
1 180 11.6 4 0.404575892857143 0.45 42.1495174302525 3 1 0 
0 180 7.2 3 0.4303125 0.45703125 32.3232815744356 3 -1 0 
1 190 11.6 4 0.385653409090909 0.4501953125 40.3185236385032 3 0 0 
0 190 7.2 4 0.419921875 0.49609375 18.9385478935828 3 0 0 
1 200 11.6 5 0.45078125 0.40390625 50.4443005564829 3 1 0 
0 200 7.2 4 0.4671875 0.513671875 8.29035309128068 3 -1 0 
1 210 11.6 5 0.40921875 0.396875 27.6146552303983 3 1 0 
0 210 7.2 4 0.425180288461538 0.3974609375 37.8236069424451 3 -1 0 
1 220 11.6 5 0.369395380434783 0.4046875 20.2808866740611 3 1 0 
0 220 7.2 4 0.395345052083333 0.443359375 31.2585488306995 3 -1 0 
1 230 11.6 6 0.458881578947368 0.46796875 26.0662959101599 3 1 0 
0 230 7.2 5 0.490658967391304 0.40859375 48.1961570553461 3 -1 0 
1 240 11.6 6 0.396784855769231 0.45234375 25.5197446255018 3 1 0 
0 240 7.2 5 0.439871651785714 0.4359375 43.2255629012126 3 -1 0 
1 250 11.6 6 0.391927083333333 0.474609375 13.3823741347456 3 1 0 
0 250 7.2 5 0.378534226190476 0.48671875 43.3600879785672 3 -1 0 
1 260 11.6 6 0.4453125 0.478515625 13.6832403891077 3 0 0 
0 260 7.2 6 0.431082589285714 0.5234375 44.0467199265976 3 0 0 
1 270 11.6 6 0.393479567307692 0.36796875 36.4589686075225 3 0 0 
0 270 7.2 6 0.414513221153846 0.5171875 47.552702789034 3 0 0 
1 280 11.6 7 0.375355113636364 0.396875 45.3505440161241 3 1 0 
0 280 7.2 6 0.408503605769231 0.50859375 42.1338374117737 3 -1 0 
1 290 11.6 7 0.460069444444444 0.41640625 35.0231179419504 3 1 0 
0 290 7.2 6 0.478050595238095 0.4890625 36.3348529783991 3 -1 0 
1 300 11.6 7 0.39765625 0.47109375 36.4943432411567 3 1 0 
0 300 7.2 6 0.446940104166667 0.51328125 26.2194462252777 3 -1 0 
1 310 11.6 7 0.3859375 0.4501953125 24.9348845970811 3 0 0 
0 310 7.2 7 0.379092261904762 0.4921875 23.9195382335663 3 0 0 
1 320 11.6 7 0.440104166666667 0.47265625 13.7290960507674 3 0 0 
0 320 7.2 7 0.473257211538462 0.465625 25.5515646428166 3 0 0 
1 330 11.6 7 0.4196875 0.5078125 37.0553146303453 3 0 0 
0 330 7.2 7 0.413802083333333 0.42734375 25.1727428930982 3 0 0 
1 340 11.6 8 0.395625 0.36875 52.5295792103253 3 1 0 
0 340 7.2 7 0.396321614583333 0.46171875 18.5902945421088 3 -1 0 
1 350 11.6 8 0.432235054347826 0.39140625 36.6521613125062 3 0 0 
0 350 7.2 8 0.47265625 0.48359375 32.7177768471218 3 0 0 
1 360 11.6 8 0.40234375 0.453125 41.8143718915991 3 0 0 
0 360 7.2 8 0.424729567307692 0.4703125 36.7343411121189 3 0 0 
1 370 11.6 8 0.382582720588235 0.44375 39.86255962097 3 -1 0 
0 370 7.2 9 0.38671875 0.50546875 42.506413682375 3 1 0 
1 380 11.6 9 0.446986607142857 0.4359375 39.2057470518259 3 0 0 
0 380 7.2 9 0.462713068181818 0.503125 36.4067101497218 3 0 0 
1 390 11.6 9 0.392922794117647 0.453125 30.4916616629271 3 0 0 
0 390 7.2 9 0.40234375 0.4953125 42.1544812184589 3 0 0 
1 400 11.6 9 0.36328125 0.440625 41.9573880155984 3 0 0 
0 400 7.2 9 0.390950520833333 0.49296875 40.6726787881802 3 0 0 
1 410 11.6 9 0.42919921875 0.4599609375 23.3968491111954 3 -1 0 
0 410 7.2 10 0.447443181818182 0.4912109375 15.287781854093 3 1 0 
1 420 11.6 9 0.39555027173913 0.447265625 20.6932200826584 3 -1 0 
0 420 7.2 10 0.434635416666667 0.53125 1.8023693757031 3 1 0 
1 430 11.6 10 0.3921875 0.38046875 38.7113274154369 3 0 0 
0 430 7.2 10 0.434671336206897 0.4462890625 38.1895203456847 3 0 0 
1 440 11.6 10 0.47900390625 0.39765625 34.7377414131032 3 0 0 
0 440 7.2 10 0.450390625 0.474609375 36.4771833324353 3 0 0 
1 450 11.6 10 0.431966145833333 0.40234375 38.2674924375436 3 0 0 
0 450 7.2 10 0.41890625 0.53203125 46.1804231826634 3 0 0 
1 460 11.6 10 0.388671875 0.4328125 36.6664682528623 3 0 0 
0 460 7.2 10 0.37109375 0.5234375 44.669274882506 3 0 0 
1 470 11.6 11 0.459263392857143 0.47578125 36.7913942607398 3 0 0 
0 470 7.2 11 0.479352678571429 0.46484375 43.4449183193562 3 0 0 
1 480 11.6 11 0.42431640625 0.49296875 40.4084315332907 3 0 0 
0 480 7.2 11 0.442545572916667 0.40625 42.3512052751702 3 0 0 
1 490 11.6 11 0.36328125 0.4828125 39.8003782355863 3 0 0 
0 490 7.2 11 0.388756793478261 0.42421875 40.4601781101885 3 0 0 
1 500 11.6 12 0.42109375 0.48359375 45.2819014388725 3 1 0 
0 500 7.2 11 0.444475446428571 0.4951171875 10.6859200139923 3 -1 0 
1 510 11.6 12 0.4141845703125 0.4765625 34.9092374444642 3 1 0 
0 510 7.2 11 0.40234375 0.53515625 20.1219070512207 3 -1 0 
1 520 11.6 12 0.402777777777778 0.5166015625 34.2224933519425 3 0 0 
0 520 7.2 12 0.382102272727273 0.529296875 8.92611251304312 3 0 0 
1 530 11.6 12 0.540736607142857 0.5458984375 21.4869901030841 3 0 0 
0 530 7.2 12 0.439208984375 0.45 37.2538411670161 3 0 0 
1 540 11.6 12 0.498744419642857 0.474609375 27.7353300481831 3 0 0 
0 540 7.2 12 0.415922619047619 0.43359375 21.6000467574952 3 0 0 
1 550 11.6 13 0.392740885416667 0.41796875 50.3800984697773 3 1 0 
0 550 7.2 12 0.37109375 0.400390625 19.7406317714805 3 -1 0 
1 560 11.6 13 0.4919921875 0.4234375 31.7655787674482 3 1 0 
0 560 7.2 12 0.375901442307692 0.4560546875 30.5037291339082 3 -1 0 
1 570 11.6 13 0.454282407407407 0.4267578125 28.5200110148648 3 1 0 
0 570 7.2 12 0.385653409090909 0.49140625 38.4162812890561 3 -1 0 
1 580 11.6 13 0.36328125 0.4228515625 12.354948477993 3 1 0 
0 580 7.2 12 0.375744047619048 0.498046875 44.3952414417607 3 -1 0 
1 590 11.6 13 0.446986607142857 0.510416666666667 2.71445897815332 3 0 0 
0 590 7.2 13 0.407483552631579 0.44921875 22.4054192547939 3 0 0 
1 600 11.6 13 0.452566964285714 0.484375 9.22888090803148 3 0 0 
0 600 7.2 13 0.405924479166667 0.4873046875 8.0379602488449 3 0 0 
1 610 11.6 13 0.36328125 0.3759765625 37.7772148278428 3 0 0 
0 610 7.2 13 0.39771412037037 0.43671875 32.7762163515094 3 0 0 
1 620 11.6 13 0.392857142857143 0.31796875 27.8761735078912 3 0 0 
0 620 7.2 13 0.4423828125 0.509375 30.9413074667148 3 0 0 
1 630 11.6 13 0.417798913043478 0.3609375 31.863261262138 3 0 0 
0 630 7.2 13 0.462239583333333 0.51328125 19.8805663044481 3 0 0 
1 640 11.6 14 0.3834375 0.42578125 20.8570446435687 3 1 0 
0 640 7.2 13 0.423532196969697 0.5380859375 13.3784671034738 3 -1 0 
1 650 11.6 14 0.450846354166667 0.4873046875 28.9094578556827 3 0 0 
0 650 7.2 14 0.428385416666667 0.50390625 0 3 0 0 
1 660 11.6 15 0.40515625 0.5263671875 26.1242298385798 3 1 0 
0 660 7.2 14 0.424517463235294 0.3671875 0 3 -1 0 
1 670 11.6 15 0.415140086206897 0.474609375 29.211683947747 3 1 0 
0 670 7.2 14 0.40203125 0.267578125 18.5270073136489 3 -1 0 
1 680 11.6 15 0.485276442307692 0.4892578125 23.3456746130984 3 1 0 
0 680 7.2 14 0.467391304347826 0.3359375 33.9626655435837 3 -1 0 
1 690 11.6 15 0.425037202380952 0.41640625 42.6801455452001 3 1 0 
0 690 7.2 14 0.41357421875 0.31640625 42.2027535400033 3 -1 0 
1 700 11.6 15 0.4212646484375 0.48671875 37.0295991582136 3 1 0 
0 700 7.2 14 0.374348958333333 0.3291015625 42.1529294770716 3 -1 0 
1 710 11.6 16 0.468299278846154 0.48984375 27.8432943239795 3 1 0 
0 710 7.2 15 0.426171875 0.3564453125 45.4400074295833 3 -1 0 
1 720 11.6 16 0.464439655172414 0.50390625 29.7020531671686 3 1 0 
0 720 7.2 15 0.39546130952381 0.389322916666667 41.4464489492143 3 -1 0 
1 730 11.6 16 0.397686298076923 0.55859375 10.1635075881109 3 1 0 
0 730 7.2 15 0.385416666666667 0.369140625 46.2162815345553 3 -1 0 
1 740 11.6 16 0.472916666666667 0.5302734375 39.6786752158361 3 1 0 
0 740 7.2 15 0.420987215909091 0.3896484375 35.9385087005288 3 -1 0 
1 750 11.6 16 0.482219827586207 0.5419921875 32.6548178651818 3 1 0 
0 750 7.2 15 0.447350543478261 0.4404296875 21.1094357799509 3 -1 0 
1 760 11.6 17 0.445447198275862 0.4599609375 28.5646012513471 3 1 0 
0 760 7.2 16 0.357291666666667 0.451171875 38.4818288081206 3 -1 0 
1 770 11.6 17 0.556216032608696 0.42578125 37.4512163929302 3 1 0 
0 770 7.2 16 0.488541666666667 0.529296875 29.6938275896676 3 -1 0 
1 780 11.6 17 0.510861280487805 0.37734375 51.9965719910435 3 1 0 
0 780 7.2 16 0.4296875 0.58046875 31.4580520951106 3 -1 0 
1 790 11.6 17 0.484544836956522 0.33984375 38.9735046278647 3 1 0 
0 790 7.2 16 0.391084558823529 0.6328125 32.9212572549399 3 -1 0 
1 800 11.6 17 0.649502840909091 0.28359375 33.580079124085 3 1 0 
0 800 7.2 16 0.459735576923077 0.67578125 23.3942327141991 3 -1 0 
1 810 11.6 17 0.572963169642857 0.291015625 20.886868114687 3 0 0 
0 810 7.2 17 0.40796875 0.74375 11.722093659346 3 0 0 
1 820 11.6 17 0.484019886363636 0.236328125 3.40164281897916 3 0 0 
0 820 7.2 17 0.441034226190476 0.77578125 5.10304920496593 3 0 0 
1 830 11.6 18 0.587740384615385 0.2421875 9.67615755223789 2 1 -1 
0 830 7.2 17 0.519775390625 0.799479166666667 4.99995564172755 3 -1 1 
1 840 11.6 18 0.491038602941176 0.266927083333333 12.3757128735992 2 1 -1 
0 840 7.2 17 0.413392857142857 0.765625 5 3 -1 1 
1 850 11.6 18 0.463727678571429 0.25 6.02079728939615 2 1 -1 
0 850 7.2 17 0.449544270833333 0.74609375 0 3 -1 1 
1 860 11.6 18 0.54931640625 0.220052083333333 28.0139950634768 2 1 -1 
0 860 7.2 17 0.46875 NaN NaN 3 -1 1 
1 870 11.6 18 0.49609375 0.233072916666667 26.6249143359542 2 0 -1 
0 870 7.2 18 0.426582532051282 NaN NaN 3 0 1 
1 880 11.6 19 0.477163461538462 0.2646484375 26.7280125398593 2 1 -1 
0 880 7.2 18 0.448079427083333 0.17578125 0 3 -1 1 
1 890 11.6 19 0.494791666666667 0.3798828125 31.5080939148381 2 1 -1 
0 890 7.2 18 0.57265625 0.15625 5.09901951359278 3 -1 1 
1 900 11.6 19 0.437626008064516 0.375 41.1415156789732 2 1 -1 
0 900 7.2 18 0.403041294642857 0.2294921875 14.1181380952988 3 -1 1 
1 910 11.6 19 0.438852163461538 0.44765625 34.4222229418306 2 1 -1 
0 910 7.2 18 0.417716733870968 0.278125 21.2702801737145 3 -1 1 
1 920 11.6 19 0.51025390625 0.45234375 42.5500053859514 2 1 -1 
0 920 7.2 18 0.507080078125 0.33203125 22.3923765585042 3 -1 1 
1 930 11.6 19 0.4044921875 0.46875 37.4628354213342 2 1 -1 
0 930 7.2 18 0.466460129310345 0.38203125 28.8097359843692 3 -1 1 
1 940 11.6 20 0.3671875 0.41015625 30.7485046776616 2 2 -1 
0 940 7.2 18 0.513129340277778 0.371875 34.0101437739676 3 -2 1 
1 950 11.6 20 0.409598214285714 0.49921875 11.3215516081685 2 2 -1 
0 950 7.2 18 0.515980113636364 0.4423828125 36.7902633362875 3 -2 1 
1 960 11.6 20 0.347330729166667 0.4984375 10.6599466203192 2 2 -1 
0 960 7.2 18 0.463758680555556 0.421875 24.0334439989855 3 -2 1 
1 970 11.6 20 0.3671875 0.5203125 7.52715057385342 2 1 -1 
0 970 7.2 19 0.476671006944444 0.43359375 10.5948100502085 3 -1 1 
1 980 11.6 20 0.419921875 0.4390625 14.2281296510842 2 1 0 
0 980 7.2 19 0.569010416666667 0.4140625 0 2 -1 0 
1 990 11.6 20 0.345458984375 0.44296875 26.6209182302959 2 1 0 
0 990 7.2 19 0.5517578125 0.46875 0 2 -1 0 
1 1000 11.6 21 0.365885416666667 0.4 43.3319314981447 2 2 0 
0 1000 7.2 19 0.491554054054054 0.40625 0 2 -2 0 
1 1010 11.6 21 0.41953125 0.3109375 41.9358596296323 2 2 0 
0 1010 7.2 19 0.588496767241379 0.287109375 35.259750424528 2 -2 0 
1 1020 11.6 21 0.383029513888889 0.36875 36.2983005339726 2 2 0 
0 1020 7.2 19 0.493215460526316 0.364583333333333 21.1599606525884 2 -2 0 
1 1030 11.6 21 0.371614583333333 0.4328125 22.0354665040724 2 2 0 
0 1030 7.2 19 0.457682291666667 0.408854166666667 16.1849920095471 2 -2 0 
1 1040 11.6 21 0.411576704545455 0.54609375 5.08482980724609 2 2 0 
0 1040 7.2 19 0.621527777777778 0.306640625 34.0330721504833 2 -2 0 
1 1050 11.6 21 0.404211956521739 0.56171875 9.80235260244715 2 2 0 
0 1050 7.2 19 0.507927389705882 0.314453125 20.5 2 -2 0 
1 1060 11.6 21 0.366350446428571 0.5712890625 27.4685305866014 2 2 0 
0 1060 7.2 19 0.5015869140625 0.318359375 10.7004672795163 2 -2 0 
1 1070 11.6 21 0.493229166666667 0.529296875 26.4607982445699 2 2 0 
0 1070 7.2 19 0.6630859375 0.30078125 4.7169905660283 2 -2 0 
1 1080 11.6 21 0.4125 0.4853515625 8.45162522983173 2 2 0 
0 1080 7.2 19 0.5538330078125 0.302734375 20.5548047910945 2 -2 0 
1 1090 11.6 22 0.412828947368421 0.4248046875 12.7700953126165 2 2 0 
0 1090 7.2 20 0.49169921875 0.3359375 19.6468827043885 2 -2 0 
1 1100 11.6 22 0.53369140625 0.4501953125 14.5891920736753 2 2 0 
0 1100 7.2 20 0.590234375 0.247395833333333 27.3679724414244 2 -2 0 
1 1110 11.6 22 0.482244318181818 0.361328125 37.2034155147187 2 2 0 
0 1110 7.2 20 0.412109375 0.208984375 21.2483945953576 2 -2 0 
1 1120 11.6 22 0.490234375 0.3916015625 40.9115826120052 2 2 0 
0 1120 7.2 20 0.446377840909091 0.19921875 8.36314457898999 2 -2 0 
1 1130 11.6 22 0.547001008064516 0.37265625 39.2030090482643 2 2 0 
0 1130 7.2 20 0.629340277777778 0.2078125 2.91508152941917 2 -2 0 
1 1140 11.6 22 0.466496394230769 0.378125 32.5000239780788 2 2 0 
0 1140 7.2 20 0.457589285714286 0.29453125 12.6524503237343 2 -2 0 
1 1150 11.6 22 0.431199596774194 0.43515625 33.5967665683076 2 2 0 
0 1150 7.2 20 0.3701171875 0.40859375 9.78917286593571 2 -2 0 
1 1160 11.6 22 0.468191964285714 0.4546875 22.7497338917807 2 2 0 
0 1160 7.2 20 0.351236979166667 0.49765625 2.12295087549963 2 -2 0 
1 1170 11.6 22 0.447684151785714 0.5146484375 13.654003869776 2 2 0 
0 1170 7.2 20 0.380580357142857 0.4345703125 5.3973668190278 2 -2 0 
1 1180 11.6 22 0.463924632352941 0.556640625 7.44406009414211 2 2 1 
0 1180 7.2 20 0.359375 0.41796875 14.8660687473185 1 -2 -1 
1 1190 11.6 22 0.576869419642857 0.5771484375 6.28767972889114 2 2 1 
0 1190 7.2 20 0.388671875 0.1640625 0 1 -2 -1 
1 1200 11.6 23 0.648302801724138 0.640625 11.206889889575 2 3 1 
0 1200 7.2 20 0.285978618421053 0.17578125 0 1 -3 -1 
1 1210 11.6 23 0.702524038461538 0.7646484375 6.19191926156596 2 3 1 
0 1210 7.2 20 0.359375 0.2421875 0 1 -3 -1 
1 1220 11.6 23 0.758246527777778 0.7900390625 3.16443855489709 2 3 1 
0 1220 7.2 20 0.359375 0.234375 0 1 -3 -1 
1 1230 11.6 23 0.7861328125 0.79296875 1.88278221853732 2 2 1 
0 1230 7.2 21 0.205357142857143 0.1875 0 1 -2 -1 
