1 30 9 1 NaN 0.3109375 12.8529120551375 3 0 0 
0 30 7.2 1 NaN 0.2236328125 23.2337533977984 3 0 0 
1 40 9 1 NaN 0.28828125 6.10093529478266 3 0 0 
0 40 7.2 1 NaN 0.29609375 29.3865502870496 3 0 0 
1 50 9 1 NaN 0.36640625 23.8739302977624 3 0 0 
0 50 7.2 1 0.38671875 0.325 32.4083739784414 3 0 0 
1 60 9 1 0.36640625 0.47109375 30.9686034327235 3 0 0 
0 60 7.2 1 0.371916118421053 0.434375 33.1013686276983 3 0 0 
1 70 9 1 0.36328125 0.509375 32.8195902550933 3 0 0 
0 70 7.2 1 0.380580357142857 0.44140625 35.9507905758537 3 0 0 
1 80 9 1 0.445684523809524 0.49140625 28.199038927984 3 0 0 
0 80 7.2 1 0.486762152777778 0.4546875 31.0176212506314 3 0 0 
1 90 9 1 0.418619791666667 0.484375 11.124803084776 3 0 0 
0 90 7.2 1 0.4371875 0.4892578125 33.0135795762242 3 0 0 
1 100 9 1 0.394375 0.46484375 25.8001396474092 3 0 0 
0 100 7.2 1 0.380580357142857 0.5078125 33.3823240892745 3 0 0 
1 110 9 2 0.451985677083333 0.49375 14.848285045965 3 0 0 
0 110 7.2 2 0.441938920454545 0.478515625 22.7819640246557 3 0 0 
1 120 9 2 0.414595170454545 0.4890625 23.636044401675 3 0 0 
0 120 7.2 2 0.422916666666667 0.4677734375 29.0465335995919 3 0 0 
1 130 9 2 0.380696614583333 0.453125 25.3893541642663 3 0 0 
0 130 7.2 2 0.392663043478261 0.415625 41.8728087205956 3 0 0 
1 140 9 3 0.449835526315789 0.4640625 28.2719534680496 3 0 0 
0 140 7.2 3 0.471768465909091 0.41796875 36.3732789014941 3 0 0 
1 150 9 3 0.397549715909091 0.4546875 32.1597269876115 3 0 0 
0 150 7.2 3 0.41633064516129 0.4671875 32.4325143901496 3 0 0 
1 160 9 3 0.379585597826087 0.46953125 38.7880802173371 3 0 0 
0 160 7.2 3 0.375710227272727 0.47578125 33.6665474466986 3 0 0 
1 170 9 3 0.471235795454545 0.48984375 39.9841605903888 3 0 0 
0 170 7.2 3 0.471354166666667 0.45078125 29.2497673234189 3 0 0 
1 180 9 4 0.3990625 0.465625 43.9710831384657 3 0 0 
0 180 7.2 4 0.423491379310345 0.48828125 18.3971954266182 3 0 0 
1 190 9 4 0.3896484375 0.47109375 34.1850554553694 3 0 0 
0 190 7.2 4 0.395670572916667 0.453125 11.9251865999269 3 0 0 
1 200 9 4 0.462545955882353 0.459375 22.599465316035 3 0 0 
0 200 7.2 4 0.485054347826087 0.4171875 37.3102333410108 3 0 0 
1 210 9 5 0.3946875 0.43515625 27.0501181850269 3 1 0 
0 210 7.2 4 0.45171875 0.4265625 31.976327366424 3 -1 0 
1 220 9 5 0.36328125 0.4421875 37.9909246998351 3 1 0 
0 220 7.2 4 0.425330528846154 0.48515625 41.9364879983633 3 -1 0 
1 230 9 5 0.454427083333333 0.46484375 43.2886715578143 3 0 0 
0 230 7.2 5 0.463324652777778 0.490625 38.3730281099011 3 0 0 
1 240 9 5 0.413912259615385 0.44375 43.2142627233066 3 0 0 
0 240 7.2 5 0.431780133928571 0.43046875 46.053936593861 3 0 0 
1 250 9 6 0.401692708333333 0.44921875 40.6013107767683 3 1 0 
0 250 7.2 5 0.380149147727273 0.4697265625 46.1963473174779 3 -1 0 
1 260 9 6 0.471277573529412 0.46796875 41.7115146769939 3 1 0 
0 260 7.2 5 0.451286764705882 0.484375 43.3974479396089 3 -1 0 
1 270 9 6 0.42041015625 0.51875 45.9331383740586 3 0 0 
0 270 7.2 6 0.391676682692308 0.43359375 49.2499635713414 3 0 0 
1 280 9 6 0.39013671875 0.51484375 41.8989229961086 3 0 0 
0 280 7.2 6 0.375710227272727 0.428125 42.9005708187873 3 0 0 
1 290 9 6 0.452938988095238 0.50234375 36.9172416146737 3 0 0 
0 290 7.2 6 0.46875 0.43828125 32.4969515179242 3 0 0 
1 300 9 7 0.427083333333333 0.5203125 40.1991665898532 3 1 0 
0 300 7.2 6 0.417805989583333 0.4515625 43.6180860295511 3 -1 0 
1 310 9 7 0.386548913043478 0.5126953125 38.7307197564238 3 0 0 
0 310 7.2 7 0.386039402173913 0.4580078125 40.350048273893 3 0 0 
1 320 9 7 0.461309523809524 0.44453125 42.9348622060283 3 0 0 
0 320 7.2 7 0.4609375 0.485677083333333 44.9679913645479 3 0 0 
1 330 9 7 0.42510775862069 0.42734375 43.760269898367 3 0 0 
0 330 7.2 7 0.43578125 0.40625 50.0833898467265 3 0 0 
1 340 9 8 0.381453804347826 0.4873046875 39.0679303362053 3 1 0 
0 340 7.2 7 0.376242897727273 0.4171875 45.9049504025584 3 -1 0 
1 350 9 8 0.450137867647059 0.4734375 31.844851139897 3 1 0 
0 350 7.2 7 0.422743055555556 0.44921875 27.212227050373 3 -1 0 
1 360 9 8 0.425666360294118 0.49296875 25.7037630092457 3 1 0 
0 360 7.2 7 0.417782738095238 0.486979166666667 26.5744394709363 3 -1 0 
1 370 9 8 0.406412760416667 0.465625 24.5156196040581 3 0 0 
0 370 7.2 8 0.412176724137931 0.42421875 38.2912774021993 3 0 0 
1 380 9 8 0.465215773809524 0.359375 36.7382998431184 3 0 0 
0 380 7.2 8 0.477463942307692 0.41015625 37.5675402934003 3 0 0 
1 390 9 9 0.394886363636364 0.41875 41.6426356132896 3 1 0 
0 390 7.2 8 0.447602370689655 0.43203125 33.9200122715796 3 -1 0 
1 400 9 9 0.372691761363636 0.4599609375 47.0289083053385 3 1 0 
0 400 7.2 8 0.411358173076923 0.4625 45.8083802030911 3 -1 0 
1 410 9 10 0.464192708333333 0.44140625 38.4450793174093 3 2 0 
0 410 7.2 8 0.47749255952381 0.5 52.4188122178443 3 -2 0 
1 420 9 10 0.419642857142857 0.47421875 36.8349714713268 3 1 0 
0 420 7.2 9 0.419921875 0.4794921875 57.0990248488363 3 -1 0 
1 430 9 10 0.3984375 0.4625 30.8445568917694 3 1 0 
0 430 7.2 9 0.410435267857143 0.44921875 40.0907167301 3 -1 0 
1 440 9 10 0.449497767857143 0.51640625 33.0497975005203 3 1 0 
0 440 7.2 9 0.46875 0.4423828125 38.8661040284773 3 -1 0 
1 450 9 11 0.444642857142857 0.49609375 28.444711295728 3 2 0 
0 450 7.2 9 0.3908203125 0.470703125 40.7802369787983 3 -2 0 
1 460 9 11 0.44287109375 0.4671875 38.3907988631718 3 2 0 
0 460 7.2 9 0.37109375 0.35703125 47.5475616693127 3 -2 0 
1 470 9 11 0.500697544642857 0.51484375 47.1926978606533 3 2 0 
0 470 7.2 9 0.445106907894737 0.3779296875 41.5431973763747 3 -2 0 
1 480 9 11 0.462713068181818 0.5109375 50.8363308959557 3 1 0 
0 480 7.2 10 0.409333881578947 0.408203125 41.1625673795628 3 -1 0 
1 490 9 12 0.451692708333333 0.54921875 46.6031479171564 3 2 0 
0 490 7.2 10 0.395670572916667 0.3609375 39.6203388543307 3 -2 0 
1 500 9 12 0.513097426470588 0.47109375 52.7477527296243 3 2 0 
0 500 7.2 10 0.425223214285714 0.353125 39.3821976275245 3 -2 0 
1 510 9 12 0.473248106060606 0.5203125 48.6577049258896 3 2 0 
0 510 7.2 10 0.37890625 0.39375 27.2631536996224 3 -2 0 
1 520 9 12 0.398111979166667 0.4970703125 29.5307670111992 3 1 0 
0 520 7.2 11 0.3708984375 0.4 28.0316599404813 3 -1 0 
1 530 9 12 0.485276442307692 0.5380859375 19.6909815276203 3 1 0 
0 530 7.2 11 0.386117788461538 0.36328125 13.9291292739148 3 -1 0 
1 540 9 12 0.462332589285714 0.4892578125 9.25495898120402 3 1 0 
0 540 7.2 11 0.3853125 0.462890625 8.40577630746254 3 -1 0 
1 550 9 12 0.381283967391304 0.3796875 27.3696183262258 3 1 0 
0 550 7.2 11 0.387319711538462 0.53671875 10.3986439833693 3 -1 0 
1 560 9 12 0.469618055555556 0.330078125 14.7541162233992 3 1 0 
0 560 7.2 11 0.456730769230769 0.6015625 6.86625670272576 3 -1 0 
1 570 9 13 0.418154761904762 0.37890625 13.8337942504327 3 2 0 
0 570 7.2 11 0.431107954545455 0.5537109375 10.3387594805217 3 -2 0 
1 580 9 13 0.36328125 0.3994140625 33.0926312384963 3 2 0 
0 580 7.2 11 0.386429398148148 0.5546875 24.4809910942414 3 -2 0 
1 590 9 13 0.412574404761905 0.3765625 44.4719764335215 3 1 0 
0 590 7.2 12 0.446555397727273 0.46484375 33.2040263340427 3 -1 0 
1 600 9 13 0.371783088235294 0.4015625 38.4366558268926 3 1 0 
0 600 7.2 12 0.470653044871795 0.5439453125 47.0866064301293 3 -1 0 
1 610 9 13 0.368896484375 0.4013671875 28.3521644401037 3 0 0 
0 610 7.2 13 0.438981681034483 0.556640625 46.3803681452814 3 0 0 
1 620 9 14 0.40234375 0.427734375 30.7323564769852 3 1 0 
0 620 7.2 13 0.539679276315789 0.53125 33.3407546061237 3 -1 0 
1 630 9 14 0.4013671875 0.4765625 28.224399219811 3 1 0 
0 630 7.2 13 0.44703125 0.459635416666667 32.9131121758916 3 -1 0 
1 640 9 14 0.3828125 0.396875 40.434182914113 3 1 0 
0 640 7.2 13 0.40375 0.48046875 28.4514648490431 3 -1 0 
1 650 9 14 0.454833984375 0.42734375 26.3740625469716 3 1 0 
0 650 7.2 13 0.440487132352941 0.50390625 18.2875797593627 3 -1 0 
1 660 9 14 0.437049278846154 0.43984375 27.8308274347052 3 1 0 
0 660 7.2 13 0.448918269230769 0.4609375 27.2148349687133 3 -1 0 
1 670 9 15 0.38720703125 0.42578125 25.5340134902449 3 2 0 
0 670 7.2 13 0.398125 0.51953125 13.8580941140851 3 -2 0 
1 680 9 15 0.411931818181818 0.46640625 26.4848483170519 3 2 0 
0 680 7.2 13 0.383854166666667 0.5234375 6.69555583761431 3 -2 0 
1 690 9 15 0.475350215517241 0.49140625 17.9344171729079 3 2 0 
0 690 7.2 13 0.412946428571429 0.486328125 7.1232787771811 3 -2 0 
1 700 9 15 0.397836538461538 0.465625 16.4233098176499 3 2 0 
0 700 7.2 13 0.373579545454545 0.42578125 37.5743354245775 3 -2 0 
1 710 9 15 0.440185546875 0.403125 21.6815795142848 3 2 0 
0 710 7.2 13 0.398231907894737 0.4716796875 28.212261663549 3 -2 0 
1 720 9 15 0.457728794642857 0.3359375 30.9562007295519 3 1 0 
0 720 7.2 14 0.419819078947368 0.4453125 49.5321990052965 3 -1 0 
1 730 9 15 0.407924107142857 0.3640625 21.4008772507955 3 1 0 
0 730 7.2 14 0.389775815217391 0.3671875 32.5291920827137 3 -1 0 
1 740 9 16 0.459077380952381 0.46484375 12.8412180031018 3 2 0 
0 740 7.2 14 0.428089488636364 0.345052083333333 8.15939757383357 3 -2 0 
1 750 9 16 0.492487980769231 0.5203125 11.7770011300869 3 2 0 
0 750 7.2 14 0.486413043478261 0.369791666666667 14.7610854674429 3 -2 0 
1 760 9 16 0.412194293478261 0.5693359375 31.458832273113 3 2 0 
0 760 7.2 14 0.431547619047619 0.326822916666667 11.472289169448 3 -2 0 
1 770 9 16 0.479352678571429 0.610677083333333 24.7979554732933 3 1 0 
0 770 7.2 15 0.527138157894737 0.28671875 22.5695176991939 3 -1 0 
1 780 9 17 0.457331730769231 0.5908203125 26.7947295989131 3 2 0 
0 780 7.2 15 0.4886474609375 0.28515625 18.1516126979777 3 -2 0 
1 790 9 17 0.384420955882353 0.6015625 19.5219012234043 3 2 0 
0 790 7.2 15 0.481854838709677 0.3046875 4.7179434473879 3 -2 0 
1 800 9 17 0.4046875 0.4462890625 35.226954881242 3 2 0 
0 800 7.2 15 0.560329861111111 0.305989583333333 7.27245404735983 3 -2 0 
1 810 9 17 0.442214439655172 0.3171875 32.0214932545348 3 2 0 
0 810 7.2 15 0.515980113636364 0.26953125 6.66666666666667 3 -2 0 
1 820 9 17 0.419759114583333 0.29453125 16.1574282629784 3 2 0 
0 820 7.2 15 0.423321759259259 0.3681640625 32.5418179240851 3 -2 0 
1 830 9 17 0.472439236111111 0.34140625 31.303618276097 3 2 0 
0 830 7.2 15 0.4533203125 0.5390625 14.6859142075445 3 -2 0 
1 840 9 17 0.463792067307692 0.38671875 42.2651639752039 3 2 0 
0 840 7.2 15 0.442608173076923 0.5751953125 19.2242204277554 3 -2 0 
1 850 9 17 0.40140625 0.45703125 40.5800466904305 3 1 0 
0 850 7.2 16 0.425271739130435 0.4638671875 27.7383096349649 3 -1 0 
1 860 9 18 0.468290441176471 0.51640625 27.9033686143802 3 2 0 
0 860 7.2 16 0.478236607142857 0.421875 34.1540919085321 3 -2 0 
1 870 9 18 0.474195075757576 0.486328125 21.0545147087666 3 2 0 
0 870 7.2 16 0.463975694444444 0.52578125 29.0053319364989 3 -2 0 
1 880 9 18 0.424189814814815 0.4287109375 31.6607206565279 3 2 0 
0 880 7.2 16 0.43359375 0.4171875 22.5873940403517 3 -2 0 
1 890 9 18 0.513113839285714 0.3759765625 14.9911295463714 3 2 0 
0 890 7.2 16 0.458409926470588 0.484375 29.7552880433466 3 -2 0 
1 900 9 18 0.503791360294118 0.35546875 27.212115373054 3 2 0 
0 900 7.2 16 0.406589673913043 0.639322916666667 6.67979787137715 3 -2 0 
1 910 9 18 0.442349137931034 0.3623046875 21.2276449780285 3 2 0 
0 910 7.2 16 0.423177083333333 0.59765625 4.60016777309785 3 -2 0 
1 920 9 18 0.579861111111111 0.39921875 35.5676867189248 3 2 0 
0 920 7.2 16 0.4306640625 0.485677083333333 12.0511909157741 3 -2 0 
1 930 9 18 0.47265625 0.3859375 28.1368883730319 3 2 0 
0 930 7.2 16 0.400735294117647 0.453125 21.6621790224345 3 -2 0 
1 940 9 18 0.40234375 0.43984375 22.6631304294402 3 2 0 
0 940 7.2 16 0.379595588235294 0.37890625 45.4406979071098 3 -2 0 
1 950 9 19 0.457275390625 0.44765625 13.9902113255497 3 2 0 
0 950 7.2 17 0.384880514705882 0.416015625 44.4775224130122 3 -2 0 
1 960 9 19 0.442116477272727 0.48828125 18.3807012245323 3 2 1 
0 960 7.2 17 0.42822265625 0.44140625 24.3310501211929 2 -2 -1 
1 970 9 19 0.38671875 0.52578125 18.5086956945203 3 2 1 
0 970 7.2 17 0.42734375 0.41015625 23.3238075793812 2 -2 -1 
1 980 9 19 0.45751953125 0.4765625 8.25580515867745 3 2 1 
0 980 7.2 17 0.457845052083333 0.240234375 37.1012129181783 2 -2 -1 
1 990 9 19 0.434952445652174 0.56640625 20.687342119886 3 2 1 
0 990 7.2 17 0.460648148148148 0.296875 15.4353490404331 2 -2 -1 
1 1000 9 20 0.396647135416667 0.46875 18.4458667456967 3 2 1 
0 1000 7.2 18 0.409446022727273 0.3212890625 27.423633040119 2 -2 -1 
1 1010 9 20 0.5041015625 0.5078125 25.0798724079689 3 2 1 
0 1010 7.2 18 0.42919921875 0.369140625 32.4808947568543 2 -2 -1 
1 1020 9 20 0.494977678571429 0.466796875 45.2382581450701 3 2 1 
0 1020 7.2 18 0.37841796875 0.3671875 38.0046254218978 2 -2 -1 
1 1030 9 20 0.387058423913043 0.568359375 46.6315343946562 3 2 2 
0 1030 7.2 18 0.423502604166667 0.380208333333333 39.1162875359505 1 -2 -2 
1 1040 9 20 0.510633680555556 0.3984375 58.2338073251792 3 2 2 
0 1040 7.2 18 0.4109375 0.36484375 50.389250743683 1 -2 -2 
1 1050 9 20 0.464993990384615 0.393229166666667 65.9147080673765 3 2 2 
0 1050 7.2 18 0.387369791666667 0.373046875 51.1618505194427 1 -2 -2 
1 1060 9 20 0.480846774193548 0.41796875 52.6947000649175 3 1 2 
0 1060 7.2 19 0.38125 0.4375 54.1737977800045 1 -1 -2 
1 1070 9 20 0.554398148148148 0.3140625 48.1781618847125 3 1 2 
0 1070 7.2 19 0.434461805555556 0.4580078125 38.0466602134788 1 -1 -2 
1 1080 9 20 0.475350215517241 0.35625 46.3946159607965 3 1 2 
0 1080 7.2 19 0.488740808823529 0.4306640625 16.2956722101391 1 -1 -2 
1 1090 9 21 0.41259765625 0.43203125 40.6462575396533 3 2 2 
0 1090 7.2 19 0.36328125 0.4765625 24.2158954997841 1 -2 -2 
1 1100 9 21 0.527173913043478 0.45390625 30.2026366797224 3 2 2 
0 1100 7.2 19 0.377734375 0.482421875 8.73212459828649 1 -2 -2 
1 1110 9 21 0.437210648148148 0.46953125 24.9453136660401 3 2 2 
0 1110 7.2 19 0.4140625 0.3203125 50.8846735274975 1 -2 -2 
1 1120 9 21 0.44625946969697 0.5375 23.7915916570531 3 2 2 
0 1120 7.2 19 0.362723214285714 0.39453125 25.0599281722833 1 -2 -2 
1 1130 9 21 0.543269230769231 0.64609375 28.0561460176895 3 2 2 
0 1130 7.2 19 0.335286458333333 0.279296875 38.1608438061844 1 -2 -2 
1 1140 9 21 0.54585193452381 0.7203125 23.2902554638853 3 2 2 
0 1140 7.2 19 0.227430555555556 0.201171875 18.7216452268491 1 -2 -2 
1 1150 9 21 0.5080078125 0.74765625 18.1549315565221 3 2 2 
0 1150 7.2 19 0.298177083333333 0.162109375 10.0623058987491 1 -2 -2 
1 1160 9 21 0.594791666666667 0.79140625 2.87892798093163 3 2 2 
0 1160 7.2 19 0.260044642857143 0.143229166666667 8.29005512157653 1 -2 -2 
1 1170 9 22 0.552535076530612 0.75390625 2.96346202711126 3 2 2 
0 1170 7.2 20 0.236328125 0.228125 15.9291034094208 1 -2 -2 
1 1180 9 22 0.546420784883721 0.661458333333333 4.80053431807033 3 2 2 
0 1180 7.2 20 NaN 0.23984375 17.3103500594324 1 -2 -2 
1 1190 9 22 0.69296875 0.6005859375 15.7396418801399 3 2 2 
0 1190 7.2 20 NaN 0.25390625 17.2438318770406 1 -2 -2 
1 1200 9 22 0.568008814102564 0.5166015625 15.7991648634749 3 2 2 
0 1200 7.2 20 0.266183035714286 0.3818359375 15.9297889849502 1 -2 -2 
1 1210 9 22 0.5138671875 0.459635416666667 18.1579238492622 3 2 2 
0 1210 7.2 20 NaN 0.447265625 25.0197473876035 1 -2 -2 
1 1220 9 22 0.62646484375 0.408203125 46.100433837438 3 2 2 
0 1220 7.2 20 NaN 0.4873046875 35.5499788039605 1 -2 -2 
1 1230 9 22 0.548577724358974 0.346354166666667 43.9213038651273 3 2 2 
0 1230 7.2 20 0.245383522727273 0.48828125 13.4866633651781 1 -2 -2 
1 1240 9 22 0.465851814516129 0.389322916666667 62.1567962348652 3 1 2 
0 1240 7.2 21 0.248046875 0.4755859375 10.1774467685947 1 -1 -2 
1 1250 9 22 0.583409926470588 0.390625 38.4004798383174 3 1 2 
0 1250 7.2 21 0.23671875 0.4580078125 28.052404137162 1 -1 -2 
1 1260 9 22 0.535259046052632 0.490885416666667 40.8103964155829 3 1 2 
0 1260 7.2 21 0.339626736111111 0.4091796875 35.5039242852337 1 -1 -2 
1 1270 9 22 0.465317234848485 0.58203125 18.4859214464657 3 1 2 
0 1270 7.2 21 0.36328125 0.4150390625 33.3369679161542 1 -1 -2 
1 1280 9 22 0.5751953125 0.38515625 55.0063015916366 3 1 2 
0 1280 7.2 21 NaN 0.4013671875 42.8738028388089 1 -1 -2 
1 1290 9 22 0.547526041666667 0.33203125 37.5199942931964 3 1 2 
0 1290 7.2 21 0.390046296296296 0.4640625 36.715159516413 1 -1 -2 
1 1300 9 22 0.518145161290323 0.39453125 21.5036123515443 3 1 2 
0 1300 7.2 21 0.480698529411765 0.438802083333333 32.275379950311 1 -1 -2 
1 1310 9 22 0.555288461538462 0.455078125 24.6303371905501 3 1 2 
0 1310 7.2 21 0.5703125 0.43359375 4.12310562561766 1 -1 -2 
1 1320 9 22 0.569078947368421 0.5859375 26.8600578279067 3 1 2 
0 1320 7.2 21 0.590959821428571 0.28515625 9.3407708461347 1 -1 -2 
1 1330 9 22 0.659830729166667 0.575520833333333 25.4020008418729 3 0 3 
0 1330 7.2 22 0.612379807692308 0.314453125 9.19238815542512 0 0 -3 
1 1340 9 22 0.6921875 0.575520833333333 58.1101532474218 3 0 3 
0 1340 7.2 22 0.622767857142857 0.22265625 2.23606797749979 0 0 -3 
1 1350 9 22 0.569940476190476 0.23046875 0 3 0 3 
0 1350 7.2 22 0.471628289473684 0.208984375 8.20060973342836 0 0 -3 
