1 30 6.4 1 NaN 0.28125 21.8713484885005 3 0 0 
0 30 8.2 1 NaN 0.264322916666667 13.5044722897444 3 0 0 
1 40 6.4 1 NaN 0.3125 32.0154987696404 3 0 0 
0 40 8.2 1 NaN 0.271875 31.7183947086351 3 0 0 
1 50 6.4 1 0.36328125 0.38671875 37.0910360414591 3 0 0 
0 50 8.2 1 0.39453125 0.3484375 42.0096086788873 3 0 0 
1 60 6.4 1 0.368489583333333 0.4421875 36.320703838042 3 0 0 
0 60 8.2 1 0.4001953125 0.425 47.6444925664095 3 0 0 
1 70 6.4 1 0.3865234375 0.48203125 40.1692180079488 3 0 0 
0 70 8.2 1 0.418526785714286 0.4578125 35.1279455579206 3 0 0 
1 80 6.4 1 0.4453125 0.46796875 41.5743230762441 3 0 0 
0 80 8.2 1 0.491071428571429 0.5015625 39.1884298315185 3 0 0 
1 90 6.4 1 0.400227864583333 0.459375 40.4542830084587 3 0 0 
0 90 8.2 1 0.428335336538462 0.5171875 40.3305295888079 3 0 0 
1 100 6.4 1 0.37890625 0.43671875 42.4366086436169 3 0 0 
0 100 8.2 1 0.401726973684211 0.51015625 45.8982920166354 3 0 0 
1 110 6.4 2 0.452380952380952 0.4703125 42.2157737631337 3 0 0 
0 110 8.2 2 0.4927734375 0.49296875 49.0333998876515 3 0 0 
1 120 6.4 2 0.40546875 0.47421875 42.0754359833678 3 0 0 
0 120 8.2 2 0.428059895833333 0.50234375 48.1118335058535 3 0 0 
1 130 6.4 2 0.405570652173913 0.46953125 42.2723955118113 3 0 0 
0 130 8.2 2 0.415660511363636 0.478125 43.8579889512106 3 0 0 
1 140 6.4 3 0.455180921052632 0.45390625 40.2445035993093 3 0 0 
0 140 8.2 3 0.465523097826087 0.50703125 42.0490473418965 3 0 0 
1 150 6.4 3 0.395419034090909 0.48046875 40.4718287828592 3 0 0 
0 150 8.2 3 0.447126116071429 0.48359375 41.6998085539259 3 0 0 
1 160 6.4 3 0.37797619047619 0.4703125 42.7987475700993 3 0 0 
0 160 8.2 3 0.42671130952381 0.48046875 41.9604159347534 3 0 0 
1 170 6.4 4 0.449590773809524 0.471875 41.6632240499352 3 0 0 
0 170 8.2 4 0.492621527777778 0.428125 55.0759807727258 3 0 0 
1 180 6.4 4 0.423095703125 0.4609375 39.6601861500247 3 0 0 
0 180 8.2 4 0.421164772727273 0.4828125 44.5504687233341 3 0 0 
1 190 6.4 4 0.3701171875 0.45390625 35.9102324487138 3 0 0 
0 190 8.2 4 0.431803385416667 0.49140625 29.8347921511548 3 0 0 
1 200 6.4 4 0.4072265625 0.4828125 7.28119585226483 3 0 0 
0 200 8.2 4 0.471413352272727 0.49921875 8.5836128402915 3 0 0 
1 210 6.4 4 0.415930706521739 0.443359375 4.98355796952089 3 0 0 
0 210 8.2 4 0.432896205357143 0.53203125 5.12397008734957 3 0 0 
1 220 6.4 5 0.39453125 0.4345703125 5.82018317196866 3 0 0 
0 220 8.2 5 0.4296875 0.55078125 5.60571879054625 3 0 0 
1 230 6.4 5 0.43140625 0.3734375 42.2858697377649 3 0 0 
0 230 8.2 5 0.459244791666667 0.521875 9.64638848010556 3 0 0 
1 240 6.4 5 0.4111328125 0.40625 27.9190817732168 3 0 0 
0 240 8.2 5 0.457741477272727 0.54765625 19.1040236175729 3 0 0 
1 250 6.4 5 0.381293402777778 0.39453125 32.7154022143206 3 0 0 
0 250 8.2 5 0.478645833333333 0.51953125 28.7787930564517 3 0 0 
1 260 6.4 6 0.430606617647059 0.459375 30.7939040975029 3 0 0 
0 260 8.2 6 0.502170138888889 0.4828125 39.0472387759498 3 0 0 
1 270 6.4 6 0.421875 0.45703125 28.8568502419322 3 0 0 
0 270 8.2 6 0.427734375 0.4984375 8.13101150677323 3 0 0 
1 280 6.4 6 0.399739583333333 0.4326171875 20.7058026322606 3 0 0 
0 280 8.2 6 0.405184659090909 0.5046875 5.52183571824888 3 0 0 
1 290 6.4 6 0.42171875 0.466796875 7.29975398283336 3 0 0 
0 290 8.2 6 0.471912202380952 0.5109375 6.45604183257816 3 0 0 
1 300 6.4 6 0.434827302631579 0.33359375 25.017081177257 3 0 0 
0 300 8.2 6 0.430501302083333 0.5796875 7.6930383898058 3 0 0 
1 310 6.4 6 0.395670572916667 0.328125 15.9774963964652 3 0 0 
0 310 8.2 6 0.421519886363636 0.58125 9.96177496542665 3 0 0 
1 320 6.4 6 0.421875 0.36796875 8.62103562331177 3 0 0 
0 320 8.2 6 0.459186422413793 0.56875 8.33255715748302 3 0 0 
1 330 6.4 6 0.416270380434783 0.43203125 54.2973649605215 3 0 0 
0 330 8.2 6 0.463641826923077 0.51015625 21.2032138259125 3 0 0 
1 340 6.4 7 0.392933238636364 0.42734375 58.9713771058034 3 0 0 
0 340 8.2 7 0.462535511363636 0.47109375 31.6441769947886 3 0 0 
1 350 6.4 7 0.411272321428571 0.46484375 63.5890425714496 3 0 0 
0 350 8.2 7 0.478515625 0.47890625 32.1706691588042 3 0 0 
1 360 6.4 7 0.396484375 0.4359375 49.5091460660694 3 0 0 
0 360 8.2 7 0.446161684782609 0.5234375 24.5516795224444 3 0 0 
1 370 6.4 7 0.375710227272727 0.46640625 49.1108636765843 3 0 0 
0 370 8.2 7 0.47078125 0.484375 35.4724790325852 3 0 0 
1 380 6.4 8 0.41796875 0.48671875 45.2471202654608 3 1 0 
0 380 8.2 7 0.483132102272727 0.4390625 42.4266207263916 3 -1 0 
1 390 6.4 8 0.403790509259259 0.496875 31.0423468001796 3 0 0 
0 390 8.2 8 0.452473958333333 0.46484375 36.1931921124768 3 0 0 
1 400 6.4 8 0.38609375 0.54453125 10.5752344269938 3 0 0 
0 400 8.2 8 0.401726973684211 0.424479166666667 41.4482284860251 3 0 0 
1 410 6.4 8 0.455433238636364 0.55234375 4.22974022569448 3 0 0 
0 410 8.2 8 0.44140625 0.46875 20.2237484161567 3 0 0 
1 420 6.4 9 0.380126953125 0.5328125 17.0631432287638 3 1 0 
0 420 8.2 8 0.4515625 0.44140625 29.6184064392398 3 -1 0 
1 430 6.4 9 0.37890625 0.4890625 19.9736672102488 3 1 0 
0 430 8.2 8 0.422214673913043 0.2921875 49.8693732664083 3 -1 0 
1 440 6.4 9 0.435872395833333 0.48515625 30.2749603305433 3 1 0 
0 440 8.2 8 0.464192708333333 0.3515625 42.2266628704547 3 -1 0 
1 450 6.4 9 0.433863146551724 0.49140625 36.0200523615553 3 1 0 
0 450 8.2 8 0.444602272727273 0.4609375 43.1167967195177 3 -1 0 
1 460 6.4 9 0.408627717391304 0.47890625 44.6980335243541 3 0 0 
0 460 8.2 9 0.417596726190476 0.4609375 44.4456033838485 3 0 0 
1 470 6.4 10 0.4591796875 0.40234375 56.2669793643259 3 1 0 
0 470 8.2 9 0.475477430555556 0.5046875 43.2931711611045 3 -1 0 
1 480 6.4 10 0.400287828947368 0.41484375 45.0280935561587 3 1 0 
0 480 8.2 9 0.470703125 0.53125 44.6839712817721 3 -1 0 
1 490 6.4 10 0.396129261363636 0.40546875 30.0753943899493 3 1 0 
0 490 8.2 9 0.401041666666667 0.553125 24.6405133475472 3 -1 0 
1 500 6.4 10 0.42578125 0.43359375 20.4731201509826 3 1 0 
0 500 8.2 9 0.442491319444444 0.53359375 12.8281488842188 3 -1 0 
1 510 6.4 10 0.416852678571429 0.40546875 8.01240593461616 3 0 0 
0 510 8.2 10 0.456597222222222 0.572265625 6.93747681405337 3 0 0 
1 520 6.4 11 0.399576822916667 0.4578125 9.81061905455345 3 1 0 
0 520 8.2 10 0.425931490384615 0.516927083333333 7.21372119248959 3 -1 0 
1 530 6.4 11 0.430495689655172 0.4890625 12.8750377057389 3 1 0 
0 530 8.2 10 0.4559375 0.392578125 34.3108485791847 3 -1 0 
1 540 6.4 11 0.422743055555556 0.46484375 18.8411038566258 3 1 0 
0 540 8.2 10 0.436691810344828 0.325 29.6911406729458 3 -1 0 
1 550 6.4 11 0.412286931818182 0.43203125 37.1856705547717 3 1 0 
0 550 8.2 10 0.4225 0.376953125 21.287866348383 3 -1 0 
1 560 6.4 11 0.429893092105263 0.4359375 37.4197544735717 3 1 0 
0 560 8.2 10 0.462890625 0.4443359375 17.1581876696831 3 -1 0 
1 570 6.4 12 0.4696875 0.41875 34.3807106027845 3 2 0 
0 570 8.2 10 0.430042613636364 0.4990234375 33.3320490430242 3 -2 0 
1 580 6.4 12 0.412272135416667 0.42265625 32.4499599873317 3 2 0 
0 580 8.2 10 0.420654296875 0.478125 31.2878112151972 3 -2 0 
1 590 6.4 12 0.402994791666667 0.48203125 31.7292950331468 3 1 0 
0 590 8.2 11 0.462332589285714 0.45859375 25.1416120420845 3 -1 0 
1 600 6.4 12 0.452473958333333 0.50546875 25.3601396967826 3 1 0 
0 600 8.2 11 0.41328125 0.478125 14.5203647120839 3 -1 0 
1 610 6.4 12 0.423063858695652 0.52734375 7.7753292858443 3 1 0 
0 610 8.2 11 0.4001953125 0.46171875 15.3006827013522 3 -1 0 
1 620 6.4 12 0.414351851851852 0.46484375 12.7266840333071 3 1 0 
0 620 8.2 11 0.4265625 0.4326171875 8.91646788558453 3 -1 0 
1 630 6.4 12 0.410888671875 0.458333333333333 3.99036179524704 3 1 0 
0 630 8.2 11 0.451171875 0.4873046875 9.49322766067867 3 -1 0 
1 640 6.4 12 0.373046875 0.458333333333333 3.84029731920868 3 1 0 
0 640 8.2 11 0.453480113636364 0.4755859375 5.04219137515726 3 -1 0 
1 650 6.4 12 0.440625 0.328125 24.7777542513974 3 0 0 
0 650 8.2 12 0.478407118055556 0.4328125 33.7033425236264 3 0 0 
1 660 6.4 13 0.370442708333333 0.396875 42.6232610819324 3 1 0 
0 660 8.2 12 0.50484035326087 0.55859375 24.7289146780175 3 -1 0 
1 670 6.4 13 0.373046875 0.40234375 52.1545869490612 3 1 0 
0 670 8.2 12 0.503348214285714 0.6064453125 25.2836280835353 3 -1 0 
1 680 6.4 13 NaN 0.42421875 58.3570524583873 3 1 0 
0 680 8.2 12 0.547607421875 0.6220703125 21.7226124141877 3 -1 0 
1 690 6.4 14 0.346028645833333 0.428125 61.8214232845511 3 2 0 
0 690 8.2 12 0.519261853448276 0.53671875 48.1753452812958 3 -2 0 
1 700 6.4 14 0.357747395833333 0.4296875 55.1111313063101 3 1 0 
0 700 8.2 13 0.478608630952381 0.564453125 42.2879915798104 3 -1 0 
1 710 6.4 14 0.356770833333333 0.401041666666667 21.219591407991 3 1 0 
0 710 8.2 13 0.49658203125 0.6142578125 46.1810026064457 3 -1 0 
1 720 6.4 14 0.331351902173913 0.326822916666667 26.149456712602 3 1 0 
0 720 8.2 13 0.498471467391304 0.6630859375 43.3846487004898 3 -1 0 
1 730 6.4 14 0.404381793478261 0.334635416666667 19.9308917346853 3 0 0 
0 730 8.2 14 0.4228515625 0.591796875 27.812000324605 3 0 0 
1 740 6.4 14 0.42289402173913 0.3408203125 48.5448521806997 3 0 0 
0 740 8.2 14 0.451822916666667 0.52109375 36.7095049681171 3 0 0 
1 750 6.4 15 0.436631944444444 0.37265625 62.2152363843218 3 1 0 
0 750 8.2 14 0.496279761904762 0.52265625 41.1751035550639 3 -1 0 
1 760 6.4 15 0.370682565789474 0.43046875 53.213671140324 3 1 0 
0 760 8.2 14 0.462239583333333 0.54609375 45.7198623253758 3 -1 0 
1 770 6.4 15 0.379317434210526 0.42734375 47.0579515421378 3 1 0 
0 770 8.2 14 0.461181640625 0.46953125 46.1560897900227 3 -1 0 
1 780 6.4 15 0.436848958333333 0.4671875 42.7035256794139 3 1 0 
0 780 8.2 14 0.444754464285714 0.41640625 37.8409209030623 3 -1 0 
1 790 6.4 15 0.412642045454545 0.4765625 39.1918235706832 3 0 0 
0 790 8.2 15 0.423828125 0.409375 35.5519790789933 3 0 0 
1 800 6.4 16 0.434952445652174 0.46484375 38.3671225965119 3 1 0 
0 800 8.2 15 0.4578125 0.4625 29.5661880479051 3 -1 0 
1 810 6.4 16 0.415501644736842 0.453125 47.6599498421687 3 1 0 
0 810 8.2 15 0.439761513157895 0.49296875 33.0235107055266 3 -1 0 
1 820 6.4 16 0.3794921875 0.39921875 52.5166328176328 3 1 0 
0 820 8.2 15 0.452713815789474 0.559375 33.6916893791239 3 -1 0 
1 830 6.4 16 0.387834821428571 0.40390625 23.3119205712443 3 1 0 
0 830 8.2 15 0.500169836956522 0.56640625 27.2229418584674 3 -1 0 
1 840 6.4 16 0.407924107142857 0.4234375 21.2190960187713 3 1 0 
0 840 8.2 15 0.4740625 0.50546875 13.8492941158239 3 -1 0 
1 850 6.4 16 0.403702445652174 0.44453125 8.95458655725926 3 1 0 
0 850 8.2 15 0.454900568181818 0.52421875 6.08489589304137 3 -1 0 
1 860 6.4 16 0.404474431818182 0.4625 3.99099479415837 3 1 0 
0 860 8.2 15 0.461495535714286 0.51171875 4.86943996412433 3 -1 0 
1 870 6.4 17 0.431995738636364 0.4609375 3.91036758423735 3 2 0 
0 870 8.2 15 0.444791666666667 0.478515625 5.1478150704935 3 -2 0 
1 880 6.4 17 0.405552455357143 0.48828125 5.32357801899221 3 2 0 
0 880 8.2 15 0.404296875 0.458984375 2.12132034355964 3 -2 0 
1 890 6.4 17 0.452473958333333 0.60625 16.4173108304733 3 2 0 
0 890 8.2 15 0.39453125 0.322265625 4.03112887414927 3 -2 0 
1 900 6.4 17 0.502858231707317 0.6984375 11.9054917364635 3 1 0 
0 900 8.2 16 0.353515625 0.201822916666667 18.5663240054897 3 -1 0 
1 910 6.4 18 0.522619912790698 0.6671875 16.9784916631292 3 2 0 
0 910 8.2 16 0.39453125 0.24453125 37.7275405338449 3 -2 0 
1 920 6.4 18 0.553950471698113 0.6015625 24.7706978679927 3 2 0 
0 920 8.2 16 NaN 0.3078125 30.3791896751639 3 -2 0 
1 930 6.4 18 0.568321078431373 0.62109375 14.1222415699664 3 2 0 
0 930 8.2 16 0.301215277777778 0.365234375 32.3474855614008 3 -2 0 
1 940 6.4 18 0.55374053030303 0.58671875 3.51672614586547 3 2 0 
0 940 8.2 16 0.348721590909091 0.391927083333333 34.5319200215529 3 -2 0 
1 950 6.4 19 0.56742931547619 0.66484375 3.6212420704622 3 3 0 
0 950 8.2 16 0.338107638888889 0.337239583333333 35.1338544610912 3 -3 0 
1 960 6.4 19 0.558412063953488 0.6671875 4.18951044169711 3 3 0 
0 960 8.2 16 0.29296875 0.31640625 23.4361019981968 3 -3 0 
1 970 6.4 19 0.571651785714286 0.634375 7.43200193987369 3 3 0 
0 970 8.2 16 0.415178571428571 0.295572916666667 10.1847601583981 3 -3 0 
1 980 6.4 19 0.587165178571429 0.5875 11.0605609880925 3 2 0 
0 980 8.2 17 0.414713541666667 0.2171875 22.7726168390023 3 -2 0 
1 990 6.4 19 0.512152777777778 0.57421875 21.0387956014197 3 2 0 
0 990 8.2 17 0.328125 0.28203125 17.8888613389605 3 -2 0 
1 1000 6.4 19 0.482682291666667 0.59140625 21.2562524699283 3 2 0 
0 1000 8.2 17 0.30546875 0.34765625 15.381439018786 3 -2 0 
1 1010 6.4 19 0.571461397058823 0.53046875 27.2442766156823 3 2 0 
0 1010 8.2 17 0.30546875 0.37890625 21.2579812704802 3 -2 0 
1 1020 6.4 20 0.532622466216216 0.471875 22.4167658344387 3 3 0 
0 1020 8.2 17 0.3171875 0.4015625 22.4997660608261 3 -3 0 
1 1030 6.4 20 0.453425480769231 0.409375 22.3885127675427 3 3 0 
0 1030 8.2 17 0.341927083333333 0.48515625 27.7544281372736 3 -3 0 
1 1040 6.4 20 0.539663461538462 0.3291015625 27.3491871842024 3 2 0 
0 1040 8.2 18 0.341927083333333 0.5640625 34.2106551187741 3 -2 0 
1 1050 6.4 20 0.522235576923077 0.28125 7.28552314310229 3 2 0 
0 1050 8.2 18 0.360770089285714 0.62890625 31.3092447280121 3 -2 0 
1 1060 6.4 20 0.449898097826087 0.3369140625 3.82159659704071 3 2 0 
0 1060 8.2 18 0.392223011363636 0.5966796875 19.3998407015972 3 -2 0 
1 1070 6.4 20 0.484375 0.412109375 4.41679326299903 3 2 0 
0 1070 8.2 18 0.403515625 0.556640625 2.56577873288131 3 -2 0 
1 1080 6.4 20 0.452392578125 0.4130859375 3.61867693067863 3 2 0 
0 1080 8.2 18 0.401742788461538 0.55078125 5.68279450466724 3 -2 0 
1 1090 6.4 20 0.441569010416667 0.5 5.12156274035045 3 2 0 
0 1090 8.2 18 0.445870535714286 0.451171875 4.19830405556982 3 -2 0 
1 1100 6.4 20 0.534213362068966 0.380859375 42.3932151187634 3 2 0 
0 1100 8.2 18 0.512428977272727 0.3154296875 26.2785714271912 3 -2 0 
1 1110 6.4 20 0.507606907894737 0.3234375 47.2344832911643 3 2 0 
0 1110 8.2 18 0.457465277777778 0.35546875 19.1905854854074 3 -2 0 
1 1120 6.4 20 0.443444293478261 0.4015625 27.7164877073333 3 2 0 
0 1120 8.2 18 0.417782738095238 0.33359375 24.8062162289571 3 -2 0 
1 1130 6.4 20 0.42485119047619 0.41875 11.8536530484795 3 2 0 
0 1130 8.2 18 0.428943452380952 0.36796875 30.1568711512095 3 -2 0 
1 1140 6.4 20 0.4224609375 0.41796875 7.33087154703406 3 2 0 
0 1140 8.2 18 0.4456787109375 0.42890625 12.5893041816562 3 -2 0 
1 1150 6.4 20 0.408854166666667 0.43046875 11.4155047818709 3 1 0 
0 1150 8.2 19 0.43292025862069 0.41484375 8.08795420108405 3 -1 0 
1 1160 6.4 20 0.463942307692308 0.55234375 10.2006425397852 3 1 0 
0 1160 8.2 19 0.433349609375 0.41484375 7.3739293198984 3 -1 0 
1 1170 6.4 21 0.4861328125 0.59921875 16.0209545584281 3 2 0 
0 1170 8.2 19 0.464993990384615 0.30625 17.414342808025 3 -2 0 
1 1180 6.4 21 0.447063577586207 0.5828125 36.7425655669703 3 2 0 
0 1180 8.2 19 0.490104166666667 0.2421875 10.0657385263759 3 -2 0 
1 1190 6.4 21 0.466500946969697 0.58984375 54.3075169610501 3 2 0 
0 1190 8.2 19 0.46875 0.196875 7.53843188765646 3 -2 0 
1 1200 6.4 21 0.471270161290323 0.5390625 69.8386624705339 3 2 1 
0 1200 8.2 19 0.442826704545455 0.2 4.79627484862217 2 -2 -1 
1 1210 6.4 21 0.529575892857143 0.41484375 47.8099777854828 3 2 1 
0 1210 8.2 19 0.458984375 0.3265625 7.85926630633103 2 -2 -1 
1 1220 6.4 21 0.5046875 0.34296875 35.3548114032339 3 1 1 
0 1220 8.2 20 0.464599609375 0.39453125 22.6606449228202 2 -1 -1 
1 1230 6.4 21 0.394903273809524 0.296875 11.4245342224773 3 1 1 
0 1230 8.2 20 0.558159722222222 0.39375 25.7257379181109 2 -1 -1 
1 1240 6.4 21 0.413602941176471 0.3421875 13.2777978179904 3 1 1 
0 1240 8.2 20 0.537611607142857 0.4375 18.1253566259959 2 -1 -1 
1 1250 6.4 21 0.453725961538462 0.44375 19.6804236379508 3 1 1 
0 1250 8.2 20 0.554227941176471 0.471875 10.4863594700657 2 -1 -1 
1 1260 6.4 21 0.404474431818182 0.494140625 5.46225070310043 3 1 1 
0 1260 8.2 20 0.503720238095238 0.46015625 3.5150453936226 2 -1 -1 
1 1270 6.4 22 0.401141826923077 0.4912109375 4.65517621989055 3 2 1 
0 1270 8.2 20 0.475911458333333 0.4609375 0 2 -2 -1 
1 1280 6.4 22 0.435096153846154 0.49609375 3.39630149934589 3 2 1 
0 1280 8.2 20 0.46000744047619 0.4296875 0 2 -2 -1 
1 1290 6.4 22 0.491536458333333 0.5625 19.421621046234 3 2 1 
0 1290 8.2 20 0.435763888888889 0.31640625 0 2 -2 -1 
1 1300 6.4 22 0.450721153846154 0.60546875 29.6141935329529 3 2 1 
0 1300 8.2 20 0.3154296875 0.26953125 0 2 -2 -1 
1 1310 6.4 22 0.495949074074074 0.6474609375 37.9299411939199 3 2 1 
0 1310 8.2 20 0.293526785714286 0.26953125 0 2 -2 -1 
1 1320 6.4 22 0.530580357142857 0.6865234375 33.9149927154003 3 2 1 
0 1320 8.2 20 0.264322916666667 0.2578125 0 2 -2 -1 
1 1330 6.4 22 0.53587962962963 0.6125 49.9599161634127 3 2 2 
0 1330 8.2 20 0.26171875 0.21875 0 1 -2 -2 
1 1340 6.4 23 0.624107142857143 0.7015625 24.110672369988 3 3 2 
0 1340 8.2 20 0.26171875 0.186197916666667 9.21312917925739 1 -3 -2 
1 1350 6.4 23 0.576976102941177 0.6375 20.6100557667627 3 3 3 
0 1350 8.2 20 0.28515625 0.28515625 13.6972067407864 0 -3 -3 
1 1360 6.4 23 0.51171875 0.59140625 11.6365738649571 3 3 3 
0 1360 8.2 20 0.328125 0.271484375 13.6172271284511 0 -3 -3 
1 1370 6.4 23 0.580018939393939 0.42578125 12.8383520401807 3 3 3 
0 1370 8.2 20 0.328125 0.318359375 8.58757358091608 0 -3 -3 
1 1380 6.4 23 0.558268229166667 0.36875 4.0415058135021 3 2 3 
0 1380 8.2 21 0.310980902777778 0.3046875 10.603552099227 0 -2 -3 
1 1390 6.4 23 0.47038810483871 0.44453125 10.9889760021081 3 2 3 
0 1390 8.2 21 0.322482638888889 0.33984375 9.63643939106345 0 -2 -3 
1 1400 6.4 23 0.507182459677419 0.5734375 9.44750037599694 3 2 3 
0 1400 8.2 21 0.322482638888889 0.3056640625 29.3725059264412 0 -2 -3 
1 1410 6.4 23 0.574007601351351 0.6171875 2.55596349930081 3 2 3 
0 1410 8.2 21 0.337890625 0.3076171875 8.51313391026393 0 -2 -3 
1 1420 6.4 23 0.655198317307692 0.553125 3.31679908060809 3 2 3 
0 1420 8.2 21 0.390625 0.376953125 5.63756840466776 0 -2 -3 
1 1430 6.4 23 0.641493055555556 0.6 4.82081384180287 3 2 3 
0 1430 8.2 21 0.258370535714286 0.3671875 14.2305729701437 0 -2 -3 
1 1440 6.4 23 0.638363486842105 0.703125 5.18645926011543 3 2 3 
0 1440 8.2 21 0.245703125 0.2568359375 6.50005566476226 0 -2 -3 
1 1450 6.4 23 0.615234375 0.78359375 4.29842641944335 3 2 3 
0 1450 8.2 21 0.4296875 0.2705078125 10.3220778552849 0 -2 -3 
1 1460 6.4 23 0.5869140625 0.8015625 4.54998167718186 3 2 3 
0 1460 8.2 21 0.4296875 0.2109375 6.35919745360659 0 -2 -3 
