1 30 8 1 NaN 0.265625 21.4628044797231 3 0 0 
0 30 9.2 1 NaN 0.14375 6.61695656889133 3 0 0 
1 40 8 1 NaN 0.28671875 20.9302145827207 3 0 0 
0 40 9.2 1 NaN 0.1421875 2.47210901667796 3 0 0 
1 50 8 1 0.39453125 0.318359375 34.309512646936 3 0 0 
0 50 9.2 1 0.36328125 0.24921875 18.6121247497132 3 0 0 
1 60 8 1 0.399739583333333 0.48828125 41.225561306429 3 0 0 
0 60 9.2 1 0.368489583333333 0.38671875 32.0275560076058 3 0 0 
1 70 8 1 0.428013392857143 0.49375 40.1862652372748 3 0 0 
0 70 9.2 1 0.377387152777778 0.47265625 43.5979541328218 3 0 0 
1 80 8 1 0.4609375 0.4953125 39.9102539935337 3 0 0 
0 80 9.2 1 0.435453869047619 0.46640625 38.2034760020385 3 0 0 
1 90 8 1 0.44234375 0.5078125 40.7870680663799 3 0 0 
0 90 9.2 1 0.384680706521739 0.44140625 41.0240809399491 3 0 0 
1 100 8 1 0.4193359375 0.521484375 32.0004581458879 3 -1 0 
0 100 9.2 2 0.392578125 0.4609375 49.6074257852249 3 1 0 
1 110 8 2 0.488653273809524 0.5029296875 28.3926089617584 3 0 0 
0 110 9.2 2 0.4404296875 0.4484375 43.6954484481956 3 0 0 
1 120 8 2 0.439453125 0.4625 46.4646398802566 3 0 0 
0 120 9.2 2 0.398947010869565 0.44296875 38.3915298503122 3 0 0 
1 130 8 2 0.4123046875 0.48203125 35.9408574497659 3 0 0 
0 130 9.2 2 0.385485197368421 0.45390625 38.5246402873715 3 0 0 
1 140 8 3 0.458519345238095 0.4921875 34.963952220422 3 0 0 
0 140 9.2 3 0.42734375 0.44140625 38.47617461832 3 0 0 
1 150 8 3 0.447048611111111 0.50859375 39.145165777458 3 0 0 
0 150 9.2 3 0.3703125 0.45 44.1171028977504 3 0 0 
1 160 8 3 0.417763157894737 0.478125 43.1578757913835 3 0 0 
0 160 9.2 3 0.376644736842105 0.44296875 45.2850280631683 3 0 0 
1 170 8 4 0.460123697916667 0.49921875 40.0268809928377 3 0 0 
0 170 9.2 4 0.438401442307692 0.4640625 42.8514342194142 3 0 0 
1 180 8 4 0.47021484375 0.478125 39.9113394493757 3 0 0 
0 180 9.2 4 0.38671875 0.45703125 33.1887062879209 3 0 0 
1 190 8 5 0.453869047619048 0.5078125 37.2547284171843 3 1 0 
0 190 9.2 4 0.390625 0.4423828125 52.3257897479134 3 -1 0 
1 200 8 5 0.484786184210526 0.46875 47.5523321356431 3 1 0 
0 200 9.2 4 0.436197916666667 0.329427083333333 59.8744663892389 3 -1 0 
1 210 8 6 0.467122395833333 0.49453125 40.6066058232227 3 2 0 
0 210 9.2 4 0.399088541666667 0.3486328125 51.9102992332243 3 -2 0 
1 220 8 6 0.4072265625 0.5359375 19.9221798464373 3 1 0 
0 220 9.2 5 0.386888586956522 0.33203125 33.6400459102659 3 -1 0 
1 230 8 6 0.459292763157895 0.534375 8.30354928007827 3 1 0 
0 230 9.2 5 0.414388020833333 0.345703125 32.9696745481111 3 -1 0 
1 240 8 6 0.450284090909091 0.5390625 5.21812552491279 3 1 0 
0 240 9.2 5 0.434742647058824 0.412109375 14.5820796143192 3 -1 0 
1 250 8 6 0.4306640625 0.51171875 7.20167113820264 3 1 0 
0 250 9.2 5 0.401041666666667 0.2890625 52.7375577743225 3 -1 0 
1 260 8 6 0.473795572916667 0.45703125 28.9401022511946 3 1 0 
0 260 9.2 5 0.423177083333333 0.275390625 28.5043856274784 3 -1 0 
1 270 8 7 0.447180706521739 0.39140625 37.6426335998358 3 1 0 
0 270 9.2 6 0.421735491071429 0.22421875 30.7380135219437 3 -1 0 
1 280 8 7 0.432976973684211 0.482421875 38.2108853885475 3 1 0 
0 280 9.2 6 0.41552734375 0.3046875 24.0260260971552 3 -1 0 
1 290 8 7 0.459201388888889 0.5359375 34.7339603949324 3 1 0 
0 290 9.2 6 0.4240234375 0.3578125 26.0817869581919 3 -1 0 
1 300 8 7 0.44994212962963 0.55078125 33.5030028865556 3 1 0 
0 300 9.2 6 0.399135044642857 0.4140625 24.1640425677231 3 -1 0 
1 310 8 8 0.437160326086957 0.51015625 39.5164996885596 3 2 0 
0 310 9.2 6 0.406575520833333 0.4033203125 28.8507224464922 3 -2 0 
1 320 8 8 0.487253289473684 0.4970703125 34.8924465958991 3 1 0 
0 320 9.2 7 0.459375 0.439453125 19.6524806927728 3 -1 0 
1 330 8 8 0.435546875 0.52734375 30.682067204756 3 1 0 
0 330 9.2 7 0.369318181818182 0.39140625 44.9918989559825 3 -1 0 
1 340 8 8 0.412388392857143 0.497395833333333 34.1575242529635 3 1 0 
0 340 9.2 7 0.3701171875 0.4328125 36.5616885489144 3 -1 0 
1 350 8 8 0.454375 0.36171875 42.4935418725327 3 1 0 
0 350 9.2 7 0.423046875 0.484375 7.44176375583578 3 -1 0 
1 360 8 8 0.440266927083333 0.43984375 18.4988035997014 3 1 0 
0 360 9.2 7 0.401100852272727 0.5125 6.67960451334462 3 -1 0 
1 370 8 8 0.443033854166667 0.496875 22.3970061946727 3 1 0 
0 370 9.2 7 0.400568181818182 0.48125 8.61878462645635 3 -1 0 
1 380 8 9 0.489925986842105 0.5234375 28.1708530517185 3 1 0 
0 380 9.2 8 0.46484375 0.48125 18.8205724167159 3 -1 0 
1 390 8 9 0.458806818181818 0.4912109375 18.1468793374578 3 1 0 
0 390 9.2 8 0.430989583333333 0.44140625 32.0637608249694 3 -1 0 
1 400 8 9 0.432779947916667 0.5107421875 26.494583949217 3 1 0 
0 400 9.2 8 0.3701171875 0.423828125 42.541853444226 3 -1 0 
1 410 8 9 0.471875 0.53515625 29.1270030829281 3 1 0 
0 410 9.2 8 0.412212171052632 0.44140625 37.3936954613911 3 -1 0 
1 420 8 9 0.4796875 0.45859375 34.5661593665235 3 1 0 
0 420 9.2 8 0.414899553571429 0.40859375 26.4019253626 3 -1 0 
1 430 8 9 0.422940340909091 0.28515625 0 3 0 0 
0 430 9.2 9 0.392153532608696 0.41484375 17.0201298275541 3 0 0 
1 440 8 10 0.462053571428571 NaN NaN 3 0 0 
0 440 9.2 10 0.408674568965517 0.4609375 9.50708787989003 3 0 0 
1 450 8 10 0.4732421875 0.19140625 8.68164403346062 3 0 0 
0 450 9.2 10 0.4548828125 0.51953125 12.8937429482282 3 0 0 
1 460 8 10 0.4013671875 0.2509765625 20.3046182472014 3 0 0 
0 460 9.2 10 0.439525462962963 0.42734375 6.60663013468784 3 0 0 
1 470 8 10 0.420572916666667 0.359375 19.3116991701699 3 0 0 
0 470 9.2 10 0.44390625 0.40703125 3.39563017177223 3 0 0 
1 480 8 10 0.472945601851852 0.4296875 25.5785033549223 3 0 0 
0 480 9.2 10 0.406400240384615 0.3546875 26.4449955596112 3 0 0 
1 490 8 10 0.431790865384615 0.46796875 21.6880686486382 3 0 0 
0 490 9.2 10 0.387770432692308 0.371875 31.0680186086513 3 0 0 
1 500 8 10 0.453515625 0.42890625 26.9277819149641 3 0 0 
0 500 9.2 10 0.422111742424242 0.4375 29.2127206439117 3 0 0 
1 510 8 11 0.42359375 0.48359375 30.8849917793247 3 0 0 
0 510 9.2 11 0.444463315217391 0.45390625 33.9574037320253 3 0 0 
1 520 8 11 0.403245192307692 0.4640625 23.7964590276582 3 0 0 
0 520 9.2 11 0.470170454545455 0.4875 37.0794081042523 3 0 0 
1 530 8 11 0.39453125 0.46796875 5.81176326704993 3 -1 0 
0 530 9.2 12 0.494140625 0.546875 49.28140293005 3 1 0 
1 540 8 11 0.385817307692308 0.4921875 7.93997226054272 3 -1 0 
0 540 9.2 12 0.52417652027027 0.55390625 48.1280138911484 3 1 0 
1 550 8 11 0.390625 0.5140625 11.2703505346688 3 -1 0 
0 550 9.2 12 0.550876524390244 0.5224609375 44.5967986892429 3 1 0 
1 560 8 11 0.39453125 0.578125 5.78672806358843 3 -1 0 
0 560 9.2 12 0.559546493902439 0.470052083333333 54.4631315414025 3 1 0 
1 570 8 12 0.39453125 0.5640625 7.79744129458646 3 0 0 
0 570 9.2 12 0.5517578125 0.453125 44.4600704059243 3 0 0 
1 580 8 12 0.359375 0.503125 22.6818535634931 3 -1 0 
0 580 9.2 13 0.561144770408163 0.3857421875 50.4802504096478 3 1 0 
1 590 8 12 0.376953125 0.4796875 32.680745976797 3 -1 0 
0 590 9.2 13 0.555281929347826 0.33203125 43.0935826003817 3 1 0 
1 600 8 13 0.340234375 0.48359375 33.6122179143754 3 0 0 
0 600 9.2 13 0.5716552734375 0.36328125 21.1393225671762 3 0 0 
1 610 8 13 0.471540178571429 0.42734375 19.2858346223639 3 0 0 
0 610 9.2 13 0.510850694444444 0.423177083333333 16.6706760107074 3 0 0 
1 620 8 13 0.471540178571429 0.43671875 27.4111247568418 3 0 0 
0 620 9.2 13 0.533717105263158 0.384765625 39.7096956130166 3 0 0 
1 630 8 13 0.388671875 0.4109375 32.5320140546166 3 0 0 
0 630 9.2 13 0.501212284482759 0.41796875 34.9996041200857 3 0 0 
1 640 8 13 0.39453125 0.37578125 29.7178794181686 3 0 0 
0 640 9.2 13 0.445452008928571 0.4421875 41.9696637879619 3 0 0 
1 650 8 13 0.423177083333333 0.3642578125 46.6668680059092 3 0 0 
0 650 9.2 13 0.48114224137931 0.3859375 18.8369046451049 3 0 0 
1 660 8 13 0.391225961538462 0.3662109375 44.0236721553645 3 0 0 
0 660 9.2 13 0.48681640625 0.43203125 18.121234804086 3 0 0 
1 670 8 13 0.396484375 0.376953125 20.3879283564208 3 -1 0 
0 670 9.2 14 0.447963169642857 0.48125 15.8448682105331 3 1 0 
1 680 8 14 0.407769097222222 0.442708333333333 5.04667046464794 3 0 0 
0 680 9.2 14 0.49453125 0.53203125 9.68136317588818 3 0 0 
1 690 8 14 0.387369791666667 0.3740234375 26.6218729685733 3 0 0 
0 690 9.2 14 0.477864583333333 0.50625 8.2131749837964 3 0 0 
1 700 8 14 0.408854166666667 0.4052734375 9.53704096914057 3 0 0 
0 700 9.2 14 0.4303125 0.48203125 5.87640793868684 3 0 0 
1 710 8 14 0.442925347222222 0.40078125 27.3954426763194 3 0 0 
0 710 9.2 14 0.468394886363636 0.465625 7.22131173898405 3 0 0 
1 720 8 14 0.431216032608696 0.4091796875 21.0997208749504 3 0 0 
0 720 9.2 14 0.465262276785714 0.51328125 7.10245217339668 3 0 0 
1 730 8 14 0.438368055555556 0.44921875 7.5946699958378 3 -1 0 
0 730 9.2 15 0.472252155172414 0.546875 7.2305895630158 3 1 0 
1 740 8 14 0.486979166666667 0.442708333333333 17.515795668866 3 -1 0 
0 740 9.2 15 0.568209134615385 0.56796875 8.56857314015762 3 1 0 
1 750 8 14 0.452008928571429 0.314453125 35.8503835404867 3 -1 0 
0 750 9.2 15 0.48876953125 0.5671875 8.46962280588077 3 1 0 
1 760 8 14 0.399832589285714 0.173828125 4.03112887414927 3 -1 0 
0 760 9.2 15 0.455584490740741 0.54765625 7.82205362745464 3 1 0 
1 770 8 14 0.465234375 0.244791666666667 10.099431032031 3 -1 0 
0 770 9.2 15 0.50625 0.4546875 19.7516973843167 3 1 0 
1 780 8 15 0.41015625 0.373697916666667 19.1533006334657 3 -1 0 
0 780 9.2 16 0.470052083333333 0.44609375 25.6448897134926 3 1 0 
1 790 8 15 0.400390625 0.3466796875 34.1910594423505 3 -1 0 
0 790 9.2 16 0.409307065217391 0.46796875 36.3569002508045 3 1 0 
1 800 8 15 0.411931818181818 0.36640625 30.9525001371496 3 -1 0 
0 800 9.2 16 0.454833984375 0.46640625 9.50431068096455 3 1 0 
1 810 8 15 0.447985197368421 0.44375 22.4199247764737 3 -1 0 
0 810 9.2 16 0.457710597826087 0.46875 7.12912555974799 3 1 0 
1 820 8 15 0.431285511363636 0.459375 15.0766154079435 3 -1 0 
0 820 9.2 16 0.393229166666667 0.44765625 6.34982227545476 3 1 0 
1 830 8 15 0.449573863636364 0.39375 19.3248602420801 3 -1 0 
0 830 9.2 16 0.434283088235294 0.40234375 20.0145797474062 3 1 0 
1 840 8 15 0.441228693181818 0.43203125 32.2238154305455 3 -1 0 
0 840 9.2 16 0.4705078125 0.4296875 5.6797924733244 3 1 0 
1 850 8 15 0.413876488095238 0.4052734375 21.5640199854801 3 -1 0 
0 850 9.2 16 0.405381944444444 0.44296875 5.61590885133819 3 1 0 
1 860 8 16 0.4513671875 0.467447916666667 6.04138382681006 3 0 0 
0 860 9.2 16 0.43701171875 0.513671875 6.10327780786685 3 0 0 
1 870 8 16 0.420166015625 0.466145833333333 3.19013661877971 3 0 0 
0 870 9.2 16 0.457950367647059 0.474609375 5.70087712549569 3 0 0 
1 880 8 16 0.399553571428571 0.53125 1.4142135623731 3 -1 0 
0 880 9.2 17 0.439453125 0.423828125 2.91547594742265 3 1 0 
1 890 8 16 0.443824404761905 0.390625 46.780877471323 3 -1 0 
0 890 9.2 17 0.4859375 0.275390625 48.1274350033326 3 1 0 
1 900 8 16 0.437065972222222 0.486979166666667 13.494331303771 3 -1 0 
0 900 9.2 17 0.482421875 0.34375 43.1653796461933 3 1 0 
1 910 8 16 0.420247395833333 0.390625 32.1912059591393 3 -1 0 
0 910 9.2 17 0.44140625 0.2578125 37.3680315389525 3 1 0 
1 920 8 16 0.44242527173913 0.3921875 26.2135126873368 3 -1 0 
0 920 9.2 17 0.493130387931034 0.3984375 26.0592288342783 3 1 0 
1 930 8 17 0.443824404761905 0.4013671875 29.1476087345052 3 0 0 
0 930 9.2 17 0.4967041015625 0.4423828125 8.85919203619197 3 0 0 
1 940 8 17 0.44390625 0.41015625 8.60296029425878 3 0 0 
0 940 9.2 17 0.479640151515151 0.529296875 3.07648292625886 3 0 0 
1 950 8 17 0.457165948275862 0.3671875 9.63187677376889 3 0 0 
0 950 9.2 17 0.541078629032258 0.5966796875 5.76262121971175 3 0 0 
1 960 8 17 0.458065257352941 0.354166666666667 10.275363747351 3 0 0 
0 960 9.2 17 0.548765120967742 0.5888671875 4.44653031682549 3 0 0 
1 970 8 17 0.533365885416667 0.294921875 24.3019410174929 3 0 0 
0 970 9.2 17 0.451388888888889 0.544921875 7.90519633938224 3 0 0 
1 980 8 17 0.5484375 0.3515625 27.7455864136667 3 0 0 
0 980 9.2 17 0.5071875 0.47734375 40.3649338829971 3 0 0 
1 990 8 17 0.449388586956522 0.33515625 38.895077826258 3 0 0 
0 990 9.2 17 0.497514204545455 0.5107421875 30.4952531684495 3 0 0 
1 1000 8 18 0.41 0.3375 35.1344560105927 3 0 0 
0 1000 9.2 18 0.432516163793103 0.4423828125 15.0961928143648 3 0 0 
1 1010 8 18 0.409505208333333 0.346875 30.679168220976 3 0 0 
0 1010 9.2 18 0.423665364583333 0.446614583333333 18.840627328452 3 0 0 
1 1020 8 18 0.405539772727273 0.325 28.2739039111063 3 0 0 
0 1020 9.2 18 0.456119791666667 0.51171875 9.02971036396644 3 0 0 
1 1030 8 18 0.39453125 0.31796875 23.9667389522765 3 0 0 
0 1030 9.2 18 0.4609375 0.5078125 14.5304161710175 3 0 0 
1 1040 8 18 0.399338942307692 0.38984375 8.42493935176667 3 0 0 
0 1040 9.2 18 0.5411376953125 0.4755859375 50.5819582874526 3 0 0 
1 1050 8 19 0.333233173076923 0.4609375 6.99230902360646 2 1 -1 
0 1050 9.2 18 0.55244140625 0.46875 60.9200295469397 3 -1 1 
1 1060 8 19 0.296875 0.3921875 24.0526939807492 2 1 -1 
0 1060 9.2 18 0.528794642857143 0.5390625 41.0761487970817 3 -1 1 
1 1070 8 19 0.3212890625 0.33125 28.647155865635 2 0 -1 
0 1070 9.2 19 0.595243566176471 0.486328125 3.90512483795333 3 0 1 
1 1080 8 19 0.357204861111111 0.2953125 12.3420486528961 2 0 -1 
0 1080 9.2 19 0.565848214285714 0.380859375 15.0083310198036 3 0 1 
1 1090 8 19 NaN 0.303125 19.6873873762072 2 0 -1 
0 1090 9.2 19 0.522101151315789 0.29296875 0.5 3 0 1 
1 1100 8 20 NaN 0.34140625 23.7157680803174 2 1 -1 
0 1100 9.2 19 0.488671875 0.2171875 28.4870692122064 3 -1 1 
1 1110 8 20 0.328404017857143 0.36484375 24.6592593803499 2 1 -1 
0 1110 9.2 19 0.530133928571429 0.27109375 25.0836884971388 3 -1 1 
1 1120 8 20 0.388541666666667 0.396875 24.7509305569216 2 1 -1 
0 1120 9.2 19 0.491613051470588 0.32578125 10.4087879947201 3 -1 1 
1 1130 8 20 0.409040178571429 0.471875 25.1141575503457 2 1 -1 
0 1130 9.2 19 0.555700231481482 0.41171875 15.2507446333815 3 -1 1 
1 1140 8 20 0.345572916666667 0.520833333333333 4.185195220778 2 0 -1 
0 1140 9.2 20 0.532866379310345 0.45703125 11.5162514631596 3 0 1 
1 1150 8 20 0.404079861111111 0.497395833333333 4.366539281363 2 0 -1 
0 1150 9.2 20 0.466796875 0.479166666666667 4.42371821573681 3 0 1 
1 1160 8 20 0.404079861111111 0.529947916666667 7.82641477687029 2 0 -1 
0 1160 9.2 20 0.502717391304348 0.447916666666667 17.6678282697876 3 0 1 
1 1170 8 20 0.417738970588235 0.5234375 28.8444102037119 2 0 -1 
0 1170 9.2 20 0.487771739130435 0.37109375 8.44204909755551 3 0 1 
1 1180 8 20 0.444878472222222 0.3828125 0 2 0 -1 
0 1180 9.2 20 0.397248641304348 0.3046875 18.2482875908947 3 0 1 
1 1190 8 20 0.464599609375 0.41015625 0 2 0 -1 
0 1190 9.2 20 0.479549632352941 0.310546875 8.5146931829632 3 0 1 
1 1200 8 21 0.445667613636364 0.248046875 10.5118980208143 2 1 -1 
0 1200 9.2 20 0.528586647727273 0.30078125 36.7661326463527 3 -1 1 
1 1210 8 21 0.400669642857143 0.204427083333333 12.0261935203744 2 1 -1 
0 1210 9.2 20 0.402549342105263 0.2919921875 46.8661269320175 3 -1 1 
1 1220 8 21 0.400948660714286 0.311197916666667 4.07693583340177 2 1 -1 
0 1220 9.2 20 0.419921875 0.404296875 12.7036521483791 3 -1 1 
1 1230 8 21 0.415364583333333 0.369791666666667 25.8237266718337 2 1 -1 
0 1230 9.2 20 0.466145833333333 0.412109375 4.14057062614032 3 -1 1 
1 1240 8 21 0.460720486111111 0.373046875 41.5470694757045 2 1 -1 
0 1240 9.2 20 0.447332974137931 0.33203125 26.2668296105928 3 -1 1 
1 1250 8 21 0.473828125 0.4265625 39.2514777838146 2 1 -1 
0 1250 9.2 20 0.5087890625 0.3564453125 27.4490641455638 3 -1 1 
1 1260 8 21 0.459490740740741 0.46484375 24.5134239893071 2 1 -1 
0 1260 9.2 20 0.438671875 0.4326171875 13.2867135205409 3 -1 1 
1 1270 8 21 0.493607954545455 0.447916666666667 4.3174673722814 2 0 -1 
0 1270 9.2 21 0.361505681818182 0.498046875 10.1242283656583 3 0 1 
1 1280 8 21 0.515625 0.48046875 6.5 2 0 -1 
0 1280 9.2 21 0.509765625 0.453125 0 3 0 1 
1 1290 8 22 0.54765625 0.50390625 8.38152730712011 2 1 -1 
0 1290 9.2 21 0.454927884615385 0.359375 0 3 -1 1 
1 1300 8 22 0.523828125 0.341796875 11.71537451386 2 1 -1 
0 1300 9.2 21 0.359375 0.33203125 0 3 -1 1 
1 1310 8 22 0.567545572916667 0.20703125 3.04138126514911 1 1 -2 
0 1310 9.2 21 0.359375 0.25 29.567718883945 3 -1 2 
1 1320 8 22 0.548076923076923 0.236328125 4.74341649025257 1 1 -2 
0 1320 9.2 21 0.26015625 0.263671875 20.3592730715023 3 -1 2 
1 1330 8 22 0.466346153846154 0.2646484375 28.4408793294077 1 1 -2 
0 1330 9.2 21 0.33984375 0.2578125 25.3062714094736 3 -1 2 
1 1340 8 22 0.50390625 0.29375 27.9513768172692 1 1 -2 
0 1340 9.2 21 0.34375 0.209375 24.1388420860233 3 -1 2 
1 1350 8 22 0.5 0.36953125 22.0134834728422 1 0 -2 
0 1350 9.2 22 0.377864583333333 0.28515625 9.44883579741324 3 0 2 
1 1360 8 22 0.46382472826087 0.4265625 7.97138145973043 1 0 -2 
0 1360 9.2 22 0.405799278846154 0.37265625 13.0446440594427 3 0 2 
1 1370 8 22 0.487748579545455 0.421875 5.18542073729511 1 0 -2 
0 1370 9.2 22 0.402762276785714 0.521484375 8.74642784226795 3 0 2 
1 1380 8 22 0.488095238095238 0.4859375 5.98952866830683 1 0 -2 
0 1380 9.2 22 0.401455965909091 0.4375 0 3 0 2 
1 1390 8 23 0.457710597826087 0.57734375 13.6828736731006 1 1 -2 
0 1390 9.2 22 0.434244791666667 0.2421875 0 3 -1 2 
1 1400 8 23 0.522372159090909 0.7234375 14.936977988468 1 1 -2 
0 1400 9.2 22 0.393152573529412 0.203125 0 3 -1 2 
1 1410 8 23 0.4921875 0.7828125 11.4890281618051 1 1 -2 
0 1410 9.2 22 0.450420673076923 0.16796875 0 3 -1 2 
1 1420 8 23 0.52578125 0.80390625 11.4412196482888 1 1 -1 
0 1420 9.2 22 0.6162109375 0.1640625 0 2 -1 1 
1 1430 8 23 0.65625 0.8234375 7.89926440778138 1 1 -1 
0 1430 9.2 22 0.569444444444444 0.1171875 9.07924455976714 2 -1 1 
1 1440 8 23 0.58544921875 0.81640625 5.69165971089903 1 1 -1 
0 1440 9.2 22 0.343149038461538 0.13671875 4.64384204670456 2 -1 1 
