1 30 9.8 1 NaN 0.2744140625 19.7378682308978 3 0 0 
0 30 7.4 1 NaN 0.2890625 24.0498271196942 3 0 0 
1 40 9.8 1 NaN 0.30078125 20.9423894107825 3 0 0 
0 40 7.4 1 NaN 0.3037109375 26.954449463904 3 0 0 
1 50 9.8 1 0.36328125 0.35703125 22.2499398845915 3 0 0 
0 50 7.4 1 0.39453125 0.3525390625 31.1547084775299 3 0 0 
1 60 9.8 1 0.36328125 0.443359375 24.7607664732386 3 0 0 
0 60 7.4 1 0.39453125 0.505859375 35.845244055468 3 0 0 
1 70 9.8 1 0.36328125 0.4234375 30.7372174882947 3 0 0 
0 70 7.4 1 0.401041666666667 0.5109375 32.1079550987973 3 0 0 
1 80 9.8 1 0.462713068181818 0.4345703125 21.7744952588061 3 0 0 
0 80 7.4 1 0.4875 0.50546875 30.2663833119551 3 0 0 
1 90 9.8 1 0.404427083333333 0.43203125 39.0620679967129 3 0 0 
0 90 7.4 1 0.400035511363636 0.494140625 25.5430528916102 3 0 0 
1 100 9.8 2 0.379278273809524 0.440625 37.4307481736711 3 1 0 
0 100 7.4 1 0.4064453125 0.5 20.8987536511855 3 -1 0 
1 110 9.8 2 0.4671875 0.4384765625 24.7937273459849 3 0 0 
0 110 7.4 2 0.488692434210526 0.4390625 47.5772765079063 3 0 0 
1 120 9.8 2 0.398577008928571 0.43125 37.2321777543583 3 0 0 
0 120 7.4 2 0.423611111111111 0.46875 46.6250305352548 3 0 0 
1 130 9.8 2 0.388494318181818 0.4599609375 35.1290468865437 3 0 0 
0 130 7.4 2 0.3994140625 0.4814453125 37.0020881325879 3 0 0 
1 140 9.8 2 0.4541015625 0.4345703125 23.6839814176452 3 -1 0 
0 140 7.4 3 0.498883928571429 0.4109375 45.0976616981271 3 1 0 
1 150 9.8 3 0.395543981481481 0.4234375 31.5900412416271 3 0 0 
0 150 7.4 3 0.39453125 0.45625 29.7752644713385 3 0 0 
1 160 9.8 3 0.411313657407407 0.43671875 30.3780531913571 3 0 0 
0 160 7.4 3 0.40078125 0.51640625 26.8017985485285 3 0 0 
1 170 9.8 3 0.462439903846154 0.3916015625 25.4017064386948 3 -1 0 
0 170 7.4 4 0.491629464285714 0.51875 27.6281410715062 3 1 0 
1 180 9.8 3 0.401088169642857 0.396484375 29.7457303609911 3 -1 0 
0 180 7.4 4 0.421735491071429 0.50703125 30.8680795068742 3 1 0 
1 190 9.8 4 0.369449013157895 0.357421875 41.1575891061723 3 0 0 
0 190 7.4 4 0.4001953125 0.49375 26.4983485510996 3 0 0 
1 200 9.8 4 0.4658203125 0.43984375 23.7394643302616 3 0 0 
0 200 7.4 4 0.494673295454545 0.532552083333333 5.87096531806327 3 0 0 
1 210 9.8 4 0.377604166666667 0.46875 17.5666150520262 3 0 0 
0 210 7.4 4 0.415 0.4404296875 38.8410228666086 3 0 0 
1 220 9.8 4 0.391134510869565 0.47734375 13.7505919091969 3 -1 0 
0 220 7.4 5 0.407552083333333 0.3734375 41.5476716794547 3 1 0 
1 230 9.8 5 0.458478009259259 0.4794921875 17.394210614937 3 0 0 
0 230 7.4 5 0.500355113636364 0.415625 20.9292124309838 3 0 0 
1 240 9.8 5 0.417738970588235 0.4873046875 17.6639845461529 3 0 0 
0 240 7.4 5 0.39453125 0.42578125 27.4888253260468 3 0 0 
1 250 9.8 5 0.40718005952381 0.3564453125 32.0075486983267 3 0 0 
0 250 7.4 5 0.39453125 0.52734375 29.6507287924087 3 0 0 
1 260 9.8 5 0.440972222222222 0.3359375 40.0760982577021 3 -1 0 
0 260 7.4 6 0.476392663043478 0.4546875 51.5380531746395 3 1 0 
1 270 9.8 5 0.3880859375 0.3234375 34.9232564293394 3 -1 0 
0 270 7.4 6 0.459542410714286 0.5 31.0551718625581 3 1 0 
1 280 9.8 5 0.378689236111111 0.37109375 32.6837246222843 3 -1 0 
0 280 7.4 6 0.458333333333333 0.5140625 21.3100803960108 3 1 0 
1 290 9.8 6 0.410319010416667 0.39765625 24.5302094356292 3 -1 0 
0 290 7.4 7 0.481770833333333 0.53046875 19.5524623409284 3 1 0 
1 300 9.8 6 0.37578125 0.3955078125 10.9948927803188 3 -1 0 
0 300 7.4 7 0.461476293103448 0.5380859375 19.9446092840738 3 1 0 
1 310 9.8 6 0.36328125 0.4140625 17.5005515364822 3 -1 0 
0 310 7.4 7 0.431818181818182 0.5537109375 21.6644196778368 3 1 0 
1 320 9.8 6 0.415771484375 0.43359375 20.4557960779684 3 -1 0 
0 320 7.4 7 0.4890625 0.5009765625 26.5233159363259 3 1 0 
1 330 9.8 7 0.395263671875 0.3921875 29.4957138088607 3 0 0 
0 330 7.4 7 0.430588942307692 0.44375 39.5593228767797 3 0 0 
1 340 9.8 7 0.383322010869565 0.4203125 34.9527494255573 3 -1 0 
0 340 7.4 8 0.41015625 0.509375 36.0388056574948 3 1 0 
1 350 9.8 7 0.454296875 0.46171875 33.7463599191105 3 -1 0 
0 350 7.4 8 0.483258928571429 0.5390625 36.4695872695193 3 1 0 
1 360 9.8 7 0.38546875 0.4423828125 34.2114463600466 3 -1 0 
0 360 7.4 8 0.416377314814815 0.54765625 41.2719180068234 3 1 0 
1 370 9.8 7 0.3720703125 0.48828125 40.1033274539621 3 -2 0 
0 370 7.4 9 0.417436079545455 0.5640625 40.764545212773 3 2 0 
1 380 9.8 7 0.435763888888889 0.3447265625 55.6908670665063 3 -2 0 
0 380 7.4 9 0.47375 0.57734375 42.3057116601922 3 2 0 
1 390 9.8 8 0.37875 0.2939453125 42.6126115613733 3 -1 0 
0 390 7.4 9 0.475260416666667 0.50859375 50.1594106953674 3 1 0 
1 400 9.8 8 0.399796195652174 0.3603515625 42.3715349442637 3 -1 0 
0 400 7.4 9 0.4453125 0.4625 49.1358909050435 3 1 0 
1 410 9.8 8 0.456659226190476 0.3359375 41.1993628955805 3 -2 0 
0 410 7.4 10 0.474934895833333 0.44375 47.1718224982201 3 2 0 
1 420 9.8 8 0.417258522727273 0.41328125 34.1351272004957 3 -2 0 
0 420 7.4 10 0.424183238636364 0.4390625 34.3529688079491 3 2 0 
1 430 9.8 9 0.3697265625 0.451171875 25.380172075913 3 -1 0 
0 430 7.4 10 0.409801136363636 0.4853515625 29.3614227810084 3 1 0 
1 440 9.8 9 0.416548295454545 0.37734375 44.7239197341308 3 -1 0 
0 440 7.4 10 0.481496710526316 0.490234375 39.134134553065 3 1 0 
1 450 9.8 9 0.400841346153846 0.3818359375 32.3537086904481 3 -2 0 
0 450 7.4 11 0.445612980769231 0.513671875 10.9147288732062 3 2 0 
1 460 9.8 9 0.400240384615385 0.3671875 33.2971917620681 3 -2 0 
0 460 7.4 11 0.415251358695652 0.53203125 33.8247422067966 3 2 0 
1 470 9.8 9 0.432942708333333 0.4609375 20.7436019843453 3 -2 0 
0 470 7.4 11 0.4590625 0.48203125 21.1752304652788 3 2 0 
1 480 9.8 10 0.403286637931034 0.41796875 33.9799394802396 3 -1 0 
0 480 7.4 11 0.438179347826087 0.50703125 26.5541610136149 3 1 0 
1 490 9.8 10 0.436921296296296 0.4328125 33.141268688082 3 -1 0 
0 490 7.4 11 0.404947916666667 0.48203125 27.5878054044085 3 1 0 
1 500 9.8 10 0.474748883928571 0.460286458333333 27.7006737531446 3 -1 0 
0 500 7.4 11 0.469050480769231 0.4546875 16.3331642671078 3 1 0 
1 510 9.8 11 0.408203125 0.4873046875 10.7124497939439 3 0 0 
0 510 7.4 11 0.43359375 0.412109375 9.32949417465939 3 0 0 
1 520 9.8 11 0.4140625 0.4814453125 43.5164014462617 3 0 0 
0 520 7.4 11 0.398654513888889 0.419921875 18.3013985225094 3 0 0 
1 530 9.8 11 0.488978794642857 0.5146484375 49.1458449315679 3 0 0 
0 530 7.4 11 0.489583333333333 0.419921875 12.7864477364326 3 0 0 
1 540 9.8 11 0.4759521484375 0.4345703125 49.6479691825452 3 -1 0 
0 540 7.4 12 0.4142578125 0.40625 24.9665043511554 3 1 0 
1 550 9.8 11 0.390787760416667 0.4296875 1.4142135623731 3 -1 0 
0 550 7.4 12 0.39453125 0.45078125 21.8794110783961 3 1 0 
1 560 9.8 12 0.426809210526316 0.255208333333333 33.3947118137902 3 0 0 
0 560 7.4 12 0.45796875 0.38515625 31.3547489186217 3 0 0 
1 570 9.8 12 0.429296875 0.326822916666667 17.7947297462589 3 0 0 
0 570 7.4 12 0.443509615384615 0.43984375 26.7455062384735 3 0 0 
1 580 9.8 12 0.40359375 0.3291015625 23.5055230489442 3 0 0 
0 580 7.4 12 0.4580078125 0.4609375 25.3039031097481 3 0 0 
1 590 9.8 12 0.439236111111111 0.325520833333333 32.4128196712397 3 -1 0 
0 590 7.4 13 0.482421875 0.4625 33.321831049605 3 1 0 
1 600 9.8 13 0.3818359375 0.404947916666667 18.7165736533286 3 0 0 
0 600 7.4 13 0.427220394736842 0.513020833333333 20.1868341618198 3 0 0 
1 610 9.8 13 0.367804276315789 0.36328125 10 3 0 0 
0 610 7.4 13 0.444155092592593 0.537109375 19.0394327646598 3 0 0 
1 620 9.8 13 0.424592391304348 0.3671875 37.696930470491 3 0 0 
0 620 7.4 13 0.4915625 0.53125 0 3 0 0 
1 630 9.8 13 0.381184895833333 0.3115234375 35.6817389949582 3 0 0 
0 630 7.4 13 0.467447916666667 0.338541666666667 32.1751700721826 3 0 0 
1 640 9.8 13 0.386284722222222 0.388671875 31.0593974054027 3 0 0 
0 640 7.4 13 0.414225260416667 0.3251953125 28.1855334370656 3 0 0 
1 650 9.8 14 0.432477678571429 0.353125 37.9232460762538 3 1 0 
0 650 7.4 13 0.463216145833333 0.41171875 47.9899002597706 3 -1 0 
1 660 9.8 14 0.405877976190476 0.3603515625 26.6832396974234 3 0 0 
0 660 7.4 14 0.456752232142857 0.49296875 38.2268802370943 3 0 0 
1 670 9.8 14 0.418569711538462 0.435546875 37.8133858903204 3 0 0 
0 670 7.4 14 0.419577205882353 0.5224609375 28.3397140387326 3 0 0 
1 680 9.8 15 0.457720588235294 0.4755859375 21.5471545301038 3 1 0 
0 680 7.4 14 0.44384765625 0.46484375 9.33333333333333 3 -1 0 
1 690 9.8 15 0.473839962121212 0.5166015625 23.2151511888929 3 1 0 
0 690 7.4 14 0.40234375 0.446614583333333 14.1820718028414 3 -1 0 
1 700 9.8 15 0.415364583333333 0.4453125 43.9189516585126 3 1 0 
0 700 7.4 14 0.414268092105263 NaN NaN 3 -1 0 
1 710 9.8 16 0.464164402173913 0.49453125 23.0817472779555 3 2 0 
0 710 7.4 14 0.430078125 0.17578125 7.82623792124926 3 -2 0 
1 720 9.8 16 0.473928052325581 0.50625 31.5981682547978 3 2 0 
0 720 7.4 14 0.406575520833333 0.267578125 25.9470614906582 3 -2 0 
1 730 9.8 16 0.479779411764706 0.47109375 37.0633250961749 3 2 0 
0 730 7.4 14 0.40625 0.264322916666667 42.4603266620538 3 -2 0 
1 740 9.8 16 0.577678571428571 0.44921875 25.7238170047254 3 1 0 
0 740 7.4 15 0.43359375 0.197916666666667 13.5317367355618 3 -1 0 
1 750 9.8 16 0.520958533653846 0.39296875 41.4885782321618 3 1 0 
0 750 7.4 15 0.345238095238095 0.337239583333333 9.41669421748165 3 -1 0 
1 760 9.8 17 0.494754464285714 0.4453125 26.6220408452088 3 2 0 
0 760 7.4 15 0.376736111111111 0.365885416666667 12.9632542974233 3 -2 0 
1 770 9.8 17 0.52484375 0.49609375 32.1236750129554 3 2 0 
0 770 7.4 15 0.4228515625 0.353515625 36.4177059015167 3 -2 0 
1 780 9.8 17 0.46977306547619 0.51953125 26.4814999563042 3 2 0 
0 780 7.4 15 0.317057291666667 0.33203125 20.8336118128509 3 -2 0 
1 790 9.8 17 0.451009114583333 0.546875 27.5863997475032 3 2 0 
0 790 7.4 15 0.373046875 0.3388671875 5.53007562914198 3 -2 0 
1 800 9.8 18 0.607421875 0.43359375 42.3978884145343 3 3 0 
0 800 7.4 15 0.373046875 0.37109375 4.5249087784377 3 -3 0 
1 810 9.8 18 0.49437881097561 0.470052083333333 15.4356606215174 3 2 0 
0 810 7.4 16 0.309895833333333 0.46484375 4.91405125474342 3 -2 0 
1 820 9.8 18 0.456492456896552 0.4052734375 36.7013233203498 3 2 0 
0 820 7.4 16 0.362165178571429 0.5361328125 4.46864457930309 3 -2 0 
1 830 9.8 18 0.575846354166667 0.3818359375 44.2469935891765 3 2 0 
0 830 7.4 16 0.371875 0.42265625 23.917963992353 3 -2 0 
1 840 9.8 18 0.470128676470588 0.450520833333333 23.5250633699697 3 2 0 
0 840 7.4 16 0.367542613636364 0.34609375 19.4707699594323 3 -2 0 
1 850 9.8 18 0.503173828125 0.454427083333333 24.0430388633958 3 2 0 
0 850 7.4 16 0.3818359375 0.290625 11.3674096493595 3 -2 0 
1 860 9.8 18 0.525251116071429 0.397135416666667 23.1147472379801 3 2 0 
0 860 7.4 16 0.4296875 0.34453125 25.1027492294238 3 -2 0 
1 870 9.8 19 0.495903201219512 0.3203125 26.5150026819721 3 3 0 
0 870 7.4 16 0.3400390625 0.4033203125 17.5529352516567 3 -3 0 
1 880 9.8 19 0.493489583333333 0.3388671875 33.341937243188 3 3 0 
0 880 7.4 16 0.39453125 0.5 20.5288074653663 3 -3 0 
1 890 9.8 19 0.566127232142857 0.4794921875 28.306374493364 3 3 0 
0 890 7.4 16 NaN 0.4130859375 36.4389350917789 3 -3 0 
1 900 9.8 19 0.5048828125 0.6078125 14.7085410266877 3 3 1 
0 900 7.4 16 0.310014204545455 0.3525390625 24.5979356513355 2 -3 -1 
1 910 9.8 19 0.5423583984375 0.65078125 7.97950063261913 3 2 1 
0 910 7.4 17 NaN 0.29296875 16.3830070169976 2 -2 -1 
1 920 9.8 20 0.619866071428571 0.57421875 61.6259099269471 3 3 1 
0 920 7.4 17 NaN 0.2626953125 11.691726489638 2 -3 -1 
1 930 9.8 20 0.502297794117647 0.595703125 34.9700294057381 3 3 1 
0 930 7.4 17 0.276442307692308 0.294270833333333 11.8480208583138 2 -3 -1 
1 940 9.8 20 0.510986328125 0.490234375 31.5039680040467 3 2 1 
0 940 7.4 18 0.344401041666667 0.35546875 3.16227766016838 2 -2 -1 
1 950 9.8 20 0.554457720588235 0.40625 18.5270073136489 3 2 2 
0 950 7.4 18 0.35693359375 0.40625 18.1107702762748 1 -2 -2 
1 960 9.8 20 0.504632994186046 0.5078125 22.6715680975093 3 2 2 
0 960 7.4 18 0.368215460526316 0.365234375 28.7271648444464 1 -2 -2 
1 970 9.8 20 0.528459821428571 0.572265625 21.2249852767911 3 2 2 
0 970 7.4 18 0.44375 0.29296875 29.6434315974053 1 -2 -2 
1 980 9.8 20 0.591452205882353 0.541015625 10.7935165724615 3 2 2 
0 980 7.4 18 0.45703125 0.251953125 15.3705899991149 1 -2 -2 
1 990 9.8 20 0.528070494186046 0.4140625 52.0970464386898 3 2 2 
0 990 7.4 18 0.301682692307692 0.21953125 16.3488120862533 1 -2 -2 
1 1000 9.8 21 0.555338541666667 0.376953125 54.2626281748915 3 3 2 
0 1000 7.4 18 0.29296875 0.25 12.1719536501186 1 -3 -2 
1 1010 9.8 21 0.591331845238095 0.4384765625 47.9018388821255 3 3 2 
0 1010 7.4 18 0.291015625 0.22265625 20.2820643385592 1 -3 -2 
1 1020 9.8 21 0.511303191489362 0.4921875 31.0781980949903 3 2 2 
0 1020 7.4 19 0.286358173076923 0.30390625 18.1726214663958 1 -2 -2 
1 1030 9.8 21 0.546030405405405 0.506510416666667 24.0383857124576 3 2 2 
0 1030 7.4 19 NaN 0.39921875 17.3993532632432 1 -2 -2 
1 1040 9.8 21 0.60908203125 0.484375 9.21954445729289 3 2 2 
0 1040 7.4 19 NaN 0.48671875 5.43353895864151 1 -2 -2 
1 1050 9.8 21 0.554253472222222 0.505208333333333 35.5969999617439 3 2 2 
0 1050 7.4 19 0.244140625 0.515625 13.0123309251504 1 -2 -2 
1 1060 9.8 21 0.5078125 0.4140625 1.11803398874989 3 2 2 
0 1060 7.4 19 NaN 0.56796875 28.90099085212 1 -2 -2 
1 1070 9.8 21 0.606387867647059 0.36328125 7.21110255092798 3 2 2 
0 1070 7.4 19 NaN 0.56171875 33.365689898274 1 -2 -2 
1 1080 9.8 21 0.494855182926829 0.32421875 13.4164078649987 3 1 2 
0 1080 7.4 20 0.254807692307692 0.51015625 39.4399059961455 1 -1 -2 
1 1090 9.8 21 0.546724759615385 0.294921875 36.5136960605195 3 1 2 
0 1090 7.4 20 0.3037109375 0.4671875 49.0884118156281 1 -1 -2 
1 1100 9.8 21 0.654447115384615 0.25390625 33.082128116503 3 1 2 
0 1100 7.4 20 0.3037109375 0.46484375 40.7676076829697 1 -1 -2 
1 1110 9.8 21 0.453755040322581 0.3984375 22.4580796940106 3 1 2 
0 1110 7.4 20 0.306640625 0.49453125 34.5679371944286 1 -1 -2 
1 1120 9.8 21 0.523267663043478 0.466796875 29.0331724586507 3 1 2 
0 1120 7.4 20 NaN 0.5234375 29.0348146473829 1 -1 -2 
1 1130 9.8 22 0.572395833333333 0.522135416666667 44.4103107872845 3 2 3 
0 1130 7.4 20 0.39453125 0.5125 27.8720065119781 0 -2 -3 
1 1140 9.8 22 0.4599609375 0.560546875 60.5020660804241 3 1 3 
0 1140 7.4 21 0.438616071428571 0.56328125 34.4188006384447 0 -1 -3 
1 1150 9.8 22 0.537326388888889 0.53515625 67.0298440994756 3 1 3 
0 1150 7.4 21 0.53125 0.5484375 36.5397355584015 0 -1 -3 
1 1160 9.8 22 0.597222222222222 0.5625 63.0178546128 3 1 3 
0 1160 7.4 21 0.63671875 0.48671875 40.1340750040435 0 -1 -3 
1 1170 9.8 22 0.498883928571429 NaN NaN 3 1 3 
0 1170 7.4 21 0.348876953125 0.3546875 56.02181718098 0 -1 -3 
1 1180 9.8 22 NaN NaN NaN 3 1 3 
0 1180 7.4 21 NaN NaN NaN 0 -1 -3 
