1 30 7.2 1 NaN 0.22734375 1.77151781216324 3 0 0 
0 30 7 1 NaN 0.25234375 27.6774436425715 3 0 0 
1 40 7.2 1 NaN 0.29921875 22.5485344063508 3 0 0 
0 40 7 1 NaN 0.25 27.3423557255969 3 0 0 
1 50 7.2 1 0.39453125 0.36796875 38.8360070312001 3 0 0 
0 50 7 1 0.36328125 0.34609375 40.5142948157308 3 0 0 
1 60 7.2 1 0.39453125 0.484375 47.3196550898204 3 0 0 
0 60 7 1 0.36328125 0.44140625 45.380307484796 3 0 0 
1 70 7.2 1 0.417782738095238 0.48671875 45.8439182376412 3 0 0 
0 70 7 1 0.36328125 0.4515625 45.1716369814116 3 0 0 
1 80 7.2 1 0.496942934782609 0.490625 45.4449527471904 3 0 0 
0 80 7 1 0.465049342105263 0.46953125 47.0648031652442 3 0 0 
1 90 7.2 1 0.421296296296296 0.484375 45.1110679943176 3 0 0 
0 90 7 1 0.394831730769231 0.48515625 44.2667700124141 3 0 0 
1 100 7.2 1 0.427309782608696 0.49453125 43.7805608855183 3 0 0 
0 100 7 1 0.382102272727273 0.47890625 43.3403630092779 3 0 0 
1 110 7.2 2 0.485276442307692 0.49765625 45.3561662594177 3 0 0 
0 110 7 2 0.452785326086957 0.43515625 44.3986139128245 3 0 0 
1 120 7.2 2 0.451714409722222 0.4953125 45.3584315392923 3 0 0 
0 120 7 2 0.400607638888889 0.465625 43.6774787763261 3 0 0 
1 130 7.2 2 0.455403645833333 0.48828125 43.9062222024852 3 0 0 
0 130 7 2 0.366776315789474 0.43515625 46.3468862317427 3 0 0 
1 140 7.2 3 0.481166294642857 0.48046875 42.204111760378 3 1 0 
0 140 7 2 0.448784722222222 0.453125 37.3364133987975 3 -1 0 
1 150 7.2 3 0.428240740740741 0.47421875 38.9604299721189 3 0 0 
0 150 7 3 0.38330078125 0.4703125 34.1449604518145 3 0 0 
1 160 7.2 3 0.456351902173913 0.4736328125 32.588994549584 3 0 0 
0 160 7 3 0.3837890625 0.41953125 29.7134498333017 3 0 0 
1 170 7.2 3 0.495675223214286 0.428125 31.2268067149258 3 0 0 
0 170 7 3 0.452380952380952 0.465625 9.72751418215315 3 0 0 
1 180 7.2 3 0.456208881578947 0.46171875 28.835054353397 3 0 0 
0 180 7 3 0.368075284090909 0.44296875 5.84784941605626 3 0 0 
1 190 7.2 3 0.458723958333333 0.48125 7.5139745869256 3 0 0 
0 190 7 3 0.37109375 0.446875 5.79605656356056 3 0 0 
1 200 7.2 4 0.506417410714286 0.5015625 4.33424291106218 3 0 0 
0 200 7 4 0.455171130952381 0.4716796875 4.38314829298726 3 0 0 
1 210 7.2 4 0.468290441176471 0.503125 5.82732417695249 3 0 0 
0 210 7 4 0.373355263157895 0.4130859375 5.32382074928671 3 0 0 
1 220 7.2 4 0.43115234375 0.43359375 31.752566381429 3 0 0 
0 220 7 4 0.3693359375 0.32734375 35.4118856698415 3 0 0 
1 230 7.2 4 0.495721726190476 0.4859375 37.2508148974972 3 0 0 
0 230 7 4 0.42734375 0.3953125 29.3245392576357 3 0 0 
1 240 7.2 4 0.445612980769231 0.48125 42.2459106316373 3 0 0 
0 240 7 4 0.388310185185185 0.4546875 11.0090672043836 3 0 0 
1 250 7.2 4 0.419157608695652 0.49140625 44.3474770128869 3 -1 0 
0 250 7 5 0.381392045454545 0.47890625 2.71615128649566 3 1 0 
1 260 7.2 5 0.47163722826087 0.496875 43.1199012899231 3 0 0 
0 260 7 5 0.454823369565217 0.46328125 17.8462522058423 3 0 0 
1 270 7.2 5 0.435609879032258 0.4423828125 33.5756994159481 3 0 0 
0 270 7 5 0.415096507352941 0.47890625 26.6020095581219 3 0 0 
1 280 7.2 5 0.4056640625 0.4228515625 47.8267938825614 3 0 0 
0 280 7 5 0.388020833333333 0.48125 23.8531800500542 3 0 0 
1 290 7.2 5 0.501953125 0.40234375 47.2417193767547 3 -1 0 
0 290 7 6 0.46484375 0.4796875 11.6585852998394 3 1 0 
1 300 7.2 6 0.430930397727273 0.4541015625 40.297681116396 3 0 0 
0 300 7 6 0.398137019230769 0.4875 8.99496436357345 3 0 0 
1 310 7.2 6 0.405717329545455 0.40390625 36.3147860248939 3 0 0 
0 310 7 6 0.383522727272727 0.48359375 9.82544017084439 3 0 0 
1 320 7.2 6 0.4794921875 0.4515625 24.4198298448817 3 0 0 
0 320 7 6 0.454900568181818 0.48984375 4.13302560269414 3 0 0 
1 330 7.2 6 0.4353515625 0.4609375 7.98838489621911 3 0 0 
0 330 7 6 0.400620404411765 0.4775390625 4.17316668100263 3 0 0 
1 340 7.2 6 0.401599702380952 0.4921875 3.68335828219019 3 0 0 
0 340 7 6 0.384765625 0.474609375 3.87545960087758 3 0 0 
1 350 7.2 6 0.476151315789474 0.568359375 7.36835747327136 3 0 0 
0 350 7 6 0.442608173076923 0.31484375 30.4258024862355 3 0 0 
1 360 7.2 7 0.4498291015625 0.46171875 38.989854988592 3 1 0 
0 360 7 6 0.403192934782609 0.3125 47.1283575364402 3 -1 0 
1 370 7.2 7 0.415690104166667 0.50625 38.0921349563079 3 0 0 
0 370 7 7 0.4034375 0.35859375 46.484780996641 3 0 0 
1 380 7.2 7 0.493408203125 0.55546875 39.1480895324709 3 0 0 
0 380 7 7 0.452311197916667 0.40390625 49.2946312351707 3 0 0 
1 390 7.2 7 0.44640625 0.53046875 39.2780454542742 3 0 0 
0 390 7 7 0.418094758064516 0.44921875 51.780789435585 3 0 0 
1 400 7.2 8 0.434273097826087 0.51640625 50.8602641371475 3 1 0 
0 400 7 7 0.372514204545455 0.4640625 44.1099781450088 3 -1 0 
1 410 7.2 8 0.47509765625 0.48828125 51.0230278703586 3 1 0 
0 410 7 7 0.448567708333333 0.45859375 44.4106608116254 3 -1 0 
1 420 7.2 8 0.4417724609375 0.47578125 38.2573331598041 3 0 0 
0 420 7 8 0.379507211538462 0.46875 40.6705960648304 3 0 0 
1 430 7.2 8 0.41889880952381 0.50625 44.918341040749 3 0 0 
0 430 7 8 0.401529947916667 0.4453125 39.4048396894402 3 0 0 
1 440 7.2 8 0.491350446428571 0.48515625 46.5366311015138 3 0 0 
0 440 7 8 0.46671875 0.466796875 39.3683454671174 3 0 0 
1 450 7.2 9 0.425925925925926 0.478125 46.818542422013 3 1 0 
0 450 7 8 0.393275669642857 0.43828125 48.7664459392004 3 -1 0 
1 460 7.2 9 0.425618489583333 0.43671875 53.9046166122434 3 0 0 
0 460 7 9 0.36328125 0.44140625 47.0679186614201 3 0 0 
1 470 7.2 9 0.4840625 0.4 49.9583468847195 3 0 0 
0 470 7 9 0.45 0.39609375 49.9479212108425 3 0 0 
1 480 7.2 9 0.442471590909091 0.4189453125 49.0089287596231 3 0 0 
0 480 7 9 0.403556034482759 0.40234375 31.9832316294509 3 0 0 
1 490 7.2 10 0.46947337962963 0.48828125 44.4355396647928 3 1 0 
0 490 7 9 0.383345170454545 0.4453125 31.9237631540801 3 -1 0 
1 500 7.2 10 0.521139705882353 0.46015625 48.5698797326276 3 1 0 
0 500 7 9 0.437282986111111 0.4375 23.7983126852551 3 -1 0 
1 510 7.2 10 0.499565972222222 0.4921875 50.7521956597139 3 0 0 
0 510 7 10 0.413240131578947 0.361328125 42.4578836317965 3 0 0 
1 520 7.2 11 0.421705163043478 0.521875 45.1384047917638 3 1 0 
0 520 7 10 0.368626644736842 0.3251953125 37.6916380181891 3 -1 0 
1 530 7.2 11 0.4462890625 0.5296875 35.7557188588682 3 1 0 
0 530 7 10 0.400065104166667 0.3876953125 36.4222113164112 3 -1 0 
1 540 7.2 11 0.497440732758621 0.55859375 28.9231685702781 3 1 0 
0 540 7 10 0.38015625 0.33359375 39.6041827352928 3 -1 0 
1 550 7.2 11 0.479567307692308 0.546875 20.2909433513059 3 0 0 
0 550 7 11 0.368795955882353 0.4 37.3305822845011 3 0 0 
1 560 7.2 11 0.490767045454545 0.56640625 20.8240580461107 3 0 0 
0 560 7 11 0.412977430555556 0.48984375 24.6674416506877 3 0 0 
1 570 7.2 11 0.501736111111111 0.5732421875 15.2397763456796 3 0 0 
0 570 7 11 0.3871875 0.4375 10.3715020780616 3 0 0 
1 580 7.2 11 0.444940476190476 0.430989583333333 48.2843124466822 3 0 0 
0 580 7 11 0.3990625 0.4703125 10.4076583701396 3 0 0 
1 590 7.2 12 0.467261904761905 0.453125 34.5398320783411 3 1 0 
0 590 7 11 0.4326171875 0.490625 11.4597180352741 3 -1 0 
1 600 7.2 12 0.464709051724138 0.451171875 10.7354552767919 3 1 0 
0 600 7 11 0.4134375 0.4921875 10.3539185204848 3 -1 0 
1 610 7.2 12 0.461588541666667 0.326171875 40.5341665343967 3 0 0 
0 610 7 12 0.401765046296296 0.43671875 16.3875281333471 3 0 0 
1 620 7.2 12 0.495703125 0.328125 32.3276549204817 3 0 0 
0 620 7 12 0.435872395833333 0.39921875 27.5480640758917 3 0 0 
1 630 7.2 12 0.46296875 0.44140625 18.6028165007182 3 0 0 
0 630 7 12 0.413306451612903 0.45859375 36.4025172445077 3 0 0 
1 640 7.2 12 0.4083984375 0.48203125 27.3690226544875 3 0 0 
0 640 7 12 0.385561342592593 0.48515625 29.5001865761559 3 0 0 
1 650 7.2 12 0.468394886363636 0.50078125 24.7965100671006 3 0 0 
0 650 7 12 0.442708333333333 0.4578125 19.3383476567092 3 0 0 
1 660 7.2 12 0.473090277777778 0.5078125 26.1594771887854 3 0 0 
0 660 7 12 0.450067934782609 0.51015625 21.0449767318802 3 0 0 
1 670 7.2 13 0.452880859375 0.5375 25.0760696343809 3 0 0 
0 670 7 13 0.417100694444444 0.45546875 16.6573436243113 3 0 0 
1 680 7.2 13 0.5302734375 0.525 22.7875828112825 3 0 0 
0 680 7 13 0.454345703125 0.3953125 29.7823214522137 3 0 0 
1 690 7.2 13 0.454564144736842 0.5109375 30.7445557920675 3 0 0 
0 690 7 13 0.363802083333333 0.36015625 36.924199676063 3 0 0 
1 700 7.2 13 0.44484375 0.52109375 33.2972743015914 3 0 0 
0 700 7 13 0.397879464285714 0.3921875 40.3009889038491 3 0 0 
1 710 7.2 13 0.498641304347826 0.5048828125 22.5478606654351 3 0 0 
0 710 7 13 0.406850961538462 0.425 27.7625333808161 3 0 0 
1 720 7.2 13 0.48546875 0.5234375 16.9464597962038 3 0 0 
0 720 7 13 0.4009765625 0.43515625 9.19041005273217 3 0 0 
1 730 7.2 14 0.420372596153846 0.4794921875 6.60642719498403 3 1 0 
0 730 7 13 0.3763671875 0.47890625 7.15033594015933 3 -1 0 
1 740 7.2 14 0.47265625 0.39921875 23.8872645619315 3 1 0 
0 740 7 13 0.425967261904762 0.50859375 5.81514055266162 3 -1 0 
1 750 7.2 14 0.480674342105263 0.415625 20.063042327716 3 1 0 
0 750 7 13 0.359933035714286 0.4677734375 5.24160078912156 3 -1 0 
1 760 7.2 14 0.479204963235294 0.53359375 11.5414107193668 3 0 0 
0 760 7 14 0.376627604166667 0.41015625 16.8489252809202 3 0 0 
1 770 7.2 14 0.543346774193548 0.5578125 10.4350529206097 3 0 0 
0 770 7 14 0.415283203125 0.283203125 30.1115530051615 3 0 0 
1 780 7.2 14 0.52041015625 0.56640625 11.3029681052579 3 0 0 
0 780 7 14 0.365084134615385 0.2640625 28.6873418096514 3 0 0 
1 790 7.2 14 0.460767663043478 0.47890625 15.8164890215897 3 0 0 
0 790 7 14 0.415264423076923 0.38515625 24.606614052881 3 0 0 
1 800 7.2 15 0.57958984375 0.45390625 17.2772364461143 3 1 0 
0 800 7 14 0.494140625 0.46484375 34.4168538319459 3 -1 0 
1 810 7.2 15 0.50617439516129 0.51015625 19.5321102827434 3 1 0 
0 810 7 14 0.400275735294118 0.466145833333333 39.2723470984192 3 -1 0 
1 820 7.2 15 0.430245535714286 0.55078125 6.38113790367895 3 0 0 
0 820 7 15 0.3828125 0.505859375 53.127205836558 3 0 0 
1 830 7.2 15 0.556790865384615 0.5140625 11.333838453984 3 0 0 
0 830 7 15 0.405184659090909 0.447265625 59.9437236080643 3 0 0 
1 840 7.2 16 0.491498161764706 0.49609375 38.8196425349274 3 1 0 
0 840 7 15 0.38984375 0.2568359375 51.5420332211367 3 -1 0 
1 850 7.2 16 0.46875 0.47578125 49.4871150782872 3 1 0 
0 850 7 15 0.338235294117647 0.24765625 40.3392044841442 3 -1 0 
1 860 7.2 16 0.537037037037037 0.51484375 38.5558587970952 3 1 0 
0 860 7 15 0.358506944444444 0.33671875 37.4682814575885 3 -1 0 
1 870 7.2 16 0.478770380434783 0.5265625 29.6783200352978 3 0 0 
0 870 7 16 0.372106481481481 0.4306640625 40.095526075625 3 0 0 
1 880 7.2 16 0.4501953125 0.51328125 25.8256904949202 3 0 0 
0 880 7 16 0.392144097222222 0.4755859375 26.2548456190004 3 0 0 
1 890 7.2 17 0.476740056818182 0.419270833333333 1.47534300379185 3 1 0 
0 890 7 16 0.46533203125 0.474609375 32.4422563950167 3 -1 0 
1 900 7.2 17 0.436104910714286 0.520833333333333 0.993807989999909 3 1 0 
0 900 7 16 0.42578125 0.2890625 0 3 -1 0 
1 910 7.2 17 0.439098011363636 0.4921875 14.1483912838463 3 1 0 
0 910 7 16 0.408125 0.25 31.6227766016838 3 -1 0 
1 920 7.2 17 0.517650462962963 0.549479166666667 25.1581761836487 3 1 0 
0 920 7 16 0.414663461538462 0.390625 0 3 -1 0 
1 930 7.2 18 0.4873046875 0.4794921875 44.0418640789118 3 2 0 
0 930 7 16 0.407151442307692 0.26953125 32.0156211871642 3 -2 0 
1 940 7.2 18 0.516493055555556 0.509765625 42.0935930720876 3 1 0 
0 940 7 17 0.420572916666667 0.251953125 26.2295899339817 3 -1 0 
1 950 7.2 18 0.580528846153846 0.4578125 48.9280699684494 3 1 0 
0 950 7 17 0.486886160714286 0.326171875 6.39559479870296 3 -1 0 
1 960 7.2 18 0.460802801724138 0.4875 37.4552715953319 3 1 0 
0 960 7 17 0.378092447916667 0.3310546875 11.4065320228895 3 -1 0 
1 970 7.2 18 0.481770833333333 0.4248046875 28.5840276495411 3 1 0 
0 970 7 17 0.383184523809524 0.29375 21.2287821049896 3 -1 0 
1 980 7.2 18 0.529296875 0.455078125 34.5003101145451 3 1 0 
0 980 7 17 0.388157894736842 0.3171875 23.6126669357181 3 -1 0 
1 990 7.2 18 0.5234375 0.470052083333333 40.2081172416451 3 1 0 
0 990 7 17 0.345358455882353 0.45 16.5959585898931 3 -1 0 
1 1000 7.2 19 0.540952620967742 0.564453125 52.7114788257738 3 1 0 
0 1000 7 18 0.354048295454545 0.54921875 6.60776135263482 3 -1 0 
1 1010 7.2 19 0.628069196428571 0.76953125 0 3 1 0 
0 1010 7 18 0.3505859375 0.6546875 8.1378285562189 3 -1 0 
1 1020 7.2 19 0.513020833333333 0.765625 0 3 1 1 
0 1020 7 18 0.333233173076923 0.59375 19.7015563940538 2 -1 -1 
1 1030 7.2 19 0.507195723684211 0.455078125 78.4617741323761 3 1 1 
0 1030 7 18 0.364908854166667 0.4716796875 41.8203205860737 2 -1 -1 
1 1040 7.2 20 0.607167119565217 0.28125 0 3 1 1 
0 1040 7 19 0.396484375 0.4501953125 35.6413219685589 2 -1 -1 
1 1050 7.2 20 0.499383223684211 0.244140625 15.116216457831 3 1 1 
0 1050 7 19 0.290670955882353 0.455078125 27.5653937459775 2 -1 -1 
1 1060 7.2 20 0.530498798076923 0.25390625 15.9599686836798 3 1 1 
0 1060 7 19 0.474254261363636 0.4091796875 32.1001550299139 2 -1 -1 
1 1070 7.2 20 0.563179347826087 0.3076171875 30.6636690008096 3 1 1 
0 1070 7 19 0.53564453125 0.4423828125 31.7064040572471 2 -1 -1 
1 1080 7.2 20 0.458639705882353 0.3662109375 19.7497848085955 3 1 1 
0 1080 7 19 0.417390046296296 0.490885416666667 20.6576163259095 2 -1 -1 
1 1090 7.2 20 0.531628024193548 0.4482421875 13.1206495760441 3 1 1 
0 1090 7 19 0.431537828947368 0.4234375 41.0272866833885 2 -1 -1 
1 1100 7.2 20 0.599330357142857 0.47421875 27.5048314625285 3 0 1 
0 1100 7 20 0.398737980769231 0.44375 26.4965479837801 2 0 -1 
1 1110 7.2 20 0.463365709459459 0.484375 27.6031477196853 3 0 1 
0 1110 7 20 0.361328125 0.38515625 29.2335045577067 2 0 -1 
1 1120 7.2 20 0.491796875 0.529296875 17.5431819352981 3 0 1 
0 1120 7 20 0.409288194444444 0.434375 17.017370097196 2 0 -1 
1 1130 7.2 20 0.600754310344828 0.5224609375 9.39665207477203 3 0 1 
0 1130 7 20 0.4486328125 0.425 18.863213772407 2 0 -1 
1 1140 7.2 20 0.563130040322581 0.5869140625 17.8272232862616 3 0 1 
0 1140 7 20 0.440625 0.440625 17.9964796317251 2 0 -1 
1 1150 7.2 20 0.532389322916667 0.393229166666667 33.0013813908165 3 0 1 
0 1150 7 20 0.577566964285714 0.47109375 23.9121917189184 2 0 -1 
1 1160 7.2 20 0.610197368421053 0.4453125 30.9828155304492 3 -1 1 
0 1160 7 21 0.584909539473684 0.5015625 23.9673072852839 2 1 -1 
1 1170 7.2 20 0.541087962962963 0.361979166666667 20.4980578422537 3 -1 1 
0 1170 7 21 0.3490625 0.5453125 22.9937491058454 2 1 -1 
1 1180 7.2 21 0.561197916666667 0.27734375 9.32816554603442 3 0 1 
0 1180 7 21 0.4875 0.534375 45.5349991630773 2 0 -1 
1 1190 7.2 21 0.645743534482759 0.2626953125 16.8579327041278 3 0 1 
0 1190 7 21 0.434495192307692 0.55078125 36.742589811667 2 0 -1 
1 1200 7.2 21 0.570690524193548 0.322265625 8.56494009286387 3 0 1 
0 1200 7 21 0.36962890625 0.4326171875 21.1956202798522 2 0 -1 
1 1210 7.2 21 0.53564453125 0.427734375 8.99207845829819 3 0 1 
0 1210 7 21 0.4453125 0.380859375 19.8670676931696 2 0 -1 
1 1220 7.2 21 0.547209821428571 0.40546875 23.989030295795 3 0 1 
0 1220 7 21 0.41796875 0.353515625 23.7979971387866 2 0 -1 
1 1230 7.2 21 0.509486607142857 0.546875 31.1099104277418 3 0 1 
0 1230 7 21 0.31343005952381 0.318359375 33.0697509042053 2 0 -1 
1 1240 7.2 21 0.5003125 0.58125 13.319116111747 3 0 1 
0 1240 7 21 0.34765625 0.360677083333333 20.8337280565945 2 0 -1 
1 1250 7.2 21 0.571469907407407 0.63203125 2.962986125254 3 0 1 
0 1250 7 21 0.270833333333333 0.36328125 13.8183374490168 2 0 -1 
1 1260 7.2 21 0.566980698529412 0.671875 7.1334219222443 3 0 1 
0 1260 7 21 0.2802734375 0.2431640625 15.4040158284478 2 0 -1 
1 1270 7.2 21 0.485119047619048 0.6953125 4.6726395916333 3 0 1 
0 1270 7 21 0.335379464285714 0.2314453125 9.56431067078804 2 0 -1 
1 1280 7.2 21 0.5279296875 0.66171875 6.45076446262196 3 0 1 
0 1280 7 21 0.335379464285714 0.26171875 4.16856401854619 2 0 -1 
1 1290 7.2 22 0.512720352564103 0.6375 13.1169797959408 3 1 1 
0 1290 7 21 0.267755681818182 0.294921875 4.33977104825795 2 -1 -1 
1 1300 7.2 22 0.513734879032258 0.58125 13.5456471641342 3 1 1 
0 1300 7 21 0.375300480769231 0.3193359375 8.0832629394677 2 -1 -1 
1 1310 7.2 22 0.570452008928571 0.44609375 6.50535019069396 3 1 1 
0 1310 7 21 0.375300480769231 0.37890625 30.8958266323801 2 -1 -1 
1 1320 7.2 22 0.517441860465116 0.470703125 7.50336102414043 3 0 1 
0 1320 7 22 0.326041666666667 0.453125 19.0076219850673 2 0 -1 
1 1330 7.2 22 0.562397203947368 0.4921875 3.57067141581025 3 0 1 
0 1330 7 22 0.354910714285714 0.4619140625 7.65750366320788 2 0 -1 
1 1340 7.2 22 0.645951704545455 0.458333333333333 4.68564488254562 3 0 1 
0 1340 7 22 0.387620192307692 0.4853515625 11.5446778611166 2 0 -1 
1 1350 7.2 22 0.54655612244898 0.489583333333333 4.68800031407319 3 0 1 
0 1350 7 22 0.36328125 0.4189453125 11.8235458600485 2 0 -1 
1 1360 7.2 22 0.489728009259259 0.510416666666667 9.00802022022888 3 0 1 
0 1360 7 22 0.361902573529412 0.4404296875 12.2216280177917 2 0 -1 
1 1370 7.2 22 0.627987132352941 0.537760416666667 17.3572733332561 3 0 1 
0 1370 7 22 0.392233455882353 0.3994140625 14.4751091486529 2 0 -1 
1 1380 7.2 22 0.541183035714286 0.536458333333333 3.67310302190046 3 0 1 
0 1380 7 22 0.345052083333333 0.3798828125 29.5583283238812 2 0 -1 
1 1390 7.2 22 0.504788306451613 0.3857421875 31.480523379963 3 0 1 
0 1390 7 22 0.3916015625 0.24765625 42.0634268222315 2 0 -1 
1 1400 7.2 22 0.5859375 0.40234375 32.2617614691771 3 0 1 
0 1400 7 22 0.4150390625 0.2646484375 33.1976226689657 2 0 -1 
1 1410 7.2 22 0.501065340909091 0.5125 22.862288164304 3 0 1 
0 1410 7 22 0.363111413043478 0.353515625 27.6378637983021 2 0 -1 
1 1420 7.2 22 0.516633064516129 0.56875 11.7747141368814 3 0 1 
0 1420 7 22 0.378446691176471 0.3994140625 27.0870613303672 2 0 -1 
1 1430 7.2 22 0.580897177419355 0.525 5.99369787879102 3 0 1 
0 1430 7 22 0.417509191176471 0.46875 27.56874637406 2 0 -1 
1 1440 7.2 22 0.516015625 0.52421875 1.84189660235489 3 0 1 
0 1440 7 22 0.379991319444444 0.392578125 20.9749805151275 2 0 -1 
1 1450 7.2 22 0.537520559210526 0.44140625 31.1075158246043 3 0 1 
0 1450 7 22 0.362760416666667 0.3564453125 29.6351053252543 2 0 -1 
1 1460 7.2 22 0.631696428571429 0.46953125 34.9318467149832 3 0 1 
0 1460 7 22 0.389756944444444 0.439453125 24.3734908720327 2 0 -1 
1 1470 7.2 23 0.532393292682927 0.52109375 26.6112463380526 3 1 1 
0 1470 7 22 0.318181818181818 0.39375 42.7712067575976 2 -1 -1 
1 1480 7.2 23 0.599195075757576 0.47734375 55.3966836126939 3 1 1 
0 1480 7 22 0.33203125 0.48046875 32.3560824944768 2 -1 -1 
1 1490 7.2 23 0.628061655405405 0.515625 57.9008297702187 3 0 3 
0 1490 7 23 0.271484375 0.478125 26.0807400692975 0 0 -3 
1 1500 7.2 23 0.647216796875 0.515625 60.6888657855682 2 0 2 
0 1500 7 23 0.239453125 0.52890625 35.4785103080873 0 0 -2 
1 1510 7.2 23 0.66859375 0.46328125 70.715581626853 2 0 2 
0 1510 7 23 NaN 0.590625 48.6339151392245 0 0 -2 
1 1520 7.2 23 0.66859375 0.471875 72.7335792432742 2 0 2 
0 1520 7 23 NaN 0.5859375 54.8539809444068 0 0 -2 
