1 30 8.6 1 NaN 0.232258064516129 23.6809701627696 3 0 0 
0 30 7 1 NaN 0.225 29.0361672506942 3 0 0 
1 40 8.6 1 NaN 0.258870967741935 17.4789423304512 3 0 0 
0 40 7 1 NaN 0.253225806451613 29.1796535446 3 0 0 
1 50 8.6 1 0.370967741935484 0.380645161290323 25.7034402423938 3 0 0 
0 50 7 1 0.370967741935484 0.357258064516129 35.769829849493 3 0 0 
1 60 8.6 1 0.368279569892473 0.476612903225806 35.3782546535347 3 0 0 
0 60 7 1 0.368279569892473 0.479032258064516 37.5289877952269 3 0 0 
1 70 8.6 1 0.387701612903226 0.516935483870968 39.6402805630175 3 0 0 
0 70 7 1 0.374787775891341 0.445161290322581 44.2078104928519 3 0 0 
1 80 8.6 1 0.469254032258065 0.494354838709677 37.0697332813025 3 0 0 
0 80 7 1 0.458064516129032 0.479838709677419 41.7487268901842 3 0 0 
1 90 8.6 1 0.403503893214683 0.512096774193548 35.2674775398216 3 0 0 
0 90 7 1 0.409065628476085 0.473387096774194 35.9014573974939 3 0 0 
1 100 8.6 1 0.432258064516129 0.475806451612903 31.8059623561785 3 0 0 
0 100 7 1 0.416834677419355 0.490322580645161 37.991780565469 3 0 0 
1 110 8.6 2 0.487741935483871 0.483064516129032 35.8761162126394 3 0 0 
0 110 7 2 0.467933947772657 0.446774193548387 40.4552080317152 3 0 0 
1 120 8.6 2 0.412586405529954 0.49758064516129 35.6968965540236 3 0 0 
0 120 7 2 0.400686977299881 0.456451612903226 27.8716735394893 3 0 0 
1 130 8.6 2 0.394244868035191 0.475806451612903 33.9662499067752 3 0 0 
0 130 7 2 0.386328725038402 0.481451612903226 24.9830273357849 3 0 0 
1 140 8.6 3 0.469422043010753 0.490322580645161 31.4960289610425 3 0 0 
0 140 7 3 0.465638148667602 0.460483870967742 33.815974001104 3 0 0 
1 150 8.6 3 0.409130184331797 0.483064516129032 33.6501962627708 3 0 0 
0 150 7 3 0.419623655913978 0.474193548387097 39.7206970991959 3 0 0 
1 160 8.6 3 0.410522273425499 0.513709677419355 33.4021592658442 3 0 0 
0 160 7 3 0.392778592375367 0.467741935483871 33.0105723111594 3 0 0 
1 170 8.6 4 0.465437788018433 0.520967741935484 32.2603943043213 3 1 0 
0 170 7 3 0.461405529953917 0.457258064516129 29.0964113185969 3 -1 0 
1 180 8.6 4 0.435483870967742 0.516935483870968 28.9626237407582 3 0 0 
0 180 7 4 0.387258064516129 0.458064516129032 24.049878931481 3 0 0 
1 190 8.6 4 0.434431977559607 0.493548387096774 12.8432042548913 3 0 0 
0 190 7 4 0.37741935483871 0.470161290322581 19.3987588388138 3 0 0 
1 200 8.6 4 0.482377538829152 0.5 7.20156274314497 3 0 0 
0 200 7 4 0.451400679117148 0.475806451612903 16.9601926484833 3 0 0 
1 210 8.6 4 0.421639784946237 0.503024193548387 6.23411771547501 3 -1 0 
0 210 7 5 0.38802729528536 0.436290322580645 18.2882327831608 3 1 0 
1 220 8.6 5 0.432854137447405 0.425 35.8442367107295 3 0 0 
0 220 7 5 0.376753155680224 0.391129032258065 34.7103448015346 3 0 0 
1 230 8.6 5 0.491780397022333 0.450604838709677 22.3956839373748 3 0 0 
0 230 7 5 0.461981566820276 0.437903225806452 21.0795692264927 3 0 0 
1 240 8.6 5 0.414516129032258 0.463709677419355 10.1561145190803 3 0 0 
0 240 7 5 0.396953405017921 0.463709677419355 8.1522478300199 3 0 0 
1 250 8.6 5 0.396889400921659 0.436290322580645 30.2616444878212 3 0 0 
0 250 7 5 0.393433179723502 0.474798387096774 9.18934004482041 3 0 0 
1 260 8.6 5 0.487353372434018 0.450806451612903 27.2259465787978 3 -1 0 
0 260 7 6 0.462875417130145 0.441532258064516 8.46799610347355 3 1 0 
1 270 8.6 6 0.389677419354839 0.502016129032258 7.96602423665711 3 0 0 
0 270 7 6 0.420444638186574 0.408064516129032 34.8238078985001 3 0 0 
1 280 8.6 6 0.37884024577573 0.480846774193548 8.00495488497873 3 0 0 
0 280 7 6 0.461175115207373 0.439516129032258 23.317502597226 3 0 0 
1 290 8.6 6 0.475332068311195 0.341935483870968 36.9624354852651 3 0 0 
0 290 7 6 0.496863799283154 0.466129032258065 13.0939068428816 3 0 0 
1 300 8.6 6 0.368279569892473 0.394153225806452 41.1750946667974 3 0 0 
0 300 7 6 0.448367427222659 0.5 6.80877576001513 3 0 0 
1 310 8.6 6 0.368279569892473 0.439516129032258 33.8161382982545 3 -1 0 
0 310 7 7 0.433259176863181 0.442741935483871 35.0728396330667 3 1 0 
1 320 8.6 7 0.439516129032258 0.455645161290323 36.4696218019484 3 0 0 
0 320 7 7 0.498870967741935 0.520967741935484 29.2852286668388 3 0 0 
1 330 8.6 7 0.403642936596218 0.398185483870968 42.9360306485162 3 0 0 
0 330 7 7 0.428114571746385 0.612903225806452 30.0608861321055 3 0 0 
1 340 8.6 7 0.447755960729313 0.423387096774194 38.1472201775256 3 -1 0 
0 340 7 8 0.432258064516129 0.608870967741936 27.7773355897168 3 1 0 
1 350 8.6 7 0.472324046920821 0.423387096774194 28.2825258225807 3 -1 0 
0 350 7 8 0.544838709677419 0.618548387096774 30.0109616203897 3 1 0 
1 360 8.6 7 0.373463901689708 0.344354838709677 40.6761061927333 3 -1 0 
0 360 7 8 0.471774193548387 0.55 30.9144805809829 3 1 0 
1 370 8.6 7 0.41973886328725 0.295362903225806 20.1346020160929 3 -1 0 
0 370 7 8 0.415154569892473 0.47741935483871 19.5108997069464 3 1 0 
1 380 8.6 7 0.414818548387097 0.383064516129032 27.4768844674432 3 -2 0 
0 380 7 9 0.505942275042445 0.495967741935484 18.084101773889 3 2 0 
1 390 8.6 8 0.370161290322581 0.417338709677419 32.2706300928771 3 -1 0 
0 390 7 9 0.462436332767402 0.483064516129032 19.7268267244766 3 1 0 
1 400 8.6 8 0.382056451612903 0.420967741935484 26.8609302698457 3 -1 0 
0 400 7 9 0.460397465437788 0.508064516129032 17.4666121373466 3 1 0 
1 410 8.6 8 0.447244623655914 0.441129032258065 27.7593893768887 3 -1 0 
0 410 7 9 0.503856942496494 0.425806451612903 36.6473732567091 3 1 0 
1 420 8.6 9 0.428114571746385 0.443548387096774 30.9698274059547 3 -1 0 
0 420 7 10 0.417825361512792 0.464516129032258 36.6331306486364 3 1 0 
1 430 8.6 9 0.372177419354839 0.469354838709677 33.5328778184754 3 -1 0 
0 430 7 10 0.413306451612903 0.480645161290323 24.5891454436758 3 1 0 
1 440 8.6 9 0.462813620071685 0.469354838709677 36.2700265765227 3 -1 0 
0 440 7 10 0.459494134897361 0.563709677419355 19.3049755245872 3 1 0 
1 450 8.6 9 0.396246898263027 0.451612903225806 25.3222806498801 3 -2 0 
0 450 7 11 0.372617302052786 0.575806451612903 22.0359292278116 3 2 0 
1 460 8.6 9 0.397177419354839 0.45866935483871 21.3367696557435 3 -2 0 
0 460 7 11 0.449963343108504 0.519354838709677 17.7907070064095 3 2 0 
1 470 8.6 9 0.490423387096774 0.381451612903226 45.5942805711743 3 -2 0 
0 470 7 11 0.506358560794045 0.385483870967742 25.3608686093349 3 2 0 
1 480 8.6 10 0.410007331378299 0.393548387096774 24.4815130709053 3 -1 0 
0 480 7 11 0.425776583034648 0.341935483870968 31.3264167674443 3 1 0 
1 490 8.6 10 0.399961597542243 0.359677419354839 26.6042954762701 3 -1 0 
0 490 7 11 0.423387096774194 0.467741935483871 18.9716040497379 3 1 0 
1 500 8.6 10 0.45866935483871 0.412903225806452 13.8920873987795 3 -1 0 
0 500 7 11 0.469447890818859 0.52116935483871 7.8138038116809 3 1 0 
1 510 8.6 10 0.418225806451613 0.407258064516129 7.96054237953616 3 -1 0 
0 510 7 11 0.418346774193548 0.553427419354839 6.47847451450874 3 1 0 
1 520 8.6 10 0.410204714640198 0.454838709677419 8.83550129387293 3 -1 0 
0 520 7 11 0.43741935483871 0.502016129032258 4.21969320707365 3 1 0 
1 530 8.6 10 0.45241935483871 0.47741935483871 7.38597252829513 3 -1 0 
0 530 7 11 0.487735215053763 0.369354838709677 28.8393274529345 3 1 0 
1 540 8.6 11 0.431451612903226 0.487903225806452 5.12750784437493 3 0 0 
0 540 7 11 0.373271889400922 0.458870967741935 11.6976399058536 3 0 0 
1 550 8.6 11 0.390029325513196 0.470766129032258 8.7813451440745 3 -1 0 
0 550 7 12 0.407723325062035 0.461290322580645 6.13277478865478 3 1 0 
1 560 8.6 11 0.458728652751423 0.508064516129032 12.2445150971964 3 -1 0 
0 560 7 12 0.461063508064516 0.492741935483871 6.1817053387294 3 1 0 
1 570 8.6 11 0.403427419354839 0.423387096774194 24.036938249738 3 -1 0 
0 570 7 12 0.439404121863799 0.495161290322581 4.24809195981182 3 1 0 
1 580 8.6 11 0.368145161290323 0.375 28.8364438848792 3 -1 0 
0 580 7 12 0.480529953917051 0.488911290322581 8.09829118031311 3 1 0 
1 590 8.6 11 0.431227598566308 0.369354838709677 26.5930706952251 3 -1 0 
0 590 7 12 0.539450741063644 0.47883064516129 4.3381746366459 3 1 0 
1 600 8.6 11 0.359062980030722 0.461693548387097 6.43054461832391 3 -1 0 
0 600 7 12 0.486358956760467 0.430443548387097 18.0983824522401 3 1 0 
1 610 8.6 11 0.370967741935484 0.488911290322581 10.3449732182358 3 -1 0 
0 610 7 12 0.510916601101495 0.364516129032258 27.3429898236287 3 1 0 
1 620 8.6 12 0.434727822580645 0.492943548387097 3.64948856339977 3 0 0 
0 620 7 12 0.580414746543779 0.423387096774194 21.062653489491 3 0 0 
1 630 8.6 12 0.324020737327189 0.417741935483871 31.6602874991219 3 -1 0 
0 630 7 13 0.494828190743338 0.462701612903226 9.43693527070357 3 1 0 
1 640 8.6 12 0.348790322580645 0.375806451612903 28.3329205831197 3 -1 0 
0 640 7 13 0.468267882187938 0.438508064516129 24.3983527153815 3 1 0 
1 650 8.6 12 0.33991935483871 0.323387096774194 21.158932712408 3 -1 0 
0 650 7 13 0.529233870967742 0.379032258064516 38.6235466674405 3 1 0 
1 660 8.6 12 0.361070381231672 0.335483870967742 28.8515413988081 3 -1 0 
0 660 7 13 0.478748910200523 0.509677419354839 33.8629140579161 3 1 0 
1 670 8.6 12 0.4 0.311491935483871 19.0104942150435 3 -1 0 
0 670 7 13 0.5 0.556451612903226 27.3971332237 3 1 0 
1 680 8.6 13 0.481536502546689 0.419354838709677 30.154447075734 3 0 0 
0 680 7 13 0.494959677419355 0.555645161290323 9.6854280349311 3 0 0 
1 690 8.6 13 0.420265348595213 0.431451612903226 31.0261916439635 3 0 0 
0 690 7 13 0.441207075962539 0.517741935483871 15.5617748120348 3 0 0 
1 700 8.6 13 0.383512544802867 0.45 25.1985936338387 3 0 0 
0 700 7 13 0.423195084485407 0.480645161290323 12.079476200293 3 0 0 
1 710 8.6 13 0.418548387096774 0.480645161290323 27.1217400238574 3 0 0 
0 710 7 13 0.492943548387097 0.504838709677419 18.2130847747027 3 0 0 
1 720 8.6 13 0.424037460978148 0.465322580645161 27.8199168154874 3 -1 0 
0 720 7 14 0.392595307917889 0.463709677419355 11.9417234297326 3 1 0 
1 730 8.6 14 0.371179966044143 0.449596774193548 33.3881325531034 3 0 0 
0 730 7 14 0.382056451612903 0.512096774193548 19.3496385587342 3 0 0 
1 740 8.6 14 0.469422043010753 0.471774193548387 25.4795521090936 3 0 0 
0 740 7 14 0.448106591865358 0.52258064516129 10.1745630811834 3 0 0 
1 750 8.6 14 0.415161290322581 0.456653225806452 26.0876719200336 3 0 0 
0 750 7 14 0.424059139784946 0.476612903225806 12.0636997709724 3 0 0 
1 760 8.6 14 0.367996604414261 0.412096774193548 33.9782446208285 3 0 0 
0 760 7 14 0.424789621318373 0.512903225806452 16.8133446783435 3 0 0 
1 770 8.6 14 0.467741935483871 0.42741935483871 31.8559274382933 3 -1 0 
0 770 7 15 0.518010752688172 0.514516129032258 29.8377711455998 3 1 0 
1 780 8.6 14 0.379558204768583 0.470161290322581 36.7094130806384 3 -1 0 
0 780 7 15 0.443666982922201 0.493548387096774 41.5716944592081 3 1 0 
1 790 8.6 14 0.373991935483871 0.440322580645161 36.4654361754232 3 -1 0 
0 790 7 15 0.388272849462366 0.450806451612903 38.8461847954258 3 1 0 
1 800 8.6 15 0.46889400921659 0.471774193548387 30.710797626157 3 0 0 
0 800 7 15 0.469086021505376 0.481451612903226 11.875693651889 3 0 0 
1 810 8.6 15 0.419779286926995 0.488709677419355 14.1819273717083 3 0 0 
0 810 7 15 0.422667050691244 0.488911290322581 8.18956075303515 3 0 0 
1 820 8.6 15 0.406511350059737 0.471774193548387 7.85476508648399 3 0 0 
0 820 7 15 0.388196480938416 0.494959677419355 8.75304717133127 3 0 0 
1 830 8.6 15 0.454877112135177 0.514516129032258 5.65026216850902 3 0 0 
0 830 7 15 0.487552594670407 0.451612903225806 5.14253309860777 3 0 0 
1 840 8.6 15 0.431451612903226 0.500806451612903 7.97290657343931 3 0 0 
0 840 7 15 0.468782518210198 0.433467741935484 6.38096182509929 3 0 0 
1 850 8.6 16 0.450682382133995 0.501612903225806 8.33920520421923 3 1 0 
0 850 7 15 0.459677419354839 0.370967741935484 17.8885438199983 3 -1 0 
1 860 8.6 16 0.537730414746544 0.467741935483871 26.6144850797986 3 1 0 
0 860 7 15 0.529838709677419 0.300403225806452 49.6814854850376 3 -1 0 
1 870 8.6 16 0.454053480475382 0.525 14.0471998272158 3 0 0 
0 870 7 16 0.458501344086022 0.340725806451613 18.0346887968714 3 0 0 
1 880 8.6 16 0.434553349875931 0.528225806451613 22.7365562185206 3 0 0 
0 880 7 16 0.448924731182796 0.409274193548387 0.707106781186548 3 0 0 
1 890 8.6 17 0.556027164685908 0.518548387096774 34.7580282279271 3 1 0 
0 890 7 16 0.415591397849462 0.104838709677419 4.47213595499958 3 -1 0 
1 900 8.6 17 0.48823016564952 0.557258064516129 33.2286376594527 3 1 0 
0 900 7 16 0.383064516129032 0.189516129032258 1.4142135623731 3 -1 0 
1 910 8.6 17 0.416612903225806 0.642741935483871 28.7631449114053 3 1 0 
0 910 7 16 0.406524926686217 0.204301075268817 20.8019606906185 3 -1 0 
1 920 8.6 18 0.530791788856305 0.67258064516129 28.6500666812193 3 2 0 
0 920 7 16 0.397983870967742 0.190860215053763 7.26682940399286 3 -2 0 
1 930 8.6 18 0.487327188940092 0.666935483870968 18.9956390086985 3 2 0 
0 930 7 16 0.355050933786078 0.17741935483871 23.1356774719643 3 -2 0 
1 940 8.6 18 0.444052419354839 0.578225806451613 16.5486613058224 3 2 0 
0 940 7 16 0.380376344086022 0.235483870967742 26.4200365991434 3 -2 0 
1 950 8.6 18 0.554280397022332 0.511290322580645 30.2074523743449 3 2 0 
0 950 7 16 0.406362007168459 0.329838709677419 10.2142860928109 3 -2 0 
1 960 8.6 18 0.475528364849833 0.533870967741936 13.0182867207747 3 2 0 
0 960 7 16 0.380645161290323 0.45241935483871 4.19855247891981 3 -2 0 
1 970 8.6 18 0.414677419354839 0.503024193548387 8.97390225178572 3 1 0 
0 970 7 17 0.401026392961877 0.462096774193548 4.83522798407686 3 -1 0 
1 980 8.6 18 0.481112054329372 0.450604838709677 5.81769527693911 3 1 0 
0 980 7 17 0.430478309232481 0.476612903225806 6.48429451535865 3 -1 0 
1 990 8.6 19 0.468782518210198 0.45866935483871 7.30042173431283 3 2 0 
0 990 7 17 0.411059907834101 0.440860215053763 29.0046017091895 3 -2 0 
1 1000 8.6 19 0.477150537634409 0.448588709677419 2.6599031380678 3 2 0 
0 1000 7 17 0.461245519713262 0.395161290322581 31.3847096529504 3 -2 0 
1 1010 8.6 19 0.540994623655914 0.527217741935484 11.4996070792559 3 2 0 
0 1010 7 17 0.546082949308756 0.284274193548387 18.3098334236006 3 -2 0 
1 1020 8.6 19 0.48178531701891 0.546370967741936 30.0678852055395 3 2 0 
0 1020 7 17 0.39659209157128 0.205645161290323 6.26498204307083 3 -2 0 
1 1030 8.6 19 0.462799167533819 0.445967741935484 31.5308081058145 3 2 0 
0 1030 7 17 0.349146110056926 0.25 24.0468293128221 3 -2 0 
1 1040 8.6 20 0.52576164874552 0.419354838709677 12.2625097696981 3 3 0 
0 1040 7 17 0.39753320683112 0.198924731182796 17.8039540958367 3 -3 0 
1 1050 8.6 20 0.492741935483871 0.362096774193548 28.2757229653252 3 3 0 
0 1050 7 17 0.334310850439883 0.245161290322581 23.460980724898 3 -3 0 
1 1060 8.6 20 0.473502304147465 0.433064516129032 32.8753437464763 3 3 0 
0 1060 7 17 0.39616935483871 0.403225806451613 18.1344843178 3 -3 0 
1 1070 8.6 20 0.563242784380306 0.470161290322581 20.31941866986 3 2 0 
0 1070 7 18 0.460526315789474 0.475 8.6313719574574 3 -2 0 
1 1080 8.6 20 0.463421658986175 0.498387096774194 9.2958673835423 3 2 0 
0 1080 7 18 0.366359447004608 0.453629032258065 9.51231114017953 3 -2 0 
1 1090 8.6 20 0.440092165898617 0.533064516129032 5.14429339514963 3 2 0 
0 1090 7 18 0.464969758064516 0.430443548387097 4.89473262761397 3 -2 0 
1 1100 8.6 20 0.54915514592934 0.528225806451613 11.4635738270545 3 2 0 
0 1100 7 18 0.49489247311828 0.401209677419355 4.89477416293676 3 -2 0 
1 1110 8.6 20 0.451612903225806 0.545967741935484 7.31718491898233 3 2 0 
0 1110 7 18 0.426285282258065 0.443548387096774 12.3794184031399 3 -2 0 
1 1120 8.6 20 0.408531409168082 0.537096774193548 11.1713339946596 3 2 0 
0 1120 7 18 0.437275985663082 0.379032258064516 5.31507290636733 3 -2 0 
1 1130 8.6 20 0.618035190615836 0.55241935483871 21.9742959747337 3 2 0 
0 1130 7 18 0.481854838709677 0.296370967741936 20.4022057631032 3 -2 0 
1 1140 8.6 21 0.462323588709677 0.540322580645161 31.448166480427 3 3 0 
0 1140 7 18 0.472670250896057 0.311827956989247 8.02276477753517 3 -3 0 
1 1150 8.6 21 0.366935483870968 0.566935483870968 40.6627876245275 3 3 0 
0 1150 7 18 0.522741935483871 0.298387096774194 6.99886305593695 3 -3 0 
1 1160 8.6 21 0.637096774193548 0.595967741935484 54.7153709414706 3 3 0 
0 1160 7 18 0.518990634755463 0.219758064516129 13.719907465598 3 -3 0 
1 1170 8.6 21 0.450268817204301 0.608870967741936 55.0491785210668 3 3 0 
0 1170 7 18 0.511385199240987 0.149193548387097 8.98877093026023 3 -3 0 
1 1180 8.6 21 0.442258064516129 0.585483870967742 50.5286639318888 3 2 0 
0 1180 7 19 0.417521994134897 0.181451612903226 8.68821163887474 3 -2 0 
1 1190 8.6 21 0.557184750733138 0.632258064516129 43.6837045798828 3 2 1 
0 1190 7 19 0.309475806451613 0.192741935483871 5.91644428213294 2 -2 -1 
1 1200 8.6 21 0.558915770609319 0.715322580645161 32.8492467267467 3 2 1 
0 1200 7 19 0.298963133640553 0.130040322580645 4.78423877213283 2 -2 -1 
1 1210 8.6 22 0.657074780058651 0.743548387096774 23.6116573056205 3 3 1 
0 1210 7 19 0.282258064516129 0.139784946236559 6.77591829093443 2 -3 -1 
1 1220 8.6 22 0.689516129032258 0.783064516129032 18.3634984349813 3 3 1 
0 1220 7 19 0.287634408602151 0.146505376344086 4.97211407221824 2 -3 -1 
1 1230 8.6 22 0.657706093189964 0.80241935483871 11.4210374309669 3 3 1 
0 1230 7 19 0.224462365591398 0.170698924731183 6.43057460096486 2 -3 -1 
