1 30 7.6 1 NaN 0.2671875 15.9355606195634 3 0 0 
0 30 9.6 1 NaN 0.22578125 21.140256662732 3 0 0 
1 40 7.6 1 NaN 0.29375 26.6606542541447 3 0 0 
0 40 9.6 1 NaN 0.2875 24.5327667875133 3 0 0 
1 50 7.6 1 0.36328125 0.36015625 31.9968116708805 3 0 0 
0 50 9.6 1 0.39453125 0.3671875 33.7840878984258 3 0 0 
1 60 7.6 1 0.36328125 0.46796875 35.0910784511886 3 0 0 
0 60 9.6 1 0.39453125 0.4859375 41.6119425908685 3 0 0 
1 70 7.6 1 0.38188244047619 0.44453125 35.5569665693077 3 0 0 
0 70 9.6 1 0.412828947368421 0.51640625 43.1178084863964 3 0 0 
1 80 7.6 1 0.469308035714286 0.465625 33.7142271510834 3 0 0 
0 80 9.6 1 0.493272569444444 0.49453125 39.1462939664946 3 0 0 
1 90 7.6 1 0.404829545454545 0.4453125 31.1366261356467 3 0 0 
0 90 9.6 1 0.419170673076923 0.51171875 35.8229839770783 3 0 0 
1 100 7.6 1 0.374627976190476 0.434375 36.1732320930173 3 0 0 
0 100 9.6 1 0.41796875 0.49609375 36.0559253153106 3 0 0 
1 110 7.6 2 0.457845052083333 0.46796875 33.4201607072481 3 0 0 
0 110 9.6 2 0.478816105769231 0.50546875 37.4377900290715 3 0 0 
1 120 7.6 2 0.404052734375 0.42265625 35.8667290746469 3 0 0 
0 120 9.6 2 0.403211805555556 0.51328125 37.1079549560202 3 0 0 
1 130 7.6 2 0.406412760416667 0.39375 45.6397107696642 3 0 0 
0 130 9.6 2 0.422491776315789 0.503125 33.4632030005625 3 0 0 
1 140 7.6 3 0.462535511363636 0.43515625 32.8621185224411 3 0 0 
0 140 9.6 3 0.472900390625 0.48671875 28.6486044698015 3 0 0 
1 150 7.6 3 0.37211277173913 0.462890625 20.9156114576303 3 0 0 
0 150 9.6 3 0.41734375 0.50859375 27.4802953456033 3 0 0 
1 160 7.6 3 0.374627976190476 0.4208984375 20.0158987515137 3 0 0 
0 160 9.6 3 0.407689144736842 0.56640625 25.6957906606287 3 0 0 
1 170 7.6 3 0.446010044642857 0.35859375 26.8543766526231 3 0 0 
0 170 9.6 3 0.498046875 0.475 20.2504708074587 3 0 0 
1 180 7.6 4 0.4109375 0.3734375 26.6764514061773 3 0 0 
0 180 9.6 4 0.415715144230769 0.5 22.3328795664794 3 0 0 
1 190 7.6 4 0.417436079545455 0.39296875 26.2345093497977 3 0 0 
0 190 9.6 4 0.404119318181818 0.5078125 16.2004244587257 3 0 0 
1 200 7.6 4 0.466646634615385 0.4796875 23.0524245834775 3 0 0 
0 200 9.6 4 0.482142857142857 0.478515625 24.0516943481855 3 0 0 
1 210 7.6 4 0.421496975806452 0.48046875 9.34626814732788 3 -1 0 
0 210 9.6 5 0.43203125 0.4609375 39.1575497583776 3 1 0 
1 220 7.6 5 0.4078125 0.4814453125 15.0337991777131 3 0 0 
0 220 9.6 5 0.39453125 0.44609375 40.6178469277391 3 0 0 
1 230 7.6 5 0.41796875 0.505859375 13.5157851220321 3 0 0 
0 230 9.6 5 0.4384765625 0.4384765625 41.5216585605209 3 0 0 
1 240 7.6 5 0.410011574074074 0.43515625 36.9445824034153 3 -1 0 
0 240 9.6 6 0.425 0.5146484375 38.1427430040322 3 1 0 
1 250 7.6 5 0.426460597826087 0.4578125 20.6746433716425 3 -1 0 
0 250 9.6 6 0.400111607142857 0.459375 38.8133983506122 3 1 0 
1 260 7.6 6 0.454823369565217 0.48203125 5.43141529101285 3 0 0 
0 260 9.6 6 0.445870535714286 0.4541015625 41.8354742784233 3 0 0 
1 270 7.6 6 0.441583806818182 0.52578125 10.6458065156118 3 0 0 
0 270 9.6 6 0.470766129032258 0.4951171875 31.4500294196094 3 0 0 
1 280 7.6 6 0.373480902777778 0.53125 11.3107889681177 3 -1 0 
0 280 9.6 7 0.436883223684211 0.4203125 43.6608959593458 3 1 0 
1 290 7.6 7 0.418185763888889 0.5146484375 21.7645474262777 3 0 0 
0 290 9.6 7 0.460693359375 0.4421875 29.9601473469718 3 0 0 
1 300 7.6 7 0.41015625 0.3701171875 40.6432552644172 3 0 0 
0 300 9.6 7 0.4322265625 0.46875 19.4042671779356 3 0 0 
1 310 7.6 7 0.393415178571429 0.4091796875 19.395230153275 3 -1 0 
0 310 9.6 8 0.444940476190476 0.4892578125 11.3341004700649 3 1 0 
1 320 7.6 7 0.422619047619048 0.365625 32.5310210328655 3 -1 0 
0 320 9.6 8 0.472486413043478 0.498046875 4.51111899087127 3 1 0 
1 330 7.6 7 0.414751838235294 0.43671875 35.9393081820948 3 -1 0 
0 330 9.6 8 0.439098011363636 0.482421875 13.8025380273827 3 1 0 
1 340 7.6 7 0.41333912037037 0.4328125 52.5223031705336 3 -1 0 
0 340 9.6 8 0.4419921875 0.376953125 42.1977062033894 3 1 0 
1 350 7.6 8 0.499794407894737 0.48671875 45.5975727088881 3 0 0 
0 350 9.6 8 0.486902573529412 0.4248046875 26.7664196023753 3 0 0 
1 360 7.6 8 0.438920454545455 0.453125 41.1426161824557 3 0 0 
0 360 9.6 8 0.39453125 0.458984375 34.0602486494399 3 0 0 
1 370 7.6 8 0.373883928571429 0.38046875 46.1342924087026 3 0 0 
0 370 9.6 8 0.39453125 0.4359375 50.9388387950473 3 0 0 
1 380 7.6 8 0.487047697368421 0.4453125 32.8236017411789 3 -1 0 
0 380 9.6 9 0.49125744047619 0.4625 41.3198394036363 3 1 0 
1 390 7.6 9 0.422019675925926 0.4734375 20.0568362470306 3 0 0 
0 390 9.6 9 0.440290178571429 0.48515625 36.8748628657719 3 0 0 
1 400 7.6 9 0.369047619047619 0.3779296875 28.1388950641713 3 0 0 
0 400 9.6 9 0.399739583333333 0.45859375 47.1726233784379 3 0 0 
1 410 7.6 9 0.419471153846154 0.4462890625 9.04257703766214 3 0 0 
0 410 9.6 9 0.48876953125 0.4482421875 50.6521635216563 3 0 0 
1 420 7.6 9 0.392153532608696 0.46875 5.33506817692615 3 -1 0 
0 420 9.6 10 0.446469907407407 0.4609375 50.1097361784001 3 1 0 
1 430 7.6 9 0.41748046875 0.380208333333333 25.7794568869908 3 -1 0 
0 430 9.6 10 0.39453125 0.4931640625 46.92563642295 3 1 0 
1 440 7.6 9 0.445182291666667 0.287109375 29.2008019024172 3 -1 0 
0 440 9.6 10 0.450737847222222 0.44609375 50.9926370929698 3 1 0 
1 450 7.6 10 0.4084375 0.32421875 32.0911125098115 3 -1 0 
0 450 9.6 11 0.456752232142857 0.51328125 33.2970753450541 3 1 0 
1 460 7.6 10 0.369791666666667 0.35078125 41.1399101623636 3 -1 0 
0 460 9.6 11 0.431423611111111 0.51875 26.6851606000614 3 1 0 
1 470 7.6 10 0.435267857142857 0.396875 33.0374560930048 3 -1 0 
0 470 9.6 11 0.482113486842105 0.53359375 25.0806128947255 3 1 0 
1 480 7.6 10 0.376352163461538 0.44609375 25.8320910615586 3 -1 0 
0 480 9.6 11 0.433314732142857 0.52734375 31.6536248872685 3 1 0 
1 490 7.6 10 0.37007472826087 0.427734375 30.2747785143666 3 -1 0 
0 490 9.6 11 0.4208984375 0.52734375 34.1627920589322 3 1 0 
1 500 7.6 11 0.454823369565217 0.4638671875 35.9730009760564 3 -1 0 
0 500 9.6 12 0.493359375 0.4951171875 37.4708643658033 3 1 0 
1 510 7.6 11 0.380514705882353 0.466796875 38.3279716688471 3 -1 0 
0 510 9.6 12 0.421052631578947 0.498046875 40.3249877649976 3 1 0 
1 520 7.6 11 0.390438988095238 0.328125 39.5499889714147 3 -1 0 
0 520 9.6 12 0.411931818181818 0.4931640625 40.0789945689042 3 1 0 
1 530 7.6 11 0.442649147727273 0.3796875 35.8167961348636 3 -1 0 
0 530 9.6 12 0.460379464285714 0.43046875 40.0922949757967 3 1 0 
1 540 7.6 11 0.397858796296296 0.3984375 32.1491821702971 3 -1 0 
0 540 9.6 12 0.44578125 0.50390625 26.8075490749313 3 1 0 
1 550 7.6 12 0.404597355769231 0.4599609375 39.7920651627447 3 0 0 
0 550 9.6 12 0.40078125 0.515625 8.5833331055837 3 0 0 
1 560 7.6 12 0.447566105769231 0.446614583333333 31.8067797843374 3 -1 0 
0 560 9.6 13 0.466703869047619 0.5421875 7.28394881833536 3 1 0 
1 570 7.6 12 0.433463541666667 0.389322916666667 27.4172256516704 3 -1 0 
0 570 9.6 13 0.398207720588235 0.5328125 11.6592164308819 3 1 0 
1 580 7.6 12 0.422724184782609 0.3095703125 30.7453399444963 3 -1 0 
0 580 9.6 13 0.423913043478261 0.51953125 13.2179696291392 3 1 0 
1 590 7.6 12 0.475142045454545 0.30546875 28.194185693289 3 -1 0 
0 590 9.6 13 0.513020833333333 0.5453125 27.2439553679048 3 1 0 
1 600 7.6 12 0.432391826923077 0.37734375 34.4722709233469 3 -2 0 
0 600 9.6 14 0.461197916666667 0.54609375 32.928720578208 3 2 0 
1 610 7.6 13 0.3919921875 0.42578125 40.8277019706 3 -1 0 
0 610 9.6 14 0.396129261363636 0.5125 35.8925827051604 3 1 0 
1 620 7.6 13 0.443933823529412 0.4248046875 34.1272619939853 3 -1 0 
0 620 9.6 14 0.426081730769231 0.47109375 28.7798077938463 3 1 0 
1 630 7.6 13 0.400251116071429 0.4248046875 17.5316424688808 3 -1 0 
0 630 9.6 14 0.458705357142857 0.50859375 24.4545555439318 3 1 0 
1 640 7.6 13 0.390285326086957 0.46875 17.5888416941999 3 -1 0 
0 640 9.6 14 0.435081845238095 0.53125 19.2594965487623 3 1 0 
1 650 7.6 14 0.466145833333333 0.38671875 42.2008605855701 3 -1 0 
0 650 9.6 15 0.446469907407407 0.506510416666667 27.3865786720069 3 1 0 
1 660 7.6 14 0.399338942307692 0.3583984375 30.6531847480023 3 -1 0 
0 660 9.6 15 0.44429347826087 0.526041666666667 29.4424949829577 3 1 0 
1 670 7.6 14 0.36328125 0.3095703125 31.2418525246776 3 -1 0 
0 670 9.6 15 0.476417824074074 0.553385416666667 21.4957561406606 3 1 0 
1 680 7.6 14 0.390625 0.34609375 31.0510372167894 3 -1 0 
0 680 9.6 15 0.513363486842105 0.40234375 58.9106757113124 3 1 0 
1 690 7.6 14 0.365017361111111 0.40078125 23.876280435875 3 -1 0 
0 690 9.6 15 0.46240234375 0.40234375 39.2610574558249 3 1 0 
1 700 7.6 14 0.384765625 0.42265625 22.7796568208468 3 -1 0 
0 700 9.6 15 0.475027901785714 0.478515625 28.5420388389819 3 1 0 
1 710 7.6 14 0.388774671052632 0.40625 27.6188559584734 3 -1 0 
0 710 9.6 15 0.5716796875 0.48828125 20.4879785125408 3 1 0 
1 720 7.6 14 0.424958881578947 0.421875 24.0162840044443 3 -1 0 
0 720 9.6 15 0.536057692307692 0.4462890625 13.3209745758294 3 1 0 
1 730 7.6 15 0.417224702380952 0.453125 17.278316222715 3 -1 0 
0 730 9.6 16 0.4005859375 0.4109375 25.4086811142696 3 1 0 
1 740 7.6 15 0.444424715909091 0.4265625 8.72272489284709 3 -1 0 
0 740 9.6 16 0.41455078125 0.43203125 25.7975668225949 3 1 0 
1 750 7.6 15 0.391977163461538 0.3796875 24.4419995517688 3 -1 0 
0 750 9.6 16 0.4541015625 0.42265625 18.3315220827477 3 1 0 
1 760 7.6 15 0.389873798076923 0.38359375 35.9268627075415 3 -1 0 
0 760 9.6 16 0.40078125 0.42578125 22.671053896567 3 1 0 
1 770 7.6 15 0.429537259615385 0.396484375 23.8423982826917 3 -1 0 
0 770 9.6 16 0.451021634615385 0.498046875 29.2171499287072 3 1 0 
1 780 7.6 16 0.378566576086957 0.4052734375 14.4782335385653 3 0 0 
0 780 9.6 16 0.421535326086957 0.490234375 28.6815143247448 3 0 0 
1 790 7.6 16 0.383877840909091 0.388671875 13.7306746646148 3 -1 0 
0 790 9.6 17 0.409128289473684 0.5146484375 33.9071154274888 3 1 0 
1 800 7.6 16 0.423177083333333 0.375 24.8199892601434 3 -1 0 
0 800 9.6 17 0.5068359375 0.4931640625 25.6913199681198 3 1 0 
1 810 7.6 16 0.406982421875 0.31484375 41.5929175382847 3 -1 0 
0 810 9.6 17 0.428168402777778 0.4578125 34.2564953194447 3 1 0 
1 820 7.6 16 0.3697265625 0.32421875 23.1480727806625 3 -1 0 
0 820 9.6 17 0.430501302083333 0.49453125 33.6345469379824 3 1 0 
1 830 7.6 16 0.399054276315789 0.33828125 7.15775956218596 3 -1 0 
0 830 9.6 17 0.488671875 0.59375 17.6008535746437 3 1 0 
1 840 7.6 17 0.401971726190476 0.3662109375 6.88121440606257 3 0 0 
0 840 9.6 17 0.48457532051282 0.427083333333333 47.2523365399665 3 0 0 
1 850 7.6 17 0.442023026315789 0.458984375 6.57721822806614 3 0 0 
0 850 9.6 17 0.5013427734375 0.39453125 23.7065391822594 3 0 0 
1 860 7.6 17 0.461554276315789 0.5283203125 4.62409800269976 3 0 0 
0 860 9.6 17 0.59953125 0.431640625 3.64005494464026 3 0 0 
1 870 7.6 17 0.391225961538462 0.4755859375 24.3405494162412 3 -1 0 
0 870 9.6 18 0.519314236111111 0.42578125 18.1107702762748 3 1 0 
1 880 7.6 17 0.360491071428571 0.5126953125 34.9738807785646 3 -1 0 
0 880 9.6 18 0.468229166666667 0.33984375 34.4469288093683 3 1 0 
1 890 7.6 17 0.443209134615385 0.396875 42.7024278196925 3 -1 0 
0 890 9.6 18 0.575161637931034 0.31640625 34.2084223038495 3 1 0 
1 900 7.6 18 0.3185546875 0.408203125 40.0811324017591 3 0 0 
0 900 9.6 18 0.479926215277778 0.39375 44.8192617101103 3 0 0 
1 910 7.6 18 0.339673913043478 0.359375 34.1526391814497 3 0 0 
0 910 9.6 18 0.447467672413793 0.4453125 31.8579603823323 3 0 0 
1 920 7.6 18 0.36890625 0.358072916666667 26.2083223037937 3 0 0 
0 920 9.6 18 0.563368055555556 0.53125 28.6483342864354 3 0 0 
1 930 7.6 18 0.358258928571429 0.29296875 18.8215302247187 3 -1 0 
0 930 9.6 19 0.50693359375 0.56875 14.0687451665781 3 1 0 
1 940 7.6 18 0.391157670454545 0.294921875 13.0096118312577 3 -1 0 
0 940 9.6 19 0.480583639705882 0.5296875 12.7376853588394 3 1 0 
1 950 7.6 18 0.402054398148148 0.396484375 16.7705098312484 3 -1 0 
0 950 9.6 19 0.555042613636364 0.53203125 19.4051377851888 3 1 0 
1 960 7.6 18 0.404633620689655 0.377604166666667 48.1285708862949 3 -1 0 
0 960 9.6 19 0.548221982758621 0.51953125 44.8817420276316 3 1 0 
1 970 7.6 18 0.474008413461538 0.3505859375 36.772720743546 3 -1 0 
0 970 9.6 19 0.39453125 0.52578125 41.3444092093388 3 1 0 
1 980 7.6 19 0.513541666666667 0.34375 45.0921559220335 3 -1 0 
0 980 9.6 20 0.47802734375 0.5140625 37.3426285159601 3 1 0 
1 990 7.6 19 0.346422697368421 0.43671875 25.8512575162738 3 -1 0 
0 990 9.6 20 0.451171875 0.465625 30.0443135346461 3 1 0 
1 1000 7.6 19 0.35546875 0.453125 17.9776052558108 3 -1 0 
0 1000 9.6 20 0.447337962962963 0.45703125 23.9455819462931 3 1 0 
1 1010 7.6 19 0.430989583333333 0.44140625 25.2955470263995 3 -1 0 
0 1010 9.6 20 0.519396551724138 0.45390625 24.1274314045907 3 1 0 
1 1020 7.6 19 0.346058238636364 0.4078125 19.3798696969408 3 -1 0 
0 1020 9.6 20 0.459455818965517 0.5 27.1005533701468 3 1 0 
1 1030 7.6 19 0.356387867647059 0.30859375 14.5142301796005 3 -1 0 
0 1030 9.6 20 0.432771381578947 0.60234375 16.3902795563209 3 1 0 
1 1040 7.6 19 0.37158203125 0.30546875 10.0996492644356 3 -1 0 
0 1040 9.6 20 0.510974702380952 0.63515625 14.6709012950882 3 1 0 
1 1050 7.6 20 0.384650735294118 0.279296875 13.7151203098662 3 0 0 
0 1050 9.6 20 0.471223958333333 0.682291666666667 17.4588707397068 3 0 0 
1 1060 7.6 20 0.394810267857143 0.283203125 11.538539378439 3 0 0 
0 1060 9.6 20 0.463169642857143 0.671875 6.18465843842649 3 0 0 
1 1070 7.6 20 0.400948660714286 0.3271484375 18.3173255086211 3 0 0 
0 1070 9.6 20 0.562959558823529 0.61328125 16.9705627484771 3 0 0 
1 1080 7.6 20 0.382560483870968 0.2470703125 11.495625174993 3 0 0 
0 1080 9.6 20 0.488131009615385 0.5078125 17.3277234511635 3 0 0 
1 1090 7.6 20 0.394191576086957 0.3017578125 15.5919647079572 3 0 0 
0 1090 9.6 20 0.444260817307692 0.421875 9.5524865872714 3 0 0 
1 1100 7.6 20 0.458251953125 0.3671875 13.6971629839036 3 0 0 
0 1100 9.6 20 0.44677734375 0.431640625 0.707106781186548 3 0 0 
1 1110 7.6 20 0.412560096153846 0.3994140625 14.0929522904432 3 0 0 
0 1110 9.6 20 0.4255859375 0.3828125 19.0259921002223 3 0 0 
1 1120 7.6 20 0.42259837962963 0.346875 28.7836645972778 3 -1 0 
0 1120 9.6 21 0.39453125 0.3310546875 33.9411238357135 3 1 0 
1 1130 7.6 20 0.483141447368421 0.44765625 28.3988058555934 3 -1 0 
0 1130 9.6 21 0.423828125 0.29140625 32.5599558321413 3 1 0 
1 1140 7.6 20 0.452769886363636 0.50859375 35.4648839311185 3 -1 0 
0 1140 9.6 21 0.439985795454545 0.40390625 31.1985117778608 3 1 0 
1 1150 7.6 21 0.371803977272727 0.5125 33.0994342078644 3 0 0 
0 1150 9.6 21 0.39453125 0.45546875 23.2239907815999 3 0 0 
1 1160 7.6 21 0.43656994047619 0.48828125 30.3772891632201 3 0 0 
0 1160 9.6 21 0.420247395833333 0.39453125 44.1131176261058 3 0 0 
1 1170 7.6 21 0.375532670454545 0.4890625 15.6619453807648 3 0 0 
0 1170 9.6 21 0.465680803571429 0.3921875 35.0133303782871 3 0 0 
1 1180 7.6 21 0.3671875 0.5546875 9.56877495041264 3 0 0 
0 1180 9.6 21 0.453125 0.37890625 14.6908891230883 3 0 0 
1 1190 7.6 21 0.444568452380952 0.5810546875 5.13479768529008 3 0 0 
0 1190 9.6 21 0.466488486842105 0.4296875 7 3 0 0 
1 1200 7.6 21 0.4359375 0.5166015625 18.0584075151713 3 0 0 
0 1200 9.6 21 0.4921875 0.296875 1.80277563773199 3 0 0 
1 1210 7.6 21 0.411979166666667 0.4267578125 40.7524957157131 3 0 0 
0 1210 9.6 21 0.450452302631579 0.21875 6.40312423743285 3 0 0 
1 1220 7.6 21 0.476427801724138 0.408203125 31.5542960966374 3 0 0 
0 1220 9.6 21 0.442708333333333 0.333984375 9.61769203083567 3 0 0 
1 1230 7.6 22 0.464978448275862 0.431640625 34.9584444527091 3 1 0 
0 1230 9.6 21 0.454176682692308 0.453125 37.1214223865412 3 -1 0 
1 1240 7.6 22 0.375 0.46484375 29.1647189232046 3 1 0 
0 1240 9.6 21 0.406901041666667 0.435546875 41.8389770429441 3 -1 0 
1 1250 7.6 22 0.389391447368421 0.4423828125 16.2028002992821 3 1 0 
0 1250 9.6 21 0.418174342105263 0.2958984375 42.4360183605115 3 -1 0 
1 1260 7.6 22 0.4530029296875 0.396875 30.8664361571799 3 0 0 
0 1260 9.6 22 0.409598214285714 0.27734375 28.6629791408663 3 0 0 
1 1270 7.6 22 0.418108258928571 0.39921875 24.8851774419379 3 0 0 
0 1270 9.6 22 0.436802455357143 0.4 18.5502905204633 3 0 0 
1 1280 7.6 22 0.441592261904762 0.4390625 23.0548764077814 3 0 0 
0 1280 9.6 22 0.46577380952381 0.47265625 25.0092780225389 3 0 0 
1 1290 7.6 22 0.389453125 0.46796875 17.9484580125377 3 0 0 
0 1290 9.6 22 0.4052734375 0.5171875 14.4325787968749 3 0 0 
1 1300 7.6 22 0.36328125 0.453125 45.3296514041536 3 0 0 
0 1300 9.6 22 0.47265625 0.63125 8.63095696711129 3 0 0 
1 1310 7.6 22 0.377604166666667 0.42578125 53.9697519753747 3 0 0 
0 1310 9.6 22 0.48578125 0.62734375 23.3050396882274 3 0 0 
1 1320 7.6 22 0.394748263888889 0.434895833333333 61.1768369770025 3 0 1 
0 1320 9.6 22 0.517071759259259 0.596875 32.2390578006172 2 0 -1 
1 1330 7.6 23 0.394301470588235 0.372395833333333 58.7656457939245 2 1 0 
0 1330 9.6 22 0.480263157894737 0.53671875 58.3430457599124 2 -1 0 
1 1340 7.6 23 0.449678308823529 0.372395833333333 38.7761178859843 2 1 0 
0 1340 9.6 22 0.576605902777778 0.55625 41.6570309080279 2 -1 0 
1 1350 7.6 23 0.456801470588235 0.361979166666667 39.3821667814009 2 1 0 
0 1350 9.6 22 0.576256793478261 0.6109375 41.8378796542032 2 -1 0 
1 1360 7.6 23 0.539713541666667 0.25859375 40.3496103272894 2 0 0 
0 1360 9.6 23 0.525815217391304 0.575 35.004643711985 2 0 0 
1 1370 7.6 23 0.539713541666667 0.28515625 36.50628083926 2 0 0 
0 1370 9.6 23 0.5334375 0.5546875 42.1202459338858 2 0 0 
1 1380 7.6 23 0.419117647058824 0.3369140625 11.0191614639188 2 0 0 
0 1380 9.6 23 0.5440673828125 0.5078125 41.223583318655 2 0 0 
1 1390 7.6 23 0.390925480769231 0.3427734375 13.3883048495203 2 0 0 
0 1390 9.6 23 0.525651041666667 0.48046875 29.8413093467274 2 0 0 
1 1400 7.6 23 0.404947916666667 0.33984375 14.1929520266792 2 0 0 
0 1400 9.6 23 0.541796875 0.51171875 27.905803292613 2 0 0 
1 1410 7.6 23 0.417791193181818 0.3232421875 13.6506517967963 2 0 0 
0 1410 9.6 23 0.501352163461538 0.5693359375 12.4184460692292 2 0 0 
1 1420 7.6 23 0.417557565789474 0.2841796875 15.4054760999871 2 0 0 
0 1420 9.6 23 0.478236607142857 0.6123046875 6.89120897217893 2 0 0 
1 1430 7.6 23 0.432421875 0.2828125 20.1861579959315 2 0 0 
0 1430 9.6 23 0.468191964285714 0.623046875 17.7542974016189 2 0 0 
1 1440 7.6 23 0.389278017241379 0.309375 12.8182514919076 2 0 0 
0 1440 9.6 23 0.428292410714286 0.63671875 17.7788245650403 2 0 0 
1 1450 7.6 23 0.40390625 0.30859375 4.29811856075974 2 0 0 
0 1450 9.6 23 0.438802083333333 0.568359375 28.9879012433576 2 0 0 
1 1460 7.6 24 0.5734375 0.3453125 13.6693043010425 2 1 0 
0 1460 9.6 23 0.515324519230769 0.494791666666667 15.8709984795242 2 -1 0 
1 1470 7.6 24 0.450846354166667 0.3859375 23.7978899009941 2 1 0 
0 1470 9.6 23 0.488095238095238 0.360677083333333 36.1874076045656 2 -1 0 
1 1480 7.6 24 0.435081845238095 0.396875 32.8382234247035 2 1 0 
0 1480 9.6 23 0.410757211538462 0.373697916666667 24.4474964421064 2 -1 0 
1 1490 7.6 24 0.564967105263158 0.375 42.2688513597885 2 1 0 
0 1490 9.6 23 0.4857421875 0.453125 16.2473130534795 2 -1 0 
1 1500 7.6 24 0.489713541666667 0.44140625 34.361966769069 2 1 0 
0 1500 9.6 23 0.5185546875 0.44140625 10.8971318463497 2 -1 0 
1 1510 7.6 24 0.493326822916667 0.45546875 33.0570179941731 2 1 0 
0 1510 9.6 23 0.597900390625 0.333984375 30.930468078296 2 -1 0 
1 1520 7.6 24 0.574869791666667 0.45546875 31.7050720829046 2 1 0 
0 1520 9.6 23 0.598307291666667 0.4052734375 29.3414351911886 2 -1 0 
1 1530 7.6 24 0.482964409722222 0.38359375 24.754868270652 2 1 0 
0 1530 9.6 23 0.499549278846154 0.4265625 29.8213027374211 2 -1 0 
1 1540 7.6 24 0.563802083333333 0.32109375 20.6419957301064 2 1 0 
0 1540 9.6 23 0.521391369047619 0.46875 28.8780289296038 2 -1 0 
1 1550 7.6 24 0.563508064516129 0.3359375 14.6870063688867 2 0 0 
0 1550 9.6 24 0.528971354166667 0.40234375 27.1154429485289 2 0 0 
1 1560 7.6 24 0.447088068181818 0.39609375 23.479518427764 2 0 0 
0 1560 9.6 24 0.44296875 0.325 37.4008185357836 2 0 0 
1 1570 7.6 24 0.45219494047619 0.55 21.797558188456 2 0 0 
0 1570 9.6 24 0.495271381578947 0.33828125 24.0697144827868 2 0 0 
1 1580 7.6 24 0.538373161764706 0.628125 6.39288582111751 2 0 0 
0 1580 9.6 24 0.516276041666667 0.3109375 6.15512556962951 2 0 0 
1 1590 7.6 24 0.540178571428571 0.59375 11.3390464530477 2 0 0 
0 1590 9.6 24 0.498842592592593 0.3484375 11.495791731479 2 0 0 
1 1600 7.6 24 0.482421875 0.60078125 7.27208290581022 2 0 0 
0 1600 9.6 24 0.568359375 0.3265625 3.76569078310854 2 0 0 
1 1610 7.6 25 0.483125 0.503125 8.04282753968122 2 1 0 
0 1610 9.6 24 0.638237847222222 0.361328125 19.7800404448525 2 -1 0 
1 1620 7.6 25 0.411551339285714 0.44921875 26.9644312261012 2 1 0 
0 1620 9.6 24 0.526204427083333 0.28125 0 2 -1 0 
1 1630 7.6 25 0.457950367647059 0.5421875 36.3831674925378 2 1 0 
0 1630 9.6 24 0.429296875 0.3203125 0 2 -1 0 
1 1640 7.6 25 0.571940104166667 0.5595703125 44.2644773959979 2 1 1 
0 1640 9.6 24 0.501953125 0.25390625 0 1 -1 -1 
1 1650 7.6 25 0.523092830882353 0.5888671875 35.0201441661182 2 1 1 
0 1650 9.6 24 0.348858173076923 0.30859375 0 1 -1 -1 
1 1660 7.6 25 0.517641129032258 0.5419921875 33.0068807504806 2 1 1 
0 1660 9.6 24 0.41015625 0.33984375 0 1 -1 -1 
1 1670 7.6 25 0.612338362068966 0.5205078125 30.1310130475998 2 1 1 
0 1670 9.6 24 0.419921875 0.21875 20.1246117974981 1 -1 -1 
1 1680 7.6 25 0.5388671875 0.5166015625 25.5240115928654 2 1 1 
0 1680 9.6 24 0.312760416666667 0.21953125 16.940147633387 1 -1 -1 
1 1690 7.6 25 0.510890151515151 0.529296875 25.3685879901971 2 1 1 
0 1690 9.6 24 0.375651041666667 0.28203125 20.5356119987578 1 -1 -1 
1 1700 7.6 25 0.574368990384615 0.5205078125 4.52520909362847 2 1 1 
0 1700 9.6 24 0.381944444444444 0.31953125 23.2827404722101 1 -1 -1 
1 1710 7.6 25 0.497106481481481 0.3171875 27.1668742085631 2 1 1 
0 1710 9.6 24 0.38916015625 0.315625 28.7033493956361 1 -1 -1 
1 1720 7.6 25 0.461328125 0.32265625 29.8378839731852 2 1 1 
0 1720 9.6 24 0.351996527777778 0.3765625 20.0127445991751 1 -1 -1 
1 1730 7.6 25 0.53125 0.384375 29.2337448058748 2 0 1 
0 1730 9.6 25 0.351996527777778 0.4109375 18.0525826110147 1 0 -1 
1 1740 7.6 25 0.483366935483871 0.40546875 23.6059572640568 2 0 1 
0 1740 9.6 25 0.379296875 0.39921875 15.5127006986992 1 0 -1 
1 1750 7.6 25 0.448939732142857 0.47265625 24.1721003565543 2 0 1 
0 1750 9.6 25 0.372488839285714 0.4796875 4.95079708695153 1 0 -1 
1 1760 7.6 25 0.5065625 0.450520833333333 30.9980362056594 2 0 1 
0 1760 9.6 25 0.376116071428571 0.5359375 11.1480030034043 1 0 -1 
1 1770 7.6 25 0.474045138888889 0.328125 30.3763977871595 2 0 1 
0 1770 9.6 25 0.355747767857143 0.60078125 9.45586818040547 1 0 -1 
1 1780 7.6 25 0.466331845238095 0.220703125 15.5724115023974 2 0 1 
0 1780 9.6 25 0.38671875 0.63671875 39.3419533310502 1 0 -1 
1 1790 7.6 25 0.565625 0.20703125 0 1 0 0 
0 1790 9.6 25 0.408025568181818 0.6609375 40.7155417574615 1 0 0 
1 1800 7.6 26 0.453255208333333 0.203125 0 1 1 0 
0 1800 9.6 25 0.34375 0.69453125 34.6714059916424 1 -1 0 
1 1810 7.6 26 0.46875 0.134765625 4.92442890089805 1 1 0 
0 1810 9.6 25 0.545166015625 0.728125 17.98331554756 1 -1 0 
1 1820 7.6 26 0.555930397727273 0.18359375 11.8577800136379 1 1 0 
0 1820 9.6 25 0.591552734375 0.60546875 51.5065440188474 1 -1 0 
1 1830 7.6 26 0.458519345238095 0.294270833333333 13.8302053486287 1 1 0 
0 1830 9.6 25 0.449776785714286 0.5125 33.8146643842787 1 -1 0 
1 1840 7.6 26 0.448539402173913 0.3515625 33.8774013583064 1 1 0 
0 1840 9.6 25 0.44140625 0.432291666666667 39.4669901044286 1 -1 0 
1 1850 7.6 26 0.5065625 0.3369140625 48.8957400977168 1 1 0 
0 1850 9.6 25 NaN 0.404296875 39.6011363473323 1 -1 0 
1 1860 7.6 26 0.517740885416667 0.497395833333333 47.4020367386548 1 1 0 
0 1860 9.6 25 0.386067708333333 0.3671875 34.6554469023269 1 -1 0 
1 1870 7.6 26 0.435546875 0.5703125 25.7770341182245 1 0 1 
0 1870 9.6 26 0.367447916666667 0.236328125 13.5092560861063 0 0 -1 
1 1880 7.6 26 0.490740740740741 0.580078125 31.5510094500732 1 0 1 
0 1880 9.6 26 0.359809027777778 0.31640625 11.4017542509914 0 0 -1 
1 1890 7.6 26 0.503502155172414 0.5009765625 22.9772875145341 1 0 1 
0 1890 9.6 26 0.37109375 0.23828125 21.5928228816892 0 0 -1 
1 1900 7.6 26 0.433743990384615 0.517578125 10.2220390537639 1 0 1 
0 1900 9.6 26 0.362165178571429 0.328125 8 0 0 -1 
1 1910 7.6 26 0.529389880952381 0.4015625 29.8110657007355 1 0 1 
0 1910 9.6 26 0.359675480769231 0.248046875 18.1716408052398 0 0 -1 
1 1920 7.6 26 0.5 0.43984375 25.2140348384282 1 0 1 
0 1920 9.6 26 0.334872159090909 0.31171875 18.6647639584989 0 0 -1 
1 1930 7.6 26 0.441145833333333 0.42734375 12.6115634777508 1 0 1 
0 1930 9.6 26 0.376420454545455 0.4328125 19.6174470260854 0 0 -1 
1 1940 7.6 26 0.572610294117647 0.44921875 4.78965984641297 1 0 1 
0 1940 9.6 26 0.3779296875 0.49140625 11.2034472388596 0 0 -1 
1 1950 7.6 26 0.544921875 0.42578125 6.40312423743285 1 0 1 
0 1950 9.6 26 0.3466796875 0.526041666666667 4.40590998796365 0 0 -1 
1 1960 7.6 26 0.501227678571429 0.390625 13.8293166859393 1 0 1 
0 1960 9.6 26 0.385416666666667 0.584635416666667 7.52341400407883 0 0 -1 
1 1970 7.6 26 0.538773148148148 0.27734375 31.0161248385416 1 0 1 
0 1970 9.6 26 0.4078125 0.627604166666667 20.3372457517682 0 0 -1 
1 1980 7.6 26 0.531960227272727 0.27734375 16.4012194668567 1 0 1 
0 1980 9.6 26 0.379166666666667 0.625 12.9148053587064 0 0 -1 
1 1990 7.6 27 0.448177083333333 0.48046875 21.7313138121007 1 1 1 
0 1990 9.6 26 0.38828125 0.546875 10.2771041261931 0 -1 -1 
1 2000 7.6 27 0.542668269230769 0.5546875 27.7713881539976 1 1 1 
0 2000 9.6 26 0.437065972222222 0.364583333333333 51.9074795952767 0 -1 -1 
1 2010 7.6 27 0.545266544117647 0.470703125 84.7127499258524 1 1 1 
0 2010 9.6 26 0.4697265625 0.2724609375 30.1173742648884 0 -1 -1 
1 2020 7.6 27 0.76171875 0.8046875 0 1 1 1 
0 2020 9.6 26 NaN 0.2744140625 26.1271757541707 0 -1 -1 
