1 30 9.2 1 NaN 0.308870967741935 23.6974401702925 3 0 0 
0 30 10 1 NaN 0.310483870967742 4.626456180702 3 0 0 
1 40 9.2 1 NaN 0.324193548387097 23.685610284232 3 0 0 
0 40 10 1 NaN 0.370967741935484 24.9332307855087 3 0 0 
1 50 9.2 1 0.383064516129032 0.383870967741935 29.645641886049 3 0 0 
0 50 10 1 0.380645161290323 0.425 22.5885500946913 3 0 0 
1 60 9.2 1 0.375 0.482862903225806 30.6565545131538 3 0 0 
0 60 10 1 0.375 0.469758064516129 7.10774531669576 3 0 0 
1 70 9.2 1 0.385611205432937 0.470766129032258 18.4445798666724 3 0 0 
0 70 10 1 0.392190152801358 0.467741935483871 10.5619321574631 3 0 0 
1 80 9.2 1 0.468413978494624 0.416935483870968 43.1129013022007 3 0 0 
0 80 10 1 0.472782258064516 0.473790322580645 24.0694317777967 3 0 0 
1 90 9.2 1 0.399342891278375 0.442741935483871 31.7947641326645 3 0 0 
0 90 10 1 0.41363163371488 0.483870967741936 26.5955497911405 3 0 0 
1 100 9.2 1 0.395929339477727 0.476612903225806 25.7939708655174 3 -1 0 
0 100 10 2 0.408266129032258 0.417741935483871 40.4244785589756 3 1 0 
1 110 9.2 2 0.463853686635945 0.476612903225806 34.7489959125562 3 0 0 
0 110 10 2 0.473588709677419 0.429838709677419 33.1586200573184 3 0 0 
1 120 9.2 2 0.415322580645161 0.505040322580645 37.4012975185579 3 0 0 
0 120 10 2 0.404089861751152 0.439516129032258 33.72672880666 3 0 0 
1 130 9.2 2 0.406362007168459 0.485887096774194 36.5014476983984 3 -1 0 
0 130 10 3 0.416162634408602 0.459677419354839 31.5641958584526 3 1 0 
1 140 9.2 2 0.476280834914611 0.420161290322581 46.6496441507445 3 -1 0 
0 140 10 3 0.484787390029326 0.466129032258065 28.4596890204139 3 1 0 
1 150 9.2 3 0.39779776674938 0.453225806451613 37.9032068906249 3 0 0 
0 150 10 3 0.421639784946237 0.512903225806452 30.0116072201062 3 0 0 
1 160 9.2 3 0.399368863955119 0.457661290322581 36.9952175397613 3 -1 0 
0 160 10 4 0.394635343618513 0.476612903225806 25.2204989048222 3 1 0 
1 170 9.2 4 0.474761051373955 0.493951612903226 47.7096071238784 3 0 0 
0 170 10 4 0.467741935483871 0.470967741935484 27.2834211304858 3 0 0 
1 180 9.2 4 0.418757467144564 0.433870967741935 52.5063890138113 3 -1 0 
0 180 10 5 0.402329749103943 0.466129032258065 29.1460263056714 3 1 0 
1 190 9.2 4 0.414772727272727 0.442741935483871 47.7717008705751 3 -1 0 
0 190 10 5 0.40668202764977 0.494959677419355 22.5480372614355 3 1 0 
1 200 9.2 5 0.450772849462366 0.463709677419355 36.889760912386 3 -1 0 
0 200 10 6 0.470094086021505 0.406451612903226 49.4940550689505 3 1 0 
1 210 9.2 5 0.422379032258065 0.513104838709677 42.7433704468944 3 -1 0 
0 210 10 6 0.402140198511166 0.432258064516129 43.2313669763812 3 1 0 
1 220 9.2 5 0.452712609970675 0.540322580645161 43.2726159339187 3 -1 0 
0 220 10 6 0.376792114695341 0.434677419354839 35.2428571301574 3 1 0 
1 230 9.2 6 0.470998759305211 0.438709677419355 46.1492700369515 3 0 0 
0 230 10 6 0.460282258064516 0.458064516129032 43.6471697536721 3 0 0 
1 240 9.2 6 0.399348635235732 0.459677419354839 45.1695721450863 3 -1 0 
0 240 10 7 0.404677419354839 0.466935483870968 40.6681622281573 3 1 0 
1 250 9.2 6 0.40255376344086 0.455645161290323 23.0867927612304 3 -1 0 
0 250 10 7 0.405745967741936 0.463709677419355 44.521860626575 3 1 0 
1 260 9.2 6 0.480050933786078 0.304435483870968 48.0782658564055 3 -2 0 
0 260 10 8 0.467558651026393 0.47741935483871 44.7179844575874 3 2 0 
1 270 9.2 6 0.375 0.346774193548387 47.2327001799218 3 -2 0 
0 270 10 8 0.445945945945946 0.471774193548387 37.926706328832 3 2 0 
1 280 9.2 7 0.374151103565365 0.400806451612903 40.8347691687651 3 -1 0 
0 280 10 8 0.398643695014663 0.404838709677419 47.9790467141313 3 1 0 
1 290 9.2 7 0.453366058906031 0.407258064516129 36.9991230225028 3 -1 0 
0 290 10 8 0.470021037868163 0.429838709677419 37.2339136581465 3 1 0 
1 300 9.2 7 0.38599706744868 0.442741935483871 39.3481417314865 3 -1 0 
0 300 10 8 0.416991101223582 0.44758064516129 36.7925533307943 3 1 0 
1 310 9.2 7 0.405360531309298 0.468548387096774 34.951482783828 3 -1 0 
0 310 10 8 0.405337941628264 0.45241935483871 38.3804064111208 3 1 0 
1 320 9.2 7 0.487666034155598 0.456451612903226 26.7217077408896 3 -2 0 
0 320 10 9 0.483446519524618 0.389112903225806 35.903723482982 3 2 0 
1 330 9.2 7 0.40284178187404 0.45241935483871 23.7507473145449 3 -2 0 
0 330 10 9 0.391935483870968 0.429838709677419 46.1562703667961 3 2 0 
1 340 9.2 8 0.382680491551459 0.480846774193548 8.45357169399796 3 -1 0 
0 340 10 9 0.387432795698925 0.442741935483871 33.8276063818158 3 1 0 
1 350 9.2 8 0.47741935483871 0.403225806451613 46.0121624796346 3 -1 0 
0 350 10 9 0.464477726574501 0.479838709677419 45.9464556108831 3 1 0 
1 360 9.2 8 0.411290322580645 0.399193548387097 30.5245278828575 3 -1 0 
0 360 10 9 0.408168574401665 0.47883064516129 43.1804412678206 3 1 0 
1 370 9.2 8 0.401472650771389 0.345430107526882 48.6626350575301 3 -2 0 
0 370 10 10 0.420467185761958 0.404838709677419 59.468318643638 3 2 0 
1 380 9.2 9 0.473118279569893 0.362903225806452 43.8538237252592 3 -1 0 
0 380 10 10 0.465552995391705 0.407258064516129 56.4611570442198 3 1 0 
1 390 9.2 9 0.397741935483871 0.373991935483871 52.7232632579062 3 -1 0 
0 390 10 10 0.460427606901725 0.417338709677419 43.072796456303 3 1 0 
1 400 9.2 9 0.374787775891341 0.326612903225806 58.1940337807021 3 -2 0 
0 400 10 11 0.48309053069719 0.477822580645161 43.0394982435365 3 2 0 
1 410 9.2 9 0.418255131964809 0.40625 41.5372713224813 3 -2 0 
0 410 10 11 0.526519851116625 0.479032258064516 37.6458166490217 3 2 0 
1 420 9.2 10 0.386460101867572 0.321774193548387 47.2839686116849 3 -1 0 
0 420 10 11 0.4603889943074 0.470430107526882 41.5957795308983 3 1 0 
1 430 9.2 10 0.381366723259762 0.340322580645161 43.9630179807893 3 -1 0 
0 430 10 11 0.404377880184332 0.528225806451613 28.7979510269595 3 1 0 
1 440 9.2 10 0.418279569892473 0.403225806451613 34.0877114301491 3 -1 0 
0 440 10 11 0.507168458781362 0.529569892473118 34.49995291718 3 1 0 
1 450 9.2 11 0.423777315296566 0.45 34.6436858929897 3 -1 0 
0 450 10 12 0.442847124824684 0.388440860215054 45.5019975416403 3 1 0 
1 460 9.2 11 0.397849462365591 0.484677419354839 43.1304942812856 3 -1 0 
0 460 10 12 0.398643695014663 0.483870967741936 15.0748134316813 3 1 0 
1 470 9.2 11 0.496505376344086 0.528225806451613 33.1266932911404 3 -1 0 
0 470 10 12 0.442012288786482 0.361559139784946 37.0041866410904 3 1 0 
1 480 9.2 11 0.438709677419355 0.517741935483871 32.318073742109 3 -1 0 
0 480 10 12 0.381166982922201 0.316129032258065 43.0889587570888 3 1 0 
1 490 9.2 11 0.398588709677419 0.49758064516129 44.103812000811 3 -1 0 
0 490 10 12 0.378629032258065 0.356182795698925 33.7324809489374 3 1 0 
1 500 9.2 12 0.480205278592375 0.365927419354839 37.6253651984017 3 -1 0 
0 500 10 13 0.451209677419355 0.399193548387097 29.3322299992813 3 1 0 
1 510 9.2 12 0.420530913978495 0.407258064516129 24.0834890172062 3 -1 0 
0 510 10 13 0.421566077003122 0.453629032258065 35.7294521564983 3 1 0 
1 520 9.2 12 0.381048387096774 0.444556451612903 33.256741904736 3 -1 0 
0 520 10 13 0.410522273425499 0.472782258064516 37.5126057784803 3 1 0 
1 530 9.2 12 0.421572580645161 0.416129032258064 50.2166388964165 3 -1 0 
0 530 10 13 0.482903225806452 0.446236559139785 34.6026211268932 3 1 0 
1 540 9.2 12 0.412541713014461 0.434677419354839 39.7440473007575 3 -1 0 
0 540 10 13 0.428870967741936 0.463709677419355 50.1913681803479 3 1 0 
1 550 9.2 12 0.393548387096774 0.425806451612903 25.5860257536427 3 -2 0 
0 550 10 14 0.412186379928315 0.508064516129032 43.869119982763 3 2 0 
1 560 9.2 13 0.449751861042184 0.45 25.8937897473998 3 -1 0 
0 560 10 14 0.48991935483871 0.514784946236559 45.8873298041311 3 1 0 
1 570 9.2 13 0.423811544991511 0.500806451612903 13.5759141633313 3 -1 0 
0 570 10 14 0.405241935483871 0.404838709677419 53.6615111275766 3 1 0 
1 580 9.2 13 0.381837307152875 0.493951612903226 5.08586966456383 3 -1 0 
0 580 10 14 0.400201612903226 0.463037634408602 38.1026903383709 3 1 0 
1 590 9.2 13 0.428349875930521 0.503024193548387 8.66565722669062 3 -1 0 
0 590 10 14 0.483658743633277 0.448387096774194 27.6695879451328 3 1 0 
1 600 9.2 13 0.407258064516129 0.559475806451613 9.8284784082378 3 -1 0 
0 600 10 14 0.420440446650124 0.4375 21.2693639188204 3 1 0 
1 610 9.2 13 0.411514336917563 0.490927419354839 15.652669165841 3 -2 0 
0 610 10 15 0.404233870967742 0.375 31.2806068918362 3 2 0 
1 620 9.2 13 0.470766129032258 0.415322580645161 31.9445571358982 3 -2 0 
0 620 10 15 0.438172043010753 0.434475806451613 28.4820939364657 3 2 0 
1 630 9.2 13 0.386491935483871 0.413709677419355 15.0173069296601 3 -2 0 
0 630 10 15 0.433823529411765 0.457661290322581 27.6332405687705 3 2 0 
1 640 9.2 14 0.374596774193548 0.39758064516129 16.5968455109429 3 -1 0 
0 640 10 15 0.457661290322581 0.505040322580645 27.3818115083548 3 1 0 
1 650 9.2 14 0.431152927120669 0.463709677419355 3.2905694150421 3 -1 0 
0 650 10 15 0.497194950911641 0.526881720430108 22.4851505152379 3 1 0 
1 660 9.2 14 0.398745519713262 0.494959677419355 6.66181823344447 3 -2 0 
0 660 10 16 0.473671726755218 0.502016129032258 38.395963329496 3 2 0 
1 670 9.2 14 0.467030360531309 0.382056451612903 24.9284930903273 3 -2 0 
0 670 10 16 0.50154174573055 0.44758064516129 36.6742416417845 3 2 0 
1 680 9.2 15 0.440668202764977 0.275 22.731008352448 3 -1 0 
0 680 10 16 0.541072768192048 0.457661290322581 30.7327187212586 3 1 0 
1 690 9.2 15 0.350403225806452 0.24758064516129 12.6770024785975 3 -1 0 
0 690 10 16 0.529838709677419 0.395161290322581 51.7952548119721 3 1 0 
1 700 9.2 15 0.373991935483871 0.32258064516129 24.8855029728201 3 -1 0 
0 700 10 16 0.539381720430108 0.404032258064516 54.5510671446496 3 1 0 
1 710 9.2 15 0.326948924731183 0.433870967741935 38.0573722750137 3 -1 0 
0 710 10 16 0.560315860215054 0.44758064516129 38.5378696838627 3 1 0 
1 720 9.2 16 0.362377279102384 0.384677419354839 39.4644826097246 3 0 0 
0 720 10 16 0.466275659824047 0.460685483870968 31.591265911091 3 0 0 
1 730 9.2 16 0.410618279569893 0.387096774193548 41.424375547432 3 -1 0 
0 730 10 17 0.380730050933786 0.455645161290323 30.3004545934929 3 1 0 
1 740 9.2 16 0.48719165085389 0.470967741935484 26.5299322464895 3 -1 0 
0 740 10 17 0.516129032258065 0.470430107526882 8.18032604268583 3 1 0 
1 750 9.2 17 0.369815668202765 0.473790322580645 7.1351721987355 3 0 0 
0 750 10 17 0.450748847926267 0.423387096774194 0 3 0 0 
1 760 9.2 17 0.376550868486352 0.507056451612903 4.19424273169686 3 0 0 
0 760 10 17 0.433755760368664 0.407258064516129 0 3 0 0 
1 770 9.2 17 0.431027164685908 0.515120967741936 19.8144694039646 3 0 0 
0 770 10 17 0.527258064516129 0.241935483870968 0 3 0 0 
1 780 9.2 17 0.423126951092612 0.522177419354839 25.0741453264851 3 0 0 
0 780 10 17 0.46357063403782 0.407258064516129 0 3 0 0 
1 790 9.2 18 0.493699596774194 0.446774193548387 53.2980337907071 3 1 0 
0 790 10 17 0.426971326164875 0.399193548387097 0 3 -1 0 
1 800 9.2 18 0.561895161290323 0.436290322580645 61.0693709105004 3 1 0 
0 800 10 17 0.523344651952462 0.188508064516129 33.080641340555 3 -1 0 
1 810 9.2 18 0.429516129032258 0.44758064516129 36.9763058387176 3 0 0 
0 810 10 18 0.42964404894327 0.287298387096774 22.5062764283591 3 0 0 
1 820 9.2 18 0.432056451612903 0.408266129032258 30.4736531545581 3 0 0 
0 820 10 18 0.450604838709677 0.394153225806452 24.2525622749806 3 0 0 
1 830 9.2 18 0.439516129032258 0.407258064516129 22.1283562491513 3 0 0 
0 830 10 18 0.464076246334311 0.393145161290323 32.7941238529093 3 0 0 
1 840 9.2 18 0.396774193548387 0.454637096774194 20.9900037198388 3 0 0 
0 840 10 18 0.446051167964405 0.430443548387097 22.4997751071452 3 0 0 
1 850 9.2 19 0.420967741935484 0.484879032258065 21.9024210790629 3 1 0 
0 850 10 18 0.376260080645161 0.473118279569892 30.0515768736234 3 -1 0 
1 860 9.2 19 0.457661290322581 0.372983870967742 33.1278990762859 3 0 0 
0 860 10 19 0.456048387096774 0.5 20.7677224088271 3 0 0 
1 870 9.2 19 0.427867383512545 0.253024193548387 25.1814843193986 3 0 0 
0 870 10 19 0.414021852237253 0.532258064516129 6.39886292321875 3 0 0 
1 880 9.2 19 0.402376910016978 0.300403225806452 20.7772114974523 3 0 0 
0 880 10 19 0.449970131421744 0.60752688172043 2.5689695415271 3 0 0 
1 890 9.2 19 0.428283410138249 0.432459677419355 9.31473449505211 3 0 0 
0 890 10 19 0.502016129032258 0.498655913978495 12.0117805730508 3 0 0 
1 900 9.2 19 0.414362519201229 0.452956989247312 24.443911313097 3 0 0 
0 900 10 19 0.461567540322581 0.329301075268817 5.48999835028788 3 0 0 
1 910 9.2 19 0.388664874551971 0.389784946236559 11.1256253925557 3 0 0 
0 910 10 19 0.428064516129032 0.240927419354839 31.6667228018252 3 0 0 
1 920 9.2 19 0.431199596774194 0.381720430107527 8.75867838129462 3 -1 0 
0 920 10 20 0.452508960573477 0.34375 22.5357495477335 3 1 0 
1 930 9.2 19 0.400729646697389 0.363911290322581 27.1124125587562 3 -1 0 
0 930 10 20 0.454301075268817 0.470766129032258 13.1452889032857 3 1 0 
1 940 9.2 20 0.376536098310292 0.290322580645161 15.7119048307909 3 0 0 
0 940 10 20 0.452242943548387 0.547715053763441 29.4111602652555 3 0 0 
1 950 9.2 20 0.435009487666034 0.311491935483871 23.9979233378886 3 0 0 
0 950 10 20 0.473934331797235 0.505040322580645 30.8221021565298 3 0 0 
1 960 9.2 20 0.380376344086022 0.341935483870968 22.2428738087359 3 0 0 
0 960 10 20 0.475460829493088 0.497311827956989 12.73054024829 3 0 0 
1 970 9.2 20 0.373463901689708 0.444354838709677 18.2286638861239 3 0 0 
0 970 10 20 0.485691987513007 0.505376344086022 18.6299617206907 3 0 0 
1 980 9.2 20 0.391553480475382 0.49758064516129 16.1495343501897 3 0 0 
0 980 10 20 0.513860887096774 0.461693548387097 11.0113577727726 3 0 0 
1 990 9.2 20 0.378225806451613 0.49758064516129 19.6795082759248 3 0 0 
0 990 10 20 0.515003750937734 0.298387096774194 13.8924439894498 3 0 0 
1 1000 9.2 20 0.425691244239631 0.506451612903226 18.3653733711261 3 0 0 
0 1000 10 20 0.512096774193548 0.330645161290323 6.08276253029822 3 0 0 
1 1010 9.2 20 0.478578629032258 0.479032258064516 19.7451788196565 3 0 0 
0 1010 10 20 0.581425598335068 0.310483870967742 25.9357600118656 3 0 0 
1 1020 9.2 21 0.389516129032258 0.462903225806452 34.0063529301118 3 1 0 
0 1020 10 20 0.504133064516129 0.338709677419355 27.8741934976516 3 -1 0 
1 1030 9.2 21 0.400679117147708 0.494354838709677 36.5717768697886 3 0 0 
0 1030 10 21 0.481854838709677 0.397849462365591 11.4059633361213 3 0 0 
1 1040 9.2 21 0.44758064516129 0.420161290322581 24.119537638084 3 0 0 
0 1040 10 21 0.562701612903226 0.405913978494624 13.1120278729588 3 0 0 
1 1050 9.2 21 0.408986175115207 0.358870967741936 22.1900682971852 3 0 0 
0 1050 10 21 0.459321631878558 0.349798387096774 28.3175837643329 3 0 0 
1 1060 9.2 21 0.394284712482468 0.361290322580645 21.1250753783781 3 0 0 
0 1060 10 21 0.39796633941094 0.391129032258065 15.4594801629051 3 0 0 
1 1070 9.2 21 0.45437181663837 0.362903225806452 21.1950526542127 3 0 0 
0 1070 10 21 0.486436950146628 0.489247311827957 9.08081951687205 3 0 0 
1 1080 9.2 21 0.459516129032258 0.375 27.4868158742897 3 0 0 
0 1080 10 21 0.449286600496278 0.528225806451613 14.3015979313473 3 0 0 
1 1090 9.2 21 0.459845430107527 0.412634408602151 13.3668901392801 3 0 0 
0 1090 10 21 0.386520737327189 0.395161290322581 12.9711217710728 3 0 0 
1 1100 9.2 21 0.512096774193548 0.435483870967742 16.8902541853281 3 0 0 
0 1100 10 21 0.47746679316888 0.314516129032258 21.9317121994613 3 0 0 
1 1110 9.2 22 0.481009365244537 0.478494623655914 21.5921216885383 3 1 0 
0 1110 10 21 0.393610421836228 0.377016129032258 32.8671568590896 3 -1 0 
1 1120 9.2 22 0.501152073732719 0.520161290322581 24.3282543348189 3 1 0 
0 1120 10 21 0.391397849462366 0.340725806451613 21.9829479369806 3 -1 0 
1 1130 9.2 22 0.530040322580645 0.537634408602151 24.3238268216635 3 0 0 
0 1130 10 22 0.440380184331797 0.340725806451613 3.53553390593274 3 0 0 
1 1140 9.2 22 0.430671175858481 0.420967741935484 19.3857141312573 3 0 0 
0 1140 10 22 0.375201612903226 0.233870967741935 26.6997697525346 3 0 0 
1 1150 9.2 22 0.405397022332506 0.409677419354839 20.2488261506788 3 0 0 
0 1150 10 22 0.390603085553997 0.344758064516129 27.6534065171671 3 0 0 
1 1160 9.2 22 0.499495967741936 0.47741935483871 10.3296940971787 3 0 0 
0 1160 10 22 0.479488078541374 0.457661290322581 26.6856411964897 3 0 0 
1 1170 9.2 22 0.453433922996878 0.483064516129032 8.93922343365572 3 0 0 
0 1170 10 22 0.435161290322581 0.497983870967742 18.1832144605327 3 0 0 
1 1180 9.2 22 0.455228031145717 0.486559139784946 17.6446772591572 3 0 0 
0 1180 10 22 0.436379928315412 0.523185483870968 12.5594971264791 3 0 0 
1 1190 9.2 22 0.572379032258065 0.314516129032258 47.3207142803234 3 0 1 
0 1190 10 22 0.493845500848896 0.551411290322581 11.7593564897118 2 0 -1 
1 1200 9.2 22 0.524376832844575 0.225806451612903 0 2 -1 0 
0 1200 10 23 0.455170777988615 0.567540322580645 14.3446474962174 2 1 0 
1 1210 9.2 22 0.45052729528536 NaN NaN 2 -1 0 
0 1210 10 23 0.498597475455821 0.543346774193548 10.5830945909589 2 1 0 
1 1220 9.2 22 0.513519924098672 NaN NaN 2 -1 0 
0 1220 10 23 0.560483870967742 0.487903225806452 24.2645081606179 2 1 0 
1 1230 9.2 22 0.442396313364055 NaN NaN 2 -1 0 
0 1230 10 23 0.475806451612903 0.418346774193548 31.7313486478266 2 1 0 
1 1240 9.2 22 0.450652841781874 NaN NaN 2 -1 0 
0 1240 10 23 0.514187574671446 0.430443548387097 26.1699772265469 2 1 0 
1 1250 9.2 22 0.531451612903226 0.133064516129032 0 2 -1 0 
0 1250 10 23 0.597371565113501 0.480846774193548 5.09855085556073 2 1 0 
1 1260 9.2 22 0.485215053763441 0.173387096774194 10.5005605553583 2 -1 0 
0 1260 10 23 0.48981324278438 0.411290322580645 11.5589390595854 2 1 0 
1 1270 9.2 22 0.456195014662757 0.216733870967742 20.3538731281003 2 -1 0 
0 1270 10 23 0.510887096774194 0.387096774193548 40.284632688992 2 1 0 
1 1280 9.2 22 0.530493951612903 0.220161290322581 24.1289625672738 2 -1 0 
0 1280 10 23 0.61136712749616 0.506048387096774 27.69500903899 2 1 0 
1 1290 9.2 22 0.345806451612903 0.229032258064516 7.32287765183516 2 -1 0 
0 1290 10 23 0.445014662756598 0.581653225806452 12.7895078735822 2 1 0 
1 1300 9.2 23 0.360551075268817 0.285483870967742 9.10214981762481 2 0 0 
0 1300 10 23 0.458027859237537 0.63508064516129 4.78229075927126 2 0 0 
1 1310 9.2 23 0.363767281105991 0.371774193548387 22.8695309902607 2 0 0 
0 1310 10 23 0.499775985663082 0.551411290322581 8.194130822132 2 0 0 
1 1320 9.2 23 0.357819074333801 0.409677419354839 29.4145951232391 2 0 0 
0 1320 10 23 0.440036420395421 0.502016129032258 31.7562688568691 2 0 0 
1 1330 9.2 23 0.415514592933948 0.456451612903226 38.9404719262905 1 -1 -1 
0 1330 10 24 0.422921836228288 0.449596774193548 55.8067263837637 2 1 1 
1 1340 9.2 23 0.454877112135177 0.463709677419355 45.5105233654749 1 -1 0 
0 1340 10 24 0.520161290322581 0.402217741935484 50.1008158060827 1 1 0 
1 1350 9.2 23 0.403438030560272 0.512096774193548 4.91214943945128 1 -1 0 
0 1350 10 24 0.463579604578564 0.415322580645161 42.6581038086036 1 1 0 
1 1360 9.2 23 0.393625192012289 0.408266129032258 39.8449968629193 0 -1 0 
0 1360 10 24 0.466181061394381 0.430443548387097 40.281729066504 0 1 0 
1 1370 9.2 23 0.43394777265745 0.457661290322581 26.3163817825826 0 -1 0 
0 1370 10 24 0.550883256528418 0.501008064516129 42.7592101154883 0 1 0 
1 1380 9.2 23 0.405967741935484 0.477822580645161 6.17507973804847 0 -1 0 
0 1380 10 24 0.502142137096774 0.538306451612903 46.7464266798125 0 1 0 
1 1390 9.2 23 0.421477079796265 0.36491935483871 23.9763882072504 0 -1 0 
0 1390 10 24 0.499747983870968 0.537096774193548 62.3443053202447 0 1 0 
1 1400 9.2 23 0.551344086021505 0.245967741935484 16.2812537214922 0 -1 0 
0 1400 10 24 0.611559139784946 0.60752688172043 43.6619494059396 0 1 0 
1 1410 9.2 24 0.43380376344086 0.245967741935484 20.026029384446 0 0 0 
0 1410 10 24 0.436886395511921 0.612903225806452 9.3407708461347 0 0 0 
1 1420 9.2 24 0.385887096774194 0.289516129032258 16.3113296353007 0 0 0 
0 1420 10 24 0.442353643966547 0.411290322580645 24.6981780704569 0 0 0 
1 1430 9.2 24 0.470430107526882 0.499193548387097 14.4249859953047 0 0 0 
0 1430 10 24 0.479838709677419 0.336693548387097 9.61769203083567 0 0 0 
1 1440 9.2 24 0.448732718894009 0.693548387096774 9.10067094453873 0 0 0 
0 1440 10 24 0.454435483870968 0.245967741935484 5.40832691319598 0 0 0 
1 1450 9.2 24 0.451948924731183 0.772849462365591 4.39575461787119 0 0 0 
0 1450 10 24 0.490495391705069 0.179435483870968 10.5118980208143 0 0 0 
1 1460 9.2 24 0.451612903225806 0.809139784946237 6.98082230223645 0 0 0 
0 1460 10 24 0.582997311827957 0.159274193548387 9.17877987534291 0 0 0 
