1 30 11 1 NaN 0.173387096774194 13.4454428469376 2 0 0 
0 30 5.4 1 NaN 0.30241935483871 23.5058839618646 2 0 0 
1 40 11 1 NaN 0.225 21.1154422325937 2 0 0 
0 40 5.4 1 NaN 0.30241935483871 23.5058839618646 2 0 0 
1 50 11 1 0.395161290322581 0.287096774193548 26.0282387946265 2 0 0 
0 50 5.4 1 0.375 0.404838709677419 31.1867460582794 2 0 0 
1 60 11 1 0.383064516129032 0.395161290322581 34.8244743317428 2 0 0 
0 60 5.4 1 0.383064516129032 0.499193548387097 39.454584861457 2 0 0 
1 70 11 1 0.391749379652605 0.425 35.9347551082753 2 0 0 
0 70 5.4 1 0.433622828784119 0.471774193548387 37.0826208564424 2 0 0 
1 80 11 1 0.480126728110599 0.487096774193548 38.5729377542401 2 0 0 
0 80 5.4 1 0.466397849462366 0.469354838709677 39.4553720386673 2 0 0 
1 90 11 1 0.424923195084485 0.504032258064516 38.5456249474875 2 0 0 
0 90 5.4 1 0.395413306451613 0.462096774193548 40.8015064886752 2 0 0 
1 100 11 1 0.401612903225806 0.481451612903226 37.8452968091645 2 0 0 
0 100 5.4 1 0.398329493087558 0.473387096774194 39.1207318041237 2 0 0 
1 110 11 2 0.484139784946237 0.512096774193548 40.1692749948048 2 1 0 
0 110 5.4 1 0.459408602150538 0.469354838709677 42.9595606157929 2 -1 0 
1 120 11 2 0.436766862170088 0.487903225806452 37.8407790896556 2 0 0 
0 120 5.4 2 0.400142314990512 0.454838709677419 35.1317564402691 2 0 0 
1 130 11 2 0.410714285714286 0.509677419354839 41.3169205094228 2 0 0 
0 130 5.4 2 0.401881720430108 0.433064516129032 32.1435826251367 2 0 0 
1 140 11 2 0.492271505376344 0.445161290322581 37.1784010424436 2 0 0 
0 140 5.4 2 0.471407624633431 0.495161290322581 41.1626086176533 2 0 0 
1 150 11 2 0.413754480286738 0.412903225806452 34.8641663221178 2 -1 0 
0 150 5.4 3 0.420564516129032 0.469354838709677 30.0379362002162 2 1 0 
1 160 11 2 0.383064516129032 0.448387096774194 14.9556525828972 2 -1 0 
0 160 5.4 3 0.406327543424318 0.473387096774194 16.3992700997201 2 1 0 
1 170 11 2 0.474565756823821 0.508870967741936 5.2731232599279 2 -1 0 
0 170 5.4 3 0.498991935483871 0.478225806451613 5.71578422605896 2 1 0 
1 180 11 3 0.389516129032258 0.507258064516129 4.82478063122923 2 0 0 
0 180 5.4 3 0.412858422939068 0.475806451612903 5.67411568556083 2 0 0 
1 190 11 3 0.40180265654649 0.52258064516129 3.95175229901531 2 0 0 
0 190 5.4 3 0.404089861751152 0.436290322580645 11.0959291124435 2 0 0 
1 200 11 3 0.47865275142315 0.477822580645161 12.7725956284693 2 0 0 
0 200 5.4 3 0.499069478908189 0.461290322580645 3.9530003217174 2 0 0 
1 210 11 3 0.424227150537634 0.439516129032258 9.61904456575249 2 0 0 
0 210 5.4 3 0.390322580645161 0.508064516129032 6.97253844031387 2 0 0 
1 220 11 3 0.39005376344086 0.325 20.5249737614104 2 0 0 
0 220 5.4 3 0.390322580645161 0.462903225806452 12.1075767045494 2 0 0 
1 230 11 3 0.479569892473118 0.407258064516129 10.1573765178362 2 -1 0 
0 230 5.4 4 0.48252688172043 0.451612903225806 10.4665625920526 2 1 0 
1 240 11 3 0.429771505376344 0.355645161290323 26.4086493843876 2 -1 0 
0 240 5.4 4 0.395665322580645 0.445161290322581 5.90932389225216 2 1 0 
1 250 11 4 0.418718166383701 0.356451612903226 37.9878785568206 2 0 0 
0 250 5.4 4 0.390552995391705 0.464516129032258 20.548476881517 2 0 0 
1 260 11 4 0.483870967741936 0.428225806451613 28.1995696295653 2 -1 0 
0 260 5.4 5 0.461228287841191 0.469354838709677 12.8690732701714 2 1 0 
1 270 11 4 0.411866359447005 0.438709677419355 26.3029287580369 2 -1 0 
0 270 5.4 5 0.423991935483871 0.508870967741936 3.1169860624708 2 1 0 
1 280 11 4 0.392059553349876 0.449193548387097 26.8493669598101 2 -1 0 
0 280 5.4 5 0.445161290322581 0.521774193548387 18.4179918135139 2 1 0 
1 290 11 5 0.46320564516129 0.406451612903226 26.3414290965653 2 -1 0 
0 290 5.4 6 0.515508684863524 0.545161290322581 26.1174730837105 2 1 0 
1 300 11 5 0.391666666666667 0.405241935483871 34.8708625084794 2 -1 0 
0 300 5.4 6 0.419567062818336 0.517741935483871 27.6747017491057 2 1 0 
1 310 11 5 0.387672811059908 0.381048387096774 47.0647242757626 2 -1 0 
0 310 5.4 6 0.431199596774194 0.512096774193548 2.73337488373909 2 1 0 
1 320 11 6 0.45497311827957 0.266935483870968 27.6118936062317 2 0 0 
0 320 5.4 6 0.503136200716846 0.520161290322581 7.77505806117862 2 0 0 
1 330 11 6 0.383064516129032 0.330645161290323 32.7888525297298 2 0 0 
0 330 5.4 6 0.436895161290323 0.420161290322581 37.8631514516809 2 0 0 
1 340 11 6 0.383064516129032 0.450806451612903 32.3574598451038 2 0 0 
0 340 5.4 6 0.407258064516129 0.383064516129032 36.8161753102464 2 0 0 
1 350 11 6 0.491935483870968 0.507258064516129 32.7262570178952 2 0 0 
0 350 5.4 6 0.457816377171216 0.411290322580645 26.3493776066449 2 0 0 
1 360 11 6 0.417943548387097 0.462903225806452 28.8641877324679 2 -1 0 
0 360 5.4 7 0.40061669829222 0.506451612903226 26.9849693405119 2 1 0 
1 370 11 6 0.421146953405018 0.490322580645161 27.2863880379219 2 -1 0 
0 370 5.4 7 0.414650537634409 0.455645161290323 26.475380627876 2 1 0 
1 380 11 7 0.496831797235023 0.515322580645161 26.4876170809579 2 0 0 
0 380 5.4 7 0.457661290322581 0.462096774193548 26.067226254975 2 0 0 
1 390 11 7 0.401713709677419 0.543548387096774 25.5716866007772 2 0 0 
0 390 5.4 7 0.383064516129032 0.437096774193548 24.5885810831028 2 0 0 
1 400 11 7 0.383995037220844 0.436290322580645 33.7932379262796 2 0 0 
0 400 5.4 7 0.404156327543424 0.424193548387097 31.275037269649 2 0 0 
1 410 11 7 0.506598240469208 0.410483870967742 28.761479594814 2 -1 0 
0 410 5.4 8 0.483064516129032 0.456451612903226 25.4846487828857 2 1 0 
1 420 11 7 0.399697580645161 0.438709677419355 11.9035727307785 2 -1 0 
0 420 5.4 8 0.432661290322581 0.441532258064516 14.752738573309 2 1 0 
1 430 11 7 0.383064516129032 0.473387096774194 11.8033531172376 2 -1 0 
0 430 5.4 8 0.383064516129032 0.484879032258065 2.73872575477378 2 1 0 
1 440 11 7 0.477246543778802 0.473387096774194 9.79991253180279 2 -1 0 
0 440 5.4 8 0.498271889400922 0.435483870967742 19.22137735183 2 1 0 
1 450 11 8 0.383064516129032 0.512903225806452 8.61319878791816 2 0 0 
0 450 5.4 8 0.426136363636364 0.377016129032258 21.9692564465293 2 0 0 
1 460 11 8 0.394405241935484 0.486290322580645 4.5217403243451 2 0 0 
0 460 5.4 8 0.40488614800759 0.471774193548387 11.8222723428942 2 0 0 
1 470 11 8 0.476382488479263 0.450806451612903 13.9077340549378 2 0 0 
0 470 5.4 8 0.500504032258065 0.381451612903226 34.0251485896125 2 0 0 
1 480 11 8 0.383064516129032 0.431451612903226 28.098597744633 2 0 0 
0 480 5.4 8 0.424798387096774 0.416935483870968 25.4479965678875 2 0 0 
1 490 11 9 0.383064516129032 0.514516129032258 39.4168122341209 2 0 0 
0 490 5.4 9 0.398387096774194 0.425 22.8976562775848 2 0 0 
1 500 11 9 0.495631720430108 0.529032258064516 31.0870816901068 2 0 0 
0 500 5.4 9 0.448084677419355 0.433870967741935 23.8228934600087 2 0 0 
1 510 11 9 0.459173387096774 0.569354838709677 26.0829366927506 2 0 0 
0 510 5.4 9 0.382133995037221 0.386290322580645 11.7099032961608 2 0 0 
1 520 11 9 0.409677419354839 0.576612903225806 30.2134030718786 2 0 0 
0 520 5.4 9 0.392059553349876 0.375806451612903 4.53252914490588 2 0 0 
1 530 11 10 0.505040322580645 0.490927419354839 31.8961086235148 2 1 0 
0 530 5.4 9 0.425179211469534 0.484677419354839 3.38449287860779 2 -1 0 
1 540 11 10 0.395430107526882 0.347782258064516 44.7546615965668 2 1 0 
0 540 5.4 9 0.442540322580645 0.464516129032258 26.9242504206959 2 -1 0 
1 550 11 10 0.383064516129032 0.369354838709677 39.0709948274301 2 0 0 
0 550 5.4 10 0.396505376344086 0.492943548387097 18.7250133846938 2 0 0 
1 560 11 10 0.483870967741936 0.406451612903226 34.5658199080519 2 0 0 
0 560 5.4 10 0.494239631336406 0.486895161290323 8.86947850082236 2 0 0 
1 570 11 10 0.438978494623656 0.40241935483871 32.6844372467662 2 0 0 
0 570 5.4 10 0.407258064516129 0.520161290322581 8.77545901316481 2 0 0 
1 580 11 11 0.395430107526882 0.404838709677419 45.8117504444045 2 1 0 
0 580 5.4 10 0.408122119815668 0.39616935483871 42.2155000184583 2 -1 0 
1 590 11 11 0.476539589442815 0.44758064516129 35.4884065297012 2 1 0 
0 590 5.4 10 0.496898263027295 0.475806451612903 41.8931880215902 2 -1 0 
1 600 11 11 0.394405241935484 0.443548387096774 41.2088325198453 2 1 0 
0 600 5.4 10 0.407006048387097 0.484879032258065 42.8884804701129 2 -1 0 
1 610 11 11 0.383064516129032 0.426612903225806 34.5617120391226 2 0 0 
0 610 5.4 11 0.383064516129032 0.426612903225806 45.9772749883557 2 0 0 
1 620 11 11 0.486463133640553 0.413709677419355 19.1825728934552 2 0 0 
0 620 5.4 11 0.490207373271889 0.354032258064516 18.8822800928219 2 0 0 
1 630 11 11 0.402039848197343 0.35241935483871 13.6573023924167 2 0 0 
0 630 5.4 11 0.411714770797963 0.390322580645161 5.8905453511695 2 0 0 
1 640 11 11 0.407258064516129 0.420967741935484 10.5966144340468 2 0 0 
0 640 5.4 11 0.392281105990783 0.428225806451613 5.2953084813699 2 0 0 
1 650 11 11 0.497479838709677 0.486290322580645 4.4577873351128 2 0 0 
0 650 5.4 11 0.475806451612903 0.454838709677419 5.13360657650235 2 0 0 
1 660 11 12 0.470206093189964 0.548387096774194 10.2901541548126 2 1 0 
0 660 5.4 11 0.45586917562724 0.462701612903226 15.9330791413438 2 -1 0 
1 670 11 12 0.383064516129032 0.490927419354839 12.6477338002985 2 1 0 
0 670 5.4 11 0.383995037220844 0.487903225806452 7.25817156181873 2 -1 0 
1 680 11 12 0.409274193548387 0.47883064516129 18.1490245670058 2 1 0 
0 680 5.4 11 0.370967741935484 0.401881720430108 40.0188777731857 2 -1 0 
1 690 11 12 0.480550284629981 0.457661290322581 15.939982138366 2 0 0 
0 690 5.4 12 0.492831541218638 0.393817204301075 39.1945702139167 2 0 0 
1 700 11 13 0.455645161290323 0.421774193548387 30.5697442239689 2 1 0 
0 700 5.4 12 0.383467741935484 0.315524193548387 25.2317555287946 2 -1 0 
1 710 11 13 0.540322580645161 0.415322580645161 18.557679416882 2 1 0 
0 710 5.4 12 0.457258064516129 0.370967741935484 42.4245174575813 2 -1 0 
1 720 11 13 0.453225806451613 0.412903225806452 11.1931083327995 2 1 0 
0 720 5.4 12 0.421477079796265 0.425806451612903 35.9020773073373 2 -1 0 
1 730 11 13 0.436969439728353 0.360483870967742 11.4670959513981 2 1 0 
0 730 5.4 12 0.424899193548387 0.367741935483871 28.8625153960888 2 -1 0 
1 740 11 13 0.493279569892473 0.442741935483871 17.8043271277795 2 1 0 
0 740 5.4 12 0.470766129032258 0.392741935483871 39.1333266105059 2 -1 0 
1 750 11 13 0.455294530154278 0.513709677419355 21.8717951655428 2 1 0 
0 750 5.4 12 0.416129032258064 0.418548387096774 41.5313635207618 2 -1 0 
1 760 11 13 0.442540322580645 0.409677419354839 41.9656950088221 2 0 0 
0 760 5.4 13 0.424810246679317 0.463709677419355 38.9036336376092 2 0 0 
1 770 11 14 0.52073732718894 0.328225806451613 28.7824423951092 2 1 0 
0 770 5.4 13 0.511166253101737 0.508064516129032 37.3532558890234 2 -1 0 
1 780 11 14 0.411021505376344 0.404032258064516 9.95608903944614 2 1 0 
0 780 5.4 13 0.432987711213518 0.475 27.6175358843129 2 -1 0 
1 790 11 14 0.383064516129032 0.426612903225806 9.93910268779718 2 1 0 
0 790 5.4 13 0.424395161290323 0.479838709677419 35.5562933951221 2 -1 0 
1 800 11 15 0.467431761786601 0.454838709677419 12.7725571464055 2 2 0 
0 800 5.4 13 0.470766129032258 0.514112903225806 22.5 2 -2 0 
1 810 11 15 0.471774193548387 0.414516129032258 39.1131535044141 2 2 0 
0 810 5.4 13 0.425509337860781 0.508064516129032 9.5 2 -2 0 
1 820 11 15 0.443785578747628 0.466935483870968 30.1439865360862 2 2 0 
0 820 5.4 13 0.429032258064516 0.245161290322581 27.4267246640373 2 -2 0 
1 830 11 15 0.55752688172043 0.50241935483871 33.8268668309277 2 1 0 
0 830 5.4 14 0.508064516129032 0.245967741935484 20.903196190398 2 -1 0 
1 840 11 15 0.47700119474313 0.501612903225806 15.8172901300008 2 1 0 
0 840 5.4 14 0.333870967741936 0.396774193548387 15.3821204399373 2 -1 0 
1 850 11 15 0.414136622390892 0.496774193548387 9.07339108013844 2 1 0 
0 850 5.4 14 0.363575268817204 0.479838709677419 3.99412189149115 2 -1 0 
1 860 11 15 0.602822580645161 0.461290322580645 6.36476001192482 2 1 0 
0 860 5.4 14 0.359767025089606 0.467741935483871 4.82998015737544 2 -1 0 
1 870 11 16 0.497080088987764 0.545967741935484 3.64703549614311 2 2 0 
0 870 5.4 14 0.344254032258065 0.470430107526882 7.39424701027111 2 -2 0 
1 880 11 16 0.449596774193548 0.541935483870968 7.02506089142273 2 2 0 
0 880 5.4 14 0.361559139784946 0.451612903225806 0 2 -2 0 
1 890 11 16 0.604838709677419 0.529032258064516 17.0256035634767 2 2 0 
0 890 5.4 14 0.361559139784946 0.294354838709677 0 2 -2 0 
1 900 11 16 0.491636798088411 0.520161290322581 16.9384805541552 2 2 0 
0 900 5.4 14 0.348034274193548 0.247983870967742 29.8412466227535 2 -2 0 
1 910 11 16 0.427893738140417 0.494354838709677 25.7822218433712 2 2 0 
0 910 5.4 14 0.360887096774194 0.205645161290323 13.3095885039351 2 -2 0 
1 920 11 17 0.618548387096774 0.52258064516129 27.7417728353988 2 3 0 
0 920 5.4 14 0.331451612903226 0.238709677419355 23.1641706935273 2 -3 0 
1 930 11 17 0.494922341696535 0.604838709677419 16.2025676015307 2 2 0 
0 930 5.4 15 0.342741935483871 0.323387096774194 22.6518164477371 2 -2 0 
1 940 11 17 0.430028462998102 0.665322580645161 5.10696838748988 2 2 0 
0 940 5.4 15 0.378360215053763 0.300806451612903 13.9878940604173 2 -2 0 
1 950 11 17 0.568548387096774 0.683870967741935 3.98023435780619 2 2 0 
0 950 5.4 15 0.431899641577061 0.261088709677419 15.9411337850279 2 -2 0 
1 960 11 17 0.490927419354839 0.668346774193548 4.51241563078088 2 2 0 
0 960 5.4 15 0.35114247311828 0.324596774193548 3.53553390593274 2 -2 0 
1 970 11 18 0.484062980030722 0.670362903225806 3.76404933679463 2 3 1 
0 970 5.4 15 0.39336917562724 0.326612903225806 5 1 -3 -1 
1 980 11 18 0.595814132104455 0.699596774193548 4.33414596559966 2 2 1 
0 980 5.4 16 0.388824884792627 0.280241935483871 3.04138126514911 1 -2 -1 
1 990 11 18 0.466339410939691 0.758064516129032 3.95025484016309 2 2 1 
0 990 5.4 16 0.352047146401985 0.200268817204301 9.6787564896096 1 -2 -1 
1 1000 11 18 0.409408602150538 0.76747311827957 3.25718323236731 2 2 1 
0 1000 5.4 16 0.396505376344086 0.191935483870968 10.5181807257322 1 -2 -1 
1 1010 11 18 0.553763440860215 0.512096774193548 65.1997968483401 2 2 1 
0 1010 5.4 16 0.471774193548387 0.244354838709677 8.63154020770213 1 -2 -1 
1 1020 11 18 0.473991935483871 0.157258064516129 0 2 1 1 
0 1020 5.4 17 0.413594470046083 0.366129032258065 10.4681251390291 1 -1 -1 
1 1030 11 18 0.429316888045541 NaN NaN 2 1 1 
0 1030 5.4 17 0.430178268251273 0.387903225806452 23.621316222548 1 -1 -1 
1 1040 11 18 0.465389784946237 NaN NaN 2 1 1 
0 1040 5.4 17 0.494847670250896 0.445967741935484 22.1802063079914 1 -1 -1 
1 1050 11 18 0.44304435483871 NaN NaN 2 1 1 
0 1050 5.4 17 0.474156891495601 0.47741935483871 26.8271631965314 1 -1 -1 
1 1060 11 18 0.419354838709677 0.133064516129032 5.09901951359278 2 0 1 
0 1060 5.4 18 0.449884792626728 0.513709677419355 29.4151206792827 1 0 -1 
1 1070 11 18 0.453225806451613 0.235215053763441 18.839308246741 2 0 1 
0 1070 5.4 18 0.55241935483871 0.578225806451613 15.2689399591121 1 0 -1 
1 1080 11 19 0.363440860215054 0.221774193548387 16.6645195289152 2 1 1 
0 1080 5.4 18 0.501550868486352 0.548387096774194 9.02505753558801 1 -1 -1 
1 1090 11 19 0.412154377880184 0.289516129032258 17.7140927178086 2 1 1 
0 1090 5.4 18 0.396925403225806 0.463709677419355 27.0630209723202 1 -1 -1 
1 1100 11 19 0.460013440860215 0.404838709677419 18.1626207213274 2 1 1 
0 1100 5.4 18 0.496831797235023 0.47741935483871 18.0040371058134 1 -1 -1 
1 1110 11 19 0.421706989247312 0.471774193548387 15.4426139927524 2 1 1 
0 1110 5.4 18 0.437948028673835 0.495161290322581 12.4761079463594 1 -1 -1 
1 1120 11 19 0.403225806451613 0.442741935483871 6.71505577112075 2 1 1 
0 1120 5.4 18 0.398387096774194 0.483064516129032 13.6101977779448 1 -1 -1 
1 1130 11 19 0.423387096774194 0.463709677419355 7.28801134680624 2 1 1 
0 1130 5.4 18 0.526881720430108 0.474193548387097 4.01653365767256 1 -1 -1 
1 1140 11 19 0.422675521821632 0.5 10.169136300456 2 1 1 
0 1140 5.4 18 0.473684210526316 0.47258064516129 12.0170728837792 1 -1 -1 
1 1150 11 19 0.395161290322581 0.442741935483871 10.3815213203015 2 1 1 
0 1150 5.4 18 0.417842741935484 0.517137096774194 7.58897347438198 1 -1 -1 
1 1160 11 19 0.395161290322581 0.350806451612903 0 2 0 1 
0 1160 5.4 19 0.550115207373272 0.598790322580645 13.3717950965996 1 0 -1 
1 1170 11 19 0.438508064516129 0.318548387096774 0 2 0 1 
0 1170 5.4 19 0.49445564516129 0.574596774193548 10.0340413397722 1 0 -1 
1 1180 11 20 0.488155241935484 0.310483870967742 0 2 1 1 
0 1180 5.4 19 0.435483870967742 0.517137096774194 0.869884463953347 1 -1 -1 
1 1190 11 20 0.584965437788018 0.32258064516129 0 2 1 1 
0 1190 5.4 19 0.558333333333333 0.525201612903226 5.86370487784671 1 -1 -1 
1 1200 11 20 0.488239247311828 0.286290322580645 0 2 0 1 
0 1200 5.4 20 0.482610887096774 0.507056451612903 4.76219441103961 1 0 -1 
1 1210 11 20 0.498207885304659 0.286290322580645 0 2 0 1 
0 1210 5.4 20 0.387096774193548 0.4 34.7462992093821 1 0 -1 
1 1220 11 20 0.511256720430108 0.185483870967742 10.259932213109 2 0 1 
0 1220 5.4 20 0.330645161290323 0.407258064516129 28.7911373415918 1 0 -1 
1 1230 11 20 0.396925403225806 0.198387096774194 14.4568972964931 2 0 1 
0 1230 5.4 20 0.379765395894428 0.484677419354839 26.5806308474913 1 0 -1 
1 1240 11 20 0.436827956989247 0.290322580645161 3.64389306410571 2 0 1 
0 1240 5.4 20 0.383064516129032 0.609879032258065 13.9379253572853 1 0 -1 
1 1250 11 20 0.570381231671554 0.367741935483871 4.37184692526433 2 0 1 
0 1250 5.4 20 0.47258064516129 0.602822580645161 5.57002747232013 1 0 -1 
1 1260 11 20 0.468064516129032 0.45866935483871 2.21171519675571 2 0 1 
0 1260 5.4 20 0.356182795698925 0.516129032258065 6.08276253029822 1 0 -1 
1 1270 11 21 0.53508064516129 0.556451612903226 9.56416420123448 1 0 0 
0 1270 5.4 21 0.370967741935484 0.439516129032258 0 1 0 0 
1 1280 11 21 0.621975806451613 0.563172043010753 10.3738294588104 1 0 0 
0 1280 5.4 21 0.425 0.362903225806452 0 1 0 0 
1 1290 11 21 0.512903225806452 0.504032258064516 29.0798336812917 1 0 0 
0 1290 5.4 21 0.342069892473118 0.262096774193548 0 1 0 0 
1 1300 11 21 0.561290322580645 0.622311827956989 17.1980475670344 1 0 0 
0 1300 5.4 21 0.379536290322581 0.225806451612903 0 1 0 0 
1 1310 11 21 0.619959677419355 0.692204301075269 18.0906439677832 1 0 0 
0 1310 5.4 21 0.451164874551971 0.133064516129032 0 1 0 0 
1 1320 11 21 0.415559772296015 0.569556451612903 54.5348675011602 1 0 0 
0 1320 5.4 21 0.386088709677419 0.193548387096774 15.0332963783729 1 0 0 
1 1330 11 21 0.459341397849462 0.465322580645161 54.987326340733 1 0 0 
0 1330 5.4 21 0.452476958525346 0.189516129032258 11.4017542509914 1 0 0 
1 1340 11 21 0.61122311827957 0.517741935483871 34.7975400997376 1 0 0 
0 1340 5.4 21 0.536002304147466 0.212365591397849 10.5225307984383 1 0 0 
1 1350 11 21 0.489089184060721 0.566129032258065 19.1912379401536 1 0 0 
0 1350 5.4 21 0.462141577060932 0.291666666666667 3.54965596249417 1 0 0 
1 1360 11 21 0.657258064516129 0.648387096774194 7.73310257220568 1 0 0 
0 1360 5.4 21 0.761290322580645 0.36491935483871 6.72681202353685 1 0 0 
1 1370 11 22 0.657258064516129 0.660483870967742 6.10873841361806 1 1 0 
0 1370 5.4 21 0.671370967741936 0.209677419354839 0 1 -1 0 
1 1380 11 22 0.632258064516129 0.783064516129032 3.56662402867136 1 1 0 
0 1380 5.4 21 0.336290322580645 0.191532258064516 7.56637297521078 1 -1 0 
1 1390 11 22 NaN NaN NaN 1 1 0 
0 1390 5.4 21 NaN NaN NaN 1 -1 0 
