1 30 11.4 1 NaN 0.266935483870968 16.6090799641115 2 0 0 
0 30 8.4 1 NaN 0.264516129032258 21.7715474396102 2 0 0 
1 40 11.4 1 NaN 0.291935483870968 14.2829609334797 2 0 0 
0 40 8.4 1 NaN 0.319354838709677 32.2295883307012 2 0 0 
1 50 11.4 1 NaN 0.395161290322581 25.9495791253073 2 0 0 
0 50 8.4 1 0.383064516129032 0.371774193548387 34.2956033294342 2 0 0 
1 60 11.4 1 0.383064516129032 0.498387096774194 38.4709870321325 2 0 0 
0 60 8.4 1 0.383064516129032 0.488911290322581 39.4579539936922 2 0 0 
1 70 11.4 1 0.398041474654378 0.484677419354839 38.2892328332614 2 0 0 
0 70 8.4 1 0.407568238213399 0.457661290322581 40.7929248630162 2 0 0 
1 80 11.4 1 0.46029776674938 0.489516129032258 33.0578665745048 2 0 0 
0 80 8.4 1 0.465221774193548 0.414516129032258 47.6266002138728 2 0 0 
1 90 11.4 1 0.393010752688172 0.487903225806452 35.5100057217244 2 0 0 
0 90 8.4 1 0.393817204301075 0.441129032258065 40.1057714712227 2 0 0 
1 100 11.4 2 0.402295285359802 0.491935483870968 36.5650389261496 2 1 0 
0 100 8.4 1 0.418778801843318 0.481854838709677 37.3823180232779 2 -1 0 
1 110 11.4 2 0.476612903225806 0.505645161290323 38.7414886815013 2 0 0 
0 110 8.4 2 0.462096774193548 0.463709677419355 38.8145866555875 2 0 0 
1 120 11.4 2 0.413082437275986 0.485483870967742 41.7115310390214 2 0 0 
0 120 8.4 2 0.425604838709677 0.404838709677419 48.5886235542421 2 0 0 
1 130 11.4 2 0.427755376344086 0.488709677419355 38.2905026330682 2 0 0 
0 130 8.4 2 0.4161866359447 0.418548387096774 39.7726578420641 2 0 0 
1 140 11.4 3 0.493279569892473 0.506048387096774 28.8085119774425 2 1 0 
0 140 8.4 2 0.481304985337243 0.475 39.5908409042319 2 -1 0 
1 150 11.4 3 0.405834914611006 0.490927419354839 24.8152624793993 2 0 0 
0 150 8.4 3 0.388978494623656 0.490322580645161 36.2768918595148 2 0 0 
1 160 11.4 3 0.383995037220844 0.36491935483871 44.1668177083906 2 0 0 
0 160 8.4 3 0.383064516129032 0.456451612903226 21.1073787390277 2 0 0 
1 170 11.4 3 0.486042183622829 0.421370967741936 24.4959099017938 2 0 0 
0 170 8.4 3 0.489143920595534 0.462903225806452 3.13728933615838 2 0 0 
1 180 11.4 3 0.405689964157706 0.515120967741936 9.60651580658031 2 0 0 
0 180 8.4 3 0.407706093189964 0.478225806451613 6.26188892833248 2 0 0 
1 190 11.4 3 0.39758064516129 0.495967741935484 10.868041350242 2 0 0 
0 190 8.4 3 0.396673387096774 0.453225806451613 5.62540325097896 2 0 0 
1 200 11.4 3 0.485887096774194 0.493951612903226 3.30280571301787 2 -1 0 
0 200 8.4 4 0.488155241935484 0.453225806451613 9.23485039083555 2 1 0 
1 210 11.4 3 0.40180265654649 0.515120967741936 3.72971905119267 2 -1 0 
0 210 8.4 4 0.419162826420891 0.408064516129032 9.46164305780265 2 1 0 
1 220 11.4 3 0.391417050691244 0.492741935483871 28.4484199331876 2 -1 0 
0 220 8.4 4 0.391666666666667 0.387096774193548 6.42454185981004 2 1 0 
1 230 11.4 4 0.478763440860215 0.604032258064516 17.8001030448544 2 0 0 
0 230 8.4 4 0.481278801843318 0.331653225806452 3.496251542703 2 0 0 
1 240 11.4 4 0.423387096774194 0.573387096774194 14.1574846032041 2 0 0 
0 240 8.4 4 0.435850439882698 0.40994623655914 3.98285924984379 2 0 0 
1 250 11.4 4 0.41888045540797 0.565322580645161 12.3762635790181 2 0 0 
0 250 8.4 4 0.383995037220844 0.3125 10.8477400890149 2 0 0 
1 260 11.4 4 0.503320683111954 0.568548387096774 18.6541930144055 2 0 0 
0 260 8.4 4 0.497067448680352 0.288709677419355 22.3885856916724 2 0 0 
1 270 11.4 4 0.421818996415771 0.5625 16.4502420569166 2 0 0 
0 270 8.4 4 0.409629981024668 0.344354838709677 12.7771481666102 2 0 0 
1 280 11.4 5 0.389688940092166 0.422379032258065 36.5002616018922 2 0 0 
0 280 8.4 5 0.383064516129032 0.32741935483871 15.6245874389289 2 0 0 
1 290 11.4 5 0.473790322580645 0.429435483870968 28.3619565655627 2 0 0 
0 290 8.4 5 0.501728110599078 0.440322580645161 15.6836849810319 2 0 0 
1 300 11.4 5 0.383064516129032 0.359677419354839 31.2914843091198 2 0 0 
0 300 8.4 5 0.42062818336163 0.47741935483871 34.135376896066 2 0 0 
1 310 11.4 6 0.431451612903226 0.44758064516129 29.3249804228076 2 0 0 
0 310 8.4 6 0.392741935483871 0.485483870967742 38.4520239414757 2 0 0 
1 320 11.4 6 0.488127240143369 0.474798387096774 34.666520220295 2 0 0 
0 320 8.4 6 0.492943548387097 0.466129032258065 39.0571051684015 2 0 0 
1 330 11.4 6 0.430443548387097 0.426411290322581 51.9020179758291 2 0 0 
0 330 8.4 6 0.417114695340502 0.471774193548387 42.7018200776218 2 0 0 
1 340 11.4 6 0.433870967741935 0.465725806451613 29.43264093876 2 0 0 
0 340 8.4 6 0.419354838709677 0.475 41.6879556456358 2 0 0 
1 350 11.4 6 0.458577712609971 0.417741935483871 39.9248345474478 2 -1 0 
0 350 8.4 7 0.504368279569893 0.419354838709677 49.753296830837 2 1 0 
1 360 11.4 6 0.415574596774194 0.458064516129032 41.028017860723 2 -1 0 
0 360 8.4 7 0.436059907834101 0.437903225806452 40.5465152529608 2 1 0 
1 370 11.4 6 0.402605459057072 0.491935483870968 41.7610555088641 2 -1 0 
0 370 8.4 7 0.435987903225806 0.42741935483871 32.2576820191493 2 1 0 
1 380 11.4 6 0.460125448028674 0.452620967741936 23.35726298083 2 -1 0 
0 380 8.4 7 0.526497695852535 0.496774193548387 38.7793761074825 2 1 0 
1 390 11.4 7 0.383064516129032 0.453629032258065 37.7563295993871 2 -1 0 
0 390 8.4 8 0.447947214076246 0.493548387096774 49.8666075796947 2 1 0 
1 400 11.4 7 0.383995037220844 0.470766129032258 44.202695076238 2 -1 0 
0 400 8.4 8 0.383064516129032 0.479032258064516 47.7291621312454 2 1 0 
1 410 11.4 7 0.460013440860215 0.455645161290323 49.1873971034456 2 -1 0 
0 410 8.4 8 0.506989247311828 0.429435483870968 33.6361007734113 2 1 0 
1 420 11.4 8 0.406586021505376 0.468548387096774 38.673784681017 2 0 0 
0 420 8.4 8 0.417869269949066 0.423387096774194 34.1824491823687 2 0 0 
1 430 11.4 8 0.383995037220844 0.489516129032258 32.1821559145441 2 0 0 
0 430 8.4 8 0.396401985111663 0.306451612903226 33.380988102219 2 0 0 
1 440 11.4 8 0.51491935483871 0.463709677419355 22.9746323909748 2 0 0 
0 440 8.4 8 0.484970674486803 0.381451612903226 21.9786409836095 2 0 0 
1 450 11.4 8 0.386363636363636 0.464717741935484 27.827307502445 2 -1 0 
0 450 8.4 9 0.429753820033956 0.458870967741935 14.6739266412821 2 1 0 
1 460 11.4 8 0.383064516129032 0.377016129032258 31.5554767896757 2 -1 0 
0 460 8.4 9 0.436669829222011 0.506451612903226 11.797458188083 2 1 0 
1 470 11.4 8 0.462903225806452 0.345967741935484 31.0395270628007 2 -1 0 
0 470 8.4 9 0.529485887096774 0.540322580645161 5.37932433799146 2 1 0 
1 480 11.4 8 0.423387096774194 0.391935483870968 18.2896854468964 2 -1 0 
0 480 8.4 9 0.383064516129032 0.505645161290323 3.75009700271795 2 1 0 
1 490 11.4 9 0.383064516129032 0.491129032258064 10.0451871837337 2 0 0 
0 490 8.4 9 0.383064516129032 0.473387096774194 17.5335622526371 2 0 0 
1 500 11.4 9 0.491071428571429 0.554838709677419 3.76642680222479 2 -1 0 
0 500 8.4 10 0.483560794044665 0.438709677419355 11.5439419889917 2 1 0 
1 510 11.4 9 0.418548387096774 0.546370967741936 6.77911343367014 2 -1 0 
0 510 8.4 10 0.420362903225806 0.398387096774194 29.4618691482964 2 1 0 
1 520 11.4 9 0.407006048387097 0.535282258064516 12.1178143863451 2 -1 0 
0 520 8.4 10 0.391129032258065 0.378225806451613 30.974415508248 2 1 0 
1 530 11.4 9 0.488407258064516 0.478494623655914 12.1995453137507 2 -1 0 
0 530 8.4 10 0.485421836228288 0.445967741935484 21.1277121113259 2 1 0 
1 540 11.4 9 0.427923387096774 0.491935483870968 16.4012194668567 2 -2 0 
0 540 8.4 11 0.459677419354839 0.461290322580645 5.66797824721089 2 2 0 
1 550 11.4 9 0.393721198156682 0.512096774193548 8 2 -2 0 
0 550 8.4 11 0.383064516129032 0.518548387096774 6.92632499285233 2 2 0 
1 560 11.4 9 0.480645161290323 0.37741935483871 37.4953154933009 2 -2 0 
0 560 8.4 11 0.482258064516129 0.437903225806452 42.1196930373555 2 2 0 
1 570 11.4 9 0.397681451612903 0.373387096774194 20.1575698337238 2 -2 0 
0 570 8.4 11 0.449780058651026 0.544354838709677 38.8784484358195 2 2 0 
1 580 11.4 9 0.383064516129032 0.435483870967742 19.6842056906407 2 -2 0 
0 580 8.4 11 0.40994623655914 0.524193548387097 33.8600856749868 2 2 0 
1 590 11.4 10 0.465437788018433 0.458870967741936 20.6818310830562 2 -2 0 
0 590 8.4 12 0.548697270471464 0.561827956989247 27.9562609604206 2 2 0 
1 600 11.4 10 0.374327956989247 0.401612903225806 26.2067682767104 2 -2 0 
0 600 8.4 12 0.451804915514593 0.346774193548387 52.5494574242085 2 2 0 
1 610 11.4 10 0.401612903225806 0.339516129032258 20.5256722498239 2 -2 0 
0 610 8.4 12 0.410215053763441 0.388440860215054 52.6986509734464 2 2 0 
1 620 11.4 11 0.47741935483871 0.330645161290323 5.41397376823373 2 -1 0 
0 620 8.4 12 0.51008064516129 0.353225806451613 50.6579279430872 2 1 0 
1 630 11.4 11 0.383333333333333 0.351612903225806 15.9731051630547 2 -1 0 
0 630 8.4 12 0.476129032258065 0.430645161290323 35.9706866507447 2 1 0 
1 640 11.4 11 0.41705069124424 0.433064516129032 27.0849541216243 2 -1 0 
0 640 8.4 12 0.456494057724958 0.503225806451613 29.3272174853971 2 1 0 
1 650 11.4 11 0.432071960297767 0.514516129032258 41.3114139972819 2 -1 0 
0 650 8.4 12 0.51747311827957 0.485483870967742 31.3636915484744 2 1 0 
1 660 11.4 11 0.412775891341256 0.492943548387097 33.1572994811269 2 -2 0 
0 660 8.4 13 0.410534274193548 0.548387096774194 28.1922966313777 2 2 0 
1 670 11.4 11 0.38151364764268 0.455645161290323 41.713686992183 2 -2 0 
0 670 8.4 13 0.401881720430108 0.583870967741935 27.8099174949659 2 2 0 
1 680 11.4 11 0.491935483870968 0.355645161290323 52.0183342397459 2 -2 0 
0 680 8.4 13 0.563172043010753 0.612903225806452 30.0336990354717 2 2 0 
1 690 11.4 12 0.390417457305503 0.378225806451613 43.6068210693817 2 -1 0 
0 690 8.4 13 0.465725806451613 0.478225806451613 30.0140941846734 2 1 0 
1 700 11.4 12 0.391129032258065 0.435483870967742 26.936364542476 2 -2 0 
0 700 8.4 14 0.402150537634409 0.437903225806452 32.3232740716288 2 2 0 
1 710 11.4 12 0.467741935483871 0.439516129032258 25.5022489921175 2 -2 0 
0 710 8.4 14 0.48252688172043 0.431451612903226 27.3493193617342 2 2 0 
1 720 11.4 12 0.395161290322581 0.415322580645161 17.6999574323846 2 -2 0 
0 720 8.4 14 0.411290322580645 0.485483870967742 12.2618182906012 2 2 0 
1 730 11.4 12 0.383064516129032 0.397849462365591 17.8615255280274 2 -2 0 
0 730 8.4 14 0.395698924731183 0.549193548387097 4.62042881183668 2 2 0 
1 740 11.4 13 0.396953405017921 0.330645161290323 3.90273464416646 2 -1 0 
0 740 8.4 14 0.621975806451613 0.650537634408602 3.65255626006873 2 1 0 
1 750 11.4 13 0.372865275142315 0.306451612903226 27.5268748247642 2 -1 0 
0 750 8.4 14 0.472300140252454 0.598118279569893 10.8309907232393 2 1 0 
1 760 11.4 13 0.429838709677419 0.3125 38.0727912912512 2 -1 0 
0 760 8.4 14 0.403225806451613 0.513440860215054 10.5435624984694 2 1 0 
1 770 11.4 13 0.510887096774194 0.400806451612903 24.1773343719036 2 -2 0 
0 770 8.4 15 0.561347926267281 0.512096774193548 24.6273606471683 2 2 0 
1 780 11.4 13 0.415130568356375 0.398387096774194 28.4515237486974 2 -2 0 
0 780 8.4 15 0.456854838709677 0.401612903225806 47.8309387545476 2 2 0 
1 790 11.4 13 0.385630498533724 0.390322580645161 24.970717842072 2 -2 0 
0 790 8.4 15 0.419102822580645 0.39758064516129 27.6866635302648 2 2 0 
1 800 11.4 13 0.473973607038123 0.459677419354839 10.8215586366364 2 -2 0 
0 800 8.4 15 0.440188172043011 0.466129032258065 19.0835561203547 2 2 0 
1 810 11.4 13 0.431451612903226 0.506451612903226 11.2323914146398 2 -2 0 
0 810 8.4 15 0.446774193548387 0.44758064516129 9.61360872699597 2 2 0 
1 820 11.4 14 0.383064516129032 0.517137096774194 6.73331187241277 2 -1 0 
0 820 8.4 15 0.392389112903226 0.451612903225806 7.69955885390979 2 1 0 
1 830 11.4 14 0.448732718894009 0.522177419354839 5.50872056260898 2 -1 0 
0 830 8.4 15 0.464605734767025 0.407258064516129 8.13941029804985 2 1 0 
1 840 11.4 14 0.395161290322581 0.5 9.77333889939426 2 -1 0 
0 840 8.4 15 0.459101382488479 0.288306451612903 34.5579223912549 2 1 0 
1 850 11.4 14 0.383064516129032 0.454032258064516 15.9109709761524 2 -1 0 
0 850 8.4 15 0.405913978494624 0.290322580645161 21.2132034355964 2 1 0 
1 860 11.4 15 0.432382133995037 0.473387096774194 21.1730664146234 2 0 0 
0 860 8.4 15 0.485703812316716 0.236895161290323 26.6810487461125 2 0 0 
1 870 11.4 15 0.406451612903226 0.500806451612903 17.2067119913128 2 0 0 
0 870 8.4 15 0.456485215053763 0.264516129032258 31.9654927404315 2 0 0 
1 880 11.4 15 0.385332661290323 0.530645161290323 11.1350736121881 2 0 0 
0 880 8.4 15 0.383064516129032 0.345967741935484 16.1314839846748 2 0 0 
1 890 11.4 15 0.443548387096774 0.57258064516129 10.0485923378427 2 -1 0 
0 890 8.4 16 0.42741935483871 0.395161290322581 6.49402882195559 2 1 0 
1 900 11.4 15 0.432795698924731 0.579838709677419 8.56157411862496 2 -1 0 
0 900 8.4 16 0.477639296187683 0.380645161290323 5.94269434100755 2 1 0 
1 910 11.4 16 0.392025089605735 0.587096774193548 5.32285921157343 2 0 0 
0 910 8.4 16 0.389784946236559 0.362096774193548 5.01423574861218 2 0 0 
1 920 11.4 16 0.468690702087287 0.495967741935484 9.84011672309269 2 0 0 
0 920 8.4 16 0.45497311827957 0.330645161290323 12.7198652015508 2 0 0 
1 930 11.4 16 0.418010752688172 0.467741935483871 19.4515213638511 2 0 0 
0 930 8.4 16 0.406783681214421 0.415322580645161 19.9569851605044 2 0 0 
1 940 11.4 16 0.383064516129032 0.321774193548387 35.9357665286883 2 0 0 
0 940 8.4 16 0.4176944971537 0.499193548387097 30.6639021860636 2 0 0 
1 950 11.4 16 0.502520161290323 0.404032258064516 27.0751881843759 2 0 0 
0 950 8.4 16 0.515818858560794 0.510483870967742 32.0153061882667 2 0 0 
1 960 11.4 16 0.391666666666667 0.481451612903226 17.5280760364982 2 -1 0 
0 960 8.4 17 0.404345878136201 0.491935483870968 29.402458621526 2 1 0 
1 970 11.4 16 0.383064516129032 0.509677419354839 12.4245536642305 2 -1 0 
0 970 8.4 17 0.393279569892473 0.42258064516129 25.187050387325 2 1 0 
1 980 11.4 16 0.467008797653959 0.47258064516129 13.4269379946504 2 -1 0 
0 980 8.4 17 0.525806451612903 0.467741935483871 25.5246647953274 2 1 0 
1 990 11.4 16 0.35752688172043 0.433064516129032 21.2384832257542 2 -1 0 
0 990 8.4 17 0.490890083632019 0.489516129032258 26.6447086188545 2 1 0 
1 1000 11.4 16 0.365591397849462 0.471774193548387 23.6015979043816 2 -1 0 
0 1000 8.4 17 0.42196394686907 0.389516129032258 9.31845693647841 2 1 0 
1 1010 11.4 17 0.435931899641577 0.516935483870968 5.07638802822979 2 0 0 
0 1010 8.4 17 0.509216589861751 0.419354838709677 12.5677742190604 2 0 0 
1 1020 11.4 17 0.395833333333333 0.510483870967742 5.18003278569762 2 0 0 
0 1020 8.4 17 0.428379416282642 0.461693548387097 8.63199328104432 2 0 0 
1 1030 11.4 17 0.416442652329749 0.506451612903226 7.4617632730413 2 0 0 
0 1030 8.4 17 0.391397849462366 0.484879032258065 2.96920357475446 2 0 0 
1 1040 11.4 17 0.522465437788018 0.508064516129032 6.06318121528032 2 0 0 
0 1040 8.4 17 0.463709677419355 0.449596774193548 4.8079355383272 2 0 0 
1 1050 11.4 17 0.438242784380306 0.584677419354839 13.6079087464597 2 0 0 
0 1050 8.4 17 0.36760752688172 0.383064516129032 3.16227766016838 2 0 0 
1 1060 11.4 18 0.430555555555556 0.608064516129032 12.0405938947644 2 1 0 
0 1060 8.4 17 0.385263929618768 0.300403225806452 2.5 2 -1 0 
1 1070 11.4 18 0.560483870967742 0.616935483870968 10.6394930524331 2 0 0 
0 1070 8.4 18 0.483366935483871 0.236559139784946 21.8591674814119 2 0 0 
1 1080 11.4 18 0.470322580645161 0.585483870967742 7.86558017849224 2 0 0 
0 1080 8.4 18 0.348214285714286 0.393817204301075 19.2282040170086 2 0 0 
1 1090 11.4 18 0.3984375 0.587903225806452 6.77059938692706 2 0 0 
0 1090 8.4 18 0.361895161290323 0.458333333333333 16.8960711351664 2 0 0 
1 1100 11.4 18 0.519428152492669 0.553225806451613 7.83892395177301 2 0 0 
0 1100 8.4 18 0.412634408602151 0.344354838709677 40.0979201537027 2 0 0 
1 1110 11.4 18 0.45682123655914 0.520967741935484 10.0035783782395 2 0 0 
0 1110 8.4 18 0.377199413489736 0.330645161290323 13.7238597488666 2 0 0 
1 1120 11.4 18 0.409867172675522 0.525 8.36811268677327 2 0 0 
0 1120 8.4 18 0.386730205278592 0.360887096774194 26.0418283319838 2 0 0 
1 1130 11.4 19 0.601736972704715 0.625806451612903 16.5639218523433 2 1 0 
0 1130 8.4 18 0.406854838709677 0.327956989247312 19.7067140941868 2 -1 0 
1 1140 11.4 19 0.502986857825568 0.648387096774194 26.7010938435978 2 1 0 
0 1140 8.4 18 0.302785923753666 0.32258064516129 22.5784665448473 2 -1 0 
1 1150 11.4 19 0.456541218637993 0.686290322580645 27.9032444785397 2 1 0 
0 1150 8.4 18 0.294354838709677 0.287634408602151 22.0783084828216 2 -1 0 
1 1160 11.4 19 0.641129032258065 0.698387096774194 24.3128513415546 2 1 0 
0 1160 8.4 18 0.286290322580645 0.288978494623656 16.0950194530972 2 -1 0 
1 1170 11.4 20 0.529199110122358 0.7 18.8526655046153 2 2 1 
0 1170 8.4 18 0.293202764976959 0.254032258064516 10.2138941883833 1 -2 -1 
1 1180 11.4 20 0.511570827489481 0.724193548387097 13.6195404118443 2 1 1 
0 1180 8.4 19 NaN 0.219354838709677 8.916207260527 1 -1 -1 
1 1190 11.4 20 0.660170250896057 0.718548387096774 6.10420611037558 2 1 1 
0 1190 8.4 19 NaN 0.218548387096774 6.13672747000119 1 -1 -1 
1 1200 11.4 20 0.513978494623656 0.708064516129032 8.52379945926489 2 1 1 
0 1200 8.4 19 0.28139400921659 0.248991935483871 3.40973764150794 1 -1 -1 
1 1210 11.4 20 0.473118279569893 0.604032258064516 12.3875045333198 2 1 1 
0 1210 8.4 19 0.370295698924731 0.365927419354839 9.72283700656863 1 -1 -1 
1 1220 11.4 20 0.672235023041475 0.541129032258065 15.0413564427399 2 1 1 
0 1220 8.4 19 0.370295698924731 0.310483870967742 7.48309008760168 1 -1 -1 
1 1230 11.4 20 0.527937788018433 0.446774193548387 33.9735580580144 2 1 1 
0 1230 8.4 19 0.338440860215054 0.28125 12.6562413393748 1 -1 -1 
1 1240 11.4 20 0.395967741935484 0.42258064516129 42.8419934379387 2 1 1 
0 1240 8.4 19 0.423697270471464 0.33366935483871 7.05582419722185 1 -1 -1 
1 1250 11.4 20 0.530529953917051 0.474193548387097 30.0209294969862 2 1 1 
0 1250 8.4 19 0.432258064516129 0.377016129032258 4.01148810985708 1 -1 -1 
1 1260 11.4 20 0.482718894009217 0.474193548387097 20.4793309523677 2 1 1 
0 1260 8.4 19 0.391495601173021 0.373991935483871 10.7152177569942 1 -1 -1 
1 1270 11.4 21 0.464285714285714 0.460483870967742 23.2718421996305 2 1 1 
0 1270 8.4 20 0.386363636363636 0.369354838709677 22.5055496284504 1 -1 -1 
1 1280 11.4 21 0.57078853046595 0.416129032258064 15.3888508262495 2 1 1 
0 1280 8.4 20 0.493087557603687 0.338709677419355 16.6282632083053 1 -1 -1 
1 1290 11.4 21 0.451612903225806 0.482258064516129 11.5991851967188 2 1 1 
0 1290 8.4 20 0.412858422939068 0.341935483870968 5.83349308773447 1 -1 -1 
1 1300 11.4 21 0.392741935483871 0.494354838709677 6.20997569891686 2 1 1 
0 1300 8.4 20 0.383064516129032 0.44758064516129 3.71034373156425 1 -1 -1 
1 1310 11.4 21 0.505040322580645 0.567741935483871 8.77517105273727 2 1 1 
0 1310 8.4 20 0.464861751152074 0.403225806451613 7.16021994746213 1 -1 -1 
1 1320 11.4 21 0.461021505376344 0.585685483870968 7.92302209447387 2 1 1 
0 1320 8.4 20 0.370967741935484 0.306451612903226 0 1 -1 -1 
1 1330 11.4 21 0.458800841514727 0.672379032258065 9.97666620128944 2 1 1 
0 1330 8.4 20 0.367302052785924 0.278225806451613 0 1 -1 -1 
1 1340 11.4 21 0.559934017595308 0.70866935483871 5.09710765654062 2 1 1 
0 1340 8.4 20 0.402605459057072 0.137096774193548 0 1 -1 -1 
1 1350 11.4 21 0.497788761706556 0.676075268817204 9.27919417760741 2 1 1 
0 1350 8.4 20 0.277915632754342 NaN NaN 1 -1 -1 
1 1360 11.4 22 0.532407407407407 0.740591397849462 0.924950591148529 2 2 2 
0 1360 8.4 20 0.25 NaN NaN 0 -2 -2 
1 1370 11.4 22 0.653393817204301 0.686827956989247 6.24396176928811 2 2 2 
0 1370 8.4 20 NaN NaN NaN 0 -2 -2 
1 1380 11.4 22 0.532930107526882 0.490591397849462 14.7287257472545 2 2 2 
0 1380 8.4 20 0.228494623655914 0.145161290322581 1.4142135623731 0 -2 -2 
1 1390 11.4 22 0.509912634408602 0.456653225806452 41.7944726138525 2 2 2 
0 1390 8.4 20 0.328629032258065 0.165322580645161 9.68680024826296 0 -2 -2 
1 1400 11.4 22 0.640927419354839 0.526209677419355 27.2326122262659 2 2 2 
0 1400 8.4 20 0.328629032258065 0.286290322580645 11.8392493880908 0 -2 -2 
1 1410 11.4 22 0.527514231499051 0.536290322580645 11.4337377774149 2 2 2 
0 1410 8.4 20 0.303970223325062 0.361895161290323 4.12893514343595 0 -2 -2 
1 1420 11.4 22 0.557333669354839 0.403225806451613 33.144197685882 2 1 2 
0 1420 8.4 21 NaN 0.414516129032258 18.3983275384923 0 -1 -2 
1 1430 11.4 22 0.664944556451613 0.432459677419355 19.1553856675124 2 1 2 
0 1430 8.4 21 NaN 0.404569892473118 27.7065852746989 0 -1 -2 
1 1440 11.4 22 0.553945074106365 0.533266129032258 10.1732853866429 2 1 2 
0 1440 8.4 21 0.275293255131965 0.310483870967742 12.2065556157337 0 -1 -2 
1 1450 11.4 22 0.563321385902031 0.674395161290323 13.796504467116 2 1 2 
0 1450 8.4 21 0.270161290322581 0.243951612903226 2.54950975679639 0 -1 -2 
1 1460 11.4 22 0.689516129032258 0.738911290322581 11.0161592187152 2 1 2 
0 1460 8.4 21 0.241935483870968 0.258064516129032 0 0 -1 -2 
1 1470 11.4 22 0.625806451612903 0.761088709677419 13.1491967757059 2 1 2 
0 1470 8.4 21 0.240322580645161 0.165322580645161 0 0 -1 -2 
1 1480 11.4 23 0.754536290322581 0.783266129032258 7.53821588873724 2 2 2 
0 1480 8.4 21 NaN NaN NaN 0 -2 -2 
1 1490 11.4 23 0.754536290322581 0.788306451612903 3.35711603039846 2 2 2 
0 1490 8.4 21 NaN NaN NaN 0 -2 -2 
