1 30 6.2 1 NaN 0.316129032258065 16.4186724558879 3 0 0 
0 30 10.8 1 NaN 0.277217741935484 12.0578833011579 3 0 0 
1 40 6.2 1 NaN 0.287903225806452 23.0637281349763 3 0 0 
0 40 10.8 1 NaN 0.311290322580645 27.7086537817309 3 0 0 
1 50 6.2 1 0.369354838709677 0.364516129032258 32.7540275460548 3 0 0 
0 50 10.8 1 0.36945564516129 0.321774193548387 23.8280506418892 3 0 0 
1 60 6.2 1 0.364247311827957 0.480645161290323 33.6708343648797 3 0 0 
0 60 10.8 1 0.364247311827957 0.391935483870968 29.9084074042777 3 0 0 
1 70 6.2 1 0.422912713472486 0.492741935483871 27.9618929828072 3 0 0 
0 70 10.8 1 0.39489247311828 0.470161290322581 20.4298509392664 3 0 0 
1 80 6.2 1 0.441628264208909 0.485483870967742 27.2088201979092 3 0 0 
0 80 10.8 1 0.445362903225806 0.494354838709677 29.180922407919 3 0 0 
1 90 6.2 1 0.404953917050691 0.481451612903226 34.7750232021465 3 0 0 
0 90 10.8 1 0.391451612903226 0.494354838709677 28.1723974947045 3 0 0 
1 100 6.2 1 0.439068100358423 0.486895161290323 44.8550275806032 3 -1 0 
0 100 10.8 2 0.414261460101868 0.470161290322581 28.5938201146894 3 1 0 
1 110 6.2 2 0.449798387096774 0.492943548387097 41.7906552125354 3 0 0 
0 110 10.8 2 0.472300140252454 0.479032258064516 32.6833912010196 3 0 0 
1 120 6.2 2 0.388064516129032 0.379838709677419 43.0192368940335 3 0 0 
0 120 10.8 2 0.384576612903226 0.508064516129032 41.7894606357981 3 0 0 
1 130 6.2 2 0.43452380952381 0.443548387096774 45.6200698425531 3 -1 0 
0 130 10.8 3 0.389006791171477 0.496774193548387 45.3852774670055 3 1 0 
1 140 6.2 3 0.468362282878412 0.461693548387097 31.4061960307315 3 0 0 
0 140 10.8 3 0.457862903225806 0.508870967741936 43.3286114188542 3 0 0 
1 150 6.2 3 0.397849462365591 0.40241935483871 43.6236592342972 3 0 0 
0 150 10.8 3 0.388272849462366 0.520967741935484 41.4786659621658 3 0 0 
1 160 6.2 3 0.435282258064516 0.419354838709677 42.2732751911892 3 0 0 
0 160 10.8 3 0.362666034155598 0.494354838709677 45.4153953073468 3 0 0 
1 170 6.2 3 0.455784204671858 0.455645161290323 33.5505430193184 3 0 0 
0 170 10.8 3 0.441364247311828 0.506048387096774 31.1776542787485 3 0 0 
1 180 6.2 4 0.423732718894009 0.485483870967742 30.5882576927408 3 0 0 
0 180 10.8 4 0.38833746898263 0.498991935483871 27.43186571289 3 0 0 
1 190 6.2 4 0.482142857142857 0.456451612903226 21.4259860138406 3 0 0 
0 190 10.8 4 0.3984375 0.413709677419355 43.9564805146975 3 0 0 
1 200 6.2 4 0.475086405529954 0.466129032258065 22.1667269737603 3 -1 0 
0 200 10.8 5 0.439990512333966 0.446774193548387 41.3456660556211 3 1 0 
1 210 6.2 5 0.398728287841191 0.461290322580645 38.4245771986443 3 0 0 
0 210 10.8 5 0.372617302052786 0.470161290322581 34.6384062461375 3 0 0 
1 220 6.2 5 0.410394265232975 0.457258064516129 35.8131988790038 3 -1 0 
0 220 10.8 6 0.421658986175115 0.498387096774194 34.0490679848123 3 1 0 
1 230 6.2 5 0.417482718894009 0.438709677419355 41.1451248365918 3 -1 0 
0 230 10.8 6 0.45588954056696 0.490322580645161 33.5295661889939 3 1 0 
1 240 6.2 5 0.392174432497013 0.461290322580645 35.1613676744187 3 -1 0 
0 240 10.8 6 0.399913594470046 0.475 29.9532007197706 3 1 0 
1 250 6.2 6 0.497390891840607 0.471774193548387 38.4209392413492 3 0 0 
0 250 10.8 6 0.452060931899642 0.449193548387097 33.4955151378821 3 0 0 
1 260 6.2 6 0.451890989988877 0.476612903225806 36.8104727376191 3 0 0 
0 260 10.8 6 0.448055028462998 0.464516129032258 36.7948814284989 3 0 0 
1 270 6.2 6 0.41661866359447 0.445967741935484 34.3492441609023 3 0 0 
0 270 10.8 6 0.387432795698925 0.512903225806452 37.4998978683212 3 0 0 
1 280 6.2 6 0.50509337860781 0.457258064516129 39.5005376811134 3 -1 0 
0 280 10.8 7 0.394713261648745 0.494354838709677 37.2696033718787 3 1 0 
1 290 6.2 7 0.453703703703704 0.456653225806452 47.0869977029991 3 0 0 
0 290 10.8 7 0.430967741935484 0.495967741935484 37.9371620396152 3 0 0 
1 300 6.2 7 0.413306451612903 0.459677419354839 45.09097092772 3 0 0 
0 300 10.8 7 0.388944892473118 0.475 39.0145094206361 3 0 0 
1 310 6.2 7 0.449308755760369 0.398387096774194 48.8489661209188 3 -1 0 
0 310 10.8 8 0.460685483870968 0.485483870967742 34.9163538724911 3 1 0 
1 320 6.2 7 0.433312655086849 0.386290322580645 46.7762147322842 3 -1 0 
0 320 10.8 8 0.472371565113501 0.512903225806452 36.7166658775047 3 1 0 
1 330 6.2 7 0.364247311827957 0.396774193548387 34.695420915104 3 -1 0 
0 330 10.8 8 0.403225806451613 0.549193548387097 34.2273716567643 3 1 0 
1 340 6.2 7 0.418010752688172 0.37741935483871 41.3060599164585 3 -1 0 
0 340 10.8 8 0.419959677419355 0.493548387096774 39.9956712010027 3 1 0 
1 350 6.2 8 0.43494623655914 0.460483870967742 45.2527764281605 3 -1 0 
0 350 10.8 9 0.475073313782991 0.456451612903226 56.3371843118126 3 1 0 
1 360 6.2 8 0.40639400921659 0.475806451612903 36.7696236213364 3 -1 0 
0 360 10.8 9 0.400589330024814 0.469354838709677 47.9546423601912 3 1 0 
1 370 6.2 8 0.453917050691244 0.398185483870968 50.3444058649577 3 -1 0 
0 370 10.8 9 0.443548387096774 0.489516129032258 42.2274203392422 3 1 0 
1 380 6.2 8 0.434811827956989 0.386088709677419 43.6442842580601 3 -1 0 
0 380 10.8 9 0.459101382488479 0.5 36.0498005229572 3 1 0 
1 390 6.2 9 0.387600806451613 0.365322580645161 28.2200276034576 3 0 0 
0 390 10.8 9 0.423118279569893 0.529233870967742 21.4207857385247 3 0 0 
1 400 6.2 9 0.415546594982079 0.443548387096774 16.647221107411 3 -1 0 
0 400 10.8 10 0.427956989247312 0.519153225806452 20.870101400087 3 1 0 
1 410 6.2 9 0.450268817204301 0.449193548387097 25.0717490963657 3 -1 0 
0 410 10.8 10 0.47134974533107 0.519153225806452 19.0700002457229 3 1 0 
1 420 6.2 9 0.38 0.504838709677419 30.7324159503778 3 -1 0 
0 420 10.8 10 0.387741935483871 0.417741935483871 32.7532181547043 3 1 0 
1 430 6.2 9 0.418394777265745 0.473790322580645 35.29337476299 3 -1 0 
0 430 10.8 10 0.384856630824373 0.439516129032258 21.7127133144374 3 1 0 
1 440 6.2 10 0.464008363201912 0.482862903225806 23.895889087141 3 0 0 
0 440 10.8 10 0.451063049853372 0.489516129032258 30.3518105675958 3 0 0 
1 450 6.2 10 0.414784946236559 0.426612903225806 34.2243267759543 3 -1 0 
0 450 10.8 11 0.375525946704067 0.488709677419355 34.5201856084869 3 1 0 
1 460 6.2 10 0.401209677419355 0.428427419354839 23.6173151488836 3 -1 0 
0 460 10.8 11 0.376897533206831 0.399193548387097 44.9730275653743 3 1 0 
1 470 6.2 10 0.458333333333333 0.474798387096774 18.5717687851836 3 -1 0 
0 470 10.8 11 0.448732718894009 0.416935483870968 42.9157208380864 3 1 0 
1 480 6.2 10 0.385806451612903 0.476814516129032 22.1870557536271 3 -1 0 
0 480 10.8 11 0.384354838709677 0.471774193548387 24.6084470788971 3 1 0 
1 490 6.2 11 0.44483137829912 0.451612903225806 29.6371284605279 3 0 0 
0 490 10.8 11 0.42713133640553 0.492741935483871 18.9257101797197 3 0 0 
1 500 6.2 11 0.455923248053393 0.462903225806452 28.7406280441485 3 0 0 
0 500 10.8 11 0.436995967741936 0.478494623655914 35.4214798434136 3 0 0 
1 510 6.2 11 0.391465053763441 0.525806451612903 23.0037136888866 3 -1 0 
0 510 10.8 12 0.404032258064516 0.46505376344086 37.5464958633321 3 1 0 
1 520 6.2 11 0.360703812316716 0.504032258064516 28.8209448040719 3 -1 0 
0 520 10.8 12 0.39616935483871 0.467741935483871 37.3780794596599 3 1 0 
1 530 6.2 12 0.486042183622829 0.516935483870968 35.1174229318474 3 0 0 
0 530 10.8 12 0.42911714770798 0.34758064516129 50.1305012749878 3 0 0 
1 540 6.2 12 0.423252688172043 0.508870967741936 31.335758318063 3 0 0 
0 540 10.8 12 0.380880376344086 0.347782258064516 30.3579242837524 3 0 0 
1 550 6.2 12 0.390322580645161 0.523387096774194 24.3787436131094 3 0 0 
0 550 10.8 12 0.391885080645161 0.42741935483871 24.4538385576798 3 0 0 
1 560 6.2 12 0.455241935483871 0.501612903225806 17.7960448101997 3 0 0 
0 560 10.8 12 0.446428571428571 0.492943548387097 22.2129202147996 3 0 0 
1 570 6.2 12 0.445708525345622 0.508064516129032 23.0910240940059 3 0 0 
0 570 10.8 12 0.403548387096774 0.358870967741936 29.5896996409851 3 0 0 
1 580 6.2 13 0.498463901689708 0.565322580645161 21.515802961753 3 1 0 
0 580 10.8 12 0.405997983870968 0.341129032258065 13.8291063848507 3 -1 0 
1 590 6.2 13 0.464573732718894 0.556451612903226 15.8795590841185 3 0 0 
0 590 10.8 13 0.423387096774194 0.361290322580645 9.14296699018358 3 0 0 
1 600 6.2 13 0.379032258064516 0.55 12.1851607136373 3 0 0 
0 600 10.8 13 0.421236559139785 0.390322580645161 14.0592686368705 3 0 0 
1 610 6.2 13 0.469534050179211 0.570967741935484 10.8261480054986 3 0 0 
0 610 10.8 13 0.396627565982405 0.367741935483871 7.990663372647 3 0 0 
1 620 6.2 13 0.478548387096774 0.556451612903226 12.2447288910836 3 0 0 
0 620 10.8 13 0.588709677419355 0.407258064516129 4.78019966595286 3 0 0 
1 630 6.2 13 0.397360703812317 0.506048387096774 1.58113883008419 3 -1 0 
0 630 10.8 14 0.420400238948626 0.426411290322581 20.3297359003101 3 1 0 
1 640 6.2 14 0.40061669829222 0.435483870967742 54.9789674917029 3 0 0 
0 640 10.8 14 0.397625448028674 0.38508064516129 13.2369806150051 3 0 0 
1 650 6.2 14 0.459677419354839 0.426075268817204 45.4866692822721 3 0 0 
0 650 10.8 14 0.420250896057348 0.282258064516129 39.5477108900833 3 0 0 
1 660 6.2 14 0.410244922341697 0.266129032258065 43.653204944984 3 0 0 
0 660 10.8 14 0.413450460829493 0.261290322580645 21.6573247868673 3 0 0 
1 670 6.2 14 0.392045454545455 0.300403225806452 33.316308538545 3 0 0 
0 670 10.8 14 0.458099579242637 0.37741935483871 16.9189872140285 3 0 0 
1 680 6.2 14 0.460918114143921 0.412298387096774 28.2641591805868 3 0 0 
0 680 10.8 14 0.462664277180406 0.445161290322581 14.6617116121817 3 0 0 
1 690 6.2 14 0.412819799777531 0.415322580645161 28.145647534058 3 -1 0 
0 690 10.8 15 0.391612903225807 0.470161290322581 30.6546978767662 3 1 0 
1 700 6.2 15 0.439882697947214 0.39616935483871 31.4140132739649 3 0 0 
0 700 10.8 15 0.360732009925558 0.489516129032258 32.157035309812 3 0 0 
1 710 6.2 15 0.45032991202346 0.389112903225806 28.9440723441842 3 0 0 
0 710 10.8 15 0.475134408602151 0.508064516129032 33.2033301935806 3 0 0 
1 720 6.2 15 0.426290322580645 0.530241935483871 4.97054495933652 3 -1 0 
0 720 10.8 16 0.408498759305211 0.489516129032258 33.0220862755786 3 1 0 
1 730 6.2 15 0.411002304147465 0.554435483870968 10.9274999507287 3 -1 0 
0 730 10.8 16 0.363140417457306 0.462701612903226 36.5883641934062 3 1 0 
1 740 6.2 16 0.46003320683112 0.535483870967742 43.495348466993 3 0 0 
0 740 10.8 16 0.330069124423963 0.387096774193548 46.3864129245507 3 0 0 
1 750 6.2 16 0.476478494623656 0.550806451612903 39.176226707164 3 0 0 
0 750 10.8 16 0.38125 0.313172043010753 22.2090416929625 3 0 0 
1 760 6.2 16 0.495743727598566 0.611290322580645 37.3334568779048 3 0 0 
0 760 10.8 16 0.415322580645161 0.252688172043011 23.814931158829 3 0 0 
1 770 6.2 16 0.517515120967742 0.637096774193548 36.2764917829875 3 0 0 
0 770 10.8 16 0.484447004608295 0.268817204301075 5.32053035673472 3 0 0 
1 780 6.2 17 0.463391341256367 0.625 31.9025151573125 3 1 0 
0 780 10.8 16 0.373576850094877 0.225 25.8599814630561 3 -1 0 
1 790 6.2 17 0.444971537001898 0.60383064516129 27.4638880414187 3 1 0 
0 790 10.8 16 0.393481182795699 0.276612903225806 20.8161009749987 3 -1 0 
1 800 6.2 17 0.528387096774193 0.559475806451613 20.422931727058 3 0 0 
0 800 10.8 17 0.42258064516129 0.387096774193548 17.8819785508633 3 0 0 
1 810 6.2 17 0.456451612903226 0.546370967741936 21.1129413352442 3 0 0 
0 810 10.8 17 0.344662058371736 0.414516129032258 15.126719088346 3 0 0 
1 820 6.2 17 0.417914746543779 0.585685483870968 24.497816581041 3 0 0 
0 820 10.8 17 0.339213709677419 0.385483870967742 21.4164638767053 3 0 0 
1 830 6.2 17 0.523790322580645 0.564516129032258 18.0682014328878 3 0 0 
0 830 10.8 17 0.381720430107527 0.442741935483871 11.465935952249 3 0 0 
1 840 6.2 17 0.47363523573201 0.419354838709677 35.1175390011725 3 0 0 
0 840 10.8 17 0.329838709677419 0.474193548387097 13.3710182658249 3 0 0 
1 850 6.2 17 0.482258064516129 0.465322580645161 16.2199821493981 3 0 0 
0 850 10.8 17 0.366935483870968 0.440322580645161 8.77469797806887 3 0 0 
1 860 6.2 17 0.566905615292712 0.404032258064516 9.89743014339044 3 0 0 
0 860 10.8 17 0.399445564516129 0.410483870967742 13.7463714129752 3 0 0 
1 870 6.2 18 0.468189964157706 0.424193548387097 12.5990705806896 3 1 0 
0 870 10.8 17 0.368807603686636 0.380645161290323 17.8613856210912 3 -1 0 
1 880 6.2 18 0.399193548387097 0.391935483870968 7.42207758198882 3 1 0 
0 880 10.8 17 0.431774193548387 0.44758064516129 16.9474556175924 3 -1 0 
1 890 6.2 18 0.478005865102639 0.444354838709677 6.5867445893074 3 0 0 
0 890 10.8 18 0.450268817204301 0.479032258064516 12.1775825245538 3 0 0 
1 900 6.2 18 0.388387096774194 0.520967741935484 3.68477896602598 3 0 0 
0 900 10.8 18 0.41888045540797 0.445967741935484 4.89049526560286 3 0 0 
1 910 6.2 18 0.419758064516129 0.493951612903226 5.67051209998349 3 0 0 
0 910 10.8 18 0.45216275659824 0.444354838709677 9.85913667424616 3 0 0 
1 920 6.2 18 0.494623655913979 0.526209677419355 2.31985924452539 3 0 0 
0 920 10.8 18 0.462365591397849 0.398185483870968 2.81029390318813 3 0 0 
1 930 6.2 18 0.382012622720898 0.461021505376344 7.90513377063134 3 0 0 
0 930 10.8 18 0.421118951612903 0.484879032258065 5.202812249639 3 0 0 
1 940 6.2 18 0.363911290322581 0.458333333333333 2.67970044736354 3 0 0 
0 940 10.8 18 0.442741935483871 0.483870967741936 4.68189948130699 3 0 0 
1 950 6.2 18 0.446290322580645 0.459677419354839 5.1186959495442 3 0 0 
0 950 10.8 18 0.487183179723502 0.456653225806452 4.16483496481713 3 0 0 
1 960 6.2 19 0.419354838709677 0.470430107526882 6.05705577195673 3 1 0 
0 960 10.8 18 0.422653958944281 0.348790322580645 26.4687593370507 3 -1 0 
1 970 6.2 19 0.454559553349876 0.456989247311828 12.0869462516101 3 0 0 
0 970 10.8 19 0.412001897533207 0.387096774193548 39.5849789360225 3 0 0 
1 980 6.2 19 0.464717741935484 0.404032258064516 43.7702736405103 3 0 0 
0 980 10.8 19 0.484543010752688 0.391935483870968 54.8428700125405 3 0 0 
1 990 6.2 19 0.446276091081594 0.393548387096774 39.2619747554787 3 0 0 
0 990 10.8 19 0.352504244482173 0.47741935483871 36.2548061976651 3 0 0 
1 1000 6.2 19 0.432258064516129 0.441532258064516 23.8056203611519 3 0 0 
0 1000 10.8 19 0.398132427843803 0.518548387096774 24.8466160775304 3 0 0 
1 1010 6.2 19 0.46505376344086 0.47883064516129 17.2274452937332 3 0 0 
0 1010 10.8 19 0.42372311827957 0.5 14.4504460549705 3 0 0 
1 1020 6.2 19 0.403709677419355 0.496975806451613 18.2171648793873 3 0 0 
0 1020 10.8 19 0.389677419354839 0.483870967741936 6.48071312904585 3 0 0 
1 1030 6.2 19 0.368595825426945 0.429435483870968 12.6285835819131 3 0 0 
0 1030 10.8 19 0.384013282732448 0.548387096774194 3.08285866658205 3 0 0 
1 1040 6.2 20 0.484318996415771 0.449596774193548 16.8038046635201 3 1 0 
0 1040 10.8 19 0.469254032258065 0.486290322580645 10.8996884246966 3 -1 0 
1 1050 6.2 20 0.364247311827957 0.42741935483871 23.474590742683 3 0 0 
0 1050 10.8 20 0.372983870967742 0.49758064516129 24.5466652992705 3 0 0 
1 1060 6.2 20 0.381720430107527 0.425 22.8257378085555 3 0 0 
0 1060 10.8 20 0.387672811059908 0.516129032258065 8.38106855777094 3 0 0 
1 1070 6.2 20 0.457971464019851 0.412634408602151 34.0775473668745 3 0 0 
0 1070 10.8 20 0.462779156327543 0.532258064516129 7.18529593866227 3 0 0 
1 1080 6.2 20 0.392005610098177 0.391129032258065 43.9317652729776 3 0 0 
0 1080 10.8 20 0.412903225806452 0.606451612903226 4.88284648486442 3 0 0 
1 1090 6.2 20 0.387571157495256 0.413306451612903 43.7321392113398 3 0 0 
0 1090 10.8 20 0.442307692307692 0.532258064516129 8.52171156230094 3 0 0 
1 1100 6.2 20 0.435685483870968 0.457661290322581 48.0234317807464 3 0 0 
0 1100 10.8 20 0.495689655172414 0.525806451612903 37.1954835273699 3 0 0 
1 1110 6.2 20 0.403823178016726 0.471774193548387 53.2658427136941 3 -1 0 
0 1110 10.8 21 0.468525985663083 0.504032258064516 48.4487972158831 3 1 0 
1 1120 6.2 20 0.384925558312655 0.479838709677419 54.0948241516691 3 -1 0 
0 1120 10.8 21 0.487773152965661 0.512903225806452 40.8698885551589 3 1 0 
1 1130 6.2 20 0.423655913978495 0.487903225806452 48.9923463410358 3 -1 0 
0 1130 10.8 21 0.541914261460102 0.495161290322581 32.5684021249523 3 1 0 
1 1140 6.2 20 0.348896434634975 0.146505376344086 10.56561746779 3 -1 0 
0 1140 10.8 21 0.482142857142857 0.49758064516129 41.3408182308159 3 1 0 
1 1150 6.2 20 0.372828784119107 0.298387096774194 33.7323145119615 3 -1 0 
0 1150 10.8 21 0.529936461388074 0.508870967741936 38.5389516356712 3 1 0 
1 1160 6.2 20 0.407930107526882 0.389112903225806 31.8198051533946 3 -1 0 
0 1160 10.8 21 0.571381865736704 0.53125 24.9220588519253 3 1 0 
1 1170 6.2 20 0.357954545454545 0.399193548387097 24.1867732448956 3 -1 0 
0 1170 10.8 21 0.467857142857143 0.551411290322581 22.5038119836525 3 1 0 
1 1180 6.2 20 0.348240469208211 0.383064516129032 13.9283882771841 3 -1 0 
0 1180 10.8 21 0.44828190743338 0.602822580645161 16.9411531543338 3 1 0 
1 1190 6.2 20 0.349126344086022 0.370967741935484 5.59016994374947 3 -1 0 
0 1190 10.8 21 0.541595925297114 0.596774193548387 18.8618220290552 3 1 0 
1 1200 6.2 20 0.347894265232975 0.270161290322581 29.1867323395665 3 -2 0 
0 1200 10.8 22 0.498124531132783 0.621975806451613 3.73723430197662 3 2 0 
1 1210 6.2 20 0.362567204301075 0.238911290322581 17.8705288827025 3 -2 0 
0 1210 10.8 22 0.43383431085044 0.661290322580645 4.65000955599863 3 2 0 
1 1220 6.2 20 0.370715725806452 0.280645161290323 17.1369622226725 3 -2 0 
0 1220 10.8 22 0.566001697792869 0.526612903225806 43.0309739520471 3 2 0 
1 1230 6.2 21 0.342357910906298 0.391129032258065 24.0720327096722 3 -1 0 
0 1230 10.8 22 0.485674872665535 0.445161290322581 31.479637903744 3 1 0 
1 1240 6.2 21 0.371588089330025 0.57258064516129 20.8675708280305 3 -1 0 
0 1240 10.8 22 0.500448028673835 0.399193548387097 25.3531335868633 3 1 0 
1 1250 6.2 21 0.396057347670251 0.687903225806452 14.3546659328311 3 -1 0 
0 1250 10.8 22 0.550179211469534 0.316935483870968 35.1319246180482 3 1 0 
1 1260 6.2 21 0.330278592375367 0.618548387096774 5.14229103218097 3 -1 0 
0 1260 10.8 22 0.455407969639469 0.320161290322581 22.1617589942452 3 1 0 
1 1270 6.2 21 0.4140625 0.541129032258065 16.1591268773235 3 -1 0 
0 1270 10.8 22 0.469838709677419 0.388709677419355 6.94901240280775 3 1 0 
1 1280 6.2 21 0.456653225806452 0.488709677419355 26.3319796622477 3 -1 0 
0 1280 10.8 22 0.576164874551971 0.376612903225806 13.683316096663 3 1 0 
1 1290 6.2 21 0.371662958843159 0.464516129032258 22.472718289442 3 -1 0 
0 1290 10.8 22 0.437231182795699 0.348387096774194 19.442374724483 3 1 0 
1 1300 6.2 21 0.409537166900421 0.425 25.2733128873251 3 -1 0 
0 1300 10.8 22 0.450035063113604 0.387903225806452 10.6532257442112 3 1 0 
1 1310 6.2 21 0.436424731182796 0.40241935483871 19.7855425914968 3 -1 0 
0 1310 10.8 22 0.479838709677419 0.435483870967742 4.58524544728209 3 1 0 
1 1320 6.2 21 0.355812013348165 0.37258064516129 31.2622476139519 3 -1 0 
0 1320 10.8 22 0.423943270300334 0.489516129032258 3.62565359205446 3 1 0 
1 1330 6.2 21 0.43252688172043 0.341935483870968 27.4395136482163 3 -1 0 
0 1330 10.8 22 0.435987903225806 0.518548387096774 19.5340958445991 3 1 0 
1 1340 6.2 21 0.473387096774194 0.409677419354839 34.3281367467926 3 -2 0 
0 1340 10.8 23 0.515973945409429 0.495967741935484 32.7020179022881 3 2 0 
1 1350 6.2 21 0.385752688172043 0.431451612903226 47.1822633522723 3 -2 0 
0 1350 10.8 23 0.423984468339307 0.486290322580645 23.5504702368543 3 2 0 
1 1360 6.2 21 0.390725806451613 0.520161290322581 48.0013188099427 3 -2 0 
0 1360 10.8 23 0.429329371816638 0.468548387096774 32.6994343573508 3 2 0 
1 1370 6.2 21 0.469354838709677 0.507056451612903 37.272917722837 3 -2 0 
0 1370 10.8 23 0.474053295932679 0.480645161290323 42.1551112715663 3 2 0 
1 1380 6.2 22 0.420866935483871 0.512096774193548 23.8417357206655 3 -1 0 
0 1380 10.8 23 0.428427419354839 0.486895161290323 46.851724828792 3 1 0 
1 1390 6.2 22 0.377279102384292 0.485215053763441 8.24785044833369 3 -1 0 
0 1390 10.8 23 0.444193548387097 0.493279569892473 31.8868679001761 3 1 0 
1 1400 6.2 22 0.410815939278937 0.456989247311828 5.1398423230798 3 -1 0 
0 1400 10.8 23 0.521690767519466 0.489247311827957 28.8765034569832 3 1 0 
1 1410 6.2 22 0.39077840112202 0.370967741935484 2.60019491677682 3 -1 0 
0 1410 10.8 23 0.476926523297491 0.606182795698925 24.1020640930205 3 1 0 
1 1420 6.2 22 0.441997518610422 0.270161290322581 29.7105065971336 3 -1 0 
0 1420 10.8 23 0.440967741935484 0.647849462365591 27.188277239297 3 1 0 
1 1430 6.2 22 0.452712609970674 0.3125 28.637293833217 3 -1 0 
0 1430 10.8 23 0.510390818858561 0.588709677419355 19.2323289515018 3 1 0 
1 1440 6.2 22 0.375848896434635 0.315524193548387 10.6281262757801 3 -1 0 
0 1440 10.8 23 0.459470636889992 0.506048387096774 46.5224529873981 3 1 0 
1 1450 6.2 22 0.341935483870968 0.308870967741935 16.5584531758245 3 -1 0 
0 1450 10.8 23 0.443980414746544 0.504032258064516 41.9499415142442 3 1 0 
1 1460 6.2 22 0.399769585253456 0.325604838709677 23.0232883875975 3 -2 0 
0 1460 10.8 24 0.5 0.44758064516129 31.3913796052311 3 2 0 
1 1470 6.2 22 0.336290322580645 0.398185483870968 8.05947545417774 3 -2 0 
0 1470 10.8 24 0.454921422663358 0.510483870967742 16.016889013924 3 2 0 
1 1480 6.2 22 0.339442815249267 0.297379032258065 3.59833598803257 3 -2 0 
0 1480 10.8 24 0.478448275862069 0.636290322580645 9.14457478942462 3 2 0 
1 1490 6.2 22 0.359970674486803 0.317540322580645 4.11487262541963 3 -2 0 
0 1490 10.8 24 0.567448680351906 0.620161290322581 4.50969136371566 3 2 0 
1 1500 6.2 22 0.331149193548387 0.359879032258065 6.70585964503276 3 -2 0 
0 1500 10.8 24 0.505865102639296 0.604838709677419 2.64042302180224 3 2 0 
1 1510 6.2 22 0.369354838709677 0.323588709677419 5.92633333432729 3 -2 0 
0 1510 10.8 24 0.527847782258065 0.584677419354839 3.33780483409761 3 2 0 
1 1520 6.2 22 0.326612903225806 0.233870967741935 19.6643763326995 3 -2 0 
0 1520 10.8 24 0.589928732183046 0.329032258064516 43.3566094479509 3 2 0 
1 1530 6.2 23 0.311693548387097 0.256451612903226 31.0255720029104 3 -1 0 
0 1530 10.8 24 0.509752438109527 0.395967741935484 40.5410627322217 3 1 0 
1 1540 6.2 23 0.419975186104218 0.325 21.3759579171488 3 -1 0 
0 1540 10.8 24 0.45097623089983 0.491129032258064 28.5068439463375 3 1 0 
1 1550 6.2 23 0.440092165898617 0.345967741935484 9.32775547680827 3 -1 0 
0 1550 10.8 24 0.515645161290323 0.500806451612903 25.8131335950581 3 1 0 
1 1560 6.2 23 0.366599462365591 0.362903225806452 13.24236197332 3 -1 0 
0 1560 10.8 24 0.442326490713587 0.463709677419355 24.2742396849752 3 1 0 
1 1570 6.2 23 0.379032258064516 0.417741935483871 8.56763264692164 3 -1 0 
0 1570 10.8 24 0.423387096774194 0.40241935483871 30.1034894212046 3 1 0 
1 1580 6.2 23 0.441377171215881 0.475 5.17973920536768 3 -1 0 
0 1580 10.8 24 0.500350631136045 0.465322580645161 16.6970295609987 3 1 0 
1 1590 6.2 23 0.409778225806452 0.540322580645161 4.12310562561766 3 -1 0 
0 1590 10.8 24 0.415456989247312 0.432258064516129 3.28500478895585 3 1 0 
1 1600 6.2 23 0.400836320191159 0.465725806451613 2.5 3 -1 0 
0 1600 10.8 24 0.433387096774194 0.479032258064516 4.59121351402596 3 1 0 
1 1610 6.2 23 0.445246179966044 0.377016129032258 30.2034766210779 3 -1 0 
0 1610 10.8 24 0.53642936596218 0.504838709677419 10.1717863921049 3 1 0 
1 1620 6.2 23 0.353225806451613 0.366935483870968 41.9761837236307 3 -1 0 
0 1620 10.8 24 0.488316790736146 0.500806451612903 27.6015324978477 3 1 0 
1 1630 6.2 23 0.373271889400922 0.344758064516129 37.5666075125237 3 -2 0 
0 1630 10.8 25 0.508064516129032 0.534677419354839 35.6727128326763 3 2 0 
1 1640 6.2 23 0.394489247311828 0.334677419354839 28.8617393793236 3 -2 0 
0 1640 10.8 25 0.575432730133753 0.60241935483871 22.7693573346182 3 2 0 
1 1650 6.2 23 0.310752688172043 0.196236559139785 18.9317105292372 3 -2 0 
0 1650 10.8 25 0.508431085043988 0.67258064516129 18.2048500582945 3 2 0 
1 1660 6.2 23 0.282594086021505 0.224798387096774 3.44187547682821 2 -2 -1 
0 1660 10.8 25 0.484375 0.717741935483871 3.79776174038597 3 2 1 
1 1670 6.2 23 0.282594086021505 0.198588709677419 6.3865192853269 2 -2 -1 
0 1670 10.8 25 0.579301075268817 0.775 5.52077504706669 3 2 1 
1 1680 6.2 23 0.280645161290323 0.211693548387097 8.57787082558152 2 -2 -1 
0 1680 10.8 25 0.531789197299325 0.775201612903226 7.63177378813883 3 2 1 
1 1690 6.2 24 0.28494623655914 0.285282258064516 8.72126014503119 2 -1 -1 
0 1690 10.8 25 0.515348595213319 0.695564516129032 5.49458903397775 3 1 1 
1 1700 6.2 24 0.31008064516129 0.381048387096774 7.0349149627615 2 -1 -1 
0 1700 10.8 25 0.58822091886608 0.580645161290323 9.74973531199557 3 1 1 
1 1710 6.2 24 0.301814516129032 0.294354838709677 17.9130180137487 2 -1 -1 
0 1710 10.8 25 0.504425649095201 0.599798387096774 3.98968878788759 3 1 1 
1 1720 6.2 24 0.30241935483871 0.287903225806452 14.8291476484446 2 -1 -1 
0 1720 10.8 25 0.512960829493088 0.607862903225806 7.07333593226789 3 1 1 
1 1730 6.2 24 0.30241935483871 0.379032258064516 5.89414018938908 2 -1 -1 
0 1730 10.8 25 0.582138590203106 0.585685483870968 15.8133430343375 3 1 1 
1 1740 6.2 24 0.316868279569892 0.436290322580645 12.2666736934249 2 -1 -1 
0 1740 10.8 25 0.521739130434783 0.503024193548387 18.1524114786298 3 1 1 
1 1750 6.2 24 0.39485111662531 0.561290322580645 7.44108734012225 2 -1 -1 
0 1750 10.8 25 0.565710872162485 0.334677419354839 32.2009790950671 3 1 1 
1 1760 6.2 24 0.419665012406948 0.628225806451613 6.2181268826768 2 -1 -1 
0 1760 10.8 25 0.654809907834101 0.274193548387097 24.5426383614205 3 1 1 
1 1770 6.2 24 0.386760752688172 0.525806451612903 24.7008791541385 2 -1 -1 
0 1770 10.8 25 0.518210197710718 0.314516129032258 24.945921207364 3 1 1 
1 1780 6.2 24 0.568548387096774 0.235887096774194 21.7538931670371 2 -1 -1 
0 1780 10.8 25 0.46831797235023 0.311491935483871 15.9900010073855 3 1 1 
1 1790 6.2 24 0.597084367245658 0.277217741935484 11.9545876011151 2 -1 -1 
0 1790 10.8 25 0.585349462365591 0.372983870967742 7.58658544204942 3 1 1 
1 1800 6.2 24 0.372028862478778 0.298387096774194 5.26693506205561 2 -1 -1 
0 1800 10.8 25 0.476478494623656 0.311491935483871 6.7175144212722 3 1 1 
1 1810 6.2 24 0.384274193548387 0.345766129032258 10.1599618099704 2 -2 -1 
0 1810 10.8 26 0.466458944281525 0.342741935483871 21.3598729328671 3 2 1 
1 1820 6.2 24 0.47741935483871 0.473790322580645 7.12973640739236 2 -2 -1 
0 1820 10.8 26 0.531423804226919 0.379838709677419 25.7140593333739 3 2 1 
1 1830 6.2 24 0.325604838709677 0.483870967741936 10.9806502625848 2 -2 -1 
0 1830 10.8 26 0.463306451612903 0.409677419354839 29.2353517699978 3 2 1 
1 1840 6.2 24 0.402329749103943 0.469758064516129 8.49420179618534 2 -2 -1 
0 1840 10.8 26 0.509109916367981 0.444354838709677 8.28513359497476 3 2 1 
1 1850 6.2 24 0.529737903225806 0.343548387096774 27.1587726294033 2 -2 -1 
0 1850 10.8 26 0.573802541544477 0.439516129032258 2.95563984149207 3 2 1 
1 1860 6.2 24 0.295218894009217 0.316129032258065 20.5724438532857 2 -2 -1 
0 1860 10.8 26 0.491375448028674 0.49758064516129 5.91993389588945 3 2 1 
1 1870 6.2 25 0.378136200716846 0.355645161290323 12.3470681775415 2 -1 -1 
0 1870 10.8 26 0.461768219832736 0.495967741935484 9.78609526980479 3 1 1 
1 1880 6.2 25 0.382168458781362 0.416935483870968 14.0956574204387 2 -1 -1 
0 1880 10.8 26 0.589516129032258 0.518548387096774 17.277563367636 3 1 1 
1 1890 6.2 25 0.354414261460102 0.473387096774194 10.0011323198508 2 -1 -1 
0 1890 10.8 26 0.468202764976959 0.487096774193548 8.4909547541747 3 1 1 
1 1900 6.2 25 0.348790322580645 0.513709677419355 4.73939712230572 2 -1 -1 
0 1900 10.8 26 0.410204714640198 0.477150537634409 8.27161294631313 3 1 1 
1 1910 6.2 25 0.373271889400922 0.55 17.7461932711816 2 -1 -1 
0 1910 10.8 26 0.478629032258064 0.38508064516129 4.7169905660283 3 1 1 
1 1920 6.2 25 0.360407066052227 0.529032258064516 16.852370595966 2 -1 -1 
0 1920 10.8 26 0.439990512333966 0.288306451612903 4.30116263352131 3 1 1 
1 1930 6.2 25 0.434677419354839 0.505645161290323 13.2267899353297 2 -1 -1 
0 1930 10.8 26 0.399865591397849 0.403225806451613 5.02493781056045 3 1 1 
1 1940 6.2 25 0.44758064516129 0.529032258064516 17.7973788130471 2 -1 -1 
0 1940 10.8 26 0.500806451612903 0.379032258064516 6.08276253029822 3 1 1 
1 1950 6.2 25 0.438535309503051 0.508870967741936 39.1683318377613 2 -1 -1 
0 1950 10.8 26 0.350134408602151 0.30241935483871 4 3 1 1 
1 1960 6.2 25 0.448444700460829 0.584677419354839 31.2465139008165 2 -1 -1 
0 1960 10.8 26 0.360887096774194 0.209677419354839 19.8613382650973 3 1 1 
1 1970 6.2 26 0.588064516129032 0.676612903225806 16.7467363609534 2 0 0 
0 1970 10.8 26 0.43010752688172 0.193548387096774 10.3369478721588 2 0 0 
1 1980 6.2 26 0.638104838709677 0.723387096774194 6.16029636016064 2 0 0 
0 1980 10.8 26 0.287154377880184 0.213709677419355 8.3899286065147 2 0 0 
1 1990 6.2 26 0.671489563567362 0.755040322580645 5.7824003283575 2 0 0 
0 1990 10.8 26 0.317204301075269 0.213709677419355 10.2067662032359 2 0 0 
1 2000 6.2 26 0.689990512333966 0.73252688172043 9.50214139964383 2 0 0 
0 2000 10.8 26 0.316756272401434 0.226612903225806 7.08589917383773 2 0 0 
