1 30 6 1 NaN 0.174395161290323 8.90023769082072 3 0 0 
0 30 5 1 NaN 0.223387096774194 26.3220692338286 3 0 0 
1 40 6 1 NaN 0.204838709677419 14.1469421153856 3 0 0 
0 40 5 1 NaN 0.295161290322581 21.4324890696047 3 0 0 
1 50 6 1 0.383064516129032 0.314516129032258 19.7850536314961 3 0 0 
0 50 5 1 0.379032258064516 0.330645161290323 23.760816320566 3 0 0 
1 60 6 1 0.383064516129032 0.416129032258064 24.1217480572046 3 0 0 
0 60 5 1 0.383064516129032 0.468548387096774 25.1239054320533 3 0 0 
1 70 6 1 0.400201612903226 0.500806451612903 24.2686200463497 3 0 0 
0 70 5 1 0.413508064516129 0.459677419354839 17.713561703347 3 0 0 
1 80 6 1 0.490143369175627 0.491935483870968 31.534585864966 3 0 0 
0 80 5 1 0.477726574500768 0.465725806451613 22.0852893973894 3 0 0 
1 90 6 2 0.406451612903226 0.500806451612903 30.8403217704918 3 1 0 
0 90 5 1 0.41144540942928 0.399193548387097 39.1685644872465 3 -1 0 
1 100 6 2 0.407258064516129 0.487903225806452 28.5651298869661 3 1 0 
0 100 5 1 0.390372983870968 0.440524193548387 19.6748538729474 3 -1 0 
1 110 6 2 0.477910238429173 0.47741935483871 29.1838448962779 3 0 0 
0 110 5 2 0.46562980030722 0.415322580645161 30.3223653962033 3 0 0 
1 120 6 2 0.401451612903226 0.489516129032258 22.2319346251223 3 0 0 
0 120 5 2 0.400322580645161 0.398185483870968 28.264523111452 3 0 0 
1 130 6 3 0.409178187403994 0.494354838709677 16.3060806535052 3 1 0 
0 130 5 2 0.405337941628264 0.472782258064516 17.4604780813756 3 -1 0 
1 140 6 3 0.468672456575682 0.521774193548387 7.49158236713975 3 1 0 
0 140 5 2 0.474957555178268 0.394354838709677 37.0190391094588 3 -1 0 
1 150 6 3 0.409899888765295 0.512096774193548 11.1917578900246 3 1 0 
0 150 5 2 0.41690668202765 0.430645161290323 29.0987649309874 3 -1 0 
1 160 6 3 0.453892005610098 0.487903225806452 23.38526403782 3 0 0 
0 160 5 3 0.39247311827957 0.453225806451613 21.2023934163522 3 0 0 
1 170 6 4 0.48010752688172 0.490322580645161 20.7244098621405 3 1 0 
0 170 5 3 0.460573476702509 0.383064516129032 39.458929186284 3 -1 0 
1 180 6 4 0.422830923248053 0.508870967741936 21.7535332318918 3 1 0 
0 180 5 3 0.402760545905707 0.383064516129032 35.6018120868911 3 -1 0 
1 190 6 4 0.450385694249649 0.504838709677419 15.464170721228 3 1 0 
0 190 5 3 0.417521994134897 0.328225806451613 39.8175526124646 3 -1 0 
1 200 6 5 0.498487903225806 0.512096774193548 15.1333823910309 3 1 0 
0 200 5 4 0.470766129032258 0.424193548387097 21.402426648766 3 -1 0 
1 210 6 5 0.423517169614984 0.405645161290323 37.7280448705975 3 1 0 
0 210 5 4 0.401985111662531 0.433870967741935 23.5470901333066 3 -1 0 
1 220 6 5 0.420271260997067 0.340322580645161 44.5513002587372 3 1 0 
0 220 5 4 0.403042521994135 0.466129032258065 21.4224856704352 3 -1 0 
1 230 6 5 0.483870967741936 0.403225806451613 29.2464060495673 3 0 0 
0 230 5 5 0.475455820476858 0.489516129032258 25.2360920961069 3 0 0 
1 240 6 6 0.415610599078341 0.470766129032258 23.2497998986238 3 1 0 
0 240 5 5 0.419220430107527 0.483870967741936 13.865424623862 3 -1 0 
1 250 6 6 0.413123167155425 0.459677419354839 47.1443858077092 3 1 0 
0 250 5 5 0.40226574500768 0.449596774193548 31.8943568676341 3 -1 0 
1 260 6 6 0.466397849462366 0.388709677419355 47.0437179328283 3 1 0 
0 260 5 5 0.461693548387097 0.256451612903226 43.0850745581097 3 -1 0 
1 270 6 6 0.441359447004608 0.437903225806452 34.7862833548065 3 1 0 
0 270 5 5 0.401830024813896 0.212903225806452 30.9868211279034 3 -1 0 
1 280 6 6 0.474761051373955 0.492741935483871 22.9915329582226 3 0 0 
0 280 5 6 0.4 0.358064516129032 20.704181857508 3 0 0 
1 290 6 7 0.492400744416873 0.512096774193548 18.9485572866676 3 1 0 
0 290 5 6 0.450940860215054 0.428225806451613 25.34469458719 3 -1 0 
1 300 6 7 0.433651026392962 0.488709677419355 22.0305498889424 3 1 0 
0 300 5 6 0.388196480938416 0.473387096774194 25.0305789673432 3 -1 0 
1 310 6 7 0.423195084485407 0.48991935483871 26.8048134021625 3 1 0 
0 310 5 6 0.398790322580645 0.470161290322581 25.7098675785711 3 -1 0 
1 320 6 7 0.473014888337469 0.523185483870968 27.2525068560446 3 1 0 
0 320 5 6 0.466642228739003 0.466733870967742 28.218615489765 3 -1 0 
1 330 6 7 0.441959921798631 0.408064516129032 42.7911732120335 3 0 0 
0 330 5 7 0.395929339477727 0.45866935483871 14.4806603754797 3 0 0 
1 340 6 8 0.461605890603086 0.464516129032258 39.0141311541564 3 1 0 
0 340 5 7 0.383640552995392 0.368548387096774 33.9861512958015 3 -1 0 
1 350 6 8 0.476501668520578 0.430645161290323 48.2334344744287 3 1 0 
0 350 5 7 0.409274193548387 0.454032258064516 13.9414169557785 3 -1 0 
1 360 6 8 0.46806887532694 0.45241935483871 46.4898752647477 3 1 0 
0 360 5 7 0.38125 0.453225806451613 13.3798866266613 3 -1 0 
1 370 6 9 0.509792626728111 0.466129032258065 35.4176464152082 3 2 0 
0 370 5 7 0.387717121588089 0.458870967741935 13.6560032129652 3 -2 0 
1 380 6 9 0.56434811827957 0.512096774193548 33.8291280769254 3 1 0 
0 380 5 8 0.459005376344086 0.411290322580645 12.973670481553 3 -1 0 
1 390 6 9 0.497983870967742 0.475806451612903 46.6081471024279 3 1 0 
0 390 5 8 0.406970046082949 0.413709677419355 21.8677087811248 3 -1 0 
1 400 6 9 0.438895781637717 0.395967741935484 37.9861159248542 3 1 0 
0 400 5 8 0.395161290322581 0.401612903225806 23.6199332638548 3 -1 0 
1 410 6 10 0.451334816462736 0.434677419354839 21.4508488921134 3 2 0 
0 410 5 8 0.428175403225806 0.436491935483871 38.0577313774552 3 -2 0 
1 420 6 10 0.460658238884045 0.516129032258065 16.1841289523047 3 2 0 
0 420 5 8 0.382862903225806 0.430443548387097 28.4627018862273 3 -2 0 
1 430 6 10 0.47698252688172 0.558064516129032 17.965172217415 3 2 0 
0 430 5 8 0.401576246334311 0.331451612903226 32.2156217092844 3 -2 0 
1 440 6 10 0.496451612903226 0.54758064516129 16.9147193996631 3 2 0 
0 440 5 8 0.44574780058651 0.339516129032258 33.2262212636714 3 -2 0 
1 450 6 10 0.45772238514174 0.516129032258065 17.3819904077463 3 1 0 
0 450 5 9 0.404704301075269 0.341129032258065 29.8476008878098 3 -1 0 
1 460 6 11 0.406653225806452 0.513709677419355 16.7283626189804 3 2 0 
0 460 5 9 0.422849462365591 0.419354838709677 28.4769634533106 3 -2 0 
1 470 6 11 0.526122019635344 0.491129032258064 12.8395079848143 3 2 0 
0 470 5 9 0.462468982630273 0.46505376344086 12.2495418507234 3 -2 0 
1 480 6 11 0.454344432882414 0.460483870967742 22.7069519267125 3 2 0 
0 480 5 9 0.366568914956012 0.393145161290323 2.06155281280883 3 -2 0 
1 490 6 11 0.427052785923754 0.450806451612903 28.0158910887798 3 2 0 
0 490 5 9 0.392190152801358 0.297379032258065 42.9773353959563 3 -2 0 
1 500 6 11 0.525537634408602 0.416129032258064 34.8040172952866 3 2 0 
0 500 5 9 0.455857385398981 0.372983870967742 22.6046343856444 3 -2 0 
1 510 6 11 0.462327188940092 0.466935483870968 14.2071395062894 3 2 0 
0 510 5 9 0.405241935483871 0.37741935483871 40.7371603214299 3 -2 0 
1 520 6 11 0.401209677419355 0.508870967741936 19.5972348814701 3 2 0 
0 520 5 9 0.420932678821879 0.403225806451613 26.7425187912689 3 -2 0 
1 530 6 11 0.482862903225806 0.509677419354839 13.5099759810011 3 1 0 
0 530 5 10 0.444838709677419 0.435483870967742 24.4186293438615 3 -1 0 
1 540 6 12 0.388563049853372 0.485483870967742 19.0406021009711 3 2 0 
0 540 5 10 0.418951612903226 0.401209677419355 38.9169790834123 3 -2 0 
1 550 6 12 0.38328853046595 0.475806451612903 16.9735967947271 3 2 0 
0 550 5 10 0.461073200992556 0.476814516129032 22.6143782601479 3 -2 0 
1 560 6 12 0.473325062034739 0.472782258064516 15.1183321598153 3 1 0 
0 560 5 11 0.484408602150538 0.393548387096774 32.365778429659 3 -1 0 
1 570 6 12 0.394585253456221 0.502016129032258 17.3597551942848 3 1 0 
0 570 5 11 0.440524193548387 0.366935483870968 41.9325595114053 3 -1 0 
1 580 6 12 0.383266129032258 0.418548387096774 33.742027961338 3 1 0 
0 580 5 11 0.465378197997775 0.417338709677419 25.490908299231 3 -1 0 
1 590 6 12 0.455095307917889 0.388709677419355 30.8590681743709 3 1 0 
0 590 5 11 0.516129032258065 0.388104838709677 4.31197592765567 3 -1 0 
1 600 6 13 0.39616935483871 0.391935483870968 24.2951721974275 3 2 0 
0 600 5 11 0.445833333333333 0.411290322580645 30.6907692452812 3 -2 0 
1 610 6 13 0.405984719864177 0.401612903225806 18.9866391925252 3 2 0 
0 610 5 11 0.405058651026393 0.47258064516129 19.1280282743581 3 -2 0 
1 620 6 13 0.483114919354839 0.451612903225806 13.8488781944541 3 2 0 
0 620 5 11 0.49541788856305 0.495967741935484 10.9713797284965 3 -2 0 
1 630 6 13 0.402760545905707 0.451612903225806 18.205776323367 3 2 0 
0 630 5 11 0.415621266427718 0.489516129032258 15.0119444478837 3 -2 0 
1 640 6 13 0.388013196480938 0.476814516129032 13.7736439101644 3 1 0 
0 640 5 12 0.421984572230014 0.47883064516129 25.1317975519622 3 -1 0 
1 650 6 13 0.478739002932551 0.452620967741936 40.9240748435989 3 1 0 
0 650 5 12 0.495234604105572 0.467741935483871 18.3487094585105 3 -1 0 
1 660 6 13 0.402049731182796 0.356854838709677 40.0312378024962 3 1 0 
0 660 5 12 0.422177419354839 0.487903225806452 12.2774704592987 3 -1 0 
1 670 6 14 0.406754032258065 0.463709677419355 16.0078105935821 3 2 0 
0 670 5 12 0.420161290322581 0.311491935483871 38.3726588335647 3 -2 0 
1 680 6 14 0.459509408602151 0.342741935483871 33.150022051472 3 1 0 
0 680 5 13 0.473521505376344 0.389112903225806 30.2896572175258 3 -1 0 
1 690 6 14 0.399032258064516 0.289314516129032 36.4715933146507 3 1 0 
0 690 5 13 0.451931239388795 0.434475806451613 19.0571692884867 3 -1 0 
1 700 6 14 0.40445301542777 0.306451612903226 39.801623502929 3 1 0 
0 700 5 13 0.473169975186104 0.445161290322581 21.3473657944473 3 -1 0 
1 710 6 14 0.434863523573201 0.420362903225806 28.713794216985 3 1 0 
0 710 5 13 0.513379765395894 0.463709677419355 37.2261341616284 3 -1 0 
1 720 6 15 0.43010752688172 0.465725806451613 27.698912858094 3 2 0 
0 720 5 13 0.401759530791789 0.501008064516129 27.8527464569797 3 -2 0 
1 730 6 15 0.467237903225806 0.479838709677419 37.0689823870553 3 2 0 
0 730 5 13 0.383064516129032 0.436827956989247 23.4078835499602 3 -2 0 
1 740 6 15 0.513225806451613 0.459677419354839 24.5788144302796 3 1 0 
0 740 5 14 0.427671370967742 0.470430107526882 23.3745545962753 3 -1 0 
1 750 6 15 0.474716652136007 0.506451612903226 13.0259726758282 3 1 0 
0 750 5 14 0.381216397849462 0.336021505376344 38.7502633958861 3 -1 0 
1 760 6 16 0.499151103565365 0.567741935483871 17.7176910846243 3 2 0 
0 760 5 14 0.406637717121588 0.20866935483871 27.5240760742192 3 -2 0 
1 770 6 16 0.570186491935484 0.516129032258065 10.7265714059896 3 2 0 
0 770 5 14 0.474596774193548 0.301411290322581 26.8064014574096 3 -2 0 
1 780 6 16 0.473078747628083 0.604838709677419 13.5387876310333 3 2 0 
0 780 5 14 0.367127496159754 0.292741935483871 21.0248222397926 3 -2 0 
1 790 6 16 0.4209229390681 0.564516129032258 18.3847763108502 3 1 0 
0 790 5 15 0.377016129032258 0.305645161290323 14.3893441879789 3 -1 0 
1 800 6 16 0.551651305683564 0.584677419354839 0 3 1 0 
0 800 5 15 0.383266129032258 0.335483870967742 25.9987429713859 3 -1 0 
1 810 6 16 0.474798387096774 0.435483870967742 0 3 1 0 
0 810 5 15 0.390841013824885 0.412096774193548 20.8439122634623 3 -1 0 
1 820 6 16 0.428885630498534 0.431451612903226 0 3 1 0 
0 820 5 15 0.419930875576037 0.436290322580645 19.1802787768987 3 -1 0 
1 830 6 16 0.456221198156682 0.255376344086022 44.3833073350274 3 0 0 
0 830 5 16 0.432492195629553 0.428225806451613 26.4574842546205 3 0 0 
1 840 6 16 0.413911290322581 0.267741935483871 35.9525910784443 3 0 0 
0 840 5 16 0.45070564516129 0.508870967741936 15.5681180457508 3 0 0 
1 850 6 16 0.394393241167435 0.375 29.2442193384722 3 0 0 
0 850 5 16 0.476688508064516 0.497983870967742 21.5313712029009 3 0 0 
1 860 6 16 0.425627240143369 0.429838709677419 9.04626079024646 3 0 0 
0 860 5 16 0.483480749219563 0.506720430107527 8.36812058275243 3 0 0 
1 870 6 16 0.399193548387097 0.458870967741936 5.51104906083541 3 0 0 
0 870 5 16 0.456812393887946 0.47883064516129 9.237666862511 3 0 0 
1 880 6 17 0.419354838709677 0.469354838709677 4.249213498006 3 1 0 
0 880 5 16 0.451129032258065 0.461693548387097 1.80277563773199 3 -1 0 
1 890 6 17 0.474798387096774 0.532258064516129 7.08098787652019 3 1 0 
0 890 5 16 0.56505376344086 0.31989247311828 33.2607409235804 3 -1 0 
1 900 6 17 0.38508064516129 0.418548387096774 34.8264479271644 3 1 0 
0 900 5 16 0.436635944700461 0.416666666666667 12.4541206195657 3 -1 0 
1 910 6 17 0.422177419354839 0.393548387096774 36.5426209081545 3 1 0 
0 910 5 16 0.405443548387097 0.42741935483871 9.65783282850645 3 -1 0 
1 920 6 17 0.475554435483871 0.533870967741936 11.6569488903052 3 1 0 
0 920 5 16 0.481121700879765 0.338709677419355 42.7084665682068 3 -1 0 
1 930 6 17 0.375 0.406451612903226 31.2289297233073 3 1 0 
0 930 5 16 0.457196029776675 0.317741935483871 39.0458709143894 3 -1 0 
1 940 6 17 0.387768817204301 0.416935483870968 41.5411590237141 3 0 0 
0 940 5 17 0.397849462365591 0.385483870967742 20.9307117976533 3 0 0 
1 950 6 18 0.42741935483871 0.429838709677419 32.226672786352 3 1 0 
0 950 5 17 0.459677419354839 0.453225806451613 31.1458851667427 3 -1 0 
1 960 6 18 0.435967741935484 0.462096774193548 15.5076069562611 3 1 0 
0 960 5 17 0.395161290322581 0.421370967741936 23.2839106022275 3 -1 0 
1 970 6 18 0.414193548387097 0.480846774193548 14.9083218017898 3 1 0 
0 970 5 17 0.38599706744868 0.481182795698925 2.2920171743933 3 -1 0 
1 980 6 18 0.468267882187938 0.479838709677419 1.4142135623731 3 0 0 
0 980 5 18 0.462741935483871 0.501344086021505 4.606851129657 3 0 0 
1 990 6 18 0.421370967741936 0.459677419354839 9.21954445729289 3 0 0 
0 990 5 18 0.418778801843318 0.34005376344086 33.6957096885435 3 0 0 
1 1000 6 18 0.400245441795231 0.419354838709677 3.35410196624968 3 0 0 
0 1000 5 18 0.429360812425329 0.388440860215054 40.9267634364256 3 0 0 
1 1010 6 18 0.460829493087558 0.457661290322581 1.58113883008419 3 0 0 
0 1010 5 18 0.485483870967742 0.372983870967742 34.1276829950192 3 0 0 
1 1020 6 19 0.412996277915633 0.337365591397849 34.95216129382 3 1 0 
0 1020 5 18 0.440296566077003 0.382258064516129 33.3451897976901 3 -1 0 
1 1030 6 19 0.405337941628264 0.292338709677419 22.7867877599608 3 1 0 
0 1030 5 18 0.429003456221198 0.448387096774194 26.4712381577119 3 -1 0 
1 1040 6 19 0.472110215053763 0.308870967741935 35.9732398529198 3 1 0 
0 1040 5 18 0.514043381535039 0.512096774193548 29.3916436643935 3 -1 0 
1 1050 6 19 0.36581541218638 0.399193548387097 20.5584151947123 3 1 0 
0 1050 5 18 0.496415770609319 0.516935483870968 21.8694811397615 3 -1 0 
1 1060 6 19 0.376152073732719 0.462701612903226 9.91458812579399 3 0 0 
0 1060 5 19 0.496823069403715 0.560483870967742 12.0933866224478 3 0 0 
1 1070 6 20 0.437051971326165 0.554435483870968 16.3143122570253 3 1 0 
0 1070 5 19 0.535408266129032 0.473790322580645 4.30116263352131 3 -1 0 
1 1080 6 20 0.411755583126551 0.560483870967742 22.68674841919 3 1 0 
0 1080 5 19 0.503469617404351 0.366935483870968 2.06155281280883 3 -1 0 
1 1090 6 20 0.437163978494624 0.504032258064516 26.187564882185 3 1 0 
0 1090 5 19 0.471774193548387 0.245967741935484 24.8394846967484 3 -1 0 
1 1100 6 20 0.505600358422939 0.549395161290323 23.4887375878987 3 1 0 
0 1100 5 19 0.578735144312394 0.318548387096774 9.96242942258564 3 -1 0 
1 1110 6 20 0.44844470046083 0.563508064516129 19.8786866037816 3 1 0 
0 1110 5 19 0.457437275985663 0.326612903225806 0 3 -1 0 
1 1120 6 20 0.509475806451613 0.539516129032258 39.5291337608487 3 1 0 
0 1120 5 19 0.415322580645161 0.224462365591398 18.5514091936568 3 -1 0 
1 1130 6 20 0.571650124069479 0.600806451612903 25.5391101856313 3 1 0 
0 1130 5 19 0.387096774193548 0.201612903225806 11.9824885483383 3 -1 0 
1 1140 6 20 0.505169561621175 0.631451612903226 20.3123140458359 3 1 0 
0 1140 5 19 0.283467741935484 0.262096774193548 25.80572898487 3 -1 0 
1 1150 6 20 0.506395995550612 0.588709677419355 12.0318723954518 3 1 0 
0 1150 5 19 0.359274193548387 0.321236559139785 24.0105132940792 3 -1 0 
1 1160 6 21 0.590599798387097 0.587096774193548 17.7980525436188 3 2 0 
0 1160 5 19 0.346370967741935 0.318548387096774 25.6320112359526 3 -2 0 
1 1170 6 21 0.514358772619984 0.653225806451613 6.0856008122071 3 2 0 
0 1170 5 19 0.307315668202765 0.272177419354839 17.5071414000116 3 -2 0 
1 1180 6 21 0.517961876832845 0.644354838709677 7.70399241008377 3 2 0 
0 1180 5 19 0.331093189964158 0.225806451612903 16.1554944214035 3 -2 0 
1 1190 6 21 0.551585094549499 0.610483870967742 16.420551309595 3 1 0 
0 1190 5 20 0.33366935483871 0.328629032258065 12.5 3 -1 0 
1 1200 6 21 0.53110599078341 0.5 6.41380425739229 3 1 0 
0 1200 5 20 0.346582181259601 0.233870967741935 20.2716647625026 3 -1 0 
1 1210 6 21 0.523761520737327 0.509677419354839 6.69849729633018 3 1 0 
0 1210 5 20 0.399731182795699 0.307795698924731 27.2012070399619 3 -1 0 
1 1220 6 21 0.581854838709677 0.642741935483871 10.9658290822179 3 1 0 
0 1220 5 20 0.374243951612903 0.215725806451613 27.7893864631805 3 -1 0 
1 1230 6 21 0.570228494623656 0.714516129032258 6.792633557787 3 1 0 
0 1230 5 20 0.314278937381404 0.235887096774194 9.65660395791398 3 -1 0 
1 1240 6 22 0.665322580645161 0.718548387096774 5.06195002533401 3 2 1 
0 1240 5 20 0.383064516129032 0.175403225806452 10.5 2 -2 -1 
1 1250 6 22 0.684811827956989 0.774193548387097 6.96989457197953 3 2 1 
0 1250 5 20 NaN 0.191532258064516 8.07774721070176 2 -2 -1 
1 1260 6 22 0.703445747800586 0.769354838709677 6.68465388953235 3 2 1 
0 1260 5 20 0.223118279569892 NaN NaN 2 -2 -1 
1 1270 6 22 0.754032258064516 0.813709677419355 2.91544290763298 3 2 1 
0 1270 5 20 NaN NaN NaN 2 -2 -1 
