1 30 10 1 NaN 0.245967741935484 23.2055851712471 2 0 0 
0 30 10.2 1 NaN 0.270967741935484 16.1892992375508 2 0 0 
1 40 10 1 NaN 0.310483870967742 22.5799466470312 2 0 0 
0 40 10.2 1 NaN 0.296774193548387 18.8059417328474 2 0 0 
1 50 10 1 0.377016129032258 0.4 22.2373467850575 2 0 0 
0 50 10.2 1 NaN 0.398387096774194 33.004785909754 2 0 0 
1 60 10 1 0.383064516129032 0.473387096774194 15.3733461155428 2 0 0 
0 60 10.2 1 0.383064516129032 0.481451612903226 39.792122497314 2 0 0 
1 70 10 1 0.428859447004608 0.484677419354839 4.29152250305021 2 0 0 
0 70 10.2 1 0.393300248138958 0.483870967741936 40.4401272128437 2 0 0 
1 80 10 1 0.453812316715543 0.467741935483871 22.5052470704111 2 0 0 
0 80 10.2 1 0.481720430107527 0.423387096774194 48.932400708003 2 0 0 
1 90 10 1 0.406309297912713 0.498387096774194 38.1481546059598 2 0 0 
0 90 10.2 1 0.401965725806452 0.420967741935484 33.907879519633 2 0 0 
1 100 10 1 0.41470223325062 0.474798387096774 41.9844996695421 2 0 0 
0 100 10.2 1 0.409739454094293 0.454032258064516 25.1628982047356 2 0 0 
1 110 10 2 0.477047146401985 0.473790322580645 39.4944378157005 2 0 0 
0 110 10.2 2 0.459408602150538 0.499193548387097 25.8282660122137 2 0 0 
1 120 10 2 0.394623655913978 0.398387096774194 39.6332033564925 2 0 0 
0 120 10.2 2 0.383064516129032 0.483870967741936 35.8643292730823 2 0 0 
1 130 10 2 0.414458525345622 0.473387096774194 36.1832883936979 2 0 0 
0 130 10.2 2 0.417914746543779 0.471774193548387 34.9662679498496 2 0 0 
1 140 10 3 0.485215053763441 0.445967741935484 37.9109023880206 2 1 0 
0 140 10.2 2 0.469086021505376 0.411290322580645 43.0309689054551 2 -1 0 
1 150 10 3 0.383064516129032 0.483064516129032 19.2141615741249 2 0 0 
0 150 10.2 3 0.40061669829222 0.457258064516129 30.3441050215119 2 0 0 
1 160 10 3 0.383064516129032 0.42258064516129 25.8980751183681 2 0 0 
0 160 10.2 3 0.409562211981567 0.47741935483871 18.9740138410021 2 0 0 
1 170 10 3 0.488833746898263 0.469354838709677 11.2394858554764 2 0 0 
0 170 10.2 3 0.491263440860215 0.493548387096774 18.9279205187334 2 0 0 
1 180 10 3 0.417444821731749 0.473387096774194 13.6664922780711 2 0 0 
0 180 10.2 3 0.383064516129032 0.475 18.2422978883182 2 0 0 
1 190 10 3 0.383064516129032 0.456451612903226 5.91909408167675 2 0 0 
0 190 10.2 3 0.383995037220844 0.471774193548387 11.5415112251081 2 0 0 
1 200 10 4 0.466733870967742 0.436290322580645 6.01959503599869 2 0 0 
0 200 10.2 4 0.480913978494624 0.490322580645161 9.99095579060827 2 0 0 
1 210 10 4 0.41705069124424 0.412096774193548 27.4575054258557 2 0 0 
0 210 10.2 4 0.416129032258064 0.433870967741935 21.5591810766787 2 0 0 
1 220 10 4 0.397952853598015 0.458870967741935 22.1300829340617 2 0 0 
0 220 10.2 4 0.41236559139785 0.449193548387097 34.0802996388318 2 0 0 
1 230 10 5 0.467375366568915 0.487096774193548 24.4244567585581 2 1 0 
0 230 10.2 4 0.488407258064516 0.451612903225806 27.5270902319099 2 -1 0 
1 240 10 5 0.422113752122241 0.515322580645161 27.2219268552363 2 0 0 
0 240 10.2 5 0.418346774193548 0.436290322580645 25.5711828747427 2 0 0 
1 250 10 5 0.416034155597723 0.492741935483871 28.4917103145536 2 0 0 
0 250 10.2 5 0.391417050691244 0.461290322580645 27.2788818363257 2 0 0 
1 260 10 5 0.461189516129032 0.433064516129032 29.3189684586994 2 0 0 
0 260 10.2 5 0.483582949308756 0.539516129032258 30.0537525255111 2 0 0 
1 270 10 6 0.415959252971138 0.463709677419355 24.2056653296032 2 1 0 
0 270 10.2 5 0.422811059907834 0.494354838709677 24.4125712471779 2 -1 0 
1 280 10 6 0.424937965260546 0.449193548387097 28.3291076302208 2 0 0 
0 280 10.2 6 0.391417050691244 0.516129032258065 27.035036649788 2 0 0 
1 290 10 6 0.461290322580645 0.457661290322581 30.3624502815307 2 0 0 
0 290 10.2 6 0.513440860215054 0.521774193548387 24.7236921660958 2 0 0 
1 300 10 6 0.413662239089184 0.408266129032258 33.5935936480238 2 0 0 
0 300 10.2 6 0.390322580645161 0.550806451612903 26.3023083364577 2 0 0 
1 310 10 6 0.418548387096774 0.445967741935484 38.9432923266334 2 0 0 
0 310 10.2 6 0.390198511166253 0.49758064516129 27.3015844611617 2 0 0 
1 320 10 6 0.476478494623656 0.45241935483871 31.7411576160554 2 -1 0 
0 320 10.2 7 0.483137829912023 0.484677419354839 36.2463364153119 2 1 0 
1 330 10 7 0.383064516129032 0.445967741935484 36.6953781208844 2 0 0 
0 330 10.2 7 0.426267281105991 0.514516129032258 30.1882583804011 2 0 0 
1 340 10 7 0.395967741935484 0.47741935483871 38.9507709322826 2 0 0 
0 340 10.2 7 0.405241935483871 0.462096774193548 24.516338718039 2 0 0 
1 350 10 7 0.459173387096774 0.444354838709677 34.2711048142424 2 0 0 
0 350 10.2 7 0.512960829493088 0.512096774193548 25.3630527866105 2 0 0 
1 360 10 7 0.383064516129032 0.436290322580645 25.9621612153462 2 0 0 
0 360 10.2 7 0.440577249575552 0.51008064516129 16.3573024165895 2 0 0 
1 370 10 7 0.390264976958525 0.455645161290323 25.7383816735993 2 -1 0 
0 370 10.2 8 0.420540796963947 0.515120967741936 22.9736444630842 2 1 0 
1 380 10 7 0.471153846153846 0.466733870967742 8.64256767706996 2 -1 0 
0 380 10.2 8 0.502688172043011 0.437903225806452 36.4065553215513 2 1 0 
1 390 10 8 0.428056027164686 0.407258064516129 30.2327213505846 2 0 0 
0 390 10.2 8 0.410578747628083 0.42258064516129 28.0186204022406 2 0 0 
1 400 10 8 0.383064516129032 0.435483870967742 17.5966390849841 2 0 0 
0 400 10.2 8 0.383064516129032 0.455645161290323 13.7023372501103 2 0 0 
1 410 10 8 0.477688172043011 0.453225806451613 7.41699632760932 2 0 0 
0 410 10.2 8 0.491359447004608 0.524193548387097 4.29687849954693 2 0 0 
1 420 10 8 0.415110356536503 0.445564516129032 19.9230268542691 2 0 0 
0 420 10.2 8 0.424088359046283 0.485887096774194 18.3804744004105 2 0 0 
1 430 10 8 0.422438330170778 0.4 34.1240154867743 2 0 0 
0 430 10.2 8 0.388172043010753 0.494959677419355 10.5863232556022 2 0 0 
1 440 10 9 0.494868035190616 0.419354838709677 31.8965758503816 2 0 0 
0 440 10.2 9 0.51094470046083 0.45 34.9891668456321 2 0 0 
1 450 10 9 0.406754032258065 0.443548387096774 15.5000876897389 2 0 0 
0 450 10.2 9 0.406783681214421 0.426612903225806 28.6518866119544 2 0 0 
1 460 10 9 0.383064516129032 0.419354838709677 5.28621932449183 2 0 0 
0 460 10.2 9 0.383064516129032 0.497311827956989 17.9686431884782 2 0 0 
1 470 10 9 0.482430875576037 0.486895161290323 9.69141959515458 2 0 0 
0 470 10.2 9 0.491935483870968 0.459677419354839 4 2 0 0 
1 480 10 9 0.426612903225806 0.51008064516129 14.4346193798161 2 0 0 
0 480 10.2 9 0.405017921146953 0.325 36.4538228952287 2 0 0 
1 490 10 9 0.383064516129032 0.415322580645161 28.7891200661594 2 0 0 
0 490 10.2 9 0.395917338709677 0.364516129032258 37.3384771262816 2 0 0 
1 500 10 10 0.494815668202765 0.459677419354839 17.4518334432094 2 1 0 
0 500 10.2 9 0.480645161290323 0.431451612903226 14.5585500098878 2 -1 0 
1 510 10 10 0.446704067321178 0.419354838709677 27.8195297831527 2 0 0 
0 510 10.2 10 0.389516129032258 0.504032258064516 3.10957754492709 2 0 0 
1 520 10 10 0.383064516129032 0.382056451612903 13.310662350384 2 0 0 
0 520 10.2 10 0.383064516129032 0.54758064516129 5.11000822710921 2 0 0 
1 530 10 10 0.500268817204301 0.333870967741935 22.1881584870877 2 0 0 
0 530 10.2 10 0.466589861751152 0.544354838709677 3.88097937912342 2 0 0 
1 540 10 10 0.435659186535764 0.386290322580645 15.77530174459 2 0 0 
0 540 10.2 10 0.383064516129032 0.550806451612903 4.02058896636321 2 0 0 
1 550 10 10 0.445340501792115 0.383064516129032 20.0769126233403 2 0 0 
0 550 10.2 10 0.410618279569893 0.473387096774194 16.3800428136765 2 0 0 
1 560 10 10 0.450146627565982 0.425 26.3785302115565 2 -1 0 
0 560 10.2 11 0.489176570458404 0.504838709677419 37.8593776345194 2 1 0 
1 570 10 11 0.379704301075269 0.440322580645161 24.4169220967203 2 0 0 
0 570 10.2 11 0.456697054698457 0.567741935483871 40.0132012681254 2 0 0 
1 580 10 11 0.394153225806452 0.411290322580645 26.7359511139635 2 0 0 
0 580 10.2 11 0.470588235294118 0.57258064516129 37.9179335609932 2 0 0 
1 590 10 11 0.42741935483871 0.416935483870968 25.0633060947541 2 0 0 
0 590 10.2 11 0.576900921658986 0.577620967741936 28.762986043613 2 0 0 
1 600 10 11 0.413978494623656 0.408064516129032 31.6314461034169 2 0 0 
0 600 10.2 11 0.44927843803056 0.529233870967742 29.857669067995 2 0 0 
1 610 10 11 0.399697580645161 0.442741935483871 24.2576289848904 2 0 0 
0 610 10.2 11 0.383064516129032 0.428427419354839 23.2073123087054 2 0 0 
1 620 10 12 0.495347394540943 0.453225806451613 33.9628469527485 2 0 0 
0 620 10.2 12 0.483534946236559 0.358064516129032 28.4548174021112 2 0 0 
1 630 10 12 0.404233870967742 0.501612903225806 47.2278819694301 2 0 0 
0 630 10.2 12 0.394405241935484 0.387096774193548 29.2898931997046 2 0 0 
1 640 10 12 0.383064516129032 0.496774193548387 49.9959150945539 2 0 0 
0 640 10.2 12 0.383064516129032 0.478225806451613 42.7144234616626 2 0 0 
1 650 10 12 0.449596774193548 0.448387096774194 45.005450793556 2 0 0 
0 650 10.2 12 0.518328445747801 0.51008064516129 47.453868394337 2 0 0 
1 660 10 12 0.383064516129032 0.461290322580645 37.9075401473736 2 0 0 
0 660 10.2 12 0.424283154121864 0.471774193548387 33.6576952645236 2 0 0 
1 670 10 12 0.383995037220844 0.433064516129032 33.1508159774302 2 0 0 
0 670 10.2 12 0.383064516129032 0.481854838709677 30.3479527004703 2 0 0 
1 680 10 13 0.487399193548387 0.366935483870968 36.6923247994128 2 1 0 
0 680 10.2 12 0.493087557603687 0.448387096774194 40.8321529166168 2 -1 0 
1 690 10 13 0.370391705069124 0.4 27.6919594056136 2 1 0 
0 690 10.2 12 0.473548387096774 0.433064516129032 33.8305434435764 2 -1 0 
1 700 10 13 0.372311827956989 0.39758064516129 14.2941577135823 2 0 0 
0 700 10.2 13 0.392204301075269 0.529032258064516 7.4817464714893 2 0 0 
1 710 10 13 0.349462365591398 0.396774193548387 6.93764614694129 2 0 0 
0 710 10.2 13 0.570698924731183 0.542741935483871 4.46512599276244 2 0 0 
1 720 10 13 0.359375 0.386290322580645 9.06847077308948 2 0 0 
0 720 10.2 13 0.469208211143695 0.532258064516129 3.34397033976169 2 0 0 
1 730 10 13 0.37130376344086 0.381451612903226 17.5082459619658 2 0 0 
0 730 10.2 13 0.383064516129032 0.512096774193548 3.88696426212501 2 0 0 
1 740 10 13 0.439516129032258 0.400806451612903 21.8620412620073 2 0 0 
0 740 10.2 13 0.558719758064516 0.453225806451613 9.56657483496497 2 0 0 
1 750 10 13 0.359139784946237 0.396774193548387 12.2021859778962 2 0 0 
0 750 10.2 13 0.498271889400922 0.518145161290323 11.4483520248619 2 0 0 
1 760 10 14 0.421774193548387 0.406451612903226 11.8864188255119 2 1 0 
0 760 10.2 13 0.417086693548387 0.553427419354839 5.70027374413697 2 -1 0 
1 770 10 14 0.45752688172043 0.386290322580645 10.7503509104838 2 1 0 
0 770 10.2 13 0.516129032258065 0.590725806451613 4.19523901185899 2 -1 0 
1 780 10 14 0.408794162826421 0.354032258064516 8.13876100669186 2 1 0 
0 780 10.2 13 0.410394265232975 0.455645161290323 38.2024360584934 2 -1 0 
1 790 10 14 0.406362007168459 0.404032258064516 5.2288176600323 2 1 0 
0 790 10.2 13 0.401497695852535 0.490927419354839 17.7128032838733 2 -1 0 
1 800 10 14 0.482302867383513 0.493548387096774 7.64234532707233 2 1 0 
0 800 10.2 13 0.49260752688172 0.432459677419355 14.6268400409173 2 -1 0 
1 810 10 15 0.443858560794045 0.419354838709677 28.948425765628 2 1 0 
0 810 10.2 14 0.379765395894428 0.346774193548387 37.8267480684783 2 -1 0 
1 820 10 15 0.430846774193548 0.411290322580645 15.5826341166482 2 1 0 
0 820 10.2 14 0.383064516129032 0.328629032258065 42.6670213360147 2 -1 0 
1 830 10 15 0.519297235023041 0.339516129032258 25.095553910659 2 1 0 
0 830 10.2 14 0.463037634408602 0.435483870967742 16.9625860908363 2 -1 0 
1 840 10 15 0.457565284178187 0.396774193548387 18.1073673878934 2 1 0 
0 840 10.2 14 0.428931451612903 0.507056451612903 10.518144334793 2 -1 0 
1 850 10 15 0.383064516129032 0.408064516129032 17.037477966416 2 1 0 
0 850 10.2 14 0.416666666666667 0.445967741935484 30.5400911301977 2 -1 0 
1 860 10 15 0.495071684587814 0.376612903225806 17.0257945573857 2 1 0 
0 860 10.2 14 0.468029953917051 0.468548387096774 16.4465040860288 2 -1 0 
1 870 10 15 0.426411290322581 0.440322580645161 8.22596619882689 2 1 0 
0 870 10.2 14 0.419354838709677 0.511290322580645 12.7979882671966 2 -1 0 
1 880 10 15 0.403225806451613 0.465322580645161 9.94785071890744 2 1 0 
0 880 10.2 14 0.402751423149905 0.471774193548387 8.49583880640393 2 -1 0 
1 890 10 16 0.526209677419355 0.512903225806452 24.0090942118553 2 2 0 
0 890 10.2 14 0.441532258064516 0.42258064516129 6.04031661005685 2 -2 0 
1 900 10 16 0.452895894428152 0.555645161290323 26.7638208041692 2 2 0 
0 900 10.2 14 0.377240143369176 0.411290322580645 5.65472116602012 2 -2 0 
1 910 10 16 0.469556451612903 0.578225806451613 24.5859268084987 2 2 0 
0 910 10.2 14 0.376099706744868 0.376612903225806 4.88992137430584 2 -2 0 
1 920 10 16 0.605687606112054 0.582661290322581 29.3772421912829 2 1 0 
0 920 10.2 15 0.370967741935484 0.412903225806452 4.31950722400327 2 -1 0 
1 930 10 17 0.441426146010187 0.472782258064516 37.210676931039 2 2 0 
0 930 10.2 15 0.355645161290323 0.424193548387097 12.6857524953979 2 -2 0 
1 940 10 17 0.432637571157495 0.356854838709677 39.1852331224849 2 2 0 
0 940 10.2 15 0.415322580645161 0.425 24.935241978673 2 -2 0 
1 950 10 17 0.487282878411911 0.423387096774194 38.9902516353371 2 1 0 
0 950 10.2 16 0.461981566820277 0.476612903225806 9.86140861216524 2 -1 0 
1 960 10 17 0.427785923753666 0.40241935483871 33.4639008971388 2 1 0 
0 960 10.2 16 0.451996927803379 0.494354838709677 16.8241796033066 2 -1 0 
1 970 10 17 0.40180265654649 0.366935483870968 37.0871997417757 2 1 0 
0 970 10.2 16 0.454545454545455 0.495967741935484 11.838625850143 2 -1 0 
1 980 10 17 0.404156327543424 0.401209677419355 38.9746323659351 2 1 0 
0 980 10.2 16 0.548387096774194 0.529233870967742 8.41028028717554 2 -1 0 
1 990 10 17 0.405645161290323 0.366935483870968 34.0878496023416 2 1 0 
0 990 10.2 16 0.465277777777778 0.629032258064516 7.65296585251772 2 -1 0 
1 1000 10 17 0.429900744416873 0.304435483870968 22.6724373409219 2 1 0 
0 1000 10.2 16 0.383064516129032 0.638104838709677 3.34089306171858 2 -1 0 
1 1010 10 17 0.592375366568915 0.278225806451613 4.40394327646598 2 1 0 
0 1010 10.2 16 0.541935483870968 0.658266129032258 4.42484557055477 2 -1 0 
1 1020 10 18 0.477486559139785 0.306451612903226 4.48674131949803 2 1 0 
0 1020 10.2 17 0.457979626485569 0.529032258064516 39.0453124966052 2 -1 0 
1 1030 10 18 0.472507331378299 0.308064516129032 20.8097597885776 2 1 0 
0 1030 10.2 17 0.366431451612903 0.462096774193548 15.4979316379394 2 -1 0 
1 1040 10 18 0.576612903225806 0.404032258064516 9.06568592411999 2 1 0 
0 1040 10.2 17 0.452284946236559 0.382258064516129 8.941772381549 2 -1 0 
1 1050 10 18 0.458548387096774 0.495967741935484 8.04223421715419 2 1 0 
0 1050 10.2 17 0.383374689826303 0.433467741935484 11.1942546616271 2 -1 0 
1 1060 10 18 0.433786078098472 0.496774193548387 7.31899880980241 2 1 0 
0 1060 10.2 17 0.395161290322581 0.465725806451613 5.10033760471251 2 -1 0 
1 1070 10 18 0.560735887096774 0.50241935483871 8.57740850406242 2 1 0 
0 1070 10.2 17 0.454301075268817 0.420698924731183 17.262436822074 2 -1 0 
1 1080 10 18 0.550403225806452 0.543346774193548 10.8594801585465 2 1 0 
0 1080 10.2 17 0.447763929618768 0.379032258064516 2 2 -1 0 
1 1090 10 18 0.524430740037951 0.482862903225806 8.60067952410949 2 1 0 
0 1090 10.2 17 0.478372434017595 0.423387096774194 11.7916032903505 2 -1 0 
1 1100 10 18 0.62468982630273 0.429435483870968 13.45079046444 2 1 0 
0 1100 10.2 17 0.600806451612903 0.413306451612903 34.9256266045941 2 -1 0 
1 1110 10 19 0.530397022332506 0.384072580645161 17.0658382092429 2 2 0 
0 1110 10.2 17 0.434677419354839 0.449596774193548 27.2330617994311 2 -2 0 
1 1120 10 19 0.498991935483871 0.32258064516129 21.1115346147954 2 1 0 
0 1120 10.2 18 0.395161290322581 0.455645161290323 31.2023991769381 2 -1 0 
1 1130 10 19 0.668279569892473 0.295161290322581 32.3160061773173 2 1 0 
0 1130 10.2 18 0.448387096774194 0.473790322580645 35.4291231161478 2 -1 0 
1 1140 10 19 0.483572281959379 0.335483870967742 19.6301999485964 2 1 0 
0 1140 10.2 18 0.289650537634409 0.498991935483871 13.836082646577 2 -1 0 
1 1150 10 19 0.479838709677419 0.458870967741935 11.6441639065433 2 1 0 
0 1150 10.2 18 0.390552995391705 0.442540322580645 4.09211152105606 2 -1 0 
1 1160 10 19 0.648185483870968 0.529233870967742 6.11543487958272 2 1 1 
0 1160 10.2 18 0.389784946236559 0.4375 5.54810512173693 1 -1 -1 
1 1170 10 20 0.536290322580645 0.5 8.03272787531941 2 2 1 
0 1170 10.2 18 0.294354838709677 0.467741935483871 7.06629392819709 1 -2 -1 
1 1180 10 20 0.480890603085554 0.446236559139785 9.24414034291521 2 2 1 
0 1180 10.2 18 0.375806451612903 0.395161290322581 33.6267947061784 1 -2 -1 
1 1190 10 20 0.607447817836812 0.416666666666667 4.85807481390482 2 2 1 
0 1190 10.2 18 0.375806451612903 0.429435483870968 32.6026387944771 1 -2 -1 
1 1200 10 20 0.518206256109482 0.352150537634409 7.06383200797265 2 1 1 
0 1200 10.2 19 0.260752688172043 0.393145161290323 19.8739810296511 1 -1 -1 
1 1210 10 20 0.531217481789802 0.467741935483871 6.69187983226625 2 1 1 
0 1210 10.2 19 0.3125 0.474798387096774 10.9284478409572 1 -1 -1 
1 1220 10 20 0.651014568158168 0.311827956989247 31.3615540873105 2 1 1 
0 1220 10.2 19 0.3125 0.526209677419355 4.62929792660365 1 -1 -1 
1 1230 10 20 0.545138888888889 0.310483870967742 29.7925640933256 2 1 1 
0 1230 10.2 19 0.283724340175953 0.44758064516129 30.7130591298083 1 -1 -1 
1 1240 10 20 0.504765395894428 0.400201612903226 13.2112484091873 2 1 1 
0 1240 10.2 19 0.329301075268817 0.418548387096774 23.1175897691248 1 -1 -1 
1 1250 10 20 0.676411290322581 0.411290322580645 30.9023080916135 2 1 1 
0 1250 10.2 19 0.329301075268817 0.446774193548387 12.1808332671599 1 -1 -1 
1 1260 10 20 0.494026284348865 0.444354838709677 16.6277628908982 2 1 1 
0 1260 10.2 19 0.337468982630273 0.483064516129032 4.73350110198923 1 -1 -1 
1 1270 10 20 0.496151026392962 0.530645161290323 23.5983022505923 2 1 1 
0 1270 10.2 19 0.366935483870968 0.415322580645161 13.0242856735646 1 -1 -1 
1 1280 10 20 0.652164685908319 0.634677419354839 26.3109687093678 2 1 1 
0 1280 10.2 19 0.304147465437788 0.362903225806452 23.8702511172533 1 -1 -1 
1 1290 10 21 0.508342602892102 0.666935483870968 28.0926070500356 2 2 1 
0 1290 10.2 19 0.261088709677419 0.260752688172043 25.9653264770677 1 -2 -1 
1 1300 10 21 0.457885304659498 0.709677419354839 19.4988613098976 2 1 1 
0 1300 10.2 20 0.221774193548387 0.237903225806452 10.7651807764309 1 -1 -1 
1 1310 10 21 0.639784946236559 0.740927419354839 15.8346574028921 2 1 2 
0 1310 10.2 20 0.24260752688172 0.217741935483871 13.8924439894498 0 -1 -2 
1 1320 10 21 0.638440860215054 0.763104838709677 12.281858429544 2 1 2 
0 1320 10.2 20 0.255184331797235 0.221774193548387 2 0 -1 -2 
1 1330 10 21 0.773263027295285 0.729838709677419 12.3831199513711 2 1 2 
0 1330 10.2 20 NaN 0.219758064516129 4.74341649025257 0 -1 -2 
1 1340 10 21 0.773387096774194 0.740927419354839 6.76349668982383 2 1 2 
0 1340 10.2 20 NaN 0.174731182795699 6.82423276779006 0 -1 -2 
