1 30 9 1 NaN 0.3232421875 14.2324965895452 3 0 0 
0 30 6.6 1 NaN 0.2568359375 25.3338513508328 3 0 0 
1 40 9 1 NaN 0.3234375 13.0037249171945 3 0 0 
0 40 6.6 1 NaN 0.29296875 26.1887328263984 3 0 0 
1 50 9 1 0.35546875 0.3953125 12.8182462315324 3 0 0 
0 50 6.6 1 0.38671875 0.345703125 21.907799149174 3 0 0 
1 60 9 1 0.365119485294118 0.47734375 6.28983499725503 3 0 0 
0 60 6.6 1 0.37353515625 0.4015625 41.7324036525173 3 0 0 
1 70 9 1 0.380952380952381 0.4734375 19.6457197002128 3 0 0 
0 70 6.6 1 0.386160714285714 0.421875 40.7601101963875 3 0 0 
1 80 9 1 0.4525390625 0.44921875 25.6916392354122 3 0 0 
0 80 6.6 1 0.453125 0.49375 26.7247709665702 3 0 0 
1 90 9 1 0.403545673076923 0.478125 26.6645585505523 3 0 0 
0 90 6.6 1 0.413411458333333 0.48046875 29.6177591954541 3 0 0 
1 100 9 1 0.390787760416667 0.46796875 23.2169863968193 3 0 0 
0 100 6.6 1 0.388417119565217 0.4833984375 30.1579258929624 3 0 0 
1 110 9 2 0.462713068181818 0.47109375 22.8035739104629 3 0 0 
0 110 6.6 2 0.457421875 0.40390625 37.5144563625322 3 0 0 
1 120 9 2 0.407001201923077 0.4875 31.8106432633451 3 0 0 
0 120 6.6 2 0.407058189655172 0.4515625 25.617559666503 3 0 0 
1 130 9 2 0.39078125 0.484375 39.1764362583864 3 0 0 
0 130 6.6 2 0.41015625 0.48984375 20.8791829350151 3 0 0 
1 140 9 2 0.465049342105263 0.4541015625 41.5959281672215 3 0 0 
0 140 6.6 2 0.489346590909091 0.43046875 44.4906705857786 3 0 0 
1 150 9 3 0.434709821428571 0.459635416666667 36.6826866888031 3 0 0 
0 150 6.6 3 0.434536637931034 0.47265625 40.1401862108158 3 0 0 
1 160 9 3 0.3959375 0.3798828125 54.6557774382768 3 0 0 
0 160 6.6 3 0.415364583333333 0.5328125 26.9211679549843 3 0 0 
1 170 9 3 0.472123579545455 0.4677734375 56.8256458249114 3 0 0 
0 170 6.6 3 0.463199013157895 0.5125 30.1771326372163 3 0 0 
1 180 9 4 0.441778273809524 0.45 43.9229635206443 3 0 0 
0 180 6.6 4 0.44 0.5046875 40.9280928551078 3 0 0 
1 190 9 4 0.39078125 0.3671875 42.2201631591322 3 0 0 
0 190 6.6 4 0.39546130952381 0.515625 45.248893635513 3 0 0 
1 200 9 4 0.420024671052632 0.4546875 35.4308621847428 3 0 0 
0 200 6.6 4 0.45703125 0.52734375 44.1905234262514 3 0 0 
1 210 9 4 0.411542338709677 0.45078125 33.2164689259576 3 -1 0 
0 210 6.6 5 0.449358258928571 0.465625 38.9442439115503 3 1 0 
1 220 9 5 0.392216435185185 0.425 48.7123027952524 3 0 0 
0 220 6.6 5 0.403245192307692 0.41328125 50.8806984652155 3 0 0 
1 230 9 5 0.472842261904762 0.4296875 40.7590775591484 3 0 0 
0 230 6.6 5 0.447443181818182 0.43046875 45.9665724319587 3 0 0 
1 240 9 5 0.415690104166667 0.4734375 26.3015171863235 3 -1 0 
0 240 6.6 6 0.429253472222222 0.47421875 35.2729988222667 3 1 0 
1 250 9 6 0.389096467391304 0.4796875 33.0516391931157 3 0 0 
0 250 6.6 6 0.427176339285714 0.458984375 30.0493522324382 3 0 0 
1 260 9 6 0.443244485294118 0.49765625 31.1538046607948 3 0 0 
0 260 6.6 6 0.458806818181818 0.486328125 32.1383712342048 3 0 0 
1 270 9 6 0.40390625 0.47109375 30.7219322541634 3 0 0 
0 270 6.6 6 0.420740927419355 0.41640625 46.8473050394327 3 0 0 
1 280 9 6 0.39453125 0.4359375 24.1715579614465 3 0 0 
0 280 6.6 6 0.381392045454545 0.44609375 44.2561090138096 3 0 0 
1 290 9 6 0.45703125 0.421875 30.3060712416658 3 0 0 
0 290 6.6 6 0.478980654761905 0.375 46.1629649129357 3 0 0 
1 300 9 7 0.438760080645161 0.46015625 25.8322769924894 3 1 0 
0 300 6.6 6 0.414466594827586 0.4484375 29.3950400962066 3 -1 0 
1 310 9 7 0.409288194444444 0.44609375 30.8096350085479 3 1 0 
0 310 6.6 6 0.377663352272727 0.45546875 27.3265851490324 3 -1 0 
1 320 9 7 0.492527173913043 0.41875 30.8248473912458 3 0 0 
0 320 6.6 7 0.462797619047619 0.4794921875 22.2389156354807 3 0 0 
1 330 9 7 0.459635416666667 0.4390625 15.5158906967857 3 0 0 
0 330 6.6 7 0.426120923913043 0.501302083333333 47.1767374801072 3 0 0 
1 340 9 8 0.392415364583333 0.484375 13.9805411332701 3 1 0 
0 340 6.6 7 0.424879807692308 0.475260416666667 57.0661873151936 3 -1 0 
1 350 9 8 0.4306640625 0.4484375 30.0352439494938 3 1 0 
0 350 6.6 7 0.44624255952381 0.4404296875 46.9090082486547 3 -1 0 
1 360 9 8 0.426793981481481 0.41015625 42.2856056629961 3 1 0 
0 360 6.6 7 0.41729525862069 0.4482421875 42.7445251048361 3 -1 0 
1 370 9 9 0.394694010416667 0.42890625 46.8675578023502 3 2 0 
0 370 6.6 7 0.431803385416667 0.44921875 33.7565423757321 3 -2 0 
1 380 9 9 0.454012784090909 0.47421875 41.8453710196714 3 1 0 
0 380 6.6 8 0.450520833333333 0.396484375 38.2484815282121 3 -1 0 
1 390 9 9 0.429850260416667 0.52890625 18.7668154312809 3 1 0 
0 390 6.6 8 0.394942434210526 0.41015625 38.3404600868735 3 -1 0 
1 400 9 10 0.37890625 0.4828125 30.3466665289945 3 2 0 
0 400 6.6 8 0.396306818181818 0.40234375 41.3070257065468 3 -2 0 
1 410 9 10 0.466889880952381 0.4484375 27.4238560979508 3 2 0 
0 410 6.6 8 0.435292119565217 0.37109375 48.8007612818813 3 -2 0 
1 420 9 10 0.433268229166667 0.4328125 34.9967479087393 3 1 0 
0 420 6.6 9 0.447395833333333 0.4033203125 35.051683807288 3 -1 0 
1 430 9 11 0.39796875 0.4203125 37.8522000963314 3 2 0 
0 430 6.6 9 0.396306818181818 0.498697916666667 35.972136365981 3 -2 0 
1 440 9 11 0.47265625 0.4345703125 42.0143380413118 3 2 0 
0 440 6.6 9 0.446614583333333 0.306640625 48.5643902463523 3 -2 0 
1 450 9 11 0.507102272727273 0.451171875 38.1242768959253 3 2 0 
0 450 6.6 9 0.3857421875 0.353515625 19.9812412026881 3 -2 0 
1 460 9 11 0.455810546875 0.42578125 29.5556511084264 3 2 0 
0 460 6.6 9 0.359604779411765 0.2609375 28.5783032952772 3 -2 0 
1 470 9 12 0.5712890625 0.44375 24.2194057315512 3 2 0 
0 470 6.6 10 0.411075367647059 0.29140625 25.3844179892996 3 -2 0 
1 480 9 12 0.484240301724138 0.52734375 14.0031091779183 3 2 0 
0 480 6.6 10 0.38671875 0.3421875 32.5478144127919 3 -2 0 
1 490 9 12 0.424045138888889 0.51796875 12.5147634354881 3 2 0 
0 490 6.6 10 0.384114583333333 0.3734375 26.4004400169193 3 -2 0 
1 500 9 12 0.407877604166667 0.48515625 26.5179585772555 3 2 0 
0 500 6.6 10 0.44775390625 0.33984375 10.2355179104713 3 -2 0 
1 510 9 12 0.452980324074074 0.51875 35.7925791585461 3 1 0 
0 510 6.6 11 0.411994485294118 0.384765625 22.2243694926112 3 -1 0 
1 520 9 13 0.422526041666667 0.578125 39.8260056571281 3 2 0 
0 520 6.6 11 0.378255208333333 0.31640625 25.5645530590285 3 -2 0 
1 530 9 13 0.535900297619048 0.557291666666667 40.3502492767865 3 2 0 
0 530 6.6 11 0.40625 0.3837890625 27.5319793491658 3 -2 0 
1 540 9 13 0.449757543103448 0.444010416666667 65.5055942887536 3 2 0 
0 540 6.6 11 0.417217548076923 0.4169921875 25.8182421444422 3 -2 0 
1 550 9 14 0.400669642857143 0.30703125 57.7285411562785 3 3 0 
0 550 6.6 11 0.447010869565217 0.3234375 33.2173690725775 3 -3 0 
1 560 9 14 0.48046875 0.3701171875 20.4862469514897 3 2 0 
0 560 6.6 12 0.510199652777778 0.29921875 19.9087796210825 3 -2 0 
1 570 9 14 0.432692307692308 0.404296875 24.4605278366536 3 2 0 
0 570 6.6 12 0.432744565217391 0.365625 20.6553700239903 3 -2 0 
1 580 9 14 0.397986778846154 0.4013671875 27.6289914446516 3 2 0 
0 580 6.6 12 0.38671875 0.3953125 22.4338396581943 3 -2 0 
1 590 9 15 0.444779829545455 0.4716796875 31.2319675494424 3 3 0 
0 590 6.6 12 0.442578125 0.3515625 24.3000262755268 3 -3 0 
1 600 9 15 0.444304435483871 0.46171875 44.6240379082197 3 3 0 
0 600 6.6 12 0.388786764705882 0.4072265625 21.4505752504392 3 -3 0 
1 610 9 15 0.434988839285714 0.5 40.9470524041807 3 3 0 
0 610 6.6 12 0.369243421052632 0.3544921875 31.9246221769557 3 -3 0 
1 620 9 15 0.563988095238095 0.521875 41.6182361000691 3 2 0 
0 620 6.6 13 0.41455078125 0.40078125 39.183163880102 3 -2 0 
1 630 9 15 0.536458333333333 0.46171875 34.0325942038817 3 2 0 
0 630 6.6 13 0.38134765625 0.44140625 44.580690422077 3 -2 0 
1 640 9 15 0.424334490740741 0.44453125 32.4646386961784 3 2 0 
0 640 6.6 13 0.362664473684211 0.46015625 38.0370339575659 3 -2 0 
1 650 9 15 0.369921875 0.4833984375 40.5803594358235 3 2 0 
0 650 6.6 13 0.375 0.4109375 33.2064851981655 3 -2 0 
1 660 9 16 0.468410326086957 0.37109375 22.1562745175738 3 3 0 
0 660 6.6 13 0.435763888888889 0.419921875 39.6884080098965 3 -3 0 
1 670 9 16 0.381998697916667 0.385416666666667 14.8596032172711 3 2 0 
0 670 6.6 14 0.396399456521739 0.4375 38.9764029445746 3 -2 0 
1 680 9 16 0.393382352941176 0.420572916666667 7.92325235652432 3 2 0 
0 680 6.6 14 0.422286184210526 0.423828125 41.8150690541101 3 -2 0 
1 690 9 16 0.449353448275862 0.48046875 7.26450052026146 3 2 0 
0 690 6.6 14 0.405570652173913 0.37890625 31.7529526186149 3 -2 0 
1 700 9 16 0.424568965517241 0.4228515625 32.3781054120377 3 2 0 
0 700 6.6 14 0.380434782608696 0.393229166666667 31.3550267097915 3 -2 0 
1 710 9 16 0.505558894230769 0.39609375 42.9734572130349 3 2 0 
0 710 6.6 14 0.431396484375 0.263671875 43.5515429959542 3 -2 0 
1 720 9 16 0.4560546875 0.39140625 39.7114978655041 3 2 0 
0 720 6.6 14 0.390462239583333 0.23359375 27.5512018665232 3 -2 0 
1 730 9 17 0.403483072916667 0.39765625 28.8435553121362 3 3 0 
0 730 6.6 14 0.373697916666667 0.30078125 32.4018068943298 3 -3 0 
1 740 9 17 0.477430555555556 0.4328125 36.9362413467461 3 2 0 
0 740 6.6 15 0.398623511904762 0.36796875 28.3534315584819 3 -2 0 
1 750 9 17 0.479166666666667 0.44375 32.6727472091765 3 2 0 
0 750 6.6 15 0.383091517857143 0.425 19.7908312768002 3 -2 0 
1 760 9 17 0.467092803030303 0.42578125 20.5534271952251 3 2 0 
0 760 6.6 15 0.3662109375 0.49453125 25.7506265043277 3 -2 0 
1 770 9 17 0.531929347826087 0.465625 27.9678616640043 3 2 0 
0 770 6.6 15 0.354166666666667 0.4578125 28.8421868810677 3 -2 0 
1 780 9 17 0.515848214285714 0.5224609375 31.7162367678927 3 2 0 
0 780 6.6 15 0.350167410714286 0.41796875 22.1747434503616 3 -2 0 
1 790 9 18 0.446068548387097 0.505859375 18.2925246677606 3 2 0 
0 790 6.6 16 0.349954044117647 0.442708333333333 28.0286548154613 3 -2 0 
1 800 9 18 0.4876953125 0.4296875 17.8318800772124 3 2 0 
0 800 6.6 16 0.387276785714286 0.4921875 9.48683298050514 3 -2 0 
1 810 9 18 0.495256696428571 0.490234375 7.22905173768798 3 2 0 
0 810 6.6 16 0.375509510869565 0.484375 0 3 -2 0 
1 820 9 18 0.4736328125 0.4248046875 19.3904878188521 3 2 0 
0 820 6.6 16 0.427631578947368 0.234375 27.8028775489157 3 -2 0 
1 830 9 18 0.591796875 0.4462890625 19.6509877201066 3 2 0 
0 830 6.6 16 0.490885416666667 0.216796875 28.7271648444464 3 -2 0 
1 840 9 18 0.526123046875 0.403125 43.7700782226132 3 2 0 
0 840 6.6 16 0.339164402173913 0.203125 19.3495590652441 3 -2 0 
1 850 9 19 0.519030448717949 0.50625 24.0869852827271 3 3 0 
0 850 6.6 16 0.313802083333333 0.2046875 14.2049640156289 3 -3 0 
1 860 9 19 0.661684782608696 0.5234375 25.9083301525507 3 3 1 
0 860 6.6 16 0.32568359375 0.259375 27.0956425848525 2 -3 -1 
1 870 9 19 0.503803453947368 0.540625 8.08903677741241 3 2 1 
0 870 6.6 17 0.325086805555556 0.29921875 29.1671523736106 2 -2 -1 
1 880 9 19 0.421006944444444 0.55078125 13.1981473665345 3 2 1 
0 880 6.6 17 0.392299107142857 0.3140625 20.1469025513941 2 -2 -1 
1 890 9 19 0.582356770833333 0.5087890625 17.8732909593798 3 2 1 
0 890 6.6 17 0.392299107142857 0.33203125 22.278614741556 2 -2 -1 
1 900 9 20 0.475864955357143 0.4609375 33.4620961851787 3 3 1 
0 900 6.6 17 0.368036684782609 0.36640625 18.7894758022073 2 -3 -1 
1 910 9 20 0.36328125 0.5283203125 18.200206728078 3 3 1 
0 910 6.6 17 0.39546875 0.29140625 28.7464494527824 2 -3 -1 
1 920 9 20 0.409288194444444 0.453125 9.25959217375678 3 3 1 
0 920 6.6 17 0.396229619565217 0.3734375 37.4447371165045 2 -3 -1 
1 930 9 20 0.452947443181818 0.485677083333333 18.2686948533463 3 2 1 
0 930 6.6 18 0.42749618902439 0.375 16.712278056536 2 -2 -1 
1 940 9 20 0.376775568181818 0.467447916666667 18.9042789023702 3 2 1 
0 940 6.6 18 0.423549107142857 0.4390625 20.1688698054985 2 -2 -1 
1 950 9 20 0.411994485294118 0.4296875 13.5726147654791 3 2 1 
0 950 6.6 18 0.492350260416667 0.459375 24.8882153266705 2 -2 -1 
1 960 9 20 0.386029411764706 0.38671875 31.640619616521 3 1 1 
0 960 6.6 19 0.468017578125 0.4625 31.0150994920917 2 -1 -1 
1 970 9 20 0.367527173913043 0.359375 25.9855729203726 3 1 1 
0 970 6.6 19 0.444682459677419 0.503125 39.3592789361423 2 -1 -1 
1 980 9 20 0.379464285714286 0.29296875 0 3 1 1 
0 980 6.6 19 0.525855654761905 0.575 26.8511911280864 2 -1 -1 
1 990 9 20 0.391015625 0.255859375 35.7840746701658 3 0 1 
0 990 6.6 20 0.517327724358974 0.541015625 23.5938875188301 2 0 -1 
1 1000 9 20 0.389508928571429 0.263671875 15.7003184681076 3 0 1 
0 1000 6.6 20 0.472098214285714 0.4814453125 27.0178358388297 2 0 -1 
1 1010 9 20 0.389508928571429 0.310546875 23.5849528301415 3 0 1 
0 1010 6.6 20 0.558919270833333 0.5283203125 38.7591160486439 2 0 -1 
1 1020 9 21 0.3744140625 0.28515625 37.8218909076056 3 1 1 
0 1020 6.6 20 0.454477163461538 0.494140625 38.0392712968592 2 -1 -1 
1 1030 9 21 0.38720703125 0.2470703125 27.1380996252172 3 1 1 
0 1030 6.6 20 0.4059375 0.4482421875 28.8517987428992 2 -1 -1 
1 1040 9 21 0.433984375 0.2978515625 29.8039990623712 3 1 1 
0 1040 6.6 20 0.481317934782609 0.4072265625 24.2595547407129 2 -1 -1 
1 1050 9 21 0.419625946969697 0.32265625 33.8655884967614 3 1 1 
0 1050 6.6 20 0.427827380952381 0.3921875 33.466858012897 2 -1 -1 
1 1060 9 21 0.407470703125 0.38984375 20.2138139788436 3 1 1 
0 1060 6.6 20 0.37109375 0.43125 34.8545228985466 2 -1 -1 
1 1070 9 21 0.482161458333333 0.4234375 20.4574649543368 3 1 1 
0 1070 6.6 20 0.435891544117647 0.440625 29.6639729303369 2 -1 -1 
1 1080 9 21 0.499000726744186 0.47421875 12.0171156058686 3 1 1 
0 1080 6.6 20 0.35546875 0.4265625 12.5016577717341 2 -1 -1 
1 1090 9 21 0.512872869318182 0.50625 7.35201165973138 3 1 1 
0 1090 6.6 20 0.35546875 0.390625 8.55758867444719 2 -1 -1 
1 1100 9 21 0.6231689453125 0.494140625 4.5 3 0 1 
0 1100 6.6 21 0.384765625 0.502604166666667 10.0957699525948 2 0 -1 
1 1110 9 21 0.566623263888889 0.404296875 11.2361025271221 3 0 1 
0 1110 6.6 21 0.338005514705882 0.555989583333333 1.86184235555024 2 0 -1 
1 1120 9 21 0.572516025641026 0.267578125 20.4266982158155 3 0 1 
0 1120 6.6 21 0.4046875 0.528645833333333 10.8612516425637 2 0 -1 
1 1130 9 21 0.661005434782609 0.37890625 37.1618083521241 3 0 2 
0 1130 6.6 21 0.466579861111111 0.41015625 23.1612915382414 1 0 -2 
1 1140 9 21 0.51099537037037 0.435546875 9.9247166206396 3 0 2 
0 1140 6.6 21 0.387451171875 0.377604166666667 34.007006013314 1 0 -2 
1 1150 9 22 0.48342803030303 0.416015625 6.67083203206317 3 1 2 
0 1150 6.6 21 0.415900735294118 0.389322916666667 43.7741349706129 1 -1 -2 
1 1160 9 22 0.598106971153846 0.390625 49.3757105852761 3 1 2 
0 1160 6.6 21 0.496995192307692 0.287109375 26.0562843104873 1 -1 -2 
1 1170 9 22 0.536067708333333 0.278125 40.4354445804801 3 1 2 
0 1170 6.6 21 0.447415865384615 0.2328125 17.2128984984495 1 -1 -2 
1 1180 9 22 0.473106971153846 0.30234375 18.1796726299772 3 0 2 
0 1180 6.6 22 0.453425480769231 0.29375 18.4724739435014 1 0 -2 
1 1190 9 22 0.497178819444444 0.39140625 19.0215349338025 2 0 1 
0 1190 6.6 22 0.51953125 0.35546875 26.3437752569356 1 0 -1 
1 1200 9 22 0.466077302631579 0.42890625 20.3871767538164 2 0 1 
0 1200 6.6 22 0.465198863636364 0.4390625 24.865781338087 1 0 -1 
1 1210 9 22 0.355129076086957 0.40703125 26.4485398547077 2 0 1 
0 1210 6.6 22 0.399576822916667 0.48203125 20.8037967540033 1 0 -1 
1 1220 9 22 0.386363636363636 0.3765625 29.8118429604105 2 0 1 
0 1220 6.6 22 0.472956730769231 0.5078125 6.17947406417216 1 0 -1 
1 1230 9 22 0.364701704545455 0.3484375 38.4917783661317 2 0 1 
0 1230 6.6 22 0.488671875 0.54453125 11.6948391209133 1 0 -1 
1 1240 9 22 0.36375 0.3890625 32.4299163442869 2 0 1 
0 1240 6.6 22 0.443229166666667 0.60546875 17.6273246579178 1 0 -1 
1 1250 9 22 0.401834239130435 0.3796875 37.8995182063242 2 0 1 
0 1250 6.6 22 0.507568359375 0.50703125 12.1869613050597 1 0 -1 
1 1260 9 22 0.388257575757576 0.353125 34.6878981777901 2 0 1 
0 1260 6.6 22 0.463541666666667 0.4328125 16.6850730729768 1 0 -1 
1 1270 9 22 0.463169642857143 0.34765625 46.0014877644681 2 0 1 
0 1270 6.6 22 0.376065340909091 0.50859375 11.7586222069583 1 0 -1 
1 1280 9 22 0.495814732142857 0.4482421875 33.3755894180095 2 0 1 
0 1280 6.6 22 0.433837890625 0.5029296875 11.8282178306639 1 0 -1 
1 1290 9 23 0.489397321428571 0.416015625 14.5773797371133 2 0 1 
0 1290 6.6 23 0.416015625 0.529947916666667 27.3750769410219 1 0 -1 
1 1300 9 23 0.522433035714286 NaN NaN 2 0 1 
0 1300 6.6 23 0.3765625 0.546875 5.40817846948898 1 0 -1 
1 1310 9 23 0.607484879032258 NaN NaN 2 0 1 
0 1310 6.6 23 0.382102272727273 0.54296875 7.51261198458689 1 0 -1 
1 1320 9 23 0.5107421875 NaN NaN 2 0 1 
0 1320 6.6 23 0.379743303571429 0.380208333333333 11.8459607085247 1 0 -1 
1 1330 9 23 0.502467105263158 NaN NaN 2 0 2 
0 1330 6.6 23 0.39794921875 0.313802083333333 38.9858118322497 0 0 -2 
1 1340 9 23 0.62890625 NaN NaN 2 0 2 
0 1340 6.6 23 0.4990234375 0.307291666666667 41.4427477335649 0 0 -2 
1 1350 9 23 0.561371527777778 0.134765625 4.27200187265877 1 0 1 
0 1350 6.6 23 0.37841796875 0.2861328125 44.4142395496856 0 0 -1 
1 1360 9 23 0.554054054054054 0.2099609375 23.384700074217 1 0 1 
0 1360 6.6 23 0.364430147058823 0.29765625 40.3845118080089 0 0 -1 
1 1370 9 23 0.610770089285714 0.2390625 24.4220270038099 1 -1 1 
0 1370 6.6 24 0.368252840909091 0.3484375 34.2755823434779 0 1 -1 
1 1380 9 23 0.461263020833333 0.3234375 18.4215784458633 1 -1 1 
0 1380 6.6 24 0.34765625 0.40390625 22.0580763928044 0 1 -1 
1 1390 9 23 0.440650201612903 0.44375 21.2585731224826 1 -1 1 
0 1390 6.6 24 0.3583984375 0.4953125 14.5631246347905 0 1 -1 
1 1400 9 23 0.502038043478261 0.4267578125 6.06055014333534 1 -1 1 
0 1400 6.6 24 0.403262867647059 0.4921875 13.522494632766 0 1 -1 
1 1410 9 23 0.508723958333333 0.4794921875 12.0471240293037 1 -1 1 
0 1410 6.6 24 0.400390625 0.4775390625 15.4630716175668 0 1 -1 
1 1420 9 23 0.486979166666667 0.533203125 13.5006026764113 1 -1 1 
0 1420 6.6 24 0.375300480769231 0.381510416666667 27.3421827567004 0 1 -1 
1 1430 9 23 0.521986607142857 0.509765625 13.7810188718061 1 -1 1 
0 1430 6.6 24 0.361979166666667 0.307291666666667 23.1442595731827 0 1 -1 
1 1440 9 23 0.501627604166667 0.40625 31.1006103470338 1 -1 1 
0 1440 6.6 24 0.328559027777778 0.233072916666667 25.4370946257678 0 1 -1 
1 1450 9 23 0.469419642857143 0.3828125 16.1558107288625 1 -1 1 
0 1450 6.6 24 0.36962890625 0.279947916666667 14.7917851116676 0 1 -1 
1 1460 9 23 0.605654761904762 0.4677734375 41.0815807109268 1 -1 1 
0 1460 6.6 24 0.354352678571429 0.321614583333333 7.86991306330823 0 1 -1 
1 1470 9 23 0.4940185546875 0.3625 48.6781538153507 1 -1 1 
0 1470 6.6 24 0.366887019230769 0.3544921875 33.4475275929818 0 1 -1 
1 1480 9 23 0.4613037109375 0.4265625 26.7145388776315 1 -1 1 
0 1480 6.6 24 0.375 0.365625 43.5084618037039 0 1 -1 
1 1490 9 24 0.583478009259259 0.4580078125 12.5007086323478 1 0 1 
0 1490 6.6 24 0.476128472222222 0.3935546875 35.9707760574504 0 0 -1 
1 1500 9 24 0.465692934782609 0.490234375 13.093617307391 1 0 1 
0 1500 6.6 24 0.528586647727273 0.390625 22.2926904460292 0 0 -1 
1 1510 9 24 0.427139945652174 0.427734375 19.5542828845969 1 0 1 
0 1510 6.6 24 0.436266447368421 0.3515625 42.2144447533205 0 0 -1 
1 1520 9 24 0.535900297619048 0.3720703125 12.9295259442184 1 0 1 
0 1520 6.6 24 0.471354166666667 0.2666015625 22.2116950126526 0 0 -1 
1 1530 9 24 0.479964717741936 0.462890625 14.9096614814838 1 -1 1 
0 1530 6.6 25 0.415581597222222 0.208984375 14.9756297226418 0 1 -1 
1 1540 9 24 0.426793981481481 0.4404296875 14.7094975330578 1 -1 1 
0 1540 6.6 25 0.382595486111111 0.2783203125 30.6390397103572 0 1 -1 
1 1550 9 24 0.5126953125 0.4365234375 13.6824684385753 0 -1 0 
0 1550 6.6 25 0.3798828125 0.36328125 33.572920076588 0 1 0 
1 1560 9 24 0.479876893939394 0.3484375 25.7341122533536 0 -1 0 
0 1560 6.6 25 0.394191576086957 0.33671875 42.4857601637146 0 1 0 
1 1570 9 24 0.36328125 0.432291666666667 17.3919901179672 0 -1 0 
0 1570 6.6 25 0.411684782608696 0.42578125 24.7537639607296 0 1 0 
1 1580 9 24 0.484375 0.40625 0 0 -1 0 
0 1580 6.6 25 0.4375 0.45703125 12.7660881396823 0 1 0 
1 1590 9 24 0.472886029411765 0.40625 0 0 -1 0 
0 1590 6.6 25 0.500822368421053 0.46875 31.1321568729396 0 1 0 
1 1600 9 24 0.344308035714286 0.3359375 0 0 -1 0 
0 1600 6.6 25 0.547265625 0.52578125 44.0681593273639 0 1 0 
1 1610 9 24 0.34765625 0.2421875 0 0 -1 0 
0 1610 6.6 25 0.547265625 0.713541666666667 21.7496736479138 0 1 0 
