1 30 5.6 1 NaN 0.323387096774194 30.6471601115254 2 0 0 
0 30 8.8 1 NaN 0.259072580645161 23.267539491574 2 0 0 
1 40 5.6 1 NaN 0.333064516129032 30.2247704918452 2 0 0 
0 40 8.8 1 NaN 0.35 35.6803109101414 2 0 0 
1 50 5.6 1 0.395161290322581 0.386290322580645 34.540929874084 2 0 0 
0 50 8.8 1 0.370967741935484 0.387903225806452 34.2209844977334 2 0 0 
1 60 5.6 1 0.383064516129032 0.473387096774194 42.7651389775645 2 0 0 
0 60 8.8 1 0.383064516129032 0.486895161290323 38.9959710917131 2 0 0 
1 70 5.6 1 0.398905529953917 0.496774193548387 42.4476534453224 2 0 0 
0 70 8.8 1 0.391417050691244 0.462096774193548 37.8736717719614 2 0 0 
1 80 5.6 1 0.480645161290323 0.484677419354839 44.2063772068025 2 0 0 
0 80 8.8 1 0.488440860215054 0.454838709677419 39.3783397621485 2 0 0 
1 90 5.6 1 0.393279569892473 0.514516129032258 44.8189538227369 2 0 0 
0 90 8.8 1 0.416171477079796 0.459677419354839 40.1241848627125 2 0 0 
1 100 5.6 1 0.383064516129032 0.500806451612903 43.6859566056461 2 0 0 
0 100 8.8 1 0.426915322580645 0.444556451612903 37.9930535461974 2 0 0 
1 110 5.6 2 0.464969758064516 0.500806451612903 43.8204094072163 2 0 0 
0 110 8.8 2 0.470910138248848 0.451612903225806 44.7880414748852 2 0 0 
1 120 5.6 2 0.399667931688805 0.487903225806452 42.408856478612 2 0 0 
0 120 8.8 2 0.397933467741936 0.415322580645161 41.2807728316617 2 0 0 
1 130 5.6 2 0.409274193548387 0.460483870967742 40.4402922728784 2 0 0 
0 130 8.8 2 0.413440860215054 0.476612903225806 41.2600378877812 2 0 0 
1 140 5.6 2 0.491263440860215 0.466129032258065 36.6241397616158 2 0 0 
0 140 8.8 2 0.497849462365591 0.45 35.5234623486341 2 0 0 
1 150 5.6 3 0.383064516129032 0.457258064516129 33.3915955682352 2 1 0 
0 150 8.8 2 0.39005376344086 0.435483870967742 37.6533803566006 2 -1 0 
1 160 5.6 3 0.383064516129032 0.485483870967742 21.6913811738165 2 0 0 
0 160 8.8 3 0.383064516129032 0.396774193548387 23.7981752502869 2 0 0 
1 170 5.6 3 0.484447004608295 0.515120967741936 6.4719710503508 2 0 0 
0 170 8.8 3 0.491359447004608 0.418548387096774 20.562416952757 2 0 0 
1 180 5.6 3 0.402751423149905 0.493548387096774 34.6921826984463 2 0 0 
0 180 8.8 3 0.419758064516129 0.404032258064516 16.0977765107663 2 0 0 
1 190 5.6 3 0.40180265654649 0.461290322580645 32.6924781627902 2 0 0 
0 190 8.8 3 0.391666666666667 0.394354838709677 17.0838369947393 2 0 0 
1 200 5.6 3 0.479838709677419 0.459677419354839 11.175820804896 2 0 0 
0 200 8.8 3 0.497849462365591 0.459677419354839 20.0365770434014 2 0 0 
1 210 5.6 3 0.408826164874552 0.520161290322581 9.82521276722219 2 0 0 
0 210 8.8 3 0.434200879765396 0.446236559139785 22.6946928257421 2 0 0 
1 220 5.6 4 0.383995037220844 0.516129032258065 14.0725650656501 2 1 0 
0 220 8.8 3 0.383064516129032 0.332258064516129 41.6012785171246 2 -1 0 
1 230 5.6 4 0.470161290322581 0.485483870967742 13.0632065930436 2 0 0 
0 230 8.8 4 0.500576036866359 0.356451612903226 34.8252197577852 2 0 0 
1 240 5.6 4 0.396673387096774 0.458870967741936 5.01010318100346 2 0 0 
0 240 8.8 4 0.425307219662058 0.40241935483871 19.8902063867238 2 0 0 
1 250 5.6 4 0.383064516129032 0.439516129032258 4.54403509024915 2 0 0 
0 250 8.8 4 0.4453125 0.466935483870968 22.3794436463809 2 0 0 
1 260 5.6 5 0.461510263929619 0.454838709677419 15.7358138873274 2 1 0 
0 260 8.8 4 0.518279569892473 0.462903225806452 28.3459279721316 2 -1 0 
1 270 5.6 5 0.399949596774194 0.518548387096774 29.1387150458685 2 1 0 
0 270 8.8 4 0.436033724340176 0.458870967741935 35.7236185194886 2 -1 0 
1 280 5.6 5 0.395917338709677 0.520161290322581 28.8755399557059 2 1 0 
0 280 8.8 4 0.394585253456221 0.437096774193548 36.0494098764261 2 -1 0 
1 290 5.6 5 0.499747983870968 0.513709677419355 27.3932271856554 2 0 0 
0 290 8.8 5 0.410394265232975 0.414516129032258 34.1329618153948 2 0 0 
1 300 5.6 6 0.44299853372434 0.545161290322581 26.4077001827498 2 1 0 
0 300 8.8 5 0.383064516129032 0.413306451612903 30.2755916762089 2 -1 0 
1 310 5.6 6 0.452461799660441 0.524193548387097 26.8716749832667 2 1 0 
0 310 8.8 5 0.421947004608295 0.429435483870968 36.8740843652982 2 -1 0 
1 320 5.6 6 0.516417050691244 0.526612903225806 28.1233259337995 2 0 0 
0 320 8.8 6 0.437096774193548 0.309677419354839 45.7891197224052 2 0 0 
1 330 5.6 7 0.437298387096774 0.554838709677419 26.6916375138787 2 1 0 
0 330 8.8 6 0.383064516129032 0.382258064516129 36.3477443313681 2 -1 0 
1 340 5.6 7 0.399193548387097 0.55 26.8986777179414 2 1 0 
0 340 8.8 6 0.38508064516129 0.415322580645161 33.8358411038376 2 -1 0 
1 350 5.6 7 0.50031017369727 0.498387096774194 23.7695884510579 2 1 0 
0 350 8.8 6 0.467431761786601 0.374193548387097 43.751058104282 2 -1 0 
1 360 5.6 7 0.437393887945671 0.546774193548387 23.540762592695 2 1 0 
0 360 8.8 6 0.425509337860781 0.396774193548387 41.3021320002876 2 -1 0 
1 370 5.6 7 0.394873271889401 0.525 26.4455701133739 2 1 0 
0 370 8.8 6 0.38536866359447 0.391935483870968 36.8836635647544 2 -1 0 
1 380 5.6 7 0.500336021505376 0.480645161290323 34.2603703599021 2 1 0 
0 380 8.8 6 0.462197580645161 0.42258064516129 37.752003442773 2 -1 0 
1 390 5.6 7 0.430779569892473 0.468548387096774 42.0721799865434 2 0 0 
0 390 8.8 7 0.423611111111111 0.441129032258065 37.5110375951101 2 0 0 
1 400 5.6 8 0.383064516129032 0.510483870967742 41.4591149928791 2 1 0 
0 400 8.8 7 0.398905529953917 0.412096774193548 36.2032054033545 2 -1 0 
1 410 5.6 8 0.513824884792627 0.520967741935484 36.9261250174153 2 1 0 
0 410 8.8 7 0.46875 0.437903225806452 26.0265849615208 2 -1 0 
1 420 5.6 8 0.438364055299539 0.487096774193548 25.8522835767787 2 1 0 
0 420 8.8 7 0.383064516129032 0.463709677419355 23.1848261684035 2 -1 0 
1 430 5.6 8 0.405241935483871 0.49758064516129 12.8150490872775 2 1 0 
0 430 8.8 7 0.383064516129032 0.441935483870968 18.302312602753 2 -1 0 
1 440 5.6 8 0.515508684863524 0.530645161290323 9.11750760719678 2 1 0 
0 440 8.8 7 0.457085253456221 0.433064516129032 17.5241822770742 2 -1 0 
1 450 5.6 8 0.421477079796265 0.516129032258065 7.59891553489572 2 0 0 
0 450 8.8 8 0.409274193548387 0.370967741935484 21.0596437823718 2 0 0 
1 460 5.6 8 0.383064516129032 0.518145161290323 10.6249669869507 2 0 0 
0 460 8.8 8 0.408154121863799 0.429032258064516 15.9426662205319 2 0 0 
1 470 5.6 8 0.49968982630273 0.466935483870968 11.0375800714728 2 0 0 
0 470 8.8 8 0.47474533106961 0.454838709677419 11.8267092190038 2 0 0 
1 480 5.6 8 0.414426523297491 0.479838709677419 11.9445504441941 2 0 0 
0 480 8.8 8 0.443197755960729 0.416129032258065 9.68517137888939 2 0 0 
1 490 5.6 9 0.383064516129032 0.514516129032258 9.63387087040278 2 1 0 
0 490 8.8 8 0.410815939278937 0.410282258064516 13.6297580870528 2 -1 0 
1 500 5.6 9 0.470910138248848 0.532258064516129 15.2825832927932 2 1 0 
0 500 8.8 8 0.489326375711575 0.375 15.413987849134 2 -1 0 
1 510 5.6 9 0.399193548387097 0.516935483870968 19.676875022876 2 1 0 
0 510 8.8 8 0.414938556067588 0.324596774193548 27.1142371581031 2 -1 0 
1 520 5.6 9 0.404838709677419 0.524193548387097 17.2631031453842 2 1 0 
0 520 8.8 8 0.412988115449915 0.308870967741935 33.4843304608558 2 -1 0 
1 530 5.6 9 0.511520737327189 0.544354838709677 10.7936536162107 2 1 0 
0 530 8.8 8 0.479838709677419 0.431451612903226 28.7990505966641 2 -1 0 
1 540 5.6 10 0.430846774193548 0.525 8.80086413518517 2 1 0 
0 540 8.8 9 0.453629032258065 0.401209677419355 32.6779039332497 2 -1 0 
1 550 5.6 10 0.394873271889401 0.523387096774194 10.6374781970488 2 1 0 
0 550 8.8 9 0.395161290322581 0.26008064516129 29.1833044400866 2 -1 0 
1 560 5.6 10 0.495295698924731 0.542741935483871 28.177133039375 2 1 0 
0 560 8.8 9 0.446370967741936 0.36491935483871 32.3007888000096 2 -1 0 
1 570 5.6 11 0.436088709677419 0.566129032258065 26.4851902315306 2 2 0 
0 570 8.8 9 0.371255760368664 0.358870967741936 4.09512776192868 2 -2 0 
1 580 5.6 11 0.415070564516129 0.587096774193548 28.0349648938868 2 2 0 
0 580 8.8 9 0.373319892473118 0.297379032258065 25.2196652831607 2 -2 0 
1 590 5.6 11 0.570564516129032 0.616935483870968 23.3775592306018 2 2 0 
0 590 8.8 9 0.414516129032258 0.303427419354839 35.3491678181407 2 -2 0 
1 600 5.6 12 0.481065918653577 0.660483870967742 26.3697955124411 2 3 0 
0 600 8.8 9 0.375237191650854 0.309475806451613 32.2442201539029 2 -3 0 
1 610 5.6 12 0.401461693548387 0.667741935483871 29.3339384576086 2 2 0 
0 610 8.8 10 0.363269794721408 0.289516129032258 33.5269726197048 2 -2 0 
1 620 5.6 12 0.55994623655914 0.654838709677419 29.0302414177701 2 2 0 
0 620 8.8 10 0.424731182795699 0.27741935483871 20.0756539527288 2 -2 0 
1 630 5.6 12 0.481699751861042 0.545967741935484 28.4722416911574 2 2 0 
0 630 8.8 10 0.387365591397849 0.342741935483871 19.6949791509117 2 -2 0 
1 640 5.6 12 0.408770161290323 0.487903225806452 37.5614023742187 2 1 0 
0 640 8.8 11 0.383064516129032 0.432459677419355 31.8017641210683 2 -1 0 
1 650 5.6 12 0.493087557603687 0.450604838709677 32.5717379868434 2 1 0 
0 650 8.8 11 0.464330024813896 0.492943548387097 32.4567434327847 2 -1 0 
1 660 5.6 13 0.383064516129032 0.501008064516129 37.3771629821561 2 2 0 
0 660 8.8 11 0.431876061120543 0.415322580645161 36.3447595938776 2 -2 0 
1 670 5.6 13 0.383064516129032 0.50241935483871 39.3315598666351 2 2 0 
0 670 8.8 11 0.383467741935484 0.479838709677419 0 2 -2 0 
1 680 5.6 13 0.529089861751152 0.517741935483871 33.8311549887866 2 2 0 
0 680 8.8 11 0.514976958525346 0.403225806451613 0 2 -2 0 
1 690 5.6 13 0.456561583577713 0.409274193548387 30.8983224168611 2 2 0 
0 690 8.8 11 0.402217741935484 0.236559139784946 29.5174531336056 2 -2 0 
1 700 5.6 13 0.387365591397849 0.405241935483871 31.4306140400391 2 2 0 
0 700 8.8 11 0.401497695852535 0.243951612903226 33.5346901935344 2 -2 0 
1 710 5.6 13 0.448588709677419 0.462701612903226 17.3109545347229 2 1 0 
0 710 8.8 12 0.455069124423963 0.368951612903226 31.0193932782887 2 -1 0 
1 720 5.6 14 0.444153225806452 0.516129032258065 7.40601370405798 2 2 0 
0 720 8.8 12 0.385199240986717 0.379032258064516 3.11413877618814 2 -2 0 
1 730 5.6 14 0.383064516129032 0.421774193548387 34.951098726021 2 2 0 
0 730 8.8 12 0.399949596774194 0.35 22.8250744477444 2 -2 0 
1 740 5.6 14 0.497208436724566 0.465322580645161 22.1297081490287 2 2 0 
0 740 8.8 12 0.473034274193548 0.420362903225806 3.25048674179248 2 -2 0 
1 750 5.6 14 0.462365591397849 0.482258064516129 15.1342759882149 2 2 0 
0 750 8.8 12 0.473387096774194 0.371774193548387 23.7381593913607 2 -2 0 
1 760 5.6 14 0.383064516129032 0.481451612903226 3.74461052267084 2 2 0 
0 760 8.8 12 0.42921146953405 0.404032258064516 27.2894427818208 2 -2 0 
1 770 5.6 14 0.370967741935484 0.517741935483871 2.74129142466452 2 2 0 
0 770 8.8 12 0.490927419354839 0.334677419354839 7.81024967590665 2 -2 0 
1 780 5.6 15 0.431739631336406 0.588709677419355 9.15893999231515 2 3 0 
0 780 8.8 12 0.4537841191067 NaN NaN 2 -3 0 
1 790 5.6 15 0.383995037220844 0.563709677419355 5.33587357108681 2 3 0 
0 790 8.8 12 0.383064516129032 NaN NaN 2 -3 0 
1 800 5.6 15 0.370967741935484 0.569354838709677 3.1608801666502 2 3 0 
0 800 8.8 12 0.487007168458781 0.13508064516129 2.5 2 -3 0 
1 810 5.6 15 0.422491039426523 0.515322580645161 9.1442933236711 2 2 0 
0 810 8.8 13 0.456281833616299 0.224462365591398 14.2912718429635 2 -2 0 
1 820 5.6 15 0.404776674937965 0.454838709677419 20.2467259450022 2 2 0 
0 820 8.8 13 0.383064516129032 0.345766129032258 11.5235104118314 2 -2 0 
1 830 5.6 15 0.474014336917563 0.49758064516129 23.1827223605264 2 2 0 
0 830 8.8 13 0.492943548387097 0.376008064516129 14.6607309463793 2 -2 0 
1 840 5.6 16 0.374423963133641 0.586290322580645 11.8952499556771 2 3 0 
0 840 8.8 13 0.458577712609971 0.362903225806452 6.89339746109731 2 -3 0 
1 850 5.6 16 0.406720430107527 0.628225806451613 3.97458387548693 2 3 0 
0 850 8.8 13 0.403629032258065 0.493279569892473 60.774461409852 2 -3 0 
1 860 5.6 16 0.529032258064516 0.621774193548387 17.9518058496797 2 3 0 
0 860 8.8 13 0.459229390681004 0.272177419354839 4.03112887414927 2 -3 0 
1 870 5.6 16 0.46505376344086 0.591935483870968 44.7015629716721 2 3 0 
0 870 8.8 13 0.424317617866005 0.219086021505376 15.2187902888126 2 -3 0 
1 880 5.6 16 0.406182795698925 0.643548387096774 25.9910366705112 2 3 0 
0 880 8.8 13 0.413709677419355 0.201612903225806 12.3923775222009 2 -3 0 
1 890 5.6 17 0.548118279569892 0.638709677419355 17.8067676175068 2 4 0 
0 890 8.8 13 0.488911290322581 0.25 15.1249567290178 2 -4 0 
1 900 5.6 17 0.46505376344086 0.694354838709677 5.62863040825873 2 4 0 
0 900 8.8 13 0.463373655913979 0.463709677419355 64.6830495425344 2 -4 0 
1 910 5.6 17 0.428130929791271 0.692741935483871 5.31132422302417 2 3 0 
0 910 8.8 14 0.414314516129032 0.439516129032258 68.3197691984894 2 -3 0 
1 920 5.6 17 0.528763440860215 0.779032258064516 4.95315777334641 2 3 0 
0 920 8.8 14 0.496543778801843 0.524193548387097 79.6947300641642 2 -3 0 
1 930 5.6 17 0.452217741935484 0.759072580645161 6.59057325844696 2 3 1 
0 930 8.8 14 0.464950372208437 0.162634408602151 13.5195249206517 1 -3 -1 
1 940 5.6 17 0.494556451612903 0.653225806451613 28.7222142182309 2 3 1 
0 940 8.8 14 0.413810483870968 0.202956989247312 12.3217422863646 1 -3 -1 
1 950 5.6 18 0.534429280397022 0.534274193548387 27.572700564408 2 4 1 
0 950 8.8 14 0.533266129032258 0.238911290322581 13.7237075412706 1 -4 -1 
1 960 5.6 18 0.467192082111437 0.460685483870968 40.4729338049743 2 3 1 
0 960 8.8 15 0.372983870967742 0.262096774193548 27.8641382869052 1 -3 -1 
1 970 5.6 18 0.4146110056926 0.408602150537634 34.485272762343 2 3 1 
0 970 8.8 15 0.389400921658986 0.375806451612903 30.3137176822604 1 -3 -1 
1 980 5.6 18 0.522401433691756 0.338709677419355 32.3845775735817 2 3 1 
0 980 8.8 15 0.431761786600496 0.363709677419355 30.0125115702701 1 -3 -1 
1 990 5.6 18 0.407732447817837 0.359879032258065 16.8604975777394 2 3 1 
0 990 8.8 15 0.393738140417457 0.401612903225806 27.8302992953283 1 -3 -1 
1 1000 5.6 18 0.396673387096774 0.409274193548387 16.6176434959993 2 3 1 
0 1000 8.8 15 0.414373814041746 0.476612903225806 25.0055881235814 1 -3 -1 
1 1010 5.6 18 0.472507331378299 0.486895161290323 6.16693175586786 2 3 1 
0 1010 8.8 15 0.555028462998102 0.485215053763441 19.5301867363864 1 -3 -1 
1 1020 5.6 18 0.402039848197344 0.529233870967742 21.6322823070468 2 3 1 
0 1020 8.8 15 0.473790322580645 0.414314516129032 34.3356164582237 1 -3 -1 
1 1030 5.6 18 0.453629032258065 0.487903225806452 34.0355712001213 2 3 1 
0 1030 8.8 15 0.474942396313364 0.358870967741936 12.484098867741 1 -3 -1 
1 1040 5.6 18 0.617338709677419 0.489516129032258 29.75112946305 2 2 1 
0 1040 8.8 16 0.585685483870968 0.411290322580645 18.1107702762748 1 -2 -1 
1 1050 5.6 18 0.463709677419355 0.50241935483871 17.6069417833462 2 2 1 
0 1050 8.8 16 0.452346041055719 0.314516129032258 31.4682379551191 1 -2 -1 
1 1060 5.6 18 0.43195564516129 0.52258064516129 7.98719101334889 2 2 1 
0 1060 8.8 16 0.485483870967742 0.328629032258065 52.2217671212116 1 -2 -1 
1 1070 5.6 19 0.636592741935484 0.429838709677419 22.0447748774789 2 3 1 
0 1070 8.8 16 0.659274193548387 0.201612903225806 18.8319865726176 1 -3 -1 
1 1080 5.6 19 0.46335904628331 0.408870967741935 30.4356096286872 2 3 1 
0 1080 8.8 16 0.437596006144393 0.246975806451613 28.0149171652616 1 -3 -1 
1 1090 5.6 19 0.511693548387097 0.394354838709677 35.0159803975731 2 3 1 
0 1090 8.8 16 0.394825268817204 0.311491935483871 28.9823495320547 1 -3 -1 
1 1100 5.6 19 0.484879032258065 0.42741935483871 29.7751906311725 2 3 1 
0 1100 8.8 16 0.429435483870968 0.313508064516129 25.6675687101642 1 -3 -1 
1 1110 5.6 19 0.467741935483871 0.461290322580645 13.0223815429619 2 3 1 
0 1110 8.8 16 0.538306451612903 0.3125 17.4512257477717 1 -3 -1 
1 1120 5.6 19 0.481014784946237 0.557258064516129 9.33120176826656 2 3 1 
0 1120 8.8 16 0.360023041474654 0.292741935483871 20.3738895769863 1 -3 -1 
1 1130 5.6 19 0.617439516129032 0.723387096774194 8.79828567370866 2 3 1 
0 1130 8.8 16 0.343245967741936 0.331451612903226 34.0905003308186 1 -3 -1 
1 1140 5.6 20 0.545884315906563 0.766129032258065 5.67274447900022 2 3 2 
0 1140 8.8 17 0.279435483870968 0.206653225806452 9.63882654524093 0 -3 -2 
1 1150 5.6 20 0.66234221598878 0.709677419354839 6.18629131873439 2 3 2 
0 1150 8.8 17 NaN 0.346774193548387 57.4456348305466 0 -3 -2 
1 1160 5.6 20 0.66234221598878 0.778225806451613 5.5201189335074 2 3 2 
0 1160 8.8 17 0.229838709677419 0.350806451612903 56.9952329632995 0 -3 -2 
1 1170 5.6 20 0.51280834914611 0.772849462365591 2.52027595983607 2 3 2 
0 1170 8.8 17 0.244623655913978 0.137096774193548 0 0 -3 -2 
1 1180 5.6 20 NaN 0.818548387096774 0 2 3 2 
0 1180 8.8 17 NaN NaN NaN 0 -3 -2 
