1 30 6.4 1 NaN 0.226612903225806 24.8634375181395 3 0 0 
0 30 7 1 NaN 0.245967741935484 22.8075564621197 3 0 0 
1 40 6.4 1 NaN 0.233064516129032 21.1910967012908 3 0 0 
0 40 7 1 NaN 0.264516129032258 20.5735498897098 3 0 0 
1 50 6.4 1 0.370967741935484 0.361290322580645 31.1686814848192 3 0 0 
0 50 7 1 0.370967741935484 0.330645161290323 26.4502576241186 3 0 0 
1 60 6.4 1 0.368279569892473 0.470967741935484 30.7354794470548 3 0 0 
0 60 7 1 0.368279569892473 0.445161290322581 31.3270577056469 3 0 0 
1 70 6.4 1 0.37410394265233 0.495161290322581 35.6686478907357 3 0 0 
0 70 7 1 0.381653225806452 0.504838709677419 33.8073135440605 3 0 0 
1 80 6.4 1 0.477504244482173 0.485483870967742 25.2186108582505 3 0 0 
0 80 7 1 0.479838709677419 0.493548387096774 28.1071288514235 3 0 0 
1 90 6.4 1 0.37408357771261 0.496975806451613 31.1961705194281 3 0 0 
0 90 7 1 0.422996878251821 0.486290322580645 27.4699631533854 3 0 0 
1 100 6.4 2 0.381048387096774 0.493951612903226 33.5259237182704 3 0 0 
0 100 7 2 0.367831541218638 0.508064516129032 31.384485511383 3 0 0 
1 110 6.4 2 0.476722873900293 0.399193548387097 52.506203637309 3 0 0 
0 110 7 2 0.471582181259601 0.410483870967742 42.1901369812788 3 0 0 
1 120 6.4 2 0.400583982202447 0.41633064516129 38.7155691098639 3 0 0 
0 120 7 2 0.410639958376691 0.380040322580645 36.1870750242205 3 0 0 
1 130 6.4 2 0.382881231671554 0.400806451612903 38.9641274294155 3 -1 0 
0 130 7 3 0.410282258064516 0.434677419354839 30.0901089209064 3 1 0 
1 140 6.4 3 0.468803056027165 0.445967741935484 33.0614416055601 3 0 0 
0 140 7 3 0.481767180925666 0.511290322580645 35.4769528692379 3 0 0 
1 150 6.4 3 0.376466275659824 0.454838709677419 32.6331267781881 3 0 0 
0 150 7 3 0.425708699902248 0.466935483870968 38.5559556548099 3 0 0 
1 160 6.4 3 0.367996604414261 0.458064516129032 36.2146908843617 3 0 0 
0 160 7 3 0.411290322580645 0.454838709677419 34.7929269607974 3 0 0 
1 170 6.4 4 0.459326788218794 0.467741935483871 39.2398738531133 3 0 0 
0 170 7 4 0.481942496493689 0.498387096774194 37.2401500013094 3 0 0 
1 180 6.4 4 0.383064516129032 0.475806451612903 41.2262147461776 3 0 0 
0 180 7 4 0.386088709677419 0.488709677419355 36.9145036066572 3 0 0 
1 190 6.4 4 0.394585253456221 0.485887096774194 43.6834502820731 3 0 0 
0 190 7 4 0.403927068723703 0.507056451612903 25.6343853447411 3 0 0 
1 200 6.4 5 0.46491935483871 0.401612903225806 52.6293953704982 3 0 0 
0 200 7 5 0.484375 0.502016129032258 40.2057209859492 3 0 0 
1 210 6.4 6 0.408303464755078 0.442741935483871 48.8898319396601 3 1 0 
0 210 7 5 0.406451612903226 0.318548387096774 53.5933764564242 3 -1 0 
1 220 6.4 6 0.388709677419355 0.482258064516129 41.8818177444538 3 1 0 
0 220 7 5 0.381048387096774 0.268145161290323 39.5088295983836 3 -1 0 
1 230 6.4 6 0.483520336605891 0.50241935483871 46.2629440474481 3 0 0 
0 230 7 6 0.461491935483871 0.326612903225806 33.4142324124974 3 0 0 
1 240 6.4 6 0.416233090530697 0.486290322580645 43.3274397463081 3 0 0 
0 240 7 6 0.386328725038402 0.458064516129032 31.1359465821293 3 0 0 
1 250 6.4 6 0.397177419354839 0.494354838709677 32.6001879943917 3 0 0 
0 250 7 6 0.391479663394109 0.493548387096774 31.3524523499919 3 0 0 
1 260 6.4 6 0.484181141439206 0.462903225806452 36.4777823762418 3 0 0 
0 260 7 6 0.460161290322581 0.508064516129032 23.4131001963041 3 0 0 
1 270 6.4 7 0.41633064516129 0.44758064516129 33.5269812736472 3 1 0 
0 270 7 6 0.423819124423963 0.526612903225806 22.7574404237688 3 -1 0 
1 280 6.4 7 0.387521222410866 0.439516129032258 43.2619651297203 3 0 0 
0 280 7 7 0.410190615835777 0.538709677419355 32.5895888904381 3 0 0 
1 290 6.4 7 0.469470046082949 0.439516129032258 40.4407782971897 3 0 0 
0 290 7 7 0.507056451612903 0.541129032258065 31.6510561241305 3 0 0 
1 300 6.4 7 0.402903225806452 0.475806451612903 37.4147612569305 3 0 0 
0 300 7 7 0.405552109181141 0.494354838709677 20.4800543190887 3 0 0 
1 310 6.4 8 0.385611205432937 0.454838709677419 35.2477200439111 3 1 0 
0 310 7 7 0.380184331797235 0.458064516129032 21.8679843488656 3 -1 0 
1 320 6.4 8 0.491935483870968 0.398185483870968 14.7451321744828 3 0 0 
0 320 7 8 0.477150537634409 0.503225806451613 27.7974149448472 3 0 0 
1 330 6.4 8 0.390322580645161 0.41633064516129 17.1651032995132 3 0 0 
0 330 7 8 0.451738911290323 0.505645161290323 32.2329949556962 3 0 0 
1 340 6.4 8 0.368279569892473 0.361895161290323 39.0386899599975 3 0 0 
0 340 7 8 0.406206171107994 0.545161290322581 25.8684474022181 3 0 0 
1 350 6.4 9 0.453629032258065 0.373991935483871 50.0202754669961 3 1 0 
0 350 7 8 0.473538306451613 0.529233870967742 35.2668356718379 3 -1 0 
1 360 6.4 9 0.396412680756396 0.304435483870968 35.2979290188973 3 0 0 
0 360 7 9 0.406826036866359 0.516129032258065 43.3064557171448 3 0 0 
1 370 6.4 9 0.397791023842917 0.369959677419355 38.0002705004187 3 0 0 
0 370 7 9 0.387864823348694 0.486895161290323 41.0830013396194 3 0 0 
1 380 6.4 9 0.462011884550085 0.348790322580645 45.8134275375443 3 0 0 
0 380 7 9 0.477559607293128 0.47741935483871 31.7687245394037 3 0 0 
1 390 6.4 9 0.395908004778973 0.370967741935484 42.9146188838417 3 0 0 
0 390 7 9 0.398573200992556 0.485483870967742 39.5819871633457 3 0 0 
1 400 6.4 9 0.432123655913979 0.436290322580645 28.5004070763097 3 -1 0 
0 400 7 10 0.404508797653959 0.483064516129032 27.1921582380443 3 1 0 
1 410 6.4 10 0.504788306451613 0.494959677419355 21.6065748619266 3 0 0 
0 410 7 10 0.494847670250896 0.45 20.0441031862597 3 0 0 
1 420 6.4 10 0.368279569892473 0.476814516129032 18.0134265306188 3 0 0 
0 420 7 10 0.383941093969144 0.462903225806452 18.4547355721123 3 0 0 
1 430 6.4 10 0.379382889200561 0.399193548387097 16.7263435412798 3 0 0 
0 430 7 10 0.385752688172043 0.475806451612903 16.9198835700845 3 0 0 
1 440 6.4 10 0.472394540942928 0.373387096774194 29.441948325101 3 0 0 
0 440 7 10 0.484237536656892 0.483870967741936 8.34612140217953 3 0 0 
1 450 6.4 10 0.415448588709677 0.358064516129032 14.7974749609072 3 0 0 
0 450 7 10 0.368279569892473 0.528225806451613 9.51411076222504 3 0 0 
1 460 6.4 10 0.436104218362283 0.454032258064516 11.0528216547261 3 0 0 
0 460 7 10 0.393225806451613 0.49758064516129 7.22892519827337 3 0 0 
1 470 6.4 10 0.470136088709677 0.479838709677419 6.07530979335154 3 -1 0 
0 470 7 11 0.462041156840934 0.470766129032258 2.39901500684566 3 1 0 
1 480 6.4 11 0.394563918757467 0.477822580645161 7.02437017408022 3 0 0 
0 480 7 11 0.3971027479092 0.504032258064516 6.39422684865679 3 0 0 
1 490 6.4 11 0.390180265654649 0.467741935483871 5.70826052897503 3 0 0 
0 490 7 11 0.429771505376344 0.472782258064516 11.9553857233561 3 0 0 
1 500 6.4 11 0.489089184060721 0.335685483870968 30.8536108208697 3 0 0 
0 500 7 11 0.473859844271413 0.326612903225806 33.146940137659 3 0 0 
1 510 6.4 11 0.421202956989247 0.318548387096774 21.9778086441525 3 0 0 
0 510 7 11 0.430411030176899 0.286290322580645 32.8309390633714 3 0 0 
1 520 6.4 11 0.394041218637993 0.340322580645161 18.3118477045669 3 -1 0 
0 520 7 12 0.435133239831697 0.482258064516129 25.1276871999795 3 1 0 
1 530 6.4 11 0.443346774193548 0.419354838709677 16.8425321664195 3 -1 0 
0 530 7 12 0.463709677419355 0.508870967741936 21.994278297309 3 1 0 
1 540 6.4 11 0.410692951015532 0.42741935483871 19.2041813696167 3 -1 0 
0 540 7 12 0.42713133640553 0.561290322580645 16.0219799310587 3 1 0 
1 550 6.4 12 0.408681214421252 0.392137096774194 20.3613390966958 3 0 0 
0 550 7 12 0.435099846390169 0.52741935483871 21.8157320782499 3 0 0 
1 560 6.4 12 0.405913978494624 0.35241935483871 37.0470475918327 3 0 0 
0 560 7 12 0.507795698924731 0.526612903225806 29.5429637613571 3 0 0 
1 570 6.4 12 0.420582047685835 0.387096774193548 44.3798894277469 3 -1 0 
0 570 7 13 0.424120234604106 0.629032258064516 7.49289744839822 3 1 0 
1 580 6.4 12 0.449441687344913 0.39758064516129 50.7890855146568 3 -1 0 
0 580 7 13 0.402173913043478 0.587903225806452 20.9428914287865 3 1 0 
1 590 6.4 12 0.499633431085044 0.45241935483871 43.2740345057158 3 -1 0 
0 590 7 13 0.478962131837307 0.512903225806452 12.822530502557 3 1 0 
1 600 6.4 12 0.400686977299881 0.529032258064516 31.980407074074 3 -1 0 
0 600 7 13 0.46384872080089 0.466935483870968 19.1649225675489 3 1 0 
1 610 6.4 12 0.402173913043478 0.495967741935484 24.9022739361067 3 -1 0 
0 610 7 13 0.477102534562212 0.426612903225806 22.9049723865582 3 1 0 
1 620 6.4 13 0.430913978494624 0.476814516129032 31.2482877859299 3 0 0 
0 620 7 13 0.445564516129032 0.465322580645161 14.0758652319355 3 0 0 
1 630 6.4 13 0.449020737327189 0.453629032258065 19.9812412026881 3 -1 0 
0 630 7 14 0.458591811414392 0.468548387096774 10.5093906031499 3 1 0 
1 640 6.4 13 0.40787841191067 0.445564516129032 4.74341649025257 3 -1 0 
0 640 7 14 0.424923195084485 0.492741935483871 8.04450156685966 3 1 0 
1 650 6.4 13 0.423387096774194 0.301075268817204 32.0688458938772 3 -1 0 
0 650 7 14 0.430443548387097 0.446774193548387 28.0973739662444 3 1 0 
1 660 6.4 13 0.380839822024472 0.260483870967742 33.2527472262349 3 -1 0 
0 660 7 14 0.454569892473118 0.466935483870968 31.5191947703381 3 1 0 
1 670 6.4 13 0.39485111662531 0.354032258064516 19.7918777720619 3 -1 0 
0 670 7 14 0.457506203473945 0.430645161290323 30.2116418262989 3 1 0 
1 680 6.4 13 0.467517921146953 0.445967741935484 29.5262834387268 3 -2 0 
0 680 7 15 0.495331069609508 0.495967741935484 23.4135567292629 3 2 0 
1 690 6.4 13 0.381451612903226 0.431451612903226 13.4969796552233 3 -2 0 
0 690 7 15 0.431761786600496 0.541129032258065 8.11466867350758 3 2 0 
1 700 6.4 13 0.368145161290323 0.454032258064516 5.98820836209201 3 -2 0 
0 700 7 15 0.368279569892473 0.491935483870968 4.27270816242564 3 2 0 
1 710 6.4 14 0.457223001402525 0.473387096774194 2.61479264199473 3 -1 0 
0 710 7 15 0.464829749103943 0.471774193548387 20.4998744976491 3 1 0 
1 720 6.4 14 0.387903225806452 0.503024193548387 5.6434351440841 3 -1 0 
0 720 7 15 0.426799007444169 0.443548387096774 0 3 1 0 
1 730 6.4 15 0.400921658986175 0.474462365591398 8.14686716089181 3 0 0 
0 730 7 15 0.419952210274791 0.463709677419355 22.8035085019828 3 0 0 
1 740 6.4 15 0.456797235023041 0.484879032258065 5.62253060809233 3 -1 0 
0 740 7 16 0.451756912442396 0.502016129032258 21.7082933460924 3 1 0 
1 750 6.4 15 0.380824372759857 0.472782258064516 12.3241261013901 3 -1 0 
0 750 7 16 0.437434963579605 0.397849462365591 50.2512866387799 3 1 0 
1 760 6.4 15 0.396370967741935 0.412096774193548 35.889984865743 3 -1 0 
0 760 7 16 0.445301542776999 0.323387096774194 42.8229594541973 3 1 0 
1 770 6.4 15 0.4526740237691 0.398387096774194 31.3651801091222 3 -1 0 
0 770 7 16 0.484507640067912 0.325806451612903 27.7419987809604 3 1 0 
1 780 6.4 15 0.414956011730205 0.461693548387097 23.2300913786061 3 -1 0 
0 780 7 16 0.389616935483871 0.413709677419355 15.9537832972489 3 1 0 
1 790 6.4 15 0.417408231368187 0.466733870967742 30.5309784440043 3 -1 0 
0 790 7 16 0.391897081413211 0.456451612903226 5.33961123495596 3 1 0 
1 800 6.4 15 0.514592933947773 0.435483870967742 25.149733862357 3 -1 0 
0 800 7 16 0.519312393887946 0.601612903225806 7.18843054314337 3 1 0 
1 810 6.4 16 0.460599078341014 0.384072580645161 27.1042399192284 3 0 0 
0 810 7 16 0.456989247311828 0.649193548387097 6.47470171614161 3 0 0 
1 820 6.4 16 0.445852534562212 0.316935483870968 30.7239798646033 3 -1 0 
0 820 7 17 0.412868162692847 0.681451612903226 10.7312449859049 3 1 0 
1 830 6.4 16 0.531874039938556 0.270967741935484 35.697799321564 3 -1 0 
0 830 7 17 0.502199413489736 0.733064516129032 4.17336816333825 3 1 0 
1 840 6.4 16 0.452680265654649 0.286290322580645 36.4083381450804 3 -1 0 
0 840 7 17 0.469574780058651 0.729032258064516 9.82051901738598 3 1 0 
1 850 6.4 16 0.51051267281106 0.345967741935484 38.8658013659755 3 -1 0 
0 850 7 17 0.467338709677419 0.558064516129032 36.1116909653418 3 1 0 
1 860 6.4 16 0.544843597262952 0.399193548387097 42.8000421252826 3 -1 0 
0 860 7 17 0.40255376344086 0.454032258064516 19.5603455542732 3 1 0 
1 870 6.4 16 0.4289802289282 0.489516129032258 42.0913117876299 3 -1 0 
0 870 7 17 0.406586021505376 0.378225806451613 18.768634221429 3 1 0 
1 880 6.4 17 0.439149560117302 0.457661290322581 24.2026753998588 3 -1 0 
0 880 7 18 0.402721774193548 0.333064516129032 3.88966400207465 3 1 0 
1 890 6.4 17 0.502971137521222 0.497983870967742 10.9716172374953 3 -1 0 
0 890 7 18 0.377481389578164 0.364516129032258 11.4748742683594 3 1 0 
1 900 6.4 17 0.402492668621701 0.46875 20.4927256481308 3 -1 0 
0 900 7 18 0.418010752688172 0.470967741935484 13.8099454878951 3 1 0 
1 910 6.4 17 0.396337365591398 0.464717741935484 12.72895574967 3 -1 0 
0 910 7 18 0.41973886328725 0.535483870967742 11.946862624239 3 1 0 
1 920 6.4 17 0.439740143369176 0.364516129032258 28.421677578403 3 -1 0 
0 920 7 18 0.451814516129032 0.536290322580645 5.03770463778139 3 1 0 
1 930 6.4 17 0.423248053392659 0.382258064516129 23.2858981422641 3 -1 0 
0 930 7 18 0.430399719495091 0.504838709677419 4.7620248890313 3 1 0 
1 940 6.4 17 0.377688172043011 0.448387096774194 11.010023995589 3 -1 0 
0 940 7 18 0.401881720430108 0.461693548387097 6.1307315645023 3 1 0 
1 950 6.4 17 0.441377171215881 0.48991935483871 6.36650242945825 3 -1 0 
0 950 7 18 0.446451612903226 0.492943548387097 5.29943591827174 3 1 0 
1 960 6.4 17 0.413306451612903 0.497983870967742 17.064977214775 3 -2 0 
0 960 7 19 0.420406732117812 0.517137096774194 6.88446597742787 3 2 0 
1 970 6.4 17 0.3835904628331 0.337701612903226 28.407586055775 3 -2 0 
0 970 7 19 0.408660589060309 0.553427419354839 6.40717920498914 3 2 0 
1 980 6.4 17 0.433064516129032 0.297379032258065 25.3347902323081 3 -2 0 
0 980 7 19 0.440446650124069 0.508064516129032 4.87023658511451 3 2 0 
1 990 6.4 18 0.422043010752688 0.380040322580645 12.0703614080041 3 -1 0 
0 990 7 19 0.412634408602151 0.400201612903226 37.5620727554132 3 1 0 
1 1000 6.4 18 0.413394109396914 0.297379032258065 25.5836985923494 3 -1 0 
0 1000 7 19 0.399193548387097 0.387903225806452 48.6711817830898 3 1 0 
1 1010 6.4 18 0.450764006791171 0.3125 12.202073973409 3 -1 0 
0 1010 7 19 0.484375 0.535483870967742 25.8484258803283 3 1 0 
1 1020 6.4 18 0.432891705069124 0.287298387096774 4.52515317661338 3 -1 0 
0 1020 7 19 0.423617511520737 0.601612903225806 15.0203896475913 3 1 0 
1 1030 6.4 18 0.429802052785924 0.299395161290323 4.32353585599257 3 -1 0 
0 1030 7 19 0.418870967741935 0.661290322580645 5.93985654976628 3 1 0 
1 1040 6.4 18 0.519686907020873 0.36491935483871 5.52642579098484 3 -2 0 
0 1040 7 20 0.497119815668203 0.548387096774194 17.8112144046947 3 2 0 
1 1050 6.4 18 0.366359447004608 0.408266129032258 5.86380550519664 3 -2 0 
0 1050 7 20 0.482078853046595 0.491129032258064 28.176898168645 3 2 0 
1 1060 6.4 18 0.354569892473118 0.391935483870968 25.8135807235791 3 -2 0 
0 1060 7 20 0.497678396871945 0.432258064516129 18.3115241144474 3 2 0 
1 1070 6.4 18 0.391129032258065 0.450604838709677 21.8503424546309 3 -2 0 
0 1070 7 20 0.548924731182796 0.457661290322581 10.2164551064921 3 2 0 
1 1080 6.4 19 0.391666666666667 0.47883064516129 14.5276134394334 3 -1 0 
0 1080 7 20 0.48991935483871 0.511088709677419 4.98682307603413 3 1 0 
1 1090 6.4 19 0.39616935483871 0.426411290322581 11.4774795565418 3 -1 0 
0 1090 7 20 0.513440860215054 0.537298387096774 16.9150707902259 3 1 0 
1 1100 6.4 19 0.43991935483871 0.461021505376344 1.82627813003437 3 -1 0 
0 1100 7 20 0.633736559139785 0.545698924731183 22.2559607451938 3 1 0 
1 1110 6.4 19 0.323252688172043 0.434139784946237 6.30696519135926 3 -1 0 
0 1110 7 20 0.512197580645161 0.5625 28.1113855937412 3 1 0 
1 1120 6.4 19 0.38565668202765 0.529569892473118 3.89866749895945 3 -1 0 
0 1120 7 20 0.435806451612903 0.445564516129032 54.4265560181792 3 1 0 
1 1130 6.4 19 0.387320788530466 0.400201612903226 38.5381763865873 3 -1 0 
0 1130 7 20 0.551008064516129 0.143145161290323 2.54950975679639 3 1 0 
1 1140 6.4 20 0.394810659186536 0.446572580645161 21.7486873793041 3 0 0 
0 1140 7 20 0.47592504743833 0.32258064516129 18.8149769412033 3 0 0 
1 1150 6.4 20 0.421572580645161 0.484879032258065 21.0312825783581 3 -1 0 
0 1150 7 21 0.441935483870968 0.412634408602151 10.7285390405319 3 1 0 
1 1160 6.4 20 0.423174872665535 0.448387096774194 37.759755360591 3 -1 0 
0 1160 7 21 0.549573055028463 0.471774193548387 3.5 3 1 0 
1 1170 6.4 20 0.372143817204301 0.444556451612903 33.1968395598199 3 -1 0 
0 1170 7 21 0.450062034739454 0.424731182795699 28.6112674843811 3 1 0 
1 1180 6.4 20 0.391801075268817 0.469758064516129 17.6295481411486 3 -1 0 
0 1180 7 21 0.430299539170507 0.287634408602151 28.1161789710943 3 1 0 
1 1190 6.4 20 0.440789473684211 0.498991935483871 5.64244041774004 3 -1 0 
0 1190 7 21 0.523991935483871 0.397849462365591 21.5200749648083 3 1 0 
1 1200 6.4 20 0.359801488833747 0.509072580645161 8.4370428038198 3 -1 0 
0 1200 7 21 0.469267654751526 0.431451612903226 7.4323608854706 3 1 0 
1 1210 6.4 20 0.370161290322581 0.502016129032258 4.70821984933687 3 -1 0 
0 1210 7 21 0.444489247311828 0.453629032258065 3.53553390593274 3 1 0 
1 1220 6.4 20 0.443740399385561 0.611559139784946 2.54626513704672 3 -1 0 
0 1220 7 21 0.584516129032258 0.387096774193548 0 3 1 0 
1 1230 6.4 21 0.441176470588235 0.517137096774194 47.8596507063271 3 0 0 
0 1230 7 21 0.480906072106262 0.207661290322581 39.2460189063808 3 0 0 
1 1240 6.4 21 0.360356536502547 0.513104838709677 44.993505443657 3 0 0 
0 1240 7 21 0.505952380952381 0.19758064516129 8.06225774829855 3 0 0 
1 1250 6.4 21 0.462436332767402 0.545362903225806 53.6599486409893 3 0 0 
0 1250 7 21 0.57997311827957 0.181451612903226 20.1801669612269 3 0 0 
1 1260 6.4 21 0.417562724014337 0.651209677419355 38.084576146472 3 0 0 
0 1260 7 21 0.450217121588089 0.213709677419355 8.06225774829855 3 0 0 
1 1270 6.4 21 0.472782258064516 0.643145161290323 33.4813249130954 3 0 0 
0 1270 7 21 0.397952853598015 0.174731182795699 22.5504146775326 3 0 0 
1 1280 6.4 21 0.534219703574542 0.600806451612903 57.010031202317 3 0 1 
0 1280 7 21 0.442876344086022 0.153225806451613 12.9179177456523 2 0 -1 
1 1290 6.4 21 0.465813464235624 0.591935483870968 47.404553092343 3 0 1 
0 1290 7 21 0.362266553480475 0.154032258064516 14.8072835732008 2 0 -1 
1 1300 6.4 21 0.471153846153846 0.495967741935484 51.2448200617471 3 0 1 
0 1300 7 21 0.372390891840607 0.274193548387097 13.5964004972245 2 0 -1 
1 1310 6.4 21 0.540322580645161 0.45241935483871 19.4138593723796 3 -1 1 
0 1310 7 22 0.416186635944701 0.391129032258065 23.816595071919 2 1 -1 
1 1320 6.4 21 0.433120133481646 0.465322580645161 17.999543954492 3 -1 1 
0 1320 7 22 0.397379032258065 0.460483870967742 22.3390217965493 2 1 -1 
1 1330 6.4 22 0.393241167434716 0.483870967741936 8.18863455381355 3 0 1 
0 1330 7 22 0.408531409168082 0.472782258064516 25.4761970661849 2 0 -1 
1 1340 6.4 22 0.422631048387097 0.537096774193548 5.82876564939452 3 0 1 
0 1340 7 22 0.490367383512545 0.502016129032258 34.3984011256337 2 0 -1 
1 1350 6.4 22 0.422427035330261 0.549193548387097 8.4196462368543 3 0 1 
0 1350 7 22 0.468488649940263 0.493951612903226 48.9948976935354 2 0 -1 
1 1360 6.4 22 0.517679900744417 0.561290322580645 12.0930721801234 3 0 1 
0 1360 7 22 0.379908835904628 0.570564516129032 39.5790348543266 2 0 -1 
1 1370 6.4 22 0.664170506912442 0.625 17.3093689271445 3 0 1 
0 1370 7 22 0.446140552995392 0.558467741935484 53.5397048927242 2 0 -1 
1 1380 6.4 22 0.604334677419355 0.694354838709677 22.7542648575371 3 0 1 
0 1380 7 22 0.49348635235732 0.534274193548387 49.5025251881154 2 0 -1 
1 1390 6.4 22 NaN 0.794354838709677 14.6260630894448 3 0 1 
0 1390 7 22 0.524193548387097 0.283602150537634 46.2892945879147 2 0 -1 
1 1400 6.4 22 NaN 0.825806451612903 3.18532152032956 3 0 1 
0 1400 7 22 0.576612903225806 0.149193548387097 2.82404531833319 2 0 -1 
