1 30 8.2 1 NaN 0.26008064516129 13.7957379047521 3 0 0 
0 30 9.4 1 NaN 0.308064516129032 14.5632916808243 3 0 0 
1 40 8.2 1 NaN 0.326612903225806 22.4379691114983 3 0 0 
0 40 9.4 1 NaN 0.335483870967742 20.9190755418765 3 0 0 
1 50 8.2 1 0.370967741935484 0.346774193548387 23.6405199455658 3 0 0 
0 50 9.4 1 0.369959677419355 0.381451612903226 19.1386439498723 3 0 0 
1 60 8.2 1 0.364247311827957 0.45241935483871 30.3335834899458 3 0 0 
0 60 9.4 1 0.364247311827957 0.476612903225806 18.5581470684463 3 0 0 
1 70 8.2 1 0.396222410865874 0.45866935483871 23.776885533162 3 0 0 
0 70 9.4 1 0.410786290322581 0.520161290322581 22.3178236946917 3 0 0 
1 80 8.2 1 0.454728739002933 0.454637096774194 21.8649231564092 3 0 0 
0 80 9.4 1 0.457748948106592 0.49758064516129 22.366172084632 3 0 0 
1 90 8.2 1 0.392323775388292 0.454301075268817 22.8575757675152 3 0 0 
0 90 9.4 1 0.390198511166253 0.494354838709677 24.4858286355636 3 0 0 
1 100 8.2 2 0.415927419354839 0.439516129032258 21.656712493427 3 0 0 
0 100 9.4 2 0.413786482334869 0.494959677419355 22.883582872153 3 0 0 
1 110 8.2 2 0.453533026113671 0.387096774193548 47.1404681691402 3 0 0 
0 110 9.4 2 0.453064516129032 0.513104838709677 24.9045389377511 3 0 0 
1 120 8.2 2 0.384354838709677 0.422379032258065 29.9598361360124 3 0 0 
0 120 9.4 2 0.406586021505376 0.445161290322581 42.1296747108291 3 0 0 
1 130 8.2 2 0.396505376344086 0.387903225806452 41.1510954063378 3 -1 0 
0 130 9.4 3 0.45216275659824 0.476612903225806 34.5532552686081 3 1 0 
1 140 8.2 3 0.454301075268817 0.425806451612903 31.4064738479761 3 0 0 
0 140 9.4 3 0.474875930521092 0.458064516129032 39.0991377103302 3 0 0 
1 150 8.2 3 0.384516129032258 0.441935483870968 31.5069278265772 3 0 0 
0 150 9.4 3 0.418472782258065 0.493548387096774 39.2400178975985 3 0 0 
1 160 8.2 3 0.411840175953079 0.445564516129032 24.70499768541 3 -1 0 
0 160 9.4 4 0.40195246179966 0.509677419354839 31.6990785439687 3 1 0 
1 170 8.2 3 0.46415770609319 0.448588709677419 22.6957787406329 3 -1 0 
0 170 9.4 4 0.453341013824885 0.501612903225806 28.8536711240668 3 1 0 
1 180 8.2 4 0.389423076923077 0.377016129032258 39.0478388610738 3 0 0 
0 180 9.4 4 0.410249739854318 0.5 23.844796082449 3 0 0 
1 190 8.2 4 0.396729390681004 0.357862903225806 32.1351526782668 3 -1 0 
0 190 9.4 5 0.441970546984572 0.516129032258065 21.7046038343925 3 1 0 
1 200 8.2 4 0.449148745519713 0.451612903225806 26.6618256079382 3 -1 0 
0 200 9.4 5 0.461945564516129 0.495967741935484 20.49233824873 3 1 0 
1 210 8.2 4 0.374649368863955 0.44758064516129 37.8957703309744 3 -1 0 
0 210 9.4 5 0.420005202913632 0.513709677419355 28.0899981022571 3 1 0 
1 220 8.2 5 0.388709677419355 0.390322580645161 37.8349089633253 3 0 0 
0 220 9.4 5 0.448540706605223 0.525201612903226 28.6725257767613 3 0 0 
1 230 8.2 5 0.469086021505376 0.412096774193548 31.287939513387 3 -1 0 
0 230 9.4 6 0.465725806451613 0.522177419354839 31.0061595717295 3 1 0 
1 240 8.2 5 0.394297235023041 0.380645161290323 36.9750270669517 3 -1 0 
0 240 9.4 6 0.418548387096774 0.429032258064516 46.9755650392515 3 1 0 
1 250 8.2 6 0.388563049853372 0.440322580645161 26.6644894738168 3 0 0 
0 250 9.4 6 0.452380952380952 0.507258064516129 36.7437425995641 3 0 0 
1 260 8.2 6 0.456149193548387 0.501344086021505 40.7517108341026 3 0 0 
0 260 9.4 6 0.466966501240695 0.470161290322581 39.5417285742219 3 0 0 
1 270 8.2 6 0.417611159546643 0.454637096774194 37.3718993443066 3 0 0 
0 270 9.4 6 0.390967741935484 0.489516129032258 37.5132299040203 3 0 0 
1 280 8.2 6 0.405791788856305 0.384677419354839 41.6929375048366 3 -1 0 
0 280 9.4 7 0.415898617511521 0.498387096774194 27.7093809960808 3 1 0 
1 290 8.2 6 0.4696519524618 0.391129032258065 39.0979817256253 3 -1 0 
0 290 9.4 7 0.469032258064516 0.516935483870968 36.4664519630336 3 1 0 
1 300 8.2 6 0.404477196885428 0.431451612903226 26.5244070966792 3 -1 0 
0 300 9.4 7 0.405311457174639 0.483064516129032 38.9375975480281 3 1 0 
1 310 8.2 7 0.396077712609971 0.469354838709677 28.2916797209109 3 0 0 
0 310 9.4 7 0.441715542521994 0.47258064516129 37.0382148158397 3 0 0 
1 320 8.2 7 0.447431302270012 0.443548387096774 23.7645504980418 3 -1 0 
0 320 9.4 8 0.466547192353644 0.508870967741936 34.3605873040171 3 1 0 
1 330 8.2 7 0.408266129032258 0.482258064516129 28.9997720215773 3 -1 0 
0 330 9.4 8 0.401785714285714 0.507258064516129 28.2827220680697 3 1 0 
1 340 8.2 7 0.442652329749104 0.450806451612903 28.7162696643174 3 -1 0 
0 340 9.4 8 0.403700189753321 0.492741935483871 26.6446195066798 3 1 0 
1 350 8.2 8 0.465221774193548 0.453225806451613 24.2584883528618 3 0 0 
0 350 9.4 8 0.461430575035063 0.481451612903226 31.1536861848676 3 0 0 
1 360 8.2 8 0.402937788018433 0.483064516129032 25.9955653589781 3 0 0 
0 360 9.4 8 0.364247311827957 0.504032258064516 20.2301730107285 3 0 0 
1 370 8.2 8 0.386328725038402 0.40241935483871 23.2277728776113 3 -1 0 
0 370 9.4 9 0.418394777265745 0.400537634408602 44.3792411197969 3 1 0 
1 380 8.2 8 0.446284562211982 0.445161290322581 16.051829023065 3 -1 0 
0 380 9.4 9 0.471054147465438 0.391129032258065 33.8617182989561 3 1 0 
1 390 8.2 9 0.401835372636263 0.47741935483871 14.7469909515103 3 0 0 
0 390 9.4 9 0.388647642679901 0.455645161290323 26.016681170273 3 0 0 
1 400 8.2 9 0.392204301075269 0.458870967741935 24.7839138884901 3 0 0 
0 400 9.4 9 0.409475806451613 0.383064516129032 34.3147531995403 3 0 0 
1 410 8.2 9 0.448252688172043 0.367741935483871 40.2542524715509 3 0 0 
0 410 9.4 9 0.460777126099707 0.439516129032258 20.9164268150062 3 0 0 
1 420 8.2 9 0.39799880525687 0.408870967741935 32.0966814989331 3 -1 0 
0 420 9.4 10 0.398883374689826 0.395967741935484 36.2007626079699 3 1 0 
1 430 8.2 10 0.433467741935484 0.442741935483871 29.2866827281311 3 0 0 
0 430 9.4 10 0.416666666666667 0.464717741935484 30.623656982049 3 0 0 
1 440 8.2 10 0.44702447163515 0.468548387096774 33.4383191907186 3 0 0 
0 440 9.4 10 0.457924263674614 0.495967741935484 41.8702411223361 3 0 0 
1 450 8.2 10 0.401583034647551 0.44758064516129 43.2570975206187 3 0 0 
0 450 9.4 10 0.384576612903226 0.466129032258065 45.1551273081917 3 0 0 
1 460 8.2 10 0.454696394686907 0.476814516129032 45.2660252515752 3 -1 0 
0 460 9.4 11 0.41008064516129 0.475 41.9854900709565 3 1 0 
1 470 8.2 10 0.463709677419355 0.4375 41.7082742127791 3 -1 0 
0 470 9.4 11 0.47116935483871 0.520161290322581 42.2124630646844 3 1 0 
1 480 8.2 11 0.395316377171216 0.442540322580645 43.6388464109935 3 0 0 
0 480 9.4 11 0.406826036866359 0.449193548387097 55.0422513416435 3 0 0 
1 490 8.2 11 0.41213921901528 0.314516129032258 36.4486127106146 3 0 0 
0 490 9.4 11 0.379224270353303 0.45 52.9531369004285 3 0 0 
1 500 8.2 11 0.462998102466793 0.269153225806452 37.0568319504289 3 -1 0 
0 500 9.4 12 0.432227047146402 0.524193548387097 40.7427070757088 3 1 0 
1 510 8.2 11 0.364247311827957 0.348790322580645 36.1610701125428 3 -1 0 
0 510 9.4 12 0.431199596774194 0.556451612903226 46.2676403097898 3 1 0 
1 520 8.2 11 0.392789373814042 0.44758064516129 38.1940434502759 3 -1 0 
0 520 9.4 12 0.476129032258065 0.505645161290323 41.7598485430314 3 1 0 
1 530 8.2 11 0.4540770609319 0.465725806451613 34.9536332226397 3 -1 0 
0 530 9.4 12 0.494758064516129 0.474193548387097 31.8329422492902 3 1 0 
1 540 8.2 12 0.379733520336606 0.467741935483871 29.8600777588385 3 0 0 
0 540 9.4 12 0.394354838709677 0.497983870967742 28.7301754743801 3 0 0 
1 550 8.2 12 0.373185483870968 0.47741935483871 37.7614436192374 3 0 0 
0 550 9.4 12 0.436443932411674 0.467741935483871 40.1747036707861 3 0 0 
1 560 8.2 12 0.441820276497696 0.482258064516129 36.9616489074694 3 0 0 
0 560 9.4 12 0.467741935483871 0.510483870967742 32.2827707789797 3 0 0 
1 570 8.2 12 0.402252502780868 0.466733870967742 29.3949282700572 3 0 0 
0 570 9.4 12 0.424638487208009 0.503225806451613 26.1656934753124 3 0 0 
1 580 8.2 12 0.40241935483871 0.442540322580645 33.2503175806383 3 0 0 
0 580 9.4 12 0.485983102918587 0.537096774193548 33.781836734024 3 0 0 
1 590 8.2 12 0.451788218793829 0.412096774193548 40.4390749277508 3 -1 0 
0 590 9.4 13 0.460763027295285 0.495967741935484 28.1396647997857 3 1 0 
1 600 8.2 12 0.391705069124424 0.4375 29.4564737918632 3 -1 0 
0 600 9.4 13 0.442937438905181 0.530645161290323 38.2888565888092 3 1 0 
1 610 8.2 12 0.375806451612903 0.431451612903226 17.7777777777778 3 -1 0 
0 610 9.4 13 0.494758064516129 0.57258064516129 46.6871875609786 3 1 0 
1 620 8.2 13 0.411755583126551 0.456989247311828 16.2498179494917 3 -1 0 
0 620 9.4 14 0.49358504398827 0.546774193548387 37.7380646876388 3 1 0 
1 630 8.2 13 0.379677419354839 0.370967741935484 34.1070159774214 3 -1 0 
0 630 9.4 14 0.441597294484912 0.531451612903226 32.24882240452 3 1 0 
1 640 8.2 13 0.447343453510436 0.340725806451613 44.1961788038306 3 -1 0 
0 640 9.4 14 0.432088285229202 0.460483870967742 46.2092708669465 3 1 0 
1 650 8.2 13 0.472623089983022 0.444556451612903 25.8399647461118 3 -1 0 
0 650 9.4 14 0.509504608294931 0.454838709677419 33.2682781494281 3 1 0 
1 660 8.2 13 0.367636746143058 0.473790322580645 29.332358150459 3 -2 0 
0 660 9.4 15 0.431312569521691 0.457258064516129 30.6535585982927 3 2 0 
1 670 8.2 13 0.405241935483871 0.342741935483871 39.2993847562271 3 -2 0 
0 670 9.4 15 0.461587436332767 0.516129032258065 23.9673591486993 3 2 0 
1 680 8.2 14 0.449500768049155 0.319556451612903 37.7985000740916 3 -1 0 
0 680 9.4 15 0.468870967741935 0.513709677419355 16.9134452244241 3 1 0 
1 690 8.2 14 0.369134897360704 0.454301075268817 42.9851511485781 3 -1 0 
0 690 9.4 15 0.405017921146953 0.495161290322581 15.3240645953011 3 1 0 
1 700 8.2 14 0.379637096774194 0.473118279569892 44.3532141620721 3 -1 0 
0 700 9.4 15 0.431048387096774 0.519354838709677 32.0001466949676 3 1 0 
1 710 8.2 14 0.440380184331797 0.451612903225806 48.7647413609464 3 -2 0 
0 710 9.4 16 0.4778972520908 0.518548387096774 37.3663026770011 3 2 0 
1 720 8.2 14 0.408038501560874 0.361559139784946 44.4410244785728 3 -2 0 
0 720 9.4 16 0.421162402669633 0.525806451612903 34.2846261003791 3 2 0 
1 730 8.2 14 0.420540796963947 0.440860215053763 26.6024262859702 3 -2 0 
0 730 9.4 16 0.456317204301075 0.537903225806452 33.8174039943757 3 2 0 
1 740 8.2 14 0.443772401433692 0.310483870967742 37.01114893894 3 -2 0 
0 740 9.4 16 0.465245775729647 0.526209677419355 24.9748270945768 3 2 0 
1 750 8.2 14 0.39133064516129 0.291129032258065 28.3501060318415 3 -2 0 
0 750 9.4 16 0.41816009557945 0.467741935483871 37.6420902850909 3 2 0 
1 760 8.2 14 0.384487666034156 0.299395161290323 20.5166733855832 3 -3 0 
0 760 9.4 17 0.429435483870968 0.550806451612903 26.8123148487954 3 3 0 
1 770 8.2 15 0.38802729528536 0.399193548387097 15.6291642476589 3 -2 0 
0 770 9.4 17 0.511648745519713 0.581451612903226 25.3753562624161 3 2 0 
1 780 8.2 15 0.368145161290323 0.367943548387097 14.5067564612928 3 -2 0 
0 780 9.4 17 0.467414995640802 0.526612903225806 26.3492387887234 3 2 0 
1 790 8.2 15 0.393039049235993 0.393145161290323 12.4757195035623 3 -2 0 
0 790 9.4 17 0.387903225806452 0.466129032258065 39.6487893243691 3 2 0 
1 800 8.2 15 0.430275537634409 0.383064516129032 4.95088595284658 3 -2 0 
0 800 9.4 17 0.460950764006791 0.434677419354839 33.5402280415281 3 2 0 
1 810 8.2 15 0.397983870967742 0.452620967741936 23.3028096625708 3 -2 0 
0 810 9.4 17 0.424037460978148 0.429838709677419 34.9665646701936 3 2 0 
1 820 8.2 16 0.424614305750351 0.490927419354839 28.8715085196177 3 -1 0 
0 820 9.4 17 0.395161290322581 0.45241935483871 33.5994421661112 3 1 0 
1 830 8.2 16 0.454133064516129 0.487903225806452 29.0131168000186 3 -2 0 
0 830 9.4 18 0.435483870967742 0.479032258064516 36.7354894954328 3 2 0 
1 840 8.2 16 0.389193548387097 0.429435483870968 30.5356461823281 3 -2 0 
0 840 9.4 18 0.428427419354839 0.505645161290323 30.7003001877714 3 2 0 
1 850 8.2 16 0.39207779886148 0.34005376344086 33.4694495587407 3 -2 0 
0 850 9.4 18 0.463709677419355 0.500806451612903 22.1530002228611 3 2 0 
1 860 8.2 16 0.416563275434243 0.317540322580645 28.3835627654892 3 -2 0 
0 860 9.4 18 0.504962779156327 0.562903225806452 16.7784799396822 3 2 0 
1 870 8.2 16 0.36308651026393 0.369959677419355 32.4916405580806 3 -2 0 
0 870 9.4 18 0.470878136200717 0.604032258064516 24.7748375947411 3 2 0 
1 880 8.2 17 0.391129032258065 0.346774193548387 33.8273916799508 3 -1 0 
0 880 9.4 18 0.473454301075269 0.679435483870968 4.81245679332168 3 1 0 
1 890 8.2 17 0.388664874551971 0.274193548387097 16.3086029929105 3 -2 0 
0 890 9.4 19 0.532608695652174 0.530241935483871 7.58416228266535 3 2 0 
1 900 8.2 17 0.360215053763441 0.338709677419355 27.8984281384351 3 -2 0 
0 900 9.4 19 0.476124787775891 0.487903225806452 18.8178346990903 3 2 0 
1 910 8.2 17 0.414621318373072 0.389112903225806 30.1472834909721 3 -2 0 
0 910 9.4 19 0.450513196480938 0.481854838709677 36.4744366803558 3 2 0 
1 920 8.2 17 0.440789473684211 0.451612903225806 47.0923216352535 3 -2 0 
0 920 9.4 19 0.491723259762309 0.459677419354839 34.7286903935285 3 2 0 
1 930 8.2 18 0.409037001897533 0.481854838709677 47.4690107321355 3 -1 0 
0 930 9.4 19 0.387264784946237 0.429435483870968 40.855404184278 3 1 0 
1 940 8.2 18 0.387717121588089 0.459677419354839 37.1776928508144 3 -1 0 
0 940 9.4 19 0.378808243727599 0.44758064516129 48.9929387792189 3 1 0 
1 950 8.2 18 0.476670506912442 0.387096774193548 20.4266982158155 3 -1 0 
0 950 9.4 19 0.477292020373514 0.473118279569893 40.4358096788112 3 1 0 
1 960 8.2 18 0.415104620749782 0.287634408602151 16.0133404182478 3 -2 0 
0 960 9.4 20 0.364247311827957 0.536290322580645 31.4872195928605 3 2 0 
1 970 8.2 18 0.425084889643463 0.326612903225806 2.5 3 -2 0 
0 970 9.4 20 0.363964346349745 0.536290322580645 30.2102361206811 3 2 0 
1 980 8.2 18 0.465725806451613 0.469758064516129 1.11803398874989 3 -2 0 
0 980 9.4 20 0.447115384615385 0.522177419354839 28.1513765205185 3 2 0 
1 990 8.2 18 0.393251273344652 0.341733870967742 53.1864043586403 3 -2 0 
0 990 9.4 20 0.44574780058651 0.398185483870968 45.4315138170051 3 2 0 
1 1000 8.2 18 0.364667338709677 0.391129032258065 48.3486197827666 3 -2 0 
0 1000 9.4 20 0.466995221027479 0.412096774193548 31.5258215277769 3 2 0 
1 1010 8.2 19 0.417338709677419 0.426411290322581 14.1696987167828 3 -1 0 
0 1010 9.4 20 0.533370411568409 0.415322580645161 31.9034184467627 3 1 0 
1 1020 8.2 19 0.363863287250384 0.445564516129032 4.30442889047276 3 -1 0 
0 1020 9.4 20 0.46594982078853 0.457258064516129 32.5966764159537 3 1 0 
1 1030 8.2 19 0.375756048387097 0.399193548387097 7.37170923545579 3 -1 0 
0 1030 9.4 20 0.434715821812596 0.566935483870968 22.2608074410411 3 1 0 
1 1040 8.2 19 0.46236559139785 0.443548387096774 14.6934057373353 3 -1 0 
0 1040 9.4 20 0.519187986651835 0.520967741935484 14.697742524851 3 1 0 
1 1050 8.2 19 0.34834229390681 0.438508064516129 10.1867226660984 3 -1 0 
0 1050 9.4 20 0.443158168574402 0.476612903225806 8.27457609703466 3 1 0 
1 1060 8.2 20 0.378763440860215 0.348118279569892 12.896227844073 3 0 1 
0 1060 9.4 20 0.423835125448029 0.545362903225806 9.11979085605065 2 0 -1 
1 1070 8.2 20 0.441898826979472 0.368279569892473 8.51564781664267 3 -1 1 
0 1070 9.4 21 0.50179211469534 0.545362903225806 24.2321280546951 2 1 -1 
1 1080 8.2 20 0.355846774193548 0.348118279569892 16.4332397997979 3 -1 1 
0 1080 9.4 21 0.450345622119816 0.487903225806452 23.9831325173165 2 1 -1 
1 1090 8.2 20 0.41705069124424 0.329301075268817 23.5818296721593 3 -1 1 
0 1090 9.4 21 0.456129032258065 0.463709677419355 33.7062770598304 2 1 -1 
1 1100 8.2 20 0.386730205278592 0.292338709677419 30.3191358715911 3 -1 1 
0 1100 9.4 21 0.521953405017921 0.524193548387097 26.7068474805743 2 1 -1 
1 1110 8.2 20 0.31160394265233 0.332661290322581 11.5974135047432 3 -1 1 
0 1110 9.4 21 0.500827129859388 0.575604838709677 22.7791695551023 2 1 -1 
1 1120 8.2 20 0.314516129032258 0.252688172043011 19.5735679901869 3 -1 1 
0 1120 9.4 21 0.541517323775388 0.671370967741936 10.8515719173075 2 1 -1 
1 1130 8.2 20 NaN 0.243279569892473 11.6544173173948 3 -1 1 
0 1130 9.4 21 0.59758064516129 0.618548387096774 30.8525915021114 2 1 -1 
1 1140 8.2 20 0.292114695340502 0.319556451612903 8.49983742930533 3 -1 1 
0 1140 9.4 21 0.504608294930876 0.594354838709677 28.3898824025941 2 1 -1 
1 1150 8.2 20 0.308064516129032 0.365927419354839 20.5243729130771 3 -1 1 
0 1150 9.4 21 0.539373814041746 0.561290322580645 8.64115328187389 2 1 -1 
1 1160 8.2 20 0.307603686635945 0.291666666666667 15.9777695486171 3 -2 1 
0 1160 9.4 22 0.599366359447005 0.647177419354839 5.96292789016651 2 2 -1 
1 1170 8.2 20 0.306989247311828 0.401209677419355 52.9336378124112 3 -2 1 
0 1170 9.4 22 0.549007444168734 0.577620967741936 27.1245527575511 2 2 -1 
1 1180 8.2 21 0.338709677419355 0.455645161290323 45.8619466862163 3 -1 1 
0 1180 9.4 22 0.53664095371669 0.461693548387097 48.8136297277303 2 1 -1 
1 1190 8.2 21 0.338709677419355 0.301075268817204 27.5682033271148 3 -1 1 
0 1190 9.4 22 0.564826302729529 0.449596774193548 40.8612470645192 2 1 -1 
1 1200 8.2 21 0.316628264208909 0.321236559139785 27.4576794323151 3 -1 1 
0 1200 9.4 22 0.481037489102005 0.411290322580645 34.0806813071979 2 1 -1 
1 1210 8.2 21 0.406182795698925 0.276209677419355 30.0689493458807 3 -1 1 
0 1210 9.4 22 0.480990783410138 0.60383064516129 16.1463108378738 2 1 -1 
1 1220 8.2 21 0.417493796526055 0.23991935483871 21.2255303621731 3 -1 1 
0 1220 9.4 22 0.5085904628331 0.537096774193548 40.2549911445081 2 1 -1 
1 1230 8.2 21 0.354528535980149 0.317540322580645 4.5787620401694 3 -1 1 
0 1230 9.4 22 0.460440278988666 0.548387096774194 36.9680343016568 2 1 -1 
1 1240 8.2 21 0.386921458625526 0.340725806451613 2.46445300362418 3 -1 1 
0 1240 9.4 22 0.45776740237691 0.536290322580645 19.6651945276164 2 1 -1 
1 1250 8.2 21 0.422043010752688 0.496975806451613 2.08606791728855 3 -1 1 
0 1250 9.4 22 0.481350806451613 0.425403225806452 20.2837682564339 2 1 -1 
1 1260 8.2 21 0.38741935483871 0.574596774193548 6.13435473672093 3 -1 1 
0 1260 9.4 22 0.411589008363202 0.415322580645161 26.1666145877901 2 1 -1 
1 1270 8.2 22 0.400633640552995 0.597782258064516 4.1895627772255 3 0 1 
0 1270 9.4 22 0.422113752122241 0.375 40.9294605054011 2 0 -1 
1 1280 8.2 22 0.449522102747909 0.606854838709677 2.14240566574185 3 0 1 
0 1280 9.4 22 0.462793255131965 0.390120967741936 30.7902434811016 2 0 -1 
1 1290 8.2 22 0.387694145758662 0.537903225806452 4.65708220981296 3 0 1 
0 1290 9.4 22 0.417626728110599 0.366935483870968 47.5912903741799 2 0 -1 
1 1300 8.2 22 0.412298387096774 0.582258064516129 12.6901769749273 3 0 1 
0 1300 9.4 22 0.429523141654979 0.42741935483871 43.4772898040714 2 0 -1 
1 1310 8.2 22 0.505865102639296 0.657258064516129 8.04837430051244 3 0 1 
0 1310 9.4 22 0.556239388794567 0.379032258064516 24.536982544217 2 0 -1 
1 1320 8.2 22 0.454053480475382 0.703629032258065 6.39834202423008 3 0 1 
0 1320 9.4 22 0.461170848267623 0.320564516129032 25.4500355389799 2 0 -1 
1 1330 8.2 22 0.457661290322581 0.725806451612903 8.68981384678312 3 -1 1 
0 1330 9.4 23 0.473185483870968 0.306451612903226 25.6395990277329 2 1 -1 
1 1340 8.2 22 0.519611436950147 0.570564516129032 27.9182114141976 3 -1 2 
0 1340 9.4 23 0.538978494623656 0.357862903225806 37.0126792533126 1 1 -2 
1 1350 8.2 22 0.425 0.516129032258065 21.3356541375853 3 -1 2 
0 1350 9.4 23 0.445698924731183 0.407258064516129 19.0181632456573 1 1 -2 
1 1360 8.2 22 0.475806451612903 0.380040322580645 32.3719127108815 3 -1 2 
0 1360 9.4 23 0.533826164874552 0.432258064516129 29.8753115668161 1 1 -2 
1 1370 8.2 22 0.595843672456576 0.376008064516129 11.8956741787091 3 -1 2 
0 1370 9.4 23 0.493111559139785 0.462903225806452 27.2687207969374 1 1 -2 
1 1380 8.2 22 0.42258064516129 0.440524193548387 19.6438234945875 3 -1 2 
0 1380 9.4 23 0.40440188172043 0.586290322580645 24.4181908344866 1 1 -2 
1 1390 8.2 22 0.432368035190616 0.347782258064516 10.0775272803158 3 -1 2 
0 1390 9.4 23 0.491599462365591 0.55241935483871 39.6772842546643 1 1 -2 
1 1400 8.2 23 0.478494623655914 0.279569892473118 2.69639879447074 3 0 2 
0 1400 9.4 23 0.537001897533207 0.618951612903226 36.7359592397718 1 0 -2 
1 1410 8.2 23 0.376881720430108 0.275201612903226 4.07467711736602 3 0 2 
0 1410 9.4 23 0.419930875576037 0.663978494623656 19.5551452229615 1 0 -2 
1 1420 8.2 23 0.427769985974755 0.267137096774194 14.7849225135537 3 0 2 
0 1420 9.4 23 0.417741935483871 0.48252688172043 49.9445660335981 1 0 -2 
1 1430 8.2 23 0.478709677419355 0.338709677419355 30.2768099270564 3 0 2 
0 1430 9.4 23 0.469422043010753 0.451612903225806 25.6021137397665 1 0 -2 
1 1440 8.2 23 0.470060483870968 0.385752688172043 32.0368962998691 3 0 2 
0 1440 9.4 23 0.357038123167155 0.452956989247312 23.3328492466864 1 0 -2 
1 1450 8.2 23 0.459245391705069 0.412634408602151 42.6697978107889 3 0 2 
0 1450 9.4 23 0.367831541218638 0.48252688172043 29.9908890477658 1 0 -2 
1 1460 8.2 23 0.532546082949309 0.347782258064516 46.535050745967 3 0 2 
0 1460 9.4 23 0.407795698924731 0.448924731182796 29.4399675802071 1 0 -2 
1 1470 8.2 23 0.478908188585608 0.391129032258065 37.5166881451591 3 0 2 
0 1470 9.4 23 0.361451612903226 0.311491935483871 47.9435778820559 1 0 -2 
1 1480 8.2 23 0.453255675029869 0.361895161290323 17.1856463254373 3 0 2 
0 1480 9.4 23 0.376075268817204 0.393548387096774 33.9723967248576 1 0 -2 
1 1490 8.2 23 0.508387096774194 0.460685483870968 25.6136877440743 3 0 2 
0 1490 9.4 23 0.414986559139785 0.394354838709677 20.7737822813298 1 0 -2 
1 1500 8.2 24 0.468876008064516 0.459677419354839 28.0824425021921 3 1 2 
0 1500 9.4 23 0.367903225806452 0.39758064516129 11.4355836032459 1 -1 -2 
1 1510 8.2 24 0.402822580645161 0.400537634408602 23.2845858715183 3 0 2 
0 1510 9.4 24 0.429985337243402 0.487096774193548 7.03801838017272 1 0 -2 
1 1520 8.2 24 0.432459677419355 0.379032258064516 24.1144765298273 3 0 2 
0 1520 9.4 24 0.463517665130568 0.569354838709677 15.5646041269685 1 0 -2 
1 1530 8.2 24 0.371143057503506 0.352822580645161 28.0107688335205 3 0 2 
0 1530 9.4 24 0.453110599078341 0.534677419354839 10.307684796199 1 0 -2 
1 1540 8.2 24 0.361391129032258 0.364247311827957 19.1305401551486 3 0 2 
0 1540 9.4 24 0.40581797235023 0.595161290322581 14.6678808654956 1 0 -2 
1 1550 8.2 24 0.3963133640553 0.377016129032258 22.3224340541004 3 0 2 
0 1550 9.4 24 0.526974416017797 0.542741935483871 23.0481349296353 1 0 -2 
1 1560 8.2 24 0.378456221198157 0.362903225806452 37.9236618077901 3 0 2 
0 1560 9.4 24 0.482358870967742 0.685483870967742 10.8446290308962 1 0 -2 
1 1570 8.2 24 0.452508960573477 0.309475806451613 34.7082488724621 3 0 2 
0 1570 9.4 24 0.469926075268817 0.674731182795699 13.5635749963917 1 0 -2 
1 1580 8.2 24 0.509962049335863 0.365927419354839 31.5550318491998 3 0 2 
0 1580 9.4 24 0.503136200716846 0.540322580645161 10.0462496829495 1 0 -2 
1 1590 8.2 24 0.480205278592375 0.345766129032258 17.6117504325657 3 0 2 
0 1590 9.4 24 0.435035842293907 0.536290322580645 24.5181317223164 1 0 -2 
1 1600 8.2 24 0.439814814814815 0.446572580645161 21.0225391081116 3 0 2 
0 1600 9.4 24 0.433312655086849 0.42741935483871 25.831182706179 1 0 -2 
1 1610 8.2 24 0.491215437788018 0.485887096774194 9.79361857790729 3 0 2 
0 1610 9.4 24 0.511693548387097 0.377016129032258 27.7218325512582 1 0 -2 
1 1620 8.2 24 0.448535653650255 0.488911290322581 11.3405461045007 3 0 2 
0 1620 9.4 24 0.349846390168971 0.287634408602151 26.6949208265767 1 0 -2 
1 1630 8.2 24 0.441222084367246 0.498655913978495 15.1507019140414 3 0 2 
0 1630 9.4 24 0.395766129032258 0.29133064516129 23.3698121010044 1 0 -2 
1 1640 8.2 24 0.524503722084367 0.509072580645161 5.23576232990704 3 0 2 
0 1640 9.4 24 0.425509337860781 0.442204301075269 2.27737386144265 1 0 -2 
1 1650 8.2 24 0.476209677419355 0.566532258064516 10.1906766962979 3 0 2 
0 1650 9.4 24 0.358294930875576 0.418346774193548 11.5570714949638 1 0 -2 
1 1660 8.2 24 0.525806451612903 0.450604838709677 47.9513693272339 3 0 2 
0 1660 9.4 24 0.364247311827957 0.380040322580645 8.38190615320654 1 0 -2 
1 1670 8.2 25 0.644924098671727 0.517137096774194 38.7855185799163 3 0 2 
0 1670 9.4 25 0.373387096774194 0.36491935483871 7.23237843390879 1 0 -2 
1 1680 8.2 25 0.600479511769834 0.587365591397849 19.8180933016044 3 0 2 
0 1680 9.4 25 0.320967741935484 0.294354838709677 10.6061048676189 1 0 -2 
1 1690 8.2 25 0.62591642228739 0.693548387096774 9.52476401072317 3 0 2 
0 1690 9.4 25 0.38239247311828 0.349798387096774 41.9693287571317 1 0 -2 
1 1700 8.2 25 0.748655913978495 0.638104838709677 61.5574303251442 3 0 2 
0 1700 9.4 25 0.38239247311828 0.270161290322581 37.0674028801505 1 0 -2 
1 1710 8.2 25 0.65255376344086 0.808467741935484 1.5 3 0 2 
0 1710 9.4 25 0.258064516129032 0.188172043010753 2.72933687901775 1 0 -2 
