1 30 9 1 NaN 0.2640625 15.1710071115503 4 0 4 
0 30 8.4 1 NaN 0.234375 16.0507112800475 0 0 -4 
1 40 9 1 0.39453125 0.3109375 19.0484186997233 4 0 4 
0 40 8.4 1 0.36328125 0.2796875 15.0527902143619 0 0 -4 
1 50 9 1 0.435014204545455 0.3921875 35.9789518422821 4 0 4 
0 50 8.4 1 0.366927083333333 0.325 16.5085076352495 0 0 -4 
1 60 9 1 0.453480113636364 0.4953125 38.0935969902802 4 0 4 
0 60 8.4 1 0.454210069444444 0.44609375 22.2585046414514 0 0 -4 
1 70 9 1 0.533547794117647 0.513671875 51.5305192073748 4 0 4 
0 70 8.4 1 0.481026785714286 0.47890625 23.4461874385233 0 0 -4 
1 80 9 1 0.528211805555556 0.46953125 52.2810077493322 4 0 4 
0 80 8.4 1 0.431510416666667 0.47578125 25.4199788769525 0 0 -4 
1 90 9 1 0.50732421875 0.446875 38.4367989327488 4 -1 4 
0 90 8.4 2 0.436197916666667 0.46875 24.2900155358372 0 1 -4 
1 100 9 2 0.498480902777778 0.44765625 30.8971796306531 4 0 4 
0 100 8.4 2 0.46875 0.4703125 23.8893562122539 0 0 -4 
1 110 9 2 0.464432565789474 0.478125 35.5569140722549 4 0 4 
0 110 8.4 2 0.445845170454545 0.46875 22.4756679577304 0 0 -4 
1 120 9 2 0.478091032608696 0.48046875 33.1157527103487 4 0 4 
0 120 8.4 2 0.454733455882353 0.46484375 22.5915740216793 0 0 -4 
1 130 9 2 0.479936079545455 0.490625 30.5949894794785 4 -1 4 
0 130 8.4 3 0.410456730769231 0.47109375 24.2273965955409 0 1 -4 
1 140 9 3 0.473524305555556 0.50703125 18.4760099792288 4 0 4 
0 140 8.4 3 0.4090625 0.4546875 17.368023882292 0 0 -4 
1 150 9 3 0.505022321428571 0.49140625 7.0094263200047 4 0 4 
0 150 8.4 3 0.43798828125 0.4484375 14.035008989406 0 0 -4 
1 160 9 3 0.475911458333333 0.51171875 6.26924048829076 4 0 4 
0 160 8.4 3 0.427139945652174 0.43125 6.37989596557274 0 0 -4 
1 170 9 3 0.471628289473684 0.49921875 3.23514859355689 4 0 4 
0 170 8.4 3 0.413927801724138 0.453125 9.25486342392694 0 0 -4 
1 180 9 4 0.497265625 0.4203125 32.8805201050186 4 0 4 
0 180 8.4 4 0.449435763888889 0.4599609375 6.67443294548275 0 0 -4 
1 190 9 4 0.503038194444444 0.40390625 28.7848234958628 4 0 4 
0 190 8.4 4 0.495271381578947 0.3859375 33.1794885050844 0 0 -4 
1 200 9 4 0.511439732142857 0.465625 33.0285378271316 4 0 4 
0 200 8.4 4 0.459821428571429 0.46015625 31.5928062404273 0 0 -4 
1 210 9 4 0.486002604166667 0.47890625 31.1453983427541 4 0 4 
0 210 8.4 4 0.434895833333333 0.48046875 33.6894262768705 0 0 -4 
1 220 9 5 0.501065340909091 0.4734375 32.9725763836046 4 0 4 
0 220 8.4 5 0.486328125 0.47421875 33.7251807144928 0 0 -4 
1 230 9 5 0.471277573529412 0.46484375 31.0093405847282 4 0 4 
0 230 8.4 5 0.450137867647059 0.49296875 35.108778760472 0 0 -4 
1 240 9 5 0.48291015625 0.48046875 31.9231936586374 4 0 4 
0 240 8.4 5 0.450706845238095 0.4625 33.4687574048126 0 0 -4 
1 250 9 6 0.498401988636364 0.5140625 35.0297180615323 4 0 4 
0 250 8.4 6 0.422044836956522 0.45546875 32.9820444988162 0 0 -4 
1 260 9 6 0.4787109375 0.52109375 37.9878619036377 4 0 4 
0 260 8.4 6 0.40336277173913 0.4546875 33.1401553913872 0 0 -4 
1 270 9 6 0.498883928571429 0.4796875 33.3678354104257 4 0 4 
0 270 8.4 6 0.456112132352941 0.46484375 34.5163912061289 0 0 -4 
1 280 9 6 0.479383680555556 0.43359375 32.4371487931623 4 0 4 
0 280 8.4 6 0.4849609375 0.46875 26.9222144143275 0 0 -4 
1 290 9 6 0.423650568181818 0.415625 32.564324709362 4 -1 4 
0 290 8.4 7 0.443080357142857 0.49921875 35.6173687296606 0 1 -4 
1 300 9 6 0.452566964285714 0.47109375 16.9189601651651 4 -1 4 
0 300 8.4 7 0.446533203125 0.48125 28.6838849504626 0 1 -4 
1 310 9 7 0.488560267857143 0.46484375 13.0817054668677 4 0 4 
0 310 8.4 7 0.485576923076923 0.46796875 15.5227411649712 0 0 -4 
1 320 9 7 0.488560267857143 0.49921875 4.86142973753675 4 0 4 
0 320 8.4 7 0.4427734375 0.49375 5.80372338560115 0 0 -4 
1 330 9 7 0.50546875 0.4765625 12.6875206306128 4 0 4 
0 330 8.4 7 0.446614583333333 0.48359375 6.43897326174796 0 0 -4 
1 340 9 7 0.478338068181818 0.45703125 7.57628169383663 4 0 4 
0 340 8.4 7 0.502038043478261 0.4796875 8.11301039159558 0 0 -4 
1 350 9 7 0.444623161764706 0.46953125 34.0695620247186 4 0 4 
0 350 8.4 7 0.469661458333333 0.49609375 27.2394991855146 0 0 -4 
1 360 9 7 0.448404947916667 0.4375 34.9372577921197 4 -1 4 
0 360 8.4 8 0.470189144736842 0.521875 35.5295244685937 0 1 -4 
1 370 9 7 0.454427083333333 0.45703125 30.5038251092669 4 -1 4 
0 370 8.4 8 0.496310763888889 0.490625 32.9386952461467 0 1 -4 
1 380 9 8 0.436298076923077 0.45390625 25.2431165670427 4 0 4 
0 380 8.4 8 0.446614583333333 0.4921875 39.0772811696097 0 0 -4 
1 390 9 8 0.46728515625 0.4875 36.2510785734661 4 -1 4 
0 390 8.4 9 0.471354166666667 0.4716796875 35.4024852210921 0 1 -4 
1 400 9 8 0.488790760869565 0.48671875 32.3677682730071 4 -1 4 
0 400 8.4 9 0.439732142857143 0.50390625 26.2619544613482 0 1 -4 
1 410 9 9 0.477376302083333 0.46171875 37.8526908516981 4 0 4 
0 410 8.4 9 0.421195652173913 0.41953125 40.7899824384071 0 0 -4 
1 420 9 9 0.489322916666667 0.490625 37.2006641387667 4 0 4 
0 420 8.4 9 0.463541666666667 0.4078125 40.6635842009475 0 0 -4 
1 430 9 9 0.510074013157895 0.490625 38.2271343044563 4 0 4 
0 430 8.4 9 0.49169921875 0.4375 38.8667505344847 0 0 -4 
1 440 9 9 0.505208333333333 0.47421875 34.7185236983599 4 0 4 
0 440 8.4 9 0.44970703125 0.44765625 36.978291990067 0 0 -4 
1 450 9 9 0.488692434210526 0.46328125 22.7935950539781 4 0 4 
0 450 8.4 9 0.422154017857143 0.4796875 36.6320160269961 0 0 -4 
1 460 9 9 0.514539930555556 0.44921875 10.8726565112423 4 -1 4 
0 460 8.4 10 0.471833881578947 0.509375 16.5680277324198 0 1 -4 
1 470 9 10 0.4712890625 0.42421875 6.82574572492438 4 0 4 
0 470 8.4 10 0.442608173076923 0.540625 5.64008114567331 0 0 -4 
1 480 9 10 0.462890625 0.403125 14.1882449521736 4 0 4 
0 480 8.4 10 0.4365234375 0.5734375 10.9184517473085 0 0 -4 
1 490 9 10 0.482177734375 0.3984375 9.57942108453136 4 0 4 
0 490 8.4 10 0.426192434210526 0.564453125 9.63306497033683 0 0 -4 
1 500 9 10 0.468338815789474 0.3984375 8.86176388937741 4 0 4 
0 500 8.4 10 0.409254807692308 0.576171875 6.29669033140619 0 0 -4 
1 510 9 10 0.493489583333333 0.4326171875 9.12542205597502 4 0 4 
0 510 8.4 10 0.440290178571429 0.5810546875 6.33319623810377 0 0 -4 
1 520 9 10 0.48828125 0.33359375 24.5405644223837 4 0 4 
0 520 8.4 10 0.443359375 0.459375 34.2979512420735 0 0 -4 
1 530 9 10 0.45078125 0.388671875 11.3101450459243 4 -1 4 
0 530 8.4 11 0.425277217741936 0.49296875 27.2112050171985 0 1 -4 
1 540 9 10 0.448190789473684 0.4130859375 2.95909115273744 4 -1 4 
0 540 8.4 11 0.473177083333333 0.5125 12.9705204940545 0 1 -4 
1 550 9 11 0.47890625 0.40234375 3.36191523648861 4 0 4 
0 550 8.4 11 0.523643092105263 0.53515625 4.55242839779724 0 0 -4 
1 560 9 11 0.47890625 0.3671875 20.6076105989985 4 0 4 
0 560 8.4 11 0.48046875 0.525390625 6.67083203206317 0 0 -4 
1 570 9 11 0.451009114583333 0.32890625 33.9589730530832 4 0 4 
0 570 8.4 11 0.532552083333333 0.431640625 12.5 0 0 -4 
1 580 9 11 0.457403273809524 0.33671875 40.6996777037112 4 0 4 
0 580 8.4 11 0.566034226190476 0.2978515625 39.7060596277206 0 0 -4 
1 590 9 12 0.45890625 0.4140625 33.8560056593656 4 1 4 
0 590 8.4 11 0.5068359375 0.29140625 33.6963588635872 0 -1 -4 
1 600 9 12 0.44921875 0.4546875 30.1353492602284 4 1 4 
0 600 8.4 11 0.447840073529412 0.4125 24.1818044630945 0 -1 -4 
1 610 9 12 0.44775390625 0.453125 23.8044068035636 4 1 4 
0 610 8.4 11 0.470189144736842 0.50234375 20.4590441331932 0 -1 -4 
1 620 9 12 0.446614583333333 0.48203125 16.2285143181386 4 1 4 
0 620 8.4 11 0.434401939655172 0.4671875 19.170376496476 0 -1 -4 
1 630 9 12 0.477734375 0.47890625 31.4609171296442 4 0 4 
0 630 8.4 12 0.452392578125 0.46484375 22.5085326916638 0 0 -4 
1 640 9 12 0.470865885416667 0.459375 31.7054677013496 4 0 4 
0 640 8.4 12 0.4765625 0.49765625 21.3569509939566 0 0 -4 
1 650 9 13 0.434988839285714 0.471875 24.456155307183 4 1 4 
0 650 8.4 12 0.445182291666667 0.51953125 24.3026798139817 0 -1 -4 
1 660 9 13 0.452880859375 0.42734375 23.811885212364 4 1 4 
0 660 8.4 12 0.459418402777778 0.4984375 26.3018247495006 0 -1 -4 
1 670 9 13 0.48046875 0.46640625 26.6372573059254 4 1 4 
0 670 8.4 12 0.471614583333333 0.47734375 23.6915574977575 0 -1 -4 
1 680 9 13 0.479631696428571 0.50546875 26.6905857405305 4 1 4 
0 680 8.4 12 0.446397569444444 0.4599609375 25.2591478603246 0 -1 -4 
1 690 9 14 0.521484375 0.51640625 28.6073284176756 4 1 4 
0 690 8.4 13 0.439453125 0.354166666666667 48.4027952416489 0 -1 -4 
1 700 9 14 0.511979166666667 0.51875 25.317706451442 4 1 4 
0 700 8.4 13 0.454427083333333 0.338541666666667 39.1667422192831 0 -1 -4 
1 710 9 14 0.470238095238095 0.525 16.2175412577639 4 1 4 
0 710 8.4 13 0.440569196428571 0.326171875 31.0249932512817 0 -1 -4 
1 720 9 14 0.4778125 0.49453125 21.2755328349658 4 1 4 
0 720 8.4 13 0.458984375 0.35703125 36.2336062829135 0 -1 -4 
1 730 9 14 0.499813988095238 0.4853515625 34.0002769938966 4 1 4 
0 730 8.4 13 0.451256793478261 0.44296875 29.4843233841895 0 -1 -4 
1 740 9 14 0.469447544642857 0.4677734375 39.7374610070853 4 0 4 
0 740 8.4 14 0.419566761363636 0.5328125 33.4135938259865 0 0 -4 
1 750 9 14 0.484188988095238 0.4677734375 40.8978923554935 4 0 4 
0 750 8.4 14 0.458203125 0.56171875 35.6875454847395 0 0 -4 
1 760 9 15 0.525568181818182 0.4228515625 34.6686736286255 4 1 4 
0 760 8.4 14 0.50634765625 0.57265625 33.6180260471222 0 -1 -4 
1 770 9 15 0.465104166666667 0.33984375 36.1092304177419 4 1 4 
0 770 8.4 14 0.434103260869565 0.53984375 24.9042508393879 0 -1 -4 
1 780 9 15 0.448567708333333 0.3234375 29.3525220084264 4 1 4 
0 780 8.4 14 0.447779605263158 0.58515625 29.4642974211626 0 -1 -4 
1 790 9 15 0.469029017857143 0.34765625 28.2070541397393 4 1 4 
0 790 8.4 14 0.564002403846154 0.6203125 31.746644012665 0 -1 -4 
1 800 9 15 0.467247596153846 0.3515625 29.1877226233911 4 0 4 
0 800 8.4 15 0.496299342105263 0.61640625 30.5955339969316 0 0 -4 
1 810 9 15 0.451388888888889 0.36484375 30.3028550638892 4 0 4 
0 810 8.4 15 0.454799107142857 0.55859375 27.6749943597678 0 0 -4 
1 820 9 15 0.456640625 0.361328125 24.0218382540049 4 0 4 
0 820 8.4 15 0.555098684210526 0.50703125 16.8502159293677 0 0 -4 
1 830 9 16 0.411458333333333 0.3544921875 22.2946344337243 4 1 4 
0 830 8.4 15 0.503455528846154 0.5453125 8.15094598138733 0 -1 -4 
1 840 9 16 0.385485197368421 0.3671875 12.2843398436416 4 1 4 
0 840 8.4 15 0.52836277173913 0.584375 12.6660828544745 0 -1 -4 
1 850 9 16 0.405101102941177 0.337890625 14.1347782402579 4 1 4 
0 850 8.4 15 0.518851902173913 0.5640625 7.9488403209695 0 -1 -4 
1 860 9 16 0.399126838235294 0.36015625 27.5430320394389 4 0 4 
0 860 8.4 16 0.478578629032258 0.52578125 19.8601282553342 0 0 -4 
1 870 9 16 0.470805921052632 0.390625 32.3367450997139 4 0 4 
0 870 8.4 16 0.4638671875 0.51640625 15.6924431345521 0 0 -4 
1 880 9 16 0.5068359375 0.4390625 31.3952120515277 4 0 4 
0 880 8.4 16 0.466666666666667 0.5125 6.39805175092733 0 0 -4 
1 890 9 16 0.486979166666667 0.47578125 20.1759217862002 4 0 4 
0 890 8.4 16 0.41748046875 0.45859375 7.38288649902004 0 0 -4 
1 900 9 17 0.509410511363636 0.484375 18.7723966340532 4 1 4 
0 900 8.4 16 0.369791666666667 0.42265625 7.56157299278069 0 -1 -4 
1 910 9 17 0.560112847222222 0.48515625 28.539530539816 4 1 4 
0 910 8.4 16 0.474739583333333 0.46875 22.6235567621336 0 -1 -4 
1 920 9 17 0.56171875 0.471875 33.7870818672421 4 1 4 
0 920 8.4 16 0.448190789473684 0.4599609375 37.5204481000357 0 -1 -4 
1 930 9 17 0.454799107142857 0.528125 36.366160875393 4 1 4 
0 930 8.4 16 0.454520089285714 0.4375 47.0643099766934 0 -1 -4 
1 940 9 17 0.545479910714286 0.5203125 39.5576774521491 4 1 4 
0 940 8.4 16 0.502511160714286 0.430989583333333 33.7309841150574 0 -1 -4 
1 950 9 18 0.49516369047619 0.53515625 31.6463728770143 4 1 4 
0 950 8.4 17 0.453814338235294 0.41015625 12.1008953242501 0 -1 -4 
1 960 9 18 0.457261029411765 0.428125 44.2851686975588 4 1 4 
0 960 8.4 17 0.418817934782609 0.423177083333333 7.57575808018018 0 -1 -4 
1 970 9 18 0.4833984375 0.45390625 39.7472523633902 4 1 4 
0 970 8.4 17 0.425223214285714 0.3603515625 35.7094050034272 0 -1 -4 
1 980 9 18 0.4546875 0.471875 32.4689568119482 4 1 4 
0 980 8.4 17 0.402698863636364 0.3408203125 37.5336801524169 0 -1 -4 
1 990 9 18 0.532552083333333 0.515625 37.5456044493952 4 1 4 
0 990 8.4 17 0.436631944444444 0.3583984375 24.207448184228 0 -1 -4 
1 1000 9 19 0.559895833333333 0.49765625 28.9780054013585 4 2 4 
0 1000 8.4 17 0.443576388888889 0.435546875 18.6655106286958 0 -2 -4 
1 1010 9 19 0.507068452380952 0.5125 30.6616780439325 4 2 4 
0 1010 8.4 17 0.409986413043478 0.4296875 6.54950975679639 0 -2 -4 
1 1020 9 19 0.493421052631579 0.5390625 31.4847444911911 4 2 4 
0 1020 8.4 17 0.41015625 0.423828125 6.36396103067893 0 -2 -4 
1 1030 9 19 0.569921875 0.5185546875 33.2800135858259 4 1 4 
0 1030 8.4 18 0.384548611111111 0.39453125 49.8019718144926 0 -1 -4 
1 1040 9 19 0.580729166666667 0.525390625 34.5356025479969 4 1 4 
0 1040 8.4 18 0.400948660714286 0.403645833333333 36.0870331530272 0 -1 -4 
1 1050 9 20 0.536358173076923 0.5234375 26.1887928357284 4 2 4 
0 1050 8.4 18 0.403087797619048 0.348958333333333 12.0765917954426 0 -2 -4 
1 1060 9 20 0.539713541666667 0.447265625 44.48168074273 4 2 4 
0 1060 8.4 18 0.455180921052632 0.377604166666667 25.0895918770605 0 -2 -4 
1 1070 9 20 0.493359375 0.4287109375 39.7218563047402 4 2 4 
0 1070 8.4 18 0.455946180555556 0.3837890625 44.3252379190073 0 -2 -4 
1 1080 9 20 0.489676339285714 0.44765625 46.4161733368993 4 2 4 
0 1080 8.4 18 0.419921875 0.33125 43.9802904164614 0 -2 -4 
1 1090 9 20 0.528952205882353 0.45859375 38.6581820243519 4 2 4 
0 1090 8.4 18 0.420247395833333 0.43671875 21.8907813708556 0 -2 -4 
1 1100 9 20 0.503348214285714 0.4892578125 35.6710586806922 4 1 4 
0 1100 8.4 19 0.41796875 0.5046875 3.9615167455523 0 -1 -4 
1 1110 9 20 0.53515625 0.40234375 24.32712987848 4 1 4 
0 1110 8.4 19 0.426700367647059 0.5640625 7.47299732862561 0 -1 -4 
1 1120 9 20 0.542613636363636 0.4150390625 12.9439191672516 4 1 4 
0 1120 8.4 19 0.418805803571429 0.55234375 9.68536964698772 0 -1 -4 
1 1130 9 20 0.479048295454545 0.3974609375 9.56899708915275 4 1 4 
0 1130 8.4 19 0.395670572916667 0.6015625 9.06706158764038 0 -1 -4 
1 1140 9 20 0.465060763888889 0.403645833333333 12.5098573523332 4 1 4 
0 1140 8.4 19 0.40234375 0.590625 9.91493378629981 0 -1 -4 
1 1150 9 20 0.5265625 0.3515625 14.8161494383921 4 1 4 
0 1150 8.4 19 0.4609375 0.53203125 7.06660320117268 0 -1 -4 
1 1160 9 20 0.530691964285714 0.485677083333333 8.89988173726057 4 1 4 
0 1160 8.4 19 0.41875 0.475 14.3765649218129 0 -1 -4 
1 1170 9 20 0.526988636363636 0.486979166666667 4.77374202307726 4 1 4 
0 1170 8.4 19 0.428248355263158 0.462239583333333 8.80811458479442 0 -1 -4 
1 1180 9 21 0.507279829545455 0.518229166666667 7.4850928429195 4 1 4 
0 1180 8.4 20 0.462993421052632 0.43359375 18.3776098712214 0 -1 -4 
1 1190 9 21 0.484375 0.439453125 47.3182850806663 4 1 4 
0 1190 8.4 20 0.440755208333333 0.4296875 36.5067556089263 0 -1 -4 
1 1200 9 21 0.461626838235294 0.446875 52.6310690686937 4 1 4 
0 1200 8.4 20 0.452845982142857 0.375 39.8671755555866 0 -1 -4 
1 1210 9 21 0.513786764705882 0.4328125 41.437837458274 4 1 4 
0 1210 8.4 20 0.446231617647059 0.282552083333333 44.570250726622 0 -1 -4 
1 1220 9 21 0.478600543478261 0.4765625 23.7986585841351 4 1 4 
0 1220 8.4 20 0.409405048076923 0.424479166666667 32.3099226472571 0 -1 -4 
1 1230 9 21 0.53125 0.56484375 24.8507008921116 4 1 4 
0 1230 8.4 20 0.405970982142857 0.2984375 42.1083663032223 0 -1 -4 
1 1240 9 21 0.557291666666667 0.559375 25.3683537710996 4 1 4 
0 1240 8.4 20 0.419034090909091 0.34375 25.6524059019735 0 -1 -4 
1 1250 9 21 0.50171875 0.546875 19.4809163406345 4 1 4 
0 1250 8.4 20 0.384895833333333 0.41875 8.23939655029857 0 -1 -4 
1 1260 9 21 0.48359375 0.4833984375 8.22671878671369 4 1 4 
0 1260 8.4 20 0.3828125 0.5015625 2.62495416887094 0 -1 -4 
1 1270 9 21 0.551983173076923 0.384114583333333 7.55936715623388 4 1 4 
0 1270 8.4 20 0.465277777777778 0.540625 9.01291591089385 0 -1 -4 
1 1280 9 21 0.533935546875 0.4453125 6.13075356208641 4 0 4 
0 1280 8.4 21 0.419211647727273 0.50703125 17.0680911131082 0 0 -4 
1 1290 9 21 0.518798828125 0.479166666666667 5.50093641626262 4 0 4 
0 1290 8.4 21 0.4265625 0.51875 26.0033779188193 0 0 -4 
1 1300 9 21 0.530989583333333 0.451822916666667 4.3757306777621 4 0 4 
0 1300 8.4 21 0.453125 0.5234375 22.2993048739758 0 0 -4 
1 1310 9 21 0.4876953125 0.424479166666667 1.84990118229706 4 0 4 
0 1310 8.4 21 0.415251358695652 0.50546875 17.4227716413162 0 0 -4 
1 1320 9 21 0.454545454545455 0.365234375 30.1543023895998 4 0 4 
0 1320 8.4 21 0.419771634615385 0.4921875 15.3778195488172 0 0 -4 
1 1330 9 22 0.492542613636364 0.4365234375 13.8480715439801 4 1 4 
0 1330 8.4 21 0.477241847826087 0.4931640625 12.888298831609 0 -1 -4 
1 1340 9 22 0.457950367647059 0.44375 27.1567420062996 4 1 4 
0 1340 8.4 21 0.431936553030303 0.4453125 13.1032289165702 0 -1 -4 
1 1350 9 22 0.462357954545455 0.48828125 9.96393042590112 4 1 4 
0 1350 8.4 21 0.435971467391304 0.4375 13.2829629517711 0 -1 -4 
1 1360 9 22 0.516710069444444 0.51796875 18.1448212050095 4 1 4 
0 1360 8.4 21 0.477095170454545 0.4091796875 14.5117226663626 0 -1 -4 
1 1370 9 22 0.485 0.51015625 9.85302614099093 4 1 4 
0 1370 8.4 21 0.445851293103448 0.4091796875 8.31156954305714 0 -1 -4 
1 1380 9 22 0.498139880952381 0.53359375 12.6735781218908 4 1 4 
0 1380 8.4 21 0.364397321428571 0.4208984375 8.46843950895864 0 -1 -4 
1 1390 9 22 0.55796875 0.56640625 7.29717688772081 4 1 4 
0 1390 8.4 21 0.4130859375 0.3109375 26.4175819780321 0 -1 -4 
1 1400 9 22 0.55796875 0.5640625 2.83026938973681 4 1 4 
0 1400 8.4 21 0.388454861111111 0.3447265625 25.0248665688995 0 -1 -4 
1 1410 9 22 0.58740234375 0.60859375 7.60711662468255 4 1 4 
0 1410 8.4 21 0.376953125 0.380859375 25.2139245187651 0 -1 -4 
1 1420 9 22 0.59234375 0.653125 17.1980667855029 4 1 4 
0 1420 8.4 21 0.353515625 0.375 32.8205940562574 0 -1 -4 
1 1430 9 22 0.549072265625 0.6140625 22.9196767885167 4 1 4 
0 1430 8.4 21 0.37890625 0.330078125 28.2372093745227 0 -1 -4 
1 1440 9 23 0.55546875 0.5953125 12.2596141903538 4 2 4 
0 1440 8.4 21 0.349724264705882 0.271484375 13.2003787824441 0 -2 -4 
1 1450 9 23 0.5517578125 0.61953125 8.38214088895205 4 2 4 
0 1450 8.4 21 0.37578125 0.32421875 0 0 -2 -4 
1 1460 9 23 0.537464488636364 0.5703125 9.9341740797818 4 2 4 
0 1460 8.4 21 0.374310661764706 0.33984375 0 0 -2 -4 
1 1470 9 23 0.650505514705882 0.59296875 23.1462530061578 4 2 4 
0 1470 8.4 21 0.350694444444444 0.251953125 30.6022874961987 0 -2 -4 
1 1480 9 23 0.638849431818182 0.59921875 25.9537134873343 4 2 4 
0 1480 8.4 21 0.372767857142857 0.265625 0 0 -2 -4 
1 1490 9 23 0.588092672413793 0.58828125 21.5955738824624 4 2 4 
0 1490 8.4 21 0.36083984375 0.3046875 0 0 -2 -4 
1 1500 9 23 0.556295955882353 0.55078125 40.2454887884915 4 1 4 
0 1500 8.4 22 0.337646484375 0.30859375 0 0 -1 -4 
1 1510 9 23 0.6162109375 0.5484375 37.9276876351453 4 1 4 
0 1510 8.4 22 0.40234375 0.1904296875 23.1331111521207 0 -1 -4 
1 1520 9 23 0.587357954545455 0.59140625 25.3378938031805 4 1 4 
0 1520 8.4 22 0.390066964285714 0.236328125 26.0714115164241 0 -1 -4 
1 1530 9 23 0.65234375 0.64296875 16.4673733269339 4 1 4 
0 1530 8.4 22 0.315172697368421 0.3193359375 22.3494131624218 0 -1 -4 
