1 30 8.6 1 NaN 0.2431640625 21.3261415794994 3 0 0 
0 30 8.2 1 NaN 0.157552083333333 4.51750946454077 3 0 0 
1 40 8.6 1 NaN 0.2859375 26.2718535112352 3 0 0 
0 40 8.2 1 NaN 0.1640625 9.54626624875097 3 0 0 
1 50 8.6 1 0.36328125 0.34609375 31.2386828663715 3 0 0 
0 50 8.2 1 0.39453125 0.24921875 26.6349586583887 3 0 0 
1 60 8.6 1 0.36328125 0.4515625 38.293044901472 3 0 0 
0 60 8.2 1 0.39453125 0.36328125 41.2251957825628 3 0 0 
1 70 8.6 1 0.381138392857143 0.4953125 34.2718807796052 3 0 0 
0 70 8.2 1 0.416015625 0.44140625 41.9633345248317 3 0 0 
1 80 8.6 1 0.463053385416667 0.46640625 39.093457465406 3 0 0 
0 80 8.2 1 0.491365131578947 0.453125 54.4980409409273 3 0 0 
1 90 8.6 1 0.404947916666667 0.40234375 47.729134115945 3 0 0 
0 90 8.2 1 0.4184375 0.41171875 59.4575178830872 3 0 0 
1 100 8.6 2 0.400815217391304 0.5 37.1754854004886 3 1 0 
0 100 8.2 1 0.4025390625 0.4390625 41.7947917313641 3 -1 0 
1 110 8.6 2 0.45515625 0.466796875 28.8684602136802 3 0 0 
0 110 8.2 2 0.4861328125 0.46328125 40.9168275061646 3 0 0 
1 120 8.6 2 0.405115927419355 0.4326171875 31.3135164378008 3 0 0 
0 120 8.2 2 0.422572544642857 0.4953125 36.1106567910094 3 0 0 
1 130 8.6 2 0.392832880434783 0.4423828125 30.6497422072461 3 0 0 
0 130 8.2 2 0.436848958333333 0.4734375 36.92864356163 3 0 0 
1 140 8.6 3 0.444010416666667 0.39765625 48.706056340702 3 0 0 
0 140 8.2 3 0.505394345238095 0.4736328125 43.7801736724599 3 0 0 
1 150 8.6 3 0.415956439393939 0.4125 51.7068334180172 3 0 0 
0 150 8.2 3 0.41064453125 0.45 36.9538207343859 3 0 0 
1 160 8.6 3 0.412016369047619 0.38671875 30.9467558456236 3 0 0 
0 160 8.2 3 0.39453125 0.5068359375 40.0181052517609 3 0 0 
1 170 8.6 3 0.465169270833333 0.4359375 23.8822216721383 3 0 0 
0 170 8.2 3 0.4984375 0.45546875 40.9002454392955 3 0 0 
1 180 8.6 4 0.387169471153846 0.43671875 25.1769063737234 3 0 0 
0 180 8.2 4 0.441796875 0.4208984375 48.563207697946 3 0 0 
1 190 8.6 4 0.39453125 0.4765625 18.259790784495 3 0 0 
0 190 8.2 4 0.432552083333333 0.4734375 38.7559484812912 3 0 0 
1 200 8.6 4 0.46875 0.4828125 14.8286079877037 3 0 0 
0 200 8.2 4 0.496363146551724 0.49140625 30.6458461708428 3 0 0 
1 210 8.6 4 0.369318181818182 0.5015625 14.33941827823 3 -1 0 
0 210 8.2 5 0.475334821428571 0.4521484375 22.0314539142196 3 1 0 
1 220 8.6 5 0.375 0.50234375 10.0413545592273 3 0 0 
0 220 8.2 5 0.424538352272727 0.45546875 24.3094444305288 3 0 0 
1 230 8.6 5 0.449048913043478 0.4609375 16.325139127631 3 0 0 
0 230 8.2 5 0.498914930555556 0.517578125 34.1627291592018 3 0 0 
1 240 8.6 5 0.40552662037037 0.45625 37.1364560733341 3 0 0 
0 240 8.2 5 0.406960227272727 0.49921875 38.6609087704858 3 0 0 
1 250 8.6 5 0.400111607142857 0.46640625 32.7709597293571 3 -1 0 
0 250 8.2 6 0.412194293478261 0.5296875 36.3315447877045 3 1 0 
1 260 8.6 6 0.444010416666667 0.479166666666667 36.4980033325045 3 0 0 
0 260 8.2 6 0.4953125 0.51640625 35.1125672728378 3 0 0 
1 270 8.6 6 0.386881510416667 0.44140625 33.9039024677225 3 0 0 
0 270 8.2 6 0.430338541666667 0.4703125 33.2187453536678 3 0 0 
1 280 8.6 6 0.366981907894737 0.369140625 42.1548543278887 3 0 0 
0 280 8.2 6 0.42953125 0.4671875 31.5749715730267 3 0 0 
1 290 8.6 6 0.453311011904762 0.3234375 47.5161033528479 3 -1 0 
0 290 8.2 7 0.499421296296296 0.48203125 33.7457771395552 3 1 0 
1 300 8.6 6 0.387661637931034 0.44296875 37.8846057501461 3 -1 0 
0 300 8.2 7 0.449793198529412 0.4 33.721781562356 3 1 0 
1 310 8.6 6 0.3779296875 0.44140625 35.3999184023792 3 -1 0 
0 310 8.2 7 0.43078125 0.4 44.4013867992584 3 1 0 
1 320 8.6 7 0.43115234375 0.4296875 39.8513575487414 3 0 0 
0 320 8.2 7 0.49140625 0.44921875 32.5719203553932 3 0 0 
1 330 8.6 7 0.40703125 0.4296875 43.6775293835366 3 0 0 
0 330 8.2 7 0.440328663793103 0.50546875 36.2637250869502 3 0 0 
1 340 8.6 7 0.424082880434783 0.39453125 33.4694515795576 3 -1 0 
0 340 8.2 8 0.42236328125 0.5546875 31.2498396929632 3 1 0 
1 350 8.6 8 0.454427083333333 0.3466796875 10.0327235640041 3 0 0 
0 350 8.2 8 0.489925986842105 0.6025390625 21.6751215142324 3 0 0 
1 360 8.6 8 0.407552083333333 0.345703125 6.55327269942581 3 0 0 
0 360 8.2 8 0.431340144230769 0.61328125 23.6953434402006 3 0 0 
1 370 8.6 8 0.413504464285714 0.32265625 30.5229379786478 3 -1 0 
0 370 8.2 9 0.434151785714286 0.48203125 43.2641968648558 3 1 0 
1 380 8.6 8 0.509982638888889 0.4328125 44.5637253909162 3 -1 0 
0 380 8.2 9 0.487165178571429 0.5296875 45.8642252719072 3 1 0 
1 390 8.6 8 0.382133152173913 0.3916015625 45.5567316137485 3 -2 0 
0 390 8.2 10 0.473876953125 0.53125 50.6662546675095 3 2 0 
1 400 8.6 9 0.368215460526316 0.3828125 43.3098875258122 3 -1 0 
0 400 8.2 10 0.450270432692308 0.541015625 43.1956210836707 3 1 0 
1 410 8.6 9 0.424072265625 0.2828125 46.6518470094693 3 -1 0 
0 410 8.2 10 0.527126736111111 0.498697916666667 48.0029764653382 3 1 0 
1 420 8.6 9 0.3984375 0.30390625 36.5723208288956 3 -1 0 
0 420 8.2 10 0.490004595588235 0.4375 59.9540427902168 3 1 0 
1 430 8.6 9 0.380766369047619 0.3328125 44.1710182184129 3 -1 0 
0 430 8.2 10 0.431857638888889 0.5421875 55.3905106836737 3 1 0 
1 440 8.6 9 0.390438988095238 0.36328125 32.0661606277735 3 -2 0 
0 440 8.2 11 0.569444444444444 0.4921875 49.1852434409184 3 2 0 
1 450 8.6 10 0.376201923076923 0.334375 35.4791161271607 3 -1 0 
0 450 8.2 11 0.474272629310345 0.50234375 45.9161375392396 3 1 0 
1 460 8.6 10 0.388786764705882 0.296875 38.729536316737 3 -1 0 
0 460 8.2 11 0.45166015625 0.4599609375 50.2751672697378 3 1 0 
1 470 8.6 10 0.423014322916667 0.3515625 38.4408274166216 3 -1 0 
0 470 8.2 11 0.4775390625 0.4580078125 43.0486965347789 3 1 0 
1 480 8.6 10 0.370888157894737 0.408203125 41.2210250401862 3 -2 0 
0 480 8.2 12 0.426120923913043 0.4599609375 27.8163970565107 3 2 0 
1 490 8.6 11 0.368566176470588 0.4140625 30.6265291581185 3 -1 0 
0 490 8.2 12 0.458147321428571 0.515625 30.1659630034758 3 1 0 
1 500 8.6 11 0.413707386363636 0.4365234375 29.5760129748747 3 -1 0 
0 500 8.2 12 0.53984375 0.5126953125 32.7990628500998 3 1 0 
1 510 8.6 11 0.409476902173913 0.45078125 37.7275232866645 3 -1 0 
0 510 8.2 12 0.456640625 0.4990234375 30.4303048750482 3 1 0 
1 520 8.6 11 0.381392045454545 0.411458333333333 43.6501916633106 3 -2 0 
0 520 8.2 13 0.39453125 0.5224609375 35.8618789750477 3 2 0 
1 530 8.6 11 0.44633152173913 0.375 41.45037869 3 -2 0 
0 530 8.2 13 0.462239583333333 0.5029296875 35.0116749124304 3 2 0 
1 540 8.6 12 0.40336277173913 0.434895833333333 19.1017583011984 3 -1 0 
0 540 8.2 13 0.43671875 0.498697916666667 42.8988877555876 3 1 0 
1 550 8.6 12 0.400985054347826 0.346875 35.5507247943806 3 -1 0 
0 550 8.2 13 0.418138586956522 0.459375 38.9509358304651 3 1 0 
1 560 8.6 12 0.438251201923077 0.39921875 38.8485760135886 3 -1 0 
0 560 8.2 13 0.515625 0.4287109375 28.1168314287268 3 1 0 
1 570 8.6 12 0.395241477272727 0.4421875 27.2699869862945 3 -1 0 
0 570 8.2 13 0.409423828125 0.455078125 20.9725073247631 3 1 0 
1 580 8.6 12 0.436104910714286 0.4671875 37.9544318137369 3 -1 0 
0 580 8.2 13 0.402604166666667 0.4638671875 20.727486678657 3 1 0 
1 590 8.6 13 0.4909375 0.4875 35.843502729791 3 -1 0 
0 590 8.2 14 0.479817708333333 0.42578125 19.9107124982123 3 1 0 
1 600 8.6 13 0.43586189516129 0.46484375 36.9059375573413 3 -1 0 
0 600 8.2 14 0.393914473684211 0.3212890625 29.4850695700527 3 1 0 
1 610 8.6 13 0.404296875 0.471875 48.7227543452414 3 -1 0 
0 610 8.2 14 0.413856907894737 0.35546875 34.9386302405583 3 1 0 
1 620 8.6 13 0.462289663461538 0.4189453125 33.1823824473914 3 -1 0 
0 620 8.2 14 0.448102678571429 0.419921875 41.5888989918369 3 1 0 
1 630 8.6 14 0.430447048611111 0.4326171875 34.8685700125699 3 0 0 
0 630 8.2 14 0.407301682692308 0.50390625 48.642748881646 3 0 0 
1 640 8.6 14 0.423177083333333 0.423828125 40.2475164304842 3 0 0 
0 640 8.2 14 0.400297619047619 0.4484375 33.93644437101 3 0 0 
1 650 8.6 14 0.485491071428571 0.4853515625 31.0026555139896 3 -1 0 
0 650 8.2 15 0.481584821428571 0.45 32.8547656464007 3 1 0 
1 660 8.6 14 0.405949519230769 0.38828125 48.8073555497949 3 -1 0 
0 660 8.2 15 0.43452380952381 0.44140625 35.1064097183585 3 1 0 
1 670 8.6 14 0.387532552083333 0.41796875 40.1088363286796 3 -1 0 
0 670 8.2 15 0.418146306818182 0.47578125 37.1332254566075 3 1 0 
1 680 8.6 14 0.452039930555556 0.4125 35.4331582903786 3 -1 0 
0 680 8.2 15 0.45458984375 0.46328125 38.1061844090189 3 1 0 
1 690 8.6 15 0.396809895833333 0.45703125 26.4160179791285 3 -1 0 
0 690 8.2 16 0.44359375 0.46171875 33.8314055565391 3 1 0 
1 700 8.6 15 0.374794407894737 0.41015625 23.3381441975915 3 -1 0 
0 700 8.2 16 0.455433238636364 0.5029296875 33.0108014473116 3 1 0 
1 710 8.6 15 0.418619791666667 0.3896484375 14.1596899944644 3 -1 0 
0 710 8.2 16 0.475497159090909 0.49609375 31.6814076365268 3 1 0 
1 720 8.6 15 0.400240384615385 0.3662109375 17.6668072695053 3 -1 0 
0 720 8.2 16 0.460129310344828 0.5341796875 29.3241526940711 3 1 0 
1 730 8.6 15 0.36328125 0.3125 26.1338757547301 3 -1 0 
0 730 8.2 16 0.47484375 0.579427083333333 47.5922627949266 3 1 0 
1 740 8.6 16 0.38671875 0.38203125 22.2948150008369 3 0 0 
0 740 8.2 16 0.575737847222222 0.595052083333333 31.3997707680952 3 0 0 
1 750 8.6 16 0.346590909090909 0.39296875 20.6593536903464 3 0 0 
0 750 8.2 16 0.524869791666667 0.55078125 20.4022057631032 3 0 0 
1 760 8.6 16 0.371694711538462 0.37421875 14.9389443721558 3 0 0 
0 760 8.2 16 0.495589717741936 0.564453125 13.865424623862 3 0 0 
1 770 8.6 16 0.407858455882353 0.3828125 26.8498770693276 3 -1 0 
0 770 8.2 17 0.548387096774194 0.513671875 12.747548783982 3 1 0 
1 780 8.6 16 0.348067434210526 0.37109375 39.0488460337964 3 -1 0 
0 780 8.2 17 0.516805959302326 0.38671875 29.4771725120321 3 1 0 
1 790 8.6 17 0.399925595238095 0.38359375 44.173789391767 3 0 0 
0 790 8.2 17 0.485587284482759 0.4306640625 15.8740596859668 3 0 0 
1 800 8.6 17 0.412703804347826 0.3640625 30.7409184867759 3 0 0 
0 800 8.2 17 0.5078125 0.4130859375 35.2070667985394 3 0 0 
1 810 8.6 17 0.393453663793103 0.283203125 30.3732545766587 3 0 0 
0 810 8.2 17 0.476697198275862 0.54453125 9.62495067388502 3 0 0 
1 820 8.6 17 0.389375 0.2919921875 29.6570463233409 3 0 0 
0 820 8.2 17 0.467578125 0.575 12.960956350771 3 0 0 
1 830 8.6 17 0.457291666666667 0.3525390625 21.0007850857875 3 0 0 
0 830 8.2 17 0.530838815789474 0.5166015625 22.4380319556304 3 0 0 
1 840 8.6 17 0.433215725806452 0.3681640625 17.9304314239836 3 0 0 
0 840 8.2 17 0.411959134615385 0.4150390625 26.0471050725264 3 0 0 
1 850 8.6 17 0.409737723214286 0.4443359375 26.4824260083808 3 -1 0 
0 850 8.2 18 0.397727272727273 0.4443359375 38.0832469756144 3 1 0 
1 860 8.6 18 0.494495738636364 0.42421875 48.876616681304 3 0 0 
0 860 8.2 18 0.447088068181818 0.4287109375 47.8483577029826 3 0 0 
1 870 8.6 18 0.414202008928571 0.4734375 29.8581215528346 3 0 0 
0 870 8.2 18 0.409745065789474 0.4638671875 29.8509093245966 3 0 0 
1 880 8.6 18 0.375 0.48203125 23.2605676465441 3 0 0 
0 880 8.2 18 0.409784226190476 0.55078125 17 3 0 0 
1 890 8.6 18 0.454152960526316 0.4375 24.94030041385 3 0 0 
0 890 8.2 18 0.464638157894737 0.493489583333333 57.0182481151347 3 0 0 
1 900 8.6 18 0.448879076086957 0.38359375 26.2685916720013 3 0 0 
0 900 8.2 18 0.4709375 0.497395833333333 46.210036879738 3 0 0 
1 910 8.6 19 0.424547697368421 0.384375 42.2592085901234 3 1 0 
0 910 8.2 18 0.410511363636364 0.455078125 1.11803398874989 3 -1 0 
1 920 8.6 19 0.45166015625 0.459375 28.0662893771958 3 1 0 
0 920 8.2 18 0.4583984375 0.434895833333333 10.6946015822509 3 -1 0 
1 930 8.6 19 0.384259259259259 0.47578125 43.0211762816306 3 1 0 
0 930 8.2 18 0.471400669642857 0.397135416666667 29.3463508774587 3 -1 0 
1 940 8.6 19 0.407608695652174 0.49375 43.7197061161596 3 0 0 
0 940 8.2 19 0.496901939655172 0.3701171875 42.8099097212599 3 0 0 
1 950 8.6 19 0.446213942307692 0.4828125 38.6209498585057 3 0 0 
0 950 8.2 19 0.567116477272727 0.435546875 26.9880741237921 3 0 0 
1 960 8.6 19 0.374289772727273 0.4609375 20.0944226653219 3 0 0 
0 960 8.2 19 0.5650634765625 0.4125 38.572669214006 3 0 0 
1 970 8.6 20 0.380859375 0.4640625 35.8151927683598 3 1 0 
0 970 8.2 19 0.505139802631579 0.50546875 54.0997233207544 3 -1 0 
1 980 8.6 20 0.336774553571429 0.41796875 45.4014814543443 3 1 0 
0 980 8.2 19 0.485770089285714 0.48125 59.3071060048748 3 -1 0 
1 990 8.6 20 0.39125 0.4234375 43.886172713181 3 1 0 
0 990 8.2 19 0.43984375 0.4921875 47.9214513961387 3 -1 0 
1 1000 8.6 20 0.420340401785714 0.34765625 26.121022446807 3 1 0 
0 1000 8.2 19 0.445498511904762 0.3828125 32.7872629777971 3 -1 0 
1 1010 8.6 20 0.448828125 0.41328125 31.9152888864354 3 1 0 
0 1010 8.2 19 0.494791666666667 0.42109375 34.5855537083961 3 -1 0 
1 1020 8.6 20 0.427790178571429 0.3765625 22.004079342674 3 1 0 
0 1020 8.2 19 0.396875 0.431640625 25.201417143244 3 -1 0 
1 1030 8.6 20 0.474609375 0.44921875 20.5178009379681 3 0 0 
0 1030 8.2 20 0.426866319444444 0.4716796875 15.964758065132 3 0 0 
1 1040 8.6 20 0.490705818965517 0.4734375 23.6404700267816 3 0 0 
0 1040 8.2 20 0.469572368421053 0.451171875 0.707106781186548 3 0 0 
1 1050 8.6 21 0.400904605263158 0.44453125 32.1579496496871 3 1 0 
0 1050 8.2 20 0.445452008928571 0.431640625 3.04138126514911 3 -1 0 
1 1060 8.6 21 0.569711538461538 0.4 33.2286244294836 3 1 0 
0 1060 8.2 20 0.427734375 0.30859375 2.23606797749979 3 -1 0 
1 1070 8.6 21 0.55078125 0.371875 39.5595557740238 3 1 0 
0 1070 8.2 20 0.580729166666667 0.3359375 2.5 3 -1 0 
1 1080 8.6 21 0.4416015625 0.38046875 23.8569942721509 3 1 0 
0 1080 8.2 20 0.411345108695652 0.528645833333333 55.1544937219935 3 -1 0 
1 1090 8.6 21 0.408482142857143 0.43125 23.4224867538932 3 1 0 
0 1090 8.2 20 0.401041666666667 0.544270833333333 54.3768812283777 3 -1 0 
1 1100 8.6 21 0.430569556451613 0.3875 32.7526616728997 3 1 0 
0 1100 8.2 20 0.458984375 0.345703125 11.0113577727726 3 -1 0 
1 1110 8.6 21 0.458984375 0.396875 39.8424515882045 3 1 0 
0 1110 8.2 20 0.383333333333333 0.2431640625 32.3315073811151 3 -1 0 
1 1120 8.6 21 0.443004261363636 0.47109375 27.3617235850333 3 1 0 
0 1120 8.2 20 0.390364583333333 0.3759765625 38.0955118734394 3 -1 0 
1 1130 8.6 21 0.526131465517241 0.5015625 37.5539526222245 3 1 0 
0 1130 8.2 20 0.424360795454545 0.427734375 41.1483747605377 3 -1 0 
1 1140 8.6 21 0.463350183823529 0.56640625 38.5973057276953 3 0 0 
0 1140 8.2 21 0.391690340909091 0.45703125 47.8885398677874 3 0 0 
1 1150 8.6 21 0.454273897058824 0.5185546875 40.8715155481999 3 0 0 
0 1150 8.2 21 0.461371527777778 0.32421875 29.9583440375467 3 0 0 
1 1160 8.6 21 0.484730113636364 0.43359375 39.1356379396865 3 0 0 
0 1160 8.2 21 0.568142361111111 0.333984375 3.299579609674 3 0 0 
1 1170 8.6 21 0.463005514705882 0.42578125 69.1465834296966 3 0 0 
0 1170 8.2 21 0.46359375 0.39453125 24.8407810139008 3 0 0 
1 1180 8.6 22 0.526302083333333 0.434895833333333 52.9823352423762 3 1 0 
0 1180 8.2 21 0.502604166666667 0.48046875 24.2255834598373 3 -1 0 
1 1190 8.6 22 0.517671130952381 0.514322916666667 51.311245426506 3 1 1 
0 1190 8.2 21 0.595833333333333 0.47265625 29.8152256919985 2 -1 -1 
1 1200 8.6 22 0.433965773809524 0.54296875 40.2068104952452 3 1 1 
0 1200 8.2 21 0.494419642857143 0.4375 34.154808932593 2 -1 -1 
1 1210 8.6 22 0.461397058823529 0.4453125 6.32455532033676 3 0 1 
0 1210 8.2 22 0.504484953703704 0.4443359375 27.6287515541904 2 0 -1 
1 1220 8.6 22 0.374177631578947 0.25625 35.3220162080851 3 0 1 
0 1220 8.2 22 0.602864583333333 0.40234375 26.2770166921836 2 0 -1 
1 1230 8.6 22 0.3625 0.310546875 21.9636411071134 3 0 1 
0 1230 8.2 22 0.513830236486487 0.4453125 16.6492072141205 2 0 -1 
1 1240 8.6 22 0.303622159090909 0.4326171875 34.6511442771065 3 0 1 
0 1240 8.2 22 0.523976293103448 0.453125 15.7516350489511 2 0 -1 
1 1250 8.6 22 0.41796875 0.43359375 37.0552020396143 3 0 1 
0 1250 8.2 22 0.647786458333333 0.5361328125 46.373163941879 2 0 -1 
1 1260 8.6 22 0.38330078125 0.4345703125 46.0435187926981 2 0 0 
0 1260 8.2 22 0.488504464285714 0.4609375 52.2186688176395 2 0 0 
1 1270 8.6 22 0.396306818181818 0.44140625 62.370258896869 2 0 0 
0 1270 8.2 22 0.48203125 0.302734375 20.584852816326 2 0 0 
1 1280 8.6 23 0.41703125 0.41015625 60.8902802351753 2 1 0 
0 1280 8.2 22 0.437199519230769 0.333984375 19.6734699990211 2 -1 0 
1 1290 8.6 23 0.39892578125 0.47265625 47.3182324486577 2 1 0 
0 1290 8.2 22 0.440805288461538 0.49609375 59.28679274901 2 -1 0 
1 1300 8.6 23 0.457942708333333 0.41640625 51.7348041181315 2 1 0 
0 1300 8.2 22 0.425390625 0.373046875 40.6721913000588 2 -1 0 
1 1310 8.6 23 0.526939655172414 0.38359375 42.8321595693313 2 1 0 
0 1310 8.2 22 0.457331730769231 0.4140625 51.0637961171024 2 -1 0 
1 1320 8.6 23 0.463368055555556 0.359375 32.9967031494167 2 1 0 
0 1320 8.2 22 0.345552884615385 0.5087890625 38.7938430748248 2 -1 0 
1 1330 8.6 23 0.46484375 0.3859375 33.053351704575 2 1 0 
0 1330 8.2 22 0.411272321428571 0.5234375 34.7262499436723 2 -1 0 
1 1340 8.6 23 0.519736842105263 0.425 40.7700087865327 2 0 0 
0 1340 8.2 23 0.383463541666667 0.502604166666667 31.2683565304398 2 0 0 
1 1350 8.6 23 0.489149305555556 0.5171875 34.7554784783337 2 0 0 
0 1350 8.2 23 0.3427734375 0.39453125 43.9569701692992 2 0 0 
1 1360 8.6 23 0.435096153846154 0.74609375 0 2 0 0 
0 1360 8.2 23 0.416015625 0.330729166666667 44.6082160636265 2 0 0 
1 1370 8.6 23 0.497242647058824 0.244140625 15.116216457831 2 0 0 
0 1370 8.2 23 0.452287946428571 0.421875 41.2368268363726 2 0 0 
1 1380 8.6 23 0.448350694444444 0.244140625 15.116216457831 2 0 0 
0 1380 8.2 23 0.363095238095238 0.4990234375 40.5389869835282 2 0 0 
1 1390 8.6 23 0.446847098214286 0.25 17.8044938147649 2 0 0 
0 1390 8.2 23 0.390462239583333 0.421875 43.5619839494319 2 0 0 
1 1400 8.6 23 0.484375 0.333984375 18.5067555233217 2 0 0 
0 1400 8.2 23 0.4078125 0.44921875 45.60517991763 2 0 0 
1 1410 8.6 23 0.484895833333333 0.41796875 14.0089257261219 2 0 0 
0 1410 8.2 23 0.441611842105263 0.559895833333333 37.5569312823286 2 0 0 
1 1420 8.6 23 0.4462890625 0.3046875 39.8665970758209 2 0 0 
0 1420 8.2 23 0.495804398148148 0.4072265625 60.9075088768318 2 0 0 
1 1430 8.6 23 0.531494140625 0.27890625 37.4831342629412 2 0 0 
0 1430 8.2 23 0.579861111111111 0.3515625 47.0408775934276 2 0 0 
1 1440 8.6 23 0.452615489130435 0.30546875 35.5728101702111 2 0 0 
0 1440 8.2 23 0.575835129310345 0.408203125 7.58424151014116 2 0 0 
1 1450 8.6 24 0.538352272727273 0.29140625 36.8124932357825 2 0 0 
0 1450 8.2 24 0.509765625 0.47265625 23.5968828631137 2 0 0 
1 1460 8.6 24 0.500837053571429 0.31171875 41.581014994117 2 0 0 
0 1460 8.2 24 0.5625 0.5640625 42.1102637732591 2 0 0 
1 1470 8.6 24 0.328480113636364 0.255859375 37.8770897471071 1 0 -1 
0 1470 8.2 24 0.441028225806452 0.5875 34.6161687900205 2 0 1 
1 1480 8.6 24 0.35302734375 0.25 29.2998310681436 1 0 -1 
0 1480 8.2 24 0.513157894736842 0.6181640625 10.265686389057 2 0 1 
1 1490 8.6 24 0.40546875 0.3203125 28.8881074872614 1 0 -1 
0 1490 8.2 24 0.593191964285714 0.697265625 5.02493781056045 2 0 1 
1 1500 8.6 24 0.4310546875 0.4015625 23.8006397575567 1 0 -1 
0 1500 8.2 24 0.537434895833333 NaN NaN 2 0 1 
1 1510 8.6 24 0.51875 0.5 23.966683925076 1 0 -1 
0 1510 8.2 24 0.474479166666667 0.1484375 0 2 0 1 
1 1520 8.6 24 0.6103515625 0.63125 13.593905404933 1 0 -1 
0 1520 8.2 24 0.621651785714286 NaN NaN 2 0 1 
1 1530 8.6 25 0.4998046875 0.7015625 23.1145070189273 1 1 -1 
0 1530 8.2 24 0.490885416666667 0.15234375 0 2 -1 1 
1 1540 8.6 25 0.5625 0.64375 52.2483760417888 1 1 -1 
0 1540 8.2 24 0.80859375 NaN NaN 2 -1 1 
1 1550 8.6 25 0.632421875 0.6650390625 44.4013185885852 1 1 -1 
0 1550 8.2 24 NaN NaN NaN 2 -1 1 
