1 30 10.6 1 NaN 0.242741935483871 23.7284431632153 3 0 0 
0 30 8.6 1 NaN 0.312903225806452 26.3176030875088 3 0 0 
1 40 10.6 1 NaN 0.269354838709677 24.0064726289739 3 0 0 
0 40 8.6 1 NaN 0.332258064516129 24.6124283837527 3 0 0 
1 50 10.6 1 0.381048387096774 0.353225806451613 33.9708021554259 3 0 0 
0 50 8.6 1 0.379032258064516 0.401612903225806 22.6717759399588 3 0 0 
1 60 10.6 1 0.382862903225806 0.441129032258065 26.0447052817819 3 0 0 
0 60 8.6 1 0.383064516129032 0.479032258064516 25.3147089789855 3 0 0 
1 70 10.6 1 0.413978494623656 0.484677419354839 31.2892445125167 3 0 0 
0 70 8.6 1 0.413594470046083 0.465322580645161 26.0402483517949 3 0 0 
1 80 10.6 1 0.451796187683284 0.490322580645161 32.7863167968634 3 0 0 
0 80 8.6 1 0.455506117908788 0.47258064516129 24.5909996373743 3 0 0 
1 90 10.6 1 0.418586789554531 0.478225806451613 33.4624166495138 3 0 0 
0 90 8.6 1 0.421836228287841 0.491935483870968 22.1261664689351 3 0 0 
1 100 10.6 2 0.422177419354839 0.474193548387097 34.3896887228759 3 1 0 
0 100 8.6 1 0.464861751152074 0.495161290322581 24.2364794645049 3 -1 0 
1 110 10.6 2 0.42357910906298 0.475806451612903 30.1778041806564 3 0 0 
0 110 8.6 2 0.493145161290323 0.508870967741936 26.8011231845584 3 0 0 
1 120 10.6 2 0.427602639296188 0.470161290322581 31.6765212843996 3 0 0 
0 120 8.6 2 0.413018433179723 0.507258064516129 23.1477360654633 3 0 0 
1 130 10.6 2 0.436129032258064 0.475806451612903 30.5293457483742 3 0 0 
0 130 8.6 2 0.388911290322581 0.487096774193548 26.5083202391669 3 0 0 
1 140 10.6 3 0.464516129032258 0.486290322580645 30.57011226226 3 1 0 
0 140 8.6 2 0.453812316715542 0.466935483870968 28.871921024273 3 -1 0 
1 150 10.6 3 0.4289802289282 0.476612903225806 31.146039269892 3 0 0 
0 150 8.6 3 0.417663891779397 0.481451612903226 28.0127941983802 3 0 0 
1 160 10.6 3 0.411674347158218 0.433870967741935 38.2630695838415 3 0 0 
0 160 8.6 3 0.423225806451613 0.510483870967742 27.1678131370603 3 0 0 
1 170 10.6 3 0.455955334987593 0.470161290322581 32.2511863524807 3 0 0 
0 170 8.6 3 0.487552594670407 0.483870967741936 23.8479716859283 3 0 0 
1 180 10.6 4 0.409838709677419 0.442741935483871 29.4781433854282 3 0 0 
0 180 8.6 4 0.420698924731183 0.495967741935484 23.3557641797342 3 0 0 
1 190 10.6 4 0.435133239831697 0.462903225806452 29.0973969015622 3 0 0 
0 190 8.6 4 0.430750350631136 0.487096774193548 25.1284219633751 3 0 0 
1 200 10.6 4 0.481112054329372 0.492741935483871 26.7680300602976 3 0 0 
0 200 8.6 4 0.47644312393888 0.496774193548387 16.5469934114316 3 0 0 
1 210 10.6 5 0.422470674486803 0.512096774193548 30.9522903565363 3 0 0 
0 210 8.6 5 0.421612903225806 0.470967741935484 30.1936683585276 3 0 0 
1 220 10.6 5 0.42467008797654 0.500806451612903 30.8555858390947 3 0 0 
0 220 8.6 5 0.407807917888563 0.475 30.1740862572683 3 0 0 
1 230 10.6 5 0.458467741935484 0.513709677419355 28.9685057489726 3 0 0 
0 230 8.6 5 0.465120967741935 0.454032258064516 28.59593960233 3 0 0 
1 240 10.6 5 0.420454545454545 0.479838709677419 26.9310202452601 3 0 0 
0 240 8.6 5 0.421226958525346 0.476612903225806 29.181232415474 3 0 0 
1 250 10.6 6 0.414406158357771 0.469354838709677 30.4272411458102 3 1 0 
0 250 8.6 5 0.412466397849462 0.479838709677419 32.824282882946 3 -1 0 
1 260 10.6 6 0.450426944971537 0.501612903225806 28.9629536637826 3 0 0 
0 260 8.6 6 0.465651135005974 0.482258064516129 27.846732007603 3 0 0 
1 270 10.6 6 0.437741935483871 0.509677419354839 29.7743809934463 3 0 0 
0 270 8.6 6 0.433635752688172 0.465322580645161 33.1173721981223 3 0 0 
1 280 10.6 6 0.42741935483871 0.504032258064516 33.0478117473046 3 0 0 
0 280 8.6 6 0.437836021505376 0.406451612903226 39.2016230157146 3 0 0 
1 290 10.6 6 0.455443548387097 0.484677419354839 31.3897587474888 3 0 0 
0 290 8.6 6 0.464442815249267 0.440322580645161 27.8600936896272 3 0 0 
1 300 10.6 6 0.422091013824885 0.479838709677419 22.9890043206801 3 0 0 
0 300 8.6 6 0.419614984391259 0.483064516129032 26.1233024160526 3 0 0 
1 310 10.6 7 0.433622828784119 0.48991935483871 21.2764181578794 3 0 0 
0 310 8.6 7 0.401122019635344 0.47258064516129 30.9439027930286 3 0 0 
1 320 10.6 7 0.475955794504182 0.398387096774194 32.6187109759635 3 0 0 
0 320 8.6 7 0.471290322580645 0.489516129032258 26.5518519598651 3 0 0 
1 330 10.6 7 0.41084229390681 0.383870967741936 33.4317275170648 3 0 0 
0 330 8.6 7 0.444239631336406 0.460483870967742 29.7603855627881 3 0 0 
1 340 10.6 7 0.409754224270353 0.406451612903226 37.5041526459786 3 0 0 
0 340 8.6 7 0.440188172043011 0.478225806451613 27.7682520724874 3 0 0 
1 350 10.6 7 0.461693548387097 0.412096774193548 37.6327415085246 3 0 0 
0 350 8.6 7 0.502199413489736 0.49758064516129 23.9098478157345 3 0 0 
1 360 10.6 7 0.432096774193548 0.475806451612903 33.2995214774069 3 -1 0 
0 360 8.6 8 0.446178120617111 0.455645161290323 25.4403446499231 3 1 0 
1 370 10.6 8 0.436290322580645 0.491935483870968 36.4608803085666 3 0 0 
0 370 8.6 8 0.415872434017595 0.483870967741936 26.589261819811 3 0 0 
1 380 10.6 8 0.453255675029869 0.478225806451613 32.026259270571 3 0 0 
0 380 8.6 8 0.434093437152392 0.461290322580645 26.5458668015631 3 0 0 
1 390 10.6 8 0.404931761786601 0.475806451612903 28.9377042479046 3 0 0 
0 390 8.6 8 0.411887694145759 0.467741935483871 28.1327995121361 3 0 0 
1 400 10.6 8 0.388824884792627 0.466935483870968 28.3923168314761 3 0 0 
0 400 8.6 8 0.487701612903226 0.490322580645161 21.9273948464168 3 0 0 
1 410 10.6 8 0.431163594470046 0.436290322580645 31.4249285007864 3 -1 0 
0 410 8.6 9 0.472950268817204 0.521774193548387 19.3587192106852 3 1 0 
1 420 10.6 9 0.387463343108504 0.45 31.6105548254358 3 0 0 
0 420 8.6 9 0.406935483870968 0.535483870967742 24.9550987200962 3 0 0 
1 430 10.6 9 0.386290322580645 0.429032258064516 31.0902526731832 3 0 0 
0 430 8.6 9 0.412970430107527 0.52741935483871 32.0611898872627 3 0 0 
1 440 10.6 9 0.458944281524927 0.316129032258065 33.5073001020753 3 0 0 
0 440 8.6 9 0.525633640552995 0.532258064516129 27.5322764446954 3 0 0 
1 450 10.6 9 0.393408134642356 0.344354838709677 31.4801344706359 3 0 0 
0 450 8.6 9 0.446847507331378 0.517741935483871 23.3427644620331 3 0 0 
1 460 10.6 9 0.386491935483871 0.408870967741935 21.7981036480875 3 0 0 
0 460 8.6 9 0.420362903225806 0.504032258064516 20.1370574295594 3 0 0 
1 470 10.6 10 0.474320882852292 0.487903225806452 19.1003042038063 3 0 0 
0 470 8.6 10 0.486620234604106 0.460685483870968 9.91700540788356 3 0 0 
1 480 10.6 10 0.433815350389322 0.508064516129032 15.2099293719376 3 0 0 
0 480 8.6 10 0.413394109396914 0.462701612903226 17.4864444217986 3 0 0 
1 490 10.6 10 0.42 0.473387096774194 10.6312434236044 3 0 0 
0 490 8.6 10 0.406409168081494 0.448588709677419 14.8474887133691 3 0 0 
1 500 10.6 10 0.454435483870968 0.47741935483871 12.6782748679131 3 0 0 
0 500 8.6 10 0.459453405017921 0.405645161290323 34.7246705904686 3 0 0 
1 510 10.6 10 0.436239919354839 0.5 9.60445418478579 3 0 0 
0 510 8.6 10 0.4125 0.434677419354839 28.600173946374 3 0 0 
1 520 10.6 11 0.475806451612903 0.532258064516129 8.9402861578944 3 1 0 
0 520 8.6 10 0.403225806451613 0.445564516129032 30.4497824982996 3 -1 0 
1 530 10.6 11 0.485215053763441 0.561290322580645 13.3043550919518 3 1 0 
0 530 8.6 10 0.469086021505376 0.421370967741936 26.4421257205541 3 -1 0 
1 540 10.6 11 0.47462627852085 0.57258064516129 15.4039756600201 3 0 0 
0 540 8.6 11 0.405161290322581 0.317741935483871 37.0070608983939 3 0 0 
1 550 10.6 12 0.483870967741936 0.565322580645161 20.643013432388 3 1 0 
0 550 8.6 11 0.397177419354839 0.270161290322581 24.3246721716294 3 -1 0 
1 560 10.6 12 0.51377688172043 0.563709677419355 23.6233818892041 3 1 0 
0 560 8.6 11 0.451979472140762 0.376612903225806 15.1370641850813 3 -1 0 
1 570 10.6 12 0.440918653576438 0.525 22.8443398044375 3 1 0 
0 570 8.6 11 0.40195246179966 0.4 11.1077100161128 3 -1 0 
1 580 10.6 12 0.43380376344086 0.403225806451613 32.2296100611309 3 1 0 
0 580 8.6 11 0.41321044546851 0.453225806451613 11.5860150720761 3 -1 0 
1 590 10.6 12 0.464314516129032 0.404032258064516 33.7804523886635 3 1 0 
0 590 8.6 11 0.438345473465141 0.469354838709677 17.0133488932288 3 -1 0 
1 600 10.6 12 0.448178016726404 0.433064516129032 20.704843913652 3 1 0 
0 600 8.6 11 0.47 0.433870967741935 26.37549950428 3 -1 0 
1 610 10.6 12 0.422685834502104 0.460483870967742 18.5596163638385 3 1 0 
0 610 8.6 11 0.50091642228739 0.410483870967742 17.9753725207989 3 -1 0 
1 620 10.6 12 0.445476858345021 0.456451612903226 25.7986298249456 3 0 0 
0 620 8.6 12 0.461383374689826 0.463709677419355 13.7055187680529 3 0 0 
1 630 10.6 12 0.435353798126951 0.437903225806452 21.9229604488558 3 0 0 
0 630 8.6 12 0.424395161290323 0.495161290322581 14.7681924402592 3 0 0 
1 640 10.6 13 0.391397849462366 0.379032258064516 34.0148644663027 3 1 0 
0 640 8.6 12 0.452732974910394 0.570967741935484 11.9651633180433 3 -1 0 
1 650 10.6 13 0.415770609318996 0.401209677419355 17.2389046388747 3 1 0 
0 650 8.6 12 0.501273344651952 0.584677419354839 11.6319256089369 3 -1 0 
1 660 10.6 13 0.41448252688172 0.376008064516129 21.2946312289839 3 0 0 
0 660 8.6 13 0.44241935483871 0.612903225806452 14.7068294428666 3 0 0 
1 670 10.6 13 0.392741935483871 0.385752688172043 18.0471475112882 3 0 0 
0 670 8.6 13 0.435867895545315 0.539516129032258 33.3303904494978 3 0 0 
1 680 10.6 13 0.497119815668203 0.299395161290323 21.6603683236947 3 0 0 
0 680 8.6 13 0.463884992987377 0.466733870967742 56.4831727245339 3 0 0 
1 690 10.6 13 0.409739454094293 0.336693548387097 14.7517015696613 3 0 0 
0 690 8.6 13 0.44758064516129 0.463709677419355 40.0372147704222 3 0 0 
1 700 10.6 13 0.409562211981567 0.339717741935484 5.80479700309454 3 0 0 
0 700 8.6 13 0.446528751753156 0.5 27.0486161930851 3 0 0 
1 710 10.6 14 0.437965260545906 0.331451612903226 26.0653984570502 3 0 0 
0 710 8.6 14 0.475176411290323 0.414314516129032 33.866281395927 3 0 0 
1 720 10.6 14 0.397741935483871 0.424193548387097 19.0468289396043 3 0 0 
0 720 8.6 14 0.464381720430108 0.393548387096774 32.0573605687592 3 0 0 
1 730 10.6 14 0.421726755218216 0.491935483870968 4.58020044469313 3 0 0 
0 730 8.6 14 0.443074003795066 0.426612903225806 12.3167882527529 3 0 0 
1 740 10.6 14 0.491743471582181 0.560483870967742 5.39680494191785 3 0 0 
0 740 8.6 14 0.499663978494624 0.391935483870968 5.01152928594061 3 0 0 
1 750 10.6 14 0.425728407908429 0.604838709677419 5.6156425003468 3 0 0 
0 750 8.6 14 0.374327956989247 0.358870967741936 5.84917640942895 3 0 0 
1 760 10.6 14 0.452284946236559 0.573924731182796 6.25682265432324 3 0 0 
0 760 8.6 14 0.378584229390681 0.40241935483871 5.96612880176979 3 0 0 
1 770 10.6 14 0.539193548387097 0.524193548387097 3.60555127546399 3 -1 0 
0 770 8.6 15 0.374551971326165 0.444354838709677 13.5770700133748 3 1 0 
1 780 10.6 14 0.508064516129032 0.512096774193548 7.21110255092798 3 -1 0 
0 780 8.6 15 0.358234295415959 0.436290322580645 8.03140628073341 3 1 0 
1 790 10.6 14 0.525453629032258 0.303763440860215 27.7340214617879 3 -1 0 
0 790 8.6 15 0.405577956989247 0.404838709677419 20.488427224945 3 1 0 
1 800 10.6 14 0.583965844402277 0.289516129032258 23.0850862482535 3 -1 0 
0 800 8.6 15 0.439278937381404 0.353225806451613 28.0937225661971 3 1 0 
1 810 10.6 15 0.464605734767025 0.329032258064516 28.3667238859175 3 0 0 
0 810 8.6 15 0.381768433179723 0.337096774193548 28.0918512144785 3 0 0 
1 820 10.6 15 0.453445747800587 0.432258064516129 17.0031395549347 3 0 0 
0 820 8.6 15 0.453377016129032 0.401612903225806 21.1849954379642 3 0 0 
1 830 10.6 15 0.520711143695015 0.493548387096774 11.0398316651988 3 -1 0 
0 830 8.6 16 0.492741935483871 0.458870967741936 13.9229731163517 3 1 0 
1 840 10.6 15 0.476403823178017 0.461290322580645 19.781973410478 3 -1 0 
0 840 8.6 16 0.384925558312655 0.451612903225806 14.5319586140872 3 1 0 
1 850 10.6 15 0.424731182795699 0.471774193548387 7.04105840118963 3 -1 0 
0 850 8.6 16 0.407258064516129 0.483064516129032 11.9473856336349 3 1 0 
1 860 10.6 15 0.507200460829493 0.451612903225806 7.95587561711167 3 -1 0 
0 860 8.6 16 0.486803519061584 0.482258064516129 9.00756617310023 3 1 0 
1 870 10.6 15 0.483582949308756 0.482258064516129 5.29951375211668 3 -1 0 
0 870 8.6 16 0.383374689826303 0.487903225806452 8.67097951721514 3 1 0 
1 880 10.6 15 0.46301446051168 0.439516129032258 1.4142135623731 3 -1 0 
0 880 8.6 16 0.404737903225806 0.532258064516129 11.0251088355293 3 1 0 
1 890 10.6 15 0.535161290322581 0.395161290322581 11.1018016555873 3 -2 0 
0 890 8.6 17 0.506048387096774 0.508064516129032 8.23333351148611 3 2 0 
1 900 10.6 16 0.502016129032258 0.379032258064516 11.8004237212059 3 -1 0 
0 900 8.6 17 0.400583982202447 0.514516129032258 7.60976847517508 3 1 0 
1 910 10.6 16 0.459821428571429 0.413306451612903 12.0208152801713 3 -1 0 
0 910 8.6 17 0.431451612903226 0.498387096774194 10.830827338929 3 1 0 
1 920 10.6 16 0.53642936596218 0.245967741935484 31.7171760591568 3 -1 0 
0 920 8.6 17 0.477620967741935 0.49758064516129 5.08377546826464 3 1 0 
1 930 10.6 16 0.458602150537634 0.327620967741936 12.8710815550819 3 -1 0 
0 930 8.6 17 0.405493951612903 0.534677419354839 7.38449455318198 3 1 0 
1 940 10.6 16 0.420056100981767 0.461693548387097 14.1286283970766 3 -1 0 
0 940 8.6 17 0.467443249701314 0.508870967741936 3.78371446226498 3 1 0 
1 950 10.6 16 0.563172043010753 0.389112903225806 5.5228521152342 3 -1 0 
0 950 8.6 17 0.474731182795699 0.448387096774194 32.0226857994532 3 1 0 
1 960 10.6 16 0.431977559607293 0.375 4.6324429763454 3 -2 0 
0 960 8.6 18 0.492525570416994 0.52741935483871 25.9001968412631 3 2 0 
1 970 10.6 16 0.363636363636364 0.27258064516129 13.491319250268 3 -2 0 
0 970 8.6 18 0.558198924731183 0.62741935483871 4.77287282888472 3 2 0 
1 980 10.6 16 0.472926267281106 0.258870967741936 4.09903994820146 3 -2 0 
0 980 8.6 18 0.582506203473945 0.689516129032258 4.68925357362641 3 2 0 
1 990 10.6 16 0.305299539170507 0.280645161290323 7.15826384713912 3 -2 0 
0 990 8.6 18 0.52758064516129 0.67258064516129 7.18331276811925 3 2 0 
1 1000 10.6 16 0.376008064516129 0.35241935483871 19.0418794177889 3 -2 0 
0 1000 8.6 18 0.490684093437152 0.526612903225806 10.5487247502068 3 2 0 
1 1010 10.6 16 0.383064516129032 0.367741935483871 24.3162061794691 3 -2 0 
0 1010 8.6 18 0.545362903225806 0.335483870967742 25.2580313490142 3 2 0 
1 1020 10.6 17 0.391129032258065 0.40241935483871 16.6721174334936 3 -1 0 
0 1020 8.6 18 0.444938820912125 0.371774193548387 30.4705625186189 3 1 0 
1 1030 10.6 17 0.392180925666199 0.420161290322581 20.5279203010395 3 -1 0 
0 1030 8.6 18 0.409361851332398 0.369354838709677 25.5176928199252 3 1 0 
1 1040 10.6 17 0.458211143695015 0.454838709677419 15.7805014178899 3 -1 0 
0 1040 8.6 18 0.509305210918114 0.404032258064516 31.6808337524855 3 1 0 
1 1050 10.6 17 0.456494057724958 0.463709677419355 19.6499541310365 3 -2 0 
0 1050 8.6 19 0.434907834101383 0.442741935483871 6.84436347389608 3 2 0 
1 1060 10.6 17 0.402741935483871 0.433064516129032 22.8674219103327 3 -2 0 
0 1060 8.6 19 0.383064516129032 0.514516129032258 7.79896511866973 3 2 0 
1 1070 10.6 17 0.431451612903226 0.418548387096774 17.4115364180693 3 -2 0 
0 1070 8.6 19 0.530791788856305 0.569354838709677 15.0220797654803 3 2 0 
1 1080 10.6 17 0.487903225806452 0.316129032258065 20.4455454585904 3 -2 0 
0 1080 8.6 19 0.483198924731183 0.599193548387097 15.3332251217361 3 2 0 
1 1090 10.6 17 0.480645161290323 0.316935483870968 9.36841544336584 3 -2 0 
0 1090 8.6 19 0.490874363327674 0.595967741935484 17.0055378603408 3 2 0 
1 1100 10.6 17 0.51747311827957 0.311290322580645 27.5744307651337 3 -2 0 
0 1100 8.6 19 0.627592165898618 0.556451612903226 31.7272637526699 3 2 0 
1 1110 10.6 18 0.365171370967742 0.378225806451613 22.8537125896386 3 -2 0 
0 1110 8.6 20 0.45611954459203 0.517741935483871 46.999666889897 3 2 0 
1 1120 10.6 18 0.381048387096774 0.409677419354839 28.4358189524001 3 -2 0 
0 1120 8.6 20 0.449074074074074 0.531451612903226 26.0085792159425 3 2 0 
1 1130 10.6 18 0.48963133640553 0.379838709677419 22.1276994858727 3 -2 0 
0 1130 8.6 20 0.529838709677419 0.571774193548387 19.2976991148114 3 2 0 
1 1140 10.6 18 0.357320099255583 0.307258064516129 34.4454485382682 3 -2 0 
0 1140 8.6 20 0.484778225806452 0.546774193548387 20.4636792448407 3 2 0 
1 1150 10.6 18 0.399798387096774 0.304838709677419 26.9706367867268 3 -2 0 
0 1150 8.6 20 0.456612903225807 0.492741935483871 21.1387337492184 3 2 0 
1 1160 10.6 18 0.416666666666667 0.392741935483871 20.7169400955411 3 -2 0 
0 1160 8.6 20 0.498814041745731 0.460483870967742 18.1011963184769 3 2 0 
1 1170 10.6 18 0.393951612903226 0.464717741935484 8.80773571254727 3 -2 0 
0 1170 8.6 20 0.453541374474053 0.496774193548387 6.25687842039677 3 2 0 
1 1180 10.6 18 0.388323983169705 0.477822580645161 2.96825156213002 3 -2 0 
0 1180 8.6 20 0.446460573476703 0.513709677419355 10.6120725660057 3 2 0 
1 1190 10.6 18 0.428821879382889 0.357862903225806 8.7225211952652 3 -2 0 
0 1190 8.6 20 0.479502688172043 0.536290322580645 14.1944842378843 3 2 0 
1 1200 10.6 18 0.469823100936524 0.357862903225806 22.8365676157334 3 -2 0 
0 1200 8.6 20 0.393500948766603 0.480645161290323 13.4573085266746 3 2 0 
1 1210 10.6 18 0.492079493087558 0.433467741935484 21.4004886643116 3 -2 0 
0 1210 8.6 20 0.384024577572965 0.448387096774194 8.65486237438956 3 2 0 
1 1220 10.6 18 0.530241935483871 0.428225806451613 34.3204649556901 3 -2 0 
0 1220 8.6 20 0.413709677419355 0.410483870967742 8.09248352962879 3 2 0 
1 1230 10.6 18 0.4506320836966 0.465322580645161 29.6073909120002 3 -2 0 
0 1230 8.6 20 0.427182163187856 0.332258064516129 8.5340174405686 3 2 0 
1 1240 10.6 19 0.436259305210918 0.52116935483871 16.4675289837897 3 -1 0 
0 1240 8.6 20 0.42258064516129 0.395161290322581 5.22098963265759 3 1 0 
1 1250 10.6 19 0.478387096774194 0.508064516129032 6.21045868612327 3 -1 0 
0 1250 8.6 20 0.417590725806452 0.466935483870968 6.4451634070208 3 1 0 
1 1260 10.6 19 0.402309384164223 0.401881720430108 4.89107996556626 3 -2 0 
0 1260 8.6 21 0.43010752688172 0.558064516129032 7.04946935812124 3 2 0 
1 1270 10.6 19 0.431818181818182 0.286290322580645 4.03839749339959 3 -2 0 
0 1270 8.6 21 0.425201612903226 0.606451612903226 9.01176326923511 3 2 0 
1 1280 10.6 19 0.491683467741936 0.28494623655914 2.96907099301318 3 -2 0 
0 1280 8.6 21 0.525057603686636 0.575806451612903 24.0288178107602 3 2 0 
1 1290 10.6 19 0.366683467741936 0.293010752688172 10.6030560544517 3 -2 0 
0 1290 8.6 21 0.471338273757629 0.532258064516129 29.830342109846 3 2 0 
1 1300 10.6 19 0.420840407470289 0.354838709677419 15.5993473002094 3 -2 0 
0 1300 8.6 21 0.470136088709677 0.507258064516129 9.75905865306297 3 2 0 
1 1310 10.6 19 0.425297113752122 0.402217741935484 19.2780347176226 3 -2 0 
0 1310 8.6 21 0.549557752341311 0.506048387096774 5.78718412020261 3 2 0 
1 1320 10.6 20 0.387634408602151 0.398387096774194 34.3597070517236 3 -1 0 
0 1320 8.6 21 0.491202346041056 0.466397849462366 3.6692580558799 3 1 0 
1 1330 10.6 20 0.412988115449915 0.473387096774194 24.1194710431055 3 -1 0 
0 1330 8.6 21 0.471464019851117 0.350806451612903 3.48748976295101 3 1 0 
1 1340 10.6 20 0.483266129032258 0.612903225806452 34.2624726426185 3 -1 0 
0 1340 8.6 21 0.558635752688172 0.290322580645161 3 3 1 0 
1 1350 10.6 20 0.447336265884653 0.641129032258065 34.4398248326274 3 -1 0 
0 1350 8.6 21 0.512272089761571 0.211693548387097 1.11803398874989 3 1 0 
1 1360 10.6 20 0.380241935483871 0.641935483870968 41.5948527907283 3 -1 1 
0 1360 8.6 21 0.438256048387097 0.19758064516129 4.47213595499958 2 1 -1 
1 1370 10.6 21 0.459860703812317 0.571774193548387 31.6702378402716 3 0 1 
0 1370 8.6 21 0.446068548387097 0.169354838709677 2.82842712474619 2 0 -1 
1 1380 10.6 21 0.486428009441385 0.508064516129032 21.2251431128252 3 0 1 
0 1380 8.6 21 0.395329301075269 0.191532258064516 14.1329848799242 2 0 -1 
1 1390 10.6 21 0.529569892473118 0.508064516129032 22.0915271319947 3 0 1 
0 1390 8.6 21 0.386088709677419 0.273185483870968 24.1448184207824 2 0 -1 
1 1400 10.6 21 0.576881720430108 0.512903225806452 8.98791457182167 3 0 1 
0 1400 8.6 21 0.391417050691244 0.304032258064516 30.2933234272696 2 0 -1 
1 1410 10.6 21 0.498847926267281 0.489516129032258 13.644882235855 3 -1 1 
0 1410 8.6 22 0.363287250384025 0.324193548387097 23.4851963878793 2 1 -1 
1 1420 10.6 21 0.463877688172043 0.491129032258064 12.2357288786982 3 -1 1 
0 1420 8.6 22 0.407762096774194 0.379838709677419 23.6134555342644 2 1 -1 
1 1430 10.6 21 0.565860215053763 0.521774193548387 7.28197668169024 3 -1 1 
0 1430 8.6 22 0.422287390029325 0.4 16.9697260267768 2 1 -1 
1 1440 10.6 21 0.461238293444329 0.499193548387097 7.11122099098606 3 -1 1 
0 1440 8.6 22 0.365967741935484 0.416129032258064 16.8988528302786 2 1 -1 
1 1450 10.6 21 0.421774193548387 0.516129032258065 4.00395296756742 3 -1 1 
0 1450 8.6 22 0.40344982078853 0.39616935483871 16.250659693922 2 1 -1 
1 1460 10.6 21 0.527450372208437 0.588709677419355 3.88890708930975 3 -1 1 
0 1460 8.6 22 0.395353302611367 0.391129032258065 8.81344765927952 2 1 -1 
1 1470 10.6 21 0.475043591979076 0.618951612903226 7.13131037995454 3 -1 1 
0 1470 8.6 22 0.339112903225806 0.301075268817204 1.4436921727793 2 1 -1 
1 1480 10.6 22 0.465725806451613 0.680443548387097 15.7881140879422 3 0 1 
0 1480 8.6 22 0.365783410138249 0.293010752688172 11.3087421553256 2 0 -1 
1 1490 10.6 22 0.599875930521092 0.713709677419355 5.35479674456059 3 0 1 
0 1490 8.6 22 0.237903225806452 0.274193548387097 8.61526029412876 2 0 -1 
1 1500 10.6 22 0.523924731182796 0.730846774193548 5.92394457138434 3 0 1 
0 1500 8.6 22 0.287390029325513 0.266129032258065 13.3797283620511 2 0 -1 
1 1510 10.6 22 0.540600667408231 0.759408602150538 3.31905758353267 3 0 1 
0 1510 8.6 22 0.40241935483871 0.227150537634409 10.2053952534617 2 0 -1 
1 1520 10.6 22 0.644783266129032 0.660282258064516 64.2766009303026 3 0 2 
0 1520 8.6 22 0.40241935483871 0.151612903225806 7.6306852826236 1 0 -2 
1 1530 10.6 22 0.54375 0.618951612903226 59.8405465592822 3 0 2 
0 1530 8.6 22 0.270161290322581 0.198387096774194 9.51720785780744 1 0 -2 
1 1540 10.6 22 0.529569892473118 0.53125 27.2364300979518 3 0 2 
0 1540 8.6 22 0.358366935483871 0.225806451612903 12.0187162814189 1 0 -2 
1 1550 10.6 22 0.562393887945671 0.488911290322581 10.6866418846261 3 -1 2 
0 1550 8.6 23 0.358366935483871 0.320967741935484 22.2523150779578 1 1 -2 
1 1560 10.6 22 0.490114464099896 0.46875 7.57375658304567 3 -1 2 
0 1560 8.6 23 0.366935483870968 0.420161290322581 7.53079769146144 1 1 -2 
1 1570 10.6 22 0.46060794044665 0.408602150537634 4.13488133773974 3 -1 2 
0 1570 8.6 23 0.400853889943074 0.494354838709677 3.38179397029395 1 1 -2 
1 1580 10.6 22 0.5110513739546 0.338709677419355 29.5564189798039 3 -1 2 
0 1580 8.6 23 0.438879456706282 0.554838709677419 4.81321324128433 1 1 -2 
1 1590 10.6 22 0.508736559139785 0.280241935483871 12.2265722221121 3 -1 2 
0 1590 8.6 23 0.449932795698925 0.589516129032258 8.86637253373735 1 1 -2 
1 1600 10.6 22 0.459677419354839 0.242943548387097 10.6692521383065 3 -1 2 
0 1600 8.6 23 0.412023460410557 0.690322580645161 6.15718905268457 1 1 -2 
1 1610 10.6 22 0.553987455197133 0.211693548387097 11.1159880159258 2 -1 1 
0 1610 8.6 23 0.522465437788018 0.717741935483871 6.76753370610938 1 1 -1 
1 1620 10.6 22 0.488225806451613 0.214717741935484 15.4299165632901 2 -1 1 
0 1620 8.6 23 0.44039270687237 0.741129032258065 4.9876370501574 1 1 -1 
1 1630 10.6 22 0.383064516129032 0.238911290322581 9.70136385688796 2 -1 1 
0 1630 8.6 23 0.450492831541219 0.698588709677419 4.48697407053822 1 1 -1 
1 1640 10.6 22 0.556787634408602 0.206653225806452 12.7003213851425 2 -1 1 
0 1640 8.6 23 0.479601518026565 0.648185483870968 3.92465746177648 1 1 -1 
1 1650 10.6 22 0.468581989247312 0.191532258064516 17.2439128302004 2 -1 1 
0 1650 8.6 23 0.456720430107527 0.469758064516129 21.0220488449491 1 1 -1 
1 1660 10.6 22 0.458870967741935 0.280241935483871 16.9885949252256 2 -1 1 
0 1660 8.6 23 0.457885304659498 0.397177419354839 37.4875156518883 1 1 -1 
1 1670 10.6 23 0.526612903225806 0.383064516129032 24.5078300940315 2 0 1 
0 1670 8.6 23 0.549486803519062 0.414314516129032 30.9615618660207 1 0 -1 
1 1680 10.6 23 0.48608220603538 0.397177419354839 23.1125042144807 2 0 1 
0 1680 8.6 23 0.446716589861751 0.414314516129032 26.1826950476865 1 0 -1 
1 1690 10.6 23 0.535543608124253 0.393145161290323 6.49703553296789 2 0 1 
0 1690 8.6 23 0.423639112903226 0.409274193548387 15.2807434675857 1 0 -1 
1 1700 10.6 23 0.612096774193548 0.414516129032258 33.2289446524383 2 0 1 
0 1700 8.6 23 0.541508538899431 0.417741935483871 30.1086352310641 1 0 -1 
1 1710 10.6 23 0.472520908004779 0.424193548387097 22.6505908627402 2 -1 1 
0 1710 8.6 24 0.429032258064516 0.441129032258065 24.5413099983056 1 1 -1 
1 1720 10.6 23 0.485752688172043 0.467741935483871 21.0635464838116 2 -1 1 
0 1720 8.6 24 0.41364247311828 0.424395161290323 10.9766727236091 1 1 -1 
1 1730 10.6 23 0.561179087875417 0.443548387096774 9.62364382494226 2 -1 1 
0 1730 8.6 24 0.416129032258064 0.413306451612903 6.45442229911209 1 1 -1 
1 1740 10.6 23 0.465651135005974 0.497983870967742 4.33673214346081 2 -1 1 
0 1740 8.6 24 0.337589605734767 0.453629032258065 3.38771612668149 1 1 -1 
1 1750 10.6 23 0.488423517169615 0.449596774193548 6.80354736810336 2 -1 1 
0 1750 8.6 24 0.426971326164875 0.484879032258065 6.51813077363553 1 1 -1 
1 1760 10.6 23 0.575483870967742 0.332661290322581 18.7200573125507 2 -1 1 
0 1760 8.6 24 0.522952853598015 0.515120967741936 8.5990398907157 1 1 -1 
1 1770 10.6 23 0.482940446650124 0.254032258064516 10.8197376962766 2 -1 1 
0 1770 8.6 24 0.396110056925996 0.457661290322581 18.8714700984283 1 1 -1 
1 1780 10.6 23 0.517907969639469 0.323387096774194 20.464925472689 2 -1 1 
0 1780 8.6 24 0.349654377880184 0.376612903225806 34.2051795269802 1 1 -1 
1 1790 10.6 23 0.593548387096774 0.429838709677419 23.0448431280897 2 -1 1 
0 1790 8.6 24 0.386088709677419 0.346774193548387 30.7597432962226 1 1 -1 
1 1800 10.6 23 0.5165770609319 0.484677419354839 9.39654455960106 2 -1 1 
0 1800 8.6 24 0.416282642089094 0.358064516129032 21.7462393981079 1 1 -1 
1 1810 10.6 23 0.420645161290323 0.489516129032258 6.99538280922993 2 -1 1 
0 1810 8.6 24 0.409090909090909 0.4 22.7183264006533 1 1 -1 
1 1820 10.6 23 0.439516129032258 0.484677419354839 7.02473056761241 2 -1 1 
0 1820 8.6 24 0.503115835777126 0.460685483870968 32.4458126032551 1 1 -1 
1 1830 10.6 24 0.492703533026114 0.501612903225806 5.35987692012939 2 0 1 
0 1830 8.6 24 0.485887096774194 0.399193548387097 0 1 0 -1 
1 1840 10.6 24 0.563306451612903 0.531451612903226 6.80622681525327 2 0 1 
0 1840 8.6 24 0.439238042269188 0.395161290322581 0 1 0 -1 
1 1850 10.6 24 0.563306451612903 0.674193548387097 11.4305129832624 2 0 1 
0 1850 8.6 24 0.483870967741936 0.245967741935484 0 1 0 -1 
1 1860 10.6 24 0.563330170777989 0.783870967741936 3.68022396470872 2 0 1 
0 1860 8.6 24 0.571307300509338 0.165322580645161 0 1 0 -1 
1 1870 10.6 24 0.61945564516129 0.824596774193548 4.07068808682918 2 0 1 
0 1870 8.6 24 0.569556451612903 0.165322580645161 0 1 0 -1 
