1 30 10 1 NaN 0.2919921875 42.6121779403952 3 0 0 
0 30 11 1 NaN 0.2451171875 16.597132595679 3 0 0 
1 40 10 1 NaN 0.2859375 38.2612375212448 3 0 0 
0 40 11 1 NaN 0.2859375 27.7946444808002 3 0 0 
1 50 10 1 0.39453125 0.32734375 37.1596299838786 3 0 0 
0 50 11 1 0.36328125 0.35859375 33.9381140107341 3 0 0 
1 60 10 1 0.401884191176471 0.4421875 30.5871247396693 3 0 0 
0 60 11 1 0.3703125 0.459375 38.4155288505973 3 0 0 
1 70 10 1 0.4232421875 0.4921875 39.4382409960586 3 0 0 
0 70 11 1 0.370476973684211 0.46484375 39.4562522109252 3 0 0 
1 80 10 1 0.461237980769231 0.47890625 31.4964617160651 3 0 0 
0 80 11 1 0.447520380434783 0.48046875 44.0269258331539 3 0 0 
1 90 10 1 0.457570043103448 0.4796875 30.2605755592845 3 0 0 
0 90 11 1 0.3921875 0.4609375 38.9643071228114 3 0 0 
1 100 10 2 0.47046875 0.4890625 35.1824778591615 3 1 0 
0 100 11 1 0.38828125 0.47265625 33.5952713730679 3 -1 0 
1 110 10 2 0.49906994047619 0.49609375 32.7501319047764 3 0 0 
0 110 11 2 0.4287109375 0.435546875 35.021297844371 3 0 0 
1 120 10 2 0.435649671052632 0.5244140625 33.7205470070049 3 0 0 
0 120 11 2 0.401646205357143 0.392578125 35.7822789360042 3 0 0 
1 130 10 3 0.4189453125 0.496875 31.0667916598628 3 1 0 
0 130 11 2 0.3996875 0.346875 45.4386991257715 3 -1 0 
1 140 10 3 0.465021306818182 0.4234375 46.5981613269568 3 1 0 
0 140 11 2 0.436342592592593 0.29375 31.9281871613935 3 -1 0 
1 150 10 3 0.449488146551724 0.46640625 39.0132977832357 3 0 0 
0 150 11 3 0.401100852272727 0.3625 30.841531113907 3 0 0 
1 160 10 4 0.443104619565217 0.49140625 44.0896879982378 3 1 0 
0 160 11 3 0.401785714285714 0.41328125 45.6628019514946 3 -1 0 
1 170 10 4 0.482167119565217 0.490625 41.3550675360847 3 1 0 
0 170 11 3 0.430555555555556 0.4453125 45.1991058517318 3 -1 0 
1 180 10 4 0.439290364583333 0.51875 44.1629548160585 3 0 0 
0 180 11 4 0.40234375 0.47265625 42.1960000587588 3 0 0 
1 190 10 4 0.439778645833333 0.4921875 33.2560181224717 3 0 0 
0 190 11 4 0.382254464285714 0.4546875 41.5586941530667 3 0 0 
1 200 10 5 0.4765625 0.48125 29.1185104847629 3 1 0 
0 200 11 4 0.422334558823529 0.4703125 42.1079950460335 3 -1 0 
1 210 10 5 0.443256578947368 0.47109375 29.4176426725121 3 0 0 
0 210 11 5 0.392493206521739 0.46328125 44.9451366573838 3 0 0 
1 220 10 5 0.42671130952381 0.51484375 42.5077617677199 3 0 0 
0 220 11 5 0.386379076086957 0.4359375 47.7794461413788 3 0 0 
1 230 10 5 0.45068359375 0.5185546875 47.4213640641996 3 0 0 
0 230 11 5 0.43648097826087 0.41640625 30.2743185885318 3 0 0 
1 240 10 6 0.454777644230769 0.522135416666667 39.9531115396226 3 0 0 
0 240 11 6 0.393880208333333 0.44609375 17.3166916453858 3 0 0 
1 250 10 6 0.46640625 0.4130859375 59.1710260860932 3 0 0 
0 250 11 6 0.38374255952381 0.4375 21.5924203582032 3 0 0 
1 260 10 6 0.480608258928571 0.4267578125 37.1592039366992 3 0 0 
0 260 11 6 0.423117897727273 0.44296875 28.9706791786123 3 0 0 
1 270 10 6 0.49140625 0.408854166666667 39.7829210854337 3 0 0 
0 270 11 6 0.380709134615385 0.46953125 36.5843228556088 3 0 0 
1 280 10 6 0.460286458333333 0.381510416666667 56.0687948395656 3 -1 0 
0 280 11 7 0.39155505952381 0.4625 39.2122068918248 3 1 0 
1 290 10 7 0.450067934782609 0.378125 35.9825261900566 3 0 0 
0 290 11 7 0.41499255952381 0.44453125 39.0322001681445 3 0 0 
1 300 10 7 0.45361328125 0.361328125 22.8354162988727 3 0 0 
0 300 11 7 0.420176630434783 0.50625 24.2039737655588 3 0 0 
1 310 10 7 0.44015625 0.455078125 16.6270862742692 3 0 0 
0 310 11 7 0.38232421875 0.4990234375 11.1812856660336 3 0 0 
1 320 10 7 0.466936383928571 0.458984375 13.0299055633813 3 0 0 
0 320 11 7 0.42289402173913 0.4765625 14.2603256561 3 0 0 
1 330 10 7 0.445723684210526 0.3859375 32.3145959558254 3 0 0 
0 330 11 7 0.412181712962963 0.376302083333333 42.9551742491406 3 0 0 
1 340 10 8 0.4205078125 0.47578125 42.833279707244 3 1 0 
0 340 11 7 0.406502016129032 0.349609375 30.0083321762473 3 -1 0 
1 350 10 8 0.448879076086957 0.50078125 38.9133657508447 3 1 0 
0 350 11 7 0.4473876953125 0.2958984375 39.2244898312793 3 -1 0 
1 360 10 8 0.476432291666667 0.5 39.2991426603636 3 0 0 
0 360 11 8 0.414453125 0.35390625 38.9662126107814 3 0 0 
1 370 10 9 0.427827380952381 0.50390625 39.3384563144725 3 1 0 
0 370 11 8 0.381578947368421 0.39765625 38.2407487713952 3 -1 0 
1 380 10 9 0.4490234375 0.51171875 39.332699751008 3 1 0 
0 380 11 8 0.453385416666667 0.43984375 40.4567684533523 3 -1 0 
1 390 10 9 0.44438244047619 0.5046875 37.7124965791847 3 1 0 
0 390 11 8 0.37109375 0.48515625 43.2858978879554 3 -1 0 
1 400 10 9 0.43452380952381 0.501302083333333 42.5072512400844 3 0 0 
0 400 11 9 0.369791666666667 0.46328125 43.3305829813459 3 0 0 
1 410 10 9 0.472265625 0.5 38.5812161578338 3 0 0 
0 410 11 9 0.430059523809524 0.4390625 39.4806064436508 3 0 0 
1 420 10 10 0.47172619047619 0.4404296875 49.5292334872079 3 1 0 
0 420 11 9 0.390802556818182 0.421875 28.5407792881606 3 -1 0 
1 430 10 10 0.433125 0.405598958333333 55.0196973688658 3 1 0 
0 430 11 9 0.380681818181818 0.41171875 33.7318326596437 3 -1 0 
1 440 10 10 0.453125 0.4140625 48.3846834144015 3 1 0 
0 440 11 9 0.441243489583333 0.41796875 29.8479701701661 3 -1 0 
1 450 10 10 0.478430706521739 0.4775390625 39.5345621668592 3 1 0 
0 450 11 9 0.417317708333333 0.43203125 34.3497652478309 3 -1 0 
1 460 10 10 0.451869419642857 0.5576171875 35.4554473691766 3 0 0 
0 460 11 10 0.43234375 0.42734375 31.5662783299525 3 0 0 
1 470 10 11 0.4642333984375 0.56640625 3.90576713740599 3 1 0 
0 470 11 10 0.450892857142857 0.388671875 4.60977222864644 3 -1 0 
1 480 10 11 0.481546336206897 0.615885416666667 18.001459807886 3 1 0 
0 480 11 10 0.407072368421053 0.42578125 0 3 -1 0 
1 490 10 11 0.508355034722222 0.4541015625 39.9093593993443 3 1 0 
0 490 11 10 0.362847222222222 0.217447916666667 47.4912294915899 3 -1 0 
1 500 10 12 0.572823660714286 0.4755859375 45.9289954590923 3 2 0 
0 500 11 10 0.3623046875 0.1904296875 22.6913579475045 3 -2 0 
1 510 10 12 0.532488567073171 0.541015625 46.57788539002 3 2 0 
0 510 11 10 0.3625 0.26953125 29.4301687779817 3 -2 0 
1 520 10 12 0.510091145833333 0.52734375 48.2240916289018 3 1 0 
0 520 11 11 0.375 0.3486328125 44.575061569748 3 -1 0 
1 530 10 12 0.556696428571429 0.3896484375 53.2275405913607 3 1 0 
0 530 11 11 0.38671875 0.4599609375 50.4131821214842 3 -1 0 
1 540 10 13 0.553125 0.5029296875 38.6886057488565 3 2 0 
0 540 11 11 0.38671875 0.4328125 37.2074159588056 3 -2 0 
1 550 10 13 0.537176724137931 0.568359375 30.3553173411583 3 2 0 
0 550 11 11 0.38671875 0.38984375 42.0739005813151 3 -2 0 
1 560 10 13 0.571614583333333 0.5751953125 38.9478707737952 3 1 0 
0 560 11 12 0.475911458333333 0.37109375 31.0411180467061 3 -1 0 
1 570 10 13 0.504480698529412 0.58125 20.9531395222011 3 1 0 
0 570 11 12 0.328683035714286 0.36328125 27.0740067104249 3 -1 0 
1 580 10 13 0.490234375 0.53125 37.5718793322238 3 1 0 
0 580 11 12 0.353385416666667 0.384765625 27.077616730426 3 -1 0 
1 590 10 13 0.61796875 0.630208333333333 41.2880931898659 3 1 0 
0 590 11 12 0.336774553571429 0.2978515625 30.6174074386293 3 -1 0 
1 600 10 14 0.565867456896552 0.65625 57.6974869470066 3 1 0 
0 600 11 13 0.314797794117647 0.2828125 30.7953584987066 3 -1 0 
1 610 10 14 0.508563701923077 0.6953125 50.7666228933933 3 1 0 
0 610 11 13 0.392728365384615 0.2859375 27.3872904657465 3 -1 0 
1 620 10 14 0.490045362903226 0.463541666666667 53.783068628459 3 1 0 
0 620 11 13 0.396614583333333 0.365625 21.0222422662371 3 -1 0 
1 630 10 14 0.5421875 0.4296875 32.1908372056397 3 1 0 
0 630 11 13 0.3056640625 0.45859375 14.6975610248583 3 -1 0 
1 640 10 14 0.539654356060606 0.424479166666667 45.444222998972 3 1 0 
0 640 11 13 0.300480769230769 0.44296875 24.1233538838051 3 -1 0 
1 650 10 15 0.615848214285714 0.459635416666667 47.6773345571041 3 2 0 
0 650 11 13 0.286931818181818 0.440625 26.1060074815266 3 -2 0 
1 660 10 15 0.60771484375 0.43671875 45.47626114507 3 2 0 
0 660 11 13 0.309430803571429 0.4609375 36.2138774913836 3 -2 0 
1 670 10 15 0.586890243902439 0.51953125 61.2244343829609 3 2 0 
0 670 11 13 0.455729166666667 0.396484375 40.267705577223 3 -2 0 
1 680 10 15 0.63203125 0.484375 24.0562447699722 3 1 0 
0 680 11 14 0.4546875 0.3515625 47.4295907697676 3 -1 0 
1 690 10 16 0.530448717948718 0.489583333333333 4.78993399690239 3 2 0 
0 690 11 14 0.2826171875 0.278645833333333 23.0203408881247 3 -2 0 
1 700 10 16 0.5059814453125 0.490885416666667 6.49965874486119 3 2 0 
0 700 11 14 0.304036458333333 0.2724609375 15.2380750248742 3 -2 0 
1 710 10 16 0.6046142578125 0.4375 5.27276983544047 3 2 0 
0 710 11 14 0.353966346153846 0.3203125 20.2226318352371 3 -2 0 
1 720 10 16 0.492466517857143 0.3251953125 16.8252814738565 3 2 0 
0 720 11 14 0.3412109375 0.4125 34.9963266693391 3 -2 0 
1 730 10 16 0.445991847826087 0.4423828125 24.1281788063096 3 1 0 
0 730 11 15 0.378162202380952 0.39609375 28.9054182030996 3 -1 0 
1 740 10 16 0.494395380434783 0.4443359375 19.709838969788 3 1 0 
0 740 11 15 0.3903125 0.46875 25.7166139147349 3 -1 0 
1 750 10 16 0.456881009615385 0.4078125 9.77335471337657 3 1 0 
0 750 11 15 0.390115489130435 0.4951171875 10.0471374829181 3 -1 0 
1 760 10 16 0.430419921875 0.51953125 10.8501578735803 3 1 0 
0 760 11 15 0.369873046875 0.41015625 3.93783673515256 3 -1 0 
1 770 10 17 0.574573863636364 0.6181640625 5.75809574763751 3 2 0 
0 770 11 15 0.352272727272727 0.322265625 6.96419413859206 3 -2 0 
1 780 10 17 0.520442708333333 0.6953125 5.61561873340897 3 2 0 
0 780 11 15 0.414713541666667 0.205729166666667 18.6389043395032 3 -2 0 
1 790 10 17 0.463355654761905 0.724609375 3.23118051166999 3 2 0 
0 790 11 15 0.3564453125 0.188802083333333 13.1114046129637 3 -2 0 
1 800 10 17 0.55150462962963 0.6572265625 21.6405474156517 3 2 0 
0 800 11 15 0.356026785714286 0.283854166666667 3.83807881074885 3 -2 0 
1 810 10 17 0.530362215909091 0.53515625 17.9971351864471 3 2 0 
0 810 11 15 0.383056640625 0.30546875 27.1797946548065 3 -2 0 
1 820 10 18 0.504464285714286 0.5458984375 6.11053966135228 3 2 0 
0 820 11 16 0.396763392857143 0.3349609375 21.2244525516372 3 -2 0 
1 830 10 18 0.510416666666667 0.5546875 7.26076089567306 3 2 0 
0 830 11 16 0.400240384615385 0.3671875 16.5948135409837 3 -2 0 
1 840 10 18 0.530198317307692 0.607421875 12.2081232580433 3 2 0 
0 840 11 16 0.371484375 0.359375 21.1723125487449 3 -2 0 
1 850 10 18 0.495689655172414 0.69140625 5.71754236314128 3 2 0 
0 850 11 16 0.328869047619048 0.29296875 10.5475115548645 3 -2 0 
1 860 10 18 0.5325927734375 0.6390625 23.934515803371 3 2 0 
0 860 11 16 0.318873355263158 0.162109375 16.6207701385947 3 -2 0 
1 870 10 19 0.558092948717949 0.72265625 12.9515478433519 3 3 1 
0 870 11 16 0.353665865384615 0.220703125 9.61769203083567 2 -3 -1 
1 880 10 19 0.530441810344828 0.6796875 32.8311311401528 3 3 1 
0 880 11 16 0.398046875 0.1796875 16.5991178045204 2 -3 -1 
1 890 10 19 0.544921875 0.6625 35.7258070087794 3 3 1 
0 890 11 16 0.40234375 0.19921875 16.2035446856095 2 -3 -1 
1 900 10 19 0.506727430555556 0.6572265625 25.6614221858565 3 3 1 
0 900 11 16 0.328857421875 0.2265625 3.73935433230954 2 -3 -1 
1 910 10 20 0.535041360294118 0.68359375 39.8793448908822 3 3 1 
0 910 11 17 0.333705357142857 0.27734375 21.126983219762 2 -3 -1 
1 920 10 20 0.564360119047619 0.4765625 63.3033650555448 3 3 1 
0 920 11 17 0.36328125 0.3544921875 20.7546147022728 2 -3 -1 
1 930 10 20 0.59484011627907 0.44140625 60.2025405658512 3 3 1 
0 930 11 17 0.271205357142857 0.373046875 8.36619295745406 2 -3 -1 
1 940 10 20 0.604029605263158 0.62109375 42.353580054407 3 3 1 
0 940 11 17 NaN 0.357421875 9.13748927658229 2 -3 -1 
1 950 10 20 0.622365552325581 0.7197265625 30.1864187103437 3 3 1 
0 950 11 17 NaN 0.2734375 15.1329978107595 2 -3 -1 
1 960 10 20 0.610763888888889 0.7607421875 15.8277344739067 3 2 1 
0 960 11 18 NaN 0.1859375 11.7162397525594 2 -2 -1 
1 970 10 20 0.626767113095238 0.76953125 8.72317344899265 3 2 2 
0 970 11 18 NaN 0.2197265625 5.68560925775671 1 -2 -2 
1 980 10 20 0.661399147727273 0.705078125 23.7170824512628 3 2 2 
0 980 11 18 NaN 0.266927083333333 6.24799814359283 1 -2 -2 
1 990 10 20 0.652652138157895 0.4375 76.5310394545899 3 2 3 
0 990 11 18 NaN 0.240885416666667 5.76522388967181 0 -2 -3 
1 1000 10 21 0.581271701388889 0.376953125 39.6137602355545 3 2 3 
0 1000 11 19 NaN 0.223958333333333 3.60686059624479 0 -2 -3 
1 1010 10 21 0.554253472222222 0.587890625 17.3349358233597 3 2 3 
0 1010 11 19 NaN 0.1748046875 7.94536096464722 0 -2 -3 
1 1020 10 21 0.603219696969697 0.6171875 9.89949493661167 3 2 3 
0 1020 11 19 0.2625 0.2060546875 11.489126549661 0 -2 -3 
1 1030 10 21 0.560032894736842 0.625 0 3 2 3 
0 1030 11 19 0.256510416666667 0.3125 15.1160552640845 0 -2 -3 
1 1040 10 21 0.533854166666667 0.37890625 56.4734450870495 3 2 3 
0 1040 11 19 0.256510416666667 0.3609375 23.4718888105053 0 -2 -3 
1 1050 10 21 0.627308238636364 0.37109375 42.2177584569894 3 2 3 
0 1050 11 19 0.242542613636364 0.3796875 11.2489436978973 0 -2 -3 
1 1060 10 21 0.569568452380952 0.311197916666667 15.7997671629532 3 2 3 
0 1060 11 19 0.296875 0.35546875 9.54277886560993 0 -2 -3 
1 1070 10 21 0.579458841463415 0.32421875 2.66666666666667 3 2 3 
0 1070 11 19 0.296875 0.4 8.29232543544782 0 -2 -3 
1 1080 10 21 0.582126524390244 0.48046875 13.5835505824163 3 1 3 
0 1080 11 20 0.25078125 0.38046875 10.4187397295317 0 -1 -3 
1 1090 10 21 0.587091619318182 0.53515625 4.27200187265877 3 1 3 
0 1090 11 20 0.404947916666667 0.36328125 25.6424651674904 0 -1 -3 
1 1100 10 21 0.581081081081081 0.4560546875 39.3781815160984 3 1 3 
0 1100 11 20 0.404947916666667 0.37109375 31.0641419967679 0 -1 -3 
1 1110 10 21 0.608829941860465 0.5390625 40.5013628613378 3 1 3 
0 1110 11 20 0.28671875 0.345052083333333 8.14538975962744 0 -1 -3 
1 1120 10 21 0.599662162162162 0.447916666666667 23.747836056708 3 1 3 
0 1120 11 20 NaN 0.291666666666667 8.09988514497686 0 -1 -3 
1 1130 10 21 0.621961805555556 0.5205078125 48.5855887670128 3 1 3 
0 1130 11 20 NaN 0.196614583333333 9.57362632379468 0 -1 -3 
1 1140 10 21 0.5885009765625 0.51953125 52.1506658730624 3 1 3 
0 1140 11 20 0.214518229166667 0.208333333333333 7.03670296791738 0 -1 -3 
1 1150 10 21 0.57740162037037 0.41796875 22.872248941532 3 1 3 
0 1150 11 20 NaN 0.26171875 20.8442985893948 0 -1 -3 
1 1160 10 21 0.580245535714286 0.341796875 20.0866516942805 3 1 3 
0 1160 11 20 NaN 0.24609375 16.2654459770692 0 -1 -3 
1 1170 10 21 0.585119912790698 0.380859375 8.09058978172276 3 1 3 
0 1170 11 20 0.221923828125 0.2421875 26.5231920347582 0 -1 -3 
1 1180 10 21 0.587983630952381 0.416015625 9.42296785230192 3 0 3 
0 1180 11 21 0.25 0.24375 27.1154114377247 0 0 -3 
1 1190 10 21 0.608984375 0.43359375 2.63155746576263 3 0 3 
0 1190 11 21 0.25 0.30859375 29.2915814982006 0 0 -3 
1 1200 10 21 0.619092987804878 0.4130859375 2.90135597321625 3 0 3 
0 1200 11 21 0.237980769230769 0.4609375 31.1532071651378 0 0 -3 
1 1210 10 22 0.54296875 0.421875 3.88212441906229 3 1 3 
0 1210 11 21 0.2734375 0.471875 33.1789500217346 0 -1 -3 
1 1220 10 22 0.602898848684211 0.463541666666667 2.60632730611108 3 1 3 
0 1220 11 21 0.2734375 0.46171875 32.1907819866801 0 -1 -3 
1 1230 10 22 0.56806640625 0.486328125 2.91547594742265 3 1 3 
0 1230 11 21 0.249098557692308 0.408203125 33.4313754350612 0 -1 -3 
1 1240 10 22 0.625090843023256 0.474609375 12.6589889011722 3 1 3 
0 1240 11 21 NaN 0.4453125 40.0445876246489 0 -1 -3 
1 1250 10 22 0.658880739795918 0.380859375 36.2008287197959 3 1 3 
0 1250 11 21 NaN 0.4072265625 29.1843711920978 0 -1 -3 
1 1260 10 22 0.643963068181818 0.43359375 19.2353840616713 3 1 3 
0 1260 11 21 NaN 0.2685546875 27.3329774358708 0 -1 -3 
1 1270 10 22 0.611842105263158 0.63671875 29.0688837074973 3 0 3 
0 1270 11 22 NaN 0.193359375 5.02077285753845 0 0 -3 
1 1280 10 22 0.648036858974359 0.524739583333333 59.2697696948089 3 0 3 
0 1280 11 22 NaN 0.236328125 5.0993554828635 0 0 -3 
1 1290 10 22 0.601262019230769 0.458984375 46.0125967218475 3 0 3 
0 1290 11 22 0.248828125 0.2109375 16.9315789219787 0 0 -3 
1 1300 10 22 0.582859848484849 0.50390625 39.6923872889262 3 0 3 
0 1300 11 22 0.3740234375 0.25 14.9356933021309 0 0 -3 
1 1310 10 22 0.619891826923077 0.5078125 41.7010659778715 3 0 3 
0 1310 11 22 0.3740234375 0.34375 6.43490074687953 0 0 -3 
1 1320 10 22 0.611979166666667 0.52734375 20.7286127542749 3 0 3 
0 1320 11 22 0.267578125 0.29765625 9.97952272797857 0 0 -3 
1 1330 10 22 0.539174107142857 0.67890625 22.3772265378329 3 0 3 
0 1330 11 22 0.369977678571429 0.28125 16.7217089842957 0 0 -3 
1 1340 10 22 0.625 0.638020833333333 27.1408122095008 3 0 3 
0 1340 11 22 0.379464285714286 0.20546875 10.2798133847613 0 0 -3 
1 1350 10 22 0.553768382352941 0.55546875 45.1361836656102 3 0 3 
0 1350 11 22 0.313210227272727 0.2234375 6.012307806149 0 0 -3 
1 1360 10 22 0.510332661290323 0.55078125 27.3480006066698 3 0 3 
0 1360 11 22 0.1796875 0.1884765625 2.55576902297717 0 0 -3 
1 1370 10 22 0.584753787878788 0.63046875 17.9654744319954 3 0 3 
0 1370 11 22 0.3173828125 0.23046875 3.46358799371594 0 0 -3 
1 1380 10 22 0.544763513513513 0.74609375 0 3 -1 3 
0 1380 11 23 0.32861328125 0.2177734375 12.1615482463512 0 1 -3 
1 1390 10 22 0.56171875 0.7734375 0 3 -1 3 
0 1390 11 23 NaN 0.1845703125 3.94727264285554 0 1 -3 
1 1400 10 22 0.627473958333333 0.65234375 0 3 -1 3 
0 1400 11 23 NaN 0.275390625 15.4834884202443 0 1 -3 
1 1410 10 23 0.544585129310345 0.48046875 0 3 0 3 
0 1410 11 23 0.330357142857143 0.326171875 16.7846023260792 0 0 -3 
1 1420 10 23 0.523111979166667 0.509765625 51.618795026618 3 0 3 
0 1420 11 23 0.43359375 0.3095703125 16.7851605809774 0 0 -3 
1 1430 10 23 0.570177801724138 0.5078125 0 3 0 3 
0 1430 11 23 0.43359375 0.3 16.3786998123031 0 0 -3 
1 1440 10 23 0.599168346774194 0.421875 0 3 0 3 
0 1440 11 23 0.3046875 0.35390625 27.0970997103966 0 0 -3 
1 1450 10 23 0.510074013157895 0.244140625 31.9482567264524 3 0 3 
0 1450 11 23 0.353298611111111 0.39140625 9.01047448335109 0 0 -3 
1 1460 10 23 0.585582386363636 0.4072265625 17.8060336853852 3 0 3 
0 1460 11 23 0.348307291666667 0.40078125 5.39004095987144 0 0 -3 
1 1470 10 23 0.645210597826087 0.5302734375 21.8283836139224 3 0 3 
0 1470 11 23 0.251953125 0.3734375 5.07308933891011 0 0 -3 
1 1480 10 23 0.597478693181818 0.685546875 15.9219601584889 3 0 3 
0 1480 11 23 0.26328125 0.2640625 10.7575451457442 0 0 -3 
1 1490 10 23 0.620476973684211 0.7861328125 12.8790999187815 3 0 3 
0 1490 11 23 0.26328125 0.225 7.56970026282872 0 0 -3 
