1 30 6.4 1 NaN 0.196774193548387 4.75999140310786 3 0 0 
0 30 6.8 1 NaN 0.180443548387097 2.19359759111458 3 0 0 
1 40 6.4 1 NaN 0.238709677419355 8.90153136349268 3 0 0 
0 40 6.8 1 NaN 0.257056451612903 3.24384589328397 3 0 0 
1 50 6.4 1 0.368548387096774 0.295967741935484 13.6930085378959 3 0 0 
0 50 6.8 1 0.367943548387097 0.256451612903226 22.8798342939412 3 0 0 
1 60 6.4 1 0.364247311827957 0.436290322580645 23.4606303603052 3 0 0 
0 60 6.8 1 0.364247311827957 0.368548387096774 38.5818925279152 3 0 0 
1 70 6.4 1 0.404711375212224 0.487903225806452 24.6311190940027 3 0 0 
0 70 6.8 1 0.397657450076805 0.459677419354839 28.4467315662085 3 0 0 
1 80 6.4 1 0.453405017921147 0.494354838709677 22.3533179103216 3 0 0 
0 80 6.8 1 0.445833333333333 0.47883064516129 23.9195846359429 3 0 0 
1 90 6.4 1 0.400305895439377 0.485483870967742 24.8715630979099 3 0 0 
0 90 6.8 1 0.399492234169654 0.470161290322581 31.0476275945298 3 0 0 
1 100 6.4 1 0.427867383512545 0.491129032258064 22.2875712411149 3 0 0 
0 100 6.8 1 0.4375 0.500806451612903 30.0949390712285 3 0 0 
1 110 6.4 2 0.47741935483871 0.491935483870968 24.4381036112285 3 0 0 
0 110 6.8 2 0.45687237026648 0.487903225806452 36.3457509916269 3 0 0 
1 120 6.4 2 0.385322580645161 0.457258064516129 25.951111451987 3 0 0 
0 120 6.8 2 0.411002304147465 0.510483870967742 37.073712682259 3 0 0 
1 130 6.4 2 0.376273344651952 0.459677419354839 32.1272862789276 3 0 0 
0 130 6.8 2 0.442036290322581 0.491935483870968 39.6313580946701 3 0 0 
1 140 6.4 3 0.454677419354839 0.499193548387097 43.2953178687313 3 0 0 
0 140 6.8 3 0.456690561529271 0.498655913978495 25.1631196100369 3 0 0 
1 150 6.4 3 0.383064516129032 0.492741935483871 42.8523915944182 3 0 0 
0 150 6.8 3 0.387741935483871 0.391129032258065 45.2526994756596 3 0 0 
1 160 6.4 3 0.416733870967742 0.470766129032258 44.0750047685096 3 0 0 
0 160 6.8 3 0.426267281105991 0.451612903225806 39.1195712842307 3 0 0 
1 170 6.4 3 0.478777589134126 0.400806451612903 53.2156737750335 3 -1 0 
0 170 6.8 4 0.471630184331797 0.479838709677419 41.9423778572428 3 1 0 
1 180 6.4 4 0.395161290322581 0.39758064516129 50.2785019289001 3 0 0 
0 180 6.8 4 0.413306451612903 0.504838709677419 41.5283215532562 3 0 0 
1 190 6.4 4 0.374807987711213 0.445967741935484 33.0601388556951 3 0 0 
0 190 6.8 4 0.408870967741935 0.517741935483871 40.3245704507012 3 0 0 
1 200 6.4 4 0.444789081885856 0.476612903225806 37.6559237067121 3 0 0 
0 200 6.8 4 0.460372636262514 0.490322580645161 45.4715319514737 3 0 0 
1 210 6.4 5 0.40270551508845 0.495967741935484 34.4593103021912 3 1 0 
0 210 6.8 4 0.400489631336406 0.479838709677419 36.5999435738599 3 -1 0 
1 220 6.4 5 0.405846774193548 0.47258064516129 35.0935661444579 3 0 0 
0 220 6.8 5 0.454516129032258 0.491129032258064 37.1526903789844 3 0 0 
1 230 6.4 5 0.478494623655914 0.506451612903226 26.8375935071949 3 0 0 
0 230 6.8 5 0.456945889698231 0.5 36.2716157285314 3 0 0 
1 240 6.4 5 0.376051893408135 0.466129032258065 32.9354368251724 3 -1 0 
0 240 6.8 6 0.41796875 0.522177419354839 46.8874113557782 3 1 0 
1 250 6.4 6 0.39189708141321 0.507258064516129 42.1179582966884 3 0 0 
0 250 6.8 6 0.460553997194951 0.487903225806452 50.7666228933933 3 0 0 
1 260 6.4 6 0.474053295932679 0.492741935483871 49.4259435627895 3 0 0 
0 260 6.8 6 0.482643758765778 0.327956989247312 50.5347373345452 3 0 0 
1 270 6.4 6 0.377688172043011 0.516935483870968 31.6944794333073 3 0 0 
0 270 6.8 6 0.407119021134594 0.32258064516129 37.1784818386931 3 0 0 
1 280 6.4 7 0.396627565982405 0.409677419354839 40.7044153296587 3 1 0 
0 280 6.8 6 0.398826979472141 0.379838709677419 32.8165093025053 3 -1 0 
1 290 6.4 7 0.462413594470046 0.370967741935484 31.1123815146964 3 1 0 
0 290 6.8 6 0.436962365591398 0.439516129032258 20.4961145735415 3 -1 0 
1 300 6.4 7 0.412512218963832 0.463709677419355 28.3602178196172 3 0 0 
0 300 6.8 7 0.394441244239631 0.448387096774194 24.3367707689018 3 0 0 
1 310 6.4 7 0.419538123167155 0.488911290322581 30.3467465023063 3 0 0 
0 310 6.8 7 0.451451612903226 0.442741935483871 34.7831201316691 3 0 0 
1 320 6.4 8 0.4554698457223 0.433064516129032 45.646221854667 3 1 0 
0 320 6.8 7 0.472177419354839 0.462096774193548 32.8921660587213 3 -1 0 
1 330 6.4 8 0.389354838709677 0.470967741935484 34.1943175082065 3 1 0 
0 330 6.8 7 0.394354838709677 0.47258064516129 31.1078174341255 3 -1 0 
1 340 6.4 8 0.412298387096774 0.498387096774194 30.8767251976921 3 0 0 
0 340 6.8 8 0.394153225806452 0.488709677419355 32.2953060668498 3 0 0 
1 350 6.4 8 0.468637992831541 0.469758064516129 26.7173878269648 3 0 0 
0 350 6.8 8 0.465112201963534 0.505645161290323 30.8253846282027 3 0 0 
1 360 6.4 8 0.40105459057072 0.480846774193548 24.0689311461698 3 0 0 
0 360 6.8 8 0.410483870967742 0.47741935483871 30.1198601206941 3 0 0 
1 370 6.4 8 0.424354838709677 0.442741935483871 41.8988478760063 3 0 0 
0 370 6.8 8 0.39375 0.448387096774194 34.4722841226084 3 0 0 
1 380 6.4 9 0.471774193548387 0.464516129032258 25.6260174236571 3 0 0 
0 380 6.8 9 0.456195014662757 0.466129032258065 38.3412294245868 3 0 0 
1 390 6.4 9 0.382728494623656 0.466935483870968 25.6373337467161 3 0 0 
0 390 6.8 9 0.420110887096774 0.473387096774194 38.431867636088 3 0 0 
1 400 6.4 9 0.384475806451613 0.498387096774194 35.8258818661117 3 0 0 
0 400 6.8 9 0.402073732718894 0.483870967741936 21.3951710627384 3 0 0 
1 410 6.4 9 0.455334987593052 0.481451612903226 38.1915173732163 3 0 0 
0 410 6.8 9 0.462624069478908 0.455645161290323 35.566329728698 3 0 0 
1 420 6.4 10 0.407556750298686 0.484677419354839 35.3122524652212 3 1 0 
0 420 6.8 9 0.404338153503893 0.418346774193548 55.2868212098098 3 -1 0 
1 430 6.4 10 0.42314990512334 0.478225806451613 37.1219579796791 3 1 0 
0 430 6.8 9 0.41647465437788 0.395161290322581 37.7259857392753 3 -1 0 
1 440 6.4 11 0.470925297113752 0.503225806451613 41.2396607179991 3 1 0 
0 440 6.8 10 0.457741935483871 0.44758064516129 0 3 -1 0 
1 450 6.4 11 0.408004778972521 0.52258064516129 32.1737776687721 3 1 0 
0 450 6.8 10 0.405450500556174 0.277217741935484 45.8753965259968 3 -1 0 
1 460 6.4 11 0.41705069124424 0.454032258064516 47.9325220316082 3 1 0 
0 460 6.8 10 0.377688172043011 0.325 38.5490149089388 3 -1 0 
1 470 6.4 11 0.459072580645161 0.476612903225806 32.2381155082302 3 1 0 
0 470 6.8 10 0.429531490015361 0.409274193548387 19.3947356612107 3 -1 0 
1 480 6.4 12 0.364247311827957 0.54758064516129 26.9684963563823 3 2 0 
0 480 6.8 10 0.390681003584229 0.407258064516129 22.2088429591758 3 -2 0 
1 490 6.4 12 0.453541374474053 0.509677419354839 26.1853261314299 3 2 0 
0 490 6.8 10 0.414314516129032 0.419354838709677 27.2754581978009 3 -2 0 
1 500 6.4 12 0.483602150537634 0.538306451612903 19.1100439101799 3 1 0 
0 500 6.8 11 0.425201612903226 0.426612903225806 18.9592884984324 3 -1 0 
1 510 6.4 12 0.415188172043011 0.533266129032258 19.4836479525988 3 1 0 
0 510 6.8 11 0.379872311827957 0.440322580645161 17.4465552407102 3 -1 0 
1 520 6.4 12 0.405241935483871 0.48252688172043 6.43606308118888 3 1 0 
0 520 6.8 11 0.418906810035842 0.442741935483871 23.6249224968795 3 -1 0 
1 530 6.4 12 0.433467741935484 0.412298387096774 38.6861872336791 3 0 0 
0 530 6.8 12 0.43821540062435 0.45 30.3529242110193 3 0 0 
1 540 6.4 13 0.375175315568022 0.389112903225806 40.1523063383598 3 1 0 
0 540 6.8 12 0.398596176821983 0.491129032258064 30.7504470358894 3 -1 0 
1 550 6.4 13 0.40787841191067 0.390322580645161 30.1053473338112 3 1 0 
0 550 6.8 12 0.473886328725038 0.515322580645161 38.8102112547274 3 -1 0 
1 560 6.4 13 0.406922043010753 0.443548387096774 37.785350571689 3 1 0 
0 560 6.8 12 0.481929510155317 0.511290322580645 34.1989410126143 3 -1 0 
1 570 6.4 13 0.364247311827957 0.425806451612903 36.2781412493129 3 1 0 
0 570 6.8 12 0.407407407407407 0.524193548387097 31.2270375776462 3 -1 0 
1 580 6.4 13 0.430178268251273 0.44758064516129 35.2996529619527 3 1 0 
0 580 6.8 12 0.416873449131514 0.495967741935484 43.2875022755084 3 -1 0 
1 590 6.4 13 0.467069892473118 0.418548387096774 42.8269746675061 3 0 0 
0 590 6.8 13 0.468378607809847 0.495161290322581 36.5416419556909 3 0 0 
1 600 6.4 14 0.364247311827957 0.442741935483871 39.3339285533767 3 1 0 
0 600 6.8 13 0.425537634408602 0.49758064516129 30.818798668984 3 -1 0 
1 610 6.4 14 0.369544592030361 0.474193548387097 27.6393357916179 3 1 0 
0 610 6.8 13 0.435819892473118 0.504032258064516 20.8529877846396 3 -1 0 
1 620 6.4 14 0.451036866359447 0.520967741935484 18.8829012471117 3 1 0 
0 620 6.8 13 0.467443249701314 0.374193548387097 29.0944526240023 3 -1 0 
1 630 6.4 14 0.398745519713262 0.491129032258064 22.9266177849075 3 1 0 
0 630 6.8 13 0.409621802002225 0.434475806451613 30.5335007395622 3 -1 0 
1 640 6.4 14 0.409274193548387 0.473387096774194 27.5608798944635 3 1 0 
0 640 6.8 13 0.42023141654979 0.454637096774194 22.5233582560037 3 -1 0 
1 650 6.4 14 0.465293778801843 0.492741935483871 32.9666125341524 3 1 0 
0 650 6.8 13 0.452620967741936 0.473790322580645 32.5964922526208 3 -1 0 
1 660 6.4 15 0.424773185483871 0.499193548387097 42.1193385659721 3 2 0 
0 660 6.8 13 0.384516129032258 0.491935483870968 35.2215841796751 3 -2 0 
1 670 6.4 15 0.434979838709677 0.522177419354839 38.2548593411301 3 1 0 
0 670 6.8 14 0.435483870967742 0.408870967741935 42.6925113353827 3 -1 0 
1 680 6.4 15 0.45794930875576 0.504032258064516 29.3048015834962 3 1 0 
0 680 6.8 14 0.45866935483871 0.456451612903226 28.467324445582 3 -1 0 
1 690 6.4 15 0.384467040673212 0.471774193548387 21.4310665673182 3 1 0 
0 690 6.8 14 0.397952853598015 0.495967741935484 32.9946348845375 3 -1 0 
1 700 6.4 15 0.42741935483871 0.496975806451613 20.3534041976461 3 1 0 
0 700 6.8 14 0.379704301075269 0.485887096774194 41.975736167681 3 -1 0 
1 710 6.4 16 0.475374423963134 0.455645161290323 35.8801472417329 3 1 0 
0 710 6.8 15 0.453427419354839 0.492943548387097 48.8740183346752 3 -1 0 
1 720 6.4 16 0.384354838709677 0.46875 45.0575513540646 3 1 0 
0 720 6.8 15 0.37316715542522 0.498991935483871 45.5960614629774 3 -1 0 
1 730 6.4 16 0.431835637480799 0.46875 34.0898002843937 3 1 0 
0 730 6.8 15 0.396729390681004 0.433870967741935 36.8692969683625 3 -1 0 
1 740 6.4 16 0.466173835125448 0.476814516129032 27.921426625287 3 1 0 
0 740 6.8 15 0.44830069124424 0.443548387096774 25.348681759981 3 -1 0 
1 750 6.4 16 0.369318181818182 0.346774193548387 34.0715492721694 3 1 0 
0 750 6.8 15 0.428175403225806 0.461693548387097 35.3096678694255 3 -1 0 
1 760 6.4 16 0.380292338709677 0.300403225806452 42.9474570012475 3 0 0 
0 760 6.8 16 0.438330170777989 0.472782258064516 23.4845437897616 3 0 0 
1 770 6.4 16 0.434200879765396 0.320564516129032 21.7604379898462 3 0 0 
0 770 6.8 16 0.479838709677419 0.59005376344086 4.42980308634401 3 0 0 
1 780 6.4 16 0.371143057503506 0.360887096774194 9.70316387935596 3 0 0 
0 780 6.8 16 0.425342130987292 0.543346774193548 22.2533344414703 3 0 0 
1 790 6.4 17 0.378024193548387 0.396505376344086 3.8409017138774 3 1 0 
0 790 6.8 16 0.436895161290323 0.557459677419355 12.6507905476616 3 -1 0 
1 800 6.4 17 0.451881720430107 0.377016129032258 6.51920240520265 3 0 0 
0 800 6.8 17 0.478225806451613 0.487903225806452 36.0603713650753 3 0 0 
1 810 6.4 17 0.38148667601683 0.30241935483871 25.2855560788215 3 0 0 
0 810 6.8 17 0.445683111954459 0.534677419354839 32.48610320243 3 0 0 
1 820 6.4 17 0.36945564516129 0.356182795698925 9.78727449595853 3 0 0 
0 820 6.8 17 0.510806451612903 0.543548387096774 15.5899281522468 3 0 0 
1 830 6.4 17 0.430241935483871 0.375 8.55058725145582 3 0 0 
0 830 6.8 17 0.488533266129032 0.557258064516129 30.2298196324097 3 0 0 
1 840 6.4 17 0.364247311827957 0.34375 20.0702357503889 3 0 0 
0 840 6.8 17 0.422883064516129 0.524193548387097 24.9683986146386 3 0 0 
1 850 6.4 17 0.362903225806452 0.313709677419355 21.2401278207137 3 -1 0 
0 850 6.8 18 0.478353140916808 0.534677419354839 27.2103276553865 3 1 0 
1 860 6.4 17 0.432711693548387 0.394354838709677 19.1438148372676 3 -1 0 
0 860 6.8 18 0.522983870967742 0.461290322580645 19.1034254895025 3 1 0 
1 870 6.4 17 0.407402073732719 0.451612903225806 26.6387636875018 3 -1 0 
0 870 6.8 18 0.385248655913978 0.450806451612903 19.8868646064834 3 1 0 
1 880 6.4 18 0.379032258064516 0.440524193548387 29.4105539457788 3 0 0 
0 880 6.8 18 0.412692847124825 0.489516129032258 26.8993144626503 3 0 0 
1 890 6.4 18 0.469758064516129 0.393548387096774 32.691222428472 3 0 0 
0 890 6.8 18 0.484838709677419 0.595967741935484 25.6182571480548 3 0 0 
1 900 6.4 18 0.385 0.39758064516129 39.034142530161 3 0 0 
0 900 6.8 18 0.446796594982079 0.596774193548387 21.6926931259714 3 0 0 
1 910 6.4 18 0.400403225806452 0.389516129032258 33.5907624897998 3 0 0 
0 910 6.8 18 0.434957924263675 0.587903225806452 23.4825342380187 3 0 0 
1 920 6.4 18 0.487327188940092 0.460483870967742 43.6542929634304 3 0 0 
0 920 6.8 18 0.472614247311828 0.539314516129032 14.1386536345905 3 0 0 
1 930 6.4 18 0.421579532814238 0.49758064516129 41.3626270995646 3 0 0 
0 930 6.8 18 0.405086848635236 0.545362903225806 6.1403608068726 3 0 0 
1 940 6.4 19 0.414516129032258 0.448387096774194 46.6097961622504 3 1 0 
0 940 6.8 18 0.42196394686907 0.536290322580645 22.0225076802654 3 -1 0 
1 950 6.4 19 0.531970046082949 0.450806451612903 32.6903382555783 3 1 0 
0 950 6.8 18 0.477374551971326 0.501344086021505 9.63416984051562 3 -1 0 
1 960 6.4 19 0.451873048907388 0.471774193548387 34.2226249306461 3 1 0 
0 960 6.8 18 0.39530529953917 0.431451612903226 18.2060516128809 3 -1 0 
1 970 6.4 19 0.420362903225806 0.518548387096774 28.1822960263085 3 1 0 
0 970 6.8 18 0.428427419354839 0.384408602150538 19.9827920851606 3 -1 0 
1 980 6.4 20 0.506317204301075 0.523387096774194 22.4359727729984 3 1 0 
0 980 6.8 19 0.435987903225806 0.319556451612903 25.6232673125954 3 -1 0 
1 990 6.4 20 0.450604838709677 0.624193548387097 17.7559054154328 3 1 0 
0 990 6.8 19 0.366935483870968 0.323924731182796 17.7380290244304 3 -1 0 
1 1000 6.4 20 0.466501240694789 0.604838709677419 23.1265073606242 3 1 0 
0 1000 6.8 19 0.377122241086587 0.268817204301075 24.2579192259777 3 -1 0 
1 1010 6.4 20 0.490275142314991 0.599798387096774 14.7259062150632 3 1 0 
0 1010 6.8 19 0.400806451612903 0.321236559139785 8.26012598445866 3 -1 0 
1 1020 6.4 20 0.480222734254992 0.602822580645161 22.000766777854 3 1 0 
0 1020 6.8 19 0.363575268817204 0.376344086021505 5.26065989072822 3 -1 0 
1 1030 6.4 20 0.46195652173913 0.542338709677419 26.3258384015062 3 1 0 
0 1030 6.8 19 0.365322580645161 0.432795698924731 3.46547253745168 3 -1 0 
1 1040 6.4 20 0.560483870967742 0.565860215053763 32.8500650096752 3 0 0 
0 1040 6.8 20 0.384632616487455 0.397177419354839 14.7139389695622 3 0 0 
1 1050 6.4 21 0.496351766513057 0.638440860215054 33.5584993481438 3 1 0 
0 1050 6.8 20 0.360448807854137 0.313172043010753 36.0771321622635 3 -1 0 
1 1060 6.4 21 0.509105098855359 0.610215053763441 27.0868818271476 3 1 0 
0 1060 6.8 20 0.433719758064516 0.241935483870968 26.2028945342101 3 -1 0 
1 1070 6.4 21 0.571969696969697 0.413306451612903 40.0884214018111 3 1 0 
0 1070 6.8 20 0.396774193548387 0.338709677419355 31.2133417984813 3 -1 0 
1 1080 6.4 21 0.480581494057725 0.466733870967742 18.5383202290262 3 1 0 
0 1080 6.8 20 0.367866004962779 0.389784946236559 32.956598253869 3 -1 0 
1 1090 6.4 21 0.437181663837012 0.498991935483871 14.9981900453168 3 1 0 
0 1090 6.8 20 0.427602639296188 0.380376344086022 26.9857548793187 3 -1 0 
1 1100 6.4 21 0.47423835125448 0.599798387096774 15.8398236322865 3 1 0 
0 1100 6.8 20 0.427803379416283 0.370967741935484 0 3 -1 0 
1 1110 6.4 21 0.438508064516129 0.507258064516129 41.1237588848636 3 1 0 
0 1110 6.8 20 0.360407066052227 0.252016129032258 25.8940147524481 3 -1 0 
1 1120 6.4 21 0.482190860215054 0.582258064516129 29.9327914695427 3 1 0 
0 1120 6.8 20 0.356182795698925 0.243279569892473 21.369798251829 3 -1 0 
1 1130 6.4 21 0.558555399719495 0.526612903225806 21.605602754197 3 1 0 
0 1130 6.8 20 0.434331797235023 0.291666666666667 15.4065635419042 3 -1 0 
1 1140 6.4 22 0.472755013077594 0.52741935483871 31.0438027264412 3 2 0 
0 1140 6.8 20 0.334677419354839 0.323924731182796 13.3423814182331 3 -2 0 
1 1150 6.4 22 0.442780337941628 0.516129032258065 28.2892883741714 3 2 0 
0 1150 6.8 20 0.421809256661992 0.315860215053763 10.9252559057364 3 -2 0 
1 1160 6.4 22 0.466565860215054 0.486290322580645 39.3465601836624 3 1 0 
0 1160 6.8 21 0.435638957816377 0.30241935483871 33.651621117223 3 -1 0 
1 1170 6.4 22 0.424683179723502 0.501612903225806 41.0628487279669 3 1 0 
0 1170 6.8 21 0.339076246334311 0.296774193548387 40.5937232628054 3 -1 0 
1 1180 6.4 22 0.508870967741936 0.55 43.5403896926878 3 1 0 
0 1180 6.8 21 0.350094876660342 0.308064516129032 16.2299404672417 3 -1 0 
1 1190 6.4 22 0.585981973434535 0.60241935483871 34.3370963321415 3 1 0 
0 1190 6.8 21 0.369959677419355 0.337096774193548 2.66914628950653 3 -1 0 
1 1200 6.4 22 0.49221680420105 0.621975806451613 21.0399222744891 3 1 0 
0 1200 6.8 21 0.324702886247878 0.313709677419355 16.2122482917931 3 -1 0 
1 1210 6.4 22 0.487096774193548 0.607862903225806 19.8265782304143 3 1 0 
0 1210 6.8 21 0.341191066997519 0.316935483870968 25.9193303745658 3 -1 0 
1 1220 6.4 22 0.555821572580645 0.667338709677419 3.86483958908388 3 1 0 
0 1220 6.8 21 0.331149193548387 0.304838709677419 12.817194971737 3 -1 0 
1 1230 6.4 22 0.509498207885305 0.653225806451613 6.02812252989723 3 1 0 
0 1230 6.8 21 0.326411290322581 0.313709677419355 22.2603262967441 3 -1 0 
1 1240 6.4 22 0.523297491039426 0.661290322580645 3.04138126514911 3 0 0 
0 1240 6.8 22 0.343637992831541 0.319354838709677 20.8481872704003 3 0 0 
1 1250 6.4 22 0.545750620347395 0.620967741935484 0 3 0 0 
0 1250 6.8 22 0.347782258064516 0.326612903225806 16.8379945675022 3 0 0 
1 1260 6.4 22 0.466359447004608 0.479838709677419 0 3 0 0 
0 1260 6.8 22 0.362258064516129 0.362096774193548 24.9959304285963 3 0 0 
1 1270 6.4 22 0.402751423149905 0.195564516129032 20.7002415444845 3 0 0 
0 1270 6.8 22 0.416972140762463 0.429032258064516 27.5442290466309 3 0 0 
1 1280 6.4 22 0.528225806451613 0.300403225806452 1.11803398874989 3 0 0 
0 1280 6.8 22 0.501550868486352 0.551612903225806 36.2508781473476 3 0 0 
1 1290 6.4 22 0.358870967741936 0.330645161290323 2.69258240356725 3 0 0 
0 1290 6.8 22 0.485612170087977 0.555645161290323 34.2202702374385 3 0 0 
1 1300 6.4 22 0.361111111111111 0.379032258064516 2.23606797749979 3 0 0 
0 1300 6.8 22 0.451612903225806 0.493548387096774 31.280401361123 3 0 0 
1 1310 6.4 23 0.424731182795699 0.32741935483871 47.8255815539744 3 1 0 
0 1310 6.8 22 0.5303480475382 0.492741935483871 33.1796390147895 3 -1 0 
1 1320 6.4 23 0.395936724565757 0.340725806451613 36.1467973488182 3 0 0 
0 1320 6.8 23 0.465898617511521 0.508064516129032 32.8966961907037 3 0 0 
1 1330 6.4 23 0.387480798771121 0.387096774193548 24.9214851946999 3 0 0 
0 1330 6.8 23 0.452233250620347 0.501612903225806 31.3337585677879 3 0 0 
1 1340 6.4 23 0.451360887096774 0.483870967741936 26.792857814398 3 0 0 
0 1340 6.8 23 0.530913978494624 0.487096774193548 19.9391776936312 3 0 0 
1 1350 6.4 23 0.360483870967742 0.466397849462366 24.667910467541 3 0 0 
0 1350 6.8 23 0.456500488758553 0.510483870967742 22.8132891699579 3 0 0 
1 1360 6.4 23 0.358618951612903 0.452956989247312 41.362455574191 3 0 0 
0 1360 6.8 23 0.424923195084485 0.529838709677419 27.3226450049273 3 0 0 
1 1370 6.4 23 0.413530465949821 0.43010752688172 39.2128915328383 3 0 0 
0 1370 6.8 23 0.55272952853598 0.530645161290323 34.6928002624952 3 0 0 
1 1380 6.4 23 0.349462365591398 0.288978494623656 37.4556696398594 3 0 0 
0 1380 6.8 23 0.474686379928315 0.520161290322581 44.1580971040555 3 0 0 
1 1390 6.4 23 0.377688172043011 0.263440860215054 32.8021504967025 3 0 0 
0 1390 6.8 23 0.46008064516129 0.546774193548387 38.3617382382339 3 0 0 
1 1400 6.4 23 0.388306451612903 0.237903225806452 24.512055082885 3 0 0 
0 1400 6.8 23 0.579233870967742 0.635483870967742 39.9254448542916 3 0 0 
1 1410 6.4 23 0.381720430107527 0.214717741935484 16.5589877572498 3 -1 0 
0 1410 6.8 24 0.484197907585004 0.711290322580645 27.5990752156479 3 1 0 
1 1420 6.4 23 0.399503722084367 0.265120967741936 17.0038896648339 3 -1 0 
0 1420 6.8 24 0.500537634408602 0.705645161290323 27.9410937994102 3 1 0 
1 1430 6.4 23 0.401612903225806 0.234879032258065 13.9790972512225 2 -1 -1 
0 1430 6.8 24 0.578281423804227 0.670967741935484 27.1864978488919 3 1 1 
1 1440 6.4 23 0.311827956989247 0.247983870967742 8.64025207299881 2 -1 -1 
0 1440 6.8 24 0.497147915027537 0.679032258064516 14.6311555695207 3 1 1 
1 1450 6.4 23 0.309475806451613 0.289516129032258 27.6168636249518 2 -1 -1 
0 1450 6.8 24 0.472475455820477 0.615322580645161 7.72766403107293 3 1 1 
1 1460 6.4 23 0.283602150537634 0.329637096774194 19.5157818142953 2 -1 -1 
0 1460 6.8 24 0.584558823529412 0.665322580645161 11.7886911297052 3 1 1 
1 1470 6.4 23 0.29967008797654 0.286290322580645 6.39120065925195 2 -1 -1 
0 1470 6.8 24 0.494354838709677 0.681451612903226 5.10435086175511 3 1 1 
1 1480 6.4 23 0.381048387096774 0.3125 11.5974135047432 2 -1 -1 
0 1480 6.8 24 0.448457223001402 0.724798387096774 7.1908922695238 3 1 1 
1 1490 6.4 23 0.381048387096774 0.179435483870968 11.5974135047432 2 -1 -1 
0 1490 6.8 24 0.555478309232481 0.746975806451613 5.48109275734537 3 1 1 
1 1500 6.4 23 0.291595925297114 0.215725806451613 4.30116263352131 2 -1 -1 
0 1500 6.8 24 0.500375093773443 0.692204301075269 7.11749095213121 3 1 1 
1 1510 6.4 24 0.358870967741936 0.294354838709677 19.5256241897666 2 0 -1 
0 1510 6.8 24 0.502081165452653 0.517137096774194 36.3801347915708 3 0 1 
1 1520 6.4 24 0.358870967741936 0.310483870967742 21.1009478460092 2 0 -1 
0 1520 6.8 24 0.573336693548387 0.564516129032258 24.6970988287524 3 0 1 
1 1530 6.4 24 0.353878648233487 0.280913978494624 34.4551965837534 2 0 -1 
0 1530 6.8 24 0.476530190239868 0.446572580645161 15.0050875445464 3 0 1 
1 1540 6.4 24 0.396370967741935 0.259677419354839 29.06170848231 2 -1 -1 
0 1540 6.8 25 0.430275537634409 0.405241935483871 13.6881215446924 3 1 1 
1 1550 6.4 24 0.418478260869565 0.333870967741935 26.9030940484205 2 -1 -1 
0 1550 6.8 25 0.55510752688172 0.396774193548387 31.0513577206267 3 1 1 
1 1560 6.4 24 0.365143369175627 0.351612903225806 31.5948536660226 2 -1 -1 
0 1560 6.8 25 0.440686784599376 0.441935483870968 30.4135535429866 3 1 1 
1 1570 6.4 24 0.371543778801843 0.408266129032258 37.5851776344305 2 -1 -1 
0 1570 6.8 25 0.417251051893408 0.505645161290323 15.1093218388169 3 1 1 
1 1580 6.4 24 0.373387096774194 0.359879032258065 42.3044657564531 2 -1 -1 
0 1580 6.8 25 0.571157495256167 0.574193548387097 4.10106875738299 3 1 1 
1 1590 6.4 24 0.358520336605891 0.323588709677419 44.3205439528407 2 -1 -1 
0 1590 6.8 25 0.443422379032258 0.636290322580645 8.53267056656903 3 1 1 
1 1600 6.4 24 0.377016129032258 0.320564516129032 35.5091342449055 1 -1 -2 
0 1600 6.8 25 0.459080047789725 0.730645161290323 2.41146286458672 3 1 2 
1 1610 6.4 24 0.445719602977668 0.296370967741936 20.3370049530812 1 -1 -2 
0 1610 6.8 25 0.571087216248507 0.720967741935484 5.5234189496605 3 1 2 
1 1620 6.4 24 0.36434331797235 0.287298387096774 28.5824569434661 1 -1 -2 
0 1620 6.8 25 0.452461799660441 0.733064516129032 19.7883527551302 3 1 2 
1 1630 6.4 24 0.372983870967742 0.258064516129032 26.0059110883176 1 -1 -2 
0 1630 6.8 25 0.444295101553166 0.69758064516129 45.3305261928362 3 1 2 
1 1640 6.4 24 0.442204301075269 0.262096774193548 21.105910688227 1 -1 -2 
0 1640 6.8 25 0.520626550868486 0.661290322580645 41.7258519126103 3 1 2 
1 1650 6.4 25 0.316666666666667 0.340322580645161 21.7770951448564 1 0 -2 
0 1650 6.8 25 0.48996624156039 0.633064516129032 21.9066474546317 3 0 2 
1 1660 6.4 25 0.423051075268817 0.449596774193548 17.5871895948561 1 0 -2 
0 1660 6.8 25 0.523502304147465 0.57258064516129 0 3 0 2 
1 1670 6.4 25 0.431925996204934 0.479838709677419 17.8996423249411 1 0 -2 
0 1670 6.8 25 0.600582437275986 0.245967741935484 0 3 0 2 
1 1680 6.4 25 0.419880785413745 0.523185483870968 21.0288674120609 1 0 -2 
0 1680 6.8 25 0.530118499012508 0.326612903225806 0 3 0 2 
1 1690 6.4 25 NaN 0.535282258064516 48.3072037631459 1 0 -2 
0 1690 6.8 25 0.486463133640553 NaN NaN 3 0 2 
1 1700 6.4 25 0.629032258064516 0.652217741935484 22.9344825328429 1 0 -1 
0 1700 6.8 25 0.651942815249267 0.189516129032258 19.4743420941504 2 0 1 
1 1710 6.4 25 0.43050284629981 0.659274193548387 16.2886362928665 1 0 -1 
0 1710 6.8 25 0.564684139784946 0.221774193548387 14.4308696896618 2 0 1 
1 1720 6.4 25 0.706653225806452 0.588709677419355 59.3952015066774 1 0 -1 
0 1720 6.8 25 0.666666666666667 0.219086021505376 13.0407579052512 2 0 1 
1 1730 6.4 25 0.705645161290323 0.505040322580645 75.7488782923494 1 0 -1 
0 1730 6.8 25 0.694758064516129 0.193548387096774 2.90361647280229 2 0 1 
