1 30 10.2 1 NaN 0.2275390625 16.7841962014398 3 0 0 
0 30 11 1 NaN 0.1796875 16.638340290123 3 0 0 
1 40 10.2 1 NaN 0.28046875 28.1685981028843 3 0 0 
0 40 11 1 NaN 0.22265625 27.8559889057633 3 0 0 
1 50 10.2 1 NaN 0.3859375 35.0791286115631 3 0 0 
0 50 11 1 NaN 0.2625 34.3870460792022 3 0 0 
1 60 10.2 1 0.375 0.4638671875 36.6819344501801 3 0 0 
0 60 11 1 0.36640625 0.415625 46.5437521071397 3 0 0 
1 70 10.2 1 0.37109375 0.46484375 29.2109378253832 3 0 0 
0 70 11 1 0.369605654761905 0.4638671875 47.6037677243078 3 0 0 
1 80 10.2 1 0.4546875 0.48125 32.1018996233617 3 0 0 
0 80 11 1 0.444140625 0.479166666666667 45.4274062412627 3 0 0 
1 90 10.2 1 0.433894230769231 0.4984375 31.9233012209182 3 0 0 
0 90 11 1 0.408854166666667 0.3935546875 53.7295057890917 3 0 0 
1 100 10.2 2 0.412946428571429 0.4953125 32.0759147213111 3 1 0 
0 100 11 1 0.36328125 0.4638671875 32.639662013453 3 -1 0 
1 110 10.2 2 0.472925646551724 0.498046875 17.3557360938842 3 1 0 
0 110 11 1 0.4595703125 0.46328125 32.0102947593831 3 -1 0 
1 120 10.2 2 0.455965909090909 0.45390625 21.7935534662426 3 0 0 
0 120 11 2 0.371744791666667 0.4625 31.3724679284182 3 0 0 
1 130 10.2 2 0.42578125 0.39921875 25.6710329136502 3 0 0 
0 130 11 2 0.374112215909091 0.4328125 34.4751288818773 3 0 0 
1 140 10.2 2 0.48171875 0.44453125 24.9001697382324 3 0 0 
0 140 11 2 0.460049715909091 0.4638671875 37.2399170523616 3 0 0 
1 150 10.2 3 0.428071120689655 0.509114583333333 13.0247012691951 3 0 0 
0 150 11 3 0.39453125 0.4765625 27.9798660525272 3 0 0 
1 160 10.2 3 0.404747596153846 0.4609375 5.59016994374947 3 0 0 
0 160 11 3 0.397424768518519 0.40546875 40.763785833578 3 0 0 
1 170 10.2 3 0.476356907894737 0.302734375 42.5000366191285 3 0 0 
0 170 11 3 0.445913461538462 0.40625 43.0740545517756 3 0 0 
1 180 10.2 3 0.423227163461538 0.36171875 41.4009700856522 3 -1 0 
0 180 11 4 0.429561491935484 0.3109375 31.6252742178974 3 1 0 
1 190 10.2 3 0.37109375 0.4546875 28.4715652448577 3 -1 0 
0 190 11 4 0.416621767241379 0.31953125 32.2399486883924 3 1 0 
1 200 10.2 4 0.4603515625 0.490625 33.5511807787597 3 0 0 
0 200 11 4 0.481001420454545 0.42265625 17.9789361164747 3 0 0 
1 210 10.2 4 0.42734375 0.501953125 25.5585858697958 3 0 0 
0 210 11 4 0.414202008928571 0.478125 11.9086291066344 3 0 0 
1 220 10.2 4 0.380149147727273 0.498046875 30.634718985539 3 0 0 
0 220 11 4 0.377790178571429 0.49375 12.1376384675118 3 0 0 
1 230 10.2 5 0.459161931818182 0.41875 46.8712537750165 3 0 0 
0 230 11 5 0.455729166666667 0.46796875 15.5994597318267 3 0 0 
1 240 10.2 5 0.43046875 0.4703125 29.4621573710568 3 0 0 
0 240 11 5 0.405745967741936 0.48515625 26.4660907902548 3 0 0 
1 250 10.2 5 0.398947010869565 0.48515625 23.6835146069524 3 -1 0 
0 250 11 6 0.3671875 0.51796875 22.6538488790825 3 1 0 
1 260 10.2 5 0.502278645833333 0.5205078125 38.2813842470699 3 -1 0 
0 260 11 6 0.480251736111111 0.52578125 23.1294460859936 3 1 0 
1 270 10.2 6 0.419921875 0.494791666666667 43.3978501683771 3 0 0 
0 270 11 6 0.435267857142857 0.5125 22.9325015706436 3 0 0 
1 280 10.2 6 0.380326704545455 0.3369140625 39.1243662781018 3 0 0 
0 280 11 6 0.386209239130435 0.54296875 25.9776590791592 3 0 0 
1 290 10.2 6 0.4609375 0.34453125 45.4224187523558 3 -1 0 
0 290 11 7 0.469866071428571 0.4578125 31.8171678052567 3 1 0 
1 300 10.2 6 0.422025240384615 0.41640625 36.7451572435855 3 -1 0 
0 300 11 7 0.412194293478261 0.453125 29.6104053340968 3 1 0 
1 310 10.2 6 0.388671875 0.453125 36.3595687635872 3 -1 0 
0 310 11 7 0.38625 0.49453125 28.9272877162834 3 1 0 
1 320 10.2 7 0.455357142857143 0.455078125 41.1582579771824 3 0 0 
0 320 11 7 0.466202445652174 0.496875 29.4781939987726 3 0 0 
1 330 10.2 7 0.406436011904762 0.435546875 43.8378974423053 3 -1 0 
0 330 11 8 0.430739182692308 0.47265625 29.8284162512167 3 1 0 
1 340 10.2 7 0.39921875 0.39921875 51.0706758465937 3 -1 0 
0 340 11 8 0.388997395833333 0.50078125 32.2487484307343 3 1 0 
1 350 10.2 7 0.449424342105263 0.416666666666667 28.5728055490007 3 -1 0 
0 350 11 8 0.449751420454545 0.4328125 47.2170522972453 3 1 0 
1 360 10.2 7 0.434461805555556 0.438802083333333 18.4142839648433 3 -1 0 
0 360 11 8 0.412533967391304 0.47734375 29.077702054895 3 1 0 
1 370 10.2 8 0.404994419642857 0.34296875 48.7419364543889 3 -1 0 
0 370 11 9 0.370916193181818 0.4421875 24.6638698982293 3 1 0 
1 380 10.2 8 0.465541294642857 0.39296875 46.9552063765177 3 -1 0 
0 380 11 9 0.440172697368421 0.49453125 16.994048758629 3 1 0 
1 390 10.2 8 0.431857638888889 0.4541015625 37.4740251873782 3 -1 0 
0 390 11 9 0.383731617647059 0.5484375 22.6875334432657 3 1 0 
1 400 10.2 8 0.430495689655172 0.436197916666667 43.0911904383837 3 -1 0 
0 400 11 9 0.368252840909091 0.534375 25.351573874004 3 1 0 
1 410 10.2 8 0.514096467391304 0.3896484375 43.8480841517994 3 -2 0 
0 410 11 10 0.448153409090909 0.5078125 23.9489971267414 3 2 0 
1 420 10.2 8 0.437349759615385 0.4287109375 50.0297485950407 3 -2 0 
0 420 11 10 0.45703125 0.42109375 33.9474991847836 3 2 0 
1 430 10.2 9 0.436921296296296 0.38203125 51.3719360561922 3 -1 0 
0 430 11 10 0.422887731481481 0.49609375 11.4735002690018 3 1 0 
1 440 10.2 9 0.476902173913043 0.43515625 40.9657805316758 3 -2 0 
0 440 11 11 0.455829326923077 0.51484375 8.10797107290098 3 2 0 
1 450 10.2 9 0.445162259615385 0.412760416666667 54.4314013306687 3 -2 0 
0 450 11 11 0.454627403846154 0.503125 16.8353037088938 3 2 0 
1 460 10.2 9 0.40185546875 0.399739583333333 58.0133595751789 3 -2 0 
0 460 11 11 0.374627976190476 0.51328125 15.3378938788691 3 2 0 
1 470 10.2 9 0.499565972222222 0.3015625 50.7036175943289 3 -2 0 
0 470 11 11 0.454427083333333 0.57265625 15.4042237627508 3 2 0 
1 480 10.2 10 0.459635416666667 0.321875 35.9327507536893 3 -1 0 
0 480 11 11 0.453394396551724 0.5859375 8.52104452918238 3 1 0 
1 490 10.2 10 0.406427556818182 0.36796875 29.4052615010798 3 -2 0 
0 490 11 12 0.429036458333333 0.6279296875 5.51423253951238 3 2 0 
1 500 10.2 10 0.45947265625 0.358072916666667 42.1092744972224 3 -2 0 
0 500 11 12 0.537860576923077 0.6826171875 3.78975777701143 3 2 0 
1 510 10.2 10 0.47484375 0.30859375 42.7841133754337 3 -2 0 
0 510 11 12 0.46648185483871 0.7119140625 9.10453119037219 3 2 0 
1 520 10.2 11 0.421185661764706 0.2939453125 44.1410426383362 3 -1 0 
0 520 11 12 0.42578125 0.53046875 43.4572362211908 3 1 0 
1 530 10.2 11 0.477864583333333 0.2984375 34.6578201293998 3 -1 0 
0 530 11 12 0.492017663043478 0.46328125 32.6871512705003 3 1 0 
1 540 10.2 11 0.44375 0.36484375 33.3418646141198 3 -1 0 
0 540 11 12 0.448660714285714 0.484375 31.4318856387722 3 1 0 
1 550 10.2 11 0.43046875 0.4111328125 31.9296292284656 3 -2 0 
0 550 11 13 0.405493951612903 0.4796875 44.7052430500907 3 2 0 
1 560 10.2 11 0.458984375 0.458984375 37.5248441232796 3 -2 0 
0 560 11 13 0.433430989583333 0.43984375 48.7226264012351 3 2 0 
1 570 10.2 12 0.427133413461538 0.40234375 39.2483235843908 3 -1 0 
0 570 11 13 0.447415865384615 0.39453125 25.684605563322 3 1 0 
1 580 10.2 12 0.37109375 0.3765625 45.698563417549 3 -1 0 
0 580 11 13 0.443063446969697 0.354166666666667 21.989554125093 3 1 0 
1 590 10.2 12 0.4453125 0.425 14.2739021935305 3 -1 0 
0 590 11 13 0.561434659090909 0.416015625 31.8358182247838 3 1 0 
1 600 10.2 12 0.417782738095238 0.45703125 19.7170131968284 3 -1 0 
0 600 11 13 0.47509765625 0.40546875 42.3431690520019 3 1 0 
1 610 10.2 12 0.392252604166667 0.45703125 17.8109946352133 3 -1 0 
0 610 11 13 0.419157608695652 0.434375 37.839899936235 3 1 0 
1 620 10.2 13 0.452895220588235 0.4875 5.51267691194444 3 -1 0 
0 620 11 14 0.5 0.505859375 32.0208918296501 3 1 0 
1 630 10.2 13 0.4390625 0.50234375 5.93068215254531 3 -1 0 
0 630 11 14 0.467905405405405 0.592447916666667 35.9936842316327 3 1 0 
1 640 10.2 13 0.430059523809524 0.4091796875 31.1397831320975 3 -1 0 
0 640 11 14 0.4159375 0.64453125 28.6530975637888 3 1 0 
1 650 10.2 13 0.513671875 0.40234375 32.4437052687955 3 -1 0 
0 650 11 14 0.547214673913043 0.40234375 60.7484271712042 3 1 0 
1 660 10.2 13 0.465247844827586 0.4765625 34.50881230548 3 -1 0 
0 660 11 14 0.468394886363636 0.39453125 62.9012579425755 3 1 0 
1 670 10.2 14 0.458389945652174 0.42734375 51.6536098607693 3 0 0 
0 670 11 14 0.362909226190476 0.2375 19.582542285093 3 0 0 
1 680 10.2 14 0.549739583333333 0.4203125 50.9966304325204 3 -1 0 
0 680 11 15 0.4453125 0.3046875 25.6965170228077 3 1 0 
1 690 10.2 14 0.473575367647059 0.38203125 43.1625707621076 3 -1 0 
0 690 11 15 0.418269230769231 0.4890625 29.4474873299652 3 1 0 
1 700 10.2 15 0.505800189393939 0.3916015625 36.287849062955 3 0 0 
0 700 11 15 0.427734375 0.59453125 20.4345795302034 3 0 0 
1 710 10.2 15 0.605334051724138 0.498046875 69.6724479259915 3 0 0 
0 710 11 15 0.486886160714286 0.638671875 8.88016351841384 3 0 0 
1 720 10.2 15 0.539388020833333 0.486328125 50.9558632543891 3 -1 0 
0 720 11 16 0.40140625 0.483072916666667 63.9962451924972 3 1 0 
1 730 10.2 16 0.535047743055556 0.38671875 46.6690475583121 3 0 0 
0 730 11 16 0.35546875 0.34765625 57.706152185014 3 0 0 
1 740 10.2 16 0.63739224137931 0.358072916666667 49.5719051353377 3 0 0 
0 740 11 16 NaN 0.345703125 41.2462119472807 3 0 0 
1 750 10.2 16 0.53125 0.31484375 29.5930754072181 3 0 0 
0 750 11 16 0.35009765625 0.2607421875 29.706816594075 3 0 0 
1 760 10.2 16 0.482254464285714 0.3140625 27.9491802754968 3 0 0 
0 760 11 16 0.331814236111111 0.25390625 27.5140478820047 3 0 0 
1 770 10.2 16 0.537760416666667 0.36875 29.5392818247197 3 0 0 
0 770 11 16 0.3330078125 0.33359375 18.8915556070982 3 0 0 
1 780 10.2 16 0.492313508064516 0.46328125 26.1351197206376 3 -1 0 
0 780 11 17 0.341045673076923 0.378125 18.846324370418 3 1 0 
1 790 10.2 16 0.458203125 0.49765625 30.8555823434955 3 -1 0 
0 790 11 17 0.340353260869565 0.31796875 13.0192017382951 3 1 0 
1 800 10.2 17 0.454044117647059 0.54296875 31.6646190857793 3 0 0 
0 800 11 17 0.394736842105263 0.3546875 22.3365212098237 3 0 0 
1 810 10.2 17 0.4871826171875 0.546875 26.8582357626149 3 0 0 
0 810 11 17 0.340401785714286 0.384765625 8.31448835081823 3 0 0 
1 820 10.2 17 0.444369612068966 0.50234375 22.1871758592895 3 0 0 
0 820 11 17 0.3496875 0.357421875 18.7413965617773 3 0 0 
1 830 10.2 17 0.535866477272727 0.559375 17.2323154793615 3 0 0 
0 830 11 17 0.34858630952381 0.33203125 7.36128877191117 3 0 0 
1 840 10.2 17 0.474772135416667 0.54609375 33.5291632661677 3 0 0 
0 840 11 17 0.360426682692308 0.419921875 9.33523820161366 3 0 0 
1 850 10.2 17 0.439655172413793 0.541015625 34.6127428083981 3 -1 0 
0 850 11 18 0.3575 0.477864583333333 4.366539281363 3 1 0 
1 860 10.2 18 0.528483072916667 0.5244140625 35.5950550181587 3 0 0 
0 860 11 18 0.395353618421053 0.380859375 48.9923463410358 3 0 0 
1 870 10.2 18 0.456380208333333 0.4873046875 38.9524837593502 3 0 0 
0 870 11 18 0.363136574074074 0.1953125 0 3 0 0 
1 880 10.2 19 0.469380040322581 0.4306640625 43.561137996528 3 1 0 
0 880 11 18 0.34765625 0.26171875 0 3 -1 0 
1 890 10.2 19 0.557291666666667 0.533203125 38.7169714105882 3 1 0 
0 890 11 18 0.389322916666667 0.3671875 0 3 -1 0 
1 900 10.2 19 0.53828125 0.46015625 46.8876124891562 3 1 0 
0 900 11 18 0.360753676470588 0.255859375 38.2426463519459 3 -1 0 
1 910 10.2 19 0.526962652439024 0.359375 27.9474262775473 3 1 0 
0 910 11 18 0.385416666666667 0.1943359375 17.0898772110132 3 -1 0 
1 920 10.2 20 0.638020833333333 0.3740234375 19.6662923589823 3 2 0 
0 920 11 18 NaN 0.2333984375 26.1854347949682 3 -2 0 
1 930 10.2 20 0.541913006756757 0.388671875 38.4649357558707 3 2 0 
0 930 11 18 0.310444078947368 0.2666015625 33.6832996068925 3 -2 0 
1 940 10.2 20 0.4833984375 0.3974609375 33.3010804307477 3 1 0 
0 940 11 19 0.3396484375 0.3234375 30.4804907794258 3 -1 0 
1 950 10.2 20 0.5224609375 0.4501953125 14.6590438166079 3 1 0 
0 950 11 19 0.36328125 0.359375 22.9884515548526 3 -1 0 
1 960 10.2 20 0.473478618421053 0.51171875 16.4062878730525 3 1 0 
0 960 11 19 0.361505681818182 0.43828125 17.709923788431 3 -1 0 
1 970 10.2 20 0.4674072265625 0.48046875 35.7156553547421 3 1 0 
0 970 11 19 0.348958333333333 0.5296875 11.5613185438819 3 -1 0 
1 980 10.2 20 0.565873579545455 0.5328125 14.7407650849314 3 1 0 
0 980 11 19 0.396484375 0.470703125 17.0692632099145 3 -1 0 
1 990 10.2 20 0.559627757352941 0.471875 12.9230321839006 3 1 0 
0 990 11 19 0.323016826923077 0.471354166666667 12.9548735199205 3 -1 0 
1 1000 10.2 21 0.491861979166667 0.478515625 17.2003344679355 3 2 0 
0 1000 11 19 0.35546875 0.45703125 4.47213595499958 3 -2 0 
1 1010 10.2 21 0.589087701612903 0.6044921875 30.3402992338049 3 2 0 
0 1010 11 19 0.470982142857143 0.375 16.6508258053467 3 -2 0 
1 1020 10.2 21 0.544588414634146 0.6611328125 27.48168499797 3 1 0 
0 1020 11 20 0.300370065789474 0.3125 20.5243757517738 3 -1 0 
1 1030 10.2 21 0.511173691860465 0.5341796875 45.7959592339565 3 1 0 
0 1030 11 20 0.348493303571429 0.24609375 16.1245154965971 3 -1 0 
1 1040 10.2 21 0.57890625 0.434895833333333 42.7512223387213 3 1 0 
0 1040 11 20 0.40625 0.255859375 13.8293166859393 3 -1 0 
1 1050 10.2 21 0.523754222972973 0.479166666666667 27.0077482114356 3 1 1 
0 1050 11 20 0.299944196428571 0.1826171875 13.4692132293373 2 -1 -1 
1 1060 10.2 21 0.471354166666667 0.497395833333333 7.42601352129284 3 1 1 
0 1060 11 20 0.342664930555556 0.21953125 12.4481675747768 2 -1 -1 
1 1070 10.2 21 0.55419921875 0.4541015625 24.256125968364 3 1 2 
0 1070 11 20 0.3564453125 0.29453125 9.22940864725627 1 -1 -2 
1 1080 10.2 21 0.507011217948718 0.451171875 24.417064701645 3 1 2 
0 1080 11 20 0.332490808823529 0.32578125 10.8529149455207 1 -1 -2 
1 1090 10.2 21 0.471277573529412 0.4248046875 18.5873247758118 3 1 2 
0 1090 11 20 0.363467261904762 0.4423828125 12.5185046844561 1 -1 -2 
1 1100 10.2 21 0.583147321428571 0.4091796875 34.8566247372759 3 1 2 
0 1100 11 20 0.39936755952381 0.39921875 24.918619171112 1 -1 -2 
1 1110 10.2 21 0.546875 0.359375 33.4729319890744 3 1 2 
0 1110 11 20 0.350818452380952 0.35234375 24.8414075214475 1 -1 -2 
1 1120 10.2 21 0.515815548780488 0.359375 11.5013797774961 3 1 2 
0 1120 11 20 0.388454861111111 0.29140625 37.7846518325203 1 -1 -2 
1 1130 10.2 21 0.615297379032258 0.421875 39.9708901676249 3 0 2 
0 1130 11 21 0.474609375 0.24609375 28.9040746840474 1 0 -2 
1 1140 10.2 22 0.548084077380952 0.5107421875 41.0823262140025 3 1 2 
0 1140 11 21 0.284696691176471 0.221875 14.1296004317626 1 -1 -2 
1 1150 10.2 22 0.498197115384615 0.6064453125 36.5383694726781 3 1 2 
0 1150 11 21 0.340169270833333 0.246875 11.648732775343 1 -1 -2 
1 1160 10.2 22 0.578255208333333 0.6005859375 24.456619070275 3 1 2 
0 1160 11 21 0.316964285714286 0.32265625 23.3202499758685 1 -1 -2 
1 1170 10.2 22 0.590711805555556 0.5478515625 23.0481467149068 3 1 2 
0 1170 11 21 0.279296875 0.30625 20.3533726222604 1 -1 -2 
1 1180 10.2 22 0.574643342391304 0.49375 41.4400460046153 3 1 2 
0 1180 11 21 0.35546875 0.37109375 15.7775145268631 1 -1 -2 
1 1190 10.2 22 0.687230603448276 0.54296875 36.3399179059761 3 1 2 
0 1190 11 21 0.375 0.388671875 23.8392427553568 1 -1 -2 
1 1200 10.2 22 0.588264627659574 0.479166666666667 7.56132831741541 3 1 2 
0 1200 11 21 0.39453125 0.267578125 32.3873112315073 1 -1 -2 
1 1210 10.2 22 0.500229779411765 0.4765625 5.69714873754014 3 1 2 
0 1210 11 21 0.43125 0.22265625 18.3210548754342 1 -1 -2 
1 1220 10.2 22 0.653492647058824 0.477864583333333 6.73176354666232 3 0 2 
0 1220 11 22 0.575520833333333 0.2333984375 4.0987794558783 1 0 -2 
1 1230 10.2 22 0.533674568965517 0.49609375 4.11972453437248 3 0 2 
0 1230 11 22 0.411603009259259 0.357421875 28.0731808009932 1 0 -2 
1 1240 10.2 22 0.46921875 0.458984375 8.74642784226795 3 0 2 
0 1240 11 22 0.427604166666667 0.3271484375 44.13621087832 1 0 -2 
1 1250 10.2 22 0.528764204545455 0.287760416666667 27.0293112864323 3 0 3 
0 1250 11 22 0.451171875 0.361328125 50.0877692855114 0 0 -3 
1 1260 10.2 22 0.499813988095238 0.2890625 11.1338272918416 3 0 3 
0 1260 11 22 0.404017857142857 0.3896484375 41.109244120245 0 0 -3 
1 1270 10.2 22 0.451171875 0.3349609375 15.2448091860436 3 0 3 
0 1270 11 22 0.3916015625 0.4580078125 22.0900551913868 0 0 -3 
1 1280 10.2 22 0.489872685185185 0.435546875 26.3124548364814 3 0 3 
0 1280 11 22 0.394010416666667 0.50390625 12.6436060341777 0 0 -3 
1 1290 10.2 23 0.514623397435897 0.5078125 0 2 1 2 
0 1290 11 22 0.383167613636364 0.515625 10.3352733131545 0 -1 -2 
1 1300 10.2 23 0.484266493055556 0.3203125 54.0370243444252 2 0 2 
0 1300 11 23 0.3609375 0.4375 0 0 0 -2 
1 1310 10.2 23 0.613581730769231 0.3828125 39.7020150622106 2 0 2 
0 1310 11 23 0.403125 0.45703125 0 0 0 -2 
1 1320 10.2 23 0.544053819444444 0.486328125 19.3002590656188 2 0 2 
0 1320 11 23 0.307692307692308 0.12109375 0 0 0 -2 
1 1330 10.2 23 0.566741071428571 0.4140625 12.0415945787923 2 0 2 
0 1330 11 23 0.35546875 0.20703125 0 0 0 -2 
1 1340 10.2 23 0.7029296875 0.328125 2.69258240356725 2 0 2 
0 1340 11 23 0.35546875 0.20703125 0 0 0 -2 
1 1350 10.2 23 0.560494087837838 0.373697916666667 17.7153281662707 2 0 2 
0 1350 11 23 0.24453125 0.19140625 0 0 0 -2 
1 1360 10.2 23 0.5772705078125 0.36875 50.2277517667294 2 0 2 
0 1360 11 23 0.2431640625 0.2041015625 17.350739404317 0 0 -2 
1 1370 10.2 23 0.689520474137931 0.4140625 41.3737762118243 2 0 2 
0 1370 11 23 0.2431640625 0.1984375 15.7463128286196 0 0 -2 
1 1380 10.2 23 0.714242788461538 0.561197916666667 19.4742919242876 2 0 2 
0 1380 11 23 0.215234375 0.23203125 10.3053241187463 0 0 -2 
1 1390 10.2 23 0.732872596153846 0.62109375 3.60555127546399 2 0 2 
0 1390 11 23 NaN 0.28125 18.7298633696471 0 0 -2 
1 1400 10.2 23 0.761393229166667 0.65234375 3.60555127546399 2 0 2 
0 1400 11 23 NaN 0.26171875 26.4007575648882 0 0 -2 
