1 30 9.6 1 NaN 0.265322580645161 15.86413415698 3 0 0 
0 30 5.8 1 NaN 0.256451612903226 27.9981508639834 3 0 0 
1 40 9.6 1 NaN 0.274193548387097 16.2873172813502 3 0 0 
0 40 5.8 1 NaN 0.261290322580645 29.1156308712033 3 0 0 
1 50 9.6 1 0.370967741935484 0.350806451612903 23.5923336881704 3 0 0 
0 50 5.8 1 0.370967741935484 0.324193548387097 33.7600847543781 3 0 0 
1 60 9.6 1 0.368279569892473 0.470161290322581 34.4790205751698 3 0 0 
0 60 5.8 1 0.368279569892473 0.454032258064516 44.3111551645275 3 0 0 
1 70 9.6 1 0.419162826420891 0.473387096774194 32.1026212718792 3 0 0 
0 70 5.8 1 0.401113671274962 0.465322580645161 43.3775437504 3 0 0 
1 80 9.6 1 0.489656381486676 0.495967741935484 31.5292920489695 3 0 0 
0 80 5.8 1 0.467741935483871 0.486290322580645 40.6386465245595 3 0 0 
1 90 9.6 1 0.396654719235364 0.516935483870968 36.6417698155372 3 0 0 
0 90 5.8 1 0.403972520908005 0.482258064516129 40.2175514442333 3 0 0 
1 100 9.6 2 0.394244868035191 0.466129032258065 32.6048666530522 3 1 0 
0 100 5.8 1 0.380443548387097 0.483870967741936 42.1734163185124 3 -1 0 
1 110 9.6 2 0.465221774193548 0.466129032258065 38.9157045690508 3 0 0 
0 110 5.8 2 0.485685483870968 0.485887096774194 47.4716013411561 3 0 0 
1 120 9.6 2 0.422165200391007 0.45 39.905879075988 3 0 0 
0 120 5.8 2 0.378856942496494 0.5 48.41906059795 3 0 0 
1 130 9.6 2 0.428997194950912 0.47741935483871 37.4925725712074 3 0 0 
0 130 5.8 2 0.368145161290323 0.416935483870968 45.6074985155556 3 0 0 
1 140 9.6 3 0.497019635343619 0.491129032258064 40.4615702155587 3 1 0 
0 140 5.8 2 0.459151472650771 0.415322580645161 45.9063353445914 3 -1 0 
1 150 9.6 3 0.42351310483871 0.487096774193548 37.2127343693488 3 0 0 
0 150 5.8 3 0.3912841191067 0.486895161290323 36.9502543176299 3 0 0 
1 160 9.6 4 0.391479663394109 0.42741935483871 44.4693188166066 3 1 0 
0 160 5.8 3 0.394969278033794 0.516129032258065 28.0317280555049 3 -1 0 
1 170 9.6 4 0.479312762973352 0.40241935483871 40.9105966945202 3 1 0 
0 170 5.8 3 0.480030721966206 0.320967741935484 49.6692187220265 3 -1 0 
1 180 9.6 4 0.404271206690562 0.440322580645161 25.2812354936261 3 1 0 
0 180 5.8 3 0.37225073313783 0.358870967741936 44.5008055361906 3 -1 0 
1 190 9.6 4 0.393817204301075 0.475806451612903 4.60267229881468 3 0 0 
0 190 5.8 4 0.385 0.431451612903226 35.1198162496563 3 0 0 
1 200 9.6 4 0.489305750350631 0.532258064516129 6.50672131259019 3 0 0 
0 200 5.8 4 0.470068238213399 0.426411290322581 6.79855880156115 3 0 0 
1 210 9.6 5 0.391290322580645 0.504032258064516 5.5295263834548 3 1 0 
0 210 5.8 4 0.41015625 0.391935483870968 31.7182727027858 3 -1 0 
1 220 9.6 5 0.394585253456221 0.469758064516129 5.38978455314193 3 1 0 
0 220 5.8 4 0.41491935483871 0.434677419354839 24.1031300631489 3 -1 0 
1 230 9.6 5 0.464626099706745 0.413709677419355 33.6366194790715 3 0 0 
0 230 5.8 5 0.486021505376344 0.461290322580645 10.7358809549603 3 0 0 
1 240 9.6 5 0.397550776583035 0.32741935483871 32.5097555689987 3 0 0 
0 240 5.8 5 0.425472747497219 0.393548387096774 5.90511359178958 3 0 0 
1 250 9.6 5 0.418064516129032 0.331451612903226 43.2315300421306 3 0 0 
0 250 5.8 5 0.39616935483871 0.404838709677419 17.8992982946791 3 0 0 
1 260 9.6 6 0.511612903225806 0.458064516129032 37.14613979454 3 1 0 
0 260 5.8 5 0.463978494623656 0.411290322580645 17.6291539883729 3 -1 0 
1 270 9.6 6 0.42585848074922 0.486290322580645 36.5612206916501 3 1 0 
0 270 5.8 5 0.398148148148148 0.437903225806452 16.6449459531816 3 -1 0 
1 280 9.6 6 0.374395161290323 0.501008064516129 46.8709159488738 3 0 0 
0 280 5.8 6 0.399368863955119 0.446774193548387 21.5794952597445 3 0 0 
1 290 9.6 6 0.487691001697793 0.46875 40.2946576629074 3 0 0 
0 290 5.8 6 0.474630376344086 0.448387096774194 32.6401916267745 3 0 0 
1 300 9.6 7 0.427174975562072 0.39616935483871 48.9324865852349 3 1 0 
0 300 5.8 6 0.389677419354839 0.466935483870968 37.8520764618325 3 -1 0 
1 310 9.6 7 0.43721198156682 0.415322580645161 37.767724811096 3 1 0 
0 310 5.8 6 0.379637096774194 0.461021505376344 20.1281333113601 3 -1 0 
1 320 9.6 8 0.493633276740238 0.411290322580645 42.6500036997971 3 1 0 
0 320 5.8 7 0.442943548387097 0.487903225806452 22.4890902527716 3 -1 0 
1 330 9.6 8 0.431841831425598 0.449193548387097 43.5840546990464 3 1 0 
0 330 5.8 7 0.374633431085044 0.324193548387097 47.4833417403584 3 -1 0 
1 340 9.6 8 0.404737903225806 0.470967741935484 41.4921832326468 3 1 0 
0 340 5.8 7 0.386491935483871 0.345161290322581 41.4687641010716 3 -1 0 
1 350 9.6 8 0.509879032258065 0.500806451612903 37.0174348801001 3 1 0 
0 350 5.8 7 0.440692204301075 0.425 37.1853617610707 3 -1 0 
1 360 9.6 8 0.428590010405827 0.499193548387097 39.3701973973157 3 1 0 
0 360 5.8 7 0.368279569892473 0.495161290322581 32.0542387178848 3 -1 0 
1 370 9.6 9 0.397615708274895 0.454032258064516 31.6570423797013 3 2 0 
0 370 5.8 7 0.388994307400379 0.462701612903226 32.7702613377655 3 -2 0 
1 380 9.6 9 0.485153958944281 0.499193548387097 15.4493927939449 3 1 0 
0 380 5.8 8 0.472026209677419 0.443548387096774 17.4652849676821 3 -1 0 
1 390 9.6 9 0.395967741935484 0.534677419354839 6.7892469856677 3 1 0 
0 390 5.8 8 0.377279102384292 0.349798387096774 30.8179195551175 3 -1 0 
1 400 9.6 9 0.39077840112202 0.491935483870968 3.36169288065127 3 1 0 
0 400 5.8 8 0.387768817204301 0.324596774193548 26.1594753517594 3 -1 0 
1 410 9.6 9 0.472670250896057 0.504838709677419 2.97058141393245 3 1 0 
0 410 5.8 8 0.485383064516129 0.365322580645161 28.8942566232391 3 -1 0 
1 420 9.6 9 0.396129032258065 0.478225806451613 4.85081741063395 3 1 0 
0 420 5.8 8 0.387741935483871 0.435483870967742 16.4383260588205 3 -1 0 
1 430 9.6 9 0.413218793828892 0.458333333333333 5.62671703484158 3 0 0 
0 430 5.8 9 0.392214640198511 0.506451612903226 5.09991747201092 3 0 0 
1 440 9.6 10 0.469982078853047 0.443548387096774 12.547913149557 3 1 0 
0 440 5.8 9 0.469670406732118 0.454032258064516 7.23578038070307 3 -1 0 
1 450 9.6 10 0.454637096774194 0.396774193548387 47.1615223443652 3 1 0 
0 450 5.8 9 0.387622720897616 0.375806451612903 5.76172823495801 3 -1 0 
1 460 9.6 10 0.461848635235732 0.462903225806452 35.6730825237325 3 1 0 
0 460 5.8 9 0.372479838709677 0.291129032258065 18.2342619417607 3 -1 0 
1 470 9.6 10 0.510263929618768 0.495161290322581 29.3671072130177 3 1 0 
0 470 5.8 9 0.418010752688172 0.25 29.2210384133138 3 -1 0 
1 480 9.6 11 0.436995967741936 0.54758064516129 23.1919989413353 3 2 0 
0 480 5.8 9 0.368279569892473 0.366129032258064 23.2144404091145 3 -2 0 
1 490 9.6 11 0.378584229390681 0.525806451612903 18.4412336434459 3 2 0 
0 490 5.8 9 0.384792626728111 0.433064516129032 37.3594561952888 3 -2 0 
1 500 9.6 11 0.449884792626728 0.49758064516129 39.9907490919833 3 1 0 
0 500 5.8 10 0.484735023041475 0.442540322580645 30.39333087984 3 -1 0 
1 510 9.6 11 0.379398826979472 0.617741935483871 20.8166931056899 3 1 0 
0 510 5.8 10 0.405033370411568 0.392137096774194 19.0174522964262 3 -1 0 
1 520 9.6 12 0.436009817671809 0.606854838709677 26.0072685335647 3 2 0 
0 520 5.8 10 0.38508064516129 0.368951612903226 4.30116263352131 3 -2 0 
1 530 9.6 12 0.480436081242533 0.581653225806452 23.0576499922021 3 2 0 
0 530 5.8 10 0.440524193548387 0.259408602150538 30.1018090263906 3 -2 0 
1 540 9.6 12 0.471543778801843 0.437096774193548 43.8096655705596 3 2 0 
0 540 5.8 10 0.374151103565365 0.27741935483871 31.0688505510133 3 -2 0 
1 550 9.6 12 0.451911589008363 0.451612903225806 51.7333569100879 3 1 0 
0 550 5.8 11 0.402385752688172 0.317741935483871 32.555485665012 3 -1 0 
1 560 9.6 12 0.495322580645161 0.448588709677419 37.132154002286 3 1 0 
0 560 5.8 11 0.449116743471582 0.414314516129032 31.754187894196 3 -1 0 
1 570 9.6 13 0.443548387096774 0.492943548387097 34.5989660193249 3 2 0 
0 570 5.8 11 0.397345430107527 0.477822580645161 36.758360830821 3 -2 0 
1 580 9.6 13 0.388056835637481 0.501008064516129 24.9287182334291 3 2 0 
0 580 5.8 11 0.38877688172043 0.393145161290323 31.0415640949351 3 -2 0 
1 590 9.6 13 0.470622119815668 0.445161290322581 29.0806364799183 3 2 0 
0 590 5.8 11 0.443548387096774 0.264784946236559 39.3628505935669 3 -2 0 
1 600 9.6 13 0.430150884495317 0.454032258064516 28.3322020071324 3 2 0 
0 600 5.8 11 0.427822580645161 0.30241935483871 36.9093895809387 3 -2 0 
1 610 9.6 13 0.368145161290323 0.495967741935484 11.6482015150044 3 2 0 
0 610 5.8 11 0.417242703533026 0.387096774193548 24.2253442835153 3 -2 0 
1 620 9.6 14 0.435931899641577 0.508870967741936 12.6655575078036 3 3 0 
0 620 5.8 11 0.459677419354839 0.290322580645161 45.19236062435 3 -3 0 
1 630 9.6 14 0.450691244239631 0.546774193548387 26.219561532758 3 2 0 
0 630 5.8 12 0.375848896434635 0.337903225806452 19.9755670164203 3 -2 0 
1 640 9.6 14 0.453125 0.579032258064516 25.121097519709 3 2 0 
0 640 5.8 12 0.367647058823529 0.380040322580645 4.55000052002735 3 -2 0 
1 650 9.6 14 0.524560117302053 0.582258064516129 30.0965904745453 3 2 0 
0 650 5.8 12 0.3875 0.379032258064516 6.6819615533207 3 -2 0 
1 660 9.6 15 0.472410865874363 0.525806451612903 32.8553498880053 3 3 0 
0 660 5.8 12 0.374462365591398 0.411290322580645 4.29724310646929 3 -3 0 
1 670 9.6 15 0.455322580645161 0.416935483870968 47.3423981502161 3 3 0 
0 670 5.8 12 0.372434017595308 0.351612903225806 28.5369481429739 3 -3 0 
1 680 9.6 15 0.516479663394109 0.419354838709677 32.1235845469155 3 3 0 
0 680 5.8 12 0.416383701188455 0.408064516129032 31.0372696036794 3 -3 0 
1 690 9.6 15 0.448364695340502 0.501612903225806 24.5237695100385 3 3 0 
0 690 5.8 12 0.3912841191067 0.417741935483871 40.377976409337 3 -3 0 
1 700 9.6 15 0.453703703703704 0.503225806451613 28.0125402595083 3 2 0 
0 700 5.8 13 0.405707196029777 0.414516129032258 29.8611949589621 3 -2 0 
1 710 9.6 15 0.519949066213922 0.515322580645161 32.2153675826763 3 2 0 
0 710 5.8 13 0.460043988269795 0.381451612903226 32.5253431052617 3 -2 0 
1 720 9.6 16 0.442767950052029 0.579838709677419 31.6565217547067 3 3 0 
0 720 5.8 13 0.406172456575682 0.399193548387097 38.9691703465864 3 -3 0 
1 730 9.6 16 0.408387096774194 0.566129032258065 33.3858587824864 3 3 0 
0 730 5.8 13 0.395344574780059 0.390322580645161 34.7844191794821 3 -3 0 
1 740 9.6 16 0.488351254480287 0.536290322580645 20.3863598951065 3 3 0 
0 740 5.8 13 0.464421252371917 0.373387096774194 10.3575648603535 3 -3 0 
1 750 9.6 16 0.435344827586207 0.525806451612903 20.5650017595788 3 3 0 
0 750 5.8 13 0.366666666666667 0.426612903225806 9.75390410442887 3 -3 0 
1 760 9.6 16 0.396841397849462 0.542741935483871 5.53152715688866 3 3 0 
0 760 5.8 13 0.381048387096774 0.390120967741936 10.0525875181894 3 -3 0 
1 770 9.6 17 0.500403225806452 0.609677419354839 7.39694755731793 3 4 0 
0 770 5.8 13 0.425201612903226 0.340725806451613 6.04152298679729 3 -4 0 
1 780 9.6 17 0.469254032258065 0.655645161290323 1.64067538392181 3 3 0 
0 780 5.8 14 0.364079301075269 0.274193548387097 3.35410196624968 3 -3 0 
1 790 9.6 17 0.452116935483871 0.57258064516129 8.13020922054103 3 3 0 
0 790 5.8 14 0.382200460829493 0.3125 6.51920240520265 3 -3 0 
1 800 9.6 17 0.523673257023933 0.525806451612903 11.0771682617227 3 3 0 
0 800 5.8 14 0.43721198156682 0.239516129032258 26.2947762451261 3 -3 0 
1 810 9.6 17 0.476242371403662 0.537903225806452 13.2282180717967 3 3 0 
0 810 5.8 14 0.332757296466974 0.275806451612903 17.8351803752124 3 -3 0 
1 820 9.6 17 0.443387096774194 0.503225806451613 3.85441039865145 3 3 0 
0 820 5.8 14 0.377016129032258 0.341129032258065 5.51678245701254 3 -3 0 
1 830 9.6 17 0.511088709677419 0.50241935483871 15.8711762233961 3 3 0 
0 830 5.8 14 0.448252688172043 0.262903225806452 6.07239030180583 3 -3 0 
1 840 9.6 17 0.505315249266862 0.540322580645161 39.8682456388565 3 3 0 
0 840 5.8 14 0.326036866359447 0.276612903225806 7.36665229856738 3 -3 0 
1 850 9.6 17 0.522695852534562 0.62741935483871 23.9144116548838 3 3 0 
0 850 5.8 14 0.353326612903226 0.273387096774194 5.06852302870856 3 -3 0 
1 860 9.6 17 0.605126728110599 0.687903225806452 8.9901886768668 3 3 0 
0 860 5.8 14 0.409562211981567 0.257056451612903 4.84429380357676 3 -3 0 
1 870 9.6 18 0.524372759856631 0.687096774193548 4.57313345682182 3 4 0 
0 870 5.8 14 0.297849462365591 0.263104838709677 3.78480599519093 3 -4 0 
1 880 9.6 18 0.531854838709677 0.641129032258065 9.60796152973107 3 3 0 
0 880 5.8 15 0.448387096774194 0.285282258064516 8.84003489856661 3 -3 0 
1 890 9.6 18 0.649315738025415 0.641935483870968 27.2171625731746 3 3 0 
0 890 5.8 15 0.404233870967742 0.240322580645161 17.2984113044565 3 -3 0 
1 900 9.6 18 0.525472069236821 0.657258064516129 29.1732021920364 3 3 0 
0 900 5.8 15 0.2890625 0.212903225806452 8.66773516922833 3 -3 0 
1 910 9.6 18 0.461763070077864 0.674193548387097 36.0038513229062 3 3 0 
0 910 5.8 15 0.325879765395894 0.266129032258065 4.01915185649293 3 -3 0 
1 920 9.6 18 0.60203366058906 0.705645161290323 33.1274580973542 3 3 0 
0 920 5.8 15 0.316868279569892 0.20866935483871 4.22041272801513 3 -3 0 
1 930 9.6 19 0.50088512981904 0.721774193548387 24.1537033143108 3 4 1 
0 930 5.8 15 0.301358234295416 0.219758064516129 4.30056179715167 2 -4 -1 
1 940 9.6 19 0.519605116796441 0.704838709677419 18.4861221223179 3 4 1 
0 940 5.8 15 0.297983870967742 0.198588709677419 4.36767026129825 2 -4 -1 
1 950 9.6 19 0.632930107526882 0.617741935483871 15.9875444016602 3 4 1 
0 950 5.8 15 0.268951612903226 0.167741935483871 10.4659833836235 2 -4 -1 
1 960 9.6 19 0.508640552995392 0.593548387096774 38.9137545091707 3 3 1 
0 960 5.8 16 0.28125 0.212096774193548 14.4396778161316 2 -3 -1 
1 970 9.6 19 0.468145161290323 0.586290322580645 23.255313627268 3 3 1 
0 970 5.8 16 0.368951612903226 0.275806451612903 8.07182590446124 2 -3 -1 
1 980 9.6 20 0.613709677419355 0.575 18.8458625448523 3 4 1 
0 980 5.8 16 0.407258064516129 0.329838709677419 12.8992729206297 2 -4 -1 
1 990 9.6 20 0.504032258064516 0.588709677419355 9.69285938737957 3 4 1 
0 990 5.8 16 0.301869501466276 0.32741935483871 5.12774133743758 2 -4 -1 
1 1000 9.6 20 0.517515120967742 0.485887096774194 3.33735159897122 3 4 1 
0 1000 5.8 16 NaN 0.420967741935484 3.83675050358314 2 -4 -1 
1 1010 9.6 20 0.606691368788143 0.480846774193548 5.34459777341853 3 4 1 
0 1010 5.8 16 NaN 0.476814516129032 4.96930482528821 2 -4 -1 
1 1020 9.6 20 0.535003431708991 0.511088709677419 6.35876033678858 3 4 1 
0 1020 5.8 16 0.266129032258065 0.428763440860215 4.88585068261176 2 -4 -1 
1 1030 9.6 20 0.593245967741936 0.553427419354839 13.441777242715 3 4 1 
0 1030 5.8 16 0.248991935483871 0.330645161290323 0 2 -4 -1 
1 1040 9.6 20 0.657258064516129 0.657258064516129 5.8615175679987 3 4 1 
0 1040 5.8 16 0.235383064516129 0.169354838709677 0 2 -4 -1 
1 1050 9.6 20 0.654069767441861 0.669354838709677 41.1628425229231 3 3 1 
0 1050 5.8 17 0.211189516129032 0.112903225806452 0 2 -3 -1 
1 1060 9.6 20 0.692540322580645 0.70241935483871 43.9135913948813 3 3 1 
0 1060 5.8 17 0.193548387096774 0.120967741935484 1.4142135623731 2 -3 -1 
1 1070 9.6 20 0.720046082949309 0.811491935483871 3.78414976734807 3 3 2 
0 1070 5.8 17 0.193548387096774 0.122311827956989 11.0270969044233 1 -3 -2 
1 1080 9.6 20 0.771091811414392 0.84758064516129 5.4902437532536 3 3 2 
0 1080 5.8 17 0.189516129032258 0.116935483870968 5.91893009872022 1 -3 -2 
1 1090 9.6 20 0.629032258064516 0.840322580645161 5.77120255246276 3 3 2 
0 1090 5.8 17 0.2286866359447 0.10752688172043 2.30974318232876 1 -3 -2 
