1 30 7 1 NaN 0.221774193548387 18.6468116576993 3 0 0 
0 30 7 1 NaN 0.398185483870968 22.2408120429498 3 0 0 
1 40 7 1 NaN 0.255645161290323 23.925299105698 3 0 0 
0 40 7 1 NaN 0.34758064516129 27.970650129169 3 0 0 
1 50 7 1 0.368087557603687 0.307258064516129 34.0927225862563 3 0 0 
0 50 7 1 0.370967741935484 0.370967741935484 30.8235822491495 3 0 0 
1 60 7 1 0.364247311827957 0.437096774193548 31.7740985311419 3 0 0 
0 60 7 1 0.364247311827957 0.443548387096774 41.8791915897976 3 0 0 
1 70 7 1 0.424193548387097 0.442741935483871 32.5242186638371 3 0 0 
0 70 7 1 0.392338709677419 0.483064516129032 33.2665308231754 3 0 0 
1 80 7 1 0.456509216589862 0.462903225806452 29.7286537857547 3 0 0 
0 80 7 1 0.462793255131965 0.510483870967742 32.2491867493118 3 0 0 
1 90 7 1 0.403801843317972 0.485483870967742 30.2833633275266 3 0 0 
0 90 7 1 0.38508064516129 0.481854838709677 36.7050108464571 3 0 0 
1 100 7 2 0.43841642228739 0.482862903225806 28.7278147024481 3 1 0 
0 100 7 1 0.38536866359447 0.460685483870968 32.3414450302138 3 -1 0 
1 110 7 2 0.467592592592593 0.414516129032258 38.5410817628188 3 0 0 
0 110 7 2 0.438709677419355 0.388709677419355 40.4891043442877 3 0 0 
1 120 7 2 0.407536151279199 0.416935483870968 40.7421182564864 3 0 0 
0 120 7 2 0.383839950372208 0.481451612903226 33.8977141564935 3 0 0 
1 130 7 2 0.418081494057725 0.450806451612903 38.0050048696657 3 0 0 
0 130 7 2 0.403801843317972 0.460483870967742 43.919718961345 3 0 0 
1 140 7 3 0.449249165739711 0.473790322580645 43.6888065430584 3 0 0 
0 140 7 3 0.449223416965353 0.492741935483871 43.1957840455317 3 0 0 
1 150 7 3 0.395011947431302 0.473790322580645 44.9967311217308 3 0 0 
0 150 7 3 0.407930107526882 0.491935483870968 45.1749450010354 3 0 0 
1 160 7 3 0.439132104454685 0.42258064516129 42.3593446584875 3 0 0 
0 160 7 3 0.465813464235624 0.470161290322581 40.7942620767518 3 0 0 
1 170 7 3 0.455294530154278 0.414516129032258 38.6754917307631 3 -1 0 
0 170 7 4 0.491215437788018 0.491935483870968 36.9218869336217 3 1 0 
1 180 7 4 0.404755283648498 0.450806451612903 34.5647526785306 3 0 0 
0 180 7 4 0.372800586510264 0.487903225806452 24.3248076601437 3 0 0 
1 190 7 4 0.453366058906031 0.492943548387097 40.0492547625495 3 0 0 
0 190 7 4 0.395373514431239 0.399193548387097 43.6393908581038 3 0 0 
1 200 7 5 0.4526740237691 0.535282258064516 37.8313430253239 3 1 0 
0 200 7 4 0.45476858345021 0.387096774193548 46.7186356900119 3 -1 0 
1 210 7 5 0.423875855327468 0.452956989247312 29.6914443876368 3 0 0 
0 210 7 5 0.37869623655914 0.458064516129032 42.9588298493357 3 0 0 
1 220 7 5 0.506598240469208 0.390120967741936 37.319402416153 3 0 0 
0 220 7 5 0.392882187938289 0.472782258064516 37.1068900951571 3 0 0 
1 230 7 6 0.460618279569892 0.430645161290323 39.6223850382585 3 1 0 
0 230 7 5 0.441100230414747 0.491935483870968 26.0758719827575 3 -1 0 
1 240 7 6 0.404569892473118 0.386290322580645 40.3497652435205 3 0 0 
0 240 7 6 0.364247311827957 0.40625 45.4928462057141 3 0 0 
1 250 7 6 0.471006144393241 0.392741935483871 35.5056227147661 3 0 0 
0 250 7 6 0.397782258064516 0.411290322580645 50.4188347367311 3 0 0 
1 260 7 6 0.464456391875747 0.478225806451613 33.2468788957887 3 0 0 
0 260 7 6 0.437683284457478 0.429838709677419 43.1155051851194 3 0 0 
1 270 7 7 0.421236559139785 0.489516129032258 37.9924862602553 3 1 0 
0 270 7 6 0.374159946236559 0.456451612903226 36.6131829563235 3 -1 0 
1 280 7 7 0.466229838709677 0.475806451612903 35.8408021410885 3 1 0 
0 280 7 6 0.388508064516129 0.490927419354839 37.3002162984377 3 -1 0 
1 290 7 7 0.488623271889401 0.495161290322581 32.6959850227987 3 1 0 
0 290 7 6 0.428259408602151 0.381048387096774 47.959812198305 3 -1 0 
1 300 7 7 0.436365927419355 0.498387096774194 35.3667780775562 3 1 0 
0 300 7 6 0.388104838709677 0.35 47.9220866263998 3 -1 0 
1 310 7 8 0.463709677419355 0.491935483870968 36.4392823979038 3 1 0 
0 310 7 7 0.392402376910017 0.410282258064516 33.394317155776 3 -1 0 
1 320 7 8 0.471357063403782 0.483064516129032 34.9065619767648 3 1 0 
0 320 7 7 0.428646563814867 0.454637096774194 35.0936767316853 3 -1 0 
1 330 7 8 0.39241935483871 0.485483870967742 32.3658930660681 3 1 0 
0 330 7 7 0.405867630700779 0.412903225806452 39.5256117626264 3 -1 0 
1 340 7 8 0.420415959252971 0.475806451612903 24.4732678830221 3 1 0 
0 340 7 7 0.446774193548387 0.454838709677419 29.0289415373127 3 -1 0 
1 350 7 9 0.448548387096774 0.482258064516129 23.2798906336562 3 2 0 
0 350 7 7 0.489247311827957 0.483870967741936 31.3468185651844 3 -2 0 
1 360 7 9 0.410858294930876 0.487096774193548 26.9332672522833 3 1 0 
0 360 7 8 0.368035190615836 0.479032258064516 34.8860855915522 3 -1 0 
1 370 7 9 0.482117812061711 0.473387096774194 28.7652873729791 3 1 0 
0 370 7 8 0.363539898132428 0.465322580645161 30.7006564055535 3 -1 0 
1 380 7 9 0.473423753665689 0.481451612903226 28.8525227892962 3 1 0 
0 380 7 8 0.433467741935484 0.466129032258065 19.3432922603795 3 -1 0 
1 390 7 9 0.364247311827957 0.460685483870968 28.167015600759 3 1 0 
0 390 7 8 0.399327956989247 0.476612903225806 20.3511032026808 3 -1 0 
1 400 7 10 0.384250474383302 0.452620967741936 35.1951514414428 3 1 0 
0 400 7 9 0.460043988269795 0.500806451612903 33.4279874240158 3 -1 0 
1 410 7 10 0.43839605734767 0.395967741935484 49.1189014968399 3 1 0 
0 410 7 9 0.461632453567937 0.5 37.3137765235345 3 -1 0 
1 420 7 10 0.370051319648094 0.435483870967742 38.9473685629643 3 1 0 
0 420 7 9 0.402505760368664 0.476814516129032 33.4498906032077 3 -1 0 
1 430 7 10 0.439699413489736 0.457258064516129 33.403156516694 3 1 0 
0 430 7 9 0.45383064516129 0.442540322580645 30.7753137025232 3 -1 0 
1 440 7 11 0.46523915461624 0.483870967741936 25.7249132409489 3 2 0 
0 440 7 9 0.438709677419355 0.40241935483871 32.6472889335722 3 -2 0 
1 450 7 11 0.43522372528616 0.508870967741936 35.596257495479 3 2 0 
0 450 7 9 0.390973945409429 0.420161290322581 33.0746530633615 3 -2 0 
1 460 7 11 0.394873271889401 0.504704301075269 38.6805968090782 3 2 0 
0 460 7 9 0.408266129032258 0.495967741935484 27.6098533975966 3 -2 0 
1 470 7 11 0.440092165898617 0.536290322580645 38.5847973921945 3 1 0 
0 470 7 10 0.451008064516129 0.464717741935484 33.4664123123193 3 -1 0 
1 480 7 12 0.408004778972521 0.526209677419355 24.4844963935866 3 2 0 
0 480 7 10 0.384193548387097 0.474798387096774 17.0261264365849 3 -2 0 
1 490 7 12 0.483294930875576 0.443548387096774 50.1132265379448 3 2 0 
0 490 7 10 0.379435483870968 0.362903225806452 27.9851796293572 3 -2 0 
1 500 7 12 0.480228928199792 0.484879032258065 35.8177921755093 3 2 0 
0 500 7 10 0.40510752688172 0.396774193548387 26.1282070771531 3 -2 0 
1 510 7 12 0.448924731182796 0.538306451612903 32.882743067421 3 2 0 
0 510 7 10 0.364247311827957 0.438709677419355 28.3810786869894 3 -2 0 
1 520 7 12 0.549964936886396 0.537298387096774 36.2298588344173 3 2 0 
0 520 7 10 0.369556451612903 0.395967741935484 24.0739041987647 3 -2 0 
1 530 7 13 0.52226507713885 0.547379032258065 32.0497271395769 3 2 0 
0 530 7 11 0.391129032258065 0.379032258064516 21.7338845489682 3 -2 0 
1 540 7 13 0.445816532258065 0.566532258064516 34.9953668440977 3 2 0 
0 540 7 11 0.364247311827957 0.4 23.9776860922593 3 -2 0 
1 550 7 13 0.453125 0.558467741935484 33.1616440006899 3 2 0 
0 550 7 11 0.402973790322581 0.387903225806452 22.2995574034372 3 -2 0 
1 560 7 13 0.461758584807492 0.566532258064516 26.3312743559317 3 2 0 
0 560 7 11 0.436995967741936 0.330645161290323 33.8451877737448 3 -2 0 
1 570 7 14 0.416434927697442 0.538306451612903 23.7973093777825 3 3 0 
0 570 7 11 0.387096774193548 0.404838709677419 24.510612029316 3 -3 0 
1 580 7 14 0.516774193548387 0.546370967741936 33.941816012642 3 3 0 
0 580 7 11 0.394312393887946 0.421370967741936 23.7117982888127 3 -3 0 
1 590 7 14 0.520511921458625 0.524193548387097 43.1608228727514 3 2 0 
0 590 7 12 0.408174486803519 0.428763440860215 25.2326720115556 3 -2 0 
1 600 7 14 0.419066820276498 0.519153225806452 44.3145804301908 3 2 0 
0 600 7 12 0.396505376344086 0.456989247311828 32.6914878075375 3 -2 0 
1 610 7 14 0.458254269449715 0.440524193548387 44.4596461351788 3 2 0 
0 610 7 12 0.428859447004608 0.342741935483871 41.2579416237084 3 -2 0 
1 620 7 15 0.466629588431591 0.444556451612903 37.9888509974124 3 3 0 
0 620 7 12 0.409380305602716 0.345161290322581 38.7845768895835 3 -3 0 
1 630 7 15 0.445186491935484 0.523185483870968 37.9261116861685 3 3 0 
0 630 7 12 0.367943548387097 0.376612903225806 31.7780027123137 3 -3 0 
1 640 7 15 0.512672811059908 0.549395161290323 41.7261204875488 3 3 0 
0 640 7 12 0.376660341555977 0.404838709677419 35.3138592180341 3 -3 0 
1 650 7 15 0.493876941457587 0.529233870967742 40.1007231285949 3 2 0 
0 650 7 13 0.419567062818336 0.423387096774194 39.2670961425782 3 -2 0 
1 660 7 15 0.44289802289282 0.513104838709677 45.8568843154156 3 2 0 
0 660 7 13 0.377520161290323 0.412298387096774 35.8730640092141 3 -2 0 
1 670 7 15 0.466781874039939 0.588709677419355 47.7036489439612 3 2 0 
0 670 7 13 0.374193548387097 0.352822580645161 33.1101792194164 3 -2 0 
1 680 7 16 0.514193548387097 0.536290322580645 43.9818676201674 3 3 0 
0 680 7 13 0.422939068100358 0.381048387096774 30.0953769995892 3 -3 0 
1 690 7 16 0.462728857890148 0.522849462365591 44.9665079398233 3 3 0 
0 690 7 13 0.355414746543779 0.376008064516129 45.0058426255064 3 -3 0 
1 700 7 16 0.501344086021505 0.556451612903226 42.6038659747377 3 3 0 
0 700 7 13 0.365495391705069 0.347782258064516 39.9778744061773 3 -3 0 
1 710 7 16 0.506832437275986 0.571236559139785 42.3432114314092 3 2 0 
0 710 7 14 0.423675115207373 0.274193548387097 26.9970372344078 3 -2 0 
1 720 7 16 0.472646033129904 0.425403225806452 53.4080661398383 3 2 0 
0 720 7 14 0.362353372434018 0.30241935483871 27.4167963300647 3 -2 0 
1 730 7 16 0.474846390168971 0.411290322580645 43.252288299707 3 2 0 
0 730 7 14 0.394009216589862 0.375806451612903 22.1487237406106 3 -2 0 
1 740 7 16 0.472110215053763 0.42741935483871 37.2820862723618 3 2 0 
0 740 7 14 0.415322580645161 0.425806451612903 25.9172890892173 3 -2 0 
1 750 7 16 0.434601814516129 0.515120967741936 34.8124867120491 3 2 0 
0 750 7 14 0.383568548387097 0.405645161290323 21.6750706974963 3 -2 0 
1 760 7 17 0.476030465949821 0.577620967741936 34.1813764514372 3 3 0 
0 760 7 14 0.41236559139785 0.4 11.5620418352598 3 -3 0 
1 770 7 17 0.493464961067853 0.672043010752688 10.7638097818083 3 2 0 
0 770 7 15 0.438652073732719 0.52258064516129 4.60677821159985 3 -2 0 
1 780 7 17 0.465607210626186 0.647849462365591 21.1906963924556 3 2 0 
0 780 7 15 0.347530241935484 0.444354838709677 13.8264499497916 3 -2 0 
1 790 7 17 0.389688940092166 0.635752688172043 34.3636617380781 3 2 0 
0 790 7 15 0.359970674486804 0.437096774193548 31.929743895856 3 -2 0 
1 800 7 17 0.513440860215054 0.612903225806452 34.7995022501322 3 2 0 
0 800 7 15 0.386491935483871 0.428225806451613 32.6099503765394 3 -2 0 
1 810 7 17 0.432459677419355 0.645161290322581 11.2848535421224 3 2 0 
0 810 7 15 0.363575268817204 0.408870967741935 24.2021242386019 3 -2 0 
1 820 7 17 0.475631136044881 0.558467741935484 54.3984426444751 3 2 0 
0 820 7 15 0.405834914611006 0.340725806451613 24.174831960157 3 -2 0 
1 830 7 18 0.534469302809573 0.533602150537634 43.5253043141996 3 2 0 
0 830 7 16 0.454032258064516 0.342741935483871 12.4312323738275 3 -2 0 
1 840 7 18 0.453293010752688 0.57258064516129 15.3020818536629 3 2 0 
0 840 7 16 0.375720046082949 0.345766129032258 8.48105475711623 3 -2 0 
1 850 7 18 0.517190152801358 0.563172043010753 10.5485460613502 3 2 0 
0 850 7 16 0.348790322580645 0.316532258064516 12.7324883199895 3 -2 0 
1 860 7 18 0.527180406212664 0.521505376344086 18.4448045720158 3 2 0 
0 860 7 16 0.380712365591398 0.355846774193548 21.487376320994 3 -2 0 
1 870 7 18 0.443158168574402 0.544354838709677 22.5386544078774 3 2 0 
0 870 7 16 0.368218475073314 0.334677419354839 39.0591730805941 3 -2 0 
1 880 7 18 0.45617110799439 0.4375 47.3925887643352 3 2 0 
0 880 7 16 0.391129032258065 0.393145161290323 14.4841211164238 3 -2 0 
1 890 7 18 0.480255839822024 0.52116935483871 43.2416594077071 3 2 0 
0 890 7 16 0.44483137829912 0.435483870967742 32.5566816884463 3 -2 0 
1 900 7 19 0.453965053763441 0.508064516129032 43.5193886197443 3 2 0 
0 900 7 17 0.353777589134126 0.442540322580645 29.062223887688 3 -2 0 
1 910 7 19 0.476451612903226 0.553225806451613 41.2943586971391 3 2 0 
0 910 7 17 0.391749379652605 0.475806451612903 25.0541854204708 3 -2 0 
1 920 7 19 0.575748847926267 0.608870967741936 36.6703954052641 3 2 0 
0 920 7 17 0.396010186757216 0.33366935483871 29.1762074150561 3 -2 0 
1 930 7 19 0.478530950305144 0.583870967741935 30.3245675712294 3 2 0 
0 930 7 17 0.351646505376344 0.344758064516129 26.6262965967051 3 -2 0 
1 940 7 19 0.482358870967742 0.584677419354839 18.445919845318 3 2 0 
0 940 7 17 0.400921658986175 0.382056451612903 36.0725568628966 3 -2 0 
1 950 7 19 0.534677419354839 0.543010752688172 20.6779307450334 3 2 0 
0 950 7 17 0.413082437275986 0.411290322580645 44.1788288624597 3 -2 0 
1 960 7 19 0.452087286527514 0.600806451612903 27.9267412074575 3 1 0 
0 960 7 18 0.336587436332767 0.375806451612903 40.9974750618579 3 -1 0 
1 970 7 20 0.446095076400679 0.618279569892473 47.3473198132857 3 2 0 
0 970 7 18 0.356518817204301 0.380645161290323 29.4454339444815 3 -2 0 
1 980 7 20 0.535887096774194 0.560483870967742 24.7425585745646 3 2 0 
0 980 7 18 0.376240694789082 0.388104838709677 29.3444790113861 3 -2 0 
1 990 7 20 0.435761957730812 0.512096774193548 21.1371916269722 3 2 0 
0 990 7 18 0.357173174872665 0.462701612903226 24.8261683292881 3 -2 0 
1 1000 7 20 0.416282642089094 0.543010752688172 20.6846236998056 3 2 0 
0 1000 7 18 0.407074780058651 0.478494623655914 21.1407239959561 3 -2 0 
1 1010 7 20 0.456989247311828 0.495161290322581 50.2770911158183 3 2 0 
0 1010 7 18 0.421458625525947 0.397849462365591 26.5926883596786 3 -2 0 
1 1020 7 20 0.45924149956408 0.47741935483871 26.0064753824148 3 2 0 
0 1020 7 18 0.372759856630824 0.481182795698925 4.28368945832752 3 -2 0 
1 1030 7 20 0.498138957816377 0.504838709677419 19.9420991334746 3 2 0 
0 1030 7 18 0.372673697270472 0.469758064516129 1.5 3 -2 0 
1 1040 7 20 0.549539170506912 0.555645161290323 27.4357692535507 3 2 0 
0 1040 7 18 0.414971949509116 0.252688172043011 35.3751237307396 3 -2 0 
1 1050 7 21 0.47284155597723 0.549395161290323 44.1332683629764 3 3 0 
0 1050 7 18 0.404776674937965 0.263440860215054 16.9086818797845 3 -3 0 
1 1060 7 21 0.488539898132428 0.557459677419355 51.2983101256178 3 3 1 
0 1060 7 18 0.393649193548387 0.256048387096774 19.0531404129956 2 -3 -1 
1 1070 7 21 0.594574780058651 0.623991935483871 39.5456983998578 3 3 1 
0 1070 7 18 0.346270161290323 0.224798387096774 12.6280715124219 2 -3 -1 
1 1080 7 21 0.513530465949821 0.707661290322581 21.7502018490567 3 2 2 
0 1080 7 19 0.258736559139785 0.237903225806452 10.7723596611682 1 -2 -2 
1 1090 7 21 0.595262096774194 0.733870967741936 14.2225601320776 3 2 2 
0 1090 7 19 0.219086021505376 0.20241935483871 9.3566807376235 1 -2 -2 
1 1100 7 22 0.59469696969697 0.700604838709677 13.893805914677 3 3 2 
0 1100 7 19 0.269489247311828 0.220967741935484 9.62441017293274 1 -3 -2 
1 1110 7 22 0.523537134283571 0.721774193548387 10.086849036858 3 3 2 
0 1110 7 19 0.271260997067449 0.258064516129032 7.54814302366431 1 -3 -2 
1 1120 7 22 0.533410138248848 0.750806451612903 4.25632914125783 3 3 2 
0 1120 7 19 0.222782258064516 0.21505376344086 7.78776918501121 1 -3 -2 
1 1130 7 22 0.674297606659729 0.791129032258065 6.67302404543273 3 3 3 
0 1130 7 19 0.21831797235023 0.181451612903226 4.73866316299731 0 -3 -3 
1 1140 7 22 0.65809811827957 0.625 55.8688213908653 3 3 3 
0 1140 7 19 0.255040322580645 0.147849462365591 3.15075705560238 0 -3 -3 
1 1150 7 22 0.768300248138958 0.605846774193548 57.9327792215385 3 3 3 
0 1150 7 19 0.203629032258065 0.182795698924731 3.67723091611936 0 -3 -3 
1 1160 7 22 0.768300248138958 0.727822580645161 21.5933913402751 3 3 3 
0 1160 7 19 0.21875 0.201612903225806 2.82842712474619 0 -3 -3 
1 1170 7 22 0.76747311827957 0.727822580645161 21.3010443218311 3 3 3 
0 1170 7 19 0.233870967741935 0.157258064516129 8.54400374531753 0 -3 -3 
