1 30 8.6 1 NaN 0.2484375 18.0750976317468 2 0 1 
0 30 7.2 1 NaN 0.3310546875 35.21916429041 1 0 -1 
1 40 8.6 1 NaN 0.3078125 22.9782490564716 2 0 1 
0 40 7.2 1 0.39453125 0.35625 28.1948006134395 1 0 -1 
1 50 8.6 1 NaN 0.35546875 27.9737176993212 2 0 1 
0 50 7.2 1 0.38984375 0.3953125 24.5511211676834 1 0 -1 
1 60 8.6 1 0.473214285714286 0.4515625 36.5221167346823 2 0 1 
0 60 7.2 1 0.44765625 0.49375 21.3611476065261 1 0 -1 
1 70 8.6 1 0.483984375 0.37578125 39.3178794181201 2 0 1 
0 70 7.2 1 0.457880434782609 0.503125 22.9158082964264 1 0 -1 
1 80 8.6 1 0.47734375 0.40625 34.8527039582909 2 0 1 
0 80 7.2 1 0.450747282608696 0.509765625 35.3581349677099 1 0 -1 
1 90 8.6 2 0.436598557692308 0.41484375 33.7741383865126 2 1 1 
0 90 7.2 1 0.463235294117647 0.513020833333333 44.8787810570199 1 -1 -1 
1 100 8.6 2 0.451349431818182 0.4453125 37.2547363055966 2 0 1 
0 100 7.2 2 0.495 0.494791666666667 44.2110563079342 1 0 -1 
1 110 8.6 2 0.448918269230769 0.44453125 34.8270560901686 2 0 1 
0 110 7.2 2 0.469907407407407 0.4384765625 50.4789649149625 1 0 -1 
1 120 8.6 2 0.446707589285714 0.4375 32.1074458138333 2 0 1 
0 120 7.2 2 0.4810546875 0.4697265625 41.9997427349632 1 0 -1 
1 130 8.6 3 0.473307291666667 0.3765625 35.5403053040762 2 0 1 
0 130 7.2 3 0.453125 0.5087890625 30.4411692831623 1 0 -1 
1 140 8.6 3 0.473524305555556 0.40546875 31.9548849375839 2 0 1 
0 140 7.2 3 0.436848958333333 0.4453125 46.9991393187915 1 0 -1 
1 150 8.6 4 0.450520833333333 0.44765625 32.2825183976015 2 1 1 
0 150 7.2 3 0.447544642857143 0.423828125 45.3199911119816 1 -1 -1 
1 160 8.6 4 0.467708333333333 0.44140625 20.7919781097092 2 1 1 
0 160 7.2 3 0.452508223684211 0.420572916666667 24.2651947762833 1 -1 -1 
1 170 8.6 4 0.467708333333333 0.4734375 13.6404892434544 2 1 1 
0 170 7.2 3 0.449558423913043 0.40234375 31.2549346319078 1 -1 -1 
1 180 8.6 4 0.469618055555556 0.5015625 5.79928287007285 2 1 1 
0 180 7.2 3 0.46577380952381 0.39296875 27.9906152274429 1 -1 -1 
1 190 8.6 4 0.467848557692308 0.48046875 4.76225310039171 2 0 1 
0 190 7.2 4 0.4625 0.412109375 23.5320986647365 1 0 -1 
1 200 8.6 5 0.466796875 0.47734375 9.41297462770972 2 1 1 
0 200 7.2 4 0.462957974137931 0.4990234375 16.0925325371697 1 -1 -1 
1 210 8.6 5 0.463541666666667 0.46875 19.6504723279225 2 1 1 
0 210 7.2 4 0.486929086538462 0.4375 38.5422419132315 1 -1 -1 
1 220 8.6 5 0.505208333333333 0.403125 42.4803732754285 2 1 1 
0 220 7.2 4 0.478091032608696 0.44453125 38.2560098402542 1 -1 -1 
1 230 8.6 6 0.530133928571429 0.4546875 38.0542024298789 2 1 1 
0 230 7.2 5 0.449368990384615 0.501953125 28.2238108195555 1 -1 -1 
1 240 8.6 6 0.4609375 0.4765625 35.1125851605039 2 1 1 
0 240 7.2 5 0.4638671875 0.4234375 38.5987481358174 1 -1 -1 
1 250 8.6 6 0.482421875 0.4421875 40.0083251242113 2 1 1 
0 250 7.2 5 0.456510416666667 0.4296875 30.8514394045568 1 -1 -1 
1 260 8.6 6 0.483854166666667 0.45390625 36.3435665488049 2 0 1 
0 260 7.2 6 0.423253676470588 0.4859375 24.3826738584098 1 0 -1 
1 270 8.6 7 0.482421875 0.484375 35.4016143278394 2 1 1 
0 270 7.2 6 0.435997596153846 0.4703125 28.0593543133631 1 -1 -1 
1 280 8.6 7 0.475911458333333 0.46484375 25.3536000893974 2 1 1 
0 280 7.2 6 0.484375 0.5203125 29.3724049754029 1 -1 -1 
1 290 8.6 7 0.477864583333333 0.4208984375 24.6315796483283 2 0 1 
0 290 7.2 7 0.4665625 0.5146484375 39.0322131589842 1 0 -1 
1 300 8.6 7 0.472098214285714 0.392578125 34.8622929590931 2 0 1 
0 300 7.2 7 0.441127232142857 0.4892578125 16.2849222950633 1 0 -1 
1 310 8.6 7 0.471028645833333 0.39296875 28.1557012366537 2 0 1 
0 310 7.2 7 0.466542119565217 0.42734375 25.7493728218209 1 0 -1 
1 320 8.6 7 0.471028645833333 0.4078125 8.82723329934666 2 0 1 
0 320 7.2 7 0.4609375 0.356770833333333 26.7234481987474 1 0 -1 
1 330 8.6 8 0.470424107142857 0.4638671875 3.03757023532209 2 1 1 
0 330 7.2 7 0.45703125 0.4765625 13.9968033294722 1 -1 -1 
1 340 8.6 8 0.475520833333333 0.47265625 30.7750105126933 2 1 1 
0 340 7.2 7 0.467097355769231 0.4677734375 38.6621513715707 1 -1 -1 
1 350 8.6 8 0.4755859375 0.3828125 38.369924936074 2 0 1 
0 350 7.2 8 0.450892857142857 0.415625 45.0477087276943 1 0 -1 
1 360 8.6 8 0.480189732142857 0.3375 43.5001356209237 2 0 1 
0 360 7.2 8 0.475074404761905 0.48125 26.7933156542687 1 0 -1 
1 370 8.6 9 0.477734375 0.39609375 40.6852539874809 2 1 1 
0 370 7.2 8 0.4685546875 0.4912109375 34.011160756248 1 -1 -1 
1 380 8.6 9 0.474888392857143 0.43671875 36.1374039909724 2 1 1 
0 380 7.2 8 0.44078125 0.4833984375 38.1148484271112 1 -1 -1 
1 390 8.6 9 0.484933035714286 0.45625 35.2444755057406 2 1 1 
0 390 7.2 8 0.408420138888889 0.47265625 42.1297346820559 1 -1 -1 
1 400 8.6 9 0.513556985294118 0.45078125 34.6547872754438 2 0 1 
0 400 7.2 9 0.468315972222222 0.42734375 45.6920458287597 1 0 -1 
1 410 8.6 10 0.538762019230769 0.46171875 39.4631789950294 2 1 1 
0 410 7.2 9 0.433376736111111 0.44921875 33.9346511297546 1 -1 -1 
1 420 8.6 10 0.47265625 0.4560546875 30.5302653875081 2 1 1 
0 420 7.2 9 0.44140625 0.48671875 23.3565868637114 1 -1 -1 
1 430 8.6 10 0.465444711538462 0.4287109375 17.879025698877 2 1 1 
0 430 7.2 9 0.46484375 0.5234375 17.6139149538085 1 -1 -1 
1 440 8.6 11 0.465745192307692 0.434895833333333 11.5116422907131 2 1 1 
0 440 7.2 10 0.44078125 0.48828125 0 1 -1 -1 
1 450 8.6 11 0.475183823529412 0.3994140625 42.1550973375582 2 1 1 
0 450 7.2 10 0.459498355263158 0.177734375 1.58113883008419 1 -1 -1 
1 460 8.6 11 0.506591796875 0.40390625 45.8192584917216 2 1 1 
0 460 7.2 10 0.4619140625 0.220703125 19.4984009766885 1 -1 -1 
1 470 8.6 11 0.504774305555556 0.4265625 50.0800809272982 2 1 1 
0 470 7.2 10 0.417763157894737 0.334375 24.3536478422448 1 -1 -1 
1 480 8.6 11 0.479910714285714 0.45703125 36.3658659981114 2 1 1 
0 480 7.2 10 0.4248046875 0.44375 31.9007272250009 1 -1 -1 
1 490 8.6 11 0.472301136363636 0.4546875 32.8177489628385 2 0 1 
0 490 7.2 11 0.47265625 0.50703125 31.4506177518634 1 0 -1 
1 500 8.6 12 0.487630208333333 0.45234375 31.9639160434264 2 1 1 
0 500 7.2 11 0.44287109375 0.51875 22.5306028281903 1 -1 -1 
1 510 8.6 12 0.463778409090909 0.4390625 24.1442853803333 2 1 1 
0 510 7.2 11 0.447265625 0.4921875 25.28611629743 1 -1 -1 
1 520 8.6 12 0.482954545454545 0.45078125 18.146495573696 2 1 1 
0 520 7.2 11 0.48828125 0.4892578125 30.3829689144823 1 -1 -1 
1 530 8.6 12 0.488839285714286 0.4375 21.666717753979 2 1 1 
0 530 7.2 11 0.447620738636364 0.51171875 31.507916825634 1 -1 -1 
1 540 8.6 12 0.46630859375 0.44140625 28.0415473823163 2 1 1 
0 540 7.2 11 0.468315972222222 0.443359375 41.1454478502936 1 -1 -1 
1 550 8.6 13 0.46923828125 0.47890625 35.2898072987263 2 2 1 
0 550 7.2 11 0.454503676470588 0.428385416666667 30.8864383136518 1 -2 -1 
1 560 8.6 13 0.46923828125 0.4658203125 34.248029743423 2 1 1 
0 560 7.2 12 0.431066176470588 0.444010416666667 16.3184111429452 1 -1 -1 
1 570 8.6 13 0.473090277777778 0.45078125 17.9220334500648 2 1 1 
0 570 7.2 12 0.457248263888889 0.396484375 37.3108311162125 1 -1 -1 
1 580 8.6 13 0.4697265625 0.4890625 15.6156935988465 2 1 1 
0 580 7.2 12 0.457403273809524 0.416015625 29.2861042571527 1 -1 -1 
1 590 8.6 13 0.4697265625 0.4599609375 15.7363458292768 2 1 1 
0 590 7.2 12 0.451472355769231 0.439453125 14.0089257261219 1 -1 -1 
1 600 8.6 14 0.487444196428571 0.4619140625 9.89583127875909 2 2 1 
0 600 7.2 12 0.459498355263158 0.466796875 16.6207701385947 1 -2 -1 
1 610 8.6 14 0.503069196428571 0.494140625 10.4967651843799 2 2 1 
0 610 7.2 12 0.45546875 0.501953125 6.04152298679729 1 -2 -1 
1 620 8.6 14 0.503069196428571 0.41796875 27.7138719640009 2 2 1 
0 620 7.2 12 0.442414314516129 0.3310546875 39.5436626768193 1 -2 -1 
1 630 8.6 14 0.502790178571429 0.40625 36.6911248510378 2 1 1 
0 630 7.2 13 0.43125 0.409375 35.4431686651117 1 -1 -1 
1 640 8.6 14 0.533333333333333 0.4716796875 29.6732185018077 2 1 1 
0 640 7.2 13 0.446428571428571 0.44296875 37.479143868288 1 -1 -1 
1 650 8.6 14 0.543619791666667 0.48046875 27.7285992472575 2 1 1 
0 650 7.2 13 0.423921130952381 0.48359375 29.4434421920278 1 -1 -1 
1 660 8.6 15 0.443033854166667 0.4189453125 29.4613460747447 2 2 1 
0 660 7.2 13 0.451904296875 0.4814453125 14.1163031004055 1 -2 -1 
1 670 8.6 15 0.487165178571429 0.43125 49.4311784725807 2 2 1 
0 670 7.2 13 0.468191964285714 0.46875 11.0874469537234 1 -2 -1 
1 680 8.6 15 0.48359375 0.397135416666667 48.2065417943629 2 1 1 
0 680 7.2 14 0.421440972222222 0.4990234375 16.4412891848165 1 -1 -1 
1 690 8.6 15 0.516276041666667 0.46875 29.402782049663 2 1 1 
0 690 7.2 14 0.4287109375 0.5205078125 7.04539977456307 1 -1 -1 
1 700 8.6 15 0.5146484375 0.434895833333333 34.4635797084848 2 1 1 
0 700 7.2 14 0.467848557692308 0.45 37.1687228167984 1 -1 -1 
1 710 8.6 15 0.5146484375 0.416015625 11.7686022959398 2 0 1 
0 710 7.2 15 0.424172794117647 0.4671875 29.4075884142043 1 0 -1 
1 720 8.6 15 0.47265625 0.30390625 38.1021317178204 2 0 1 
0 720 7.2 15 0.459788602941177 0.48125 26.657871499124 1 0 -1 
1 730 8.6 16 0.453835227272727 0.388671875 21.710500678689 2 1 1 
0 730 7.2 15 0.471966911764706 0.5146484375 16.1091727935948 1 -1 -1 
1 740 8.6 16 0.453835227272727 0.396875 21.3472221844202 2 1 1 
0 740 7.2 15 0.465353260869565 0.517578125 8.38963535214029 1 -1 -1 
1 750 8.6 16 0.467329545454545 0.451171875 7.52499815348591 2 1 1 
0 750 7.2 15 0.47944972826087 0.50390625 0 1 -1 -1 
1 760 8.6 16 0.449869791666667 0.4515625 9.53902375613784 2 1 1 
0 760 7.2 15 0.498604910714286 NaN NaN 1 -1 -1 
1 770 8.6 17 0.449869791666667 0.39140625 30.247143904214 2 2 1 
0 770 7.2 15 0.458333333333333 0.16015625 0 1 -2 -1 
1 780 8.6 17 0.51708984375 0.403125 29.8975757941051 2 2 1 
0 780 7.2 15 0.456287202380952 0.265625 0 1 -2 -1 
1 790 8.6 17 0.511160714285714 0.41328125 40.3779270392186 2 2 1 
0 790 7.2 15 0.484375 0.3046875 24.959231292507 1 -2 -1 
1 800 8.6 17 0.511160714285714 0.51171875 35.7278757173203 2 2 1 
0 800 7.2 15 0.4357421875 0.31875 33.9730334594339 1 -2 -1 
1 810 8.6 17 0.475260416666667 0.53203125 40.1687521029112 2 2 1 
0 810 7.2 15 0.382378472222222 0.39375 20.6098295923046 1 -2 -1 
1 820 8.6 18 0.580078125 0.537109375 25.7181258281804 2 2 1 
0 820 7.2 16 0.4765625 0.478125 33.5247628149058 1 -2 -1 
1 830 8.6 18 0.62109375 0.5078125 35.0788035639073 2 2 1 
0 830 7.2 16 0.462239583333333 0.47265625 34.7213189594166 1 -2 -1 
1 840 8.6 18 0.539362980769231 0.5185546875 21.4483939372201 2 2 1 
0 840 7.2 16 0.430588942307692 0.458984375 33.130195928327 1 -2 -1 
1 850 8.6 18 0.481534090909091 0.42578125 11.8042715354044 2 2 1 
0 850 7.2 16 0.456705729166667 0.443359375 18.4188966754558 1 -2 -1 
1 860 8.6 18 0.481534090909091 0.42578125 13.6677960785056 2 2 1 
0 860 7.2 16 0.444270833333333 0.4501953125 14.2163621330311 1 -2 -1 
1 870 8.6 18 0.469460227272727 0.4677734375 20.7620018646873 2 2 1 
0 870 7.2 16 0.466517857142857 0.408854166666667 10.5422306878648 1 -2 -1 
1 880 8.6 18 0.514185855263158 0.3703125 35.663423904714 1 1 0 
0 880 7.2 17 0.4625 0.34375 30.6841867702647 1 -1 0 
1 890 8.6 18 0.514185855263158 0.44921875 33.9503954254186 1 1 0 
0 890 7.2 17 0.423828125 0.3193359375 29.543950168839 1 -1 0 
1 900 8.6 19 0.49921875 0.4875 31.7049298031589 1 2 0 
0 900 7.2 17 0.449678308823529 0.38671875 14.0683081972079 1 -2 0 
1 910 8.6 19 0.498604910714286 0.5146484375 29.6610844623238 1 2 0 
0 910 7.2 17 0.478693181818182 0.4462890625 4.53787012881269 1 -2 0 
1 920 8.6 19 0.498604910714286 0.513671875 23.1195716702144 1 2 0 
0 920 7.2 17 0.444878472222222 0.337890625 24.9463273544771 1 -2 0 
1 930 8.6 19 0.505580357142857 0.51953125 0 1 1 0 
0 930 7.2 18 0.426081730769231 0.3125 18.9157216890165 1 -1 0 
1 940 8.6 19 0.470833333333333 0.33203125 0 1 1 0 
0 940 7.2 18 0.484375 0.45703125 12.891908118858 1 -1 0 
1 950 8.6 19 0.460582386363636 0.44140625 0 1 0 0 
0 950 7.2 19 0.4638671875 0.515625 6.92984126899462 1 0 0 
1 960 8.6 20 0.465303308823529 0.54296875 0 1 1 0 
0 960 7.2 19 0.489769345238095 0.51953125 1.71630277785658 1 -1 0 
1 970 8.6 20 0.4859375 0.51953125 0 1 1 0 
0 970 7.2 19 0.499794407894737 0.3984375 33.1980275457937 1 -1 0 
1 980 8.6 20 0.473257211538462 0.35546875 64.181383593687 1 1 0 
0 980 7.2 19 0.481178977272727 0.43359375 18.5026518445717 1 -1 0 
1 990 8.6 20 0.4375 0.21875 20.4266982158155 1 1 0 
0 990 7.2 19 0.4765625 0.37890625 37.3047528385467 1 -1 0 
1 1000 8.6 20 0.455729166666667 0.2546875 35.0431258358509 1 1 0 
0 1000 7.2 19 0.501953125 0.46015625 26.8663228709248 1 -1 0 
1 1010 8.6 20 0.455729166666667 0.37890625 24.7593102823931 1 1 0 
0 1010 7.2 19 0.446814903846154 0.52578125 15.9820812941078 1 -1 0 
1 1020 8.6 20 0.4953125 0.4484375 19.0675281555439 1 1 0 
0 1020 7.2 19 0.398137019230769 0.50390625 21.3415965486851 1 -1 0 
1 1030 8.6 20 0.509765625 0.40625 19.5202881021941 1 0 0 
0 1030 7.2 20 0.502083333333333 0.51953125 13.2344285502771 1 0 0 
1 1040 8.6 20 0.509765625 0.4208984375 24.1616235547758 1 0 0 
0 1040 7.2 20 0.45484375 0.50390625 18.5 1 0 0 
1 1050 8.6 21 0.514391447368421 0.45703125 22.0286876036627 1 1 0 
0 1050 7.2 20 0.415090460526316 0.453125 0 1 -1 0 
1 1060 8.6 21 0.5615234375 0.4833984375 6.41417394956955 1 1 0 
0 1060 7.2 20 0.4462890625 0.30859375 0 1 -1 0 
1 1070 8.6 21 0.5615234375 0.390625 36.8979491281304 1 1 0 
0 1070 7.2 20 0.427139945652174 0.1796875 0 1 -1 0 
1 1080 8.6 21 0.491887019230769 0.384765625 36.7285481822594 1 1 1 
0 1080 7.2 20 0.440364583333333 0.212890625 10.0623058987491 0 -1 -1 
1 1090 8.6 21 0.545099431818182 0.4794921875 24.9582593413314 1 1 1 
0 1090 7.2 20 0.459735576923077 0.266927083333333 28.4927181605927 0 -1 -1 
1 1100 8.6 21 0.541480654761905 0.425 35.6689952472015 1 1 1 
0 1100 7.2 20 0.417410714285714 0.310546875 30.2579426117264 0 -1 -1 
1 1110 8.6 21 0.50546875 0.4578125 33.2420242851993 1 1 1 
0 1110 7.2 20 0.428786057692308 0.352864583333333 29.3443802226723 0 -1 -1 
1 1120 8.6 21 0.530649038461538 0.430989583333333 12.7433092924781 1 1 1 
0 1120 7.2 20 0.4453125 0.3623046875 36.071617480117 0 -1 -1 
1 1130 8.6 21 0.521875 0.48046875 26.1156129008703 1 1 1 
0 1130 7.2 20 0.427734375 0.396484375 30.9714685573425 0 -1 -1 
1 1140 8.6 21 0.4890625 0.4814453125 22.3509311796754 1 1 1 
0 1140 7.2 20 0.446814903846154 0.458333333333333 19.712759184754 0 -1 -1 
1 1150 8.6 22 0.508463541666667 0.484375 29.4927435188408 1 2 1 
0 1150 7.2 20 0.470920138888889 0.4296875 19.1731491095374 0 -2 -1 
1 1160 8.6 22 0.569110576923077 0.46484375 42.5362398749656 1 1 1 
0 1160 7.2 21 0.460049715909091 0.403645833333333 28.0832619440716 0 -1 -1 
1 1170 8.6 22 0.525111607142857 0.404296875 28.221319944344 1 1 1 
0 1170 7.2 21 0.427083333333333 0.55078125 0 0 -1 -1 
1 1180 8.6 22 0.553485576923077 0.427734375 16.2192533225192 1 1 1 
0 1180 7.2 21 0.498177083333333 0.16796875 8.5 0 -1 -1 
1 1190 8.6 22 0.553485576923077 0.37421875 28.3691010796219 1 1 1 
0 1190 7.2 21 0.498177083333333 0.15234375 0 0 -1 -1 
