1 30 8.6 1 NaN 0.645161290322581 40.7130831518079 2 0 0 
0 30 7.4 1 NaN 0.356854838709677 36.6868845165558 2 0 0 
1 40 8.6 1 NaN 0.634072580645161 39.152452513887 2 0 0 
0 40 7.4 1 NaN 0.356854838709677 36.6868845165558 2 0 0 
1 50 8.6 1 0.387096774193548 0.559677419354839 39.5009284753637 2 0 0 
0 50 7.4 1 0.370967741935484 0.340322580645161 38.3638458066177 2 0 0 
1 60 8.6 1 0.383064516129032 0.518548387096774 36.1380083374896 2 0 0 
0 60 7.4 1 0.383064516129032 0.432258064516129 46.9779053845037 2 0 0 
1 70 8.6 1 0.430831265508685 0.485483870967742 26.1261944802327 2 0 0 
0 70 7.4 1 0.419018817204301 0.437096774193548 39.3267714931796 2 0 0 
1 80 8.6 1 0.50028801843318 0.496774193548387 25.2768253753421 2 0 0 
0 80 7.4 1 0.476310483870968 0.470161290322581 38.9993941701159 2 0 0 
1 90 8.6 1 0.389247311827957 0.470967741935484 24.4849853108609 2 0 0 
0 90 7.4 1 0.424235993208829 0.450604838709677 39.401525715516 2 0 0 
1 100 8.6 1 0.393721198156682 0.506451612903226 37.0531694279221 2 0 0 
0 100 7.4 1 0.388957816377171 0.412096774193548 49.8271802856392 2 0 0 
1 110 8.6 2 0.475806451612903 0.511290322580645 37.5526602837807 2 1 0 
0 110 7.4 1 0.458436724565757 0.415322580645161 44.8848252248629 2 -1 0 
1 120 8.6 2 0.39489247311828 0.519354838709677 37.6012868461276 2 0 0 
0 120 7.4 2 0.407732447817837 0.410282258064516 45.3997478794392 2 0 0 
1 130 8.6 2 0.392281105990783 0.508064516129032 37.1717249164099 2 0 0 
0 130 7.4 2 0.406891495601173 0.398387096774194 42.981506839579 2 0 0 
1 140 8.6 2 0.509615384615385 0.50241935483871 36.9681582096148 2 0 0 
0 140 7.4 2 0.484318996415771 0.42741935483871 37.4232053976618 2 0 0 
1 150 8.6 3 0.389784946236559 0.504838709677419 33.0695877840468 2 0 0 
0 150 7.4 3 0.40905017921147 0.456451612903226 36.7695823689249 2 0 0 
1 160 8.6 3 0.383064516129032 0.527217741935484 6.35733032238918 2 0 0 
0 160 7.4 3 0.383064516129032 0.475 17.1264801125462 2 0 0 
1 170 8.6 3 0.467008797653959 0.502016129032258 4.86202898452991 2 0 0 
0 170 7.4 3 0.481350806451613 0.481854838709677 9.65445308175658 2 0 0 
1 180 8.6 3 0.383064516129032 0.522177419354839 9.51667742783893 2 0 0 
0 180 7.4 3 0.428024193548387 0.502016129032258 16.6529846955849 2 0 0 
1 190 8.6 3 0.387960829493088 0.575 11.2614276171541 2 -1 0 
0 190 7.4 4 0.455357142857143 0.430645161290323 32.8482625307921 2 1 0 
1 200 8.6 4 0.451612903225806 0.543548387096774 9.6494259414729 2 0 0 
0 200 7.4 4 0.503557874762808 0.443548387096774 22.3938186960704 2 0 0 
1 210 8.6 4 0.391885080645161 0.518548387096774 10.0091070535616 2 0 0 
0 210 7.4 4 0.438049853372434 0.446572580645161 21.3977454521951 2 0 0 
1 220 8.6 5 0.40076164874552 0.508870967741936 29.5694643323047 2 1 0 
0 220 7.4 4 0.42196394686907 0.321572580645161 25.8060738966076 2 -1 0 
1 230 8.6 5 0.467741935483871 0.5 35.4517271631097 2 0 0 
0 230 7.4 5 0.505040322580645 0.407258064516129 24.8353070077483 2 0 0 
1 240 8.6 5 0.464247311827957 0.519354838709677 37.3105997149596 2 0 0 
0 240 7.4 5 0.383064516129032 0.367741935483871 25.6082855598159 2 0 0 
1 250 8.6 6 0.469623655913978 0.592741935483871 42.4434918128442 2 1 0 
0 250 7.4 5 0.383064516129032 0.407258064516129 27.1081695367164 2 -1 0 
1 260 8.6 6 0.517641129032258 0.523387096774194 38.7138776894132 2 0 0 
0 260 7.4 6 0.420564516129032 0.440322580645161 37.5561218281217 2 0 0 
1 270 8.6 6 0.409867172675522 0.510483870967742 37.5453941674785 2 0 0 
0 270 7.4 6 0.383064516129032 0.458064516129032 39.0036981036144 2 0 0 
1 280 8.6 6 0.430779569892473 0.508870967741936 36.9905384233711 2 0 0 
0 280 7.4 6 0.399769585253456 0.466129032258065 40.0079982086281 2 0 0 
1 290 8.6 6 0.517137096774194 0.505645161290323 38.686113926513 2 0 0 
0 290 7.4 6 0.446824596774194 0.459677419354839 40.626063676433 2 0 0 
1 300 8.6 6 0.399445564516129 0.579838709677419 51.8682676337586 2 0 0 
0 300 7.4 6 0.389784946236559 0.454032258064516 36.6770904453292 2 0 0 
1 310 8.6 6 0.383064516129032 0.57258064516129 49.5057774050085 2 0 0 
0 310 7.4 6 0.412220843672457 0.478225806451613 40.6950400231473 2 0 0 
1 320 8.6 7 0.492223502304147 0.612903225806452 49.4150207460105 2 1 0 
0 320 7.4 6 0.496774193548387 0.515322580645161 48.8762639110578 2 -1 0 
1 330 8.6 7 0.403225806451613 0.532258064516129 44.1202403909651 2 0 0 
0 330 7.4 7 0.412410394265233 0.5 50.9455383686406 2 0 0 
1 340 8.6 7 0.383995037220844 0.563172043010753 39.4747798563478 2 0 0 
0 340 7.4 7 0.411021505376344 0.486290322580645 43.0496870891343 2 0 0 
1 350 8.6 7 0.467741935483871 0.58366935483871 48.2174058635069 2 0 0 
0 350 7.4 7 0.511827956989247 0.504838709677419 39.7306557397608 2 0 0 
1 360 8.6 7 0.383064516129032 0.641129032258065 39.5324224982484 2 0 0 
0 360 7.4 7 0.439324116743472 0.504838709677419 30.5163571295276 2 0 0 
1 370 8.6 7 0.383064516129032 0.594758064516129 15.6275034319367 2 -1 0 
0 370 7.4 8 0.383064516129032 0.444556451612903 37.7106478043895 2 1 0 
1 380 8.6 7 0.492943548387097 0.512096774193548 7.58223828058642 2 -1 0 
0 380 7.4 8 0.48045905707196 0.407258064516129 24.859703610133 2 1 0 
1 390 8.6 7 0.383064516129032 0.5625 36.6913894017538 2 -1 0 
0 390 7.4 8 0.406362007168459 0.371774193548387 21.0950607524455 2 1 0 
1 400 8.6 8 0.381048387096774 0.632258064516129 24.5253951405216 2 0 0 
0 400 7.4 8 0.413899430740038 0.404233870967742 30.9560690536272 2 0 0 
1 410 8.6 8 0.485023041474654 0.630645161290323 22.2164982394737 2 0 0 
0 410 7.4 8 0.50241935483871 0.469086021505376 27.6432779341747 2 0 0 
1 420 8.6 8 0.383064516129032 0.527217741935484 11.5018319876109 2 -1 0 
0 420 7.4 9 0.427822580645161 0.506048387096774 10.6066017177982 2 1 0 
1 430 8.6 9 0.391129032258065 0.485887096774194 7.99124630244008 2 0 0 
0 430 7.4 9 0.390591397849462 0.137096774193548 4 2 0 0 
1 440 8.6 9 0.484491315136476 0.470766129032258 9.50879010469688 2 0 0 
0 440 7.4 9 0.490694789081886 0.211021505376344 21.606772872564 2 0 0 
1 450 8.6 9 0.402039848197344 0.542741935483871 30.8996921041725 2 0 0 
0 450 7.4 9 0.403225806451613 0.314516129032258 21.6877112556056 2 0 0 
1 460 8.6 9 0.39005376344086 0.514516129032258 16.5572208017562 2 0 0 
0 460 7.4 9 0.383064516129032 0.365322580645161 20.1935493481186 2 0 0 
1 470 8.6 9 0.486827956989247 0.526612903225806 13.9289622596821 2 0 0 
0 470 7.4 9 0.490207373271889 0.445967741935484 16.2499269424461 2 0 0 
1 480 8.6 9 0.419153225806452 0.553225806451613 25.3754003657684 2 0 0 
0 480 7.4 9 0.409498207885305 0.515322580645161 21.1708000367158 2 0 0 
1 490 8.6 10 0.397429435483871 0.551612903225806 15.3217975091431 2 1 0 
0 490 7.4 9 0.398941532258065 0.396505376344086 18.1457755639982 2 -1 0 
1 500 8.6 10 0.48664314516129 0.533870967741936 20.4504998944898 2 1 0 
0 500 7.4 9 0.4921875 0.440860215053763 4.25134362195349 2 -1 0 
1 510 8.6 10 0.43200146627566 0.495161290322581 7.15339787195713 2 1 0 
0 510 7.4 9 0.422983870967742 0.351612903225806 41.8333024140193 2 -1 0 
1 520 8.6 10 0.403477822580645 0.494959677419355 7.93691502030875 2 1 0 
0 520 7.4 9 0.39247311827957 0.346774193548387 42.9055593833812 2 -1 0 
1 530 8.6 11 0.511290322580645 0.518548387096774 13.8500951956655 2 1 0 
0 530 7.4 10 0.482009925558313 0.404569892473118 29.7810801758641 2 -1 0 
1 540 8.6 11 0.389247311827957 0.495967741935484 11.1799082616064 2 1 0 
0 540 7.4 10 0.436766862170088 0.491935483870968 31.4029892689783 2 -1 0 
1 550 8.6 11 0.383064516129032 0.510483870967742 26.7183187147795 2 1 0 
0 550 7.4 10 0.383064516129032 0.34758064516129 50.7446164795067 2 -1 0 
1 560 8.6 11 0.524193548387097 0.45 24.5085274603941 2 1 0 
0 560 7.4 10 0.469758064516129 0.381451612903226 33.3890168783818 2 -1 0 
1 570 8.6 11 0.391397849462366 0.45 28.0903209088844 2 1 0 
0 570 7.4 10 0.391129032258065 0.414516129032258 25.6484571806178 2 -1 0 
1 580 8.6 11 0.383064516129032 0.456451612903226 26.9731644977338 2 0 0 
0 580 7.4 11 0.383995037220844 0.394354838709677 24.7956569212848 2 0 0 
1 590 8.6 11 0.499243951612903 0.511290322580645 26.0447885344803 2 0 0 
0 590 7.4 11 0.468413978494624 0.432258064516129 26.9532536839469 2 0 0 
1 600 8.6 12 0.416218637992832 0.531451612903226 26.8791809760929 2 1 0 
0 600 7.4 11 0.383064516129032 0.462096774193548 34.6119356766293 2 -1 0 
1 610 8.6 12 0.394489247311828 0.471774193548387 26.5906312782617 2 1 0 
0 610 7.4 11 0.383064516129032 0.432459677419355 33.0707613320615 2 -1 0 
1 620 8.6 12 0.519585253456221 0.462903225806452 29.4917426425546 2 1 0 
0 620 7.4 11 0.495631720430108 0.430443548387097 27.2101595751169 2 -1 0 
1 630 8.6 12 0.443972835314092 0.483064516129032 32.3667640015165 2 1 0 
0 630 7.4 11 0.427167338709677 0.461693548387097 37.4933808826788 2 -1 0 
1 640 8.6 12 0.397849462365591 0.495967741935484 43.9802529083187 2 1 0 
0 640 7.4 11 0.397177419354839 0.351612903225806 42.4588183866918 2 -1 0 
1 650 8.6 13 0.551612903225806 0.491935483870968 34.789509821946 2 1 0 
0 650 7.4 12 0.455645161290323 0.369354838709677 40.4048935126988 2 -1 0 
1 660 8.6 13 0.456797235023041 0.506451612903226 33.6638494687004 2 1 0 
0 660 7.4 12 0.433573853989813 0.386088709677419 32.0952938660539 2 -1 0 
1 670 8.6 13 0.383064516129032 0.542741935483871 33.0981333534313 2 1 0 
0 670 7.4 12 0.410282258064516 0.410282258064516 30.1488882759334 2 -1 0 
1 680 8.6 13 0.474798387096774 0.506451612903226 26.0217866759378 2 1 0 
0 680 7.4 12 0.474798387096774 0.389112903225806 26.1227990438341 2 -1 0 
1 690 8.6 13 0.460028050490884 0.487903225806452 25.0446755992628 2 1 0 
0 690 7.4 12 0.383064516129032 0.376612903225806 34.9317759742778 2 -1 0 
1 700 8.6 14 0.383064516129032 0.495161290322581 26.0975556067809 2 2 0 
0 700 7.4 12 0.383374689826303 0.349798387096774 35.0339084871464 2 -2 0 
1 710 8.6 14 0.516129032258065 0.581451612903226 35.0733269416733 2 2 0 
0 710 7.4 12 0.432661290322581 0.403225806451613 8.39842071896923 2 -2 0 
1 720 8.6 14 0.452620967741936 0.526612903225806 18.0817238140008 2 2 0 
0 720 7.4 12 0.50179211469534 0.426075268817204 7.00354718721579 2 -2 0 
1 730 8.6 14 0.383064516129032 0.508640552995392 13.3760905469243 2 1 0 
0 730 7.4 13 0.383736559139785 0.342741935483871 33.4348357602232 2 -1 0 
1 740 8.6 14 0.421082949308756 0.498387096774194 8.83140131550515 2 1 0 
0 740 7.4 13 0.399769585253456 0.387096774193548 18.0277563773199 2 -1 0 
1 750 8.6 15 0.460829493087558 0.463709677419355 4.71762993645179 2 2 0 
0 750 7.4 13 0.467375366568915 0.296370967741936 36.6674242345982 2 -2 0 
1 760 8.6 15 0.383064516129032 0.515322580645161 25.6374739348332 2 2 0 
0 760 7.4 13 0.3841642228739 0.313172043010753 4.77007388235578 2 -2 0 
1 770 8.6 15 0.518010752688172 0.504032258064516 26.0152920170116 2 2 0 
0 770 7.4 13 0.42741935483871 0.246975806451613 27.4623681558659 2 -2 0 
1 780 8.6 15 0.491801075268817 0.509677419354839 19.0095887030839 2 2 0 
0 780 7.4 13 0.361175115207373 0.258870967741936 20.2479773486237 2 -2 0 
1 790 8.6 15 0.460526315789474 0.476612903225806 13.0629823016773 2 2 0 
0 790 7.4 13 0.408808933002481 0.341733870967742 24.466847981149 2 -2 0 
1 800 8.6 15 0.532258064516129 0.465322580645161 12.9676176194687 2 2 0 
0 800 7.4 13 0.41705069124424 0.402217741935484 13.3129692256905 2 -2 0 
1 810 8.6 16 0.4375 0.416129032258065 28.0661437032885 2 2 0 
0 810 7.4 14 0.391666666666667 0.403225806451613 2.53528391137356 2 -2 0 
1 820 8.6 16 0.433915770609319 0.421774193548387 29.8434564359155 2 2 0 
0 820 7.4 14 0.381964809384164 0.345766129032258 29.1357178734186 2 -2 0 
1 830 8.6 16 0.61581541218638 0.379032258064516 25.453828993889 2 2 0 
0 830 7.4 14 0.336693548387097 0.274193548387097 0 2 -2 0 
1 840 8.6 17 0.5 0.342741935483871 21.6377638330013 2 3 0 
0 840 7.4 14 0.286290322580645 0.278225806451613 0 2 -3 0 
1 850 8.6 17 0.403763440860215 0.35241935483871 24.5077141480298 2 3 0 
0 850 7.4 14 0.285282258064516 0.213709677419355 21.1009478460092 2 -3 0 
1 860 8.6 17 0.622043010752688 0.264784946236559 14.5353301363146 2 3 0 
0 860 7.4 14 NaN 0.223790322580645 6.80073525436772 2 -3 0 
1 870 8.6 17 0.506674082313682 0.417338709677419 25.5523539266708 2 3 0 
0 870 7.4 14 0.291563275434243 0.165322580645161 10.6184555128546 2 -3 0 
1 880 8.6 17 0.463709677419355 0.428427419354839 34.8498273332583 2 3 0 
0 880 7.4 14 0.362903225806452 0.278225806451613 22.0450008954497 2 -3 0 
1 890 8.6 17 0.629032258064516 0.433870967741935 24.3746991958737 2 2 0 
0 890 7.4 15 0.362903225806452 0.349193548387097 14.6677320940598 2 -2 0 
1 900 8.6 18 0.48045905707196 0.493951612903226 25.5478858475229 2 3 0 
0 900 7.4 15 0.383064516129032 0.356182795698925 9.80097747145463 2 -3 0 
1 910 8.6 18 0.395698924731183 0.51008064516129 32.170438876108 2 3 0 
0 910 7.4 15 0.381048387096774 0.377016129032258 15.2069063257456 2 -3 0 
1 920 8.6 18 0.57258064516129 0.474798387096774 33.2560059543461 2 3 0 
0 920 7.4 15 0.377822580645161 0.403225806451613 2.23606797749979 2 -3 0 
1 930 8.6 18 0.444354838709677 0.606854838709677 49.9803948719709 2 3 0 
0 930 7.4 15 0.392089093701997 0.407258064516129 2.23606797749979 2 -3 0 
1 940 8.6 18 0.434060721062619 0.575604838709677 48.7871766373095 2 3 0 
0 940 7.4 15 0.403729838709677 0.276209677419355 36.7785781720966 2 -3 0 
1 950 8.6 18 0.569168734491315 0.479032258064516 36.8077842986043 2 3 0 
0 950 7.4 15 0.525537634408602 0.258870967741936 23.363536632617 2 -3 0 
1 960 8.6 18 0.485983102918587 0.476612903225806 21.3711244835516 2 2 0 
0 960 7.4 16 0.337096774193548 0.275806451612903 12.788593144644 2 -2 0 
1 970 8.6 18 0.413810483870968 0.496774193548387 10.0392874920962 2 2 0 
0 970 7.4 16 0.395833333333333 0.339516129032258 6.51569324634585 2 -2 0 
1 980 8.6 18 0.520161290322581 0.50241935483871 5.70974029049732 2 2 0 
0 980 7.4 16 0.421370967741936 0.455645161290323 6.43180510006491 2 -2 0 
1 990 8.6 19 0.448387096774194 0.485887096774194 18.7781280023183 2 3 0 
0 990 7.4 16 0.388248847926267 0.51747311827957 6.68527154404971 2 -3 0 
1 1000 8.6 19 0.383064516129032 0.562096774193548 38.1479052183343 2 3 0 
0 1000 7.4 16 0.382133995037221 0.532258064516129 19.1376592090046 2 -3 0 
1 1010 8.6 19 0.502481389578164 0.475806451612903 19.3989167765881 2 3 0 
0 1010 7.4 16 0.441820276497696 0.536290322580645 0 2 -3 0 
1 1020 8.6 19 0.436766862170088 0.464516129032258 9.22087848135081 2 3 0 
0 1020 7.4 16 0.39336917562724 0.419354838709677 0 2 -3 0 
1 1030 8.6 19 0.393279569892473 0.47258064516129 12.0801652212363 2 3 0 
0 1030 7.4 16 0.397177419354839 0.298387096774194 26.2345192446898 2 -3 0 
1 1040 8.6 19 0.537154377880184 0.434677419354839 25.9111684287865 2 3 0 
0 1040 7.4 16 0.453984819734345 0.192204301075269 13.5045443000353 2 -3 0 
1 1050 8.6 20 0.485961768219833 0.383870967741936 30.153183931531 2 4 0 
0 1050 7.4 16 0.374193548387097 0.235887096774194 19.7365069892691 2 -4 0 
1 1060 8.6 20 0.489055299539171 0.342741935483871 20.1555141125681 2 4 0 
0 1060 7.4 16 0.34375 0.244623655913978 21.4749737719438 2 -4 0 
1 1070 8.6 20 0.649193548387097 0.296774193548387 18.6359667361676 2 4 0 
0 1070 7.4 16 0.281586021505376 0.266129032258065 0 2 -4 0 
1 1080 8.6 20 0.503888248847926 0.291129032258065 15.3448534802322 2 4 1 
0 1080 7.4 16 0.270967741935484 0.213709677419355 0 1 -4 -1 
1 1090 8.6 20 0.514200561009818 0.387903225806452 51.2685249318523 2 4 1 
0 1090 7.4 16 0.248655913978495 0.189516129032258 0 1 -4 -1 
1 1100 8.6 21 0.665848527349229 0.293548387096774 28.7409858575164 2 5 2 
0 1100 7.4 16 0.259408602150538 0.147849462365591 6.86063621880212 0 -5 -2 
1 1110 8.6 21 0.5 0.287096774193548 17.7572138728144 2 4 2 
0 1110 7.4 17 0.276209677419355 0.182795698924731 3.31905758353267 0 -4 -2 
1 1120 8.6 21 0.492943548387097 0.278225806451613 11.9074991320239 2 4 2 
0 1120 7.4 17 NaN 0.207661290322581 8.60792280395573 0 -4 -2 
1 1130 8.6 21 0.634576612903226 0.345766129032258 13.5304931164915 2 4 2 
0 1130 7.4 17 NaN 0.259677419354839 10.347195762701 0 -4 -2 
1 1140 8.6 21 0.505283648498332 0.391129032258065 19.5479657617833 2 4 2 
0 1140 7.4 17 0.310483870967742 0.287096774193548 8.53669315033666 0 -4 -2 
1 1150 8.6 21 0.470622119815668 0.430875576036866 10.5202645072986 2 3 2 
0 1150 7.4 18 0.31989247311828 0.386290322580645 6.07586856440495 0 -3 -2 
1 1160 8.6 21 0.608114919354839 0.504608294930876 16.5156346403911 2 3 2 
0 1160 7.4 18 0.31989247311828 0.400537634408602 28.2334302522053 0 -3 -2 
1 1170 8.6 21 0.548387096774194 0.507056451612903 12.3697479372542 2 3 2 
0 1170 7.4 18 0.285923753665689 0.354838709677419 0 0 -3 -2 
1 1180 8.6 21 0.570564516129032 0.435483870967742 25.3506543227035 2 3 2 
0 1180 7.4 18 0.252688172043011 0.350806451612903 0 0 -3 -2 
1 1190 8.6 21 0.729838709677419 0.305443548387097 10.9224961389541 2 3 2 
0 1190 7.4 18 0.21505376344086 0.258064516129032 0 0 -3 -2 
1 1200 8.6 21 0.604838709677419 0.346774193548387 58.4485979113165 2 3 2 
0 1200 7.4 18 0.269489247311828 0.274193548387097 0 0 -3 -2 
1 1210 8.6 21 0.660282258064516 0.299395161290323 36.6181757839956 2 3 2 
0 1210 7.4 18 0.271505376344086 NaN NaN 0 -3 -2 
