1 30 8.4 1 NaN 0.216129032258065 14.6080280865772 3 0 0 
0 30 4.8 1 NaN 0.286290322580645 2.15979805373316 3 0 0 
1 40 8.4 1 NaN 0.286290322580645 14.9069126827819 3 0 0 
0 40 4.8 1 NaN 0.242943548387097 18.0274057209024 3 0 0 
1 50 8.4 1 0.382056451612903 0.363709677419355 18.442429299715 3 0 0 
0 50 4.8 1 0.381854838709677 0.341733870967742 30.1968436990194 3 0 0 
1 60 8.4 1 0.383064516129032 0.45241935483871 17.1202488219536 3 0 0 
0 60 4.8 1 0.383064516129032 0.479032258064516 32.218026182841 3 0 0 
1 70 8.4 1 0.424798387096774 0.474193548387097 12.2886767496351 3 0 0 
0 70 4.8 1 0.423135080645161 0.479838709677419 26.3226799847113 3 0 0 
1 80 8.4 1 0.474193548387097 0.500806451612903 15.5786328012701 3 0 0 
0 80 4.8 1 0.475 0.481451612903226 22.6897731430371 3 0 0 
1 90 8.4 1 0.425078043704475 0.479032258064516 26.6090668794261 3 0 0 
0 90 4.8 1 0.409130184331797 0.484677419354839 18.6881217873117 3 0 0 
1 100 8.4 1 0.434307795698925 0.506451612903226 24.1290509961154 3 0 0 
0 100 4.8 1 0.409754224270353 0.454838709677419 19.8605024110093 3 0 0 
1 110 8.4 2 0.474798387096774 0.450806451612903 21.7153666692976 3 1 0 
0 110 4.8 1 0.464626099706745 0.490322580645161 22.3413704848166 3 -1 0 
1 120 8.4 2 0.432400379506641 0.467741935483871 22.9032907587445 3 0 0 
0 120 4.8 2 0.402628434886499 0.475806451612903 20.0182609997157 3 0 0 
1 130 8.4 2 0.445900537634409 0.493548387096774 22.6928133475998 3 0 0 
0 130 4.8 2 0.405241935483871 0.496774193548387 22.7905580114673 3 0 0 
1 140 8.4 2 0.487127791563275 0.487096774193548 23.9612801866628 3 0 0 
0 140 4.8 2 0.474745331069609 0.470967741935484 23.3518918735477 3 0 0 
1 150 8.4 2 0.424557752341311 0.486290322580645 17.1086492594636 3 -1 0 
0 150 4.8 3 0.412037037037037 0.460483870967742 17.0641825421614 3 1 0 
1 160 8.4 3 0.413018433179724 0.484677419354839 19.333308479775 3 0 0 
0 160 4.8 3 0.417914746543779 0.475806451612903 18.7322365514211 3 0 0 
1 170 8.4 3 0.476280834914611 0.411290322580645 34.3025559865735 3 0 0 
0 170 4.8 3 0.486234705228031 0.508064516129032 21.8949482118817 3 0 0 
1 180 8.4 3 0.404377880184332 0.385483870967742 35.949900445441 3 0 0 
0 180 4.8 3 0.429590570719603 0.433064516129032 37.8938469545171 3 0 0 
1 190 8.4 3 0.409193548387097 0.406451612903226 41.1747624854014 3 -1 0 
0 190 4.8 4 0.400403225806452 0.437903225806452 43.4303860218364 3 1 0 
1 200 8.4 4 0.469422043010753 0.459677419354839 22.5123334671378 3 0 0 
0 200 4.8 4 0.456989247311828 0.428225806451613 34.0615910702311 3 0 0 
1 210 8.4 4 0.421857619577308 0.475806451612903 20.2939108250317 3 0 0 
0 210 4.8 4 0.411502546689304 0.424193548387097 27.8584151012652 3 0 0 
1 220 8.4 4 0.406922043010753 0.485483870967742 18.7447208480183 3 0 0 
0 220 4.8 4 0.394524617996604 0.473387096774194 21.4142800194745 3 0 0 
1 230 8.4 5 0.453173777315297 0.481451612903226 18.7242893747766 3 1 0 
0 230 4.8 4 0.438364055299539 0.487903225806452 24.7509120603407 3 -1 0 
1 240 8.4 5 0.42926267281106 0.491129032258064 13.5237006915843 3 0 0 
0 240 4.8 5 0.421908602150538 0.490927419354839 24.2164001234677 3 0 0 
1 250 8.4 5 0.463064516129032 0.474798387096774 13.2105036614182 3 0 0 
0 250 4.8 5 0.412692847124825 0.429838709677419 42.4440101457993 3 0 0 
1 260 8.4 5 0.47911866359447 0.466129032258065 27.9204305129707 3 0 0 
0 260 4.8 5 0.487231182795699 0.44758064516129 33.18229215445 3 0 0 
1 270 8.4 6 0.435483870967742 0.499193548387097 25.1305509576324 3 0 0 
0 270 4.8 6 0.424269153225806 0.466129032258065 23.6965868230044 3 0 0 
1 280 8.4 6 0.44109396914446 0.498387096774194 21.9821136672085 3 0 0 
0 280 4.8 6 0.389784946236559 0.465322580645161 16.8565476170897 3 0 0 
1 290 8.4 6 0.480436081242533 0.479032258064516 21.6187191204039 3 0 0 
0 290 4.8 6 0.462833099579243 0.412096774193548 36.8901002917667 3 0 0 
1 300 8.4 6 0.430840664711632 0.515322580645161 20.1689634688716 3 0 0 
0 300 4.8 6 0.411578341013825 0.418548387096774 26.8151920660336 3 0 0 
1 310 8.4 6 0.434193548387097 0.482862903225806 23.0733281995862 3 0 0 
0 310 4.8 6 0.437847608453838 0.465322580645161 25.0143197512749 3 0 0 
1 320 8.4 6 0.473527349228612 0.448387096774194 24.8357852147388 3 0 0 
0 320 4.8 6 0.480533926585095 0.498387096774194 25.1355519348418 3 0 0 
1 330 8.4 7 0.403417818740399 0.425403225806452 24.8792906307858 3 0 0 
0 330 4.8 7 0.431570208728653 0.483870967741936 21.2987176926451 3 0 0 
1 340 8.4 7 0.439516129032258 0.434475806451613 16.0406432729501 3 0 0 
0 340 4.8 7 0.383301707779886 0.508064516129032 24.4514778410795 3 0 0 
1 350 8.4 7 0.468637992831541 0.433870967741935 24.6009140922525 3 0 0 
0 350 4.8 7 0.446236559139785 0.469758064516129 28.4261107996922 3 0 0 
1 360 8.4 7 0.458478639930253 0.500806451612903 18.3674315110285 3 0 0 
0 360 4.8 7 0.38328853046595 0.426075268817204 32.8296403615416 3 0 0 
1 370 8.4 8 0.458266129032258 0.554032258064516 13.7715202603397 3 1 0 
0 370 4.8 7 0.38328853046595 0.344758064516129 39.798913934396 3 -1 0 
1 380 8.4 8 0.477486559139785 0.569354838709677 20.8106195320575 3 1 0 
0 380 4.8 7 0.449260752688172 0.362096774193548 24.9242412080003 3 -1 0 
1 390 8.4 8 0.469562955254943 0.567204301075269 33.8244657591287 3 0 0 
0 390 4.8 8 0.390725806451613 0.378225806451613 11.516475287059 3 0 0 
1 400 8.4 8 0.479683622828784 0.48991935483871 33.1667953736859 3 0 0 
0 400 4.8 8 0.405493951612903 0.434677419354839 15.0336894823001 3 0 0 
1 410 8.4 9 0.500597371565114 0.397177419354839 43.0991095552027 3 1 0 
0 410 4.8 8 0.45611954459203 0.462903225806452 13.4508269073456 3 -1 0 
1 420 8.4 9 0.459677419354839 0.467741935483871 24.2579700799594 3 1 0 
0 420 4.8 8 0.398263027295285 0.416935483870968 17.9376236335863 3 -1 0 
1 430 8.4 9 0.388911290322581 0.483064516129032 21.6411054322464 3 0 0 
0 430 4.8 9 0.396774193548387 0.445161290322581 12.5787268573226 3 0 0 
1 440 8.4 9 0.485023041474654 0.47258064516129 26.4605756808854 3 0 0 
0 440 4.8 9 0.462482468443198 0.483064516129032 14.4024557926632 3 0 0 
1 450 8.4 9 0.424817898022893 0.49758064516129 23.2644439172401 3 0 0 
0 450 4.8 9 0.419354838709677 0.471774193548387 19.9355756985269 3 0 0 
1 460 8.4 9 0.394978005865103 0.495967741935484 19.0563738595179 3 0 0 
0 460 4.8 9 0.442652329749104 0.466935483870968 19.619586551057 3 0 0 
1 470 8.4 9 0.446428571428571 0.466935483870968 20.2820258221094 3 0 0 
0 470 4.8 9 0.485599078341014 0.425806451612903 36.7609673263777 3 0 0 
1 480 8.4 10 0.427264267990074 0.487903225806452 21.130645883859 3 1 0 
0 480 4.8 9 0.415034562211982 0.398387096774194 32.66382357879 3 -1 0 
1 490 8.4 10 0.470105672969967 0.476612903225806 23.7330043126405 3 1 0 
0 490 4.8 9 0.391733870967742 0.367741935483871 25.9674102262627 3 -1 0 
1 500 8.4 10 0.487252861602497 0.489516129032258 13.4872218873288 3 1 0 
0 500 4.8 9 0.460125448028674 0.434677419354839 13.6302957447068 3 -1 0 
1 510 8.4 10 0.460899315738025 0.520161290322581 5.73970630376272 3 0 0 
0 510 4.8 10 0.391479663394109 0.430645161290323 7.06137643742162 3 0 0 
1 520 8.4 10 0.482430875576037 0.524193548387097 6.10011143262028 3 0 0 
0 520 4.8 10 0.389112903225806 0.403225806451613 6.84373891004071 3 0 0 
1 530 8.4 10 0.489854318418314 0.483870967741936 5.11911782766791 3 0 0 
0 530 4.8 10 0.438508064516129 0.473790322580645 7.11702887450374 3 0 0 
1 540 8.4 11 0.471123829344433 0.568548387096774 6.14181367759233 3 1 0 
0 540 4.8 10 0.405145929339478 0.424731182795699 20.5400697881418 3 -1 0 
1 550 8.4 11 0.441997518610422 0.443548387096774 30.437675574996 3 1 0 
0 550 4.8 10 0.412970430107527 0.307795698924731 27.9415583148993 3 -1 0 
1 560 8.4 11 0.469670406732118 0.45241935483871 32.6960508112473 3 1 0 
0 560 4.8 10 0.440020161290323 0.353494623655914 8.79147520096237 3 -1 0 
1 570 8.4 11 0.459677419354839 0.520161290322581 29.1993410654216 3 0 0 
0 570 4.8 11 0.380824372759857 0.384072580645161 25.3716055115218 3 0 0 
1 580 8.4 12 0.448924731182796 0.549395161290323 38.5413997185442 3 1 0 
0 580 4.8 11 0.415098566308244 0.473790322580645 21.2131539599618 3 -1 0 
1 590 8.4 12 0.48210685483871 0.476814516129032 40.4085087772268 3 1 0 
0 590 4.8 11 0.454385080645161 0.498991935483871 14.6798700247692 3 -1 0 
1 600 8.4 12 0.461021505376344 0.389112903225806 29.1956783638918 3 1 0 
0 600 4.8 11 0.401411290322581 0.469354838709677 14.3439166101572 3 -1 0 
1 610 8.4 12 0.420637829912023 0.400201612903226 16.6572646317327 3 1 0 
0 610 4.8 11 0.394993279569893 0.466129032258065 10.3498473647821 3 -1 0 
1 620 8.4 12 0.475806451612903 0.463709677419355 21.268242187405 3 1 0 
0 620 4.8 11 0.446572580645161 0.433064516129032 27.7298095331937 3 -1 0 
1 630 8.4 12 0.413594470046083 0.424395161290323 13.2136297271225 3 0 0 
0 630 4.8 12 0.447043010752688 0.492741935483871 25.5092237214116 3 0 0 
1 640 8.4 12 0.383064516129032 0.425 14.2424392799746 3 0 0 
0 640 4.8 12 0.484169653524492 0.528225806451613 24.4079749109168 3 0 0 
1 650 8.4 12 0.411290322580645 0.433870967741935 14.748520187638 3 0 0 
0 650 4.8 12 0.511220196353436 0.537903225806452 14.1064614863284 3 0 0 
1 660 8.4 13 0.390704584040747 0.421774193548387 13.6548768169255 3 1 0 
0 660 4.8 12 0.460013440860215 0.544354838709677 10.2861155712517 3 -1 0 
1 670 8.4 13 0.383064516129032 0.408870967741935 20.0251737822872 3 1 0 
0 670 4.8 12 0.393675721561969 0.558870967741935 15.966663652585 3 -1 0 
1 680 8.4 13 0.444220430107527 0.412096774193548 24.5879218920799 3 0 0 
0 680 4.8 13 0.464247311827957 0.55241935483871 22.9404932091192 3 0 0 
1 690 8.4 13 0.392180925666199 0.413709677419355 25.7212041596736 3 0 0 
0 690 4.8 13 0.42669930875576 0.53494623655914 13.25431301704 3 0 0 
1 700 8.4 14 0.383266129032258 0.462096774193548 15.4236671674942 3 1 0 
0 700 4.8 13 0.432123655913978 0.461693548387097 3.64005494464026 3 -1 0 
1 710 8.4 14 0.445564516129032 0.430645161290323 11.6733331236664 3 1 0 
0 710 4.8 13 0.493503584229391 0.294354838709677 34.0551995580272 3 -1 0 
1 720 8.4 14 0.45668202764977 0.494354838709677 11.2275235623493 3 1 0 
0 720 4.8 13 0.396859083191851 0.372311827956989 29.9936418743689 3 -1 0 
1 730 8.4 14 0.463870967741936 0.531451612903226 27.6436146906031 3 1 0 
0 730 4.8 13 0.395353302611367 0.42741935483871 37.1513445752988 3 -1 0 
1 740 8.4 14 0.478578629032258 0.509408602150538 3.9016562484556 3 1 0 
0 740 4.8 13 0.425691244239631 0.340725806451613 37.9704756115978 3 -1 0 
1 750 8.4 14 0.487903225806452 0.48991935483871 29.7245910423564 3 0 0 
0 750 4.8 14 0.381989247311828 0.399193548387097 27.4266824525964 3 0 0 
1 760 8.4 15 0.507840501792115 0.525537634408602 11.9542196277835 3 1 0 
0 760 4.8 14 0.384762308998302 0.386088709677419 28.5244186113935 3 -1 0 
1 770 8.4 15 0.545766129032258 0.502016129032258 26.5650582221604 3 1 0 
0 770 4.8 14 0.390232974910394 0.331653225806452 35.8639446196073 3 -1 0 
1 780 8.4 15 0.508366935483871 0.491129032258064 41.3409306895404 3 1 0 
0 780 4.8 14 0.330357142857143 0.299193548387097 23.0475173338732 3 -1 0 
1 790 8.4 15 0.511706555671176 0.491935483870968 29.0580053645375 3 1 0 
0 790 4.8 14 0.404905913978495 0.37258064516129 22.9908905361055 3 -1 0 
1 800 8.4 15 0.551411290322581 0.561290322580645 34.8302895977862 3 1 0 
0 800 4.8 14 0.432963709677419 0.37741935483871 16.2727306001174 3 -1 0 
1 810 8.4 16 0.479095925297114 0.565524193548387 22.8666742694912 3 1 0 
0 810 4.8 15 0.344086021505376 0.360887096774194 21.4486880443271 3 -1 0 
1 820 8.4 16 0.51564027370479 0.539314516129032 21.3093832029708 3 1 0 
0 820 4.8 15 0.378024193548387 0.423387096774194 23.9422392500439 3 -1 0 
1 830 8.4 16 0.594086021505376 0.522177419354839 30.0561330248402 3 1 0 
0 830 4.8 15 0.391465053763441 0.418010752688172 17.0365717166814 3 -1 0 
1 840 8.4 16 0.478777589134126 0.577620967741936 40.0939958978248 3 1 0 
0 840 4.8 15 0.366160049627792 0.315524193548387 29.6481545324772 3 -1 0 
1 850 8.4 16 0.43530855539972 0.465322580645161 62.1369830947475 3 1 0 
0 850 4.8 15 0.379908835904628 0.245967741935484 30.6757460390221 3 -1 0 
1 860 8.4 16 0.557027649769585 0.426612903225806 54.2820189856307 3 1 0 
0 860 4.8 15 0.416858678955453 0.307459677419355 30.4551126869778 3 -1 0 
1 870 8.4 16 0.46785394265233 0.493548387096774 30.2015971230211 3 1 0 
0 870 4.8 15 0.367096774193548 0.439516129032258 13.00551714042 3 -1 0 
1 880 8.4 16 0.504464285714286 0.513709677419355 25.3841074676059 3 1 0 
0 880 4.8 15 0.38688455008489 0.467741935483871 11.6395771863122 3 -1 0 
1 890 8.4 16 0.583957373271889 0.507258064516129 25.5513200886097 3 0 0 
0 890 4.8 16 0.467979127134725 0.471774193548387 3.20891427614198 3 0 0 
1 900 8.4 17 0.453934506353861 0.520967741935484 26.8851736955468 3 1 0 
0 900 4.8 16 0.39656381486676 0.474193548387097 5.41934226902809 3 -1 0 
1 910 8.4 17 0.483036707452725 0.513104838709677 29.316661237755 3 1 0 
0 910 4.8 16 0.375448028673835 0.483064516129032 10.4137469808552 3 -1 0 
1 920 8.4 17 0.569489247311828 0.512096774193548 32.5132114442238 3 1 0 
0 920 4.8 16 0.468216318785579 0.485483870967742 11.8498055372784 3 -1 0 
1 930 8.4 17 0.472072879330944 0.529233870967742 31.0636744564203 3 1 0 
0 930 4.8 16 0.420698924731183 0.45241935483871 20.4705815620641 3 -1 0 
1 940 8.4 17 0.491240266963293 0.479838709677419 17.2526809239155 3 1 0 
0 940 4.8 16 0.421836228287841 0.420161290322581 26.2206523372516 3 -1 0 
1 950 8.4 18 0.535413744740533 0.475806451612903 13.0563563013233 3 2 0 
0 950 4.8 16 0.477150537634409 0.402217741935484 22.3772262856905 3 -2 0 
1 960 8.4 18 0.482700312174818 0.479838709677419 9.90999503935903 3 2 0 
0 960 4.8 16 0.391678885630499 0.41633064516129 21.1837843286431 3 -2 0 
1 970 8.4 18 0.432795698924731 0.50241935483871 25.4216482492867 3 2 0 
0 970 4.8 16 0.402073732718894 0.436491935483871 15.3094305199893 3 -2 0 
1 980 8.4 18 0.521739130434783 0.508064516129032 4.91345604230128 3 1 0 
0 980 4.8 17 0.45794930875576 0.509072580645161 8.18825022152855 3 -1 0 
1 990 8.4 18 0.485999103942652 0.471774193548387 15.9973032320622 3 1 0 
0 990 4.8 17 0.390806451612903 0.533266129032258 4.08918299061455 3 -1 0 
1 1000 8.4 18 0.435483870967742 0.488911290322581 12.7681644106748 3 1 0 
0 1000 4.8 17 0.378115835777126 0.503024193548387 17.7654247674746 3 -1 0 
1 1010 8.4 18 0.502016129032258 0.438172043010753 27.3534698034055 3 1 0 
0 1010 4.8 17 0.426008064516129 0.507056451612903 17.8365806619895 3 -1 0 
1 1020 8.4 18 0.387768817204301 0.432795698924731 29.5395748181303 3 0 0 
0 1020 4.8 18 0.439516129032258 0.466733870967742 13.4466413309401 3 0 0 
1 1030 8.4 18 0.383374689826303 0.422043010752688 27.6377216393185 3 0 0 
0 1030 4.8 18 0.459677419354839 0.44758064516129 25.0926633239766 3 0 0 
1 1040 8.4 18 0.438004032258065 0.26008064516129 35.264633933173 3 0 0 
0 1040 4.8 18 0.528616024973985 0.399193548387097 24.6058924758303 3 0 0 
1 1050 8.4 19 0.360752688172043 0.351814516129032 25.8196145391415 3 1 0 
0 1050 4.8 18 0.474641577060932 0.34375 9.49751699245696 3 -1 0 
1 1060 8.4 19 0.408986175115207 0.376008064516129 17.3421965688778 3 1 0 
0 1060 4.8 18 0.536514336917563 0.382056451612903 17.1929942490279 3 -1 0 
1 1070 8.4 19 0.457661290322581 0.342741935483871 34.5137539506033 3 1 0 
0 1070 4.8 18 0.568003487358326 0.439516129032258 22.5929084777832 3 -1 0 
1 1080 8.4 19 0.359879032258065 0.351612903225806 33.3295100482462 3 1 0 
0 1080 4.8 18 0.524783634933123 0.485483870967742 21.8662553485727 3 -1 0 
1 1090 8.4 19 0.38937587657784 0.362096774193548 24.7008930836756 3 0 0 
0 1090 4.8 19 0.467165898617512 0.579637096774194 10.9428559568341 3 0 0 
1 1100 8.4 19 0.433149405772496 0.420967741935484 34.2940310703924 3 0 0 
0 1100 4.8 19 0.477272727272727 0.655913978494624 16.2777611431511 3 0 0 
1 1110 8.4 19 0.411290322580645 0.395161290322581 29.5182075775153 3 0 0 
0 1110 4.8 19 0.466733870967742 0.638104838709677 5.51217084990647 3 0 0 
1 1120 8.4 19 0.429354838709677 0.334677419354839 15.320857471862 3 0 0 
0 1120 4.8 19 0.446428571428571 0.642137096774194 4.43806173044161 3 0 0 
1 1130 8.4 19 0.448178016726404 0.283602150537634 6.23204860550925 3 0 0 
0 1130 4.8 19 0.528846153846154 0.658266129032258 6.05740480036638 3 0 0 
1 1140 8.4 20 0.451382488479263 0.314516129032258 7.43096678208495 3 0 0 
0 1140 4.8 20 0.470262096774194 0.645161290322581 11.3985815278573 3 0 0 
1 1150 8.4 20 0.511123470522803 0.266129032258065 4.12310562561766 3 0 0 
0 1150 4.8 20 0.446869070208729 0.599798387096774 26.6860021195022 3 0 0 
1 1160 8.4 20 0.559907834101382 0.294354838709677 4.75590345142841 3 0 0 
0 1160 4.8 20 0.522177419354839 0.503225806451613 49.247457017964 3 0 0 
1 1170 8.4 20 0.527136006974717 0.27741935483871 28.6770541778854 3 0 0 
0 1170 4.8 20 0.389901823281907 0.451612903225806 34.2322585803137 3 0 0 
1 1180 8.4 20 0.524667931688805 0.382258064516129 20.7459792996015 3 0 0 
0 1180 4.8 20 0.388563049853372 0.378225806451613 20.1198286146535 3 0 0 
1 1190 8.4 20 0.522116324535679 0.491129032258064 26.4022771639937 3 0 0 
0 1190 4.8 20 0.457844574780059 0.303225806451613 6.09115006352945 3 0 0 
1 1200 8.4 20 0.519725370531822 0.55241935483871 15.7472677346278 3 0 0 
0 1200 4.8 20 0.342069892473118 0.264112903225806 5.96798592110404 3 0 0 
1 1210 8.4 20 0.52997311827957 0.605645161290323 16.6240789040812 3 0 0 
0 1210 4.8 20 0.359447004608295 0.362096774193548 11.7819249575574 3 0 0 
1 1220 8.4 20 0.569815668202765 0.571774193548387 21.5094152878905 3 0 0 
0 1220 4.8 20 0.343052109181141 0.42741935483871 5.68864131371994 3 0 0 
1 1230 8.4 20 0.514474772539289 0.570161290322581 25.4447260421758 3 0 0 
0 1230 4.8 20 0.327037351443124 0.379838709677419 10.6563248515517 3 0 0 
1 1240 8.4 20 0.527284946236559 0.571774193548387 33.9534530773134 3 0 0 
0 1240 4.8 20 0.368279569892473 0.405645161290323 13.8078589466439 3 0 0 
1 1250 8.4 20 0.580779569892473 0.534274193548387 40.6181285240644 3 0 0 
0 1250 4.8 20 0.407991202346041 0.483870967741936 6.02458028370059 3 0 0 
1 1260 8.4 20 0.495478983382209 0.47883064516129 42.5275729757777 3 0 0 
0 1260 4.8 20 0.348480148883375 0.489516129032258 9.26426555342881 3 0 0 
1 1270 8.4 20 0.471774193548387 0.511088709677419 36.588891631794 3 0 0 
0 1270 4.8 20 0.387096774193548 0.475806451612903 6.13873043072889 3 0 0 
1 1280 8.4 21 0.582757296466974 0.466733870967742 38.1149521672536 3 1 1 
0 1280 4.8 20 0.422113752122241 0.455645161290323 20.7005432784601 2 -1 -1 
1 1290 8.4 21 0.482480533926585 0.42741935483871 6.32455532033676 3 0 1 
0 1290 4.8 21 0.367851906158358 0.408870967741935 26.4439032540185 2 0 -1 
1 1300 8.4 21 0.430806451612903 0.411290322580645 25.2529696384219 3 0 1 
0 1300 4.8 21 0.392641129032258 0.400806451612903 15.699185625252 2 0 -1 
1 1310 8.4 21 0.425806451612903 0.391129032258065 15.2849044613875 3 0 1 
0 1310 4.8 21 0.409610215053763 0.434677419354839 11.2728155387633 2 0 -1 
1 1320 8.4 21 0.439642137096774 0.364516129032258 21.4340430022014 3 0 1 
0 1320 4.8 21 0.422552836484983 0.512096774193548 6.72251498692934 2 0 -1 
1 1330 8.4 21 0.440601736972705 0.35 15.9192802280071 3 0 1 
0 1330 4.8 21 0.448491155046826 0.531451612903226 14.4276889260213 2 0 -1 
1 1340 8.4 21 0.488767281105991 0.388709677419355 4.07537484049179 3 0 1 
0 1340 4.8 21 0.477444556451613 0.513104838709677 24.4864736977963 2 0 -1 
1 1350 8.4 21 0.41084229390681 0.469086021505376 7.21806135722308 3 0 1 
0 1350 4.8 21 0.462253584229391 0.508064516129032 6.64612378080197 2 0 -1 
1 1360 8.4 21 0.384305210918114 0.46505376344086 1.46247529557426 3 0 1 
0 1360 4.8 21 0.489491691104594 0.532258064516129 6.80073525436772 2 0 -1 
1 1370 8.4 21 0.436491935483871 0.467741935483871 6.53548626855982 3 0 1 
0 1370 4.8 21 0.577016129032258 0.530241935483871 4.60977222864644 2 0 -1 
1 1380 8.4 21 0.321869070208729 0.424731182795699 12.5446190154583 3 0 1 
0 1380 4.8 21 0.55880376344086 0.568548387096774 15.4353490404331 2 0 -1 
1 1390 8.4 21 0.388888888888889 0.344086021505376 15.8614653635828 3 0 1 
0 1390 4.8 21 0.567567567567568 0.618951612903226 4.92442890089805 2 0 -1 
1 1400 8.4 21 0.431451612903226 0.254032258064516 23.5694238203038 3 0 1 
0 1400 4.8 21 0.672849462365591 0.451612903225806 44.4227747912239 2 0 -1 
1 1410 8.4 22 0.310483870967742 0.212365591397849 9.74484946538808 3 0 1 
0 1410 4.8 22 0.521270161290323 0.501344086021505 49.5024379198981 2 0 -1 
1 1420 8.4 22 0.362903225806452 0.229838709677419 20.5010757604756 3 0 1 
0 1420 4.8 22 0.504193548387097 0.534274193548387 49.4682131799022 2 0 -1 
1 1430 8.4 22 0.409526209677419 0.288709677419355 9.4569584756509 3 0 1 
0 1430 4.8 22 0.58323732718894 0.435483870967742 49.4683664063016 2 0 -1 
1 1440 8.4 22 0.38239247311828 0.310483870967742 5.14403927350126 3 0 1 
0 1440 4.8 22 0.519279233870968 0.508064516129032 31.7380877877341 2 0 -1 
1 1450 8.4 22 0.431152927120669 0.350806451612903 12.3638733445639 3 0 1 
0 1450 4.8 22 0.507344470046083 0.459677419354839 19.1288199651064 2 0 -1 
1 1460 8.4 22 0.473057184750733 0.449193548387097 25.2734740118279 3 0 1 
0 1460 4.8 22 0.589640198511166 0.401209677419355 16.2116340235866 2 0 -1 
1 1470 8.4 22 0.457092638544251 0.475 28.9073511024894 3 0 1 
0 1470 4.8 22 0.44119623655914 0.34375 13.4429461069224 2 0 -1 
1 1480 8.4 22 0.445369406867846 0.525 28.5812433602413 3 0 1 
0 1480 4.8 22 0.454301075268817 0.376008064516129 12.5943341991582 2 0 -1 
1 1490 8.4 22 0.512096774193548 0.504032258064516 28.9794952870701 3 0 1 
0 1490 4.8 22 0.414426523297491 0.424395161290323 6.41694866355342 2 0 -1 
1 1500 8.4 22 0.451612903225806 0.491129032258064 18.7673999972204 3 0 1 
0 1500 4.8 22 0.429915514592934 0.432258064516129 15.436845831622 2 0 -1 
1 1510 8.4 22 0.434907834101383 0.486290322580645 20.6629548268686 3 0 1 
0 1510 4.8 22 0.393279569892473 0.428225806451613 18.4651895486426 2 0 -1 
1 1520 8.4 22 0.497398543184183 0.514112903225806 3.5305776932835 3 0 1 
0 1520 4.8 22 0.392857142857143 0.407258064516129 8.51601539941532 2 0 -1 
1 1530 8.4 22 0.462096774193548 0.532258064516129 13.3123481775857 3 0 1 
0 1530 4.8 22 0.372119815668203 0.360215053763441 5.38194326620094 2 0 -1 
1 1540 8.4 22 0.505099620493359 0.504032258064516 9.10112308012788 3 0 1 
0 1540 4.8 22 0.385416666666667 0.351814516129032 18.0401888876474 2 0 -1 
1 1550 8.4 23 0.62031737773153 0.565524193548387 3.78472321089301 3 1 1 
0 1550 4.8 22 0.357862903225806 0.338709677419355 28.3641139657473 2 -1 -1 
1 1560 8.4 23 0.55249543517955 0.660282258064516 15.0018217443231 3 1 1 
0 1560 4.8 22 0.267338709677419 0.287298387096774 14.912689545566 2 -1 -1 
1 1570 8.4 23 0.60621139327385 0.673387096774194 14.344765566274 3 1 1 
0 1570 4.8 22 0.274193548387097 0.278225806451613 12.4541672661671 2 -1 -1 
1 1580 8.4 23 0.693380376344086 0.67741935483871 12.9427324001631 3 1 2 
0 1580 4.8 22 NaN 0.25 12.4142210630795 1 -1 -2 
1 1590 8.4 23 0.585500329163924 0.5625 53.3821535697719 3 1 2 
0 1590 4.8 22 0.240591397849462 0.244959677419355 7.08782499047025 1 -1 -2 
1 1600 8.4 23 0.585113339145597 0.52258064516129 46.9946158345996 3 0 2 
0 1600 4.8 23 NaN 0.234677419354839 15.4957699675596 1 0 -2 
1 1610 8.4 23 0.647116324535679 0.475806451612903 18.3029699094057 3 0 2 
0 1610 4.8 23 NaN 0.221774193548387 12.8216336215656 1 0 -2 
1 1620 8.4 23 0.552116935483871 0.40241935483871 27.7898624606536 3 0 2 
0 1620 4.8 23 0.26188455008489 0.289314516129032 20.5504190581834 1 0 -2 
1 1630 8.4 23 0.522449869224063 0.429032258064516 23.8288104490791 3 0 2 
0 1630 4.8 23 0.332661290322581 0.36491935483871 23.0792698671478 1 0 -2 
1 1640 8.4 23 0.645336605890603 0.495967741935484 11.0610664272661 3 0 2 
0 1640 4.8 23 0.332661290322581 0.403225806451613 15.4905563488329 1 0 -2 
1 1650 8.4 23 0.551389842141386 0.594354838709677 7.69304218965467 3 0 2 
0 1650 4.8 23 0.280645161290323 0.390322580645161 8.63667232144711 1 0 -2 
1 1660 8.4 23 0.556027164685908 0.615322580645161 5.30491576833957 3 0 2 
0 1660 4.8 23 0.375 0.357862903225806 5.53932018902429 1 0 -2 
1 1670 8.4 23 0.635138248847926 0.57258064516129 9.69696808238855 3 0 2 
0 1670 4.8 23 0.372311827956989 0.367943548387097 6.2473256941904 1 0 -2 
1 1680 8.4 23 0.544270833333333 0.536290322580645 8.51711782064307 3 0 2 
0 1680 4.8 23 0.260263929618768 0.453629032258065 12.163868247597 1 0 -2 
1 1690 8.4 23 0.574899193548387 0.576612903225806 16.0673470107939 3 0 2 
0 1690 4.8 23 0.274193548387097 0.368951612903226 23.2062916577463 1 0 -2 
1 1700 8.4 23 0.649275839368005 0.694556451612903 10.8236554060417 3 0 2 
0 1700 4.8 23 0.272177419354839 0.264784946236559 6.52270062503236 1 0 -2 
1 1710 8.4 23 0.607805842970176 0.657258064516129 13.611556362055 3 0 2 
0 1710 4.8 23 0.230241935483871 0.228494623655914 10.1782910335621 1 0 -2 
1 1720 8.4 24 0.605428796223446 0.722782258064516 6.83775127991454 3 1 3 
0 1720 4.8 23 0.217741935483871 0.23252688172043 10.8129681828498 0 -1 -3 
1 1730 8.4 24 0.669239631336406 0.634677419354839 40.802231791358 3 1 3 
0 1730 4.8 23 0.224798387096774 0.176411290322581 8.05442066449131 0 -1 -3 
1 1740 8.4 24 0.665139296187683 0.667741935483871 43.8448652313368 3 1 3 
0 1740 4.8 23 0.229838709677419 0.217741935483871 4.99258183355798 0 -1 -3 
1 1750 8.4 24 0.726814516129032 0.653225806451613 27.9562970896851 3 1 3 
0 1750 4.8 23 0.237903225806452 0.247983870967742 3.90512483795333 0 -1 -3 
1 1760 8.4 24 0.783770161290323 0.730645161290323 20.5733215996815 3 1 3 
0 1760 4.8 23 NaN 0.203629032258065 8.63133825081603 0 -1 -3 
