1 30 7.2 1 NaN 0.25390625 3.50429025265717 4 0 1 
0 30 4.6 1 NaN 0.244791666666667 16.1871420906145 3 0 -1 
1 40 7.2 1 0.39453125 0.2796875 13.9577461889224 4 0 1 
0 40 4.6 1 0.349609375 0.2734375 15.4748817666949 3 0 -1 
1 50 7.2 1 0.38671875 0.3390625 16.3252003710598 4 0 1 
0 50 4.6 1 0.35546875 0.3154296875 17.1570155084402 3 0 -1 
1 60 7.2 1 0.441127232142857 0.4328125 30.5420780764851 4 0 1 
0 60 4.6 1 0.438802083333333 0.461495535714286 31.4293014659111 3 0 -1 
1 70 7.2 1 0.466145833333333 0.48125 25.6714863658968 4 0 1 
0 70 4.6 1 0.440726902173913 0.474888392857143 29.8834237367334 3 0 -1 
1 80 7.2 1 0.447265625 0.47578125 23.7051133064969 4 0 1 
0 80 4.6 1 0.39679939516129 0.462611607142857 34.0500594186176 3 0 -1 
1 90 7.2 1 0.470920138888889 0.475 32.2756257927273 4 0 1 
0 90 4.6 1 0.429347826086957 0.462890625 21.6829404071164 3 0 -1 
1 100 7.2 2 0.476862980769231 0.45078125 32.0399872045803 4 0 1 
0 100 4.6 2 0.446001838235294 0.4599609375 25.0869918451145 3 0 -1 
1 110 7.2 2 0.44921875 0.47578125 24.8137096591662 4 0 1 
0 110 4.6 2 0.422688802083333 0.4296875 45.7209380952785 3 0 -1 
1 120 7.2 2 0.44921875 0.403125 28.5659187870065 4 0 1 
0 120 4.6 2 0.445095486111111 0.470424107142857 23.7179644197454 3 0 -1 
1 130 7.2 2 0.442491319444444 0.46328125 30.8976452166302 4 -1 1 
0 130 4.6 3 0.495572916666667 0.452566964285714 35.3158342430052 3 1 -1 
1 140 7.2 3 0.41875 0.4703125 30.6169761348958 4 0 1 
0 140 4.6 3 0.427936422413793 0.4609375 35.4611201021688 3 0 -1 
1 150 7.2 3 0.4599609375 0.4609375 20.251829528981 4 0 1 
0 150 4.6 3 0.397615131578947 0.4765625 41.9161427705258 3 0 -1 
1 160 7.2 3 0.466619318181818 0.478125 18.8822925270469 4 0 1 
0 160 4.6 3 0.442826704545455 0.459821428571429 24.8739737760537 3 0 -1 
1 170 7.2 4 0.4435546875 0.484375 0 4 0 1 
0 170 4.6 4 0.423626077586207 0.44921875 11.6535701233151 3 0 -1 
1 180 7.2 4 0.454210069444444 0.41015625 0 4 0 1 
0 180 4.6 4 0.438151041666667 0.421875 6.40669792165728 3 0 -1 
1 190 7.2 4 0.501439144736842 0.24609375 24.0173641648841 4 0 1 
0 190 4.6 4 0.4353515625 0.46875 10.5539900479854 3 0 -1 
1 200 7.2 4 0.463199013157895 0.3291015625 35.3928486060872 4 -1 1 
0 200 4.6 5 0.409244791666667 0.4990234375 16.3571671525768 3 1 -1 
1 210 7.2 4 0.453425480769231 0.490234375 31.2337555860103 4 -1 1 
0 210 4.6 5 0.409978693181818 0.486049107142857 23.7938008807812 3 1 -1 
1 220 7.2 5 0.4794921875 0.486979166666667 42.0280957787999 4 0 1 
0 220 4.6 5 0.41499255952381 0.48046875 23.6155727946839 3 0 -1 
1 230 7.2 5 0.480618990384615 0.483072916666667 39.0661498821455 4 -1 1 
0 230 4.6 6 0.412364130434783 0.453125 22.3717049024064 3 1 -1 
1 240 7.2 5 0.483685661764706 0.428125 47.6770687146867 4 -1 1 
0 240 4.6 6 0.457552083333333 0.446614583333333 19.9786292978813 3 1 -1 
1 250 7.2 5 0.455859375 0.434375 29.9704777784984 4 -1 1 
0 250 4.6 6 0.462180397727273 0.447916666666667 17.7981585464559 3 1 -1 
1 260 7.2 6 0.4375 0.4521484375 17.430759468039 4 0 1 
0 260 4.6 6 0.425646551724138 0.412388392857143 27.1906784143474 3 0 -1 
1 270 7.2 6 0.47921875 0.4814453125 21.1116109301276 4 -1 1 
0 270 4.6 7 0.428125 0.401785714285714 21.6996377434725 3 1 -1 
1 280 7.2 6 0.4814453125 0.43671875 30.6938052272113 4 -1 1 
0 280 4.6 7 0.419020432692308 0.444661458333333 19.9515826134841 3 1 -1 
1 290 7.2 6 0.456896551724138 0.44453125 15.75837755869 4 -1 1 
0 290 4.6 7 0.41703125 0.490234375 15.1647456711509 3 1 -1 
1 300 7.2 6 0.488467261904762 0.4609375 17.7100377560892 4 -1 1 
0 300 4.6 7 0.430524553571429 0.484375 17.6382766777988 3 1 -1 
1 310 7.2 6 0.504523026315789 0.463541666666667 18.2118144228937 4 -2 1 
0 310 4.6 8 0.410970052083333 0.438616071428571 29.5827934855545 3 2 -1 
1 320 7.2 7 0.489769345238095 0.453125 22.4304922407853 4 -1 1 
0 320 4.6 8 0.3956298828125 0.476004464285714 19.8490093740668 3 1 -1 
1 330 7.2 7 0.471454326923077 0.302734375 44.3006180169226 4 -1 1 
0 330 4.6 8 0.4228515625 0.464192708333333 22.001685273017 3 1 -1 
1 340 7.2 7 0.493990384615385 0.3701171875 19.5286545810988 4 -1 1 
0 340 4.6 8 0.4947265625 0.526227678571429 12.5652843890409 3 1 -1 
1 350 7.2 7 0.448759191176471 0.35390625 29.2938559543773 4 -2 1 
0 350 4.6 9 0.445442708333333 0.540736607142857 11.7496084616151 3 2 -1 
1 360 7.2 7 0.443033854166667 0.39140625 33.0330946712352 4 -2 1 
0 360 4.6 9 0.463448660714286 0.48828125 16.3547599021161 3 2 -1 
1 370 7.2 8 0.476740056818182 0.446875 26.7675525758753 4 -1 1 
0 370 4.6 9 0.503125 0.479352678571429 18.7031372971579 3 1 -1 
1 380 7.2 8 0.452373798076923 0.4404296875 28.7320214432883 4 -1 1 
0 380 4.6 9 0.429517663043478 0.483816964285714 26.4919025957352 3 1 -1 
1 390 7.2 8 0.481158088235294 0.4755859375 21.0396045137411 4 -2 1 
0 390 4.6 10 0.389935661764706 0.47421875 28.28486104901 3 2 -1 
1 400 7.2 8 0.48828125 0.5234375 18.1406987915003 4 -2 1 
0 400 4.6 10 0.411075367647059 0.359375 41.1266913376028 3 2 -1 
1 410 7.2 9 0.466579861111111 0.4859375 26.4794825742223 4 -1 1 
0 410 4.6 10 0.396306818181818 0.33203125 46.2731113760062 3 1 -1 
1 420 7.2 9 0.446614583333333 0.48203125 33.3450925036356 4 -1 1 
0 420 4.6 10 0.43843005952381 0.442057291666667 29.9858528852826 3 1 -1 
1 430 7.2 9 0.51875 0.46953125 27.1624959088564 4 -1 1 
0 430 4.6 10 0.475183823529412 0.4484375 28.61870926095 3 1 -1 
1 440 7.2 9 0.445833333333333 0.46015625 20.6917964321267 4 -1 1 
0 440 4.6 10 0.426041666666667 0.41953125 19.8848738175233 3 1 -1 
1 450 7.2 9 0.451497395833333 0.5029296875 21.411020976945 4 -2 1 
0 450 4.6 11 0.40087890625 0.423828125 9.99322546026399 3 2 -1 
1 460 7.2 9 0.452473958333333 0.529296875 41.862871377869 4 -2 1 
0 460 4.6 11 0.460018382352941 0.39375 26.8321658480978 3 2 -1 
1 470 7.2 9 0.458096590909091 0.4296875 34.7311099736245 4 -2 1 
0 470 4.6 11 0.436197916666667 0.41640625 29.6082415402633 3 2 -1 
1 480 7.2 9 0.479959239130435 0.330729166666667 24.5203800636966 4 -2 1 
0 480 4.6 11 0.426011029411765 0.429036458333333 18.6360121565793 3 2 -1 
1 490 7.2 10 0.462890625 0.3291015625 35.0855990765396 4 -1 1 
0 490 4.6 11 0.422092013888889 0.4375 18.5328474645651 3 1 -1 
1 500 7.2 10 0.446390086206897 0.4359375 30.1248663411173 4 -2 1 
0 500 4.6 12 0.4084375 0.463727678571429 22.5519151743561 3 2 -1 
1 510 7.2 10 0.4765625 0.453125 29.3230096159428 4 -2 1 
0 510 4.6 12 0.452546296296296 0.4541015625 37.5807334510308 3 2 -1 
1 520 7.2 10 0.48359375 0.46640625 22.1995812311761 4 -2 1 
0 520 4.6 12 0.432508680555556 0.48046875 28.0880700479591 3 2 -1 
1 530 7.2 10 0.473115808823529 0.435546875 21.6581135675112 4 -2 1 
0 530 4.6 12 0.3904296875 0.504464285714286 29.3638823279994 3 2 -1 
1 540 7.2 11 0.410807291666667 0.490885416666667 16.2670821067414 4 -1 1 
0 540 4.6 12 0.523777173913043 0.475446428571429 34.0941301952552 3 1 -1 
1 550 7.2 11 0.46875 0.486979166666667 26.4408375869687 4 -2 1 
0 550 4.6 13 0.474095394736842 0.504557291666667 25.9790215800526 3 2 -1 
1 560 7.2 11 0.44296875 0.509114583333333 23.457062919542 4 -2 1 
0 560 4.6 13 0.453013392857143 0.468098958333333 19.5500201384589 3 2 -1 
1 570 7.2 11 0.440538194444444 0.3291015625 30.0685159445992 4 -2 1 
0 570 4.6 13 0.46648185483871 0.49140625 18.5876126716067 3 2 -1 
1 580 7.2 12 0.52734375 0.404296875 22.977044620536 4 -1 1 
0 580 4.6 13 0.5439453125 0.42578125 54.6072898471535 3 1 -1 
1 590 7.2 12 0.469618055555556 0.4365234375 22.2968973010052 4 -1 1 
0 590 4.6 13 0.455915178571429 0.457589285714286 29.0980749483222 3 1 -1 
1 600 7.2 12 0.425 0.450520833333333 9.95484074792242 4 -1 1 
0 600 4.6 13 0.446546052631579 0.474330357142857 16.1718632959969 3 1 -1 
1 610 7.2 12 0.484933035714286 0.421875 0 4 -2 1 
0 610 4.6 14 0.503472222222222 0.507161458333333 10.6000802346662 3 2 -1 
1 620 7.2 12 0.437934027777778 0.421875 0 4 -2 1 
0 620 4.6 14 0.402698863636364 0.470052083333333 35.0212843844046 3 2 -1 
1 630 7.2 12 0.439732142857143 0.19140625 0 4 -2 1 
0 630 4.6 14 0.44078125 0.406808035714286 18.9904549555875 3 2 -1 
1 640 7.2 12 0.503373579545455 0.208984375 11.6004509826186 4 -2 1 
0 640 4.6 14 0.450334821428571 0.435267857142857 11.6506456554148 3 2 -1 
1 650 7.2 12 0.484375 0.341796875 28.7655282348776 4 -2 1 
0 650 4.6 14 0.428158967391304 0.466517857142857 17.0933103396549 3 2 -1 
1 660 7.2 13 0.514322916666667 0.3828125 35.2910508066936 4 -1 1 
0 660 4.6 14 0.4568359375 0.444010416666667 19.9702784832936 3 1 -1 
1 670 7.2 13 0.470703125 0.3837890625 34.367255430548 4 -2 1 
0 670 4.6 15 0.5412109375 0.488932291666667 24.4383273190569 3 2 -1 
1 680 7.2 13 0.39453125 0.372395833333333 2.97940396680777 4 -2 1 
0 680 4.6 15 0.46382068452381 0.46796875 22.9705369179095 3 2 -1 
1 690 7.2 14 0.406994047619048 0.3623046875 20.1747626043539 4 -1 1 
0 690 4.6 15 0.434103260869565 0.4828125 28.024516920781 3 1 -1 
1 700 7.2 14 0.428059895833333 0.37890625 24.2620393257632 4 -1 1 
0 700 4.6 15 0.4921875 0.389973958333333 39.9147801801057 3 1 -1 
1 710 7.2 14 0.426846590909091 0.3466796875 28.3595663878049 4 -1 1 
0 710 4.6 15 0.460055443548387 0.3765625 33.6031340351831 3 1 -1 
1 720 7.2 14 0.462439903846154 0.3720703125 31.9052877127949 4 -2 1 
0 720 4.6 16 0.450863486842105 0.368489583333333 38.6523091007139 3 2 -1 
1 730 7.2 14 0.416590073529412 0.40078125 38.4894871313602 4 -2 1 
0 730 4.6 16 0.533380681818182 0.477864583333333 4.17069223380313 3 2 -1 
1 740 7.2 15 0.416590073529412 0.4072265625 48.4137844366369 4 -1 1 
0 740 4.6 16 0.427897135416667 0.48046875 0 3 1 -1 
1 750 7.2 15 0.451171875 0.412109375 44.417521444307 4 -1 1 
0 750 4.6 16 0.422743055555556 0.3857421875 32.2484470501446 3 1 -1 
1 760 7.2 15 0.455078125 0.423828125 31.7997835684867 4 -1 1 
0 760 4.6 16 0.468359375 0.43203125 37.7573429969654 3 1 -1 
1 770 7.2 15 0.434979838709677 0.43515625 36.4666017818534 4 -1 1 
0 770 4.6 16 0.431770833333333 0.496875 16.2886091056765 3 1 -1 
1 780 7.2 15 0.460193452380952 0.451171875 35.495619207244 4 -1 1 
0 780 4.6 16 0.433779761904762 0.371744791666667 43.6136956826985 3 1 -1 
1 790 7.2 16 0.446957236842105 0.453125 19.0889422240862 4 -1 1 
0 790 4.6 17 0.467529296875 0.430989583333333 33.3837860998324 3 1 -1 
1 800 7.2 16 0.43798828125 0.430989583333333 12.7923617914461 4 -1 1 
0 800 4.6 17 0.410511363636364 0.453125 20.441120455734 3 1 -1 
1 810 7.2 16 0.467610677083333 0.458333333333333 26.2535849310348 4 -1 1 
0 810 4.6 17 0.42 0.4501953125 29.7431415269429 3 1 -1 
1 820 7.2 16 0.445667613636364 0.4130859375 33.1959220667739 4 -1 1 
0 820 4.6 17 0.484834558823529 0.486328125 28.0702392844734 3 1 -1 
1 830 7.2 16 0.418489583333333 0.392578125 49.3587213623393 4 -1 1 
0 830 4.6 17 0.439814814814815 0.541666666666667 23.0558900358488 3 1 -1 
1 840 7.2 16 0.4470703125 0.4033203125 26.3149178031644 4 -2 1 
0 840 4.6 18 0.445033482142857 0.502232142857143 20.6366683597937 3 2 -1 
1 850 7.2 16 0.448317307692308 0.4580078125 28.0147321232649 4 -2 1 
0 850 4.6 18 0.521205357142857 0.352678571428571 58.3269111705184 3 2 -1 
1 860 7.2 17 0.425164473684211 0.47265625 31.1896692059832 4 -1 1 
0 860 4.6 18 0.407421875 0.345052083333333 62.4788544955425 3 1 -1 
1 870 7.2 17 0.436011904761905 0.36796875 31.308302442471 4 -1 1 
0 870 4.6 18 0.3921875 0.48046875 21.8456434050465 3 1 -1 
1 880 7.2 17 0.503255208333333 0.43515625 13.8720085911666 4 -1 1 
0 880 4.6 18 0.505859375 0.53046875 7.5568028863999 3 1 -1 
1 890 7.2 17 0.444711538461538 0.4267578125 7.29318544426895 4 -2 1 
0 890 4.6 19 0.424879807692308 0.5546875 1.17839458616267 3 2 -1 
1 900 7.2 17 0.380301339285714 0.477864583333333 16.8669920670755 4 -2 1 
0 900 4.6 19 0.452237215909091 0.466145833333333 5.28352213567181 3 2 -1 
1 910 7.2 18 0.456730769230769 0.41796875 24.8300678851116 4 -1 1 
0 910 4.6 19 0.512428977272727 0.346354166666667 14.4138807776371 3 1 -1 
1 920 7.2 18 0.456730769230769 0.41015625 33.8929914739413 4 -1 1 
0 920 4.6 19 0.439350328947368 0.346354166666667 14.4138807776371 3 1 -1 
1 930 7.2 18 0.45625 0.3203125 33.2495505963049 4 -1 2 
0 930 4.6 19 0.40109375 0.38671875 0 2 1 -2 
1 940 7.2 18 0.491373697916667 0.3134765625 33.8553268065116 4 -1 2 
0 940 4.6 19 0.446875 0.3466796875 43.3673805626421 2 1 -2 
1 950 7.2 19 0.475306919642857 0.462890625 23.0458829914475 4 0 2 
0 950 4.6 19 0.424375 0.35234375 39.1982903793978 2 0 -2 
1 960 7.2 19 0.517020089285714 0.4873046875 25.268195881662 4 0 2 
0 960 4.6 19 0.407151442307692 0.36171875 39.1174079908933 2 0 -2 
1 970 7.2 19 0.534830729166667 0.5263671875 19.8494920612543 4 0 2 
0 970 4.6 19 0.493088942307692 0.216145833333333 29.071932541743 2 0 -2 
1 980 7.2 19 0.44038722826087 0.55078125 19.6404810380543 4 0 2 
0 980 4.6 19 0.421730324074074 0.235677083333333 29.1513447109595 2 0 -2 
1 990 7.2 20 0.414322916666667 0.49609375 20.885595851771 4 1 2 
0 990 4.6 19 0.396792763157895 0.3837890625 8.32949881837052 2 -1 -2 
1 1000 7.2 20 0.492897727272727 0.5341796875 19.0077710512123 4 1 2 
0 1000 4.6 19 0.452380952380952 0.4072265625 3.03230432485967 2 -1 -2 
1 1010 7.2 20 0.438742897727273 0.537109375 19.0349803981562 4 1 2 
0 1010 4.6 19 0.430106026785714 0.423828125 8.84400057548464 2 -1 -2 
1 1020 7.2 20 0.432674632352941 0.541666666666667 18.7182540783763 4 0 2 
0 1020 4.6 20 0.418229166666667 0.388020833333333 1.22059655899616 2 0 -2 
1 1030 7.2 20 0.503038194444444 0.5546875 18.0866584856165 4 0 2 
0 1030 4.6 20 0.430752840909091 NaN NaN 2 0 -2 
1 1040 7.2 20 0.47265625 0.602864583333333 5.11746450080386 4 0 2 
0 1040 4.6 20 0.4072265625 0.16015625 0 2 0 -2 
1 1050 7.2 20 0.535866477272727 0.5859375 21.0398362743468 4 0 2 
0 1050 4.6 20 0.4044921875 0.244791666666667 40.2545940807527 2 0 -2 
1 1060 7.2 20 0.594992897727273 0.587239583333333 22.0449334152899 4 0 2 
0 1060 4.6 20 0.447443181818182 0.272135416666667 35.614186169761 2 0 -2 
1 1070 7.2 20 0.531575520833333 0.555989583333333 45.421897758652 4 0 2 
0 1070 4.6 20 0.407366071428571 0.408854166666667 30.8190052263558 2 0 -2 
1 1080 7.2 21 0.515438988095238 0.57421875 47.9006209812166 4 1 2 
0 1080 4.6 20 0.436279296875 0.41796875 24.7775669670011 2 -1 -2 
1 1090 7.2 21 0.498125 0.485677083333333 46.3268591867978 4 1 2 
0 1090 4.6 20 0.46875 0.376302083333333 20.2776238042007 2 -1 -2 
1 1100 7.2 21 0.4754638671875 0.396484375 24.9649754656399 4 1 2 
0 1100 4.6 20 0.411959134615385 0.36328125 21.3893784037041 2 -1 -2 
1 1110 7.2 21 0.439002403846154 0.453125 12.1655250605964 4 1 2 
0 1110 4.6 20 0.418308423913043 0.369791666666667 17.9731532956891 2 -1 -2 
1 1120 7.2 21 0.513786764705882 0.505859375 3.53553390593274 3 0 1 
0 1120 4.6 21 0.400985054347826 0.43125 10.708384712016 2 0 -1 
1 1130 7.2 21 0.466145833333333 0.46484375 6 3 0 1 
0 1130 4.6 21 0.39555027173913 0.4671875 3.22252109071238 2 0 -1 
1 1140 7.2 21 0.506911057692308 0.59375 3.04138126514911 3 0 1 
0 1140 4.6 21 0.408668154761905 0.44609375 5.07215684126427 2 0 -1 
1 1150 7.2 21 0.587158203125 0.45703125 39.6232255123179 3 0 1 
0 1150 4.6 21 0.412353515625 0.4130859375 6.125 2 0 -1 
1 1160 7.2 21 0.535333806818182 0.305989583333333 46.023137884287 3 0 1 
0 1160 4.6 21 0.386584051724138 0.3453125 22.1041865564246 2 0 -1 
1 1170 7.2 21 0.501242897727273 0.427734375 22.2663558765366 3 0 1 
0 1170 4.6 21 0.3818359375 0.423828125 16.1779457560833 2 0 -1 
1 1180 7.2 22 0.574462890625 0.498046875 7.34643268707 3 1 1 
0 1180 4.6 21 0.443793402777778 0.41953125 6.54989636519782 2 -1 -1 
1 1190 7.2 22 0.49609375 0.516927083333333 13.9542254645136 3 1 1 
0 1190 4.6 21 0.4085693359375 0.302083333333333 31.8752106491452 2 -1 -1 
1 1200 7.2 22 0.467664930555556 0.587239583333333 1.47534300379185 3 1 1 
0 1200 4.6 21 0.4443359375 0.342447916666667 19.5618266935769 2 -1 -1 
1 1210 7.2 22 0.500229779411765 0.569010416666667 15.8421898106712 3 1 1 
0 1210 4.6 21 0.453125 0.35546875 17.0794855126282 2 -1 -1 
1 1220 7.2 22 0.45078125 0.546875 14.0424376577589 3 1 1 
0 1220 4.6 21 0.424869791666667 0.341145833333333 14.6365694241833 2 -1 -1 
1 1230 7.2 22 0.475748697916667 0.4208984375 39.5610649454542 3 1 1 
0 1230 4.6 21 0.400475543478261 0.36328125 16.2788205960997 2 -1 -1 
1 1240 7.2 22 0.55171130952381 0.40234375 32.9624515895454 3 1 1 
0 1240 4.6 21 0.5234375 0.33984375 8.69918964520421 2 -1 -1 
1 1250 7.2 22 0.4866943359375 0.5517578125 34.4369490949515 2 0 0 
0 1250 4.6 22 0.363671875 0.2978515625 20.3721096826548 2 0 0 
1 1260 7.2 22 0.513671875 0.599609375 34.8562851220923 2 0 0 
0 1260 4.6 22 0.386259191176471 0.3466796875 24.64869976076 2 0 0 
1 1270 7.2 23 0.604779411764706 0.6005859375 32.2434112430426 2 1 0 
0 1270 4.6 22 0.424479166666667 0.361607142857143 19.4927325514177 2 -1 0 
1 1280 7.2 23 0.602982954545455 0.5244140625 25.7842051759374 2 1 0 
0 1280 4.6 22 0.391526442307692 0.353236607142857 22.1818730290629 2 -1 0 
1 1290 7.2 23 0.625434027777778 0.5458984375 9.54871551819704 2 1 0 
0 1290 4.6 22 0.3802734375 0.416666666666667 17.6060084227432 2 -1 0 
1 1300 7.2 23 0.5283203125 0.559895833333333 2.29655670578704 2 1 0 
0 1300 4.6 22 0.443576388888889 0.407552083333333 6.96542519445694 2 -1 0 
1 1310 7.2 23 0.5283203125 0.509114583333333 4.89524346177676 2 1 0 
0 1310 4.6 22 0.443576388888889 0.4375 5.02493781056045 2 -1 0 
