1 30 6.8 1 NaN 0.244140625 15.8351392575492 3 0 0 
0 30 6.2 1 NaN 0.28515625 21.5506142744232 3 0 0 
1 40 6.8 1 NaN 0.2640625 23.7090288818023 3 0 0 
0 40 6.2 1 NaN 0.29609375 23.2721698708838 3 0 0 
1 50 6.8 1 0.36328125 0.29765625 27.2160144317829 3 0 0 
0 50 6.2 1 0.39453125 0.38203125 27.4688012023238 3 0 0 
1 60 6.8 1 0.36328125 0.44453125 34.8650120582929 3 0 0 
0 60 6.2 1 0.39453125 0.5015625 34.242814292727 3 0 0 
1 70 6.8 1 0.390438988095238 0.44296875 33.5004002939858 3 0 0 
0 70 6.2 1 0.406455592105263 0.52265625 33.9898873514706 3 0 0 
1 80 6.8 1 0.457563920454545 0.475 32.7346354982275 3 0 0 
0 80 6.2 1 0.48046875 0.49453125 32.2416208748428 3 0 0 
1 90 6.8 1 0.413020833333333 0.478125 33.3982232582448 3 0 0 
0 90 6.2 1 0.427315848214286 0.51015625 37.8629214687649 3 0 0 
1 100 6.8 1 0.393821022727273 0.47734375 33.2831278664948 3 0 0 
0 100 6.2 1 0.417351973684211 0.478125 28.5350382471194 3 0 0 
1 110 6.8 2 0.453515625 0.466145833333333 34.6916863594075 3 0 0 
0 110 6.2 2 0.499588815789474 0.50703125 25.4516665994336 3 0 0 
1 120 6.8 2 0.40140625 0.46484375 37.2715077879462 3 0 0 
0 120 6.2 2 0.414713541666667 0.513671875 24.8972322814869 3 0 0 
1 130 6.8 2 0.39164402173913 0.3171875 50.5101418236132 3 -1 0 
0 130 6.2 3 0.422433035714286 0.4794921875 26.2311447298108 3 1 0 
1 140 6.8 3 0.4470703125 0.421875 30.6753439399484 3 0 0 
0 140 6.2 3 0.482319078947368 0.4125 38.6021535024193 3 0 0 
1 150 6.8 3 0.405539772727273 0.43125 30.986977422941 3 0 0 
0 150 6.2 3 0.39453125 0.3734375 33.7118321717476 3 0 0 
1 160 6.8 3 0.381747159090909 0.4390625 18.7587050333785 3 0 0 
0 160 6.2 3 0.422037760416667 0.3876953125 26.5223533657577 3 0 0 
1 170 6.8 3 0.442522321428571 0.4755859375 7.91383295607388 3 -1 0 
0 170 6.2 4 0.493326822916667 0.5322265625 16.6251940346977 3 1 0 
1 180 6.8 4 0.405859375 0.4521484375 11.2747571915142 3 0 0 
0 180 6.2 4 0.423891129032258 0.42578125 33.1175135110143 3 0 0 
1 190 6.8 4 0.36328125 0.3828125 30.8109436884167 3 0 0 
0 190 6.2 4 0.424729567307692 0.46875 15.2727965120483 3 0 0 
1 200 6.8 4 0.460286458333333 0.434375 22.8191857955061 3 0 0 
0 200 6.2 4 0.489583333333333 0.484375 2.75755430388036 3 0 0 
1 210 6.8 5 0.413169642857143 0.4765625 31.0409067493164 3 1 0 
0 210 6.2 4 0.436197916666667 0.51875 13.3919040847705 3 -1 0 
1 220 6.8 5 0.400553385416667 0.481770833333333 40.5902880312024 3 0 0 
0 220 6.2 5 0.407738095238095 0.4984375 27.9159520340251 3 0 0 
1 230 6.8 5 0.459635416666667 0.36328125 40.6658976139882 3 0 0 
0 230 6.2 5 0.491015625 0.5171875 31.9432229166296 3 0 0 
1 240 6.8 5 0.399823588709677 0.3484375 42.5643824742516 3 -1 0 
0 240 6.2 6 0.4420166015625 0.4953125 34.6854950918302 3 1 0 
1 250 6.8 6 0.3857421875 0.3859375 37.4787118136221 3 0 0 
0 250 6.2 6 0.439525462962963 0.515625 34.588393172697 3 0 0 
1 260 6.8 6 0.450520833333333 0.4390625 25.0576741978302 3 0 0 
0 260 6.2 6 0.504083806818182 0.51328125 33.6307984095479 3 0 0 
1 270 6.8 6 0.3853125 0.47578125 28.8271923480066 3 0 0 
0 270 6.2 6 0.419375 0.50625 39.4113887023373 3 0 0 
1 280 6.8 7 0.404296875 0.47734375 29.8390536501795 3 1 0 
0 280 6.2 6 0.413248697916667 0.470052083333333 45.9455599606875 3 -1 0 
1 290 6.8 7 0.452955163043478 0.478125 34.245697269761 3 1 0 
0 290 6.2 6 0.500372023809524 0.48828125 43.4165866921848 3 -1 0 
1 300 6.8 7 0.412834821428571 0.420572916666667 50.784249587727 3 0 0 
0 300 6.2 7 0.40673828125 0.391927083333333 54.8001139521846 3 0 0 
1 310 6.8 7 0.4208984375 0.498697916666667 31.7124346878835 3 0 0 
0 310 6.2 7 0.39453125 0.3623046875 44.9868552871862 3 0 0 
1 320 6.8 7 0.478934151785714 0.37890625 50.3524786444778 3 0 0 
0 320 6.2 7 0.46875 0.45703125 34.681697774027 3 0 0 
1 330 6.8 7 0.411649816176471 0.315625 45.0533013390327 3 -1 0 
0 330 6.2 8 0.4332275390625 0.4859375 36.608242195383 3 1 0 
1 340 6.8 8 0.380766369047619 0.43984375 25.4736672248992 3 0 0 
0 340 6.2 8 0.44 0.4828125 33.6718236800097 3 0 0 
1 350 6.8 8 0.462425595238095 0.46796875 24.2280604304668 3 0 0 
0 350 6.2 8 0.505208333333333 0.471875 31.3944585895304 3 0 0 
1 360 6.8 8 0.41796875 0.48125 28.6284184073539 3 0 0 
0 360 6.2 8 0.417534722222222 0.4890625 20.0747373801348 3 0 0 
1 370 6.8 9 0.386379076086957 0.47734375 27.840406070452 3 1 0 
0 370 6.2 8 0.412760416666667 0.509765625 24.3305727271651 3 -1 0 
1 380 6.8 9 0.450067934782609 0.42734375 24.9873006551776 3 0 0 
0 380 6.2 9 0.491677989130435 0.5244140625 21.9917200964986 3 0 0 
1 390 6.8 9 0.392728365384615 0.50546875 14.9486528988084 3 0 0 
0 390 6.2 9 0.42609375 0.4015625 36.2000949731795 3 0 0 
1 400 6.8 9 0.4076171875 0.509375 24.8213360363189 3 0 0 
0 400 6.2 9 0.402734375 0.3875 41.3131235122613 3 0 0 
1 410 6.8 9 0.471912202380952 0.5107421875 32.1475581771596 3 0 0 
0 410 6.2 9 0.4765625 0.45078125 24.8113625346932 3 0 0 
1 420 6.8 9 0.390234375 0.453125 29.5169442862909 3 -1 0 
0 420 6.2 10 0.410866477272727 0.4625 22.7242088830311 3 1 0 
1 430 6.8 9 0.3878125 0.265625 44.6878059430087 3 -1 0 
0 430 6.2 10 0.405184659090909 0.43515625 11.8506962231452 3 1 0 
1 440 6.8 10 0.441550925925926 0.28515625 41.8688428309166 3 0 0 
0 440 6.2 10 0.484714673913043 0.5078125 19.3814858517927 3 0 0 
1 450 6.8 10 0.4115625 0.228515625 34.8628283472188 3 0 0 
0 450 6.2 10 0.407877604166667 0.50859375 17.6785540605668 3 0 0 
1 460 6.8 10 0.405498798076923 0.2828125 33.0166121528664 3 -1 0 
0 460 6.2 11 0.400390625 0.50859375 17.99850595322 3 1 0 
1 470 6.8 10 0.451875 0.34765625 20.5136036723882 3 -1 0 
0 470 6.2 11 0.470703125 0.47421875 22.5136825980454 3 1 0 
1 480 6.8 10 0.437789351851852 0.4171875 15.2997476267003 3 -1 0 
0 480 6.2 11 0.406759510869565 0.49765625 12.4824847613446 3 1 0 
1 490 6.8 10 0.410006009615385 0.41875 9.92734070927063 3 -1 0 
0 490 6.2 11 0.416883680555556 0.5375 17.482848816438 3 1 0 
1 500 6.8 10 0.4440625 0.45703125 19.8566028366583 3 -1 0 
0 500 6.2 11 0.481119791666667 0.509375 25.9183532099728 3 1 0 
1 510 6.8 11 0.414314516129032 0.48515625 28.5978316929543 3 0 0 
0 510 6.2 11 0.397135416666667 0.4734375 18.2398363309776 3 0 0 
1 520 6.8 11 0.398111979166667 0.5 39.5020076816056 3 0 0 
0 520 6.2 11 0.39453125 0.4921875 13.6647800556825 3 0 0 
1 530 6.8 11 0.457932692307692 0.4755859375 41.024068832821 3 -1 0 
0 530 6.2 12 0.46826171875 0.50078125 12.601262554929 3 1 0 
1 540 6.8 11 0.423828125 0.34765625 60.1465251741562 3 -1 0 
0 540 6.2 12 0.411764705882353 0.57890625 11.3812152517061 3 1 0 
1 550 6.8 11 0.3900390625 0.33203125 52.5196957926686 3 -1 0 
0 550 6.2 12 0.4446875 0.64453125 25.8361529893348 3 1 0 
1 560 6.8 12 0.4541015625 0.358072916666667 47.8559109142912 3 0 0 
0 560 6.2 12 0.516741071428571 0.658203125 43.9159229221728 3 0 0 
1 570 6.8 12 0.340215773809524 0.3349609375 39.9354919467501 3 -1 0 
0 570 6.2 13 0.488169642857143 0.544270833333333 45.8373553407547 3 1 0 
1 580 6.8 12 0.352022058823529 0.31015625 45.3942307382871 3 -1 0 
0 580 6.2 13 0.466724537037037 0.540364583333333 45.9459259364288 3 1 0 
1 590 6.8 12 0.430555555555556 0.40703125 44.0086913730539 3 -1 0 
0 590 6.2 13 0.527473958333333 0.408854166666667 57.2329779371479 3 1 0 
1 600 6.8 12 0.3775 0.5046875 52.0625753298192 3 -1 0 
0 600 6.2 13 0.465762867647059 0.44921875 43.6119403372481 3 1 0 
1 610 6.8 13 0.40576171875 0.478125 40.3560639778931 3 0 0 
0 610 6.2 13 0.444196428571429 0.3916015625 54.0246718934019 3 0 0 
1 620 6.8 13 0.480654761904762 0.5078125 38.2424629843963 3 0 0 
0 620 6.2 13 0.505108173076923 0.4306640625 31.4364922899204 3 0 0 
1 630 6.8 13 0.43359375 0.400390625 45.6105983162929 3 0 0 
0 630 6.2 13 0.4208984375 0.42421875 31.0155637715309 3 0 0 
1 640 6.8 13 0.371433423913043 0.3525390625 30.2129877977003 3 0 0 
0 640 6.2 13 0.404810855263158 0.4859375 20.6052337873733 3 0 0 
1 650 6.8 13 0.45947265625 0.283854166666667 32.9710975270442 3 -1 0 
0 650 6.2 14 0.4658203125 0.56875 11.1589326975331 3 1 0 
1 660 6.8 13 0.42724609375 0.317708333333333 32.8076488060536 3 -1 0 
0 660 6.2 14 0.39453125 0.59609375 6.16391292615031 3 1 0 
1 670 6.8 13 0.409577546296296 0.330078125 23.8379948821204 3 -1 0 
0 670 6.2 14 0.394717261904762 0.611328125 9.23173248950111 3 1 0 
1 680 6.8 13 0.467221467391304 0.247395833333333 26.2714025521551 3 -1 0 
0 680 6.2 14 0.4435546875 0.5537109375 15.6947232666288 3 1 0 
1 690 6.8 14 0.44775390625 0.310546875 35.4485906842776 3 0 0 
0 690 6.2 14 0.3984375 0.471354166666667 18.583279940899 3 0 0 
1 700 6.8 14 0.397235576923077 0.36875 32.0045966675677 3 0 0 
0 700 6.2 14 0.403501157407407 0.48046875 24.5412600503897 3 0 0 
1 710 6.8 14 0.4291015625 0.38828125 16.92752468268 3 0 0 
0 710 6.2 14 0.461989182692308 0.4365234375 38.6269435716235 3 0 0 
1 720 6.8 14 0.425480769230769 0.434375 14.13055373852 3 -1 0 
0 720 6.2 15 0.43212890625 0.3671875 38.8603741683274 3 1 0 
1 730 6.8 14 0.39015625 0.4578125 7.99262667437034 3 -1 0 
0 730 6.2 15 0.4415283203125 0.4375 29.1825071713522 3 1 0 
1 740 6.8 15 0.432542067307692 0.45390625 3.86357579331276 3 0 0 
0 740 6.2 15 0.482552083333333 0.466145833333333 17.1068400747224 3 0 0 
1 750 6.8 15 0.417236328125 0.41796875 5.75125185288341 3 0 0 
0 750 6.2 15 0.475027901785714 0.53515625 6.16540886375344 3 0 0 
1 760 6.8 15 0.409765625 0.24609375 0 3 -1 0 
0 760 6.2 16 0.406467013888889 0.421875 24.7867088840943 3 1 0 
1 770 6.8 15 0.48046875 0.21875 0 3 -1 0 
0 770 6.2 16 0.446957236842105 0.555989583333333 9.00073741110347 3 1 0 
1 780 6.8 15 0.391927083333333 0.37109375 0 3 -1 0 
0 780 6.2 16 0.413856907894737 0.453125 42.1712448978246 3 1 0 
1 790 6.8 16 0.388756793478261 0.3984375 0 3 0 0 
0 790 6.2 16 0.46328125 0.513020833333333 28.7797789164479 3 0 0 
1 800 6.8 16 0.437686011904762 0.16953125 17.296482415663 3 -1 0 
0 800 6.2 17 0.491015625 0.532552083333333 26.4862284697843 3 1 0 
1 810 6.8 16 0.361929086538462 0.21015625 13.9144356478437 3 -1 0 
0 810 6.2 17 0.496394230769231 0.48828125 39.9493416185384 3 1 0 
1 820 6.8 16 0.411865234375 0.3625 21.7851613828595 3 -1 0 
0 820 6.2 17 0.514404296875 0.484375 40.376913114493 3 1 0 
1 830 6.8 16 0.426682692307692 0.3765625 27.4253972209215 3 -1 0 
0 830 6.2 17 0.624320652173913 0.459375 41.9503889893674 3 1 0 
1 840 6.8 16 0.381696428571429 0.36484375 33.4688172486329 3 -1 0 
0 840 6.2 17 0.489545036764706 0.51953125 40.7200791304097 3 1 0 
1 850 6.8 17 0.37109375 0.3955078125 31.7066304031425 3 0 0 
0 850 6.2 17 0.39453125 0.5546875 34.9496241600595 3 0 0 
1 860 6.8 17 0.432360197368421 0.4296875 41.1964129001904 3 0 0 
0 860 6.2 17 0.504166666666667 0.506510416666667 34.9685874298289 3 0 0 
1 870 6.8 17 0.422014508928571 0.4716796875 36.3500583030128 3 0 0 
0 870 6.2 17 0.424696180555556 0.48046875 31.232066908525 3 0 0 
1 880 6.8 17 0.413010817307692 0.462890625 35.5894959323346 3 0 0 
0 880 6.2 17 0.408558238636364 0.454427083333333 23.7948751317926 3 0 0 
1 890 6.8 18 0.4685546875 0.35546875 40.0651090269345 3 0 0 
0 890 6.2 18 0.407628676470588 0.477864583333333 27.6354467545528 3 0 0 
1 900 6.8 18 0.465651939655172 0.3603515625 36.7850932582982 3 0 0 
0 900 6.2 18 0.395926339285714 0.4453125 21.5920805712342 3 0 0 
1 910 6.8 18 0.450358072916667 0.376953125 32.0767821645337 3 0 0 
0 910 6.2 18 0.415581597222222 0.3140625 39.5540691663033 3 0 0 
1 920 6.8 18 0.481510416666667 0.4296875 9.88661698873448 3 -1 0 
0 920 6.2 19 0.408353365384615 0.3734375 26.0687515673514 3 1 0 
1 930 6.8 18 0.472790948275862 0.473958333333333 4.98793259102496 3 -1 0 
0 930 6.2 19 0.417534722222222 0.4384765625 18.9757094460072 3 1 0 
1 940 6.8 18 0.424568965517241 0.412109375 5.59016994374947 3 -1 0 
0 940 6.2 19 0.393297697368421 0.5166015625 10.8838937604946 3 1 0 
1 950 6.8 18 0.475446428571429 0.298828125 10.1242283656583 3 -1 0 
0 950 6.2 19 0.457853618421053 0.51171875 13.3198448779902 3 1 0 
1 960 6.8 18 0.458834134615385 0.21484375 27.4860587234757 3 -1 0 
0 960 6.2 19 0.426603618421053 0.4638671875 18.8112727484955 3 1 0 
1 970 6.8 19 0.395670572916667 0.313802083333333 10.7725368730035 3 0 0 
0 970 6.2 19 0.396577380952381 0.4833984375 6.64676335419008 3 0 0 
1 980 6.8 19 0.4515625 0.3291015625 29.5373545546098 3 0 0 
0 980 6.2 19 0.455078125 0.521484375 10.7393285372726 3 0 0 
1 990 6.8 19 0.4296875 0.2978515625 5.3559193862295 3 0 0 
0 990 6.2 19 0.437825520833333 0.45703125 53.1382562368562 3 0 0 
1 1000 6.8 19 0.39599609375 0.28828125 25.0893160024615 3 0 0 
0 1000 6.2 19 0.425920758928571 0.421875 39.7020150622106 3 0 0 
1 1010 6.8 19 0.492404513888889 0.3701171875 23.2893785799622 3 0 0 
0 1010 6.2 19 0.458378232758621 0.474609375 8.07774721070176 3 0 0 
1 1020 6.8 19 0.441271551724138 0.4560546875 12.0737678488845 3 -1 0 
0 1020 6.2 20 0.459375 0.462890625 6.51920240520265 3 1 0 
1 1030 6.8 19 0.39484375 0.48828125 11.2902178308242 3 -1 0 
0 1030 6.2 20 0.447832661290323 0.443359375 6.04152298679729 3 1 0 
1 1040 6.8 20 0.473195043103448 0.5869140625 10.4554707704543 3 0 0 
0 1040 6.2 20 0.49704071969697 0.353515625 12.3490890352285 3 0 0 
1 1050 6.8 20 0.4625 0.5244140625 17.0590092692719 3 0 0 
0 1050 6.2 20 0.516526442307692 0.3232421875 37.4589256644424 3 0 0 
1 1060 6.8 20 0.476732336956522 0.44140625 12.7002730046126 3 0 0 
0 1060 6.2 20 0.514573317307692 0.3759765625 31.3854905581381 3 0 0 
1 1070 6.8 20 0.536946614583333 0.3984375 29.8759140323932 3 0 0 
0 1070 6.2 20 0.550347222222222 0.353125 23.5424531684095 3 0 0 
1 1080 6.8 20 0.423895474137931 0.368489583333333 29.2578418131668 3 0 0 
0 1080 6.2 20 0.53610321969697 0.48359375 17.80268840849 3 0 0 
1 1090 6.8 20 0.404622395833333 0.419270833333333 18.1423935462941 3 0 0 
0 1090 6.2 20 0.539322916666667 0.55546875 17.6048678015217 3 0 0 
1 1100 6.8 20 0.452769886363636 0.317708333333333 36.2472113106598 3 0 0 
0 1100 6.2 20 0.638599537037037 0.6078125 23.7657105351984 3 0 0 
1 1110 6.8 20 0.385579427083333 0.358072916666667 43.5971171550067 3 0 0 
0 1110 6.2 20 0.490579044117647 0.50859375 13.5442461673569 3 0 0 
1 1120 6.8 20 0.438368055555556 0.438802083333333 29.9325086353381 3 0 0 
0 1120 6.2 20 0.397786458333333 0.47109375 10.3223671308881 3 0 0 
1 1130 6.8 20 0.521935096153846 0.5 20.860604048615 3 0 0 
0 1130 6.2 20 0.424665178571429 0.39140625 3.8744846105424 3 0 0 
1 1140 6.8 20 0.460358796296296 0.443359375 45.8625271907819 3 0 0 
0 1140 6.2 20 0.424944196428571 0.475 4.95297357362422 3 0 0 
1 1150 6.8 20 0.482536764705882 0.48046875 38.5621495717682 3 0 0 
0 1150 6.2 20 0.433268229166667 0.39921875 15.0284724546449 3 0 0 
1 1160 6.8 21 0.60109375 0.544270833333333 31.6204453800575 3 1 0 
0 1160 6.2 20 0.444010416666667 0.39375 11.322536861957 3 -1 0 
1 1170 6.8 21 0.5316162109375 0.470703125 4.74341649025257 3 0 0 
0 1170 6.2 21 0.363051470588235 0.45234375 19.6756987436986 3 0 0 
1 1180 6.8 21 0.470588235294118 0.4375 1.4142135623731 3 0 0 
0 1180 6.2 21 0.402944711538462 0.465625 14.7180346071093 3 0 0 
1 1190 6.8 21 0.512867647058823 0.400390625 6.96419413859206 3 0 0 
0 1190 6.2 21 0.485877403846154 0.5421875 4.38197983361284 3 0 0 
1 1200 6.8 21 0.460559475806452 0.419921875 24.6018292002851 3 0 0 
0 1200 6.2 21 0.390008223684211 0.5421875 6.14016939155074 3 0 0 
1 1210 6.8 21 0.46875 0.373046875 21.2720473861826 3 0 0 
0 1210 6.2 21 0.4013671875 0.51796875 7.46932705136778 3 0 0 
1 1220 6.8 21 0.486391129032258 0.33984375 28.477482930444 3 0 0 
0 1220 6.2 21 0.416232638888889 0.43046875 8.54886848039034 3 0 0 
1 1230 6.8 21 0.492565524193548 0.359375 36.0022676564988 3 0 0 
0 1230 6.2 21 0.391134510869565 0.42421875 15.6262601129859 3 0 0 
1 1240 6.8 21 0.457370923913043 0.4091796875 28.8837626787154 3 0 0 
0 1240 6.2 21 0.407291666666667 0.45546875 24.4478480598875 3 0 0 
1 1250 6.8 21 0.507606907894737 0.455729166666667 25.7205265346383 3 0 0 
0 1250 6.2 21 0.453857421875 0.5126953125 27.741241160911 3 0 0 
1 1260 6.8 21 0.462962962962963 0.3671875 31.9530906173409 3 -1 0 
0 1260 6.2 22 0.448125 0.6123046875 28.9786601055703 3 1 0 
1 1270 6.8 21 0.44296875 0.463541666666667 67.7734142333368 3 -1 0 
0 1270 6.2 22 0.460379464285714 0.6279296875 29.1335329805297 3 1 0 
1 1280 6.8 21 0.489025297619048 0.548828125 72.3412054088125 3 -1 0 
0 1280 6.2 22 0.512152777777778 0.7158203125 16.6391343249726 3 1 0 
1 1290 6.8 21 0.39859375 0.490234375 48.5618162757531 3 -1 0 
0 1290 6.2 22 0.443033854166667 0.689453125 17.8241279995817 3 1 0 
1 1300 6.8 21 0.459077380952381 0.26953125 22.61083810919 3 -1 0 
0 1300 6.2 22 0.406850961538462 0.6943359375 16.4422625626745 3 1 0 
1 1310 6.8 21 0.4446875 0.173828125 16.3248277173145 3 -1 0 
0 1310 6.2 22 0.503676470588235 0.728515625 13.325191212028 3 1 0 
1 1320 6.8 22 0.368036684782609 0.171875 10 3 0 0 
0 1320 6.2 22 0.468098958333333 0.626953125 56.0795662593411 3 0 0 
1 1330 6.8 22 0.541360294117647 0.20703125 5.59016994374947 3 0 0 
0 1330 6.2 22 0.483758223684211 0.600260416666667 53.9560200539038 3 0 0 
1 1340 6.8 22 0.568014705882353 0.31640625 4.12310562561766 3 0 0 
0 1340 6.2 22 0.569695723684211 0.583333333333333 14.9837780741326 3 0 0 
1 1350 6.8 22 0.368626644736842 0.349609375 41.6884343054987 3 0 0 
0 1350 6.2 22 0.455897177419355 0.481770833333333 5.38063204911008 3 0 0 
1 1360 6.8 22 0.392832880434783 0.3515625 18.7801456805198 3 0 0 
0 1360 6.2 22 0.481875 0.381510416666667 0.444444444444448 3 0 0 
1 1370 6.8 22 0.44765625 0.3212890625 30.922478321768 3 -1 0 
0 1370 6.2 23 0.502103365384615 0.309895833333333 37.5253454516809 3 1 0 
1 1380 6.8 22 0.418083639705882 0.3390625 15.1975916474683 3 -1 0 
0 1380 6.2 23 0.466496394230769 0.377604166666667 30.3886195635547 3 1 0 
1 1390 6.8 22 0.448714717741936 0.3609375 25.024571329601 3 -1 0 
0 1390 6.2 23 0.443050986842105 0.3453125 47.714174254421 3 1 0 
1 1400 6.8 22 0.515234375 0.41171875 18.3876888308781 3 -1 0 
0 1400 6.2 23 0.461647727272727 0.40390625 34.6393948732211 3 1 0 
1 1410 6.8 22 0.47734375 0.50390625 11.4347975386795 3 -1 0 
0 1410 6.2 23 0.475883152173913 0.4208984375 8.92192371486965 3 1 0 
1 1420 6.8 22 0.47921875 0.5498046875 2.73938167484538 3 -1 0 
0 1420 6.2 23 0.471235795454545 0.39453125 5.18496616176593 3 1 0 
1 1430 6.8 23 0.55224609375 0.4912109375 6.30492164874445 3 0 0 
0 1430 6.2 23 0.560546875 0.314453125 5.59016994374947 3 0 0 
1 1440 6.8 23 0.52734375 0.5302734375 18.1917024847576 3 0 0 
0 1440 6.2 23 0.49609375 0.38671875 0 3 0 0 
1 1450 6.8 23 0.526909722222222 0.58046875 18.7846818266687 2 0 -1 
0 1450 6.2 23 0.555147058823529 0.31640625 0 3 0 1 
1 1460 6.8 23 0.5619140625 0.63125 14.4807427549535 2 0 -1 
0 1460 6.2 23 0.641335227272727 0.2890625 0 3 0 1 
1 1470 6.8 23 0.464334239130435 0.59375 27.0527051467651 2 0 -1 
0 1470 6.2 23 0.427989130434783 0.265625 0 3 0 1 
1 1480 6.8 23 0.465401785714286 0.55234375 29.5703461531001 2 0 -1 
0 1480 6.2 23 0.4474609375 0.21875 13.2003787824441 3 0 1 
1 1490 6.8 23 0.5109375 0.52109375 9.74842740924566 2 0 -1 
0 1490 6.2 23 0.549479166666667 0.255859375 22.2650537940337 3 0 1 
1 1500 6.8 23 0.4656982421875 0.49453125 2.36895842868385 2 0 -1 
0 1500 6.2 23 0.463541666666667 0.3296875 22.3618665347551 3 0 1 
1 1510 6.8 23 0.452059659090909 0.4423828125 17.1557129802095 2 0 -1 
0 1510 6.2 23 0.51953125 0.39765625 15.2114377105401 3 0 1 
1 1520 6.8 23 0.516369047619048 0.3896484375 21.6974909473578 2 0 -1 
0 1520 6.2 23 0.606026785714286 0.42109375 11.7077639927079 3 0 1 
1 1530 6.8 24 0.432725694444444 0.4234375 19.9438411292737 2 1 -1 
0 1530 6.2 23 0.49365234375 0.467447916666667 9.28688116365815 3 -1 1 
1 1540 6.8 24 0.353338068181818 0.34296875 31.3879942639227 2 1 -1 
0 1540 6.2 23 0.42828125 0.50390625 0 3 -1 1 
1 1550 6.8 24 0.404575892857143 0.4015625 39.2724067861689 2 1 -1 
0 1550 6.2 23 0.452445652173913 0.44921875 0 3 -1 1 
1 1560 6.8 24 0.240384615384615 0.5126953125 19.1042907186187 2 1 -1 
0 1560 6.2 23 0.484730113636364 0.359375 0 3 -1 1 
1 1570 6.8 24 0.3171875 0.53828125 23.0472753584972 2 1 -1 
0 1570 6.2 23 0.52294921875 0.2578125 0 3 -1 1 
1 1580 6.8 24 0.3095703125 0.5234375 24.424190392046 2 1 0 
0 1580 6.2 23 0.621330492424242 0.28125 0 2 -1 0 
1 1590 6.8 24 0.321180555555556 0.453125 44.2453595893686 2 1 0 
0 1590 6.2 23 0.55859375 0.29296875 0 2 -1 0 
1 1600 6.8 24 0.358664772727273 0.2802734375 27.0995323303724 2 1 0 
0 1600 6.2 23 0.475446428571429 0.25 14.1427362113481 2 -1 0 
1 1610 6.8 24 0.379206730769231 0.2546875 25.0380491184984 2 1 0 
0 1610 6.2 23 0.573567708333333 0.23359375 17.784563191086 2 -1 0 
1 1620 6.8 25 0.4556640625 0.34140625 20.5003657725757 2 1 0 
0 1620 6.2 24 0.462834821428571 0.3375 19.1245187556382 2 -1 0 
1 1630 6.8 25 0.42578125 0.35078125 24.5260409481897 2 1 0 
0 1630 6.2 24 0.455788352272727 0.3859375 3.16243294288406 2 -1 0 
1 1640 6.8 25 0.490119485294118 0.39609375 25.6720600328657 2 1 0 
0 1640 6.2 24 0.539911684782609 0.5078125 3.08871308223241 2 -1 0 
1 1650 6.8 25 0.420454545454545 0.39609375 14.5274926363843 2 1 0 
0 1650 6.2 24 0.475892857142857 0.5078125 9.89128205880928 2 -1 0 
1 1660 6.8 25 0.440340909090909 0.37578125 24.4064630480729 2 1 0 
0 1660 6.2 24 0.439453125 0.533854166666667 4.99940978680776 2 -1 0 
1 1670 6.8 25 0.572699652777778 0.38203125 24.9208490589365 2 1 0 
0 1670 6.2 24 0.460503472222222 0.5625 10.8435307025607 2 -1 0 
1 1680 6.8 25 0.4625 0.4462890625 19.439975961482 2 1 0 
0 1680 6.2 24 0.384765625 0.399739583333333 13.4108636751308 2 -1 0 
1 1690 6.8 25 0.437160326086957 0.6015625 24.0325301615251 2 1 0 
0 1690 6.2 24 0.375600961538462 0.296875 3.57394722895516 2 -1 0 
1 1700 6.8 25 0.547916666666667 0.70703125 14.1714556087038 2 1 0 
0 1700 6.2 24 0.341145833333333 0.298177083333333 2.1832696406815 2 -1 0 
1 1710 6.8 25 0.507595486111111 0.716145833333333 20.4847319351954 2 1 0 
0 1710 6.2 24 0.308072916666667 0.2421875 13.1337992567732 2 -1 0 
1 1720 6.8 25 0.522253787878788 0.671875 21.2602916254693 2 1 0 
0 1720 6.2 24 0.3505859375 0.31640625 2.70924309543358 2 -1 0 
1 1730 6.8 25 0.585133272058823 0.365234375 64.8170502260015 2 1 0 
0 1730 6.2 24 0.3505859375 0.275390625 22.2131545157389 2 -1 0 
1 1740 6.8 25 0.5244140625 0.341796875 34.2527371169079 2 1 0 
0 1740 6.2 24 0.297697368421053 0.27734375 10.1802591445436 2 -1 0 
1 1750 6.8 25 0.511613175675676 0.4375 15.0416089564913 2 1 0 
0 1750 6.2 24 0.37890625 0.4248046875 15.8127947628754 2 -1 0 
1 1760 6.8 25 0.559067234848485 0.3515625 0 2 0 0 
0 1760 6.2 25 0.37890625 0.5927734375 13.1251626933836 2 0 0 
1 1770 6.8 25 0.507721656976744 0.208984375 23.9269722280108 2 0 0 
0 1770 6.2 25 0.39555027173913 0.57578125 47.7974597849444 2 0 0 
1 1780 6.8 25 0.473034274193548 0.23828125 7.41577027343315 2 0 0 
0 1780 6.2 25 0.506138392857143 0.56171875 44.9466780896906 2 0 0 
1 1790 6.8 25 0.575231481481482 0.295572916666667 10.8888888888889 2 0 0 
0 1790 6.2 25 0.6296875 0.49765625 31.1320089943274 2 0 0 
1 1800 6.8 26 0.499298878205128 0.384114583333333 21.5625370961702 2 1 0 
0 1800 6.2 25 0.470252403846154 0.48046875 15.0712691562713 2 -1 0 
1 1810 6.8 26 0.587296195652174 0.360677083333333 26.9365268088829 2 1 0 
0 1810 6.2 25 0.608552631578947 0.51328125 10.4431122339641 2 -1 0 
1 1820 6.8 26 0.631901041666667 0.375 19.7933663179107 2 1 0 
0 1820 6.2 25 0.655517578125 0.5015625 7.7599758941739 2 -1 0 
1 1830 6.8 26 0.494741586538462 0.45 52.8649093620034 2 1 1 
0 1830 6.2 25 0.40234375 0.509375 7.26922283054906 1 -1 -1 
1 1840 6.8 26 0.656032986111111 0.5796875 50.5185159249074 2 1 1 
0 1840 6.2 25 0.53271484375 0.4359375 18.4652401798152 1 -1 -1 
1 1850 6.8 26 0.669487847222222 0.6328125 38.7559273683277 2 1 1 
0 1850 6.2 25 0.612196180555556 0.30234375 12.1341625913524 1 -1 -1 
1 1860 6.8 26 0.4833984375 0.66015625 47.9353454204206 2 1 1 
0 1860 6.2 25 0.597900390625 0.234375 16.2380197909925 1 -1 -1 
1 1870 6.8 26 0.758463541666667 0.6765625 40.2118408513937 2 1 1 
0 1870 6.2 25 0.6484375 0.235677083333333 3.1901366187797 1 -1 -1 
1 1880 6.8 26 0.76171875 0.630859375 37.7492559517236 2 1 1 
0 1880 6.2 25 NaN 0.2578125 13.2003787824441 1 -1 -1 
