1 30 9.6 1 NaN 0.305645161290323 31.3491069369352 3 0 0 
0 30 8.8 1 NaN 0.303225806451613 27.7874226386771 3 0 0 
1 40 9.6 1 NaN 0.304838709677419 30.6004129923492 3 0 0 
0 40 8.8 1 NaN 0.301612903225806 28.4050068514277 3 0 0 
1 50 9.6 1 NaN 0.362903225806452 29.0524070413527 3 0 0 
0 50 8.8 1 NaN 0.362096774193548 29.8643921811774 3 0 0 
1 60 9.6 1 0.368279569892473 0.471774193548387 29.5375533415626 3 0 0 
0 60 8.8 1 0.368279569892473 0.475 31.5746909322772 3 0 0 
1 70 9.6 1 0.374596774193548 0.482258064516129 25.6033423180146 3 0 0 
0 70 8.8 1 0.374395161290323 0.494354838709677 27.3247264526571 3 0 0 
1 80 9.6 1 0.45773596176822 0.490322580645161 26.5337341269283 3 0 0 
0 80 8.8 1 0.475439882697947 0.49758064516129 27.6448792944635 3 0 0 
1 90 9.6 1 0.414021852237253 0.47741935483871 35.0825852975645 3 0 0 
0 90 8.8 1 0.400836320191159 0.488709677419355 30.7936724854677 3 0 0 
1 100 9.6 1 0.448626045400239 0.513709677419355 34.1363675792377 3 0 0 
0 100 8.8 1 0.403709677419355 0.448387096774194 30.6285289689352 3 0 0 
1 110 9.6 2 0.483572281959379 0.505645161290323 34.8318434600927 3 0 0 
0 110 8.8 2 0.475201612903226 0.437096774193548 31.9484649631479 3 0 0 
1 120 9.6 2 0.391969086021505 0.504838709677419 32.4425034646678 3 0 0 
0 120 8.8 2 0.404569892473118 0.444354838709677 33.5372808881482 3 0 0 
1 130 9.6 2 0.401305683563748 0.468548387096774 35.2163716205386 3 0 0 
0 130 8.8 2 0.393878299120235 0.479838709677419 34.2077236213414 3 0 0 
1 140 9.6 3 0.45866935483871 0.448387096774194 39.9502385798926 3 0 0 
0 140 8.8 3 0.48717008797654 0.493548387096774 30.0364771376728 3 0 0 
1 150 9.6 3 0.368279569892473 0.465322580645161 37.5082843356963 3 0 0 
0 150 8.8 3 0.41505376344086 0.503225806451613 32.9784738151382 3 0 0 
1 160 9.6 3 0.386247877758913 0.438709677419355 19.1839570000304 3 0 0 
0 160 8.8 3 0.381048387096774 0.441129032258065 31.3395887321923 3 0 0 
1 170 9.6 3 0.476209677419355 0.45241935483871 5.64092625808654 3 0 0 
0 170 8.8 3 0.492741935483871 0.496975806451613 20.4371408231372 3 0 0 
1 180 9.6 4 0.368279569892473 0.444354838709677 2.95299920229524 3 0 0 
0 180 8.8 4 0.38148667601683 0.520161290322581 14.0182722730265 3 0 0 
1 190 9.6 4 0.385560675883257 0.519354838709677 3.6430677459164 3 0 0 
0 190 8.8 4 0.401612903225806 0.436491935483871 11.809414116404 3 0 0 
1 200 9.6 4 0.475256598240469 0.495161290322581 8.34406467445925 3 0 0 
0 200 8.8 4 0.49758064516129 0.420967741935484 9.67836309590276 3 0 0 
1 210 9.6 4 0.368279569892473 0.493548387096774 6.36433375753275 3 0 0 
0 210 8.8 4 0.405867630700779 0.470161290322581 10.5975014303391 3 0 0 
1 220 9.6 4 0.388148667601683 0.498387096774194 6.75085011166052 3 0 0 
0 220 8.8 4 0.405967741935484 0.459677419354839 3.32611373330856 3 0 0 
1 230 9.6 4 0.475967741935484 0.484677419354839 4.22191039225461 3 0 0 
0 230 8.8 4 0.488779803646564 0.487096774193548 6.55232959291319 3 0 0 
1 240 9.6 5 0.40497311827957 0.525 8.09502613795941 3 1 0 
0 240 8.8 4 0.399049539170507 0.481854838709677 9.15028774376949 3 -1 0 
1 250 9.6 5 0.415044493882091 0.509677419354839 7.73706818503897 3 1 0 
0 250 8.8 4 0.386712749615975 0.371975806451613 30.9030886235382 3 -1 0 
1 260 9.6 5 0.489154616240267 0.491935483870968 4.92081369150297 3 0 0 
0 260 8.8 5 0.464285714285714 0.348790322580645 29.1128366474624 3 0 0 
1 270 9.6 6 0.433349146110057 0.495161290322581 23.1118615847387 3 1 0 
0 270 8.8 5 0.391654978962132 0.355645161290323 32.4258477740772 3 -1 0 
1 280 9.6 6 0.395894428152493 0.532258064516129 28.8326919837424 3 1 0 
0 280 8.8 5 0.401297335203366 0.381451612903226 26.9507616952996 3 -1 0 
1 290 9.6 6 0.516495601173021 0.518548387096774 33.3367155195604 3 1 0 
0 290 8.8 5 0.417786738351255 0.415322580645161 32.5556879933191 3 -1 0 
1 300 9.6 6 0.430569556451613 0.482258064516129 28.8808275573545 3 0 0 
0 300 8.8 6 0.382599255583127 0.442741935483871 32.3665504046947 3 0 0 
1 310 9.6 6 0.386328725038402 0.505645161290323 27.3796245789389 3 0 0 
0 310 8.8 6 0.407258064516129 0.446774193548387 26.8963977370293 3 0 0 
1 320 9.6 7 0.466164095371669 0.523387096774194 35.2424379996327 3 1 0 
0 320 8.8 6 0.45468509984639 0.462096774193548 37.4535975303998 3 -1 0 
1 330 9.6 7 0.425472747497219 0.492741935483871 32.1180613314502 3 1 0 
0 330 8.8 6 0.390067911714771 0.47741935483871 31.3330964772288 3 -1 0 
1 340 9.6 7 0.445483870967742 0.499193548387097 26.8145926929024 3 1 0 
0 340 8.8 6 0.380600358422939 0.435483870967742 24.7699948657603 3 -1 0 
1 350 9.6 7 0.521337365591398 0.506451612903226 22.7423372509468 3 0 0 
0 350 8.8 7 0.439247311827957 0.454838709677419 23.6079188914242 3 0 0 
1 360 9.6 7 0.421774193548387 0.5 28.2623715007503 3 0 0 
0 360 8.8 7 0.378506311360449 0.403225806451613 31.0561513409957 3 0 0 
1 370 9.6 7 0.390029325513196 0.509677419354839 37.8334128284595 3 0 0 
0 370 8.8 7 0.387096774193548 0.431451612903226 33.7196947581386 3 0 0 
1 380 9.6 8 0.480241935483871 0.474193548387097 37.9891911856728 3 1 0 
0 380 8.8 7 0.483137829912023 0.485483870967742 34.0551857760974 3 -1 0 
1 390 9.6 8 0.398915461624027 0.420967741935484 29.0895491634567 3 0 0 
0 390 8.8 8 0.432459677419355 0.525806451612903 28.9795131010437 3 0 0 
1 400 9.6 8 0.380952380952381 0.445967741935484 24.2549233867055 3 0 0 
0 400 8.8 8 0.389200561009818 0.490322580645161 24.5012655147253 3 0 0 
1 410 9.6 8 0.464045698924731 0.467741935483871 12.4345450622793 3 0 0 
0 410 8.8 8 0.460483870967742 0.471774193548387 8.20411619226651 3 0 0 
1 420 9.6 8 0.389784946236559 0.491935483870968 5.38417536807951 3 0 0 
0 420 8.8 8 0.408410138248848 0.476814516129032 7.35651689400365 3 0 0 
1 430 9.6 8 0.426178660049628 0.49758064516129 5.79933708545804 3 0 0 
0 430 8.8 8 0.378072196620584 0.492943548387097 8.0965787743682 3 0 0 
1 440 9.6 9 0.477822580645161 0.537298387096774 7.2692733240176 3 1 0 
0 440 8.8 8 0.445033955857385 0.398387096774194 29.5438042255493 3 -1 0 
1 450 9.6 9 0.417521994134897 0.484879032258065 6.10353939426279 3 1 0 
0 450 8.8 8 0.401785714285714 0.395967741935484 33.1729047680693 3 -1 0 
1 460 9.6 9 0.417626728110599 0.471774193548387 8.10797491762281 3 1 0 
0 460 8.8 8 0.37408357771261 0.439516129032258 22.8247801141753 3 -1 0 
1 470 9.6 9 0.472262952101662 0.395161290322581 33.447793660023 3 0 0 
0 470 8.8 9 0.476958525345622 0.495161290322581 11.6841583261283 3 0 0 
1 480 9.6 9 0.43025283347864 0.418346774193548 14.5765662598924 3 0 0 
0 480 8.8 9 0.402675953079179 0.539516129032258 6.41217543606843 3 0 0 
1 490 9.6 9 0.434863523573201 0.339717741935484 35.9540607075641 3 0 0 
0 490 8.8 9 0.399193548387097 0.507258064516129 6.35319879126062 3 0 0 
1 500 9.6 9 0.468108504398827 0.388104838709677 32.2615975151536 3 0 0 
0 500 8.8 9 0.438918757467145 0.512096774193548 7.09152407321871 3 0 0 
1 510 9.6 10 0.446824596774194 0.440524193548387 15.3520501882175 3 1 0 
0 510 8.8 9 0.43384109916368 0.486895161290323 7.23799711537014 3 -1 0 
1 520 9.6 10 0.424731182795699 0.443548387096774 29.1320576759809 3 0 0 
0 520 8.8 10 0.366935483870968 0.420362903225806 4.37861751698555 3 0 0 
1 530 9.6 10 0.466935483870968 0.518548387096774 24.3344349776715 3 0 0 
0 530 8.8 10 0.428679435483871 0.387096774193548 3.82806144024243 3 0 0 
1 540 9.6 11 0.452880184331797 0.575 24.3154222677763 3 1 0 
0 540 8.8 10 0.38741935483871 0.306451612903226 27.3178111875322 3 -1 0 
1 550 9.6 11 0.428571428571429 0.595161290322581 25.0691787613381 3 1 0 
0 550 8.8 10 0.373271889400922 0.315524193548387 8.58926959513031 3 -1 0 
1 560 9.6 11 0.522849462365591 0.569354838709677 25.0893308720685 3 1 0 
0 560 8.8 10 0.434060721062619 0.331451612903226 21.2023496538989 3 -1 0 
1 570 9.6 11 0.463133640552995 0.533870967741936 22.4967580895687 3 1 0 
0 570 8.8 10 0.370430107526882 0.332258064516129 34.9207291699444 3 -1 0 
1 580 9.6 11 0.414650537634409 0.440322580645161 38.1480231762398 3 1 0 
0 580 8.8 10 0.378629032258065 0.363709677419355 27.4961589328391 3 -1 0 
1 590 9.6 11 0.502758913412564 0.283266129032258 35.7297990069385 3 0 0 
0 590 8.8 11 0.436088709677419 0.40241935483871 36.4942305774938 3 0 0 
1 600 9.6 11 0.443296370967742 0.379032258064516 24.389497728553 3 0 0 
0 600 8.8 11 0.380583126550869 0.420967741935484 28.7489875242313 3 0 0 
1 610 9.6 12 0.413064516129032 0.479838709677419 35.2801773059385 3 1 0 
0 610 8.8 11 0.385447214076246 0.437903225806452 26.2476917809863 3 -1 0 
1 620 9.6 12 0.482643758765778 0.425806451612903 49.5987162110208 3 1 0 
0 620 8.8 11 0.480040322580645 0.462096774193548 24.1580969147999 3 -1 0 
1 630 9.6 12 0.442168930390492 0.461290322580645 41.3142730146385 3 1 0 
0 630 8.8 11 0.395497311827957 0.465322580645161 22.4124740791983 3 -1 0 
1 640 9.6 12 0.420101553166069 0.462903225806452 31.4620435158579 3 1 0 
0 640 8.8 11 0.398709677419355 0.484677419354839 23.5825250301641 3 -1 0 
1 650 9.6 12 0.498576850094877 0.504838709677419 31.2894168939781 3 1 0 
0 650 8.8 11 0.472026209677419 0.486290322580645 16.3034009648118 3 -1 0 
1 660 9.6 13 0.421744324970131 0.388709677419355 50.2470559161878 3 1 0 
0 660 8.8 12 0.412058371735791 0.540322580645161 19.2569208413733 3 -1 0 
1 670 9.6 13 0.374787775891341 0.403225806451613 36.4577676658709 3 1 0 
0 670 8.8 12 0.374266862170088 0.39616935483871 37.7537722261847 3 -1 0 
1 680 9.6 13 0.451324884792627 0.450806451612903 15.3552889452996 3 1 0 
0 680 8.8 12 0.439303904923599 0.434139784946237 28.0978157247608 3 -1 0 
1 690 9.6 13 0.449865591397849 0.483870967741936 7.32850635687249 3 1 0 
0 690 8.8 12 0.412939882697947 0.44758064516129 15.226552742164 3 -1 0 
1 700 9.6 13 0.431739631336406 0.492741935483871 4.10867400313292 3 1 0 
0 700 8.8 12 0.397177419354839 0.40625 31.4412711362254 3 -1 0 
1 710 9.6 13 0.44248726655348 0.491935483870968 5.15286236280913 3 1 0 
0 710 8.8 12 0.440601736972705 0.365322580645161 49.2630148667769 3 -1 0 
1 720 9.6 14 0.425219941348974 0.483870967741936 10.7280137128607 3 2 0 
0 720 8.8 12 0.394405241935484 0.417741935483871 34.1731218793916 3 -2 0 
1 730 9.6 14 0.435300586510264 0.536290322580645 27.1094076773705 3 1 0 
0 730 8.8 13 0.381048387096774 0.416129032258065 16.2789539816649 3 -1 0 
1 740 9.6 14 0.509504608294931 0.544354838709677 32.7602581496612 3 1 0 
0 740 8.8 13 0.43010752688172 0.401612903225806 14.5216936740744 3 -1 0 
1 750 9.6 14 0.445773081201335 0.568548387096774 31.4064926345304 3 1 0 
0 750 8.8 13 0.368279569892473 0.401209677419355 20.5398814742368 3 -1 0 
1 760 9.6 15 0.443996415770609 0.590322580645161 32.3221210544053 3 2 0 
0 760 8.8 13 0.364717741935484 0.395161290322581 21.2132034355964 3 -2 0 
1 770 9.6 15 0.519230769230769 0.606451612903226 34.5151183231068 3 2 0 
0 770 8.8 13 0.418202764976959 0.391129032258065 13.0384048104053 3 -2 0 
1 780 9.6 16 0.469239631336406 0.576612903225806 37.6574197383184 3 3 0 
0 780 8.8 13 0.330933179723502 0.212365591397849 29.7400249651189 3 -3 0 
1 790 9.6 16 0.494016649323621 0.558064516129032 39.7905197064171 3 3 0 
0 790 8.8 13 0.354601518026565 0.236895161290323 34.0074406116184 3 -3 0 
1 800 9.6 16 0.573252688172043 0.532258064516129 24.8508817265874 3 3 0 
0 800 8.8 13 0.360887096774194 0.265322580645161 31.96289979778 3 -3 0 
1 810 9.6 16 0.484657749803304 0.529838709677419 25.1234842368321 3 3 0 
0 810 8.8 13 0.368951612903226 0.331451612903226 17.2121443102739 3 -3 0 
1 820 9.6 16 0.438676075268817 0.529032258064516 9.15944081508554 3 3 0 
0 820 8.8 13 0.366385630498534 0.453225806451613 5.54120421950221 3 -3 0 
1 830 9.6 16 0.581182795698925 0.421774193548387 32.1216341794822 3 2 0 
0 830 8.8 14 0.375 0.462903225806452 3.75729140968181 3 -2 0 
1 840 9.6 16 0.475358422939068 0.441129032258065 22.2169300204212 3 2 0 
0 840 8.8 14 0.34758064516129 0.475 5.42716869753886 3 -2 0 
1 850 9.6 16 0.480098855359001 0.455645161290323 7.5515167853799 3 2 0 
0 850 8.8 14 0.390180265654649 0.466129032258065 7.23242251363094 3 -2 0 
1 860 9.6 16 0.619389901823282 0.433467741935484 38.5363101348934 3 2 0 
0 860 8.8 14 0.391465053763441 0.424193548387097 8.01503049097578 3 -2 0 
1 870 9.6 16 0.491086587436333 0.388104838709677 32.592057819584 3 1 0 
0 870 8.8 15 0.345766129032258 0.433064516129032 6.84718819081933 3 -1 0 
1 880 9.6 16 0.462557603686636 0.490927419354839 17.5542892483904 3 1 0 
0 880 8.8 15 0.352229601518027 0.384677419354839 20.5427546231636 3 -1 0 
1 890 9.6 17 0.514400921658986 0.486895161290323 10.3228890745566 3 2 0 
0 890 8.8 15 0.356278801843318 0.351612903225806 8.09974412358358 3 -2 0 
1 900 9.6 17 0.460094549499444 0.395161290322581 29.3848564813463 3 2 0 
0 900 8.8 15 0.378888248847926 0.393548387096774 12.0779457185457 3 -2 0 
1 910 9.6 17 0.393817204301075 0.412903225806452 23.9777313679661 3 2 0 
0 910 8.8 15 0.398637374860957 0.456989247311828 22.0909383341194 3 -2 0 
1 920 9.6 17 0.457181259600614 0.467741935483871 11.7659724822689 3 2 0 
0 920 8.8 15 0.453494623655914 0.483870967741936 7.5 3 -2 0 
1 930 9.6 17 0.384744623655914 0.496774193548387 5.47386951060087 3 2 0 
0 930 8.8 15 0.445220298977183 0.4375 2.54950975679639 3 -2 0 
1 940 9.6 17 0.423963133640553 0.500806451612903 1.76474022887477 3 2 0 
0 940 8.8 15 0.428139400921659 0.457661290322581 4.30116263352131 3 -2 0 
1 950 9.6 18 0.453965053763441 0.510483870967742 18.1564328680442 3 3 0 
0 950 8.8 15 0.536626344086022 0.418010752688172 37.0909585415426 3 -3 0 
1 960 9.6 18 0.468682795698925 0.620967741935484 23.1499317054022 3 3 0 
0 960 8.8 15 0.483486943164362 0.257258064516129 32.4201307010629 3 -3 0 
1 970 9.6 18 0.442631964809384 0.601612903225806 28.2625351105465 3 2 0 
0 970 8.8 16 0.429637096774194 0.246774193548387 7.5523538685357 3 -2 0 
1 980 9.6 18 0.561347926267281 0.625806451612903 25.3784975125325 3 2 0 
0 980 8.8 16 0.514855687606112 0.268548387096774 5.8064142535017 3 -2 0 
1 990 9.6 19 0.488553590010406 0.605645161290323 22.8371240587488 3 3 0 
0 990 8.8 16 0.442617866004963 0.30241935483871 4.02874576876229 3 -3 0 
1 1000 9.6 19 0.3821044546851 0.491129032258064 12.3262361864138 3 3 0 
0 1000 8.8 16 0.353353140916808 0.441935483870968 5.42578248167298 3 -3 0 
1 1010 9.6 19 0.431451612903226 0.528225806451613 6.90114975653383 3 3 0 
0 1010 8.8 16 0.380865102639296 0.449596774193548 6.242261103211 3 -3 0 
1 1020 9.6 19 0.477223190932868 0.594758064516129 6.17936892005173 3 3 0 
0 1020 8.8 16 0.376423149905123 0.369623655913979 1.86184235555024 3 -3 0 
1 1030 9.6 19 0.507086999022483 0.569556451612903 19.2044890513562 3 3 0 
0 1030 8.8 16 0.38045540796964 0.295698924731183 7.91908936995756 3 -3 0 
1 1040 9.6 19 0.559101382488479 0.565524193548387 17.8823455248947 3 3 0 
0 1040 8.8 16 0.423963133640553 0.298387096774194 4.89403187704428 3 -3 0 
1 1050 9.6 19 0.494877942458588 0.612903225806452 25.285856957332 3 2 0 
0 1050 8.8 17 0.373533724340176 0.333333333333333 7.12404435025056 3 -2 0 
1 1060 9.6 19 0.500855327468231 0.575604838709677 10.8537255283118 3 2 0 
0 1060 8.8 17 0.392402376910017 0.266935483870968 34.3726149916651 3 -2 0 
1 1070 9.6 19 0.544732862903226 0.61491935483871 9.14503166951517 3 2 0 
0 1070 8.8 17 0.440577249575552 0.295161290322581 21.994729222254 3 -2 0 
1 1080 9.6 19 0.50509337860781 0.516935483870968 39.0350561334233 3 2 0 
0 1080 8.8 17 0.392559833506764 0.321774193548387 6.33845657237883 3 -2 0 
1 1090 9.6 19 0.500592979127135 0.534677419354839 24.3296419938988 3 2 0 
0 1090 8.8 17 0.437762973352034 0.319354838709677 11.7030707093717 3 -2 0 
1 1100 9.6 20 0.600186104218362 0.483870967741936 20.3660119811817 3 3 0 
0 1100 8.8 17 0.494527649769585 0.399193548387097 20.0248144139206 3 -3 0 
1 1110 9.6 20 0.448313782991202 0.454032258064516 17.8884466003624 3 3 0 
0 1110 8.8 17 0.44089558573854 0.42258064516129 31.3051699554711 3 -3 0 
1 1120 9.6 20 0.368279569892473 0.488911290322581 6.83453364253619 3 3 0 
0 1120 8.8 17 0.461491935483871 0.445161290322581 40.0389995483762 3 -3 0 
1 1130 9.6 20 0.391465053763441 0.501612903225806 5.95034002630791 3 2 0 
0 1130 8.8 18 0.513929618768328 0.520161290322581 24.9413784674 3 -2 0 
1 1140 9.6 20 0.433635752688172 0.491935483870968 3.94221412866681 3 2 0 
0 1140 8.8 18 0.478709677419355 0.6 22.1111026471248 3 -2 0 
1 1150 9.6 20 0.470564516129032 0.474193548387097 21.6115403594249 3 2 0 
0 1150 8.8 18 0.513370118845501 0.613709677419355 17.9880787897512 3 -2 0 
1 1160 9.6 20 0.569086021505376 0.467741935483871 17.6461812705933 3 2 0 
0 1160 8.8 18 0.57909429280397 0.426612903225806 35.8091554692003 3 -2 0 
1 1170 9.6 20 0.440036420395421 0.404032258064516 13.250396443176 3 1 0 
0 1170 8.8 19 0.47755376344086 0.379838709677419 34.423062863503 3 -1 0 
1 1180 9.6 20 0.456653225806452 0.416129032258064 14.6572663720966 3 1 0 
0 1180 8.8 19 0.477150537634409 0.243951612903226 6.57021257120461 3 -1 0 
1 1190 9.6 20 0.530483870967742 0.383870967741935 32.1465535373555 3 1 0 
0 1190 8.8 19 0.558755760368664 0.236895161290323 7.04004517659909 3 -1 0 
1 1200 9.6 20 0.477570564516129 0.461290322580645 19.5834069364638 3 1 0 
0 1200 8.8 19 0.379948680351906 0.227822580645161 12.0282964126159 3 -1 0 
1 1210 9.6 20 0.458591811414392 0.494354838709677 4.71772131156075 3 1 0 
0 1210 8.8 19 0.369269949066214 0.240927419354839 24.8871887597888 3 -1 0 
1 1220 9.6 20 0.565272177419355 0.55241935483871 17.9239891323564 3 1 0 
0 1220 8.8 19 0.38328853046595 0.329637096774194 7.81778746570328 3 -1 0 
1 1230 9.6 21 0.510752688172043 0.608870967741936 20.0450620998654 3 2 0 
0 1230 8.8 19 0.332111436950147 0.324596774193548 14.1624985324246 3 -2 0 
1 1240 9.6 21 0.45837669094693 0.616935483870968 21.4443853688889 3 2 0 
0 1240 8.8 19 0.345878136200717 0.267741935483871 20.5301494093701 3 -2 0 
1 1250 9.6 21 0.556876061120543 0.659274193548387 23.0298804060392 3 1 0 
0 1250 8.8 20 0.331541218637993 0.3 10.8676959745854 3 -1 0 
1 1260 9.6 21 0.490281224152192 0.580645161290323 27.3396809288208 3 1 0 
0 1260 8.8 20 0.374731182795699 0.457258064516129 5.8232424317091 3 -1 0 
1 1270 9.6 21 0.446184863523573 0.506720430107527 48.4267332827087 3 1 0 
0 1270 8.8 20 0.404233870967742 0.579032258064516 5.71705564209517 3 -1 0 
1 1280 9.6 21 0.543548387096774 0.483870967741936 34.3698096962265 3 1 0 
0 1280 8.8 20 0.439516129032258 0.582258064516129 6.91105248258565 3 -1 0 
1 1290 9.6 21 0.439516129032258 0.439516129032258 44.2944691807002 3 1 0 
0 1290 8.8 20 0.43678459937565 0.605645161290323 17.1762433340232 3 -1 0 
1 1300 9.6 21 0.464795285359802 0.425403225806452 45.8530260724415 3 1 0 
0 1300 8.8 20 0.403225806451613 0.566129032258065 42.9819188400933 3 -1 0 
1 1310 9.6 21 0.484735023041475 0.393145161290323 27.3221521846285 3 1 0 
0 1310 8.8 20 0.553931451612903 0.317741935483871 55.9627529153249 3 -1 0 
1 1320 9.6 21 0.445874689826303 0.298387096774194 32.1439338512986 3 1 0 
0 1320 8.8 20 0.408548387096774 0.351612903225806 29.3220868926399 3 -1 0 
1 1330 9.6 21 0.478587319243604 0.375 13.5577062833654 3 1 0 
0 1330 8.8 20 0.334252971137521 0.42741935483871 15.7605882676775 3 -1 0 
1 1340 9.6 21 0.509460297766749 0.323588709677419 23.606933668885 3 1 0 
0 1340 8.8 20 0.321650124069479 0.511290322580645 8.53135682914662 3 -1 0 
1 1350 9.6 21 0.470318100358423 0.368279569892473 13.4435982210547 3 0 0 
0 1350 8.8 21 0.400109970674487 0.512903225806452 3.54827245145557 3 0 0 
1 1360 9.6 21 0.459229390681004 0.362903225806452 18.0759290839322 3 0 0 
0 1360 8.8 21 0.370967741935484 0.533870967741936 11.1944913595381 3 0 0 
1 1370 9.6 21 0.503744239631336 0.40625 24.8239804536899 3 0 0 
0 1370 8.8 21 0.372865275142315 0.500806451612903 5.18831828861101 3 0 0 
1 1380 9.6 21 0.443980414746544 0.360887096774194 5.53477388567269 3 0 0 
0 1380 8.8 21 0.406217481789802 0.561290322580645 9.95811987578782 3 0 0 
1 1390 9.6 21 0.501152073732719 0.330645161290323 6.94107105328219 3 0 0 
0 1390 8.8 21 0.366935483870968 0.607258064516129 8.59714016639753 3 0 0 
1 1400 9.6 21 0.537903225806452 0.225806451612903 6.77107081547988 3 0 0 
0 1400 8.8 21 0.52258064516129 0.529838709677419 43.9104902095225 3 0 0 
1 1410 9.6 21 0.374193548387097 0.22883064516129 6.19177823110052 3 0 0 
0 1410 8.8 21 0.463343108504399 0.541935483870968 37.1899918686049 3 0 0 
1 1420 9.6 22 0.442540322580645 0.207258064516129 17.1091538459595 3 1 0 
0 1420 8.8 21 0.450772849462366 0.591935483870968 14.3753877502355 3 -1 0 
1 1430 9.6 22 0.484181141439206 0.232258064516129 24.8044829285272 3 1 0 
0 1430 8.8 21 0.516935483870968 0.580645161290323 15.206205716286 3 -1 0 
1 1440 9.6 22 0.394115890083632 0.267741935483871 19.9608751633271 3 1 0 
0 1440 8.8 21 0.475614439324117 0.52741935483871 26.9750605981788 3 -1 0 
1 1450 9.6 22 0.408870967741935 0.343548387096774 8.73397236588208 3 1 0 
0 1450 8.8 21 0.426224611708483 0.479838709677419 7.76025367384546 3 -1 0 
1 1460 9.6 22 0.421274961597542 0.416935483870968 7.02672209561051 3 1 0 
0 1460 8.8 21 0.526583034647551 0.435483870967742 19.4846656140433 3 -1 0 
1 1470 9.6 22 0.352928692699491 0.383064516129032 20.4834824866837 3 1 0 
0 1470 8.8 21 0.497983870967742 0.390322580645161 22.6215239950175 3 -1 0 
1 1480 9.6 22 0.386786600496278 0.380040322580645 24.4679459527547 3 1 0 
0 1480 8.8 21 0.445228494623656 0.37741935483871 9.40910479438815 3 -1 0 
1 1490 9.6 22 0.423076923076923 0.442540322580645 18.8304364399987 3 0 0 
0 1490 8.8 22 0.46648185483871 0.416935483870968 15.5361091669441 3 0 0 
1 1500 9.6 22 0.456429211469534 0.482258064516129 14.8681499460111 3 0 0 
0 1500 8.8 22 0.418406072106262 0.434677419354839 11.2276864022449 3 0 0 
1 1510 9.6 22 0.456500488758553 0.486290322580645 7.75121001037874 3 0 0 
0 1510 8.8 22 0.40994623655914 0.456451612903226 12.1965671007422 3 0 0 
1 1520 9.6 22 0.544193548387097 0.510483870967742 4.16760656614191 3 0 0 
0 1520 8.8 22 0.48811544991511 0.457258064516129 14.0714809257437 3 0 0 
1 1530 9.6 22 0.451873048907388 0.463709677419355 8.7164232628476 3 0 0 
0 1530 8.8 22 0.510710685483871 0.505645161290323 10.9860515174935 3 0 0 
1 1540 9.6 22 0.51258064516129 0.460685483870968 5.65486648245402 3 0 0 
0 1540 8.8 22 0.461618876941458 0.485887096774194 2.14617790987801 3 0 0 
1 1550 9.6 22 0.616397849462366 0.432258064516129 33.1485503720847 3 0 0 
0 1550 8.8 22 0.584072580645161 0.445564516129032 6.51950953864882 3 0 0 
1 1560 9.6 22 0.514490927419355 0.470161290322581 19.7905347754271 3 0 0 
0 1560 8.8 22 0.489213709677419 0.325268817204301 20.1304444338778 3 0 0 
1 1570 9.6 22 0.587701612903226 0.493548387096774 3.59303070836191 3 0 0 
0 1570 8.8 22 0.562986651835373 0.168010752688172 7.16645133182093 3 0 0 
1 1580 9.6 22 0.677656546489564 0.466129032258065 14.6119588352197 3 0 0 
0 1580 8.8 22 0.664802289281998 0.331989247311828 25.0124132347167 3 0 0 
1 1590 9.6 22 0.481854838709677 0.470161290322581 13.9360508335321 3 0 0 
0 1590 8.8 22 0.482113316790736 0.380376344086022 30.8154755885821 3 0 0 
1 1600 9.6 23 0.446114369501466 0.329032258064516 15.4638759348351 3 1 0 
0 1600 8.8 22 0.435300586510264 0.314516129032258 21.7879401655403 3 -1 0 
1 1610 9.6 23 0.473671726755218 0.285483870967742 18.9400064887312 3 1 0 
0 1610 8.8 22 0.444444444444444 0.329838709677419 13.6234863381684 3 -1 0 
1 1620 9.6 23 0.513318670576735 0.398387096774194 19.8290914910019 3 1 0 
0 1620 8.8 22 0.424347158218126 0.285483870967742 6.85065719425434 3 -1 0 
1 1630 9.6 23 0.486212278876171 0.45241935483871 20.563138036277 3 1 0 
0 1630 8.8 22 0.384856630824373 0.262096774193548 3.21764917756504 3 -1 0 
1 1640 9.6 23 0.559088089330025 0.482258064516129 18.8135640184953 3 1 0 
0 1640 8.8 22 0.470766129032258 0.329838709677419 16.0978000604675 3 -1 0 
1 1650 9.6 23 0.505893300248139 0.599193548387097 8.7174911364674 3 1 0 
0 1650 8.8 22 0.414032258064516 0.308064516129032 13.1779841162289 3 -1 0 
1 1660 9.6 23 0.411088709677419 0.639112903225806 3.59099851472861 3 0 0 
0 1660 8.8 23 0.352822580645161 0.330645161290323 7.25806664512793 3 0 0 
1 1670 9.6 23 0.475322580645161 0.585685483870968 9.60798962632353 3 0 0 
0 1670 8.8 23 0.338709677419355 0.383064516129032 12.4359358238437 3 0 0 
1 1680 9.6 23 0.480083088954057 0.568548387096774 9.34569066734156 3 0 0 
0 1680 8.8 23 0.458602150537634 0.377016129032258 0.707106781186548 3 0 0 
1 1690 9.6 23 0.453755040322581 0.617943548387097 3.88018639724802 3 0 0 
0 1690 8.8 23 0.318010752688172 0.310483870967742 6.80073525436772 3 0 0 
1 1700 9.6 23 0.52389486260454 0.72883064516129 2.14991300382006 3 0 0 
0 1700 8.8 23 0.314516129032258 0.254032258064516 0 3 0 0 
1 1710 9.6 23 0.564814814814815 0.773185483870968 4.76948687325289 3 0 1 
0 1710 8.8 23 0.358534946236559 0.237903225806452 0 2 0 -1 
1 1720 9.6 23 0.614516129032258 0.804435483870968 2.99348986413038 3 0 1 
0 1720 8.8 23 0.362903225806452 0.149193548387097 0 2 0 -1 
1 1730 9.6 24 0.635887096774194 0.834677419354839 7.62540194267245 3 1 1 
0 1730 8.8 23 0.477822580645161 0.145161290322581 0 2 -1 -1 
