1 30 8 1 NaN 0.198387096774194 7.22380526238029 3 0 0 
0 30 8.4 1 NaN 0.25 8.06359331401408 3 0 0 
1 40 8 1 NaN 0.174193548387097 15.0725140837057 3 0 0 
0 40 8.4 1 NaN 0.262096774193548 11.129419851019 3 0 0 
1 50 8 1 0.383064516129032 0.341935483870968 21.9418004069582 3 0 0 
0 50 8.4 1 0.383064516129032 0.34758064516129 25.103891263801 3 0 0 
1 60 8 1 0.375 0.452620967741936 27.8139173970023 3 0 0 
0 60 8.4 1 0.375 0.437096774193548 31.1662160543702 3 0 0 
1 70 8 1 0.380846774193548 0.492741935483871 36.0120747248891 3 0 0 
0 70 8.4 1 0.385887096774194 0.465322580645161 29.9367955593539 3 0 0 
1 80 8 1 0.467375366568915 0.501612903225806 32.6334965609766 3 0 0 
0 80 8.4 1 0.482862903225806 0.475 30.8188225253312 3 0 0 
1 90 8 1 0.396401985111663 0.489516129032258 35.7159523496393 3 0 0 
0 90 8.4 1 0.426958525345622 0.44758064516129 34.7438668762582 3 0 0 
1 100 8 1 0.392857142857143 0.482258064516129 37.6323843833111 3 -1 0 
0 100 8.4 2 0.4375 0.483870967741936 35.7788849319702 3 1 0 
1 110 8 2 0.461895161290323 0.451612903225806 39.6539006222295 3 0 0 
0 110 8.4 2 0.469913151364764 0.475806451612903 33.46027044379 3 0 0 
1 120 8 2 0.405017921146953 0.479032258064516 35.0009878649688 3 0 0 
0 120 8.4 2 0.423639112903226 0.467741935483871 35.5196202812457 3 0 0 
1 130 8 2 0.373655913978495 0.460483870967742 33.6437908180893 3 0 0 
0 130 8.4 2 0.430947580645161 0.465322580645161 34.7440154657331 3 0 0 
1 140 8 2 0.460685483870968 0.462096774193548 32.8790710428942 3 0 0 
0 140 8.4 2 0.477299880525687 0.483870967741936 22.3462185466311 3 0 0 
1 150 8 3 0.394993279569892 0.461290322580645 25.5467821372668 3 0 0 
0 150 8.4 3 0.397903225806452 0.463709677419355 23.0959550697919 3 0 0 
1 160 8 3 0.408660589060309 0.485483870967742 23.8444072194148 3 0 0 
0 160 8.4 3 0.443731671554252 0.456451612903226 30.1315548551762 3 0 0 
1 170 8 4 0.456935483870968 0.476612903225806 39.1356639148068 3 1 0 
0 170 8.4 3 0.476736972704715 0.483870967741936 17.176157926218 3 -1 0 
1 180 8 4 0.430695564516129 0.460483870967742 31.8271552268803 3 0 0 
0 180 8.4 4 0.391612903225807 0.503225806451613 22.7862729228463 3 0 0 
1 190 8 4 0.415673211781206 0.466935483870968 34.7071325698052 3 0 0 
0 190 8.4 4 0.433380084151473 0.491935483870968 22.4056602414729 3 0 0 
1 200 8 4 0.463089330024814 0.481451612903226 32.199164652554 3 -1 0 
0 200 8.4 5 0.469132369299221 0.493548387096774 23.430820770808 3 1 0 
1 210 8 5 0.430478309232481 0.481451612903226 37.5848283650041 3 0 0 
0 210 8.4 5 0.414874551971326 0.494959677419355 36.5743006818887 3 0 0 
1 220 8 5 0.431129032258065 0.457258064516129 34.6390848057333 3 0 0 
0 220 8.4 5 0.416282642089094 0.466733870967742 38.481695723146 3 0 0 
1 230 8 6 0.487282878411911 0.501612903225806 32.7065318256246 3 1 0 
0 230 8.4 5 0.463997695852535 0.4 44.0682816330996 3 -1 0 
1 240 8 6 0.448588709677419 0.505645161290323 32.5573860695682 3 0 0 
0 240 8.4 6 0.387903225806452 0.40625 37.7762704448024 3 0 0 
1 250 8 6 0.436774193548387 0.448387096774194 41.4643471142984 3 0 0 
0 250 8.4 6 0.392338709677419 0.450604838709677 36.2392827082717 3 0 0 
1 260 8 6 0.490120967741935 0.458870967741935 36.8879429119135 3 0 0 
0 260 8.4 6 0.482661290322581 0.395161290322581 45.1620228932928 3 0 0 
1 270 8 7 0.432285873192436 0.489516129032258 32.2494128573263 3 1 0 
0 270 8.4 6 0.392258064516129 0.425 37.0324536631178 3 -1 0 
1 280 8 7 0.418010752688172 0.517741935483871 32.2384315944434 3 1 0 
0 280 8.4 6 0.379765395894428 0.449193548387097 30.534753153418 3 -1 0 
1 290 8 7 0.487691001697793 0.473387096774194 27.9661182005507 3 0 0 
0 290 8.4 7 0.453473945409429 0.437903225806452 34.1350632659569 3 0 0 
1 300 8 7 0.417143600416233 0.467741935483871 30.3927481872833 3 0 0 
0 300 8.4 7 0.415322580645161 0.429435483870968 42.2600384175735 3 0 0 
1 310 8 7 0.402173913043478 0.379838709677419 34.8651243292522 3 0 0 
0 310 8.4 7 0.428614097968937 0.464717741935484 38.5183320584866 3 0 0 
1 320 8 8 0.478739002932551 0.432258064516129 22.4732461202439 3 1 0 
0 320 8.4 7 0.481048387096774 0.407258064516129 36.8951658499405 3 -1 0 
1 330 8 8 0.394937275985663 0.481451612903226 12.2240579644348 3 1 0 
0 330 8.4 7 0.430028462998102 0.408266129032258 30.6473735045858 3 -1 0 
1 340 8 8 0.374596774193548 0.526612903225806 4.65200594974041 3 1 0 
0 340 8.4 7 0.428660049627792 0.423387096774194 8.64498375352892 3 -1 0 
1 350 8 8 0.453747628083491 0.508870967741936 6.30793125861646 3 1 0 
0 350 8.4 7 0.494677419354839 0.355645161290323 33.2090190300425 3 -1 0 
1 360 8 8 0.403064516129032 0.524193548387097 8.64936363484791 3 0 0 
0 360 8.4 8 0.428152492668622 0.379838709677419 24.7256194718694 3 0 0 
1 370 8 8 0.382296466973886 0.505645161290323 8.76669296596828 3 0 0 
0 370 8.4 8 0.401026392961877 0.387096774193548 19.2310199069809 3 0 0 
1 380 8 9 0.461876832844575 0.505645161290323 6.01422797733055 3 1 0 
0 380 8.4 8 0.495199692780338 0.390322580645161 20.8302394455134 3 -1 0 
1 390 8 9 0.42023141654979 0.507258064516129 11.7176013739688 3 1 0 
0 390 8.4 8 0.42486559139785 0.364516129032258 21.0658592197227 3 -1 0 
1 400 8 9 0.407608695652174 0.476612903225806 20.8604573851281 3 1 0 
0 400 8.4 8 0.38594470046083 0.336290322580645 26.9488995186463 3 -1 0 
1 410 8 10 0.459040747028862 0.5 14.87900967255 3 2 0 
0 410 8.4 8 0.456730769230769 0.425403225806452 6.10468359285178 3 -2 0 
1 420 8 10 0.439205955334988 0.461290322580645 5.95618452141996 3 2 0 
0 420 8.4 8 0.415712799167534 0.486895161290323 3.57733908757799 3 -2 0 
1 430 8 10 0.408835904628331 0.463709677419355 8.20746335562399 3 2 0 
0 430 8.4 8 0.394201228878648 0.404032258064516 28.7043642398548 3 -2 0 
1 440 8 10 0.458501344086022 0.531451612903226 18.9013809892005 3 2 0 
0 440 8.4 8 0.466229838709677 0.391129032258065 20.9394816888868 3 -2 0 
1 450 8 10 0.437903225806452 0.479838709677419 29.0896991946986 3 1 0 
0 450 8.4 9 0.393232819074334 0.396774193548387 5.32289871879083 3 -1 0 
1 460 8 11 0.457730812013348 0.389516129032258 36.8560638746012 3 2 0 
0 460 8.4 9 0.377199413489736 0.405645161290323 9.4283625394452 3 -2 0 
1 470 8 11 0.521505376344086 0.440322580645161 35.3809586208524 3 2 0 
0 470 8.4 9 0.438004032258065 0.411290322580645 4.31587931230422 3 -2 0 
1 480 8 11 0.45030834914611 0.462096774193548 35.6628455279936 3 2 0 
0 480 8.4 9 0.379992319508449 0.441935483870968 10.5786414107763 3 -2 0 
1 490 8 11 0.409879032258065 0.493548387096774 30.9653832852264 3 2 0 
0 490 8.4 9 0.386693548387097 0.457258064516129 7.50396896096183 3 -2 0 
1 500 8 11 0.489831697054698 0.476612903225806 27.0180679607973 3 2 0 
0 500 8.4 9 0.460797491039427 0.436290322580645 7.56229228290123 3 -2 0 
1 510 8 11 0.459803427419355 0.508064516129032 30.9719537396048 3 2 0 
0 510 8.4 9 0.375 0.461290322580645 9.73232156194291 3 -2 0 
1 520 8 11 0.448821339950372 0.479838709677419 21.4715918973909 3 1 0 
0 520 8.4 10 0.384530791788856 0.449193548387097 12.1236995605176 3 -1 0 
1 530 8 11 0.477910238429173 0.484879032258065 9.792678017962 3 1 0 
0 530 8.4 10 0.452895894428152 0.454838709677419 20.7784148956994 3 -1 0 
1 540 8 12 0.435483870967742 0.393817204301075 56.5749108681382 3 1 0 
0 540 8.4 11 0.401935483870968 0.495967741935484 21.1329360517221 3 -1 0 
1 550 8 12 0.418906810035842 0.426075268817204 42.3998735762302 3 1 0 
0 550 8.4 11 0.398185483870968 0.474193548387097 29.9504892209574 3 -1 0 
1 560 8 12 0.486559139784946 0.377688172043011 27.8239283781158 3 1 0 
0 560 8.4 11 0.44758064516129 0.481451612903226 41.0777404752352 3 -1 0 
1 570 8 12 0.454193548387097 0.319354838709677 39.7642677022061 3 1 0 
0 570 8.4 11 0.462539021852237 0.499193548387097 41.6708666301281 3 -1 0 
1 580 8 12 0.423570381231672 0.4 28.9253780314242 3 0 0 
0 580 8.4 12 0.447903225806452 0.475 41.3535592480906 3 0 0 
1 590 8 12 0.480846774193548 0.518548387096774 13.125091463569 3 0 0 
0 590 8.4 12 0.458274894810659 0.475806451612903 25.611532288651 3 0 0 
1 600 8 12 0.430241935483871 0.500806451612903 13.5949076468124 3 0 0 
0 600 8.4 12 0.483626588465298 0.432459677419355 22.9657448455441 3 0 0 
1 610 8 13 0.379456706281834 0.492741935483871 16.0512762522758 3 1 0 
0 610 8.4 12 0.448732718894009 0.383064516129032 13.9244530913363 3 -1 0 
1 620 8 13 0.412634408602151 0.458870967741935 19.6519819621122 3 1 0 
0 620 8.4 12 0.485439068100358 0.313709677419355 18.9563800997702 3 -1 0 
1 630 8 13 0.419885398981324 0.418548387096774 15.9133459472858 3 1 0 
0 630 8.4 12 0.430049088359046 0.415322580645161 16.6693312569973 3 -1 0 
1 640 8 13 0.411290322580645 0.429838709677419 19.1974524298513 3 1 0 
0 640 8.4 12 0.400729646697389 0.463709677419355 4.17026563037246 3 -1 0 
1 650 8 13 0.45794930875576 0.404838709677419 19.2199629927219 3 1 0 
0 650 8.4 12 0.455278592375367 0.501612903225806 6.59796464675045 3 -1 0 
1 660 8 13 0.412130376344086 0.381451612903226 7.07114141190084 3 0 0 
0 660 8.4 13 0.42244623655914 0.566129032258065 4.30586973155269 3 0 0 
1 670 8 13 0.409354838709677 0.445564516129032 5.05915007505661 3 0 0 
0 670 8.4 13 0.418478260869565 0.520161290322581 5.08268148892998 3 0 0 
1 680 8 13 0.445476858345021 0.497983870967742 14.0726583384182 3 0 0 
0 680 8.4 13 0.490255376344086 0.485483870967742 12.0358324658528 3 0 0 
1 690 8 13 0.424423963133641 0.325268817204301 26.7995306342268 3 0 0 
0 690 8.4 13 0.444424964936886 0.469354838709677 28.9335300007641 3 0 0 
1 700 8 14 0.446329254727475 0.329301075268817 32.2108591296016 3 1 0 
0 700 8.4 13 0.453698553948832 0.443548387096774 22.5889296544439 3 -1 0 
1 710 8 14 0.517356241234222 0.293010752688172 34.6871905858296 3 0 0 
0 710 8.4 14 0.481998847926267 0.472782258064516 22.6518634655566 3 0 0 
1 720 8 14 0.514247311827957 0.380040322580645 47.7980782286103 3 0 0 
0 720 8.4 14 0.455757168458781 0.492943548387097 26.0247225904214 3 0 0 
1 730 8 14 0.489369501466276 0.485887096774194 45.8148317566602 3 0 0 
0 730 8.4 14 0.429301075268817 0.526209677419355 32.1476079697573 3 0 0 
1 740 8 14 0.537819799777531 0.485887096774194 26.9665194785722 3 0 0 
0 740 8.4 14 0.462141577060932 0.532258064516129 26.8712056744377 3 0 0 
1 750 8 15 0.463859020310633 0.383870967741936 28.7116164468494 3 1 0 
0 750 8.4 14 0.399054505005562 0.336693548387097 54.9046334703995 3 -1 0 
1 760 8 15 0.457986472424558 0.415322580645161 31.1444914735745 3 1 0 
0 760 8.4 14 0.437298387096774 0.327620967741936 31.1054195701065 3 -1 0 
1 770 8 15 0.487292277614858 0.380645161290323 31.346891822533 3 0 0 
0 770 8.4 15 0.45676523297491 0.359677419354839 34.051908948507 3 0 0 
1 780 8 15 0.444615749525617 0.357258064516129 24.9477108671363 3 0 0 
0 780 8.4 15 0.372800586510264 0.456451612903226 29.022712740682 3 0 0 
1 790 8 15 0.446184863523573 0.313172043010753 25.2694132549262 3 0 0 
0 790 8.4 15 0.392741935483871 0.481451612903226 13.2081441389698 3 0 0 
1 800 8 16 0.482825567502987 0.336693548387097 16.7705098312484 3 0 0 
0 800 8.4 16 0.41973886328725 0.554435483870968 11.2341301808134 3 0 0 
1 810 8 16 0.445836965998256 0.403225806451613 7.82623792124926 3 0 0 
0 810 8.4 16 0.395545314900154 0.54133064516129 5.49997806217268 3 0 0 
1 820 8 16 0.532732447817837 0.423387096774194 3.64005494464026 3 0 0 
0 820 8.4 16 0.501764112903226 0.483870967741936 26.324963478081 3 0 0 
1 830 8 16 0.605062724014337 0.176411290322581 21.3869080590067 3 0 0 
0 830 8.4 16 0.574596774193548 0.508064516129032 26.0775626288436 3 0 0 
1 840 8 16 0.387622720897616 0.207258064516129 18.3921747075118 3 -1 0 
0 840 8.4 17 0.448387096774194 0.498387096774194 56.2683527432333 3 1 0 
1 850 8 16 0.401433691756272 0.270967741935484 15.8607104885086 3 -1 0 
0 850 8.4 17 0.493727598566308 0.491129032258064 48.4221778296684 3 1 0 
1 860 8 16 0.468637992831541 0.403225806451613 13.3333642189871 3 -1 0 
0 860 8.4 17 0.540322580645161 0.476612903225806 10.2615002491612 3 1 0 
1 870 8 17 0.374534739454094 0.48991935483871 4.61266064852602 3 0 0 
0 870 8.4 17 0.490207373271889 0.481854838709677 5.59016994374947 3 0 0 
1 880 8 17 0.413018433179724 0.493951612903226 21.7742855570566 3 0 0 
0 880 8.4 17 0.450062034739454 0.403225806451613 4.12310562561766 3 0 0 
1 890 8 17 0.487903225806452 0.561491935483871 9.80096143049809 3 0 0 
0 890 8.4 17 0.581265508684864 0.225806451612903 17.585505395069 3 0 0 
1 900 8 17 0.427297165200391 0.636088709677419 13.3953200678936 3 0 0 
0 900 8.4 17 0.439684139784946 0.25 19.6468827043885 3 0 0 
1 910 8 17 0.464969758064516 0.599798387096774 13.5990212615049 3 0 0 
0 910 8.4 17 0.444295101553166 0.368951612903226 3.35410196624968 3 0 0 
1 920 8 17 0.517137096774194 0.523387096774194 29.8510149036909 3 0 0 
0 920 8.4 17 0.533218125960061 0.298387096774194 26.9693674936106 3 0 0 
1 930 8 17 0.410900104058273 0.499193548387097 16.2939672215941 3 0 0 
0 930 8.4 17 0.449452764976959 0.27258064516129 17.7347585776895 3 0 0 
1 940 8 18 0.450076804915515 0.513709677419355 12.5828660261494 3 1 0 
0 940 8.4 17 0.451780913978495 0.382258064516129 32.5427649366586 3 -1 0 
1 950 8 18 0.478046594982079 0.532258064516129 7.08756828809564 3 0 0 
0 950 8.4 18 0.512432795698925 0.460483870967742 41.1488430533592 3 0 0 
1 960 8 18 0.352753058954394 0.535483870967742 6.15933240285702 3 0 0 
0 960 8.4 18 0.451857282502444 0.485215053763441 54.966115796959 3 0 0 
1 970 8 19 0.361507444168735 0.545161290322581 4.67703903884672 3 1 0 
0 970 8.4 18 0.43239247311828 0.453629032258065 61.7454451761423 3 -1 0 
1 980 8 19 0.456541218637993 0.550806451612903 14.5260387667896 3 1 0 
0 980 8.4 18 0.533410138248848 0.354838709677419 57.3061951275776 3 -1 0 
1 990 8 19 0.437434963579605 0.416935483870968 25.8357418173924 2 1 -1 
0 990 8.4 18 0.440860215053763 0.328629032258065 62.0423242633607 3 -1 1 
1 1000 8 19 0.397942157953281 0.419354838709677 30.9098861948742 2 1 -1 
0 1000 8.4 18 0.424263674614306 0.338709677419355 43.4885042281291 3 -1 1 
1 1010 8 19 0.374288425047438 0.391129032258065 26.7039830662047 2 1 -1 
0 1010 8.4 18 0.457258064516129 0.259408602150538 33.5622001689331 3 -1 1 
1 1020 8 19 0.419578853046595 0.379838709677419 27.0138727829653 2 0 -1 
0 1020 8.4 19 0.453976640711902 0.229032258064516 31.4272219438392 3 0 1 
1 1030 8 19 0.425728407908429 0.457258064516129 21.5507165937554 2 0 -1 
0 1030 8.4 19 0.383797653958944 0.284677419354839 39.2238889241417 3 0 1 
1 1040 8 19 0.506888440860215 0.52741935483871 6.36115437963263 2 0 -1 
0 1040 8.4 19 0.440725806451613 0.386290322580645 20.5468223606095 3 0 1 
1 1050 8 20 0.470918866080156 0.465322580645161 23.1186370204783 2 1 -1 
0 1050 8.4 19 0.367851906158358 0.414516129032258 7.10884779550159 3 -1 1 
1 1060 8 20 0.444521690767519 0.42258064516129 26.1874325123949 2 1 -1 
0 1060 8.4 19 0.379896313364055 0.451612903225806 11.7188568147659 3 -1 1 
1 1070 8 20 0.537166900420757 0.495161290322581 21.4642474164107 2 1 -1 
0 1070 8.4 19 0.450426944971537 0.393548387096774 13.2066039683828 3 -1 1 
1 1080 8 20 0.497639653815893 0.576612903225806 6.69589543745308 2 1 -1 
0 1080 8.4 19 0.383064516129032 0.354032258064516 8.18160771006713 3 -1 1 
1 1090 8 20 0.545655567117586 0.64758064516129 5.94327202547777 2 1 -1 
0 1090 8.4 19 0.417842741935484 0.272177419354839 18.8726352763522 3 -1 1 
1 1100 8 20 0.60573476702509 0.562096774193548 10.0267179918772 2 1 0 
0 1100 8.4 19 0.41960685483871 0.254032258064516 15.4358720180929 2 -1 0 
1 1110 8 20 0.504158266129032 0.508870967741936 17.4407865492888 2 1 0 
0 1110 8.4 19 0.408900836320191 0.243951612903226 5.3349596881097 2 -1 0 
1 1120 8 20 0.447890818858561 0.492741935483871 18.5067097208529 2 1 0 
0 1120 8.4 19 0.450268817204301 0.317540322580645 3.73020270936923 2 -1 0 
1 1130 8 20 0.488459399332592 0.479032258064516 15.8215023376543 2 0 0 
0 1130 8.4 20 0.494239631336406 0.469758064516129 4.01148810985708 2 0 0 
1 1140 8 20 0.476736972704715 0.516935483870968 10.2163561879349 2 0 0 
0 1140 8.4 20 0.469354838709677 0.473118279569893 11.1103582704794 2 0 0 
1 1150 8 21 0.540322580645161 0.54133064516129 19.0110177686721 2 1 1 
0 1150 8.4 20 0.514336917562724 0.348790322580645 37.0471016271499 1 -1 -1 
1 1160 8 21 0.526418242491657 0.57258064516129 11.8359008735761 2 1 1 
0 1160 8.4 20 0.581653225806452 0.310483870967742 39.1434698383648 1 -1 -1 
1 1170 8 21 0.480884109916368 0.551411290322581 11.2132552735168 2 1 1 
0 1170 8.4 20 0.528122415219189 0.336693548387097 19.0065778087482 1 -1 -1 
1 1180 8 21 0.450537634408602 0.513104838709677 12.2896009858394 2 1 1 
0 1180 8.4 20 0.457661290322581 0.399193548387097 27.0416345659799 1 -1 -1 
1 1190 8 21 0.617943548387097 0.551411290322581 15.0535867838459 2 1 1 
0 1190 8.4 20 0.566308243727599 0.461693548387097 43.9004555785017 1 -1 -1 
1 1200 8 21 0.398573200992556 0.535282258064516 27.4160278498143 2 0 1 
0 1200 8.4 21 0.496941045606229 0.512096774193548 47.5078940808788 1 0 -1 
1 1210 8 21 0.484627016129032 0.51008064516129 32.6475625117391 2 0 1 
0 1210 8.4 21 0.573106591865358 0.395161290322581 51.1493500507785 1 0 -1 
1 1220 8 21 0.572356630824373 0.358870967741936 29.5998846224004 2 0 1 
0 1220 8.4 21 0.622370266479663 0.201612903225806 17.2699160391705 1 0 -1 
1 1230 8 22 0.424853372434018 0.370967741935484 22.4892320703324 2 1 1 
0 1230 8.4 21 0.504733520336606 0.344086021505376 27.5089229214541 1 -1 -1 
1 1240 8 22 0.462011884550085 0.420161290322581 19.3194224771641 2 1 1 
0 1240 8.4 21 0.467030360531309 0.346774193548387 28.1117912168212 1 -1 -1 
1 1250 8 22 0.509992987377279 0.529233870967742 10.1140175052583 2 1 1 
0 1250 8.4 21 0.543850806451613 0.390120967741936 25.5867924180685 1 -1 -1 
1 1260 8 22 0.451836917562724 0.598790322580645 6.37867806483942 2 1 1 
0 1260 8.4 21 0.437344913151365 0.314516129032258 5.45503937152894 1 -1 -1 
1 1270 8 22 0.556802244039271 0.615927419354839 7.05580793456045 2 1 1 
0 1270 8.4 21 0.475169779286927 0.329301075268817 4.06454970900351 1 -1 -1 
1 1280 8 22 0.623914392059553 0.554435483870968 16.5559492710113 2 1 1 
0 1280 8.4 21 0.620037220843673 0.248991935483871 18.628853367186 1 -1 -1 
1 1290 8 22 0.452332949308756 0.505040322580645 4.45201185373554 2 1 1 
0 1290 8.4 21 0.488623271889401 0.30241935483871 16.8609206398513 1 -1 -1 
1 1300 8 22 0.413306451612903 0.510752688172043 6.90680412199675 2 1 1 
0 1300 8.4 21 0.448252688172043 0.379032258064516 29.3291373227394 1 -1 -1 
1 1310 8 22 0.5 0.521505376344086 2.69991704006574 2 1 1 
0 1310 8.4 21 0.470843672456576 0.403225806451613 0 1 -1 -1 
1 1320 8 22 0.404396462018731 0.425403225806452 42.4662551048324 2 1 1 
0 1320 8.4 21 0.420932678821879 0.42741935483871 0 1 -1 -1 
1 1330 8 22 0.42741935483871 0.30241935483871 44.5913091799105 2 1 1 
0 1330 8.4 21 0.423835125448029 0.288306451612903 43.3416658655387 1 -1 -1 
1 1340 8 22 0.553175403225806 0.411290322580645 24.1121313970548 2 1 2 
0 1340 8.4 21 0.443836405529954 0.284274193548387 32.9279516520539 0 -1 -2 
1 1350 8 23 0.509072580645161 0.52116935483871 14.7730452192616 2 2 2 
0 1350 8.4 21 0.381935483870968 0.213709677419355 15.305227865014 0 -2 -2 
1 1360 8 23 0.617511520737327 0.574596774193548 29.8267003908845 2 1 2 
0 1360 8.4 22 0.45124633431085 0.284274193548387 22.6991189256323 0 -1 -2 
1 1370 8 23 0.661910669975186 0.608870967741936 45.2197131909696 2 1 2 
0 1370 8.4 22 0.466532258064516 0.320564516129032 32.2374006396297 0 -1 -2 
