1 30 8.2 1 NaN 0.325 29.2050905661229 2 0 0 
0 30 6.8 1 NaN 0.221774193548387 19.9806684199028 2 0 0 
1 40 8.2 1 NaN 0.337903225806452 32.68184901083 2 0 0 
0 40 6.8 1 NaN 0.283266129032258 15.3528472855691 2 0 0 
1 50 8.2 1 0.395161290322581 0.383064516129032 37.1388386861581 2 0 0 
0 50 6.8 1 0.383064516129032 0.357862903225806 24.4162792256573 2 0 0 
1 60 8.2 1 0.383064516129032 0.471774193548387 38.9040824052535 2 0 0 
0 60 6.8 1 0.383064516129032 0.486559139784946 32.7525060480925 2 0 0 
1 70 8.2 1 0.391705069124424 0.460483870967742 36.6563310899395 2 0 0 
0 70 6.8 1 0.390508684863524 0.478110599078341 39.0839985725203 2 0 0 
1 80 8.2 1 0.489516129032258 0.475 39.8481000867754 2 0 0 
0 80 6.8 1 0.472110215053763 0.475134408602151 43.2264829243983 2 0 0 
1 90 8.2 1 0.392741935483871 0.5 41.8566650786321 2 0 0 
0 90 6.8 1 0.392641129032258 0.428763440860215 39.1637478798134 2 0 0 
1 100 8.2 1 0.402073732718894 0.514112903225806 37.6689746708382 2 0 0 
0 100 6.8 1 0.399481566820277 0.429147465437788 41.3252326715495 2 0 0 
1 110 8.2 2 0.48494623655914 0.408870967741935 49.3280785067044 2 0 0 
0 110 6.8 2 0.463709677419355 0.438940092165899 43.5901663146906 2 0 0 
1 120 8.2 2 0.405360531309298 0.453225806451613 43.7021902170086 2 0 0 
0 120 6.8 2 0.407034050179212 0.468548387096774 25.9025845098746 2 0 0 
1 130 8.2 2 0.399529569892473 0.49758064516129 38.6246525557141 2 0 0 
0 130 6.8 2 0.424098671726755 0.431451612903226 32.2880969994341 2 0 0 
1 140 8.2 2 0.465725806451613 0.504032258064516 38.3374990180799 2 0 0 
0 140 6.8 2 0.45497311827957 0.436290322580645 36.5307607799078 2 0 0 
1 150 8.2 3 0.402217741935484 0.438709677419355 37.1097499645748 2 0 0 
0 150 6.8 3 0.416890681003584 0.476814516129032 39.0668574844048 2 0 0 
1 160 8.2 3 0.416935483870968 0.453225806451613 32.1209916380822 2 0 0 
0 160 6.8 3 0.415034562211982 0.493951612903226 37.5455460390478 2 0 0 
1 170 8.2 4 0.482430875576037 0.485483870967742 27.7896027335969 2 1 0 
0 170 6.8 3 0.484181141439206 0.433755760368664 39.5178038727438 2 -1 0 
1 180 8.2 4 0.405913978494624 0.487096774193548 28.0960574710999 2 1 0 
0 180 6.8 3 0.396601382488479 0.476958525345622 37.5683214469022 2 -1 0 
1 190 8.2 4 0.440591397849462 0.498387096774194 29.6760570706116 2 1 0 
0 190 6.8 3 0.383064516129032 0.480510752688172 23.6289437685843 2 -1 0 
1 200 8.2 4 0.513957816377171 0.472782258064516 31.8913448721169 2 0 0 
0 200 6.8 4 0.457997311827957 0.497983870967742 19.5177292894485 2 0 0 
1 210 8.2 4 0.418458781362007 0.429435483870968 31.3782682404736 2 0 0 
0 210 6.8 4 0.389705882352941 0.485215053763441 16.059880191394 2 0 0 
1 220 8.2 5 0.40625 0.387096774193548 33.7427144976712 2 1 0 
0 220 6.8 4 0.391129032258065 0.445564516129032 26.2955007285185 2 -1 0 
1 230 8.2 5 0.481699751861042 0.387096774193548 17.2220114233551 2 0 0 
0 230 6.8 5 0.490322580645161 0.493951612903226 17.5732908997951 2 0 0 
1 240 8.2 5 0.400379506641366 0.370161290322581 25.3135579813231 2 0 0 
0 240 6.8 5 0.416808149405773 0.48991935483871 25.7057009900359 2 0 0 
1 250 8.2 5 0.389784946236559 0.33736559139785 23.4545201155332 2 -1 0 
0 250 6.8 6 0.383064516129032 0.52258064516129 11.7629747155536 2 1 0 
1 260 8.2 6 0.479838709677419 0.393145161290323 6.80073525436772 2 0 0 
0 260 6.8 6 0.462269585253456 0.422043010752688 29.6610118216559 2 0 0 
1 270 8.2 6 0.422837243401759 0.248991935483871 28.92356319777 2 0 0 
0 270 6.8 6 0.39616935483871 0.365591397849462 37.5770937447965 2 0 0 
1 280 8.2 6 0.419354838709677 0.350806451612903 36.7181330361468 2 0 0 
0 280 6.8 6 0.42925219941349 0.418202764976959 31.1191747265683 2 0 0 
1 290 8.2 6 0.487903225806452 0.420967741935484 29.7896259700411 2 0 0 
0 290 6.8 6 0.455357142857143 0.454493087557604 22.5120069639579 2 0 0 
1 300 8.2 6 0.445014662756598 0.470967741935484 28.3360065949909 2 -1 0 
0 300 6.8 7 0.383064516129032 0.429723502304148 20.1053885722943 2 1 0 
1 310 8.2 6 0.442362428842505 0.529032258064516 27.1490639098614 2 -1 0 
0 310 6.8 7 0.389112903225806 0.433755760368664 20.7606769809386 2 1 0 
1 320 8.2 7 0.525744416873449 0.549193548387097 26.4130386036853 2 0 0 
0 320 6.8 7 0.444281524926686 0.456221198156682 24.6836033582323 2 0 0 
1 330 8.2 7 0.39616935483871 0.529233870967742 35.2676660069791 2 0 0 
0 330 6.8 7 0.396673387096774 0.473502304147465 42.8982332715144 2 0 0 
1 340 8.2 7 0.383064516129032 0.484879032258065 28.1089813187119 2 -1 0 
0 340 6.8 8 0.390591397849462 0.491359447004608 47.716688561978 2 1 0 
1 350 8.2 7 0.47244623655914 0.386290322580645 37.6325457508422 2 -1 0 
0 350 6.8 8 0.496543778801843 0.486751152073733 50.8599291987846 2 1 0 
1 360 8.2 7 0.398481973434535 0.386290322580645 34.3253338203126 2 -1 0 
0 360 6.8 8 0.440432551319648 0.517857142857143 45.9309180155839 2 1 0 
1 370 8.2 7 0.392679900744417 0.395161290322581 31.5800255913603 2 -1 0 
0 370 6.8 8 0.430191532258065 0.519009216589862 42.5834180043496 2 1 0 
1 380 8.2 8 0.473118279569892 0.462096774193548 39.8448903314988 2 0 0 
0 380 6.8 8 0.473908918406072 0.465437788018433 41.2836825258747 2 0 0 
1 390 8.2 8 0.434634974533107 0.487903225806452 41.8595834877625 2 -1 0 
0 390 6.8 9 0.416186635944701 0.444124423963134 47.8255590024155 2 1 0 
1 400 8.2 8 0.395698924731183 0.535483870967742 40.5707122086617 2 -1 0 
0 400 6.8 9 0.408986175115207 0.430875576036866 44.1316079138664 2 1 0 
1 410 8.2 8 0.507056451612903 0.548387096774194 38.2853012235865 2 -1 0 
0 410 6.8 9 0.449092741935484 0.425403225806452 28.107934696013 2 1 0 
1 420 8.2 8 0.445852534562212 0.481182795698925 41.2159033523484 2 -1 0 
0 420 6.8 9 0.394657258064516 0.446908602150538 22.5371118536977 2 1 0 
1 430 8.2 9 0.415322580645161 0.483870967741936 16.7705098312484 2 -1 0 
0 430 6.8 10 0.389976958525346 0.475 28.6070721127876 2 1 0 
1 440 8.2 9 0.501152073732719 0.206989247311828 23.6770223719637 2 -1 0 
0 440 6.8 10 0.474366359447005 0.499193548387097 3.28672250430927 2 1 0 
1 450 8.2 9 0.383064516129032 0.307795698924731 19.1948991680426 2 -1 0 
0 450 6.8 10 0.414938556067588 0.550806451612903 3.19445677051262 2 1 0 
1 460 8.2 9 0.390322580645161 0.369354838709677 27.2605311561378 2 -1 0 
0 460 6.8 10 0.395161290322581 0.452188940092166 23.8099500088577 2 1 0 
1 470 8.2 9 0.494239631336406 0.37741935483871 25.9588143492681 2 -1 0 
0 470 6.8 10 0.482795698924731 0.438940092165899 19.1524902457918 2 1 0 
1 480 8.2 9 0.395161290322581 0.451612903225806 11.4579303713563 2 -1 0 
0 480 6.8 10 0.422685834502104 0.492511520737327 9.83582663841816 2 1 0 
1 490 8.2 9 0.383064516129032 0.441532258064516 10.2124954447614 2 -1 0 
0 490 6.8 10 0.415110356536503 0.568548387096774 14.9407243892453 2 1 0 
1 500 8.2 10 0.474706744868035 0.442204301075269 11.0201617842775 2 -1 0 
0 500 6.8 11 0.488508064516129 0.540322580645161 14.4308696896618 2 1 0 
1 510 8.2 10 0.383064516129032 0.376008064516129 33.4809380821791 2 -1 0 
0 510 6.8 11 0.465581797235023 0.26747311827957 39.3020411376183 2 1 0 
1 520 8.2 10 0.383995037220844 0.434475806451613 21.9794140120289 2 -1 0 
0 520 6.8 11 0.463709677419355 0.278225806451613 20.8756954057156 2 1 0 
1 530 8.2 11 0.47614247311828 0.405645161290323 28.4071877801446 2 0 0 
0 530 6.8 11 0.505568356374808 0.402217741935484 17.3846834347049 2 0 0 
1 540 8.2 11 0.449596774193548 0.435483870967742 18.1113517953385 2 0 0 
0 540 6.8 11 0.426192145862553 0.515322580645161 9.20007080170788 2 0 0 
1 550 8.2 11 0.448641765704584 0.463709677419355 22.9537534704636 2 0 0 
0 550 6.8 11 0.377122241086587 0.521313364055299 12.4316492071766 2 0 0 
1 560 8.2 11 0.568324372759857 0.47883064516129 21.5070865074011 2 0 0 
0 560 6.8 11 0.428987455197133 0.509677419354839 4.77067764052065 2 0 0 
1 570 8.2 12 0.503064516129032 0.543010752688172 26.3968056898901 2 1 0 
0 570 6.8 11 0.363911290322581 0.523387096774194 3.73593833473782 2 -1 0 
1 580 8.2 12 0.546129032258065 0.477150537634409 47.1003572998281 2 0 0 
0 580 6.8 12 0.335215053763441 0.369623655913978 3.65625204564209 2 0 0 
1 590 8.2 13 0.60741935483871 0.481182795698925 39.6979283038747 2 1 0 
0 590 6.8 12 0.393279569892473 0.288709677419355 24.8394927883685 2 -1 0 
1 600 8.2 13 0.508225806451613 0.33736559139785 36.4705873917123 2 1 0 
0 600 6.8 12 0.370463709677419 0.265322580645161 7.18663555877903 2 -1 0 
1 610 8.2 13 0.422127016129032 0.332661290322581 28.755954950269 2 1 0 
0 610 6.8 12 0.436491935483871 0.320852534562212 31.3391538881028 2 -1 0 
1 620 8.2 13 0.485215053763441 0.386088709677419 11.5447464434248 2 0 0 
0 620 6.8 13 0.562903225806452 0.434907834101383 9.91535776550702 2 0 0 
1 630 8.2 13 0.401965725806452 0.355645161290323 25.0935807067286 2 0 0 
0 630 6.8 13 0.426944971537002 0.544930875576037 10.6677798617791 2 0 0 
1 640 8.2 13 0.42741935483871 0.384677419354839 28.4426853796454 2 0 0 
0 640 6.8 13 0.419354838709677 0.575460829493088 6.32490513671812 2 0 0 
1 650 8.2 13 0.566532258064516 0.429032258064516 29.7254905023395 2 0 0 
0 650 6.8 13 0.464573732718894 0.565092165898618 4.57878431640672 2 0 0 
1 660 8.2 14 0.470307917888563 0.393145161290323 43.2908680429528 2 1 0 
0 660 6.8 13 0.436491935483871 0.539314516129032 4.84053389509037 2 -1 0 
1 670 8.2 14 0.435483870967742 0.441532258064516 39.1545550741321 2 0 0 
0 670 6.8 14 0.402721774193548 0.582661290322581 5.4163863859036 2 0 0 
1 680 8.2 14 0.588306451612903 0.43010752688172 45.615995576943 2 0 0 
0 680 6.8 14 0.607358870967742 0.621975806451613 9.05209290542618 2 0 0 
1 690 8.2 14 0.466301843317972 0.487903225806452 60.5392434706612 2 0 0 
0 690 6.8 14 0.427803379416283 0.668548387096774 4.94140857012048 2 0 0 
1 700 8.2 15 0.370967741935484 0.380376344086022 61.2469935196227 2 0 0 
0 700 6.8 15 0.413123167155425 0.534274193548387 43.1524129523859 2 0 0 
1 710 8.2 15 0.604838709677419 0.390120967741936 41.3290560018077 2 0 0 
0 710 6.8 15 0.517338709677419 0.467741935483871 46.8621407890955 2 0 0 
1 720 8.2 15 0.456989247311828 0.3 25.5788563421212 2 0 0 
0 720 6.8 15 0.458717357910906 0.461405529953917 39.1113900604205 2 0 0 
1 730 8.2 15 0.383064516129032 0.336290322580645 21.4547875610111 2 0 0 
0 730 6.8 15 0.410016977928693 0.420362903225806 32.3590661499967 2 0 0 
1 740 8.2 15 0.53939205955335 0.420967741935484 19.485430767639 2 0 0 
0 740 6.8 15 0.449372759856631 0.438508064516129 17.8480800730596 2 0 0 
1 750 8.2 15 0.454301075268817 0.49758064516129 26.9734428484674 2 0 0 
0 750 6.8 15 0.407426075268817 0.486751152073733 27.1747634266636 2 0 0 
1 760 8.2 15 0.407732447817837 0.516935483870968 22.7523537841777 2 0 0 
0 760 6.8 15 0.429637096774194 0.509677419354839 25.9841027736048 2 0 0 
1 770 8.2 15 0.498655913978495 0.475806451612903 24.7628655877639 2 0 0 
0 770 6.8 15 0.494959677419355 0.543548387096774 17.8624736428014 2 0 0 
1 780 8.2 15 0.496543778801843 0.416666666666667 44.2075885568557 2 -1 0 
0 780 6.8 16 0.466164095371669 0.611175115207373 18.5999856748169 2 1 0 
1 790 8.2 15 0.534562211981567 0.452956989247312 43.4388150371413 2 -1 0 
0 790 6.8 16 0.460013440860215 0.588709677419355 19.4714911980627 2 1 0 
1 800 8.2 15 0.669354838709677 0.389112903225806 10.1242283656583 2 -1 0 
0 800 6.8 16 0.596438172043011 0.509216589861751 32.5247067145726 2 1 0 
1 810 8.2 15 0.467741935483871 0.327956989247312 31.2461068341207 2 -2 0 
0 810 6.8 17 0.449230205278592 0.529953917050691 38.2680149371586 2 2 0 
1 820 8.2 16 0.395161290322581 0.278225806451613 22.8707759794688 2 -1 0 
0 820 6.8 17 0.437634408602151 0.42684331797235 42.9440426159475 2 1 0 
1 830 8.2 16 NaN 0.296370967741936 25.4635954756513 2 -1 0 
0 830 6.8 17 0.546774193548387 0.331221198156682 43.8896745406038 2 1 0 
1 840 8.2 16 0.416383701188455 0.325806451612903 31.3285710666538 2 -1 0 
0 840 6.8 17 0.470046082949309 0.534562211981567 10.6423216615129 2 1 0 
1 850 8.2 16 0.37869623655914 0.354032258064516 21.9703051039729 2 -1 0 
0 850 6.8 17 0.434060721062619 0.530645161290323 6.02444960334766 2 1 0 
1 860 8.2 16 0.355645161290323 0.394354838709677 8.69427324302994 2 -1 0 
0 860 6.8 17 0.400537634408602 0.528225806451613 11.6565415951283 2 1 0 
1 870 8.2 16 0.485780984719864 0.461290322580645 10.2510560004082 2 -1 0 
0 870 6.8 17 0.451063049853372 0.413306451612903 10.0618891116647 2 1 0 
1 880 8.2 17 0.412046370967742 0.581451612903226 11.6382214076365 2 0 0 
0 880 6.8 17 0.382776497695852 0.393817204301075 14.3751400606095 2 0 0 
1 890 8.2 17 0.498655913978495 0.583870967741935 12.4351683338183 2 0 0 
0 890 6.8 17 0.362327188940092 0.342741935483871 19.723082923316 2 0 0 
1 900 8.2 17 0.466397849462366 0.563709677419355 26.1319961996844 2 0 0 
0 900 6.8 17 0.441888045540797 0.330645161290323 2.5 2 0 0 
1 910 8.2 18 0.422962648556876 0.633064516129032 17.405437379214 2 1 0 
0 910 6.8 17 0.379032258064516 0.287634408602151 7.6458217031173 2 -1 0 
1 920 8.2 18 0.526528013582343 0.672379032258065 9.03146647947485 2 0 0 
0 920 6.8 18 0.404233870967742 0.181451612903226 15.6025759973648 2 0 0 
1 930 8.2 18 0.474375650364204 0.702956989247312 4.56743784998911 2 0 1 
0 930 6.8 18 0.296920821114369 0.216733870967742 13.8871962477802 1 0 -1 
1 940 8.2 18 0.472782258064516 0.651881720430108 5.28295179523225 2 0 2 
0 940 6.8 18 0.384072580645161 0.241935483870968 20.0036152560086 0 0 -2 
1 950 8.2 18 0.625366568914956 0.560483870967742 16.3073361574051 2 0 2 
0 950 6.8 18 0.384072580645161 0.279838709677419 17.5048433489961 0 0 -2 
1 960 8.2 18 0.506624423963134 0.463709677419355 40.2552597345511 2 0 2 
0 960 6.8 18 0.328629032258065 0.266129032258065 6.91838359932623 0 0 -2 
1 970 8.2 19 0.436969439728353 0.522849462365591 48.9071831704904 2 1 2 
0 970 6.8 18 0.384408602150538 0.356451612903226 12.595382704507 0 -1 -2 
1 980 8.2 19 0.556663837011885 0.40625 62.9136407335233 2 0 2 
0 980 6.8 19 0.391129032258065 0.454032258064516 29.4598527193862 0 0 -2 
1 990 8.2 19 0.48258064516129 0.345766129032258 50.1130644672105 2 0 2 
0 990 6.8 19 0.346774193548387 0.461290322580645 31.2613704787679 0 0 -2 
1 1000 8.2 19 0.387365591397849 0.397177419354839 10.4133186980036 2 0 2 
0 1000 6.8 19 0.367866004962779 0.557027649769585 18.0303383853638 0 0 -2 
1 1010 8.2 19 0.467741935483871 0.391129032258065 11.7046999107196 2 0 2 
0 1010 6.8 19 0.37869623655914 0.601478494623656 6.40121486219225 0 0 -2 
1 1020 8.2 19 0.458017077798862 0.407258064516129 6.70820393249937 2 0 2 
0 1020 6.8 19 0.421015180265655 0.532258064516129 34.1913817206336 0 0 -2 
1 1030 8.2 19 0.420866935483871 0.306451612903226 0 2 -1 2 
0 1030 6.8 20 0.408444022770398 0.549193548387097 26.1329486800059 0 1 -2 
1 1040 8.2 19 0.519428152492669 0.286290322580645 0 2 -1 2 
0 1040 6.8 20 0.509324596774194 0.531451612903226 33.1001101903042 0 1 -2 
1 1050 8.2 19 0.407706093189964 0.221774193548387 19.723082923316 2 -1 2 
0 1050 6.8 20 0.478962131837307 0.496639784946237 40.1663851707244 0 1 -2 
1 1060 8.2 19 0.400345622119816 0.274193548387097 14.7054411698527 2 -1 2 
0 1060 6.8 20 0.482404692082111 0.508064516129032 23.4098901164554 0 1 -2 
1 1070 8.2 19 0.448200992555831 0.261088709677419 33.6771404903449 2 -1 2 
0 1070 6.8 20 0.53673835125448 0.478110599078341 24.519442858783 0 1 -2 
1 1080 8.2 19 0.426451612903226 0.320564516129032 17.6042940200635 2 -1 2 
0 1080 6.8 20 0.428130929791271 0.471774193548387 26.2197714066522 0 1 -2 
1 1090 8.2 19 0.449158485273492 0.35 24.231694416445 2 -1 2 
0 1090 6.8 20 0.394524617996604 0.472926267281106 12.0366350440818 0 1 -2 
1 1100 8.2 20 0.591514726507714 0.482862903225806 23.3469599556086 2 0 2 
0 1100 6.8 20 0.388824884792627 0.479166666666667 9.31756000142049 0 0 -2 
1 1110 8.2 20 0.534498207885305 0.513440860215054 27.0281697248697 2 0 2 
0 1110 6.8 20 0.285618279569893 0.50241935483871 15.4896588753825 0 0 -2 
1 1120 8.2 20 0.556829637096774 0.532258064516129 35.0533836382837 2 0 2 
0 1120 6.8 20 0.232862903225806 0.468548387096774 17.902896053433 0 0 -2 
1 1130 8.2 20 0.659148185483871 0.520161290322581 40.4118457316183 2 -1 2 
0 1130 6.8 21 0.232862903225806 0.440322580645161 10.9071322373006 0 1 -2 
1 1140 8.2 20 0.572804659498208 0.524193548387097 44.3384361223928 2 -1 2 
0 1140 6.8 21 0.235483870967742 0.284677419354839 11.0945931729018 0 1 -2 
1 1150 8.2 20 0.47134974533107 0.483870967741936 13.4536240470737 2 -1 2 
0 1150 6.8 21 0.332661290322581 0.257258064516129 14.1906378995125 0 1 -2 
1 1160 8.2 20 0.542155425219941 0.409274193548387 4.94974746830583 2 -1 2 
0 1160 6.8 21 0.332661290322581 0.249193548387097 6.85538940603295 0 1 -2 
1 1170 8.2 20 0.46335904628331 0.293010752688172 6.50641338482907 2 -1 2 
0 1170 6.8 21 0.348790322580645 0.263440860215054 25.3036065977445 0 1 -2 
1 1180 8.2 20 0.522311827956989 0.238911290322581 14.655249136301 2 -1 2 
0 1180 6.8 21 0.413530465949821 0.551747311827957 38.521636318037 0 1 -2 
1 1190 8.2 21 0.640198511166253 0.265120967741936 6.82620698544688 2 0 2 
0 1190 6.8 21 0.595430107526882 0.52258064516129 46.5205089089156 0 0 -2 
1 1200 8.2 21 0.435300586510264 0.241935483870968 5.39965943330815 1 0 1 
0 1200 6.8 21 0.454545454545455 0.56989247311828 52.4491340626539 0 0 -1 
1 1210 8.2 21 0.391801075268817 0.225 15.6460676754066 1 0 1 
0 1210 6.8 21 0.491935483870968 0.42741935483871 62.9123563516898 0 0 -1 
1 1220 8.2 21 0.426267281105991 0.298387096774194 15.954829586059 1 0 1 
0 1220 6.8 21 0.481854838709677 0.379032258064516 33.3117486908321 0 0 -1 
1 1230 8.2 21 0.415110356536503 0.436290322580645 26.7393870276312 1 0 1 
0 1230 6.8 21 0.408410138248848 0.4375 28.6489341118431 0 0 -1 
1 1240 8.2 21 0.396505376344086 0.510483870967742 38.4478685067613 1 0 1 
0 1240 6.8 21 0.389578163771712 0.476814516129032 30.2552433472338 0 0 -1 
1 1250 8.2 21 0.565136476426799 0.585483870967742 19.148433015299 1 -1 1 
0 1250 6.8 22 0.469086021505376 0.404233870967742 26.4814258368859 0 1 -1 
1 1260 8.2 21 0.476478494623656 0.647177419354839 19.7407982909628 1 -1 1 
0 1260 6.8 22 0.345843672456576 0.370967741935484 24.2176044590494 0 1 -1 
1 1270 8.2 21 0.46875 0.630376344086022 7.0334506727223 1 -1 1 
0 1270 6.8 22 0.371863799283154 0.34758064516129 46.3395829149586 0 1 -1 
1 1280 8.2 21 0.600169779286927 0.712365591397849 3.29553899624483 1 -1 1 
0 1280 6.8 22 0.492511520737327 0.358870967741936 47.8346680448536 0 1 -1 
1 1290 8.2 21 0.490357643758766 0.650537634408602 31.038327432901 1 -1 1 
0 1290 6.8 22 0.346464019851117 0.315860215053763 20.0941223470966 0 1 -1 
1 1300 8.2 21 0.424335863377609 0.509408602150538 13.9498537909177 1 -1 1 
0 1300 6.8 22 0.37869623655914 0.335349462365591 13.6873217302199 0 1 -1 
1 1310 8.2 21 0.456797235023041 0.474462365591398 3.74927238930663 1 -1 1 
0 1310 6.8 22 0.428519061583578 0.40994623655914 14.0202342791285 0 1 -1 
1 1320 8.2 21 0.456356736242884 0.433467741935484 14.0068798963623 1 -1 1 
0 1320 6.8 22 0.428225806451613 0.418010752688172 10.4939546274198 0 1 -1 
1 1330 8.2 22 0.383064516129032 0.436491935483871 13.9948095461511 1 0 1 
0 1330 6.8 22 0.383064516129032 0.488911290322581 12.6699124307882 0 0 -1 
1 1340 8.2 22 0.455069124423963 0.37741935483871 24.9235837025922 1 0 1 
0 1340 6.8 22 0.408602150537634 0.471774193548387 30.708170144708 0 0 -1 
1 1350 8.2 22 0.427755376344086 0.365322580645161 13.8126899326247 1 0 1 
0 1350 6.8 22 0.448853989813243 0.225806451612903 0 0 0 -1 
1 1360 8.2 22 0.380645161290323 0.444354838709677 8.25247270738816 1 0 1 
0 1360 6.8 22 0.383870967741935 0.42741935483871 0 0 0 -1 
1 1370 8.2 22 0.370967741935484 0.454032258064516 9.42250545282129 1 0 1 
0 1370 6.8 22 0.505712365591398 0.524193548387097 0 0 0 -1 
1 1380 8.2 22 0.434072580645161 0.47741935483871 7.82720584153417 1 0 1 
0 1380 6.8 22 0.480769230769231 0.495967741935484 0 0 0 -1 
1 1390 8.2 22 0.411764705882353 0.555443548387097 17.2577712473544 1 0 1 
0 1390 6.8 22 0.4 0.342741935483871 0 0 0 -1 
1 1400 8.2 22 0.590607210626186 0.520967741935484 10.9723673936122 1 0 1 
0 1400 6.8 22 0.424193548387097 0.195564516129032 2.69258240356725 0 0 -1 
1 1410 8.2 22 0.531970046082949 0.540322580645161 18.8746433374649 1 0 1 
0 1410 6.8 22 0.323200992555831 0.180443548387097 16.6448357936633 0 0 -1 
1 1420 8.2 22 0.500672043010753 0.594086021505376 28.3276042772613 1 -1 1 
0 1420 6.8 23 0.335349462365591 0.270161290322581 15.8999310109633 0 1 -1 
1 1430 8.2 22 0.641666666666667 0.551075268817204 20.7716818892056 1 -1 1 
0 1430 6.8 23 0.343245967741936 0.36491935483871 17.8632793878459 0 1 -1 
1 1440 8.2 22 0.509408602150538 0.612903225806452 15.4166025555344 1 -1 1 
0 1440 6.8 23 0.32909429280397 0.310483870967742 8.46694242150237 0 1 -1 
1 1450 8.2 23 0.401075268817204 0.592741935483871 6.78874828333426 1 0 1 
0 1450 6.8 23 0.355702764976959 0.274193548387097 9.30623327139596 0 0 -1 
1 1460 8.2 23 0.532991202346041 0.663978494623656 2.06071578544731 1 0 1 
0 1460 6.8 23 0.378136200716846 0.235887096774194 4.12370523751288 0 0 -1 
1 1470 8.2 23 0.497311827956989 0.725806451612903 5.22015325445528 1 0 1 
0 1470 6.8 23 0.33294930875576 0.235215053763441 11.599546690252 0 0 -1 
1 1480 8.2 23 0.447132616487455 0.505376344086022 58.0854377845306 1 0 1 
0 1480 6.8 23 0.379032258064516 0.282930107526882 5.40918584902785 0 0 -1 
1 1490 8.2 23 0.629032258064516 0.263440860215054 23.1869538236605 1 0 1 
0 1490 6.8 23 0.408870967741935 0.316532258064516 15.0660311333304 0 0 -1 
1 1500 8.2 23 0.499327956989247 0.32258064516129 16.1857010237084 1 0 1 
0 1500 6.8 23 0.341877880184332 0.337903225806452 33.1513944556798 0 0 -1 
1 1510 8.2 23 0.421489563567362 0.376344086021505 14.8924340179304 1 0 1 
0 1510 6.8 23 0.380040322580645 0.440322580645161 43.524651968929 0 0 -1 
1 1520 8.2 23 0.487399193548387 0.395161290322581 0 1 0 1 
0 1520 6.8 23 0.434677419354839 0.413306451612903 50.9212390753412 0 0 -1 
1 1530 8.2 23 0.456730769230769 0.487903225806452 0 1 0 1 
0 1530 6.8 23 0.370967741935484 0.427995391705069 56.767970016144 0 0 -1 
1 1540 8.2 23 0.439112903225806 0.3125 51.4635793547243 1 -1 1 
0 1540 6.8 24 0.3625 0.540994623655914 44.4533627790666 0 1 -1 
1 1550 8.2 23 0.480687606112054 0.28494623655914 43.5592848353753 1 -1 1 
0 1550 6.8 24 0.361559139784946 0.614247311827957 40.9197865061176 0 1 -1 
1 1560 8.2 23 0.465287517531557 0.282258064516129 38.6163422277595 1 -1 1 
0 1560 6.8 24 0.383301707779886 0.589516129032258 58.9096621028391 0 1 -1 
1 1570 8.2 23 0.581831119544592 0.352822580645161 40.3298896601516 1 -1 1 
0 1570 6.8 24 0.370967741935484 0.557258064516129 63.0850096068522 0 1 -1 
1 1580 8.2 23 0.678130929791271 0.25 26.1725046566048 1 -1 1 
0 1580 6.8 24 0.592741935483871 0.555645161290323 63.0016178470965 0 1 -1 
1 1590 8.2 23 0.468029953917051 0.17741935483871 14.0569175425002 1 -1 1 
0 1590 6.8 24 0.476867572156197 0.396505376344086 62.1907216258881 0 1 -1 
1 1600 8.2 23 0.423924731182796 0.245967741935484 2.09304230128149 1 -1 1 
0 1600 6.8 24 0.557963709677419 0.419354838709677 41.8807831827438 0 1 -1 
1 1610 8.2 23 0.495967741935484 0.359879032258065 12.8264832645969 1 -1 1 
0 1610 6.8 24 0.643145161290323 0.36491935483871 26.2154534578367 0 1 -1 
1 1620 8.2 23 0.479364326375712 0.485887096774194 7.04505987771233 1 -1 1 
0 1620 6.8 24 0.400537634408602 0.407258064516129 7.15891053163818 0 1 -1 
1 1630 8.2 24 0.473973607038123 0.429032258064516 29.0766874152632 1 0 1 
0 1630 6.8 24 0.390625 0.286290322580645 39.293765408777 0 0 -1 
1 1640 8.2 24 0.556239388794567 0.420161290322581 15.4532352837118 1 0 1 
0 1640 6.8 24 0.476958525345622 0.3125 14.5086181285469 0 0 -1 
1 1650 8.2 24 0.478260869565217 0.462096774193548 7.16915489482084 1 0 1 
0 1650 6.8 24 0.346774193548387 0.366935483870968 32.5518306073108 0 0 -1 
1 1660 8.2 24 0.469758064516129 0.475 4.29167330627998 1 0 1 
0 1660 6.8 24 0.381272401433692 0.36760752688172 25.0217234455945 0 0 -1 
1 1670 8.2 24 0.651713709677419 0.512903225806452 4.33548012112373 1 0 1 
0 1670 6.8 24 0.404233870967742 0.376008064516129 13.6852866461973 0 0 -1 
1 1680 8.2 24 0.543438416422287 0.407258064516129 45.9406328309975 1 0 1 
0 1680 6.8 24 0.298835125448029 0.377688172043011 16.6133942344057 0 0 -1 
1 1690 8.2 24 0.441308243727599 0.456451612903226 51.8449333956281 1 0 1 
0 1690 6.8 24 0.348790322580645 0.261088709677419 5.60868855463644 0 0 -1 
1 1700 8.2 24 0.623207885304659 0.6 32.0725809119863 1 0 1 
0 1700 6.8 24 0.272360703812317 0.243951612903226 6.74480273770588 0 0 -1 
1 1710 8.2 24 0.620519713261649 0.668346774193548 29.8147537410211 1 0 1 
0 1710 6.8 24 0.27741935483871 0.212365591397849 4.39977552738296 0 0 -1 
1 1720 8.2 24 0.762096774193548 0.759072580645161 11.6812405713809 1 0 1 
0 1720 6.8 24 0.310483870967742 0.205645161290323 6.74001742677525 0 0 -1 
