1 30 6.6 1 NaN 0.301075268817204 29.2723920792851 3 0 0 
0 30 8.4 1 NaN 0.336693548387097 8.74642784226795 3 0 0 
1 40 6.6 1 NaN 0.355645161290323 26.4676065951756 3 0 0 
0 40 8.4 1 NaN 0.398185483870968 31.4357610073166 3 0 0 
1 50 6.6 1 NaN 0.363709677419355 26.6308011641071 3 0 0 
0 50 8.4 1 0.381720430107527 0.419354838709677 29.1663649281719 3 0 0 
1 60 6.6 1 0.383064516129032 0.445564516129032 21.2513743536672 3 0 0 
0 60 8.4 1 0.383064516129032 0.494959677419355 28.7306974088413 3 0 0 
1 70 6.6 1 0.389516129032258 0.481451612903226 16.9866353413523 3 0 0 
0 70 8.4 1 0.436059907834101 0.48991935483871 26.6118060754927 3 0 0 
1 80 6.6 1 0.462197580645161 0.487096774193548 26.0797366386163 3 0 0 
0 80 8.4 1 0.474875930521092 0.483870967741936 27.7868750184176 3 0 0 
1 90 6.6 1 0.437855787476281 0.484677419354839 23.2931687895348 3 0 0 
0 90 8.4 1 0.408698156682028 0.483870967741936 25.7694464204559 3 0 0 
1 100 6.6 1 0.433971774193548 0.513709677419355 23.2848940312604 3 0 0 
0 100 8.4 1 0.406854838709677 0.448588709677419 26.2039339425227 3 0 0 
1 110 6.6 2 0.488269794721408 0.483064516129032 22.7489523816433 3 1 0 
0 110 8.4 1 0.458027859237537 0.475806451612903 28.3924946541713 3 -1 0 
1 120 6.6 2 0.425889877641824 0.510483870967742 22.7018837240227 3 0 0 
0 120 8.4 2 0.396774193548387 0.465725806451613 27.1959990320064 3 0 0 
1 130 6.6 2 0.401008064516129 0.521774193548387 22.7419164830028 3 0 0 
0 130 8.4 2 0.41179435483871 0.451612903225806 25.2230178090653 3 0 0 
1 140 6.6 3 0.474890029325513 0.509072580645161 19.9505398892769 3 1 0 
0 140 8.4 2 0.454671857619577 0.466733870967742 29.5187274219838 3 -1 0 
1 150 6.6 3 0.400873655913978 0.425 37.8153194836909 3 0 0 
0 150 8.4 3 0.383064516129032 0.47883064516129 28.6037702875936 3 0 0 
1 160 6.6 3 0.401612903225806 0.445967741935484 28.3751941912856 3 0 0 
0 160 8.4 3 0.408378136200717 0.465725806451613 24.1628576690544 3 0 0 
1 170 6.6 3 0.477208976157083 0.475 20.4685665882249 3 0 0 
0 170 8.4 3 0.457924263674614 0.479838709677419 20.7795042927338 3 0 0 
1 180 6.6 4 0.453703703703704 0.488709677419355 24.0680271331156 3 1 0 
0 180 8.4 3 0.403042521994135 0.471774193548387 23.0176905440394 3 -1 0 
1 190 6.6 4 0.43291788856305 0.506451612903226 22.0673960144555 3 0 0 
0 190 8.4 4 0.412442396313364 0.439516129032258 23.0434759988454 3 0 0 
1 200 6.6 4 0.472222222222222 0.50241935483871 23.5767742863533 3 0 0 
0 200 8.4 4 0.446297653958944 0.462701612903226 25.3855969220816 3 0 0 
1 210 6.6 4 0.448118279569892 0.531451612903226 21.1487907207723 3 0 0 
0 210 8.4 4 0.385528673835125 0.386088709677419 25.8612474459965 3 0 0 
1 220 6.6 4 0.407459677419355 0.515322580645161 23.9618732098535 3 0 0 
0 220 8.4 4 0.409274193548387 0.413709677419355 30.6849506203264 3 0 0 
1 230 6.6 5 0.448626045400239 0.515322580645161 20.8927548217449 3 0 0 
0 230 8.4 5 0.44758064516129 0.408064516129032 33.502032351834 3 0 0 
1 240 6.6 5 0.444378557874763 0.499193548387097 22.3331126553067 3 0 0 
0 240 8.4 5 0.391129032258065 0.446774193548387 36.7940084096832 3 0 0 
1 250 6.6 5 0.465175953079179 0.499193548387097 21.7908877423947 3 0 0 
0 250 8.4 5 0.38858234295416 0.462903225806452 34.9972569736387 3 0 0 
1 260 6.6 5 0.480614143920595 0.506451612903226 26.1434283551901 3 0 0 
0 260 8.4 5 0.456797235023041 0.507258064516129 33.048854708331 3 0 0 
1 270 6.6 6 0.418424317617866 0.495161290322581 30.4990983319183 3 0 0 
0 270 8.4 6 0.389846041055719 0.49758064516129 33.0327640930963 3 0 0 
1 280 6.6 6 0.461935483870968 0.490322580645161 28.5232281987479 3 0 0 
0 280 8.4 6 0.386872759856631 0.458064516129032 21.0768894602183 3 0 0 
1 290 6.6 6 0.503888248847926 0.485483870967742 22.1419247932307 3 0 0 
0 290 8.4 6 0.459889643463497 0.459677419354839 18.9825489915878 3 0 0 
1 300 6.6 6 0.435771889400922 0.511290322580645 21.5130697035664 3 0 0 
0 300 8.4 6 0.415322580645161 0.449596774193548 13.2361858161591 3 0 0 
1 310 6.6 7 0.407074780058651 0.517741935483871 24.6256520949275 3 1 0 
0 310 8.4 6 0.417434715821813 0.481182795698925 14.1352016045114 3 -1 0 
1 320 6.6 7 0.461981566820277 0.520967741935484 22.6802926739681 3 1 0 
0 320 8.4 6 0.463709677419355 0.439516129032258 17.0432473040858 3 -1 0 
1 330 6.6 8 0.450442247658689 0.516935483870968 23.5339119107316 3 2 0 
0 330 8.4 6 0.402859237536657 0.384677419354839 28.8106828706736 3 -2 0 
1 340 6.6 8 0.460028050490884 0.510483870967742 18.6762494585697 3 2 0 
0 340 8.4 6 0.38991935483871 0.408064516129032 23.2501428763617 3 -2 0 
1 350 6.6 8 0.47423835125448 0.5 23.4214471820124 3 1 0 
0 350 8.4 7 0.436569478908189 0.451612903225806 15.2939620422976 3 -1 0 
1 360 6.6 8 0.4644901144641 0.495161290322581 30.6793392135875 3 1 0 
0 360 8.4 7 0.392137096774194 0.396774193548387 19.8811058072805 3 -1 0 
1 370 6.6 8 0.453079178885631 0.541129032258065 22.8339317899583 3 1 0 
0 370 8.4 7 0.400537634408602 0.380645161290323 21.920220835792 3 -1 0 
1 380 6.6 9 0.473655913978495 0.550806451612903 24.9937930108852 3 2 0 
0 380 8.4 7 0.406451612903226 0.415322580645161 14.4884983290005 3 -2 0 
1 390 6.6 9 0.464516129032258 0.565322580645161 18.2377594952373 3 2 0 
0 390 8.4 7 0.380040322580645 0.431451612903226 13.4830920011682 3 -2 0 
1 400 6.6 10 0.477654569892473 0.564516129032258 25.8112342561853 3 3 0 
0 400 8.4 7 0.39247311827957 0.401881720430108 16.2862792738918 3 -3 0 
1 410 6.6 10 0.528225806451613 0.468548387096774 48.3219760123206 3 3 0 
0 410 8.4 7 0.400985663082437 0.422379032258065 20.9231283571103 3 -3 0 
1 420 6.6 10 0.470622119815668 0.479032258064516 34.6416914532135 3 3 0 
0 420 8.4 7 0.379032258064516 0.336290322580645 34.5373205893457 3 -3 0 
1 430 6.6 10 0.50497311827957 0.539516129032258 26.1879070475359 3 2 0 
0 430 8.4 8 0.415826612903226 0.362903225806452 17.8601422839027 3 -2 0 
1 440 6.6 11 0.548387096774194 0.546774193548387 21.3720890827285 3 3 0 
0 440 8.4 8 0.433467741935484 0.465725806451613 15.1403826439769 3 -3 0 
1 450 6.6 11 0.470351043643264 0.545161290322581 23.3629260771596 3 3 0 
0 450 8.4 8 0.372617302052786 0.399193548387097 31.6940806436745 3 -3 0 
1 460 6.6 11 0.4640603085554 0.562096774193548 20.9187154604561 3 3 0 
0 460 8.4 8 0.394354838709677 0.335483870967742 25.7683132444137 3 -3 0 
1 470 6.6 11 0.504608294930876 0.562096774193548 18.7905675146829 3 3 0 
0 470 8.4 8 0.445228494623656 0.301612903225806 17.1433422706972 3 -3 0 
1 480 6.6 11 0.455400782013685 0.578225806451613 25.974167375429 3 3 0 
0 480 8.4 8 0.397258064516129 0.326612903225806 33.0707850149872 3 -3 0 
1 490 6.6 11 0.511786600496278 0.446774193548387 42.6835665320708 3 3 0 
0 490 8.4 8 0.394100169779287 0.354838709677419 34.5799160010076 3 -3 0 
1 500 6.6 11 0.505675029868578 0.418548387096774 37.0047330636995 3 2 0 
0 500 8.4 9 0.434139784946237 0.337096774193548 33.9426502646892 3 -2 0 
1 510 6.6 11 0.451001955034213 0.494354838709677 19.1906265107094 3 2 0 
0 510 8.4 9 0.396994134897361 0.371975806451613 24.8387502196896 3 -2 0 
1 520 6.6 12 0.463112305854241 0.515322580645161 14.6971173658635 3 3 0 
0 520 8.4 9 0.411290322580645 0.365322580645161 17.9240350621587 3 -3 0 
1 530 6.6 12 0.515663771712159 0.544354838709677 12.8622967003834 3 3 0 
0 530 8.4 9 0.38494623655914 0.363709677419355 17.0405003449813 3 -3 0 
1 540 6.6 12 0.514025245441795 0.60241935483871 13.8253203129974 3 3 0 
0 540 8.4 9 0.319354838709677 0.33366935483871 16.2817054453039 3 -3 0 
1 550 6.6 12 0.587477598566308 0.619354838709677 9.89562200858607 3 3 0 
0 550 8.4 9 NaN 0.318548387096774 13.4716994607017 3 -3 0 
1 560 6.6 13 0.618393960192176 0.662096774193548 12.3328549395344 3 4 0 
0 560 8.4 9 NaN 0.282258064516129 12.9014206308981 3 -4 0 
1 570 6.6 13 0.584440227703985 0.67258064516129 8.95782936700527 3 4 0 
0 570 8.4 9 0.25 0.241935483870968 17.9948362636332 3 -4 0 
1 580 6.6 14 0.596774193548387 0.629838709677419 22.4712750578023 3 5 0 
0 580 8.4 9 NaN 0.245967741935484 1 3 -5 0 
1 590 6.6 14 0.638709677419355 0.660483870967742 24.7736535818402 3 4 0 
0 590 8.4 10 NaN 0.248655913978495 11.6470578668257 3 -4 0 
1 600 6.6 14 0.538726478494624 0.655645161290323 7.41954242043011 3 4 0 
0 600 8.4 10 0.249663978494624 0.244959677419355 12.9237177514637 3 -4 0 
1 610 6.6 14 0.524492234169654 0.546774193548387 17.2590153757713 3 4 0 
0 610 8.4 10 0.270161290322581 0.304032258064516 19.3724386061302 3 -4 0 
1 620 6.6 14 0.604569892473118 0.605846774193548 10.1334349329162 3 4 0 
0 620 8.4 10 0.270161290322581 0.313709677419355 28.8558793461421 3 -4 0 
1 630 6.6 14 0.488433786078099 0.588709677419355 12.3827247984388 3 4 0 
0 630 8.4 10 0.327116935483871 0.309677419354839 11.8747200955874 3 -4 0 
1 640 6.6 14 0.437980030721966 0.598790322580645 17.8266693248604 3 3 0 
0 640 8.4 11 0.364471326164875 0.310483870967742 9.65660395791398 3 -3 0 
1 650 6.6 14 0.547043010752688 0.631048387096774 14.4550870626212 3 3 0 
0 650 8.4 11 0.344354838709677 NaN NaN 3 -3 0 
1 660 6.6 15 0.492691532258065 0.746975806451613 3.43889035834136 3 4 0 
0 660 8.4 11 0.31799853372434 NaN NaN 3 -4 0 
1 670 6.6 15 0.529616240266963 0.793346774193548 1.76029376277562 3 4 1 
0 670 8.4 11 NaN 0.166666666666667 10.1066677822659 2 -4 -1 
1 680 6.6 15 0.540226574500768 0.651612903225806 44.0344389991055 3 4 1 
0 680 8.4 11 NaN 0.212701612903226 9.13560520953208 2 -4 -1 
1 690 6.6 15 0.543061472915399 0.575 12.8988640451393 3 4 1 
0 690 8.4 11 0.310009487666034 0.266129032258065 9.22007300161335 2 -4 -1 
1 700 6.6 15 0.561981566820276 0.495161290322581 17.0843405187858 3 4 1 
0 700 8.4 11 0.285282258064516 0.291935483870968 12.1044334263692 2 -4 -1 
1 710 6.6 15 0.621484698097601 0.450806451612903 14.1708712229488 3 3 1 
0 710 8.4 12 0.285282258064516 0.301612903225806 17.2524468502694 2 -3 -1 
1 720 6.6 15 0.502016129032258 0.342741935483871 4.9802089726389 3 3 1 
0 720 8.4 12 0.333064516129032 0.35 20.3166639201741 2 -3 -1 
1 730 6.6 15 0.447931276297335 0.412903225806452 10.7217346426956 3 3 1 
0 730 8.4 12 0.397379032258064 0.393548387096774 24.6718017914413 2 -3 -1 
1 740 6.6 15 0.403225806451613 0.512096774193548 8.2512033932448 3 3 1 
0 740 8.4 12 0.394489247311828 0.419354838709677 24.1561331004911 2 -3 -1 
1 750 6.6 16 0.478587319243604 0.580645161290323 5.12100560525604 3 4 1 
0 750 8.4 12 0.378808243727599 0.428427419354839 11.6700070152158 2 -4 -1 
1 760 6.6 16 0.455995792426367 0.673387096774194 3.27966912753363 3 4 1 
0 760 8.4 12 0.374193548387097 0.31989247311828 23.7048814881159 2 -4 -1 
1 770 6.6 16 0.483870967741936 0.74758064516129 4.72564140695389 3 4 2 
0 770 8.4 12 0.38508064516129 0.275537634408602 35.2882850672748 1 -4 -2 
1 780 6.6 16 0.50326420890937 0.746774193548387 5.36416021783553 3 3 2 
0 780 8.4 13 0.385304659498208 0.243279569892473 21.1408018523483 1 -3 -2 
1 790 6.6 16 0.512096774193548 0.806451612903226 2.03944890076539 3 3 2 
0 790 8.4 13 0.372665534804754 0.201612903225806 0 1 -3 -2 
1 800 6.6 16 0.612903225806452 0.82741935483871 6.2046313289657 3 3 2 
0 800 8.4 13 0.393039049235993 NaN NaN 1 -3 -2 
1 810 6.6 16 0.639592933947773 0.808870967741935 6.29096351544365 3 3 2 
0 810 8.4 13 0.352374551971326 NaN NaN 1 -3 -2 
1 820 6.6 16 NaN NaN NaN 3 3 2 
0 820 8.4 13 NaN NaN NaN 1 -3 -2 
