1 30 5.4 1 NaN 0.298387096774194 16.8941386765368 3 0 0 
0 30 2.6 1 NaN 0.306451612903226 29.2839546401348 3 0 0 
1 40 5.4 1 NaN 0.32258064516129 23.3545995037654 3 0 0 
0 40 2.6 1 NaN 0.317540322580645 29.2589053608842 3 0 0 
1 50 5.4 1 0.36491935483871 0.374193548387097 27.0476091934532 3 0 0 
0 50 2.6 1 0.368279569892473 0.376008064516129 24.6052313736451 3 0 0 
1 60 5.4 1 0.364247311827957 0.487096774193548 29.9026853104748 3 0 0 
0 60 2.6 1 0.364247311827957 0.460349462365591 23.475359230159 3 0 0 
1 70 5.4 1 0.429838709677419 0.497983870967742 24.3890568548022 3 0 0 
0 70 2.6 1 0.41913082437276 0.460253456221198 27.4589092636243 3 0 0 
1 80 5.4 1 0.449372759856631 0.481854838709677 24.3284238265065 3 0 0 
0 80 2.6 1 0.479614695340502 0.475806451612903 33.6441312055833 3 0 0 
1 90 5.4 1 0.413882488479263 0.424193548387097 42.6371049081123 3 0 0 
0 90 2.6 1 0.364247311827957 0.475806451612903 28.5993276018599 3 0 0 
1 100 5.4 1 0.435685483870968 0.464516129032258 30.6935896367888 3 -1 0 
0 100 2.6 2 0.375636672325976 0.475230414746544 25.4119532005534 3 1 0 
1 110 5.4 2 0.462989631336406 0.483870967741936 23.1937125636107 3 0 0 
0 110 2.6 2 0.458266129032258 0.51008064516129 37.3132759495631 3 0 0 
1 120 5.4 2 0.417338709677419 0.495967741935484 25.8829269360073 3 0 0 
0 120 2.6 2 0.381720430107527 0.458333333333333 38.68810569779 3 0 0 
1 130 5.4 2 0.445246179966044 0.443548387096774 44.7494203649887 3 -1 0 
0 130 2.6 3 0.423387096774194 0.466935483870968 38.8471862983462 3 1 0 
1 140 5.4 3 0.450172811059908 0.455645161290323 35.6298998163903 3 0 0 
0 140 2.6 3 0.455967741935484 0.485215053763441 35.659386682338 3 0 0 
1 150 5.4 3 0.41198553948832 0.484677419354839 30.7754777315882 3 0 0 
0 150 2.6 3 0.399342891278375 0.437903225806452 49.4204035353963 3 0 0 
1 160 5.4 4 0.475623167155425 0.484677419354839 33.7133742216763 3 1 0 
0 160 2.6 3 0.436185133239832 0.389112903225806 46.2830582497804 3 -1 0 
1 170 5.4 4 0.451478494623656 0.490322580645161 33.2142484711192 3 0 0 
0 170 2.6 4 0.46236559139785 0.450604838709677 41.2593083432771 3 0 0 
1 180 5.4 4 0.404271206690562 0.490322580645161 31.3407974748243 3 0 0 
0 180 2.6 4 0.403673835125448 0.488709677419355 36.2569385555423 3 0 0 
1 190 5.4 5 0.480846774193548 0.481451612903226 33.2913177334894 3 1 0 
0 190 2.6 4 0.427068723702665 0.489247311827957 26.404681834526 3 -1 0 
1 200 5.4 5 0.465221774193548 0.478225806451613 31.5400538367096 3 1 0 
0 200 2.6 4 0.460378681626928 0.479032258064516 32.2855156063234 3 -1 0 
1 210 5.4 5 0.42578125 0.515322580645161 31.1059630057543 3 0 0 
0 210 2.6 5 0.418444328824142 0.445967741935484 32.2252700644013 3 0 0 
1 220 5.4 5 0.464809384164223 0.52741935483871 33.5307955332225 3 0 0 
0 220 2.6 5 0.43778801843318 0.453629032258065 28.981944386513 3 0 0 
1 230 5.4 6 0.451344086021505 0.504032258064516 28.8659551410441 3 1 0 
0 230 2.6 5 0.456265508684864 0.481451612903226 37.7163579224308 3 -1 0 
1 240 5.4 6 0.41747311827957 0.506048387096774 30.3954970508408 3 0 0 
0 240 2.6 6 0.408428720083247 0.459677419354839 35.0049691642984 3 0 0 
1 250 5.4 6 0.467237903225806 0.443548387096774 36.5109807214599 3 0 0 
0 250 2.6 6 0.441532258064516 0.463037634408602 32.8897850352202 3 0 0 
1 260 5.4 6 0.462041156840934 0.406451612903226 41.5115004737609 3 0 0 
0 260 2.6 6 0.446051167964405 0.451612903225806 37.2505678404939 3 0 0 
1 270 5.4 7 0.418010752688172 0.47741935483871 34.3581297102002 3 1 0 
0 270 2.6 6 0.396654719235364 0.415994623655914 34.2452087240822 3 -1 0 
1 280 5.4 7 0.491240266963293 0.520967741935484 35.9372762572303 3 1 0 
0 280 2.6 6 0.398344651952462 0.381451612903226 27.4719464452588 3 -1 0 
1 290 5.4 7 0.493727598566308 0.530645161290323 36.5629706574592 3 1 0 
0 290 2.6 6 0.425259216589862 0.405645161290323 26.6887538708702 3 -1 0 
1 300 5.4 7 0.400899503722084 0.549395161290323 29.4842387732348 3 0 0 
0 300 2.6 7 0.3915770609319 0.454301075268817 40.7868763892028 3 0 0 
1 310 5.4 7 0.441001697792869 0.560483870967742 26.8317426008215 3 0 0 
0 310 2.6 7 0.450210378681627 0.465725806451613 39.3905789263149 3 0 0 
1 320 5.4 7 0.464045698924731 0.423387096774194 38.8232652668404 3 0 0 
0 320 2.6 7 0.467021889400922 0.475134408602151 34.5959686794166 3 0 0 
1 330 5.4 8 0.388709677419355 0.476612903225806 40.456346729966 3 0 0 
0 330 2.6 8 0.388104838709677 0.479838709677419 36.9286106955226 3 0 0 
1 340 5.4 8 0.415524193548387 0.499193548387097 34.7767883278082 3 0 0 
0 340 2.6 8 0.40994623655914 0.474193548387097 31.1056066292226 3 0 0 
1 350 5.4 8 0.473622311827957 0.536290322580645 39.4556079069069 3 0 0 
0 350 2.6 8 0.451147642679901 0.481451612903226 22.0314149501466 3 0 0 
1 360 5.4 8 0.383870967741935 0.504032258064516 35.5362032323903 3 0 0 
0 360 2.6 8 0.392713133640553 0.472782258064516 36.4776813342486 3 0 0 
1 370 5.4 8 0.438676075268817 0.326612903225806 46.8169131791642 3 -1 0 
0 370 2.6 9 0.427769985974755 0.436290322580645 38.2727850244962 3 1 0 
1 380 5.4 8 0.460483870967742 0.402217741935484 32.2434672420067 3 -1 0 
0 380 2.6 9 0.464235624123422 0.491129032258064 33.8525187080994 3 1 0 
1 390 5.4 9 0.431854838709677 0.380645161290323 34.5241563581228 3 0 0 
0 390 2.6 9 0.430483870967742 0.511088709677419 22.7974242113086 3 0 0 
1 400 5.4 9 0.463440860215054 0.454838709677419 32.4923597436483 3 -1 0 
0 400 2.6 10 0.421370967741936 0.451612903225806 35.1496920157087 3 1 0 
1 410 5.4 9 0.466044142614601 0.516935483870968 29.6729844318526 3 -1 0 
0 410 2.6 10 0.427822580645161 0.350806451612903 38.2766336368947 3 1 0 
1 420 5.4 10 0.437096774193548 0.55 37.8674568387885 3 0 0 
0 420 2.6 10 0.395161290322581 0.394354838709677 36.5840348941712 3 0 0 
1 430 5.4 10 0.47913744740533 0.546370967741936 30.0532538680062 3 0 0 
0 430 2.6 10 0.38353889943074 0.45794930875576 40.9553118507321 3 0 0 
1 440 5.4 10 0.477150537634409 0.54133064516129 32.0574288507764 3 0 0 
0 440 2.6 10 0.454133064516129 0.47926267281106 40.7012231572285 3 0 0 
1 450 5.4 11 0.432703003337041 0.473387096774194 41.7210805221033 3 0 0 
0 450 2.6 11 0.409106182795699 0.415322580645161 46.8384052514007 3 0 0 
1 460 5.4 11 0.471370967741935 0.504032258064516 39.343788035516 3 0 0 
0 460 2.6 11 0.398093841642229 0.429838709677419 45.4252051122436 3 0 0 
1 470 5.4 11 0.50241935483871 0.55 31.462309950753 3 0 0 
0 470 2.6 11 0.45127688172043 0.329838709677419 33.9531964695368 3 0 0 
1 480 5.4 11 0.432703003337041 0.575 35.2361329219415 3 0 0 
0 480 2.6 11 0.396673387096774 0.309475806451613 27.9849437496995 3 0 0 
1 490 5.4 11 0.420454545454545 0.541666666666667 43.6545635288876 3 -1 0 
0 490 2.6 12 0.421052631578947 0.399193548387097 12.1877194351195 3 1 0 
1 500 5.4 12 0.508415147265077 0.532258064516129 44.6702698769473 3 0 0 
0 500 2.6 12 0.451825127334465 0.465725806451613 13.6980816424044 3 0 0 
1 510 5.4 12 0.455197132616487 0.47883064516129 61.9677082548013 3 0 0 
0 510 2.6 12 0.359572230014025 0.498387096774194 41.2248342044825 3 0 0 
1 520 5.4 12 0.491532258064516 0.42741935483871 63.0234798359904 3 0 0 
0 520 2.6 12 0.381182795698925 0.492741935483871 36.4026603178757 3 0 0 
1 530 5.4 12 0.532258064516129 0.470766129032258 28.6622943554602 3 0 0 
0 530 2.6 12 0.450100806451613 0.495161290322581 37.6534820083957 3 0 0 
1 540 5.4 12 0.447825024437928 0.529233870967742 26.7233360437583 3 0 0 
0 540 2.6 12 0.384216589861751 0.457661290322581 32.0534767720659 3 0 0 
1 550 5.4 12 0.461143695014663 0.512903225806452 38.905958168392 3 0 0 
0 550 2.6 12 0.377546689303905 0.390456989247312 24.8464749364828 3 0 0 
1 560 5.4 12 0.494119623655914 0.50241935483871 34.3047605687282 3 -1 0 
0 560 2.6 13 0.364247311827957 0.392741935483871 23.9437444157725 3 1 0 
1 570 5.4 13 0.452783558792924 0.526612903225806 34.3257234191403 3 0 0 
0 570 2.6 13 0.407119021134594 0.423387096774194 33.4677633645603 3 0 0 
1 580 5.4 13 0.431643625192012 0.548387096774194 32.9279076108087 3 0 0 
0 580 2.6 13 0.452561669829222 0.461021505376344 40.5672262038132 3 0 0 
1 590 5.4 13 0.447458455522972 0.489516129032258 29.0453010817202 3 0 0 
0 590 2.6 13 0.444775596072931 0.387096774193548 34.5144897108446 3 0 0 
1 600 5.4 14 0.460194375516956 0.525 29.0024662479956 3 1 0 
0 600 2.6 13 0.378870967741935 0.338709677419355 53.1935017969958 3 -1 0 
1 610 5.4 14 0.497983870967742 0.562096774193548 36.8340259606807 3 1 0 
0 610 2.6 13 0.365749525616698 0.354838709677419 50.2845258672977 3 -1 0 
1 620 5.4 14 0.507560483870968 0.563709677419355 46.2127082681672 3 1 0 
0 620 2.6 13 0.416808149405772 0.293682795698925 47.3739021325544 3 -1 0 
1 630 5.4 14 0.471670802315964 0.556451612903226 38.966842309853 3 0 0 
0 630 2.6 14 0.345857771260997 0.371639784946237 52.0018399744374 3 0 0 
1 640 5.4 14 0.466468590831918 0.496975806451613 46.9158550598357 3 0 0 
0 640 2.6 14 0.412939882697947 0.412442396313364 41.7829370714351 3 0 0 
1 650 5.4 14 0.476478494623656 0.515120967741936 44.9673023007718 3 0 0 
0 650 2.6 14 0.432146829810901 0.472926267281106 27.4938759537707 3 0 0 
1 660 5.4 14 0.379207573632539 0.421774193548387 49.1900850764961 3 0 0 
0 660 2.6 14 0.408333333333333 0.488709677419355 27.6038192814459 3 0 0 
1 670 5.4 14 0.407624633431085 0.439516129032258 39.6917335490279 3 0 0 
0 670 2.6 14 0.455334987593052 0.511424731182796 25.4892502355224 3 0 0 
1 680 5.4 15 0.455141129032258 0.440322580645161 27.824904202655 3 0 0 
0 680 2.6 15 0.478598014888337 0.454301075268817 35.1707517676307 3 0 0 
1 690 5.4 15 0.462125576036866 0.480645161290323 18.4691390121375 3 0 0 
0 690 2.6 15 0.446114369501466 0.469354838709677 37.1131947793567 3 0 0 
1 700 5.4 15 0.454545454545455 0.487096774193548 16.8198218363389 3 0 0 
0 700 2.6 15 0.396370967741935 0.443548387096774 30.5773126179144 3 0 0 
1 710 5.4 15 0.483602150537634 0.556451612903226 10.6680294022821 3 0 0 
0 710 2.6 15 0.401026392961877 0.411290322580645 28.9722904092092 3 0 0 
1 720 5.4 15 0.460483870967742 0.368548387096774 40.1448022549191 3 0 0 
0 720 2.6 15 0.382096774193548 0.384408602150538 16.0495462336721 3 0 0 
1 730 5.4 15 0.422962648556876 0.384677419354839 43.3983212166774 3 0 0 
0 730 2.6 15 0.420637829912023 0.425806451612903 25.1357858772497 3 0 0 
1 740 5.4 15 0.497241086587436 0.417741935483871 29.5512851314751 3 -1 0 
0 740 2.6 16 0.449522102747909 0.434677419354839 31.8526498646869 3 1 0 
1 750 5.4 16 0.407102977667494 0.480645161290323 35.2466098749656 3 0 0 
0 750 2.6 16 0.379032258064516 0.38536866359447 35.6565557413597 3 0 0 
1 760 5.4 16 0.402164685908319 0.50241935483871 24.9891227562741 3 0 0 
0 760 2.6 16 0.402649769585253 0.394354838709677 32.5890587055762 3 0 0 
1 770 5.4 16 0.509360599078341 0.541129032258065 28.3298251205067 3 0 0 
0 770 2.6 16 0.451075268817204 0.380645161290323 27.9799358003401 3 0 0 
1 780 5.4 16 0.475275891341256 0.51747311827957 26.0832188568294 3 0 0 
0 780 2.6 16 0.371493688639551 0.328629032258065 6.59853809800063 3 0 0 
1 790 5.4 16 0.476209677419355 0.415322580645161 53.9130824624298 3 -1 0 
0 790 2.6 17 0.364143920595534 0.335685483870968 4.65819408543564 3 1 0 
1 800 5.4 17 0.509408602150538 0.508064516129032 38.5537354011252 3 0 0 
0 800 2.6 17 0.425868486352357 0.329637096774194 6.05490541538163 3 0 0 
1 810 5.4 17 0.459792626728111 0.490591397849462 22.6128556446851 3 0 0 
0 810 2.6 17 0.369571960297767 0.339516129032258 30.6787125179028 3 0 0 
1 820 5.4 17 0.437298387096774 0.378024193548387 32.8164288596527 3 0 0 
0 820 2.6 17 0.401041666666667 0.404032258064516 35.8520912721259 3 0 0 
1 830 5.4 17 0.498185483870968 0.388104838709677 28.3320373822945 3 0 0 
0 830 2.6 17 0.457138590203106 0.397177419354839 36.8937770769447 3 0 0 
1 840 5.4 17 0.408602150537634 0.411290322580645 46.5970929594564 3 0 0 
0 840 2.6 17 0.407258064516129 0.463037634408602 35.3835025145431 3 0 0 
1 850 5.4 18 0.386180351906158 0.479838709677419 45.901801647722 3 1 0 
0 850 2.6 17 0.420087976539589 0.486559139784946 30.0490395317742 3 -1 0 
1 860 5.4 18 0.486857825567503 0.545967741935484 43.9361045963171 3 0 0 
0 860 2.6 18 0.472983870967742 0.40241935483871 28.8487776136109 3 0 0 
1 870 5.4 18 0.45426267281106 0.59758064516129 42.8961910721359 3 0 0 
0 870 2.6 18 0.413786482334869 0.363911290322581 18.0792263781941 3 0 0 
1 880 5.4 18 0.485400444938821 0.579838709677419 34.8111739412189 3 0 0 
0 880 2.6 18 0.450682382133995 0.405645161290323 22.4050357897816 3 0 0 
1 890 5.4 18 0.571930280957336 0.578225806451613 30.4722051008959 3 0 0 
0 890 2.6 18 0.495679723502304 0.390322580645161 20.6827434940365 3 0 0 
1 900 5.4 19 0.496270161290323 0.546370967741936 50.8936524245008 3 1 0 
0 900 2.6 18 0.377880184331797 0.371639784946237 29.0975677260925 3 -1 0 
1 910 5.4 19 0.507930107526882 0.529838709677419 51.3579382637648 3 1 0 
0 910 2.6 18 0.448476702508961 0.32258064516129 27.1083082574685 3 -1 0 
1 920 5.4 19 0.566679779701023 0.620161290322581 37.356934086352 3 1 0 
0 920 2.6 18 0.488479262672811 0.289746543778802 28.0907924341287 3 -1 0 
1 930 5.4 20 0.483575924468922 0.625806451612903 32.4319799333329 3 2 0 
0 930 2.6 18 0.321404569892473 0.256451612903226 16.175365135724 3 -2 0 
1 940 5.4 20 0.52366760168303 0.623991935483871 32.2102947836322 3 1 0 
0 940 2.6 19 NaN 0.300403225806452 5.48271322186755 3 -1 0 
1 950 5.4 20 0.571658986175115 0.586693548387097 6.67083203206317 3 1 0 
0 950 2.6 19 NaN 0.349798387096774 9.7443932120452 3 -1 0 
1 960 5.4 20 0.505802517702596 0.577956989247312 23.6449606598033 3 1 0 
0 960 2.6 19 0.30883431085044 0.319124423963134 12.2760851110058 3 -1 0 
1 970 5.4 20 0.524481566820276 0.619623655913979 26.5526316603221 3 1 0 
0 970 2.6 19 0.414784946236559 0.361751152073733 12.1272361285482 3 -1 0 
1 980 5.4 20 0.546283309957924 0.633064516129032 27.8028775489157 3 0 0 
0 980 2.6 20 0.426612903225806 0.400345622119816 3.17406551592977 3 0 0 
1 990 5.4 20 0.451019924098672 0.61491935483871 26.8560980039916 3 0 0 
0 990 2.6 20 0.366470223325062 0.380645161290323 18.8893020489142 3 0 0 
1 1000 5.4 20 0.476683029453015 0.63508064516129 22.9019649811976 3 0 0 
0 1000 2.6 20 0.426470588235294 0.413018433179724 28.6255808424773 3 0 0 
1 1010 5.4 20 0.532441348973607 0.354838709677419 54.7813836992094 3 0 0 
0 1010 2.6 20 0.448976426799007 0.442972350230415 13.4914671270954 3 0 0 
1 1020 5.4 20 0.364247311827957 0.266129032258065 25.0055222215742 3 0 0 
0 1020 2.6 20 0.41974505723205 0.467741935483871 13.6381540616769 3 0 0 
1 1030 5.4 20 0.407258064516129 0.362903225806452 30.6309179641174 3 0 0 
0 1030 2.6 20 0.442036290322581 0.47926267281106 15.386840963149 3 0 0 
1 1040 5.4 20 0.456265508684864 0.419354838709677 25 3 0 0 
0 1040 2.6 20 0.449260752688172 0.487231182795699 17.7035416898445 3 0 0 
1 1050 5.4 20 0.410825062034739 0.334677419354839 35.7302652243838 3 0 0 
0 1050 2.6 20 0.367400744416873 0.504704301075269 11.6177823143055 3 0 0 
1 1060 5.4 20 0.370295698924731 0.383064516129032 13.5329162787978 3 0 0 
0 1060 2.6 20 0.391774193548387 0.535483870967742 17.3232499975999 3 0 0 
1 1070 5.4 21 0.455645161290323 0.335685483870968 31.5051761004596 3 0 0 
0 1070 2.6 21 0.445698924731183 0.508064516129032 17.2819414414274 3 0 0 
1 1080 5.4 21 0.365143369175627 0.442540322580645 28.9620967788469 3 0 0 
0 1080 2.6 21 0.463399503722084 0.544354838709677 23.5765808203781 3 0 0 
1 1090 5.4 21 0.365512333965844 0.472782258064516 20.9617001849149 3 0 0 
0 1090 2.6 21 0.48234149054505 0.560483870967742 0 3 0 0 
1 1100 5.4 21 0.409457478005865 0.4375 23.7141670956549 3 0 0 
0 1100 2.6 21 0.534647550776583 0.57258064516129 0 3 0 0 
1 1110 5.4 21 0.367703533026114 0.375806451612903 18.0075556117057 3 0 0 
0 1110 2.6 21 0.481048387096774 NaN NaN 3 0 0 
1 1120 5.4 21 0.428295932678822 0.354032258064516 14.160613881715 3 0 0 
0 1120 2.6 21 0.470238095238095 0.584677419354839 17.0166607483913 3 0 0 
1 1130 5.4 21 0.447258064516129 0.389516129032258 12.4897983981144 3 0 0 
0 1130 2.6 21 0.469165085388994 0.446236559139785 53.3009485003078 3 0 0 
1 1140 5.4 22 0.458404074702886 0.458870967741936 11.3058593273264 3 1 0 
0 1140 2.6 21 0.399968982630273 0.350806451612903 22.0227155455452 3 -1 0 
1 1150 5.4 22 0.48150723025584 0.487903225806452 22.8080241069352 3 1 0 
0 1150 2.6 21 0.38494623655914 0.261088709677419 29.3163041001325 3 -1 0 
1 1160 5.4 22 0.522625448028674 0.496774193548387 28.7974659541813 3 1 0 
0 1160 2.6 21 0.3963133640553 0.341733870967742 12.9216207131272 3 -1 0 
1 1170 5.4 22 0.473698680351906 0.495967741935484 4.17022516937494 3 1 0 
0 1170 2.6 21 0.382056451612903 0.404233870967742 8.99640992893773 3 -1 0 
1 1180 5.4 22 0.523847926267281 0.510483870967742 5.09977069224698 3 1 0 
0 1180 2.6 21 0.361559139784946 0.125 0 3 -1 0 
1 1190 5.4 22 0.558320220298977 0.551612903225806 9.96434078842797 3 1 0 
0 1190 2.6 21 0.429435483870968 0.298387096774194 0 3 -1 0 
1 1200 5.4 22 0.519838709677419 0.610483870967742 24.2405530017843 3 1 0 
0 1200 2.6 21 0.296554252199414 NaN NaN 3 -1 0 
1 1210 5.4 23 0.55231324278438 0.666935483870968 25.1294632199641 3 2 1 
0 1210 2.6 21 0.278225806451613 0.211693548387097 2.5 2 -2 -1 
1 1220 5.4 23 0.609046283309958 0.695161290322581 28.8360479072089 3 2 1 
0 1220 2.6 21 0.246975806451613 0.211693548387097 2.5 2 -2 -1 
1 1230 5.4 23 0.603294440631434 0.688709677419355 28.6249335779761 3 2 1 
0 1230 2.6 21 0.29133064516129 0.201612903225806 0 2 -2 -1 
1 1240 5.4 23 0.649193548387097 0.750806451612903 19.4196549737514 3 2 2 
0 1240 2.6 21 0.290322580645161 0.157258064516129 6.16064999408308 1 -2 -2 
1 1250 5.4 23 0.721598877980365 0.763104838709677 15.877265734618 3 1 2 
0 1250 2.6 22 0.213709677419355 0.147177419354839 8.46779246356743 1 -1 -2 
1 1260 5.4 23 0.702060931899642 0.67741935483871 42.8874224669422 3 1 2 
0 1260 2.6 22 0.206653225806452 0.167338709677419 10.9201648339208 1 -1 -2 
1 1270 5.4 23 0.714809384164223 0.69758064516129 36.6986152219765 3 1 2 
0 1270 2.6 22 0.213709677419355 0.155241935483871 3.5 1 -1 -2 
