1 30 9.2 1 NaN 0.1220703125 6.19203901669657 3 0 0 
0 30 7.4 1 NaN 0.271484375 15.8208062785256 3 0 0 
1 40 9.2 1 NaN 0.1984375 20.5899176140461 3 0 0 
0 40 7.4 1 NaN 0.3375 29.649593816654 3 0 0 
1 50 9.2 1 0.36328125 0.29375 17.000151553372 3 0 0 
0 50 7.4 1 0.39453125 0.35390625 30.151617081801 3 0 0 
1 60 9.2 1 0.36328125 0.41484375 25.1945313485136 3 0 0 
0 60 7.4 1 0.39453125 0.434375 35.6608917344876 3 0 0 
1 70 9.2 1 0.36328125 0.470703125 40.9759472511773 3 0 0 
0 70 7.4 1 0.411800986842105 0.48203125 40.3257191287385 3 0 0 
1 80 9.2 1 0.465401785714286 0.40390625 52.6813481816587 3 0 0 
0 80 7.4 1 0.481770833333333 0.4953125 33.8279292042168 3 0 0 
1 90 9.2 1 0.4012451171875 0.45546875 32.903485520396 3 0 0 
0 90 7.4 1 0.429427083333333 0.48984375 31.4262835910796 3 0 0 
1 100 9.2 1 0.382133152173913 0.45 34.7099463420138 3 -1 0 
0 100 7.4 2 0.4296875 0.46796875 33.1350525135441 3 1 0 
1 110 9.2 2 0.445033482142857 0.466796875 34.4342628657378 3 0 0 
0 110 7.4 2 0.507595486111111 0.50625 33.5476325335298 3 0 0 
1 120 9.2 2 0.406939338235294 0.4345703125 35.8919038393931 3 0 0 
0 120 7.4 2 0.423573369565217 0.5125 32.2305941393027 3 0 0 
1 130 9.2 2 0.40078125 0.38828125 46.2467592685238 3 0 0 
0 130 7.4 2 0.426359953703704 0.49140625 31.6021300436822 3 0 0 
1 140 9.2 2 0.461154513888889 0.43359375 39.3283921525866 3 -1 0 
0 140 7.4 3 0.480096726190476 0.4671875 25.3087072090052 3 1 0 
1 150 9.2 3 0.378396739130435 0.4296875 27.156720690153 3 0 0 
0 150 7.4 3 0.443033854166667 0.46796875 30.7274522317132 3 0 0 
1 160 9.2 3 0.38359375 0.359375 39.0123549668413 3 0 0 
0 160 7.4 3 0.41796875 0.46484375 26.2657218139225 3 0 0 
1 170 9.2 3 0.440193965517241 0.38515625 12.6510091103901 3 0 0 
0 170 7.4 3 0.474330357142857 0.52578125 13.5219113792933 3 0 0 
1 180 9.2 3 0.4049072265625 0.36328125 20.3409009974828 3 -1 0 
0 180 7.4 4 0.417367788461538 0.52734375 7.05763556651235 3 1 0 
1 190 9.2 3 0.418220766129032 0.3921875 22.3280960074798 3 -1 0 
0 190 7.4 4 0.405133928571429 0.47109375 9.55762329972132 3 1 0 
1 200 9.2 4 0.461774553571429 0.41484375 12.5286010738389 3 0 0 
0 200 7.4 4 0.4951171875 0.5140625 6.31062648307306 3 0 0 
1 210 9.2 4 0.425202546296296 0.4046875 5.35916481499229 3 0 0 
0 210 7.4 4 0.432785560344828 0.48984375 7.93507851159796 3 0 0 
1 220 9.2 4 0.36328125 0.41328125 8.66336389950309 3 0 0 
0 220 7.4 4 0.4309375 0.50390625 7.77506938743319 3 0 0 
1 230 9.2 4 0.433837890625 0.43359375 10.0196449368897 3 0 0 
0 230 7.4 4 0.497622282608696 0.503125 11.6673357137332 3 0 0 
1 240 9.2 4 0.39741847826087 0.49921875 18.0415960123086 3 -1 0 
0 240 7.4 5 0.4530029296875 0.44140625 7.18716498810583 3 1 0 
1 250 9.2 4 0.373046875 0.46484375 14.6891164198769 3 -1 0 
0 250 7.4 5 0.410866477272727 0.39765625 17.4895210709592 3 1 0 
1 260 9.2 4 0.437337239583333 0.4578125 14.0328826105593 3 -1 0 
0 260 7.4 5 0.460546875 0.478125 11.1363694864507 3 1 0 
1 270 9.2 5 0.3985595703125 0.434895833333333 18.2439050935908 3 0 0 
0 270 7.4 5 0.436244419642857 0.4814453125 5.02502875668257 3 0 0 
1 280 9.2 5 0.413049768518519 0.42578125 20.2528153382354 3 -1 0 
0 280 7.4 6 0.411576704545455 0.49609375 5.67887395244231 3 1 0 
1 290 9.2 5 0.459859913793103 0.2453125 30.5027859977269 3 -1 0 
0 290 7.4 6 0.485617897727273 0.4234375 32.3135424496665 3 1 0 
1 300 9.2 5 0.415104166666667 0.30703125 30.3491569433262 3 -1 0 
0 300 7.4 6 0.440569196428571 0.38203125 25.5465178673143 3 1 0 
1 310 9.2 5 0.407552083333333 0.39609375 13.6579404949379 3 -1 0 
0 310 7.4 6 0.401455965909091 0.4046875 24.4563213000179 3 1 0 
1 320 9.2 5 0.43828125 0.4328125 13.5043833882772 3 -1 0 
0 320 7.4 6 0.459716796875 0.4765625 9.21992071303719 3 1 0 
1 330 9.2 6 0.395926339285714 0.42578125 14.9241223850847 3 0 0 
0 330 7.4 6 0.436197916666667 0.5203125 4.24892727689537 3 0 0 
1 340 9.2 6 0.389880952380952 0.4125 12.8376519483473 3 0 0 
0 340 7.4 6 0.40869140625 0.4921875 11.6091949361361 3 0 0 
1 350 9.2 6 0.453776041666667 0.41484375 13.7463372175171 3 0 0 
0 350 7.4 6 0.464504076086957 0.496875 6.21927965124677 3 0 0 
1 360 9.2 6 0.3955078125 0.455078125 8.84320170589653 3 0 0 
0 360 7.4 6 0.488111413043478 0.49296875 11.1344635483825 3 0 0 
1 370 9.2 6 0.398097826086957 0.502604166666667 11.0423688786462 3 -1 0 
0 370 7.4 7 0.407608695652174 0.4775390625 11.8106778468544 3 1 0 
1 380 9.2 6 0.44984375 0.501302083333333 6.08114835820978 3 -1 0 
0 380 7.4 7 0.4294921875 0.466145833333333 10.1092824422227 3 1 0 
1 390 9.2 6 0.398841594827586 0.427734375 41.1951660553678 3 -1 0 
0 390 7.4 7 0.45390625 0.3857421875 33.9549244430901 3 1 0 
1 400 9.2 6 0.4171875 0.4072265625 30.4251282639216 3 -1 0 
0 400 7.4 7 0.40913722826087 0.34921875 40.77349025258 3 1 0 
1 410 9.2 7 0.461226851851852 0.447265625 13.4845818436156 3 0 0 
0 410 7.4 7 0.49765625 0.4306640625 23.4045615526289 3 0 0 
1 420 9.2 7 0.435807291666667 0.44921875 20.6241482750152 3 0 0 
0 420 7.4 7 0.423549107142857 0.4677734375 14.7361194505976 3 0 0 
1 430 9.2 7 0.399038461538462 0.4384765625 17.1666236180196 3 -1 0 
0 430 7.4 8 0.399553571428571 0.4423828125 34.8187369685729 3 1 0 
1 440 9.2 8 0.4565625 0.37890625 22.9969823684144 3 0 0 
0 440 7.4 8 0.469651442307692 0.5263671875 23.8088601949512 3 0 0 
1 450 9.2 8 0.436266447368421 0.361328125 31.6141476759396 3 0 0 
0 450 7.4 8 0.438541666666667 0.5205078125 12.6564270403862 3 0 0 
1 460 9.2 8 0.396784855769231 0.34140625 30.7762350268765 3 0 0 
0 460 7.4 8 0.438616071428571 0.38828125 38.8982899134741 3 0 0 
1 470 9.2 8 0.45703125 0.4125 23.0037126482748 3 0 0 
0 470 7.4 8 0.501439144736842 0.48203125 38.0177528093756 3 0 0 
1 480 9.2 8 0.406502016129032 0.421875 27.6556020211748 3 -1 0 
0 480 7.4 9 0.43140625 0.52421875 33.6402540974791 3 1 0 
1 490 9.2 8 0.401529947916667 0.41171875 31.5060281022893 3 -1 0 
0 490 7.4 9 0.40966796875 0.5359375 34.5423153411122 3 1 0 
1 500 9.2 9 0.467122395833333 0.41953125 42.7568654202125 3 0 0 
0 500 7.4 9 0.481119791666667 0.5359375 40.8570980548788 3 0 0 
1 510 9.2 9 0.420123922413793 0.42890625 36.6206902155706 3 0 0 
0 510 7.4 9 0.4475 0.53984375 39.48224733547 3 0 0 
1 520 9.2 10 0.41609375 0.434375 41.1758716243308 3 1 0 
0 520 7.4 9 0.413352272727273 0.541666666666667 4.40800746768952 3 -1 0 
1 530 9.2 10 0.469122023809524 0.421875 35.3342394385227 3 1 0 
0 530 7.4 9 0.471277573529412 0.54296875 3.43791840265445 3 -1 0 
1 540 9.2 10 0.440814393939394 0.4125 22.1766116135448 3 0 0 
0 540 7.4 10 0.433134191176471 0.55078125 6.00012768794767 3 0 0 
1 550 9.2 10 0.42896412037037 0.4609375 11.0986159103426 3 0 0 
0 550 7.4 10 0.40327380952381 0.365625 35.5697716434459 3 0 0 
1 560 9.2 10 0.483309659090909 0.3994140625 5.12722564797833 3 0 0 
0 560 7.4 10 0.4681640625 0.46875 25.9269356965658 3 0 0 
1 570 9.2 10 0.461451480263158 0.484375 5.35899630343418 3 0 0 
0 570 7.4 10 0.3994140625 0.44765625 30.5049208233149 3 0 0 
1 580 9.2 11 0.441675646551724 0.48828125 39.4448810605225 3 1 0 
0 580 7.4 10 0.39453125 0.486328125 40.587846402135 3 -1 0 
1 590 9.2 11 0.493990384615385 0.521484375 39.5938713157286 3 1 0 
0 590 7.4 10 0.458675986842105 0.4326171875 38.5112616221397 3 -1 0 
1 600 9.2 11 0.46337890625 0.428385416666667 49.9227333424095 3 0 0 
0 600 7.4 11 0.402506510416667 0.31328125 43.5837249887157 3 0 0 
1 610 9.2 11 0.43505859375 0.35703125 26.2792566664176 3 0 0 
0 610 7.4 11 0.410606971153846 0.41171875 35.2764114639366 3 0 0 
1 620 9.2 11 0.439208984375 0.3765625 24.4011103050859 3 0 0 
0 620 7.4 11 0.480318509615385 0.42890625 27.7406284679126 3 0 0 
1 630 9.2 11 0.400035511363636 0.4326171875 22.8519978589926 3 0 0 
0 630 7.4 11 0.450270432692308 0.4203125 27.0137379529348 3 0 0 
1 640 9.2 11 0.374644886363636 0.412109375 6.63934120163619 3 0 0 
0 640 7.4 11 0.419994212962963 0.4078125 25.236542042553 3 0 0 
1 650 9.2 11 0.421585648148148 0.38671875 20.6698363400474 3 0 0 
0 650 7.4 11 0.464425223214286 0.446875 23.8121084667959 3 0 0 
1 660 9.2 11 0.397836538461538 0.4203125 19.4518110535682 3 0 0 
0 660 7.4 11 0.452566964285714 0.51953125 13.056657973216 3 0 0 
1 670 9.2 12 0.388327205882353 0.390625 17.4511584186754 3 0 0 
0 670 7.4 12 0.428548177083333 0.56640625 19.1045099117379 3 0 0 
1 680 9.2 12 0.42578125 0.462890625 18.7372326721021 3 0 0 
0 680 7.4 12 0.471966911764706 0.515625 36.542002826658 3 0 0 
1 690 9.2 12 0.391983695652174 0.5078125 16.4714634440721 3 0 0 
0 690 7.4 12 0.496419270833333 0.420572916666667 42.8951881644919 3 0 0 
1 700 9.2 13 0.428385416666667 0.5341796875 15.9914419120263 3 1 0 
0 700 7.4 12 0.474184782608696 0.33984375 48.1683070929747 3 -1 0 
1 710 9.2 13 0.45703125 0.5380859375 16.5145318475146 3 1 0 
0 710 7.4 12 0.552455357142857 0.3375 40.3872947970532 3 -1 0 
1 720 9.2 13 0.442853009259259 0.4345703125 24.6043853661875 3 0 0 
0 720 7.4 13 0.504507211538462 0.40703125 30.140872308316 3 0 0 
1 730 9.2 13 0.463199013157895 0.427734375 20.5658960813657 3 0 0 
0 730 7.4 13 0.522017045454545 0.4671875 27.6270959754671 3 0 0 
1 740 9.2 13 0.471354166666667 0.447265625 18.2561278212367 3 0 0 
0 740 7.4 13 0.55764678030303 0.4703125 21.9180521596757 3 0 0 
1 750 9.2 14 0.4091796875 0.455078125 31.5218522796361 3 1 0 
0 750 7.4 13 0.492042824074074 0.5078125 30.5061693424341 3 -1 0 
1 760 9.2 14 0.4734375 0.4658203125 36.8347282935883 3 1 0 
0 760 7.4 13 0.414388020833333 0.53203125 29.9626981902712 3 -1 0 
1 770 9.2 14 0.504755434782609 0.4951171875 42.7034714988386 3 1 0 
0 770 7.4 13 0.5322265625 0.54296875 5.34128038086387 3 -1 0 
1 780 9.2 14 0.450137867647059 0.55703125 22.4033784372501 3 1 0 
0 780 7.4 13 0.479403409090909 0.53125 4.35055565319917 3 -1 0 
1 790 9.2 14 0.4471875 0.5087890625 18.6466321135006 3 1 0 
0 790 7.4 13 0.400669642857143 0.4775390625 4.57930143692325 3 -1 0 
1 800 9.2 15 0.504507211538462 0.4638671875 21.1550814484057 3 2 0 
0 800 7.4 13 0.486929086538462 0.35703125 29.5158730767104 3 -2 0 
1 810 9.2 15 0.454782196969697 0.38671875 18.5144007172723 3 2 0 
0 810 7.4 13 0.465317234848485 0.3375 30.6205832950927 3 -2 0 
1 820 9.2 15 0.423063858695652 0.3662109375 18.9481440340596 3 1 0 
0 820 7.4 14 0.449558423913043 0.32890625 11.877151764181 3 -1 0 
1 830 9.2 15 0.45453125 0.4423828125 22.7774939366157 3 1 0 
0 830 7.4 14 0.495535714285714 0.365625 7.53076901902321 3 -1 0 
1 840 9.2 15 0.450226814516129 0.4892578125 23.6685070695768 3 1 0 
0 840 7.4 14 0.431463068181818 0.33125 11.8534785850244 3 -1 0 
1 850 9.2 15 0.468125 0.486328125 23.6871260421339 3 1 0 
0 850 7.4 14 0.442826704545455 0.37421875 10.3974382040147 3 -1 0 
1 860 9.2 16 0.421697443181818 0.3525390625 6.50111122604666 3 2 0 
0 860 7.4 14 0.41259765625 0.4453125 11.1241931628293 3 -2 0 
1 870 9.2 16 0.385910560344828 0.375 8.75789802725897 3 1 0 
0 870 7.4 15 0.4356689453125 0.5185546875 4.71544973826974 3 -1 0 
1 880 9.2 16 0.4009765625 0.3603515625 5.72460772723136 3 1 0 
0 880 7.4 15 0.46515625 0.5673828125 3.88832281377632 3 -1 0 
1 890 9.2 16 0.433810763888889 0.4775390625 4.6889883653484 3 1 0 
0 890 7.4 15 0.4923828125 0.4443359375 4.51491870484819 3 -1 0 
1 900 9.2 16 0.427041330645161 0.60703125 4.67349065497418 3 1 0 
0 900 7.4 15 0.420230263157895 0.3369140625 2.15837645732579 3 -1 0 
1 910 9.2 16 0.416852678571429 0.541015625 34.5137661103333 3 1 0 
0 910 7.4 15 0.390625 0.33203125 3.00324849142848 3 -1 0 
1 920 9.2 16 0.497242647058824 0.5625 30.2791179563567 3 1 0 
0 920 7.4 15 0.39765625 0.296875 17.5676428623556 3 -1 0 
1 930 9.2 17 0.459329044117647 0.625 0 3 1 0 
0 930 7.4 16 0.411221590909091 0.361328125 2.46524434315386 3 -1 0 
1 940 9.2 17 0.434895833333333 0.5234375 0 3 1 0 
0 940 7.4 16 0.4013671875 0.43359375 4.10574726874062 3 -1 0 
1 950 9.2 17 0.52806712962963 0.32421875 0 3 1 0 
0 950 7.4 16 0.401194852941177 0.552734375 18.3527142552786 3 -1 0 
1 960 9.2 17 0.435246394230769 0.39453125 0 3 1 0 
0 960 7.4 16 0.426290760869565 0.421875 33.1364609684352 3 -1 0 
1 970 9.2 17 0.418870192307692 0.2099609375 24.1169535290334 3 1 0 
0 970 7.4 16 0.493795955882353 0.3875 38.8119897772046 3 -1 0 
1 980 9.2 17 0.491365131578947 0.2646484375 23.6935773021343 3 1 0 
0 980 7.4 16 0.50927734375 0.4359375 33.2364507791884 3 -1 0 
1 990 9.2 17 0.4390625 0.3974609375 14.8967867779728 3 1 0 
0 990 7.4 16 0.40234375 0.39609375 28.0117389313505 3 -1 0 
1 1000 9.2 17 0.407087053571429 0.43359375 19.3717268759415 3 0 0 
0 1000 7.4 17 0.377672697368421 0.45390625 37.0877931083019 3 0 0 
1 1010 9.2 17 0.502170138888889 0.4345703125 5.16416402861782 3 0 0 
0 1010 7.4 17 0.441840277777778 0.45234375 28.886995791009 3 0 0 
1 1020 9.2 17 0.4573974609375 0.455078125 3.83242529200489 3 0 0 
0 1020 7.4 17 0.422762784090909 0.43671875 22.984157649006 3 0 0 
1 1030 9.2 18 0.452232142857143 0.4208984375 2.69812454660906 3 1 0 
0 1030 7.4 17 0.417279411764706 0.48515625 13.8220067347544 3 -1 0 
1 1040 9.2 18 0.52734375 0.408203125 12.2821343761642 3 1 0 
0 1040 7.4 17 0.440995065789474 0.56171875 6.62804369080168 3 -1 0 
1 1050 9.2 18 0.50849609375 0.3212890625 18.85133378493 3 1 0 
0 1050 7.4 17 0.424262152777778 0.57109375 12.4076075101888 3 -1 0 
1 1060 9.2 18 0.479838709677419 0.34140625 35.844282143762 3 1 0 
0 1060 7.4 17 0.512109375 0.59296875 16.3696334430935 3 -1 0 
1 1070 9.2 18 0.582403273809524 0.34921875 26.1734720205451 3 1 0 
0 1070 7.4 17 0.5375 0.640625 11.2953820799686 3 -1 0 
1 1080 9.2 18 0.508442540322581 0.38671875 15.1060347927759 3 0 0 
0 1080 7.4 18 0.38134765625 0.615625 13.7197905011197 3 0 0 
1 1090 9.2 18 0.529947916666667 0.4111328125 32.6218409942492 3 0 0 
0 1090 7.4 18 0.4130859375 0.5609375 28.3490526553918 3 0 0 
1 1100 9.2 18 0.585129310344828 0.43359375 50.0831115632528 3 0 0 
0 1100 7.4 18 0.4130859375 0.60625 34.7996432173959 3 0 0 
1 1110 9.2 19 0.436448317307692 0.484375 56.2647212700609 3 1 0 
0 1110 7.4 18 0.3638671875 0.510416666666667 49.0108114870268 3 -1 0 
1 1120 9.2 19 0.425967261904762 0.434895833333333 54.9364840205653 3 1 1 
0 1120 7.4 18 NaN 0.326822916666667 42.6682576279228 2 -1 -1 
1 1130 9.2 19 0.525669642857143 0.490885416666667 37.2769506593385 3 1 1 
0 1130 7.4 18 0.39453125 0.356770833333333 15.6808968023201 2 -1 -1 
1 1140 9.2 19 0.497869318181818 0.443359375 29.9593058897186 3 1 1 
0 1140 7.4 18 0.402004076086957 0.440104166666667 6.99432600901167 2 -1 -1 
1 1150 9.2 19 0.453385416666667 0.4828125 37.2577913632108 3 0 1 
0 1150 7.4 19 0.4359375 0.450520833333333 9.47859189811363 2 0 -1 
1 1160 9.2 20 0.530241935483871 0.4931640625 42.2755028474377 3 1 1 
0 1160 7.4 19 0.565755208333333 0.359375 42.9916733248105 2 -1 -1 
1 1170 9.2 20 0.49890988372093 0.536458333333333 26.1751228954169 3 1 1 
0 1170 7.4 19 0.39741847826087 0.3232421875 30.6138788908974 2 -1 -1 
1 1180 9.2 20 0.5455078125 0.497395833333333 7.95947461461624 3 1 1 
0 1180 7.4 19 0.37890625 0.345703125 27.0826623079209 2 -1 -1 
1 1190 9.2 20 0.592483108108108 0.514322916666667 4.56270107774578 3 1 1 
0 1190 7.4 19 0.466517857142857 0.447265625 22.6036510213504 2 -1 -1 
1 1200 9.2 20 0.523888221153846 0.46484375 2.19216374084716 3 1 1 
0 1200 7.4 19 0.32890625 0.450520833333333 23.0004581333455 2 -1 -1 
1 1210 9.2 20 0.506510416666667 0.41796875 37.4809366941065 3 1 1 
0 1210 7.4 19 0.356770833333333 0.42578125 10.6301458127347 2 -1 -1 
1 1220 9.2 20 0.610877403846154 0.59609375 31.4167126398537 3 1 1 
0 1220 7.4 19 0.3642578125 0.205078125 12.0208152801713 2 -1 -1 
1 1230 9.2 21 0.522736378205128 0.478125 16.7692360679762 3 2 1 
0 1230 7.4 19 0.278645833333333 0.265625 1 2 -2 -1 
1 1240 9.2 21 0.524639423076923 0.5224609375 3.83042728117521 3 2 1 
0 1240 7.4 19 0.3125 0.26171875 6.57647321898295 2 -2 -1 
1 1250 9.2 21 0.567578125 0.4638671875 39.8804808143286 3 2 1 
0 1250 7.4 19 0.3125 0.2890625 8.06225774829855 2 -2 -1 
1 1260 9.2 21 0.533327792553192 0.427734375 40.08954088639 3 2 1 
0 1260 7.4 19 0.316105769230769 0.291015625 5.70087712549569 2 -2 -1 
1 1270 9.2 21 0.537611607142857 0.5244140625 26.5164552879559 3 1 1 
0 1270 7.4 20 0.32421875 0.244140625 27.7089883785205 2 -1 -1 
1 1280 9.2 21 0.628196022727273 0.634765625 15.154434301288 3 1 1 
0 1280 7.4 20 0.32421875 0.2640625 29.0595789131853 2 -1 -1 
1 1290 9.2 21 0.513048537234043 0.68515625 5.23012717394043 3 1 1 
0 1290 7.4 20 0.298611111111111 0.2666015625 12.9355677641966 2 -1 -1 
1 1300 9.2 21 0.513901654411765 0.66875 14.4447449202072 3 1 1 
0 1300 7.4 20 0.28515625 0.30078125 17.8675683852056 2 -1 -1 
1 1310 9.2 22 0.637388392857143 0.6884765625 20.1763036059694 3 2 2 
0 1310 7.4 20 0.28515625 0.25 3.60555127546399 1 -2 -2 
1 1320 9.2 22 0.636881510416667 0.740234375 15.5964044726913 3 2 2 
0 1320 7.4 20 0.267578125 0.20703125 4.03112887414927 1 -2 -2 
1 1330 9.2 22 0.737980769230769 0.779296875 7.43303437365925 3 2 2 
0 1330 7.4 20 NaN 0.23046875 2.69258240356725 1 -2 -2 
1 1340 9.2 22 0.747721354166667 0.783203125 10.9658560997307 3 2 2 
0 1340 7.4 20 NaN 0.228515625 10.3077640640442 1 -2 -2 
1 1350 9.2 22 0.772321428571429 0.7890625 11.4017542509914 3 2 2 
0 1350 7.4 20 0.267578125 0.240234375 8.5146931829632 1 -2 -2 
