1 30 8 1 NaN 0.21015625 3.19326897069422 3 0 0 
0 30 6.4 1 NaN 0.303385416666667 20.6360464933548 3 0 0 
1 40 8 1 NaN 0.2203125 4.54105402054621 3 0 0 
0 40 6.4 1 NaN 0.41015625 22.7135390979006 3 0 0 
1 50 8 1 0.36328125 0.3078125 27.1687218186342 3 0 0 
0 50 6.4 1 0.39453125 0.467447916666667 13.2402389229932 3 0 0 
1 60 8 1 0.36328125 0.40703125 33.1255496131995 3 0 0 
0 60 6.4 1 0.39453125 0.5263671875 6.3143811166764 3 0 0 
1 70 8 1 0.3736328125 0.465625 36.5315195873159 3 0 0 
0 70 6.4 1 0.427083333333333 0.5 29.7369937874104 3 0 0 
1 80 8 1 0.45219494047619 0.44296875 30.3933828604408 3 0 0 
0 80 6.4 1 0.482840401785714 0.499441964285714 29.3759148991774 3 0 0 
1 90 8 1 0.413783482142857 0.45703125 39.3916408113591 3 0 0 
0 90 6.4 1 0.422776442307692 0.500651041666667 23.4626432254156 3 0 0 
1 100 8 2 0.395419034090909 0.490234375 44.6599756653269 3 0 0 
0 100 6.4 2 0.457217261904762 0.55078125 19.1447196013662 3 0 0 
1 110 8 2 0.457682291666667 0.4501953125 41.0436887532642 3 0 0 
0 110 6.4 2 0.485440340909091 0.552734375 6.909010212545 3 0 0 
1 120 8 2 0.415414663461538 0.40859375 45.6924479117482 3 0 0 
0 120 6.4 2 0.415591032608696 0.53984375 22.6092259388564 3 0 0 
1 130 8 3 0.387952302631579 0.42890625 34.4574681431708 3 0 0 
0 130 6.4 3 0.442894345238095 0.525 22.9918770907498 3 0 0 
1 140 8 3 0.448102678571429 0.45703125 20.6011591136495 3 0 0 
0 140 6.4 3 0.493489583333333 0.48828125 18.987177553262 3 0 0 
1 150 8 3 0.392795138888889 0.46171875 18.914853015427 3 0 0 
0 150 6.4 3 0.423046875 0.484375 25.1403584112497 3 0 0 
1 160 8 4 0.36953125 0.49921875 28.3047939858111 3 1 0 
0 160 6.4 3 0.427083333333333 0.469866071428571 32.850748339721 3 -1 0 
1 170 8 4 0.462797619047619 0.4921875 40.040090376212 3 0 0 
0 170 6.4 4 0.51171875 0.505208333333333 30.1711014447454 3 0 0 
1 180 8 4 0.372792119565217 0.41484375 49.2637565684321 3 0 0 
0 180 6.4 4 0.465921336206897 0.483072916666667 36.8685627557511 3 0 0 
1 190 8 4 0.369140625 0.41484375 49.3380116956325 3 0 0 
0 190 6.4 4 0.4564208984375 0.446614583333333 40.688576112526 3 0 0 
1 200 8 4 0.42529296875 0.4140625 29.3321435127937 3 0 0 
0 200 6.4 4 0.478885135135135 0.415364583333333 50.5124781484968 3 0 0 
1 210 8 5 0.376790364583333 0.365625 37.8490491966866 3 1 0 
0 210 6.4 4 0.477590460526316 0.43359375 39.6972064538107 3 -1 0 
1 220 8 5 0.386186079545455 0.384375 38.0015079374194 3 1 0 
0 220 6.4 4 0.456676136363636 0.4375 38.4312502994612 3 -1 0 
1 230 8 5 0.447088068181818 0.440625 14.6635468707892 3 1 0 
0 230 6.4 4 0.5028125 0.458333333333333 30.5906736381045 3 -1 0 
1 240 8 6 0.394657258064516 0.45234375 6.89156192772704 3 1 0 
0 240 6.4 5 0.40726902173913 0.50234375 40.3300976294152 3 -1 0 
1 250 8 6 0.402587890625 0.46875 6.27170670343319 3 1 0 
0 250 6.4 5 0.431175595238095 0.481119791666667 37.4502950560399 3 -1 0 
1 260 8 6 0.462890625 0.46953125 22.3260260140172 3 1 0 
0 260 6.4 5 0.497622282608696 0.473307291666667 35.0872402230848 3 -1 0 
1 270 8 6 0.434709821428571 0.4515625 27.6612873749532 3 0 0 
0 270 6.4 6 0.408118206521739 0.51328125 20.8153156771946 3 0 0 
1 280 8 6 0.384341032608696 0.43125 33.288538410488 3 0 0 
0 280 6.4 6 0.4283203125 0.498883928571429 27.987337132662 3 0 0 
1 290 8 6 0.425603693181818 0.50390625 31.7688578968493 3 0 0 
0 290 6.4 6 0.468894675925926 0.500558035714286 30.3053523899093 3 0 0 
1 300 8 7 0.400251116071429 0.4697265625 32.9351817538243 3 0 0 
0 300 6.4 7 0.4375 0.522321428571429 29.6511204858851 3 0 0 
1 310 8 7 0.4125 0.42109375 41.3085373989492 3 0 0 
0 310 6.4 7 0.446875 0.521763392857143 33.8514421162606 3 0 0 
1 320 8 7 0.474609375 0.46328125 33.7559575073137 3 0 0 
0 320 6.4 7 0.484375 0.501953125 38.758563894805 3 0 0 
1 330 8 7 0.405441810344828 0.4375 34.6152330591364 3 0 0 
0 330 6.4 7 0.436104910714286 0.499348958333333 47.7260934593115 3 0 0 
1 340 8 8 0.393465909090909 0.45 34.1228733634504 3 1 0 
0 340 6.4 7 0.418585526315789 0.453125 44.133409762174 3 -1 0 
1 350 8 8 0.448660714285714 0.446875 41.4946321173525 3 1 0 
0 350 6.4 7 0.481770833333333 0.432291666666667 32.5369532253868 3 -1 0 
1 360 8 8 0.40306712962963 0.47421875 37.7947996791492 3 1 0 
0 360 6.4 7 0.42890625 0.429036458333333 33.998535146053 3 -1 0 
1 370 8 9 0.457165948275862 0.5328125 34.9260483923526 3 1 0 
0 370 6.4 8 0.424107142857143 0.426339285714286 39.0149584439075 3 -1 0 
1 380 8 9 0.48828125 0.51953125 37.3620183459647 3 1 0 
0 380 6.4 8 0.433293269230769 0.448102678571429 38.087256729083 3 -1 0 
1 390 8 9 0.460602678571429 0.53125 38.3982110650981 3 1 0 
0 390 6.4 8 0.403076171875 0.428013392857143 29.8894133559329 3 -1 0 
1 400 8 10 0.466947115384615 0.4859375 49.9039212231914 3 2 0 
0 400 6.4 8 0.457275390625 0.435546875 14.6993829813342 3 -2 0 
1 410 8 10 0.531529017857143 0.43125 44.7999286370215 3 2 0 
0 410 6.4 8 0.469992897727273 0.4765625 17.2190351944913 3 -2 0 
1 420 8 10 0.491179435483871 0.4359375 29.5451737796398 3 2 0 
0 420 6.4 8 0.407696759259259 0.516276041666667 28.5938076622681 3 -2 0 
1 430 8 11 0.469019396551724 0.43984375 22.8042071146874 3 2 0 
0 430 6.4 9 0.472981770833333 0.40234375 41.1275425075906 3 -2 0 
1 440 8 11 0.507662259615385 0.43046875 20.4218467659164 3 2 0 
0 440 6.4 9 0.484375 0.40234375 41.1275425075906 3 -2 0 
1 450 8 11 0.45078125 0.45703125 16.3609224340663 3 2 0 
0 450 6.4 9 0.368861607142857 0.30703125 44.8067667719866 3 -2 0 
1 460 8 11 0.4765625 0.52734375 21.9306405999874 3 2 0 
0 460 6.4 9 0.408203125 0.30859375 28.4304587190034 3 -2 0 
1 470 8 11 0.578287760416667 0.4921875 33.8366857989336 3 2 0 
0 470 6.4 9 0.417613636363636 0.4 29.7913297237046 3 -2 0 
1 480 8 11 0.499310661764706 0.46953125 32.0951931725099 3 1 0 
0 480 6.4 10 0.366508152173913 0.4671875 33.6127174821646 3 -1 0 
1 490 8 12 0.415760869565217 0.43125 21.3287140946096 3 2 0 
0 490 6.4 10 0.394353693181818 0.4984375 30.4792084855068 3 -2 0 
1 500 8 12 0.438585069444444 0.45546875 18.5509107808869 3 2 0 
0 500 6.4 10 0.414620535714286 0.471354166666667 30.6486048587643 3 -2 0 
1 510 8 12 0.444234913793103 0.49140625 6.85401560472188 3 2 0 
0 510 6.4 10 0.409274193548387 0.4248046875 33.6667855333254 3 -2 0 
1 520 8 12 0.425944010416667 0.49765625 8.07239579357428 3 2 0 
0 520 6.4 10 0.41796875 0.354166666666667 48.3547076186224 3 -2 0 
1 530 8 12 0.4553125 0.48671875 15.7925267490176 3 2 0 
0 530 6.4 10 0.463961693548387 0.3662109375 31.8880402235495 3 -2 0 
1 540 8 13 0.431344696969697 0.484375 29.4925086143593 3 3 0 
0 540 6.4 10 0.467737268518518 0.41953125 18.9425781813474 3 -3 0 
1 550 8 13 0.43625 0.5015625 24.6342173615746 3 2 0 
0 550 6.4 11 0.401171875 0.419921875 20.4403272005778 3 -2 0 
1 560 8 13 0.486607142857143 0.5341796875 27.498818789588 3 2 0 
0 560 6.4 11 0.427083333333333 0.4296875 22.2998650084582 3 -2 0 
1 570 8 13 0.4267578125 0.4765625 41.411729864351 3 2 0 
0 570 6.4 11 0.468979779411765 0.46953125 8.98625584325117 3 -2 0 
1 580 8 13 0.367559523809524 0.474609375 42.0258555996181 3 2 0 
0 580 6.4 11 0.402043269230769 0.4078125 14.8020891679518 3 -2 0 
1 590 8 14 0.406875 0.486328125 35.9277284647196 3 2 0 
0 590 6.4 12 0.423828125 0.4109375 8.87180755504569 3 -2 0 
1 600 8 14 0.437109375 0.4111328125 25.8604345675996 3 2 0 
0 600 6.4 12 0.424278846153846 0.435825892857143 10.6379716549227 3 -2 0 
1 610 8 14 0.443917410714286 0.4638671875 25.7139835592099 3 2 0 
0 610 6.4 12 0.39453125 0.316964285714286 41.283867323743 3 -2 0 
1 620 8 14 0.48876953125 0.4765625 24.4235575723235 3 2 0 
0 620 6.4 12 0.446354166666667 0.347098214285714 45.8452026994665 3 -2 0 
1 630 8 14 0.4559326171875 0.51953125 27.3612409501194 3 2 0 
0 630 6.4 12 0.396935096153846 0.412388392857143 21.4757912575937 3 -2 0 
1 640 8 14 0.45458984375 0.428125 38.0505851278128 3 2 0 
0 640 6.4 12 0.406455592105263 0.436848958333333 28.981145363672 3 -2 0 
1 650 8 14 0.480608258928571 0.4640625 17.7921665290854 3 2 0 
0 650 6.4 12 0.4259765625 0.434895833333333 23.5211709205693 3 -2 0 
1 660 8 14 0.497287326388889 0.51875 11.186980215726 3 1 0 
0 660 6.4 13 0.415211397058823 0.411272321428571 13.056044060123 3 -1 0 
1 670 8 15 0.495016163793103 0.541015625 6.75096301739582 3 2 0 
0 670 6.4 13 0.396306818181818 0.41796875 7.90868013483133 3 -2 0 
1 680 8 15 0.5459375 0.5625 5.04881945261836 3 2 0 
0 680 6.4 13 0.42578125 0.408854166666667 2.42951497933823 3 -2 0 
1 690 8 16 0.530324835526316 0.634765625 3.64676869475652 3 3 0 
0 690 6.4 13 0.353794642857143 0.275390625 0.707106781186548 3 -3 0 
1 700 8 16 0.498487903225806 0.5966796875 8.56226053063598 3 3 0 
0 700 6.4 13 0.428515625 0.275390625 1.11803398874989 3 -3 0 
1 710 8 16 0.521412037037037 0.615885416666667 3.80407209622406 3 3 0 
0 710 6.4 13 0.465909090909091 0.23125 24.5833401726929 3 -3 0 
1 720 8 16 0.462775735294118 0.4390625 38.8942002009766 3 3 0 
0 720 6.4 13 0.397879464285714 0.29296875 35.5473648163917 3 -3 0 
1 730 8 16 0.429524739583333 0.4234375 18.7152551336062 3 2 0 
0 730 6.4 14 0.468133223684211 0.3671875 24.4507996948812 3 -2 0 
1 740 8 16 0.50625 0.39140625 17.0958308504317 3 2 0 
0 740 6.4 14 0.489103618421053 0.391741071428571 30.0955324983606 3 -2 0 
1 750 8 16 0.43484375 0.39375 23.3232580604935 3 2 0 
0 750 6.4 14 0.444921875 0.4609375 23.934397180937 3 -2 0 
1 760 8 16 0.427556818181818 0.46171875 26.5301523725878 3 2 0 
0 760 6.4 14 0.420454545454545 0.442708333333333 20.353368081352 3 -2 0 
1 770 8 16 0.494904891304348 0.4859375 25.227158253425 3 2 0 
0 770 6.4 14 0.485677083333333 0.424479166666667 15.8704430511159 3 -2 0 
1 780 8 16 0.449609375 0.56328125 20.2204192350739 3 2 0 
0 780 6.4 14 0.345394736842105 0.381510416666667 21.4542049512104 3 -2 0 
1 790 8 17 0.470563616071429 0.571875 11.5791797040784 3 2 0 
0 790 6.4 15 0.3125 0.34765625 17.9681392827022 3 -2 0 
1 800 8 17 0.5811767578125 0.6359375 5.58335667368186 3 2 0 
0 800 6.4 15 0.3125 0.3015625 8.3274214734681 3 -2 0 
1 810 8 17 0.490885416666667 0.68828125 1.40465075745297 3 2 0 
0 810 6.4 15 0.321614583333333 0.263671875 9.07235657227481 3 -2 0 
1 820 8 17 0.508064516129032 0.675 4.42866411235257 3 2 0 
0 820 6.4 15 0.2998046875 0.223958333333333 3.72804240785449 3 -2 0 
1 830 8 18 0.603338068181818 0.7109375 10.398760144824 3 3 1 
0 830 6.4 15 0.287109375 0.220052083333333 6.95410499441827 2 -3 -1 
1 840 8 18 0.545966569767442 0.6546875 27.2499046296176 3 3 1 
0 840 6.4 15 0.314208984375 0.193359375 3.99996707620031 2 -3 -1 
1 850 8 18 0.499330357142857 0.5953125 33.6082553175284 3 3 1 
0 850 6.4 15 0.397786458333333 0.2421875 8.41232359044167 2 -3 -1 
1 860 8 18 0.57203125 0.54765625 25.8349429275151 3 3 1 
0 860 6.4 15 0.397321428571429 0.277994791666667 3.76007994842374 2 -3 -1 
1 870 8 18 0.506433823529412 0.490625 35.9502766663435 3 3 1 
0 870 6.4 15 0.343070652173913 0.434375 21.3426751595324 2 -3 -1 
1 880 8 18 0.447566105769231 0.453125 31.6063524400882 3 2 1 
0 880 6.4 16 0.439903846153846 0.51953125 12.0067869671981 2 -2 -1 
1 890 8 18 0.534970238095238 0.4775390625 22.8552923146244 3 2 1 
0 890 6.4 16 0.433810763888889 0.536830357142857 6.72968884184751 2 -2 -1 
1 900 8 18 0.470514112903226 0.4638671875 26.2123386535512 3 2 1 
0 900 6.4 16 0.409148185483871 0.536272321428571 6.83989343056193 2 -2 -1 
1 910 8 19 0.48828125 0.3974609375 18.572264204514 3 3 1 
0 910 6.4 16 0.521484375 0.4640625 23.1413213377825 2 -3 -1 
1 920 8 19 0.5625 0.5009765625 20.0721317172097 3 3 1 
0 920 6.4 16 0.46171875 0.40625 33.5378604654176 2 -3 -1 
1 930 8 19 0.505067567567568 0.5830078125 11.7928244301509 3 3 1 
0 930 6.4 16 0.3271484375 0.34921875 9.56020819285266 2 -3 -1 
1 940 8 19 0.498914930555556 0.642578125 7.67748961722981 3 3 1 
0 940 6.4 16 0.393359375 0.46875 35.4839954483443 2 -3 -1 
1 950 8 19 0.5628662109375 0.5796875 47.8497743127372 3 3 1 
0 950 6.4 16 0.40390625 0.475260416666667 48.266982529014 2 -3 -1 
1 960 8 20 0.482477678571429 0.6203125 36.0390787077692 3 3 2 
0 960 6.4 17 0.303645833333333 0.52734375 41.3678624574399 1 -3 -2 
1 970 8 20 0.473060344827586 0.58359375 25.9897507144321 3 3 2 
0 970 6.4 17 0.3203125 0.41015625 49.6421744112824 1 -3 -2 
1 980 8 20 0.5625 0.540625 52.8206465486003 3 3 2 
0 980 6.4 17 0.3203125 0.376674107142857 51.9747118753259 1 -3 -2 
1 990 8 20 0.501581101190476 0.4859375 33.4646220476304 3 3 2 
0 990 6.4 17 0.309836647727273 0.381138392857143 46.9349778410684 1 -3 -2 
1 1000 8 20 0.478313577586207 0.35078125 25.4549224203616 3 3 2 
0 1000 6.4 17 0.37983630952381 0.441964285714286 49.756383714608 1 -3 -2 
1 1010 8 20 0.553328804347826 0.29375 11.5321163940092 3 2 2 
0 1010 6.4 18 0.38773777173913 0.3734375 34.9704895973217 1 -2 -2 
1 1020 8 20 0.458188657407407 0.24765625 17.7859271034139 3 2 2 
0 1020 6.4 18 0.458233173076923 0.40546875 38.5520422350851 1 -2 -2 
1 1030 8 20 0.413671875 0.26875 22.288041973923 3 2 2 
0 1030 6.4 18 0.431206597222222 0.384375 37.1025518673635 1 -2 -2 
1 1040 8 20 0.460248161764706 0.4208984375 34.6985745647003 3 2 2 
0 1040 6.4 18 0.471484375 0.3765625 25.1887257056054 1 -2 -2 
1 1050 8 20 0.432711693548387 0.5556640625 26.3247577242898 3 2 2 
0 1050 6.4 18 0.385416666666667 0.3515625 16.9489559924336 1 -2 -2 
1 1060 8 20 0.427139945652174 0.5703125 29.329390846285 3 1 2 
0 1060 6.4 19 0.383056640625 0.29453125 9.33483003078072 1 -1 -2 
1 1070 8 20 0.534801136363636 0.5859375 26.0475790074996 3 1 2 
0 1070 6.4 19 0.385009765625 0.261067708333333 14.4183518353165 1 -1 -2 
1 1080 8 21 0.481026785714286 0.650390625 16.5065532700444 3 2 2 
0 1080 6.4 19 0.329358552631579 0.328125 26.3102693647296 1 -2 -2 
1 1090 8 21 0.485558712121212 0.7470703125 7.8163959408025 3 2 2 
0 1090 6.4 19 0.33984375 0.314732142857143 32.686365981866 1 -2 -2 
1 1100 8 21 0.618938577586207 0.7021484375 4.69323034941855 2 2 1 
0 1100 6.4 19 0.33984375 0.381696428571429 48.7681732974796 1 -2 -1 
1 1110 8 21 0.544207317073171 0.51484375 41.8802354426834 2 2 1 
0 1110 6.4 19 0.295052083333333 0.45 49.9986287959849 1 -2 -1 
1 1120 8 21 0.536551339285714 0.47265625 37.8237541924334 2 2 1 
0 1120 6.4 19 0.391690340909091 0.38671875 37.0140768285174 1 -2 -1 
1 1130 8 21 0.600142045454545 0.4046875 36.2634370071438 2 1 1 
0 1130 6.4 20 0.391690340909091 0.409040178571429 33.6987175218441 1 -1 -1 
1 1140 8 21 0.457924107142857 0.4828125 6.3966152388773 2 1 1 
0 1140 6.4 20 0.3759765625 0.494140625 23.1759538258652 1 -1 -1 
1 1150 8 21 0.4765625 0.4890625 7.72929017726391 2 1 1 
0 1150 6.4 20 0.421037946428571 0.54375 4.47278273032041 1 -1 -1 
1 1160 8 21 0.596875 0.50546875 6.3675367092987 2 1 1 
0 1160 6.4 20 0.415147569444444 0.52890625 4.27421357772111 1 -1 -1 
1 1170 8 21 0.497618140243902 0.5140625 21.1936654843477 2 1 1 
0 1170 6.4 20 0.36015625 0.526227678571429 11.3476912121549 1 -1 -1 
1 1180 8 21 0.552684294871795 0.490625 33.5676949003383 2 1 1 
0 1180 6.4 20 0.380859375 0.481584821428571 11.5284154358955 1 -1 -1 
1 1190 8 21 0.6357421875 0.5453125 28.9752282476286 2 1 1 
0 1190 6.4 20 0.21875 0.4609375 10.5142218341976 1 -1 -1 
1 1200 8 21 0.50171493902439 0.595703125 28.105182658279 2 1 1 
0 1200 6.4 20 0.333984375 0.451171875 11.5812332968677 1 -1 -1 
1 1210 8 21 0.512451171875 0.5556640625 34.6558875683508 2 1 1 
0 1210 6.4 20 0.4125 0.4130859375 34.6972551857732 1 -1 -1 
1 1220 8 22 0.6409375 0.4130859375 49.700654742696 2 2 2 
0 1220 6.4 20 0.422230113636364 0.423177083333333 48.1909497143811 0 -2 -2 
1 1230 8 22 0.511101973684211 0.431640625 45.7320865241983 2 1 2 
0 1230 6.4 21 0.391276041666667 0.592447916666667 8.85270284604328 0 -1 -2 
1 1240 8 22 0.482060185185185 0.431640625 30.7668164225194 2 1 2 
0 1240 6.4 21 0.585069444444444 0.61328125 5.33844657395488 0 -1 -2 
1 1250 8 22 0.5909375 0.3681640625 34.9386051385135 2 1 2 
0 1250 6.4 21 0.612890625 0.567708333333333 3.76926359319337 0 -1 -2 
1 1260 8 22 0.5171875 0.3837890625 17.5560537537967 2 1 2 
0 1260 6.4 21 0.313116776315789 0.38671875 12.369316876853 0 -1 -2 
1 1270 8 22 0.486467633928571 0.3234375 22.3559640467398 2 1 2 
0 1270 6.4 21 0.3515625 0.27734375 19.3335886170942 0 -1 -2 
1 1280 8 22 0.529903017241379 0.47578125 26.23943029005 2 1 2 
0 1280 6.4 21 0.336647727272727 0.283203125 31.2538616019993 0 -1 -2 
1 1290 8 22 0.484279725609756 0.62265625 15.017375714564 2 1 2 
0 1290 6.4 21 0.318684895833333 0.315848214285714 22.0152052183671 0 -1 -2 
1 1300 8 22 0.499609375 0.646875 11.1864615695381 2 1 2 
0 1300 6.4 21 0.33828125 0.231026785714286 13.2859454773366 0 -1 -2 
1 1310 8 22 0.6078125 0.643229166666667 9.85754747202932 2 1 2 
0 1310 6.4 21 0.327008928571429 0.2421875 14.6028271330494 0 -1 -2 
1 1320 8 22 0.510663006756757 0.689453125 4.92442890089805 2 0 2 
0 1320 6.4 22 0.329520089285714 0.3046875 14.0094609508149 0 0 -2 
1 1330 8 22 0.496901939655172 0.705078125 7.63216876123687 2 0 2 
0 1330 6.4 22 0.37890625 0.271484375 13.3135269556943 0 0 -2 
1 1340 8 22 0.595640120967742 0.720703125 3.20156211871642 2 0 2 
0 1340 6.4 22 0.46015625 0.201171875 9.61769203083567 0 0 -2 
1 1350 8 22 0.536365327380952 0.75 13.0384048104053 2 0 2 
0 1350 6.4 22 0.346875 0.204427083333333 12.8901704874455 0 0 -2 
1 1360 8 22 0.50554435483871 0.6640625 16.7107749670684 2 0 2 
0 1360 6.4 22 0.416666666666667 0.266927083333333 18.2229248773505 0 0 -2 
1 1370 8 23 0.56 0.385416666666667 47.2074943730536 2 1 2 
0 1370 6.4 22 0.4921875 0.313802083333333 15.561903466677 0 -1 -2 
1 1380 8 23 0.500804227941177 0.3359375 35.2304804985009 2 1 2 
0 1380 6.4 22 0.315011160714286 0.357421875 29.5280966573541 0 -1 -2 
1 1390 8 23 0.451953125 0.37578125 32.9762496702303 2 1 2 
0 1390 6.4 22 0.366536458333333 0.4384765625 26.8056904989311 0 -1 -2 
1 1400 8 23 0.540140086206897 0.45390625 25.8626207965363 2 1 2 
0 1400 6.4 22 0.366536458333333 0.4951171875 9.260811625288 0 -1 -2 
1 1410 8 23 0.51594387755102 0.43828125 29.9744781446259 2 1 2 
0 1410 6.4 22 0.331298828125 0.512834821428571 8.02820834426755 0 -1 -2 
1 1420 8 23 0.491244612068966 0.41015625 34.5563204019001 2 1 2 
0 1420 6.4 22 0.4208984375 0.371875 46.1076887766016 0 -1 -2 
1 1430 8 23 0.6043701171875 0.47421875 18.8877397415873 2 1 2 
0 1430 6.4 22 0.4208984375 0.3076171875 43.9571129957465 0 -1 -2 
1 1440 8 23 0.593623991935484 0.52109375 11.0664847838842 2 1 2 
0 1440 6.4 22 0.269831730769231 0.359375 19.0746964079137 0 -1 -2 
1 1450 8 23 0.707868303571429 0.58828125 14.7255032050476 2 1 2 
0 1450 6.4 22 0.325954861111111 0.2548828125 4.5511898966843 0 -1 -2 
1 1460 8 23 0.688878676470588 0.61640625 15.3634391546697 2 1 2 
0 1460 6.4 22 0.30703125 0.2578125 7.38634244156579 0 -1 -2 
1 1470 8 23 0.708767361111111 0.6109375 39.7467256267203 2 1 2 
0 1470 6.4 22 0.23203125 0.21875 2.56565028495691 0 -1 -2 
1 1480 8 23 0.771763392857143 0.6943359375 40.2593781726741 2 1 2 
0 1480 6.4 22 NaN 0.19140625 5 0 -1 -2 
