1 30 10.4 1 NaN 0.26171875 19.1456739625004 3 0 0 
0 30 12.6 1 NaN 0.29375 21.8563994059379 3 0 0 
1 40 10.4 1 NaN 0.275 21.05529701549 3 0 0 
0 40 12.6 1 NaN 0.28671875 20.5293095507912 3 0 0 
1 50 10.4 1 0.36328125 0.3421875 28.9059329635694 3 0 0 
0 50 12.6 1 0.39453125 0.36328125 29.4225235252048 3 0 0 
1 60 10.4 1 0.3689453125 0.45703125 34.013716049374 3 0 0 
0 60 12.6 1 0.395182291666667 0.49453125 42.6068581127793 3 0 0 
1 70 10.4 1 0.371323529411765 0.48046875 49.7103444676587 3 0 0 
0 70 12.6 1 0.426153273809524 0.49765625 45.0645791424615 3 0 0 
1 80 10.4 1 0.43828125 0.416666666666667 43.8831235331137 3 0 0 
0 80 12.6 1 0.4755859375 0.521875 45.2513075953568 3 0 0 
1 90 10.4 1 0.389272836538462 0.31796875 47.9277483188823 3 -1 0 
0 90 12.6 2 0.4521484375 0.5359375 42.9100711833655 3 1 0 
1 100 10.4 1 0.394176136363636 0.36328125 38.7012830947957 3 -1 0 
0 100 12.6 2 0.424107142857143 0.53203125 38.5625327891686 3 1 0 
1 110 10.4 2 0.451450892857143 0.409375 41.0115985480799 3 0 0 
0 110 12.6 2 0.493607954545455 0.49140625 42.6878700477613 3 0 0 
1 120 10.4 2 0.410993303571429 0.45 42.0405518590738 3 -1 0 
0 120 12.6 3 0.431315104166667 0.496875 41.3098925563787 3 1 0 
1 130 10.4 2 0.370476973684211 0.4677734375 34.9694862790297 3 -1 0 
0 130 12.6 3 0.4142578125 0.49765625 47.0751188114698 3 1 0 
1 140 10.4 2 0.4375 0.4541015625 33.0583891266624 3 -1 0 
0 140 12.6 3 0.476004464285714 0.51328125 46.2306681574645 3 1 0 
1 150 10.4 3 0.398716517857143 0.3890625 47.4232800655713 3 -1 0 
0 150 12.6 4 0.4259765625 0.51796875 40.4229099452262 3 1 0 
1 160 10.4 3 0.382606907894737 0.408203125 37.1902126188687 3 -1 0 
0 160 12.6 4 0.413651315789474 0.51875 41.9236828823163 3 1 0 
1 170 10.4 3 0.460731907894737 0.427734375 30.6904955166876 3 -1 0 
0 170 12.6 4 0.467329545454545 0.50625 44.1662785276484 3 1 0 
1 180 10.4 4 0.395647321428571 0.3734375 48.0930581188108 3 -1 0 
0 180 12.6 5 0.45601222826087 0.51171875 44.2419110796772 3 1 0 
1 190 10.4 4 0.376439144736842 0.4109375 40.8374465229864 3 -1 0 
0 190 12.6 5 0.431547619047619 0.52421875 55.132614931633 3 1 0 
1 200 10.4 4 0.452302631578947 0.44296875 36.6781967408166 3 -1 0 
0 200 12.6 5 0.492598684210526 0.5265625 53.8344712072621 3 1 0 
1 210 10.4 5 0.406700721153846 0.4546875 39.9606089535679 3 -1 0 
0 210 12.6 6 0.457880434782609 0.440625 56.651524547701 3 1 0 
1 220 10.4 5 0.382421875 0.4515625 43.8374186069547 3 -1 0 
0 220 12.6 6 0.414240056818182 0.37890625 57.4368057906622 3 1 0 
1 230 10.4 5 0.4578125 0.45 21.7575877636922 3 -1 0 
0 230 12.6 6 0.464285714285714 0.4453125 27.8496053973281 3 1 0 
1 240 10.4 5 0.394736842105263 0.43828125 6.48225465022591 3 -1 0 
0 240 12.6 6 0.431640625 0.501953125 4.19533678007282 3 1 0 
1 250 10.4 6 0.3974609375 0.45078125 6.87722357499976 3 0 0 
0 250 12.6 6 0.426081730769231 0.4328125 34.8550989263041 3 0 0 
1 260 10.4 6 0.4375 0.44921875 5.40101203310236 3 0 0 
0 260 12.6 6 0.478877314814815 0.45859375 34.4194100947536 3 0 0 
1 270 10.4 6 0.4064453125 0.4609375 9.13624967234666 3 0 0 
0 270 12.6 6 0.451923076923077 0.49375 16.092143137452 3 0 0 
1 280 10.4 6 0.382990056818182 0.2109375 28.3019433961698 3 -1 0 
0 280 12.6 7 0.423473011363636 0.52421875 11.5289845849398 3 1 0 
1 290 10.4 6 0.42328125 0.376302083333333 12.3208431867674 3 -1 0 
0 290 12.6 7 0.457589285714286 0.5234375 4.09610037557171 3 1 0 
1 300 10.4 6 0.416015625 0.333984375 36.7893674507187 3 -1 0 
0 300 12.6 7 0.4425048828125 0.52578125 16.0881189322483 3 1 0 
1 310 10.4 6 0.376439144736842 0.340625 42.7343321406431 3 -1 0 
0 310 12.6 7 0.46195652173913 0.51171875 22.1754345860992 3 1 0 
1 320 10.4 7 0.435396634615385 0.400390625 34.260457509423 3 -1 0 
0 320 12.6 8 0.513363486842105 0.51875 27.6108101742939 3 1 0 
1 330 10.4 7 0.39921875 0.44765625 42.8925909808519 3 -1 0 
0 330 12.6 8 0.39404296875 0.5 37.5981543356831 3 1 0 
1 340 10.4 7 0.370476973684211 0.4828125 40.7707422752524 3 -1 0 
0 340 12.6 8 0.425 0.48828125 39.8193530832332 3 1 0 
1 350 10.4 7 0.430098684210526 0.4228515625 24.5461394095571 3 -1 0 
0 350 12.6 8 0.442894345238095 0.4931640625 45.8154574676665 3 1 0 
1 360 10.4 8 0.398871527777778 0.4619140625 35.3680315201437 3 0 0 
0 360 12.6 8 0.463216145833333 0.4515625 48.5628740451074 3 0 0 
1 370 10.4 8 0.397927989130435 0.3890625 48.9226878080387 3 0 0 
0 370 12.6 8 0.440625 0.41484375 35.87388442664 3 0 0 
1 380 10.4 8 0.416666666666667 0.4796875 33.5305698355881 3 -1 0 
0 380 12.6 9 0.457490808823529 0.415625 31.3123609241876 3 1 0 
1 390 10.4 8 0.437800480769231 0.5109375 27.9855493940929 3 -1 0 
0 390 12.6 9 0.429227941176471 0.4734375 14.2539858625867 3 1 0 
1 400 10.4 8 0.411946614583333 0.522135416666667 26.9622192474356 3 -1 0 
0 400 12.6 9 0.410688920454545 0.49296875 14.7430209594294 3 1 0 
1 410 10.4 8 0.4465625 0.454427083333333 21.1961627793378 3 -1 0 
0 410 12.6 9 0.448784722222222 0.5 4.40050490779985 3 1 0 
1 420 10.4 9 0.41671875 0.3525390625 46.3084131847992 3 0 0 
0 420 12.6 9 0.425998263888889 0.5109375 17.547883017988 3 0 0 
1 430 10.4 9 0.405831473214286 0.33046875 49.6754000097341 3 -1 0 
0 430 12.6 10 0.415127840909091 0.478125 37.5781865134972 3 1 0 
1 440 10.4 9 0.44265625 0.41484375 46.5298579765175 3 -1 0 
0 440 12.6 10 0.475945723684211 0.45390625 50.1518824448069 3 1 0 
1 450 10.4 9 0.430588942307692 0.4453125 42.8642242577703 3 -1 0 
0 450 12.6 10 0.478170955882353 0.5015625 45.0814943308049 3 1 0 
1 460 10.4 9 0.3875 0.4306640625 48.3132907110835 3 -1 0 
0 460 12.6 10 0.4140625 0.57421875 47.2632993167829 3 1 0 
1 470 10.4 9 0.428538602941176 0.28828125 45.9670448568174 3 -2 0 
0 470 12.6 11 0.450994318181818 0.52734375 42.8881828206363 3 2 0 
1 480 10.4 10 0.402994791666667 0.3796875 37.839358615633 3 -1 0 
0 480 12.6 11 0.482167119565217 0.51484375 32.6267453538985 3 1 0 
1 490 10.4 10 0.373325892857143 0.40625 11.5203024409117 3 -1 0 
0 490 12.6 11 0.45458984375 0.51015625 12.7298022405037 3 1 0 
1 500 10.4 10 0.423363095238095 0.43828125 13.4353985235646 3 -1 0 
0 500 12.6 11 0.454799107142857 0.5375 6.4781839692931 3 1 0 
1 510 10.4 10 0.399088541666667 0.419921875 6.96832860236408 3 -1 0 
0 510 12.6 11 0.461072198275862 0.55078125 11.0906165408891 3 1 0 
1 520 10.4 10 0.395474137931034 0.3974609375 22.6204169738418 3 -1 0 
0 520 12.6 11 0.43890625 0.5810546875 6.05935022005121 3 1 0 
1 530 10.4 11 0.426589439655172 0.4306640625 27.3423431616696 3 0 0 
0 530 12.6 11 0.480808423913043 0.560546875 6.0023777430764 3 0 0 
1 540 10.4 11 0.376708984375 0.36875 45.3512283728283 3 0 0 
0 540 12.6 11 0.464029947916667 0.5595703125 15.9409208836423 3 0 0 
1 550 10.4 11 0.380108173076923 0.3720703125 47.6307043250204 3 -1 0 
0 550 12.6 12 0.48193359375 0.443359375 40.8026238738486 3 1 0 
1 560 10.4 11 0.37890625 0.4228515625 34.0118953785023 3 -1 0 
0 560 12.6 12 0.489583333333333 0.501953125 27.3771585875905 3 1 0 
1 570 10.4 12 0.362630208333333 0.36328125 43.7008831574215 3 0 0 
0 570 12.6 12 0.444986979166667 0.5615234375 11.9464875034916 3 0 0 
1 580 10.4 12 0.373046875 0.3328125 36.7189623929381 3 0 0 
0 580 12.6 12 0.479166666666667 0.525 40.4911151439688 3 0 0 
1 590 10.4 12 0.36328125 0.39765625 27.9598314697225 3 0 0 
0 590 12.6 12 0.5029296875 0.4984375 35.1767645048681 3 0 0 
1 600 10.4 12 0.36279296875 0.45625 19.2210303048283 3 0 0 
0 600 12.6 12 0.499540441176471 0.4853515625 18.2070696460232 3 0 0 
1 610 10.4 12 0.377790178571429 0.40078125 15.7562808297331 3 0 0 
0 610 12.6 12 0.4224609375 0.486328125 6.38112109747633 3 0 0 
1 620 10.4 12 0.3974609375 0.4234375 14.8480218329485 3 0 0 
0 620 12.6 12 0.436612215909091 0.5009765625 17.3963966128139 3 0 0 
1 630 10.4 12 0.427837171052632 0.4453125 7.58747611308871 3 -1 0 
0 630 12.6 13 0.441964285714286 0.45390625 33.2361986032767 3 1 0 
1 640 10.4 13 0.416316105769231 0.4833984375 35.9737003095606 3 0 0 
0 640 12.6 13 0.427556818181818 0.5015625 6.74551390722865 3 0 0 
1 650 10.4 13 0.415 0.490885416666667 55.2902465204753 3 0 0 
0 650 12.6 13 0.457356770833333 0.54375 9.2725178782097 3 0 0 
1 660 10.4 13 0.477306547619048 0.3779296875 59.1736000092178 3 0 0 
0 660 12.6 13 0.420572916666667 0.5484375 25.9225995754715 3 0 0 
1 670 10.4 13 0.418619791666667 0.372395833333333 37.2011112509699 3 -1 0 
0 670 12.6 14 0.41328125 0.5390625 36.2336228672086 3 1 0 
1 680 10.4 14 0.412703804347826 0.453125 4.60977222864644 3 0 0 
0 680 12.6 14 0.412946428571429 0.521484375 29.4855344838943 3 0 0 
1 690 10.4 14 0.442157451923077 0.279296875 43.0922273674103 3 0 0 
0 690 12.6 14 0.438988095238095 0.546875 11.926125790408 3 0 0 
1 700 10.4 14 0.397623697916667 0.328125 26.456996753321 3 0 0 
0 700 12.6 14 0.414388020833333 0.52734375 13.5224570754869 3 0 0 
1 710 10.4 14 0.4306640625 0.33828125 38.0955324178551 3 0 0 
0 710 12.6 14 0.472284226190476 0.4658203125 48.3587590210987 3 0 0 
1 720 10.4 14 0.430715460526316 0.4 31.383968134854 3 -1 0 
0 720 12.6 15 0.4296875 0.4658203125 41.8743396046092 3 1 0 
1 730 10.4 14 0.401953125 0.4482421875 24.8233099344984 3 -1 0 
0 730 12.6 15 0.431315104166667 0.490234375 21.8060706011122 3 1 0 
1 740 10.4 15 0.421142578125 0.443359375 21.7313138121007 3 0 0 
0 740 12.6 15 0.449739583333333 0.421875 40.1811658019124 3 0 0 
1 750 10.4 15 0.422214673913043 0.440104166666667 52.9878384385378 3 0 0 
0 750 12.6 15 0.48046875 0.43359375 31.1685316786337 3 0 0 
1 760 10.4 15 0.373560855263158 0.442708333333333 47.1083016331104 3 0 0 
0 760 12.6 15 0.475142045454545 0.4970703125 13.8239556062699 3 0 0 
1 770 10.4 15 0.396267361111111 0.30703125 45.8032342732177 3 0 0 
0 770 12.6 15 0.515830592105263 0.552734375 10.1871608278437 3 0 0 
1 780 10.4 15 0.420735677083333 0.33984375 33.7967614881716 3 -1 0 
0 780 12.6 16 0.423930921052632 0.46796875 44.2816809796587 3 1 0 
1 790 10.4 15 0.399680397727273 0.39375 23.0517996251324 3 -1 0 
0 790 12.6 16 0.4013671875 0.496875 26.3203312520426 3 1 0 
1 800 10.4 16 0.436011904761905 0.4921875 32.5165524539924 3 0 0 
0 800 12.6 16 0.471261160714286 0.48046875 20.9501872080611 3 0 0 
1 810 10.4 16 0.409412202380952 0.45 46.3201074992313 3 0 0 
0 810 12.6 16 0.442085597826087 0.4619140625 36.8565153266053 3 0 0 
1 820 10.4 16 0.388417119565217 0.40234375 50.5526188092397 3 0 0 
0 820 12.6 16 0.408288043478261 0.4697265625 38.7789266379159 3 0 0 
1 830 10.4 16 0.446957236842105 0.4390625 38.4468869011187 3 0 0 
0 830 12.6 16 0.465731534090909 0.4970703125 45.5082006952102 3 0 0 
1 840 10.4 16 0.416015625 0.43203125 36.3613104710444 3 0 0 
0 840 12.6 16 0.445963541666667 0.41796875 54.1454886764861 3 0 0 
1 850 10.4 16 0.376775568181818 0.3890625 33.8104641104983 3 0 0 
0 850 12.6 16 0.401041666666667 0.45390625 38.5052871823765 3 0 0 
1 860 10.4 16 0.411800986842105 0.37890625 14.9949637090924 3 -1 0 
0 860 12.6 17 0.44970703125 0.50078125 11.5749903379908 3 1 0 
1 870 10.4 16 0.425564236111111 0.3875 11.9968455495265 3 -1 0 
0 870 12.6 17 0.458984375 0.56796875 5.1711491197899 3 1 0 
1 880 10.4 17 0.395432692307692 0.388020833333333 12.3003525130377 3 0 0 
0 880 12.6 17 0.428498641304348 0.6046875 10.7919555318692 3 0 0 
1 890 10.4 17 0.421006944444444 0.384765625 28.1511896084118 3 0 0 
0 890 12.6 17 0.446614583333333 0.5927734375 8.55261524858473 3 0 0 
1 900 10.4 17 0.458683894230769 0.4169921875 23.0604794156928 3 0 0 
0 900 12.6 17 0.445612980769231 0.5556640625 7.01728781801783 3 0 0 
1 910 10.4 17 0.419375 0.328125 17.3625817519771 3 0 0 
0 910 12.6 17 0.406427556818182 0.525390625 20.2172578213214 3 0 0 
1 920 10.4 17 0.399356617647059 0.4462890625 25.6452575259633 3 0 0 
0 920 12.6 17 0.4234375 0.4833984375 27.6924752750669 3 0 0 
1 930 10.4 17 0.430989583333333 0.46015625 47.9408089011616 3 0 0 
0 930 12.6 17 0.452752976190476 0.501953125 29.8011057718875 3 0 0 
1 940 10.4 17 0.378534226190476 0.392578125 30.6208507492082 3 -1 0 
0 940 12.6 18 0.401041666666667 0.37890625 39.7133078672654 3 1 0 
1 950 10.4 18 0.417119565217391 0.3828125 39.6459728746425 3 0 0 
0 950 12.6 18 0.458984375 0.4228515625 36.6239641192166 3 0 0 
1 960 10.4 18 0.429893092105263 0.43359375 26.8109159434047 3 0 0 
0 960 12.6 18 0.486430921052632 0.5185546875 47.5680605005563 3 0 0 
1 970 10.4 18 0.425958806818182 0.5546875 19.2415267805777 3 0 0 
0 970 12.6 18 0.4044921875 0.529296875 51.3820929222408 3 0 0 
1 980 10.4 18 0.437322443181818 0.56640625 26.7461343131893 3 0 0 
0 980 12.6 18 0.407645089285714 0.45703125 22.6327633148065 3 0 0 
1 990 10.4 18 0.437144886363636 0.503125 15.90954030128 3 0 0 
0 990 12.6 18 0.400505514705882 0.5068359375 8.52520641345111 3 0 0 
1 1000 10.4 19 0.404296875 0.431640625 15.5890051529508 3 1 0 
0 1000 12.6 18 0.428079044117647 0.4248046875 33.9406038388224 3 -1 0 
1 1010 10.4 19 0.433376736111111 0.4203125 27.3720915817445 3 1 0 
0 1010 12.6 18 0.452907986111111 0.43359375 21.0429289917742 3 -1 0 
1 1020 10.4 19 0.4459228515625 0.4640625 28.9505915626335 3 1 0 
0 1020 12.6 18 0.413445723684211 0.50390625 16.8189507673615 3 -1 0 
1 1030 10.4 19 0.389026988636364 0.4794921875 39.4632911100882 3 0 0 
0 1030 12.6 19 0.505859375 0.473958333333333 4.94894352744902 3 0 0 
1 1040 10.4 19 0.474609375 0.46875 33.5449410482397 3 0 0 
0 1040 12.6 19 0.504340277777778 0.510416666666667 7.48537935597061 3 0 0 
1 1050 10.4 20 0.403428819444444 0.423828125 20.3038721866389 3 1 0 
0 1050 12.6 19 0.373697916666667 0.4453125 19.3214385481012 3 -1 0 
1 1060 10.4 20 0.372395833333333 0.421875 15.0477064656869 3 1 0 
0 1060 12.6 19 0.446707589285714 0.325 36.7782016472189 3 -1 0 
1 1070 10.4 20 0.533203125 0.41015625 4.5985901623925 3 1 0 
0 1070 12.6 19 0.4697265625 0.4 19.7805494037275 3 -1 0 
1 1080 10.4 20 0.480823863636364 0.4189453125 9.37570922157653 3 1 0 
0 1080 12.6 19 0.49951171875 0.4234375 6.22107920377239 3 -1 0 
1 1090 10.4 20 0.374098557692308 0.431640625 25.2125505811161 3 1 0 
0 1090 12.6 19 0.495584239130435 0.41953125 8.80987428389603 3 -1 0 
1 1100 10.4 20 0.37890625 0.34921875 40.6432354486092 3 1 0 
0 1100 12.6 19 0.50078125 0.490625 16.9682670829165 3 -1 0 
1 1110 10.4 20 0.449652777777778 0.35859375 37.6113259988536 3 1 0 
0 1110 12.6 19 0.483072916666667 0.446875 18.405647768871 3 -1 0 
1 1120 10.4 20 0.428635817307692 0.34140625 27.7359213809746 3 1 0 
0 1120 12.6 19 0.46 0.3984375 18.6045761911671 3 -1 0 
1 1130 10.4 20 0.469651442307692 0.28125 25.2970525702982 3 0 0 
0 1130 12.6 20 0.461616847826087 0.26328125 8.49933115694768 3 0 0 
1 1140 10.4 20 0.428485576923077 0.3265625 31.0111246161641 3 0 0 
0 1140 12.6 20 0.439174107142857 0.21796875 1.95968844434632 3 0 0 
1 1150 10.4 20 0.421037946428571 0.3421875 22.8576169897974 3 0 0 
0 1150 12.6 20 0.441136853448276 0.371875 16.5864717103781 3 0 0 
1 1160 10.4 21 0.435546875 0.428125 28.7834703197188 3 1 0 
0 1160 12.6 20 0.4609375 0.434375 23.267903382635 3 -1 0 
1 1170 10.4 21 0.481119791666667 0.45078125 29.9604210087565 3 1 0 
0 1170 12.6 20 0.413628472222222 0.470703125 26.5075546831037 3 -1 0 
1 1180 10.4 21 0.465599798387097 0.44921875 26.4028150746391 3 1 0 
0 1180 12.6 20 0.388786764705882 0.5 22.9753064534352 3 -1 0 
1 1190 10.4 21 0.480698529411765 0.53671875 15.5665051817551 3 1 0 
0 1190 12.6 20 0.399274553571429 0.4580078125 6.62409483431841 3 -1 0 
1 1200 10.4 21 0.529854910714286 0.559895833333333 15.9832358734318 3 1 0 
0 1200 12.6 20 0.378551136363636 0.451822916666667 2.28135053887289 3 -1 0 
1 1210 10.4 21 0.493840144230769 0.3779296875 37.7609046021709 3 1 0 
0 1210 12.6 20 0.429332386363636 0.45703125 7.28010988928052 3 -1 0 
1 1220 10.4 21 0.531700721153846 0.3740234375 29.1387501763319 3 1 0 
0 1220 12.6 20 0.489701704545455 0.564453125 7.76208734813001 3 -1 0 
1 1230 10.4 22 0.471223958333333 0.4052734375 26.9876524098755 3 1 0 
0 1230 12.6 21 0.398026315789474 0.546875 0 3 -1 0 
1 1240 10.4 22 0.450231481481481 0.4775390625 19.9544434169001 3 1 0 
0 1240 12.6 21 0.422526041666667 0.27734375 31.8943568676341 3 -1 0 
1 1250 10.4 22 0.51953125 0.56640625 22.5475194441682 3 1 0 
0 1250 12.6 21 0.4619140625 0.236328125 3.64005494464026 3 -1 0 
1 1260 10.4 22 0.510009765625 0.5046875 44.6837690656987 3 1 0 
0 1260 12.6 21 0.333984375 0.26953125 6.32455532033676 3 -1 0 
1 1270 10.4 22 0.534122242647059 0.534375 35.3727097383248 3 1 0 
0 1270 12.6 21 0.30859375 0.2265625 30.3191988867115 3 -1 0 
1 1280 10.4 22 0.588579963235294 0.48828125 33.441624958973 3 1 0 
0 1280 12.6 21 0.30078125 0.272135416666667 16.6191840580122 3 -1 0 
1 1290 10.4 22 0.564789870689655 0.55078125 13.7756756051759 3 1 0 
0 1290 12.6 21 0.358506944444444 0.2890625 13.7449051813845 3 -1 0 
1 1300 10.4 22 0.463802083333333 0.6890625 12.9476374023465 3 1 0 
0 1300 12.6 21 0.407552083333333 0.2685546875 21.9580707692247 3 -1 0 
1 1310 10.4 22 0.490162037037037 0.72578125 6.54074845650386 3 1 0 
0 1310 12.6 21 0.424479166666667 0.2431640625 3.36442528532593 3 -1 0 
1 1320 10.4 22 0.522181919642857 0.63203125 13.0031765281214 3 1 0 
0 1320 12.6 21 0.38916015625 0.2919921875 7.27165620563689 3 -1 0 
1 1330 10.4 22 0.47265625 0.50625 19.4571916632191 3 1 0 
0 1330 12.6 21 0.35 0.357421875 30.6121086271343 3 -1 0 
1 1340 10.4 22 0.502757352941177 0.54140625 17.4251590740761 3 1 0 
0 1340 12.6 21 0.345703125 0.3984375 23.2610311161129 3 -1 0 
1 1350 10.4 22 0.549172794117647 0.53046875 16.5306435229747 3 1 0 
0 1350 12.6 21 0.328559027777778 0.35625 33.0949790239793 3 -1 0 
1 1360 10.4 22 0.4998046875 0.4736328125 7.21108972557466 3 1 0 
0 1360 12.6 21 0.33203125 0.42578125 22.3214622096398 3 -1 0 
1 1370 10.4 22 0.526878720238095 0.43359375 38.1267566626464 3 1 0 
0 1370 12.6 21 0.33203125 0.5140625 5.81032230453587 3 -1 0 
1 1380 10.4 22 0.534722222222222 0.3994140625 41.3550452656444 3 1 0 
0 1380 12.6 21 0.315104166666667 0.57890625 10.9587005190779 3 -1 0 
1 1390 10.4 23 0.5259765625 0.4423828125 39.6831223118913 3 1 0 
0 1390 12.6 22 0.338134765625 0.46875 20.4345062342914 3 -1 0 
1 1400 10.4 23 0.54541015625 0.3525390625 23.3026515968451 3 1 0 
0 1400 12.6 22 0.338134765625 0.3546875 9.89485333855172 3 -1 0 
1 1410 10.4 23 0.512760416666667 0.3759765625 17.2314344371561 3 1 0 
0 1410 12.6 22 0.354248046875 0.4328125 15.0030932278479 3 -1 0 
1 1420 10.4 23 0.461441532258065 0.40234375 22.1885171419979 3 1 0 
0 1420 12.6 22 0.407001201923077 0.540625 13.0913900139458 3 -1 0 
1 1430 10.4 23 0.499674479166667 0.3359375 2.82842712474619 3 1 0 
0 1430 12.6 22 0.407001201923077 0.5578125 10.5677721529106 3 -1 0 
1 1440 10.4 23 0.4625 0.3349609375 31.7658767872398 3 1 0 
0 1440 12.6 22 0.413736979166667 0.51953125 29.7572375017862 3 -1 0 
1 1450 10.4 23 0.443561422413793 0.3818359375 12.4741437356753 3 1 0 
0 1450 12.6 22 0.425130208333333 0.54609375 23.8476979256233 3 -1 0 
1 1460 10.4 23 0.52898185483871 0.3876953125 2.72891792679035 3 1 0 
0 1460 12.6 22 0.49609375 0.57421875 8.56798255126037 3 -1 0 
1 1470 10.4 23 0.550277217741936 0.419921875 3.20908772462886 3 1 0 
0 1470 12.6 22 0.3388671875 0.4501953125 7.30591754557625 3 -1 0 
1 1480 10.4 23 0.486049107142857 0.35390625 27.100594003147 3 1 0 
0 1480 12.6 22 0.390625 0.3427734375 22.2520534209373 3 -1 0 
1 1490 10.4 23 0.52734375 0.3640625 25.2304800062718 3 1 0 
0 1490 12.6 22 0.415625 0.2841796875 12.6602223601954 3 -1 0 
1 1500 10.4 23 0.518275669642857 0.4375 25.9658530709161 3 1 0 
0 1500 12.6 22 0.353732638888889 0.3505859375 14.7450477516308 3 -1 0 
1 1510 10.4 23 0.448949353448276 0.45625 23.2959948349567 3 1 0 
0 1510 12.6 22 0.360595703125 0.38671875 9.99775611978876 3 -1 0 
1 1520 10.4 23 0.498235887096774 0.5046875 9.36751676601704 3 1 0 
0 1520 12.6 22 0.360595703125 0.4111328125 8.97648890423885 3 -1 0 
1 1530 10.4 23 0.524884259259259 0.509375 8.41261982293572 3 1 0 
0 1530 12.6 22 0.35595703125 0.3875 13.2129594812738 3 -1 0 
1 1540 10.4 23 0.425631009615385 0.49921875 2.00315856934906 3 0 0 
0 1540 12.6 23 0.360863095238095 0.425 7.61574452887621 3 0 0 
1 1550 10.4 23 0.471144153225806 0.505859375 5.53442873171092 3 0 0 
0 1550 12.6 23 0.360863095238095 0.44296875 9.05784696226563 3 0 0 
1 1560 10.4 23 0.498214285714286 0.4140625 5.16904715271676 3 0 0 
0 1560 12.6 23 0.366753472222222 0.51328125 7.97051281791639 3 0 0 
1 1570 10.4 23 0.461216517857143 0.365885416666667 18.7194631669927 3 0 0 
0 1570 12.6 23 0.384114583333333 0.50078125 11.4636905720686 3 0 0 
1 1580 10.4 23 0.476332720588235 0.37109375 39.5211486476691 3 0 0 
0 1580 12.6 23 0.38453125 0.4638671875 12.84466848179 3 0 0 
1 1590 10.4 23 0.361860795454545 0.453125 43.7522843500559 3 0 0 
0 1590 12.6 23 0.449079241071429 0.42578125 4.20204047610946 3 0 0 
1 1600 10.4 23 0.361328125 0.5 55.4707129934347 3 0 0 
0 1600 12.6 23 0.48421875 0.4326171875 1.63595594013756 3 0 0 
1 1610 10.4 23 0.36171875 0.41015625 65.6464679978113 3 0 0 
0 1610 12.6 23 0.596205357142857 0.4208984375 9.10288456048006 3 0 0 
1 1620 10.4 23 0.26953125 0.1953125 35.1527493907231 3 0 0 
0 1620 12.6 23 0.581758720930233 0.408203125 27.7841595281525 3 0 0 
1 1630 10.4 24 0.36328125 0.236328125 20.5150810430605 3 1 0 
0 1630 12.6 23 0.543472782258065 0.3583984375 35.7418828664841 3 -1 0 
1 1640 10.4 24 0.315104166666667 0.2080078125 4.09449033979177 3 1 0 
0 1640 12.6 23 0.612525201612903 0.443359375 22.8699623788887 3 -1 0 
1 1650 10.4 24 0.26123046875 0.1953125 3.69647279074073 3 1 0 
0 1650 12.6 23 0.578881048387097 0.49140625 39.8196780313177 3 -1 0 
1 1660 10.4 24 0.259114583333333 0.1904296875 2.77684438023287 3 1 0 
0 1660 12.6 23 0.519800646551724 0.61015625 30.7211985073273 3 -1 0 
1 1670 10.4 24 0.259114583333333 0.2392578125 24.0442218427913 3 0 0 
0 1670 12.6 24 0.533270474137931 0.63046875 8.85225225045896 3 0 0 
1 1680 10.4 24 0.276141826923077 0.283203125 15.5013582164009 3 0 0 
0 1680 12.6 24 0.566540948275862 0.6734375 7.15918916859955 3 0 0 
1 1690 10.4 24 0.288240131578947 0.256510416666667 9.20531079736016 3 0 0 
0 1690 12.6 24 0.529364224137931 0.67890625 4.71533952338646 3 0 0 
1 1700 10.4 24 0.286305147058824 0.264322916666667 4.46165055474678 3 0 0 
0 1700 12.6 24 0.570542279411765 0.701171875 5.73036202215408 3 0 0 
1 1710 10.4 24 0.284040178571429 0.265625 7.46141410272794 3 0 0 
0 1710 12.6 24 0.55390625 0.685546875 7.64114327654793 3 0 0 
1 1720 10.4 24 0.317057291666667 0.190104166666667 10.5308928447491 3 0 0 
0 1720 12.6 24 0.500868055555556 0.6845703125 5.05844661125986 3 0 0 
1 1730 10.4 24 0.317057291666667 0.256510416666667 10.744082658487 3 0 0 
0 1730 12.6 24 0.5625 0.662109375 9.36994118706352 3 0 0 
1 1740 10.4 24 0.352864583333333 0.2109375 30.6021005944781 3 0 0 
0 1740 12.6 24 0.572395833333333 0.6923828125 9.90845808078313 3 0 0 
1 1750 10.4 24 0.41259765625 0.2734375 35.0061855020926 3 0 0 
0 1750 12.6 24 0.4971923828125 0.552734375 31.3570981411678 3 0 0 
1 1760 10.4 24 0.421875 0.3525390625 33.5790898635452 3 0 0 
0 1760 12.6 24 0.533457880434783 0.427734375 10.0597934227303 3 0 0 
1 1770 10.4 24 0.473599137931034 0.3734375 14.000730418082 3 0 0 
0 1770 12.6 24 0.584590517241379 0.378125 29.423277651634 3 0 0 
1 1780 10.4 24 0.490234375 0.4130859375 16.860881731386 3 0 0 
0 1780 12.6 24 0.505787037037037 0.3859375 26.3902527987985 3 0 0 
1 1790 10.4 24 0.505126953125 0.3734375 19.6383295126839 3 0 0 
0 1790 12.6 24 0.616629464285714 0.48359375 11.5882185138328 3 0 0 
1 1800 10.4 24 0.5379638671875 0.40078125 11.2082173054464 3 0 0 
0 1800 12.6 24 0.5482177734375 0.5328125 6.051085687602 3 0 0 
1 1810 10.4 24 0.558733258928571 0.43671875 12.6492792078613 3 0 0 
0 1810 12.6 24 0.581896551724138 0.5498046875 6.53678362240985 3 0 0 
1 1820 10.4 25 0.610863095238095 0.4853515625 5.99940812394552 3 1 0 
0 1820 12.6 24 0.648582175925926 0.4794921875 13.8138562922022 3 -1 0 
1 1830 10.4 25 0.506510416666667 0.434375 32.5700825162541 3 1 0 
0 1830 12.6 24 0.530517578125 0.427734375 3.80641583327501 3 -1 0 
1 1840 10.4 25 0.463610197368421 0.41640625 36.8008424715972 3 1 1 
0 1840 12.6 24 0.495383522727273 0.337890625 6.5459670536339 2 -1 -1 
1 1850 10.4 25 0.510485197368421 0.3625 21.4909140999456 3 1 1 
0 1850 12.6 24 0.60249255952381 0.28125 13.8321344445149 2 -1 -1 
1 1860 10.4 25 0.391369047619048 0.3984375 24.0116446744788 3 1 1 
0 1860 12.6 24 0.509598214285714 0.3896484375 36.8319574203371 2 -1 -1 
1 1870 10.4 25 0.39208984375 0.40078125 30.7283316217706 3 1 1 
0 1870 12.6 24 0.483473557692308 0.3765625 48.5692161229675 2 -1 -1 
1 1880 10.4 25 0.357113486842105 0.44609375 37.9452045411672 3 1 1 
0 1880 12.6 24 0.45390625 0.378125 30.0044404282096 2 -1 -1 
1 1890 10.4 25 0.465087890625 0.4953125 38.5292242253458 3 1 1 
0 1890 12.6 24 0.404575892857143 0.296875 20.4035605741008 2 -1 -1 
1 1900 10.4 25 0.49375 0.5673828125 26.7481441363717 3 1 1 
0 1900 12.6 24 0.41796875 0.31875 16.1256265986374 2 -1 -1 
1 1910 10.4 25 0.541360294117647 0.522135416666667 57.0702155302626 3 0 1 
0 1910 12.6 25 0.41796875 0.2587890625 3.48770734234984 2 0 -1 
1 1920 10.4 25 0.632552083333333 0.595052083333333 37.998048244033 3 0 1 
0 1920 12.6 25 0.3017578125 0.2470703125 15.6168823453181 2 0 -1 
1 1930 10.4 25 0.653428819444444 0.705729166666667 24.0128716665342 3 0 1 
0 1930 12.6 25 0.25 0.20703125 7.45887327230585 2 0 -1 
1 1940 10.4 25 0.738839285714286 0.7265625 12.4965623671171 3 0 2 
0 1940 12.6 25 0.25 0.192708333333333 5.73230674049241 1 0 -2 
1 1950 10.4 25 0.747953869047619 0.7890625 6.32455532033676 3 0 2 
0 1950 12.6 25 0.25390625 0.208984375 6.10327780786685 1 0 -2 
