1 30 12.4 1 NaN 0.285483870967742 33.5219329211408 3 0 0 
0 30 8.2 1 NaN 0.272849462365591 26.045264847242 3 0 0 
1 40 12.4 1 NaN 0.285483870967742 33.1678727284185 3 0 0 
0 40 8.2 1 NaN 0.306451612903226 26.8553752829999 3 0 0 
1 50 12.4 1 0.370967741935484 0.337903225806452 29.5024787974064 3 0 0 
0 50 8.2 1 0.370967741935484 0.386290322580645 30.5388323952365 3 0 0 
1 60 12.4 1 0.368279569892473 0.45241935483871 30.56642787226 3 0 0 
0 60 8.2 1 0.368279569892473 0.458870967741936 33.3855127243386 3 0 0 
1 70 12.4 1 0.387864823348694 0.492943548387097 28.6432772838187 3 0 0 
0 70 8.2 1 0.367996604414261 0.445161290322581 31.5952415238236 3 0 0 
1 80 12.4 1 0.474462365591398 0.486895161290323 28.6666909973317 3 0 0 
0 80 8.2 1 0.486559139784946 0.459677419354839 31.8593143133738 3 0 0 
1 90 12.4 1 0.394193548387097 0.420967741935484 44.9414891896103 3 0 0 
0 90 8.2 1 0.417533818938606 0.465322580645161 33.5033071026788 3 0 0 
1 100 12.4 1 0.409274193548387 0.459677419354839 36.6867456488171 3 -1 0 
0 100 8.2 2 0.374231950844854 0.487903225806452 34.9320194732016 3 1 0 
1 110 12.4 2 0.464717741935484 0.450604838709677 31.3820384218604 3 0 0 
0 110 8.2 2 0.471774193548387 0.465322580645161 33.8338866210743 3 0 0 
1 120 12.4 2 0.408870967741935 0.465322580645161 32.0411088518249 3 0 0 
0 120 8.2 2 0.401519851116625 0.440524193548387 28.5879216958515 3 0 0 
1 130 12.4 3 0.429939516129032 0.487903225806452 32.7963893512443 3 1 0 
0 130 8.2 2 0.376792114695341 0.383064516129032 37.2469979990025 3 -1 0 
1 140 12.4 3 0.491599462365591 0.462903225806452 37.4924741568854 3 0 0 
0 140 8.2 3 0.46505376344086 0.401612903225806 36.8243522104718 3 0 0 
1 150 12.4 3 0.422346514047867 0.489516129032258 33.4429263211516 3 0 0 
0 150 8.2 3 0.383400537634409 0.429032258064516 30.2881676186591 3 0 0 
1 160 12.4 4 0.407074780058651 0.507056451612903 26.2149749200559 3 0 0 
0 160 8.2 4 0.375403225806452 0.483870967741936 41.6877429013514 3 0 0 
1 170 12.4 4 0.475470430107527 0.461693548387097 10.8848079911322 3 0 0 
0 170 8.2 4 0.484447004608295 0.481451612903226 36.3690683674466 3 0 0 
1 180 12.4 4 0.385584677419355 0.379838709677419 29.5509156543976 3 0 0 
0 180 8.2 4 0.40621266427718 0.491129032258064 30.1347418336043 3 0 0 
1 190 12.4 4 0.407258064516129 0.45 20.9660735746699 3 0 0 
0 190 8.2 4 0.392641129032258 0.458064516129032 32.9200685374023 3 0 0 
1 200 12.4 4 0.473176718092567 0.475806451612903 11.9346816652105 3 -1 0 
0 200 8.2 5 0.483169705469846 0.479032258064516 34.2744230632965 3 1 0 
1 210 12.4 5 0.396246898263027 0.525537634408602 5.10125488542556 3 0 0 
0 210 8.2 5 0.436524453694069 0.470430107526882 47.5395696551191 3 0 0 
1 220 12.4 5 0.402126099706745 0.451612903225806 6.40052046309863 3 -1 0 
0 220 8.2 6 0.382697947214076 0.504032258064516 43.3218435455704 3 1 0 
1 230 12.4 5 0.45866935483871 0.283266129032258 50.0581544747728 3 -1 0 
0 230 8.2 6 0.484801488833747 0.39616935483871 59.1541357268029 3 1 0 
1 240 12.4 6 0.393765508684864 0.40241935483871 23.1048764426294 3 0 0 
0 240 8.2 6 0.416199158485273 0.425403225806452 41.2416551423805 3 0 0 
1 250 12.4 6 0.404516129032258 0.460483870967742 14.673369872682 3 0 0 
0 250 8.2 6 0.368279569892473 0.45866935483871 38.3579335303677 3 0 0 
1 260 12.4 6 0.481290322580645 0.520161290322581 8.21188122909716 3 0 0 
0 260 8.2 6 0.452508960573477 0.401209677419355 55.9324363672958 3 0 0 
1 270 12.4 6 0.422165200391007 0.495967741935484 6.45063359380821 3 0 0 
0 270 8.2 6 0.408434139784946 0.401881720430108 48.8636158866642 3 0 0 
1 280 12.4 7 0.425558312655087 0.487096774193548 5.91137170747572 3 1 0 
0 280 8.2 6 0.388196480938416 0.359879032258065 49.1863348154358 3 -1 0 
1 290 12.4 7 0.482221407624633 0.526612903225806 15.6262545143306 3 0 0 
0 290 8.2 7 0.447043010752688 0.366935483870968 38.4821907614196 3 0 0 
1 300 12.4 7 0.453341013824885 0.529838709677419 31.9465995375862 3 0 0 
0 300 8.2 7 0.414746543778802 0.400806451612903 33.3130790322131 3 0 0 
1 310 12.4 7 0.470863683662851 0.541129032258065 40.4682177313759 3 0 0 
0 310 8.2 7 0.378744239631336 0.367741935483871 33.7913443786164 3 0 0 
1 320 12.4 8 0.542183622828784 0.503225806451613 37.1875787882724 3 1 0 
0 320 8.2 7 0.472926267281106 0.404838709677419 36.5117115368269 3 -1 0 
1 330 12.4 8 0.411887694145759 0.45241935483871 32.2987128448835 3 0 0 
0 330 8.2 8 0.374266862170088 0.420161290322581 32.7696829828387 3 0 0 
1 340 12.4 8 0.368279569892473 0.430443548387097 31.2370124950509 3 0 0 
0 340 8.2 8 0.375 0.405241935483871 28.9356858795066 3 0 0 
1 350 12.4 8 0.471102150537634 0.438709677419355 36.3174283249194 3 0 0 
0 350 8.2 8 0.48366935483871 0.415322580645161 25.1008194430677 3 0 0 
1 360 12.4 9 0.436195445920304 0.469354838709677 29.9949836869978 3 1 0 
0 360 8.2 8 0.373717008797654 0.40625 23.7246705839739 3 -1 0 
1 370 12.4 9 0.432096774193548 0.523185483870968 23.2940827016747 3 1 0 
0 370 8.2 8 0.367996604414261 0.419354838709677 31.6701676997736 3 -1 0 
1 380 12.4 9 0.483467741935484 0.478225806451613 32.4828162044411 3 0 0 
0 380 8.2 9 0.471270161290323 0.45 34.3005919732255 3 0 0 
1 390 12.4 9 0.409562211981567 0.491935483870968 36.4483349183993 3 0 0 
0 390 8.2 9 0.400985663082437 0.462903225806452 32.4362985963214 3 0 0 
1 400 12.4 9 0.374575551782682 0.455645161290323 39.783538366147 3 -1 0 
0 400 8.2 10 0.38125 0.483870967741936 31.5922358398163 3 1 0 
1 410 12.4 10 0.429900744416873 0.384677419354839 50.5727773309524 3 0 0 
0 410 8.2 10 0.447849462365591 0.484677419354839 36.8368124616404 3 0 0 
1 420 12.4 10 0.402096774193548 0.381451612903226 51.5827657061601 3 0 0 
0 420 8.2 10 0.42375366568915 0.520161290322581 39.9777161597087 3 0 0 
1 430 12.4 10 0.39247311827957 0.429032258064516 44.5936496217659 3 0 0 
0 430 8.2 10 0.387096774193548 0.504838709677419 40.8278348795151 3 0 0 
1 440 12.4 10 0.494781783681214 0.441935483870968 35.4117672143975 3 0 0 
0 440 8.2 10 0.46008064516129 0.465322580645161 30.0417528542123 3 0 0 
1 450 12.4 10 0.416090629800307 0.441532258064516 23.6326045961929 3 -1 0 
0 450 8.2 11 0.403427419354839 0.475 27.2203490525653 3 1 0 
1 460 12.4 10 0.368279569892473 0.413978494623656 26.5887373212698 3 -1 0 
0 460 8.2 11 0.404677419354839 0.509677419354839 23.4687650313801 3 1 0 
1 470 12.4 10 0.439516129032258 0.361559139784946 31.5094564617213 3 -1 0 
0 470 8.2 11 0.456989247311828 0.514516129032258 27.3209699195556 3 1 0 
1 480 12.4 11 0.405097926267281 0.289516129032258 38.2609912570022 3 0 0 
0 480 8.2 11 0.429435483870968 0.496774193548387 26.8040984977382 3 0 0 
1 490 12.4 11 0.367996604414261 0.366935483870968 33.1905497412873 3 0 0 
0 490 8.2 11 0.439238042269188 0.490322580645161 26.1283215520104 3 0 0 
1 500 12.4 11 0.456221198156682 0.418548387096774 36.3967301947498 3 -1 0 
0 500 8.2 12 0.496639784946237 0.465322580645161 35.0699712923316 3 1 0 
1 510 12.4 11 0.423387096774194 0.438508064516129 37.694889431815 3 -1 0 
0 510 8.2 12 0.430967741935484 0.489516129032258 33.1961130712088 3 1 0 
1 520 12.4 11 0.367831541218638 0.466733870967742 32.8317877308153 3 -1 0 
0 520 8.2 12 0.42741935483871 0.479032258064516 35.6960204971582 3 1 0 
1 530 12.4 12 0.436059907834101 0.414516129032258 46.0405271043479 3 0 0 
0 530 8.2 12 0.484206989247312 0.482862903225806 22.5530640129709 3 0 0 
1 540 12.4 12 0.435205784204672 0.388709677419355 42.9193310826443 3 0 0 
0 540 8.2 12 0.409011220196353 0.398185483870968 31.8934025331055 3 0 0 
1 550 12.4 12 0.438049853372434 0.470161290322581 31.6236272073385 3 -1 0 
0 550 8.2 13 0.374327956989247 0.413306451612903 38.773051404554 3 1 0 
1 560 12.4 12 0.533835904628331 0.469354838709677 32.4554695632849 3 -1 0 
0 560 8.2 13 0.455357142857143 0.346774193548387 37.3516594586423 3 1 0 
1 570 12.4 13 0.413461538461538 0.480645161290323 32.4727405583772 3 0 0 
0 570 8.2 13 0.408653846153846 0.445161290322581 24.8195608229364 3 0 0 
1 580 12.4 13 0.37669779286927 0.47258064516129 29.621473532253 3 0 0 
0 580 8.2 13 0.397360703812317 0.465322580645161 23.3606896770827 3 0 0 
1 590 12.4 13 0.468346774193548 0.465725806451613 8.49711884953232 3 0 0 
0 590 8.2 13 0.453387096774194 0.435483870967742 19.4571398739895 3 0 0 
1 600 12.4 13 0.392741935483871 0.455645161290323 23.8636540057602 3 -1 0 
0 600 8.2 14 0.395459976105137 0.464516129032258 21.6123154915313 3 1 0 
1 610 12.4 13 0.392402376910017 0.417338709677419 20.6170146235192 3 -1 0 
0 610 8.2 14 0.449074074074074 0.512903225806452 23.7331343511608 3 1 0 
1 620 12.4 14 0.468413978494624 0.408266129032258 18.5741717456265 3 0 0 
0 620 8.2 14 0.524961597542243 0.488911290322581 19.2929317839553 3 0 0 
1 630 12.4 14 0.368279569892473 0.395967741935484 21.7211628905628 3 -1 0 
0 630 8.2 15 0.416156840934372 0.516129032258065 32.6849925532398 3 1 0 
1 640 12.4 14 0.368145161290323 0.361895161290323 8.55747569833411 3 -1 0 
0 640 8.2 15 0.408064516129032 0.544354838709677 41.4744737935173 3 1 0 
1 650 12.4 14 0.465407470288625 0.467741935483871 7.77918516697696 3 -1 0 
0 650 8.2 15 0.505600358422939 0.490927419354839 42.5037507265776 3 1 0 
1 660 12.4 14 0.404435483870968 0.375 20.6155281280883 3 -1 0 
0 660 8.2 15 0.442937438905181 0.420967741935484 29.6209059015298 3 1 0 
1 670 12.4 14 0.392679900744417 0.372311827956989 5.90878105658057 3 -1 0 
0 670 8.2 15 0.392045454545455 0.433870967741935 48.4273095775644 3 1 0 
1 680 12.4 14 0.4466642228739 0.366935483870968 34.1359207536906 3 -2 0 
0 680 8.2 16 0.487903225806452 0.375 50.5559109189911 3 2 0 
1 690 12.4 14 0.370967741935484 0.382258064516129 43.0959786115692 3 -2 0 
0 690 8.2 16 0.459440227703985 0.401881720430108 15.8947736364769 3 2 0 
1 700 12.4 14 0.367996604414261 0.433870967741935 35.1856375697889 3 -2 0 
0 700 8.2 16 0.414838709677419 0.411290322580645 15.1743880676991 3 2 0 
1 710 12.4 15 0.438709677419355 0.476814516129032 39.695605685214 3 -1 0 
0 710 8.2 16 0.463709677419355 0.440860215053763 4.81391535916312 3 1 0 
1 720 12.4 15 0.384615384615385 0.44758064516129 38.4079988750388 3 -1 0 
0 720 8.2 16 0.458436724565757 0.493279569892473 5.49606763019587 3 1 0 
1 730 12.4 15 0.368279569892473 0.449193548387097 30.4067808694251 3 -1 0 
0 730 8.2 16 0.464717741935484 0.381720430107527 30.1812028001601 3 1 0 
1 740 12.4 15 0.38353889943074 0.441129032258065 20.9171780263317 3 -1 0 
0 740 8.2 16 0.520362903225806 0.458333333333333 27.1770670799155 3 1 0 
1 750 12.4 16 0.367511520737327 0.419354838709677 18.2937544393642 3 0 0 
0 750 8.2 16 0.457986472424558 0.409274193548387 3.64005494464026 3 0 0 
1 760 12.4 16 0.371370967741935 0.475806451612903 21.2698300885514 3 -1 0 
0 760 8.2 17 0.402801358234295 0.346774193548387 6.26498204307083 3 1 0 
1 770 12.4 16 0.475582437275986 0.594354838709677 29.3208936779506 3 -1 0 
0 770 8.2 17 0.495601173020528 0.208333333333333 17.8853003134663 3 1 0 
1 780 12.4 16 0.435483870967742 0.649193548387097 34.7402581277081 3 -1 0 
0 780 8.2 17 0.468108504398827 0.216397849462366 13.5877572349401 3 1 0 
1 790 12.4 16 0.425403225806452 0.612903225806452 43.4886670283911 3 -1 0 
0 790 8.2 17 0.415610599078341 0.235887096774194 9.66677583498618 3 1 0 
1 800 12.4 16 0.516129032258065 0.465322580645161 35.1450977309207 3 -1 0 
0 800 8.2 17 0.466318785578748 0.351814516129032 14.7780479998199 3 1 0 
1 810 12.4 16 0.443192599620493 0.401612903225806 31.6611557076329 3 -1 0 
0 810 8.2 17 0.398809523809524 0.444556451612903 17.0792381340277 3 1 0 
1 820 12.4 17 0.458548387096774 0.366935483870968 39.3235241031376 3 0 0 
0 820 8.2 17 0.382661290322581 0.499193548387097 37.7961919329864 3 0 0 
1 830 12.4 17 0.594623655913978 0.420161290322581 34.2902928199157 3 -1 0 
0 830 8.2 18 0.435931899641577 0.495967741935484 36.3021752964923 3 1 0 
1 840 12.4 17 0.429760665972945 0.415322580645161 34.2186685469516 3 -1 0 
0 840 8.2 18 0.42825361512792 0.528225806451613 38.0427276041289 3 1 0 
1 850 12.4 17 0.45794930875576 0.44758064516129 32.1582405855256 3 -1 0 
0 850 8.2 18 0.436907020872865 0.425403225806452 35.5578040438643 3 1 0 
1 860 12.4 17 0.549899193548387 0.451612903225806 8.42571103424405 3 -1 0 
0 860 8.2 18 0.479301075268817 0.388440860215054 37.1965233145717 3 1 0 
1 870 12.4 17 0.450664136622391 0.47741935483871 33.4289575890242 3 -1 0 
0 870 8.2 18 0.38758064516129 0.419354838709677 39.8239002183094 3 1 0 
1 880 12.4 17 0.423174872665535 0.508870967741936 33.7365359113803 3 -2 0 
0 880 8.2 19 0.431027164685908 0.407258064516129 42.2772673222583 3 2 0 
1 890 12.4 18 0.537298387096774 0.538306451612903 17.0681203280291 3 -1 0 
0 890 8.2 19 0.520161290322581 0.357862903225806 37.0396241155675 3 1 0 
1 900 12.4 18 0.401740237691002 0.512903225806452 37.2051741992864 3 -1 0 
0 900 8.2 19 0.427052785923754 0.408266129032258 43.4428260884996 3 1 0 
1 910 12.4 18 0.373588709677419 0.556451612903226 23.652973563901 3 -1 0 
0 910 8.2 19 0.398643695014663 0.471774193548387 41.4538387082793 3 1 0 
1 920 12.4 18 0.380913978494624 0.463709677419355 26.1582085975864 3 -1 0 
0 920 8.2 19 0.478578629032258 0.505040322580645 39.673064100753 3 1 0 
1 930 12.4 18 0.418734491315136 0.483870967741936 19.3845476613013 3 -1 0 
0 930 8.2 19 0.413306451612903 0.513104838709677 33.701421815315 3 1 0 
1 940 12.4 18 0.391353046594982 0.491129032258064 14.6276789999051 3 -1 0 
0 940 8.2 19 0.385630498533724 0.416666666666667 35.7306871218093 3 1 0 
1 950 12.4 19 0.424486803519062 0.556451612903226 10.4463284330863 3 -1 0 
0 950 8.2 20 0.46008064516129 0.431451612903226 30.3089231665462 3 1 0 
1 960 12.4 19 0.380040322580645 0.482862903225806 28.4139159374599 3 -1 0 
0 960 8.2 20 0.433528836754643 0.369623655913978 23.0179431664959 3 1 0 
1 970 12.4 19 0.38323252688172 0.512096774193548 23.9795944702672 3 -1 0 
0 970 8.2 20 0.423232009925558 0.483870967741936 12.4197423483742 3 1 0 
1 980 12.4 19 0.461597542242704 0.471774193548387 26.9855739349786 3 -1 0 
0 980 8.2 20 0.49630376344086 0.485215053763441 25.7658147275485 3 1 0 
1 990 12.4 19 0.411290322580645 0.487903225806452 26.8612952615327 3 -1 0 
0 990 8.2 20 0.464145597210113 0.463709677419355 0 3 1 0 
1 1000 12.4 20 0.418548387096774 0.487903225806452 17.416980171121 3 0 0 
0 1000 8.2 20 0.428427419354839 NaN NaN 3 0 0 
1 1010 12.4 20 0.447379032258065 0.506048387096774 9.27246141783301 3 0 0 
0 1010 8.2 20 0.490469208211144 0.193548387096774 0 3 0 0 
1 1020 12.4 20 0.478629032258065 0.52116935483871 19.3686648952002 3 0 0 
0 1020 8.2 20 0.463343108504399 0.290322580645161 0 3 0 0 
1 1030 12.4 20 0.473387096774194 0.492741935483871 40.5834731591847 3 0 0 
0 1030 8.2 20 0.464134125636672 0.375 0 3 0 0 
1 1040 12.4 20 0.530801971326165 0.546774193548387 36.1823052995692 3 0 0 
0 1040 8.2 20 0.499363327674024 0.219758064516129 26.0863949214912 3 0 0 
1 1050 12.4 21 0.528673835125448 0.629032258064516 31.0847733357278 3 1 0 
0 1050 8.2 20 0.426267281105991 0.278225806451613 0 3 -1 0 
1 1060 12.4 21 0.517559833506764 0.662096774193548 28.3894601490367 3 1 0 
0 1060 8.2 20 0.351310483870968 0.25 0 3 -1 0 
1 1070 12.4 21 0.556156569630212 0.691129032258065 15.4408761630735 3 1 2 
0 1070 8.2 20 0.379398826979472 0.179435483870968 22.1923410211721 1 -1 -2 
1 1080 12.4 21 0.516028225806452 0.748387096774194 5.39687270452589 3 1 2 
0 1080 8.2 20 0.32997311827957 0.139112903225806 3.35410196624968 1 -1 -2 
1 1090 12.4 21 0.487903225806452 0.775806451612903 8.42874517767737 3 0 3 
0 1090 8.2 21 0.336917562724014 0.193548387096774 5.61478412985435 0 0 -3 
1 1100 12.4 21 0.569249649368864 0.77258064516129 7.02744650818319 3 0 3 
0 1100 8.2 21 0.386290322580645 0.189516129032258 11.1644898376634 0 0 -3 
1 1110 12.4 21 0.489428945074106 0.73991935483871 8.37416501346647 3 0 3 
0 1110 8.2 21 0.296052631578947 0.213709677419355 6.2283903060711 0 0 -3 
1 1120 12.4 22 0.441935483870968 0.525 30.3477383180826 3 1 3 
0 1120 8.2 21 0.407258064516129 0.211693548387097 12.114973894041 0 -1 -3 
1 1130 12.4 22 0.568760611205433 0.405645161290323 21.477660808465 3 1 3 
0 1130 8.2 21 0.430299539170507 0.261088709677419 16.3919226026092 0 -1 -3 
1 1140 12.4 22 0.469815668202765 0.430645161290323 21.649829199955 3 1 3 
0 1140 8.2 21 0.390168970814132 0.337365591397849 6.07369007812228 0 -1 -3 
1 1150 12.4 22 0.434907834101383 0.461290322580645 29.1097839872544 3 1 3 
0 1150 8.2 21 0.363140417457306 0.349798387096774 6.64512198699087 0 -1 -3 
1 1160 12.4 22 0.513216845878136 0.539516129032258 26.2645343227055 3 1 3 
0 1160 8.2 21 0.407258064516129 0.340725806451613 13.6241969361129 0 -1 -3 
1 1170 12.4 22 0.477460711331679 0.540322580645161 27.1130389200372 3 1 3 
0 1170 8.2 21 0.370631720430108 0.383064516129032 24.9369103371483 0 -1 -3 
1 1180 12.4 22 0.479301075268817 0.51008064516129 8.01795543909166 3 1 3 
0 1180 8.2 21 0.359879032258065 0.360483870967742 27.0007545440834 0 -1 -3 
1 1190 12.4 22 0.567631964809384 0.523387096774194 31.521593255354 3 0 3 
0 1190 8.2 22 0.384216589861751 0.34005376344086 27.1279603542964 0 0 -3 
1 1200 12.4 22 0.512622720897616 0.504032258064516 32.6236691936559 3 0 3 
0 1200 8.2 22 0.300403225806452 0.387096774193548 13.0578967597511 0 0 -3 
1 1210 12.4 22 0.542287014061208 0.520161290322581 5.52606813628169 3 0 3 
0 1210 8.2 22 0.333333333333333 0.407258064516129 6.02079728939615 0 0 -3 
1 1220 12.4 22 0.627279102384292 0.513440860215054 22.2626965322981 3 0 3 
0 1220 8.2 22 0.333333333333333 0.435483870967742 8.90224690738243 0 0 -3 
1 1230 12.4 22 0.558617084826762 0.372983870967742 23.5053185470863 3 0 3 
0 1230 8.2 22 0.204032258064516 0.485887096774194 4.52769256906871 0 0 -3 
1 1240 12.4 22 0.560365275142315 0.408602150537634 36.1816661957673 3 0 3 
0 1240 8.2 22 0.370967741935484 0.467741935483871 5.3851648071345 0 0 -3 
1 1250 12.4 22 0.654102384291725 0.471774193548387 19.4190771694607 3 0 3 
0 1250 8.2 22 0.370967741935484 0.387096774193548 9.21954445729289 0 0 -3 
1 1260 12.4 22 0.481255448997384 0.545698924731183 8.70432557052684 3 0 3 
0 1260 8.2 22 0.261363636363636 0.309475806451613 15.4263209405229 0 0 -3 
1 1270 12.4 22 0.513527575442248 0.383064516129032 56.7852023842085 3 0 3 
0 1270 8.2 22 0.400921658986175 0.33366935483871 9.70351127414724 0 0 -3 
1 1280 12.4 22 0.655241935483871 0.402217741935484 22.9820423281557 3 0 3 
0 1280 8.2 22 0.400921658986175 0.341733870967742 32.7906209494875 0 0 -3 
1 1290 12.4 22 0.484447004608295 0.383870967741936 38.2078861874418 3 -1 3 
0 1290 8.2 23 0.327688172043011 0.415322580645161 32.077591136458 0 1 -3 
1 1300 12.4 23 0.444382647385984 0.431451612903226 47.2599820922819 3 0 3 
0 1300 8.2 23 0.368375576036866 0.290322580645161 21.540659228538 0 0 -3 
1 1310 12.4 23 0.594254032258065 0.482258064516129 40.1946514979868 3 0 3 
0 1310 8.2 23 0.357630272952854 0.258064516129032 8.13941029804985 0 0 -3 
1 1320 12.4 23 0.579511088709677 0.626612903225806 33.1058604415681 3 0 3 
0 1320 8.2 23 0.292204301075269 0.276881720430108 35.6929174521379 0 0 -3 
1 1330 12.4 23 0.664236972704715 0.694354838709677 26.1796596175842 3 0 3 
0 1330 8.2 23 0.376152073732719 0.151209677419355 5.85234995535981 0 0 -3 
1 1340 12.4 23 0.698588709677419 0.787903225806452 11.0886958032366 3 0 3 
0 1340 8.2 23 0.414516129032258 0.155241935483871 4.60977222864644 0 0 -3 
1 1350 12.4 23 0.726755218216319 0.845967741935484 6.74499943595738 3 0 3 
0 1350 8.2 23 0.19758064516129 0.116935483870968 4.12310562561766 0 0 -3 
1 1360 12.4 23 NaN 0.875 0 3 0 3 
0 1360 8.2 23 NaN NaN NaN 0 0 -3 
