1 30 6.4 1 NaN 0.26015625 26.6475811026235 5 0 0 
0 30 6.6 1 NaN 0.26171875 31.2412074069187 5 0 0 
1 40 6.4 1 NaN 0.26953125 26.2961361297654 5 0 0 
0 40 6.6 1 0.37890625 0.27890625 29.8703562436384 5 0 0 
1 50 6.4 1 0.46875 0.36953125 22.0816667477278 5 0 0 
0 50 6.6 1 0.37890625 0.353125 27.6790516604679 5 0 0 
1 60 6.4 1 0.4716796875 0.43046875 25.4042038116554 5 0 0 
0 60 6.6 1 0.423943014705882 0.471875 31.106902320503 5 0 0 
1 70 6.4 1 0.474609375 0.46875 28.1024400608746 5 0 0 
0 70 6.6 1 0.452302631578947 0.5 27.0142398797604 5 0 0 
1 80 6.4 1 0.477022058823529 0.471875 27.7646357624147 5 0 0 
0 80 6.6 1 0.424088541666667 0.47734375 25.0418258700354 5 0 0 
1 90 6.4 1 0.485064338235294 0.459375 33.393204620189 5 0 0 
0 90 6.6 1 0.446126302083333 0.45 33.9845958473755 5 0 0 
1 100 6.4 2 0.485677083333333 0.44453125 33.5346587062355 5 0 0 
0 100 6.6 2 0.476052989130435 0.4984375 32.9029384059288 5 0 0 
1 110 6.4 2 0.478338068181818 0.46171875 34.7344141448377 5 0 0 
0 110 6.6 2 0.441521139705882 0.5296875 30.8361452454073 5 0 0 
1 120 6.4 2 0.454026442307692 0.47421875 37.1167623905032 5 0 0 
0 120 6.6 2 0.441583806818182 0.525 32.2445127239007 5 0 0 
1 130 6.4 3 0.479817708333333 0.44375 35.6782977145751 5 0 0 
0 130 6.6 3 0.46828125 0.48828125 33.0403412653643 5 0 0 
1 140 6.4 3 0.4984375 0.44375 34.3681470018087 5 0 0 
0 140 6.6 3 0.437630208333333 0.5140625 33.0685545178237 5 0 0 
1 150 6.4 3 0.472222222222222 0.4203125 29.8651355679126 5 0 0 
0 150 6.6 3 0.4556640625 0.47890625 20.0599034421006 5 0 0 
1 160 6.4 3 0.471354166666667 0.4390625 40.8747339001267 5 0 0 
0 160 6.6 3 0.442220052083333 0.48515625 23.3931055903781 5 0 0 
1 170 6.4 4 0.473557692307692 0.4578125 37.8152887150627 5 0 0 
0 170 6.6 4 0.424952651515151 0.51796875 12.7552161674151 5 0 0 
1 180 6.4 4 0.474506578947368 0.451171875 44.4593764648168 5 0 0 
0 180 6.6 4 0.44453125 0.52890625 3.24798292804334 5 0 0 
1 190 6.4 4 0.493359375 0.4326171875 41.7390801958352 5 0 0 
0 190 6.6 4 0.460668103448276 0.5421875 5.85365745396565 5 0 0 
1 200 6.4 4 0.505859375 0.37265625 51.870767503007 5 0 0 
0 200 6.6 4 0.444769965277778 0.5359375 10.2476342245982 5 0 0 
1 210 6.4 5 0.513521634615385 0.43203125 32.1272537521229 5 0 0 
0 210 6.6 5 0.430803571428571 0.49765625 16.7051594058097 5 0 0 
1 220 6.4 5 0.51015625 0.44375 28.7053160754001 5 0 0 
0 220 6.6 5 0.443873355263158 0.446875 22.7828028126611 5 0 0 
1 230 6.4 5 0.507512019230769 0.46171875 29.8256948193581 5 0 0 
0 230 6.6 5 0.3955078125 0.4421875 30.655816292483 5 0 0 
1 240 6.4 5 0.482271634615385 0.4755859375 31.0033957027705 5 -1 0 
0 240 6.6 6 0.424293154761905 0.47578125 29.388370384696 5 1 0 
1 250 6.4 6 0.48046875 0.48828125 39.5311647099231 5 0 0 
0 250 6.6 6 0.438020833333333 0.47578125 28.7853200179402 5 0 0 
1 260 6.4 6 0.477678571428571 0.44921875 42.5 5 0 0 
0 260 6.6 6 0.419719827586207 0.53359375 26.2681415893962 5 0 0 
1 270 6.4 6 0.481119791666667 0.302083333333333 47.2365035133928 5 0 0 
0 270 6.6 6 0.442491319444444 0.51328125 28.0029379582563 5 0 0 
1 280 6.4 6 0.485608552631579 0.32890625 42.7788891262629 5 -1 0 
0 280 6.6 7 0.4591796875 0.4546875 41.9323273265841 5 1 0 
1 290 6.4 6 0.488560267857143 0.4 35.0982220462848 5 -1 0 
0 290 6.6 7 0.430630387931034 0.49140625 38.3653441174247 5 1 0 
1 300 6.4 6 0.486328125 0.5 32.9887328078765 5 -1 0 
0 300 6.6 7 0.43359375 0.48984375 38.7158001390657 5 1 0 
1 310 6.4 7 0.490234375 0.484375 34.8323872411819 5 0 0 
0 310 6.6 7 0.4443359375 0.51875 19.1211032785254 5 0 0 
1 320 6.4 7 0.493489583333333 0.36328125 41.8332285158234 5 0 0 
0 320 6.6 7 0.439264112903226 0.55078125 8.73416773434325 5 0 0 
1 330 6.4 7 0.469308035714286 0.38671875 40.3410762544287 5 0 0 
0 330 6.6 7 0.4703125 0.571875 12.6275199480812 5 0 0 
1 340 6.4 7 0.468470982142857 0.3544921875 24.086526619951 5 -1 0 
0 340 6.6 8 0.475183823529412 0.51875 9.50788827124534 5 1 0 
1 350 6.4 7 0.46875 0.409375 41.0197301800566 5 -1 0 
0 350 6.6 8 0.4356689453125 0.515625 19.7822373393367 5 1 0 
1 360 6.4 8 0.469010416666667 0.45625 26.9020963713827 5 0 0 
0 360 6.6 8 0.419456845238095 0.53984375 20.5270147221944 5 0 0 
1 370 6.4 8 0.504166666666667 0.4796875 38.1933345164185 5 0 0 
0 370 6.6 8 0.436287715517241 0.46796875 34.3720964466937 5 0 0 
1 380 6.4 8 0.514973958333333 0.4755859375 42.0782630523704 5 -1 0 
0 380 6.6 9 0.415885416666667 0.46953125 38.157197117434 5 1 0 
1 390 6.4 8 0.46484375 0.416015625 46.9042481572091 5 -1 0 
0 390 6.6 9 0.469075520833333 0.49765625 27.6749073488099 5 1 0 
1 400 6.4 9 0.472245065789474 0.3609375 43.6465238932383 5 0 0 
0 400 6.6 9 0.4521875 0.49921875 34.7409173211806 5 0 0 
1 410 6.4 9 0.476302083333333 0.3828125 44.2666892411622 5 0 0 
0 410 6.6 9 0.426199776785714 0.5203125 31.1970974582031 5 0 0 
1 420 6.4 9 0.49609375 0.40390625 31.8553709048547 5 0 0 
0 420 6.6 9 0.449381510416667 0.50546875 38.4379341660924 5 0 0 
1 430 6.4 9 0.489322916666667 0.45390625 23.6579444308996 5 -1 0 
0 430 6.6 10 0.432444852941177 0.5015625 29.5941155505289 5 1 0 
1 440 6.4 9 0.47802734375 0.453125 19.9918227862829 5 -1 0 
0 440 6.6 10 0.415509259259259 0.4921875 22.0281492753421 5 1 0 
1 450 6.4 10 0.467329545454545 0.40859375 25.998963996815 5 0 0 
0 450 6.6 10 0.459408967391304 0.50234375 19.6204998563003 5 0 0 
1 460 6.4 10 0.500689338235294 0.42109375 30.9880281944975 5 0 0 
0 460 6.6 10 0.503038194444444 0.49921875 25.3381811352255 5 0 0 
1 470 6.4 10 0.512319711538462 0.4453125 38.3373864835677 5 0 0 
0 470 6.6 10 0.421470905172414 0.5015625 17.2541374011904 5 0 0 
1 480 6.4 10 0.5234375 0.465625 18.8988693293901 5 0 0 
0 480 6.6 10 0.384375 0.5283203125 7.94168629168156 5 0 0 
1 490 6.4 11 0.506944444444444 0.4599609375 9.67992411553631 5 1 0 
0 490 6.6 10 0.416487068965517 0.5 14.0089257261219 5 -1 0 
1 500 6.4 11 0.516544117647059 0.4873046875 5.51823773129205 5 1 0 
0 500 6.6 10 0.4129638671875 0.3984375 0 5 -1 0 
1 510 6.4 11 0.517795138888889 0.509765625 14.8466417730253 5 1 0 
0 510 6.6 10 0.442255434782609 0.255208333333333 17.9054301570938 5 -1 0 
1 520 6.4 12 0.5330078125 0.53125 19.6816007327888 5 2 0 
0 520 6.6 10 0.427083333333333 0.22421875 18.8092436980119 5 -2 0 
1 530 6.4 12 0.5330078125 0.4765625 37.560167170556 5 1 0 
0 530 6.6 11 0.387228260869565 0.33203125 34.3902204296857 5 -1 0 
1 540 6.4 12 0.5095703125 0.4052734375 47.3418988152111 5 1 0 
0 540 6.6 11 0.421342329545455 0.45234375 28.8213011790303 5 -1 0 
1 550 6.4 12 0.494715073529412 0.40859375 31.6294495463286 5 1 0 
0 550 6.6 11 0.461681547619048 0.4796875 36.2220723643098 5 -1 0 
1 560 6.4 12 0.4984375 0.4267578125 39.2039022654307 5 1 0 
0 560 6.6 11 0.431199596774194 0.50625 32.5903950386701 5 -1 0 
1 570 6.4 12 0.493815104166667 0.4390625 40.1916023727097 5 0 0 
0 570 6.6 12 0.449074074074074 0.47421875 34.083760207866 5 0 0 
1 580 6.4 13 0.486083984375 0.4638671875 38.9886456074091 5 1 0 
0 580 6.6 12 0.494791666666667 0.4765625 28.6870767771555 5 -1 0 
1 590 6.4 13 0.487955729166667 0.43359375 27.644653100297 5 1 0 
0 590 6.6 12 0.430943080357143 0.5517578125 36.4350547670926 5 -1 0 
1 600 6.4 13 0.455357142857143 0.447265625 30.0510739226274 5 1 0 
0 600 6.6 12 0.402876420454545 0.51953125 31.9130925502377 5 -1 0 
1 610 6.4 13 0.493566176470588 0.474609375 23.9271951287195 5 1 0 
0 610 6.6 12 0.425377155172414 0.462239583333333 16.7349268957119 5 -1 0 
1 620 6.4 14 0.494873046875 0.47734375 15.2401107574621 5 2 0 
0 620 6.6 12 0.426136363636364 0.391927083333333 46.6107698954917 5 -2 0 
1 630 6.4 14 0.507378472222222 0.5 8.39847704611972 5 2 0 
0 630 6.6 12 0.4345703125 0.388671875 28.0546685769035 5 -2 0 
1 640 6.4 14 0.52436755952381 0.5205078125 6.83529951129425 5 2 0 
0 640 6.6 12 0.409128289473684 0.3427734375 15.9048616764384 5 -2 0 
1 650 6.4 14 0.52436755952381 0.505859375 9.36768030298527 5 2 0 
0 650 6.6 12 0.395733173076923 0.3525390625 30.9050219847574 5 -2 0 
1 660 6.4 14 0.545654296875 0.537109375 7.33021359582683 5 2 0 
0 660 6.6 12 0.425390625 0.3701171875 23.8751290823751 5 -2 0 
1 670 6.4 15 0.539496527777778 0.5361328125 8.05346564471348 5 2 0 
0 670 6.6 13 0.411075367647059 0.40234375 6.90964595260699 5 -2 0 
1 680 6.4 15 0.539496527777778 0.50859375 31.6280027445384 5 2 0 
0 680 6.6 13 0.391764322916667 0.4046875 26.961946279753 5 -2 0 
1 690 6.4 15 0.541015625 0.4677734375 40.9212859940992 5 2 0 
0 690 6.6 13 0.4115234375 0.43125 44.4555813299416 5 -2 0 
1 700 6.4 15 0.562144886363636 0.48046875 36.4644868146143 5 2 0 
0 700 6.6 13 0.454210069444444 0.46015625 38.9706643801099 5 -2 0 
1 710 6.4 15 0.564453125 0.53515625 33.9421633033858 5 2 0 
0 710 6.6 13 0.424386160714286 0.44921875 42.7158632194383 5 -2 0 
1 720 6.4 15 0.46484375 0.4984375 52.1047573367105 5 1 0 
0 720 6.6 14 0.43061755952381 0.39296875 30.3675377414766 5 -1 0 
1 730 6.4 15 0.483258928571429 0.4384765625 36.132873264743 5 1 0 
0 730 6.6 14 0.437839673913043 0.459375 35.3598907978097 5 -1 0 
1 740 6.4 16 0.48046875 0.49609375 39.5542875118197 5 2 0 
0 740 6.6 14 0.429552801724138 0.5234375 0 5 -2 0 
1 750 6.4 16 0.487680288461538 0.56640625 39.5397025418459 5 2 0 
0 750 6.6 14 0.443050986842105 0.46484375 0 5 -2 0 
1 760 6.4 16 0.533025568181818 0.478515625 14.7339765269823 5 2 0 
0 760 6.6 14 0.416193181818182 0.33203125 0 5 -2 0 
1 770 6.4 17 0.533025568181818 0.515625 20.2133558119518 5 3 0 
0 770 6.6 14 0.406808035714286 0.328125 0 5 -3 0 
1 780 6.4 17 0.578683035714286 0.5244140625 31.6056259906302 5 3 0 
0 780 6.6 14 0.39609375 0.2328125 23.4386446220537 5 -3 0 
1 790 6.4 17 0.580193014705882 0.552734375 27.5364774534959 5 3 0 
0 790 6.6 14 0.37890625 0.2921875 28.269528198859 5 -3 0 
1 800 6.4 17 0.582465277777778 0.56796875 39.0845086156075 5 3 0 
0 800 6.6 14 0.3798828125 0.3984375 39.9138877163225 5 -3 0 
1 810 6.4 17 0.533025568181818 0.56015625 43.3922195333288 5 2 0 
0 810 6.6 15 0.426302083333333 0.3701171875 40.1846912773185 5 -2 0 
1 820 6.4 17 0.5921875 0.498046875 42.8095129486136 5 2 0 
0 820 6.6 15 0.400540865384615 0.364583333333333 38.1199996621094 5 -2 0 
1 830 6.4 18 0.595377604166667 0.474609375 45.582281961956 5 3 0 
0 830 6.6 15 0.3953125 0.37890625 39.7402270443614 5 -3 0 
1 840 6.4 18 0.585205078125 0.505859375 23.5867509986323 5 2 0 
0 840 6.6 16 0.395052083333333 0.333984375 43.6017215184742 5 -2 0 
1 850 6.4 18 0.594270833333333 0.560546875 18.2559301454398 5 2 0 
0 850 6.6 16 0.387834821428571 0.3505859375 22.7957166226018 5 -2 0 
1 860 6.4 19 0.59130859375 0.634765625 6.57156405382459 5 3 0 
0 860 6.6 16 0.384588068181818 0.31640625 21.7228650072359 5 -3 0 
1 870 6.4 19 0.582899305555556 0.54296875 4.57767658837033 5 3 0 
0 870 6.6 16 0.411892361111111 0.296875 15.4939956117721 5 -3 0 
1 880 6.4 19 0.5953125 0.587890625 23.466540907701 5 3 0 
0 880 6.6 16 0.420454545454545 0.3486328125 15.1417399870257 5 -3 0 
1 890 6.4 19 0.561941964285714 0.55703125 26.7111818317638 5 3 0 
0 890 6.6 16 0.4017578125 0.34765625 11.9641545154332 5 -3 0 
1 900 6.4 19 0.630108173076923 0.529296875 13.4787157776018 5 3 0 
0 900 6.6 16 0.37890625 0.3796875 22.3604830381781 5 -3 0 
1 910 6.4 19 0.568873355263158 0.5703125 3.04138126514911 5 2 0 
0 910 6.6 17 0.396484375 0.395833333333333 16.3315610689759 5 -2 0 
1 920 6.4 19 0.538411458333333 NaN NaN 5 2 0 
0 920 6.6 17 0.390625 0.411458333333333 2.33159002824756 5 -2 0 
1 930 6.4 19 0.5888671875 NaN NaN 5 2 0 
0 930 6.6 17 0.381138392857143 0.359375 15.0581161438613 5 -2 0 
1 940 6.4 19 0.573102678571429 NaN NaN 5 1 0 
0 940 6.6 18 0.35546875 0.295572916666667 21.0135047293436 5 -1 0 
1 950 6.4 19 0.569921875 NaN NaN 5 1 0 
0 950 6.6 18 0.378446691176471 0.310546875 18.1175388880284 5 -1 0 
1 960 6.4 20 0.582291666666667 NaN NaN 4 2 -1 
0 960 6.6 18 0.3833984375 0.31640625 25.6217305543073 5 -2 1 
1 970 6.4 20 0.551846590909091 0.140625 0 4 2 0 
0 970 6.6 18 0.438189338235294 0.39453125 17.3411687040868 4 -2 0 
1 980 6.4 20 0.54375 0.165364583333333 6.51535408851147 4 2 0 
0 980 6.6 18 0.4208984375 0.40703125 7.57478878938644 4 -2 0 
1 990 6.4 20 0.538143382352941 0.26953125 26.18341617534 4 2 0 
0 990 6.6 18 0.419921875 0.4421875 10.371558780246 4 -2 0 
1 1000 6.4 20 0.592122395833333 0.42578125 25.3251820152162 4 1 0 
0 1000 6.6 19 0.408203125 0.390625 22.8380609123708 4 -1 0 
1 1010 6.4 20 0.588485054347826 0.486328125 23.586484195835 3 1 -1 
0 1010 6.6 19 0.375434027777778 0.3640625 13.1600295452274 4 -1 1 
1 1020 6.4 20 0.614025297619048 0.494140625 33.4065111011968 3 1 -1 
0 1020 6.6 19 0.370833333333333 0.41171875 10.4796769768171 4 -1 1 
1 1030 6.4 21 0.574001736111111 0.5595703125 24.5037580066518 3 2 0 
0 1030 6.6 19 0.391796875 0.4265625 16.9821137276686 3 -2 0 
1 1040 6.4 21 0.532670454545455 0.5068359375 7.23332702242192 2 1 -1 
0 1040 6.6 20 0.407628676470588 0.39375 10.8637950681167 3 -1 1 
1 1050 6.4 21 0.606971153846154 0.51171875 8.13032799259623 2 1 -1 
0 1050 6.6 20 0.395833333333333 0.41484375 6.64575390595299 3 -1 1 
1 1060 6.4 21 0.60546875 0.4853515625 15.6590285451556 2 1 -1 
0 1060 6.6 20 0.443142361111111 0.51171875 7.92939434038823 3 -1 1 
1 1070 6.4 21 0.560329861111111 0.47265625 21.5713236189488 2 1 -1 
0 1070 6.6 20 0.413832720588235 0.5421875 7.11928383457916 3 -1 1 
1 1080 6.4 21 0.5642578125 0.4619140625 20.8852840321365 2 1 -1 
0 1080 6.6 20 0.429070723684211 0.515625 21.9031273869763 3 -1 1 
1 1090 6.4 21 0.56640625 0.404947916666667 6.09597601114734 2 1 -1 
0 1090 6.6 20 0.463068181818182 0.49609375 15.9435308118057 3 -1 1 
1 1100 6.4 21 0.549879807692308 0.4296875 11.2361025271221 2 1 -1 
0 1100 6.6 20 0.411800986842105 0.42734375 17.4459948286843 3 -1 1 
1 1110 6.4 21 0.594105113636364 0.385416666666667 42.7110469484414 2 1 -1 
0 1110 6.6 20 0.4091796875 0.4421875 16.1249668959523 3 -1 1 
1 1120 6.4 21 0.576171875 0.450520833333333 59.0640895673112 1 0 -1 
0 1120 6.6 21 0.412683823529412 0.37265625 19.042461801969 2 0 1 
1 1130 6.4 21 0.576171875 0.428385416666667 30.6802911816024 1 0 -1 
0 1130 6.6 21 0.402876420454545 0.46875 13.8449500314373 2 0 1 
1 1140 6.4 21 0.610677083333333 0.3310546875 24.2671322658716 1 0 -1 
0 1140 6.6 21 0.395596590909091 0.49453125 10.6529538030746 2 0 1 
1 1150 6.4 21 0.524169921875 0.39453125 20.9750308622079 1 0 -1 
0 1150 6.6 21 0.453125 0.490625 12.4848508231779 2 0 1 
1 1160 6.4 22 0.5546875 0.5302734375 3.84074660868725 1 1 -1 
0 1160 6.6 21 0.4208984375 0.4625 20.1684075537047 2 -1 1 
1 1170 6.4 22 0.568229166666667 0.5263671875 11.0939777726471 1 1 -1 
0 1170 6.6 21 0.409040178571429 0.3890625 25.6249854593027 2 -1 1 
1 1180 6.4 22 0.539522058823529 0.578125 22.2166189848249 1 1 -1 
0 1180 6.6 21 0.438920454545455 0.353125 18.0125968582205 2 -1 1 
1 1190 6.4 22 0.545641447368421 0.561197916666667 30.6760098287366 1 1 -1 
0 1190 6.6 21 0.419921875 0.34375 6.37232209811896 2 -1 1 
1 1200 6.4 22 0.576822916666667 0.544921875 11.5433963806152 1 1 -1 
0 1200 6.6 21 0.39609375 0.3390625 24.8927777505987 2 -1 1 
1 1210 6.4 22 0.52734375 0.4296875 20.6155281280883 1 1 -1 
0 1210 6.6 21 0.3837890625 0.41953125 31.1908580704925 2 -1 1 
1 1220 6.4 22 0.556949013157895 0.453125 8.54400374531753 1 1 -1 
0 1220 6.6 21 0.382161458333333 0.486328125 35.4566148351675 2 -1 1 
1 1230 6.4 22 0.558363970588235 0.4296875 7.61577310586391 1 1 -1 
0 1230 6.6 21 0.392361111111111 0.493489583333333 34.0763376127952 2 -1 1 
1 1240 6.4 22 0.590401785714286 0.37890625 12.6960656130681 1 0 -1 
0 1240 6.6 22 0.388346354166667 0.567708333333333 22.4971164011298 2 0 1 
1 1250 6.4 22 0.590401785714286 0.326822916666667 28.9514580522893 1 0 -1 
0 1250 6.6 22 0.385199652777778 0.618489583333333 7.22777246079152 2 0 1 
1 1260 6.4 22 0.622869318181818 0.20703125 17.4639593003647 1 0 -1 
0 1260 6.6 22 0.391927083333333 0.609375 5.60873969009403 2 0 1 
1 1270 6.4 22 0.580584490740741 0.334635416666667 8.61546987954723 1 0 -1 
0 1270 6.6 22 0.419744318181818 0.497395833333333 10.4013617616574 2 0 1 
1 1280 6.4 22 0.58349609375 0.397135416666667 1.83462902793995 1 0 -1 
0 1280 6.6 22 0.404296875 0.442708333333333 22.7603361142173 2 0 1 
1 1290 6.4 22 0.592447916666667 0.455729166666667 6.90538174986215 1 0 -1 
0 1290 6.6 22 0.431857638888889 0.30859375 38.9696425786205 2 0 1 
1 1300 6.4 22 0.493359375 0.44921875 41.0320330340813 1 0 -1 
0 1300 6.6 22 0.477864583333333 0.2841796875 26.5557233345972 2 0 1 
1 1310 6.4 22 0.541259765625 0.5244140625 36.434913042704 1 0 -1 
0 1310 6.6 22 0.440602022058823 0.314453125 6.80529734087524 2 0 1 
1 1320 6.4 23 0.543269230769231 0.59375 24.300677687239 1 1 -1 
0 1320 6.6 22 0.451450892857143 0.338541666666667 5.24116745946859 2 -1 1 
1 1330 6.4 23 0.581705729166667 0.63046875 12.9950954937592 1 1 -1 
0 1330 6.6 22 0.551136363636364 0.326171875 4.30116263352131 2 -1 1 
1 1340 6.4 23 0.5625 0.61640625 13.4091822286091 1 1 -1 
0 1340 6.6 22 0.484157986111111 0.3203125 0 2 -1 1 
1 1350 6.4 23 0.39453125 0.5796875 24.9566665089857 1 1 -1 
0 1350 6.6 22 0.4765625 0.19140625 0 2 -1 1 
1 1360 6.4 23 0.510279605263158 0.48828125 20.4850451813166 1 1 -1 
0 1360 6.6 22 0.508463541666667 0.208984375 13.1244047484067 2 -1 1 
1 1370 6.4 23 0.510279605263158 0.482421875 16.1525125797674 1 1 -1 
0 1370 6.6 22 0.435677083333333 0.40625 17.4427635425124 2 -1 1 
1 1380 6.4 23 0.577083333333333 0.541015625 22.1786442036276 1 1 -1 
0 1380 6.6 22 0.384880514705882 0.453125 31.3049516849971 2 -1 1 
