1 30 5 1 NaN 0.296370967741936 20.9458789127281 3 0 0 
0 30 5.6 1 NaN 0.254032258064516 20.4648214905084 3 0 0 
1 40 5 1 NaN 0.310483870967742 22.8986250127542 3 0 0 
0 40 5.6 1 NaN 0.323387096774194 24.4654460326032 3 0 0 
1 50 5 1 0.380040322580645 0.340725806451613 25.5548278654595 3 0 0 
0 50 5.6 1 0.383064516129032 0.392741935483871 25.461149541333 3 0 0 
1 60 5 1 0.383064516129032 0.459677419354839 32.1454494606774 3 0 0 
0 60 5.6 1 0.383064516129032 0.504032258064516 27.2930678106932 3 0 0 
1 70 5 1 0.405645161290323 0.462701612903226 28.1758405138059 3 0 0 
0 70 5.6 1 0.388794567062818 0.508064516129032 26.0055405859427 3 0 0 
1 80 5 1 0.483446519524618 0.466733870967742 26.285427981003 3 0 0 
0 80 5.6 1 0.485215053763441 0.510483870967742 23.231846274968 3 0 0 
1 90 5 1 0.409032258064516 0.482862903225806 26.0057734049617 3 0 0 
0 90 5.6 1 0.403225806451613 0.512096774193548 21.5724567805286 3 0 0 
1 100 5 1 0.394354838709677 0.466733870967742 20.0120973131731 3 0 0 
0 100 5.6 1 0.388824884792627 0.487096774193548 20.7922818054891 3 0 0 
1 110 5 2 0.480021994134897 0.474798387096774 22.8533186453211 3 0 0 
0 110 5.6 2 0.481671554252199 0.491129032258064 20.3666033281177 3 0 0 
1 120 5 2 0.417338709677419 0.470430107526882 17.3931398894819 3 0 0 
0 120 5.6 2 0.412586405529954 0.516935483870968 24.8991788007574 3 0 0 
1 130 5 2 0.387903225806452 0.491935483870968 16.5302752548165 3 0 0 
0 130 5.6 2 0.38991935483871 0.488911290322581 24.2339045232047 3 0 0 
1 140 5 2 0.485887096774194 0.373655913978495 50.3588101446712 3 -1 0 
0 140 5.6 3 0.479655425219941 0.479838709677419 22.7825673223989 3 1 0 
1 150 5 3 0.410394265232975 0.373991935483871 44.5347727927761 3 0 0 
0 150 5.6 3 0.415754608294931 0.425806451612903 37.7626770568125 3 0 0 
1 160 5 3 0.407624633431085 0.442540322580645 30.361635020322 3 0 0 
0 160 5.6 3 0.424395161290323 0.443548387096774 30.1111254076159 3 0 0 
1 170 5 3 0.491551459293395 0.474798387096774 23.1077004044004 3 0 0 
0 170 5.6 3 0.478427419354839 0.490927419354839 24.6231059204009 3 0 0 
1 180 5 3 0.415044493882091 0.477822580645161 21.9443614994617 3 -1 0 
0 180 5.6 4 0.419930875576037 0.48991935483871 21.9691361257791 3 1 0 
1 190 5 4 0.40226574500768 0.489247311827957 25.6312061284723 3 0 0 
0 190 5.6 4 0.399385560675883 0.440524193548387 30.6420710198357 3 0 0 
1 200 5 4 0.475631136044881 0.512096774193548 34.0936029175051 3 0 0 
0 200 5.6 4 0.478024193548387 0.423387096774194 29.0642191841956 3 0 0 
1 210 5 4 0.433294930875576 0.425403225806452 44.8899526921089 3 0 0 
0 210 5.6 4 0.396337365591398 0.396774193548387 33.4163365568817 3 0 0 
1 220 5 5 0.426774193548387 0.465322580645161 24.2669447777868 3 0 0 
0 220 5.6 5 0.383064516129032 0.456451612903226 23.0744724500965 3 0 0 
1 230 5 5 0.467489919354839 0.488911290322581 17.8412735995449 3 0 0 
0 230 5.6 5 0.455995792426367 0.495967741935484 23.1188620618344 3 0 0 
1 240 5 5 0.413738479262673 0.497983870967742 22.146400721498 3 0 0 
0 240 5.6 5 0.402140198511166 0.475 27.3879268111606 3 0 0 
1 250 5 5 0.458141321044547 0.441129032258065 42.258109473534 3 0 0 
0 250 5.6 5 0.393433179723502 0.420161290322581 27.0346157437499 3 0 0 
1 260 5 6 0.49908357771261 0.461290322580645 25.832876027248 3 0 0 
0 260 5.6 6 0.468010752688172 0.370161290322581 24.8351366892068 3 0 0 
1 270 5 6 0.405241935483871 0.484677419354839 11.5391173553582 3 0 0 
0 270 5.6 6 0.41198553948832 0.396774193548387 28.9774851231091 3 0 0 
1 280 5 6 0.412868162692847 0.5 16.2119306623432 3 0 0 
0 280 5.6 6 0.387733446519525 0.44758064516129 17.3911109631587 3 0 0 
1 290 5 6 0.475507765830346 0.481182795698925 21.7574126143521 3 0 0 
0 290 5.6 6 0.46008064516129 0.498991935483871 17.942757947605 3 0 0 
1 300 5 6 0.404776674937965 0.418346774193548 39.9323632608658 3 -1 0 
0 300 5.6 7 0.405615292712067 0.463709677419355 23.8712354931629 3 1 0 
1 310 5 6 0.444249649368864 0.413306451612903 43.5347284314979 3 -1 0 
0 310 5.6 7 0.403592375366569 0.4 31.9507780125976 3 1 0 
1 320 5 7 0.488799283154122 0.483870967741936 32.4149512235492 3 0 0 
0 320 5.6 7 0.46008064516129 0.440322580645161 28.7675297476153 3 0 0 
1 330 5 7 0.434979838709677 0.495967741935484 19.705179147615 3 0 0 
0 330 5.6 7 0.395497311827957 0.476612903225806 24.1546778589039 3 0 0 
1 340 5 7 0.443197755960729 0.50241935483871 21.1904608865167 3 0 0 
0 340 5.6 7 0.39634724857685 0.441129032258065 31.5565986429548 3 0 0 
1 350 5 7 0.490255376344086 0.493548387096774 25.6247016958959 3 0 0 
0 350 5.6 7 0.444153225806452 0.474193548387097 19.4938048471342 3 0 0 
1 360 5 7 0.418346774193548 0.521774193548387 23.9544114475062 3 -1 0 
0 360 5.6 8 0.38782991202346 0.46875 14.7493634066438 3 1 0 
1 370 5 8 0.454362170087977 0.519354838709677 17.5274248252163 3 0 0 
0 370 5.6 8 0.428056027164686 0.442540322580645 14.9254671684099 3 0 0 
1 380 5 8 0.484318996415771 0.472782258064516 24.0554592367271 3 0 0 
0 380 5.6 8 0.483294930875576 0.371774193548387 26.8067904901797 3 0 0 
1 390 5 8 0.434506353861193 0.442540322580645 28.5831965254712 3 0 0 
0 390 5.6 8 0.383064516129032 0.425 19.6434984358352 3 0 0 
1 400 5 8 0.46846198156682 0.485887096774194 21.0825365900363 3 0 0 
0 400 5.6 8 0.392356241234222 0.463709677419355 12.2262401969956 3 0 0 
1 410 5 8 0.499069478908189 0.402217741935484 41.7800450711695 3 -1 0 
0 410 5.6 9 0.455197132616487 0.462096774193548 9.78563475429462 3 1 0 
1 420 5 8 0.437836021505376 0.41633064516129 28.7717316416789 3 -1 0 
0 420 5.6 9 0.399342891278375 0.479032258064516 9.48834340166794 3 1 0 
1 430 5 8 0.402620967741935 0.445967741935484 30.4472751552861 3 -1 0 
0 430 5.6 9 0.424193548387097 0.434677419354839 20.4408996155022 3 1 0 
1 440 5 9 0.461549539170507 0.456451612903226 26.7100336104527 3 0 0 
0 440 5.6 9 0.459326788218794 0.463709677419355 19.2389309492375 3 0 0 
1 450 5 9 0.426178660049628 0.501612903225806 26.5650123366174 3 0 0 
0 450 5.6 9 0.382640067911715 0.462096774193548 22.4792790564191 3 0 0 
1 460 5 9 0.460061443932412 0.541129032258065 22.6313354656413 3 0 0 
0 460 5.6 9 0.390372983870968 0.410483870967742 22.6610896293739 3 0 0 
1 470 5 10 0.480050933786078 0.530645161290323 26.9367120928604 3 0 0 
0 470 5.6 10 0.429723502304147 0.382258064516129 29.9176132159359 3 0 0 
1 480 5 10 0.44619021134594 0.575 24.2825281077849 3 0 0 
0 480 5.6 10 0.379608294930876 0.375 25.3912174486307 3 0 0 
1 490 5 10 0.475981767180926 0.538709677419355 24.2319239456747 3 0 0 
0 490 5.6 10 0.40226574500768 0.414314516129032 19.7191026521157 3 0 0 
1 500 5 10 0.502184139784946 0.521774193548387 15.215063856655 3 0 0 
0 500 5.6 10 0.442265395894428 0.30241935483871 41.0872261575148 3 0 0 
1 510 5 11 0.447356630824373 0.535483870967742 18.5223285197576 3 1 0 
0 510 5.6 10 0.407795698924731 0.345161290322581 41.7506566834833 3 -1 0 
1 520 5 11 0.450967741935484 0.521774193548387 23.8138058419095 3 1 0 
0 520 5.6 10 0.405577956989247 0.414516129032258 27.4997921129821 3 -1 0 
1 530 5 11 0.494175627240143 0.511290322580645 25.3412869903352 3 0 0 
0 530 5.6 11 0.443817204301075 0.441532258064516 26.1912777651394 3 0 0 
1 540 5 11 0.455933179723502 0.532258064516129 29.9774365604038 3 0 0 
0 540 5.6 11 0.38179117147708 0.413306451612903 28.9045086746784 3 0 0 
1 550 5 12 0.459677419354839 0.52741935483871 32.6916583569315 3 1 0 
0 550 5.6 11 0.39796633941094 0.365927419354839 49.0006125048179 3 -1 0 
1 560 5 12 0.513519924098672 0.482258064516129 31.2383485773648 3 1 0 
0 560 5.6 11 0.44258064516129 0.366935483870968 38.7535529882703 3 -1 0 
1 570 5 12 0.446612903225806 0.50241935483871 28.1792942398951 3 1 0 
0 570 5.6 11 0.412783751493429 0.415322580645161 17.9447123362739 3 -1 0 
1 580 5 12 0.383064516129032 0.519354838709677 26.2302693408391 3 1 0 
0 580 5.6 11 0.433179723502304 0.337903225806452 38.8476937624262 3 -1 0 
1 590 5 12 0.466793168880455 0.486895161290323 29.0972424367555 3 0 0 
0 590 5.6 12 0.445622119815668 0.375 31.4221058322089 3 0 0 
1 600 5 12 0.421857619577308 0.497983870967742 20.418894957763 3 0 0 
0 600 5.6 12 0.42189366786141 0.434677419354839 25.1539037564144 3 0 0 
1 610 5 12 0.405608504398827 0.44758064516129 16.1785766373419 3 0 0 
0 610 5.6 12 0.472623089983022 0.500806451612903 15.2200002495148 3 0 0 
1 620 5 13 0.447983870967742 0.378225806451613 31.0596209006068 3 1 0 
0 620 5.6 12 0.474410669975186 0.519354838709677 9.65799945990644 3 -1 0 
1 630 5 13 0.383064516129032 0.412903225806452 26.9444283902691 3 1 0 
0 630 5.6 12 0.418608124253286 0.529032258064516 18.5322518018942 3 -1 0 
1 640 5 13 0.392281105990783 0.44758064516129 18.935995535801 3 1 0 
0 640 5.6 12 0.45776740237691 0.526881720430108 16.1229385581502 3 -1 0 
1 650 5 13 0.458870967741936 0.481854838709677 29.4062734072782 3 0 0 
0 650 5.6 13 0.493503584229391 0.485215053763441 6.71029680854172 3 0 0 
1 660 5 14 0.43565188172043 0.470766129032258 27.4114665868385 3 1 0 
0 660 5.6 13 0.401328273244782 0.42741935483871 21.5705325659087 3 -1 0 
1 670 5 14 0.432184750733138 0.469758064516129 23.178587762831 3 1 0 
0 670 5.6 13 0.387288786482335 0.319556451612903 37.3447844468563 3 -1 0 
1 680 5 14 0.471774193548387 0.400806451612903 35.9050796017649 3 1 0 
0 680 5.6 13 0.439149560117302 0.362096774193548 29.770558632866 3 -1 0 
1 690 5 14 0.436259305210918 0.421370967741936 33.9898193873951 3 1 0 
0 690 5.6 13 0.387903225806452 0.428225806451613 12.9180266857758 3 -1 0 
1 700 5 14 0.424347158218126 0.465725806451613 24.9071528246137 3 1 0 
0 700 5.6 13 0.392137096774194 0.462096774193548 14.1348785850316 3 -1 0 
1 710 5 14 0.458467741935484 0.463709677419355 18.5060128882801 3 1 0 
0 710 5.6 13 0.434210526315789 0.325 47.0722906142092 3 -1 0 
1 720 5 14 0.467523975588492 0.538306451612903 16.0681458077216 3 0 0 
0 720 5.6 14 0.387571157495256 0.358870967741936 26.0446702201513 3 0 0 
1 730 5 15 0.446044546850998 0.466129032258065 38.4100248062117 3 1 0 
0 730 5.6 14 0.394657258064516 0.370967741935484 28.6774560818569 3 -1 0 
1 740 5 15 0.549627791563275 0.520967741935484 28.0509091533014 3 1 0 
0 740 5.6 14 0.405241935483871 0.388709677419355 28.818819334217 3 -1 0 
1 750 5 15 0.481112054329372 0.548387096774194 30.6578942919111 3 1 0 
0 750 5.6 14 0.36164314516129 0.374193548387097 18.1749043183916 3 -1 0 
1 760 5 15 0.4609375 0.605846774193548 29.0516897264381 3 1 0 
0 760 5.6 14 0.385976702508961 0.37258064516129 18.0388457102081 3 -1 0 
1 770 5 16 0.606950844854071 0.575268817204301 35.4116735066786 3 1 0 
0 770 5.6 15 0.399503722084367 0.394354838709677 15.7308937578161 3 -1 0 
1 780 5 16 0.51014173998045 0.520161290322581 35.0482070063515 3 1 0 
0 780 5.6 15 0.364089184060721 0.444354838709677 14.7238718224792 3 -1 0 
1 790 5 16 0.432627688172043 0.424395161290323 37.0254966401172 3 1 0 
0 790 5.6 15 0.38418458781362 0.363709677419355 37.8088004991328 3 -1 0 
1 800 5 16 0.48562412342216 0.434475806451613 21.7154574984045 3 1 0 
0 800 5.6 15 0.425509337860781 0.420362903225806 27.2902795172128 3 -1 0 
1 810 5 16 0.425547235023041 0.465725806451613 15.8928716893009 3 1 0 
0 810 5.6 15 0.411600496277916 0.476814516129032 13.9409444746797 3 -1 0 
1 820 5 16 0.40305049088359 0.414516129032258 30.1042657926477 3 1 0 
0 820 5.6 15 0.391678885630499 0.470766129032258 16.3401386149239 3 -1 0 
1 830 5 16 0.49450146627566 0.491129032258064 13.4782316343227 3 1 0 
0 830 5.6 15 0.452346041055719 0.470430107526882 30.5997938921321 3 -1 0 
1 840 5 16 0.44695060483871 0.515322580645161 5.17053782840276 3 0 0 
0 840 5.6 16 0.415461624026696 0.378024193548387 40.0165785696724 3 0 0 
1 850 5 17 0.46551724137931 0.533064516129032 10.9584875606443 3 1 0 
0 850 5.6 16 0.412298387096774 0.347782258064516 40.8346542812762 3 -1 0 
1 860 5 17 0.516849078341014 0.563709677419355 25.2172190640053 3 1 0 
0 860 5.6 16 0.473014888337469 0.348790322580645 27.3544226333238 3 -1 0 
1 870 5 17 0.497468117029257 0.536290322580645 23.8070749705727 3 1 0 
0 870 5.6 16 0.334203036053131 0.254032258064516 16.8380783162915 3 -1 0 
1 880 5 17 0.510428253615128 0.578225806451613 25.7858833030609 3 1 0 
0 880 5.6 16 0.348286290322581 0.372311827956989 8.77644070637208 3 -1 0 
1 890 5 17 0.597883064516129 0.606854838709677 26.6654647471437 3 1 0 
0 890 5.6 16 0.327620967741936 0.345430107526882 14.0730023237573 3 -1 0 
1 900 5 18 0.531290322580645 0.61491935483871 20.0493927825063 3 2 0 
0 900 5.6 16 0.30241935483871 0.369623655913979 14.0798296100437 3 -2 0 
1 910 5 18 0.599375650364204 0.642137096774194 15.3364888982063 3 2 0 
0 910 5.6 16 0.254032258064516 0.289314516129032 19.7609969901961 3 -2 0 
1 920 5 18 0.641956162117452 0.683467741935484 9.80402373835596 3 2 0 
0 920 5.6 16 0.228494623655914 0.232258064516129 22.7078663410206 3 -2 0 
1 930 5 18 0.496277915632754 0.663306451612903 1.80277563773199 3 1 0 
0 930 5.6 17 0.281891495601173 0.246975806451613 6.89004990192625 3 -1 0 
1 940 5 18 0.477272727272727 0.533602150537634 32.0552903997707 3 1 0 
0 940 5.6 17 0.291129032258065 0.269153225806452 14.3155121557529 3 -1 0 
1 950 5 18 0.594086021505376 0.399193548387097 21.5543552693571 3 1 0 
0 950 5.6 17 0.291129032258065 0.316532258064516 21.9334733759299 3 -1 0 
1 960 5 19 0.495967741935484 0.420698924731183 20.4213113415567 3 2 0 
0 960 5.6 17 0.329233870967742 0.345766129032258 22.3565309681198 3 -2 0 
1 970 5 19 0.432368035190616 0.391129032258065 18.3929656349426 3 1 0 
0 970 5.6 18 0.423891129032258 0.347782258064516 20.7851144407586 3 -1 0 
1 980 5 19 0.560483870967742 0.344758064516129 23.2049525901665 3 1 0 
0 980 5.6 18 0.423891129032258 0.335483870967742 27.4479230767656 3 -1 0 
1 990 5 19 0.460327783558793 0.337701612903226 38.1092375848178 3 1 0 
0 990 5.6 18 0.380839822024472 0.387096774193548 20.6212639502985 3 -1 0 
1 1000 5 19 0.394611436950147 0.472782258064516 24.6616006614472 3 1 0 
0 1000 5.6 18 0.40070564516129 0.420161290322581 12.6708983734465 3 -1 0 
1 1010 5 19 0.503183361629881 0.443548387096774 3.42043239125372 3 0 0 
0 1010 5.6 19 0.457885304659498 0.50241935483871 4.17092818829441 3 0 0 
1 1020 5 19 0.484677419354839 0.44758064516129 5.11481000231519 3 0 0 
0 1020 5.6 19 0.414784946236559 0.517741935483871 9.27126759614254 3 0 0 
1 1030 5 19 0.447729988052569 0.433467741935484 2.91547594742265 3 0 0 
0 1030 5.6 19 0.453366058906031 0.512096774193548 25.3164947266399 3 0 0 
1 1040 5 19 0.503299120234604 0.483870967741936 4.03112887414927 3 0 0 
0 1040 5.6 19 0.496318373071529 0.44758064516129 15.7293484409927 3 0 0 
1 1050 5 19 0.450702393340271 0.346774193548387 36.6552184141329 3 0 0 
0 1050 5.6 19 0.438004032258065 0.391129032258065 21.8074343472703 3 0 0 
1 1060 5 19 0.417818740399386 0.327956989247312 30.2982849782048 3 0 0 
0 1060 5.6 19 0.433651026392962 0.442741935483871 17.4625558547051 3 0 0 
1 1070 5 20 0.444354838709677 0.339717741935484 30.2392830645891 3 0 0 
0 1070 5.6 20 0.471998207885305 0.550806451612903 20.8262182003266 3 0 0 
1 1080 5 20 0.419930875576037 0.401209677419355 23.3169970758827 3 0 0 
0 1080 5.6 20 0.463037634408602 0.557258064516129 12.1403172292263 3 0 0 
1 1090 5 20 0.395698924731183 0.391129032258065 28.8234768436146 3 0 0 
0 1090 5.6 20 0.433467741935484 0.57258064516129 6.3533904653612 3 0 0 
1 1100 5 20 0.433467741935484 0.391129032258065 32.847893037438 3 0 0 
0 1100 5.6 20 0.52073732718894 0.514784946236559 13.2939078386379 3 0 0 
1 1110 5 20 0.427016129032258 0.321236559139785 14.9170515459715 3 0 0 
0 1110 5.6 20 0.473315939278937 0.630376344086022 17.4157744695794 3 0 0 
1 1120 5 20 0.465725806451613 0.30510752688172 11.5659234390068 3 0 0 
0 1120 5.6 20 0.474193548387097 0.559139784946237 38.8704718294866 3 0 0 
1 1130 5 20 0.500403225806452 0.310483870967742 6.00181650149182 3 0 0 
0 1130 5.6 20 0.531783681214421 0.505376344086022 34.2920949224241 3 0 0 
1 1140 5 20 0.391897081413211 0.315860215053763 6.49172781029111 3 -1 0 
0 1140 5.6 21 0.48828125 0.529569892473118 12.573623271119 3 1 0 
1 1150 5 20 0.396975806451613 0.381720430107527 16.5672630495695 3 -1 0 
0 1150 5.6 21 0.509454949944383 0.489247311827957 10.5748345454005 3 1 0 
1 1160 5 20 0.427769985974755 0.401209677419355 40.7130620726619 3 -1 0 
0 1160 5.6 21 0.477456011730205 0.353225806451613 40.9451768579743 3 1 0 
1 1170 5 20 0.404616240266963 0.357258064516129 49.1911004539902 3 -1 0 
0 1170 5.6 21 0.439516129032258 0.425 31.4540616112617 3 1 0 
1 1180 5 21 0.421004398826979 0.391935483870968 32.2376189050119 3 0 0 
0 1180 5.6 21 0.445228494623656 0.495967741935484 20.7363043199919 3 0 0 
1 1190 5 21 0.483870967741936 0.465322580645161 23.3677029263627 3 0 0 
0 1190 5.6 21 0.518232819074334 0.479032258064516 25.8445291714574 3 0 0 
1 1200 5 21 0.45525494276795 0.495967741935484 9.87669694036779 3 0 0 
0 1200 5.6 21 0.464605734767025 0.453629032258065 25.6022154881204 3 0 0 
1 1210 5 21 0.454301075268817 0.529233870967742 5.18699601162587 3 0 0 
0 1210 5.6 21 0.402217741935484 0.346774193548387 31.4472461302742 3 0 0 
1 1220 5 21 0.496255760368664 0.490927419354839 1.95143735728789 3 0 0 
0 1220 5.6 21 0.453917050691244 0.418010752688172 29.4355991649569 3 0 0 
1 1230 5 21 0.471774193548387 0.441532258064516 15.4433901539565 3 0 0 
0 1230 5.6 21 0.383960573476703 0.435483870967742 26.1458317241099 3 0 0 
1 1240 5 21 0.430704898446834 0.414314516129032 11.6263069513442 3 0 0 
0 1240 5.6 21 0.362903225806452 0.446236559139785 18.3953310702253 3 0 0 
1 1250 5 21 0.466733870967742 0.402217741935484 19.152777814602 3 0 0 
0 1250 5.6 21 0.397401433691756 0.443548387096774 19.4576504339057 3 0 0 
1 1260 5 21 0.494959677419355 0.426075268817204 25.6639440394769 3 0 0 
0 1260 5.6 21 0.385332661290323 0.342741935483871 43.9611714019947 3 0 0 
1 1270 5 21 0.453255675029869 0.442540322580645 42.6984758431301 3 0 0 
0 1270 5.6 21 0.383064516129032 0.381720430107527 35.8635743375417 3 0 0 
1 1280 5 21 0.520806451612903 0.471774193548387 33.450000590993 3 0 0 
0 1280 5.6 21 0.414136622390892 0.305443548387097 34.6545111728228 3 0 0 
1 1290 5 21 0.497983870967742 0.5 25.4785147924217 3 0 0 
0 1290 5.6 21 0.388508064516129 0.368951612903226 17.5885623600698 3 0 0 
1 1300 5 22 0.450716845878136 0.525201612903226 39.7363527030572 3 0 0 
0 1300 5.6 22 0.389943074003795 0.366935483870968 18.545214983256 3 0 0 
1 1310 5 22 0.556451612903226 0.602822580645161 21.5396770670442 3 0 0 
0 1310 5.6 22 0.417657045840407 0.376344086021505 6.98510998669766 3 0 0 
1 1320 5 22 0.500281320330083 0.679435483870968 12.8066769407278 3 0 1 
0 1320 5.6 22 0.322292626728111 0.219758064516129 21.5232432500309 2 0 -1 
1 1330 5 22 0.55408787541713 0.561491935483871 46.7795887995509 3 0 1 
0 1330 5.6 22 0.379032258064516 0.204301075268817 11.9927058409034 2 0 -1 
1 1340 5 22 0.623588709677419 0.590725806451613 31.631239695361 3 0 1 
0 1340 5.6 22 NaN 0.309139784946237 8.80234536188163 2 0 -1 
1 1350 5 22 0.561702925731433 0.592741935483871 9.76107414109017 3 0 1 
0 1350 5.6 22 0.29147465437788 0.299731182795699 9.41131004662498 2 0 -1 
1 1360 5 22 0.558243727598566 0.674395161290323 3.94512232117151 3 0 2 
0 1360 5.6 22 0.301075268817204 0.235215053763441 23.3940059443343 1 0 -2 
1 1370 5 22 0.605779569892473 0.689516129032258 6.37154255275686 3 0 2 
0 1370 5.6 22 NaN 0.225806451612903 13.4180025014147 1 0 -2 
1 1380 5 22 0.541383701188455 0.662298387096774 5.26578794414406 3 0 2 
0 1380 5.6 22 0.285330261136713 0.236290322580645 10.3023394745669 1 0 -2 
1 1390 5 22 0.481134792626728 0.596774193548387 11.2370726468612 3 0 2 
0 1390 5.6 22 0.377520161290323 0.295161290322581 13.9266619157591 1 0 -2 
1 1400 5 22 0.58280529953917 0.435483870967742 31.700822582469 3 0 2 
0 1400 5.6 22 0.377520161290323 0.445161290322581 20.0597277559528 1 0 -2 
1 1410 5 23 0.510905425219941 0.413978494623656 24.5547510137152 3 1 2 
0 1410 5.6 22 0.320161290322581 0.463709677419355 25.2635436105859 1 -1 -2 
1 1420 5 23 0.491935483870968 0.432795698924731 18.6734497907982 3 0 2 
0 1420 5.6 23 0.355938416422287 0.439516129032258 10.770329614269 1 0 -2 
1 1430 5 23 0.6087158808933 0.474462365591398 11.2618409299415 3 0 2 
0 1430 5.6 23 0.378528225806452 0.461693548387097 11.5974135047432 1 0 -2 
1 1440 5 23 0.458501344086022 0.53494623655914 2.22624425374276 3 0 2 
0 1440 5.6 23 0.361391129032258 0.4375 3.20156211871642 1 0 -2 
1 1450 5 23 0.397543988269795 0.512096774193548 4.67914341333215 3 0 2 
0 1450 5.6 23 0.41893039049236 0.443548387096774 7.15891053163818 1 0 -2 
1 1460 5 23 0.464516129032258 0.521505376344086 2.94286970731537 3 0 2 
0 1460 5.6 23 0.477374551971326 0.441532258064516 8.13941029804985 1 0 -2 
1 1470 5 23 0.446572580645161 0.408266129032258 31.3069836832945 3 0 2 
0 1470 5.6 23 0.457111436950147 0.348118279569892 30.5090017475726 1 0 -2 
1 1480 5 23 0.432219662058372 0.307258064516129 27.3978788741616 3 0 2 
0 1480 5.6 23 0.405597722960152 0.265322580645161 31.2086142006215 1 0 -2 
1 1490 5 23 0.541788856304985 0.423387096774194 22.217323237889 3 0 2 
0 1490 5.6 23 0.462845622119816 0.320161290322581 29.6733295995207 1 0 -2 
1 1500 5 23 0.485714285714286 0.492741935483871 23.4348803000351 3 0 2 
0 1500 5.6 23 0.379896313364055 0.337903225806452 6.69968629308831 1 0 -2 
1 1510 5 23 0.472206221198157 0.479838709677419 21.4995954146577 3 0 2 
0 1510 5.6 23 0.371723790322581 0.386290322580645 7.07672425472674 1 0 -2 
1 1520 5 23 0.594556451612903 0.481451612903226 15.6759250559225 3 0 2 
0 1520 5.6 23 0.417914746543779 0.429032258064516 5.94038353401443 1 0 -2 
1 1530 5 23 0.497535842293907 0.465322580645161 15.8919150567089 3 0 2 
0 1530 5.6 23 0.355030721966206 0.420967741935484 9.46527247099335 1 0 -2 
1 1540 5 23 0.43718982630273 0.470967741935484 15.8817491485516 3 0 2 
0 1540 5.6 23 0.388306451612903 0.387903225806452 7.15414764958031 1 0 -2 
1 1550 5 23 0.539136622390892 0.528225806451613 21.6992570639288 3 0 2 
0 1550 5.6 23 0.423675115207373 0.290322580645161 9.05534619616579 1 0 -2 
1 1560 5 23 0.513018433179724 0.541935483870968 25.5236726964249 3 0 2 
0 1560 5.6 23 0.364055299539171 0.362096774193548 19.0545442694822 1 0 -2 
1 1570 5 23 0.454450418160096 0.537096774193548 33.5002974552161 3 0 2 
0 1570 5.6 23 0.370967741935484 0.404032258064516 14.972840700808 1 0 -2 
1 1580 5 24 0.555645161290323 0.590322580645161 26.0584776631722 3 1 2 
0 1580 5.6 23 0.364695340501792 0.369354838709677 12.8235519940427 1 -1 -2 
1 1590 5 24 0.501191348973607 0.613709677419355 13.1713882426595 3 1 2 
0 1590 5.6 23 0.30241935483871 0.3 17.0361165006245 1 -1 -2 
1 1600 5 24 0.511648745519713 0.664314516129032 2.28103594886183 3 1 2 
0 1600 5.6 23 0.295161290322581 0.281451612903226 9.37547014635778 1 -1 -2 
1 1610 5 24 0.626251390433815 0.640120967741936 5.98004001183865 3 1 2 
0 1610 5.6 23 0.294354838709677 0.29133064516129 2.42288566957159 1 -1 -2 
1 1620 5 24 0.557862903225806 0.669354838709677 4.82664908013316 3 1 2 
0 1620 5.6 23 0.284562211981567 0.223790322580645 16.357000983296 1 -1 -2 
1 1630 5 24 0.570327324478178 0.698588709677419 6.09558022598902 3 1 2 
0 1630 5.6 23 0.299899193548387 0.214717741935484 13.5469159601086 1 -1 -2 
1 1640 5 24 0.632056451612903 0.606854838709677 24.6056685866649 3 0 2 
0 1640 5.6 24 0.296370967741936 0.261088709677419 16.9311079417215 1 0 -2 
1 1650 5 24 0.50337584396099 0.637096774193548 12.7615406247898 3 0 2 
0 1650 5.6 24 0.287563667232598 0.310483870967742 27.6644617991823 1 0 -2 
1 1660 5 24 0.507168458781362 0.532258064516129 46.9189928906308 3 0 2 
0 1660 5.6 24 0.278225806451613 0.310483870967742 16.7885542463058 1 0 -2 
1 1670 5 24 0.650115207373272 0.584677419354839 43.1552777081366 3 0 2 
0 1670 5.6 24 0.278225806451613 0.307459677419355 7.61786700224509 1 0 -2 
1 1680 5 24 0.554435483870968 0.563508064516129 19.2739425550797 3 0 2 
0 1680 5.6 24 0.277361751152074 0.241129032258065 22.0739009477414 1 0 -2 
1 1690 5 24 0.555621442125237 0.47883064516129 29.1257513407349 3 0 2 
0 1690 5.6 24 0.433870967741935 0.275806451612903 16.43625249961 1 0 -2 
1 1700 5 24 0.658343672456576 0.404233870967742 33.6468522255746 3 0 2 
0 1700 5.6 24 0.440524193548387 0.290322580645161 11.9192631801295 1 0 -2 
1 1710 5 24 0.523648648648649 0.465322580645161 34.539605746173 3 0 2 
0 1710 5.6 24 0.317540322580645 0.264516129032258 18.9591268147038 1 0 -2 
1 1720 5 24 0.52847018572825 0.483870967741936 38.9338567622196 3 0 2 
0 1720 5.6 24 0.363911290322581 0.369354838709677 12.4389169248931 1 0 -2 
1 1730 5 24 0.605286738351254 0.543346774193548 22.1397758861076 3 0 2 
0 1730 5.6 24 0.358870967741936 0.388709677419355 3.34952180910028 1 0 -2 
1 1740 5 24 0.572759856630824 0.508064516129032 14.2400041883963 3 0 2 
0 1740 5.6 24 0.243087557603687 0.458870967741935 9.81796603721723 1 0 -2 
1 1750 5 24 0.613911290322581 0.456989247311828 10.7181866256711 3 0 2 
0 1750 5.6 24 NaN 0.48991935483871 7.5275688223092 1 0 -2 
1 1760 5 24 0.728786816269285 0.466397849462366 3.68816759098059 3 0 2 
0 1760 5.6 24 0.225806451612903 0.401209677419355 13.8507776327334 1 0 -2 
1 1770 5 24 0.678931451612903 0.612903225806452 9.00240672552314 3 0 3 
0 1770 5.6 24 0.222278225806452 0.283266129032258 12.5392427028437 0 0 -3 
1 1780 5 24 0.689516129032258 0.685483870967742 0 3 -1 3 
0 1780 5.6 25 0.213709677419355 0.23991935483871 15.8819971675545 0 1 -3 
