1 30 8.4 1 NaN 0.27578125 3.45172201695298 3 0 0 
0 30 7.4 1 NaN 0.18125 2.21886620451388 3 0 0 
1 40 8.4 1 NaN 0.25625 9.12531609999515 3 0 0 
0 40 7.4 1 NaN 0.21015625 10.0635539465405 3 0 0 
1 50 8.4 1 0.39453125 0.321875 24.835313276078 3 0 0 
0 50 7.4 1 0.36328125 0.28125 22.728819833142 3 0 0 
1 60 8.4 1 0.397916666666667 0.41796875 34.8502566435453 3 0 0 
0 60 7.4 1 0.36962890625 0.409375 40.8562979499185 3 0 0 
1 70 8.4 1 0.401726973684211 0.4609375 43.6358936521633 3 0 0 
0 70 7.4 1 0.387952302631579 0.46484375 43.3633980060722 3 0 0 
1 80 8.4 1 0.466517857142857 0.51015625 42.8671486892926 3 0 0 
0 80 7.4 1 0.4259765625 0.46796875 52.9706013408863 3 0 0 
1 90 8.4 1 0.427309782608696 0.509375 40.6812594292433 3 0 0 
0 90 7.4 1 0.39078125 0.482421875 42.296881696766 3 0 0 
1 100 8.4 2 0.421875 0.5265625 41.2308360105676 3 1 0 
0 100 7.4 1 0.39945652173913 0.4609375 48.5847470352473 3 -1 0 
1 110 8.4 2 0.47265625 0.50078125 43.7018569795604 3 0 0 
0 110 7.4 2 0.463541666666667 0.4 54.4623643056155 3 0 0 
1 120 8.4 2 0.440569196428571 0.51171875 46.3665492747916 3 0 0 
0 120 7.4 2 0.390252976190476 0.4140625 53.4088152092728 3 0 0 
1 130 8.4 2 0.412417763157895 0.5296875 45.4728048843293 3 0 0 
0 130 7.4 2 0.382421875 0.425 49.3407372339237 3 0 0 
1 140 8.4 3 0.47890625 0.4875 45.3571442191265 3 0 0 
0 140 7.4 3 0.440047554347826 0.4546875 52.8471675651584 3 0 0 
1 150 8.4 3 0.448275862068966 0.409375 54.8459049125707 3 0 0 
0 150 7.4 3 0.41640625 0.46953125 49.9780749831918 3 0 0 
1 160 8.4 3 0.429332386363636 0.45859375 44.9761473704029 3 0 0 
0 160 7.4 3 0.39890625 0.46484375 48.8393216082884 3 0 0 
1 170 8.4 4 0.462740384615385 0.496875 45.0334750966988 3 1 0 
0 170 7.4 3 0.446614583333333 0.48828125 49.532493026064 3 -1 0 
1 180 8.4 4 0.4515625 0.50390625 42.5810482051679 3 0 0 
0 180 7.4 4 0.417131696428571 0.375 54.9406769537154 3 0 0 
1 190 8.4 4 0.456321022727273 0.503125 30.7250256794518 3 0 0 
0 190 7.4 4 0.379616477272727 0.4578125 43.8617076568074 3 0 0 
1 200 8.4 4 0.474609375 0.509375 11.7948099486726 3 0 0 
0 200 7.4 4 0.4375 0.43125 29.4704076235344 3 0 0 
1 210 8.4 5 0.44765625 0.52734375 3.82688314822669 3 1 0 
0 210 7.4 4 0.392475328947368 0.44765625 7.18849074970809 3 -1 0 
1 220 8.4 5 0.453804347826087 0.5109375 2.48205495638721 3 1 0 
0 220 7.4 4 0.38330078125 0.4462890625 3.23498022528617 3 -1 0 
1 230 8.4 5 0.472098214285714 0.49375 4.64370709740885 3 1 0 
0 230 7.4 4 0.434375 0.494140625 4.78454451097133 3 -1 0 
1 240 8.4 5 0.460797991071429 0.49140625 5.44645753210178 3 1 0 
0 240 7.4 4 0.388247282608696 0.4 36.0731068088743 3 -1 0 
1 250 8.4 6 0.461263020833333 0.49140625 3.97726938398549 3 1 0 
0 250 7.4 5 0.37890625 0.396875 34.9498099811391 3 -1 0 
1 260 8.4 6 0.49365234375 0.40703125 26.3238470366212 3 1 0 
0 260 7.4 5 0.42671875 0.434375 41.1204216084043 3 -1 0 
1 270 8.4 6 0.449757543103448 0.453125 35.0845938182524 3 0 0 
0 270 7.4 6 0.4248046875 0.44296875 45.0459345283642 3 0 0 
1 280 8.4 6 0.422025240384615 0.47890625 26.1611683956518 3 0 0 
0 280 7.4 6 0.403231534090909 0.46015625 44.3790838042293 3 0 0 
1 290 8.4 6 0.466331845238095 0.5 39.863090804609 3 0 0 
0 290 7.4 6 0.421052631578947 0.45859375 44.0296360751634 3 0 0 
1 300 8.4 6 0.45984375 0.4921875 43.0591132095536 3 0 0 
0 300 7.4 6 0.416796875 0.465625 37.6146781299053 3 0 0 
1 310 8.4 6 0.419084821428571 0.474609375 44.6501510822968 3 0 0 
0 310 7.4 6 0.386555989583333 0.471875 33.1454039187972 3 0 0 
1 320 8.4 7 0.4658203125 0.5 20.9298645035485 3 1 0 
0 320 7.4 6 0.432454427083333 0.432291666666667 21.1850880328493 3 -1 0 
1 330 8.4 7 0.44515625 0.4287109375 32.9823109433015 3 0 0 
0 330 7.4 7 0.416193181818182 0.436197916666667 11.7572668334832 3 0 0 
1 340 8.4 7 0.422407670454545 0.4521484375 18.7494596396662 3 0 0 
0 340 7.4 7 0.396784855769231 0.3359375 42.3145249007026 3 0 0 
1 350 8.4 7 0.46240234375 0.5234375 4.99536394186738 3 0 0 
0 350 7.4 7 0.437049278846154 0.3232421875 36.8114975920005 3 0 0 
1 360 8.4 7 0.444861778846154 0.47578125 25.9614548660985 3 0 0 
0 360 7.4 7 0.417080965909091 0.3078125 29.2296995329852 3 0 0 
1 370 8.4 8 0.446161684782609 0.48203125 21.1837478983716 3 1 0 
0 370 7.4 7 0.386904761904762 0.41015625 38.0699113810508 3 -1 0 
1 380 8.4 8 0.470102163461538 0.35625 48.7049471157288 3 1 0 
0 380 7.4 7 0.419806985294118 0.384375 51.9803202557628 3 -1 0 
1 390 8.4 8 0.44921875 0.41640625 46.7165961449363 3 0 0 
0 390 7.4 8 0.437669836956522 0.42578125 47.4316603178262 3 0 0 
1 400 8.4 8 0.408420138888889 0.45703125 38.1154926855882 3 0 0 
0 400 7.4 8 0.397549715909091 0.47734375 43.063296892159 3 0 0 
1 410 8.4 9 0.4390625 0.475 30.0329396893764 3 1 0 
0 410 7.4 8 0.433388157894737 0.4794921875 35.4971319810446 3 -1 0 
1 420 8.4 9 0.432454427083333 0.50625 22.2215175944555 3 1 0 
0 420 7.4 8 0.432291666666667 0.4287109375 24.2612789678308 3 -1 0 
1 430 8.4 9 0.41921875 0.5625 7.40186647049763 3 1 0 
0 430 7.4 8 0.378728693181818 0.34765625 28.9425243482182 3 -1 0 
1 440 8.4 9 0.462053571428571 0.60234375 4.85407517306758 3 1 0 
0 440 7.4 8 0.4103125 0.3265625 13.5713522393176 3 -1 0 
1 450 8.4 9 0.4464111328125 0.5234375 19.5235835084269 3 1 0 
0 450 7.4 8 0.4072265625 0.3953125 23.4531862043367 3 -1 0 
1 460 8.4 9 0.451032366071429 0.459375 29.9039115740259 3 0 0 
0 460 7.4 9 0.43822337962963 0.471875 27.5785914488849 3 0 0 
1 470 8.4 9 0.4767578125 0.465625 30.5808380657557 3 0 0 
0 470 7.4 9 0.45265625 0.48046875 39.4698586906299 3 0 0 
1 480 8.4 10 0.462775735294118 0.4794921875 35.8219806602152 3 0 0 
0 480 7.4 10 0.441840277777778 0.4658203125 25.2957973583174 3 0 0 
1 490 8.4 10 0.423921130952381 0.478515625 19.923087713242 3 0 0 
0 490 7.4 10 0.401455965909091 0.376953125 29.1465203001362 3 0 0 
1 500 8.4 10 0.443359375 0.447916666666667 17.9249777706998 3 0 0 
0 500 7.4 10 0.406929347826087 0.38828125 31.7449358808848 3 0 0 
1 510 8.4 10 0.431995738636364 0.392578125 37.4053203942462 3 0 0 
0 510 7.4 10 0.414772727272727 0.447265625 29.7801826303557 3 0 0 
1 520 8.4 10 0.44171875 0.4248046875 28.7356642722208 3 0 0 
0 520 7.4 10 0.388671875 0.4951171875 15.0258666836235 3 0 0 
1 530 8.4 11 0.45703125 0.38515625 33.7913128703416 3 1 0 
0 530 7.4 10 0.421657986111111 0.5537109375 3.68608621567577 3 -1 0 
1 540 8.4 11 0.487748579545455 0.428125 26.4529237007552 3 1 0 
0 540 7.4 10 0.396381578947368 0.45078125 34.6789938153285 3 -1 0 
1 550 8.4 11 0.482421875 0.4515625 14.5084034547172 3 1 0 
0 550 7.4 10 0.37202380952381 0.48515625 24.3512944882484 3 -1 0 
1 560 8.4 11 0.470947265625 0.4384765625 5.50811911040351 3 0 0 
0 560 7.4 11 0.413240131578947 0.4892578125 7.98696901292868 3 0 0 
1 570 8.4 11 0.475341796875 0.41015625 3.1667269782539 3 0 0 
0 570 7.4 11 0.383928571428571 0.5361328125 4.36684003161018 3 0 0 
1 580 8.4 11 0.491030092592593 0.412109375 9.33348206936874 3 0 0 
0 580 7.4 11 0.3701171875 0.537109375 4.22303655512654 3 0 0 
1 590 8.4 11 0.536783854166667 0.35390625 23.2501174369266 3 0 0 
0 590 7.4 11 0.389802631578947 0.45234375 36.1080908209563 3 0 0 
1 600 8.4 11 0.498224431818182 0.31875 31.7951637773223 3 0 0 
0 600 7.4 11 0.37890625 0.40234375 30.1095074373861 3 0 0 
1 610 8.4 12 0.420758928571429 0.3546875 39.0712604822087 3 1 0 
0 610 7.4 11 0.3890625 0.4140625 35.8561934079153 3 -1 0 
1 620 8.4 12 0.4498046875 0.46953125 38.7192538113975 3 1 0 
0 620 7.4 11 0.423828125 0.3828125 33.4673344820448 3 -1 0 
1 630 8.4 12 0.50375 0.540625 39.6322702902284 3 1 0 
0 630 7.4 11 0.398737980769231 0.375 29.5451437196958 3 -1 0 
1 640 8.4 12 0.429154829545455 0.5484375 20.5582215998767 3 0 0 
0 640 7.4 12 0.3923828125 0.38046875 26.0382671341669 3 0 0 
1 650 8.4 12 0.4453125 0.565625 17.6721608350457 3 0 0 
0 650 7.4 12 0.40087890625 0.4130859375 17.8288331267986 3 0 0 
1 660 8.4 13 0.474506578947368 0.5400390625 4.23142905366568 3 1 0 
0 660 7.4 12 0.416015625 0.463541666666667 2.61100798587789 3 -1 0 
1 670 8.4 13 0.426313920454545 0.5068359375 6.09013333209671 3 1 0 
0 670 7.4 12 0.4096875 0.482421875 2.54950975679639 3 -1 0 
1 680 8.4 13 0.443462171052632 0.505859375 3.23203774515351 3 1 0 
0 680 7.4 12 0.425260416666667 0.4609375 4.03112887414927 3 -1 0 
1 690 8.4 13 0.46453125 0.5400390625 1.8401503972523 3 1 0 
0 690 7.4 12 0.428571428571429 0.279296875 49.5630911061851 3 -1 0 
1 700 8.4 13 0.445167824074074 0.478515625 22.9022169537784 3 1 0 
0 700 7.4 12 0.425248579545455 0.260416666666667 41.9374867631452 3 -1 0 
1 710 8.4 14 0.488960597826087 0.4892578125 29.0295385182406 3 1 0 
0 710 7.4 13 0.439338235294118 0.329427083333333 39.4406984528532 3 -1 0 
1 720 8.4 14 0.519875919117647 0.5126953125 36.1783460643668 3 1 0 
0 720 7.4 13 0.36796875 0.2953125 37.3802903778101 3 -1 0 
1 730 8.4 15 0.505563446969697 0.49921875 49.2178654464364 3 2 0 
0 730 7.4 13 0.375 0.318359375 38.3599162446408 3 -2 0 
1 740 8.4 15 0.556199596774194 0.55703125 41.0907443917582 3 2 0 
0 740 7.4 13 0.44140625 0.361328125 33.1613256846537 3 -2 0 
1 750 8.4 15 0.578814338235294 0.5765625 33.888174772913 3 2 0 
0 750 7.4 13 0.345703125 0.3818359375 27.0802326437528 3 -2 0 
1 760 8.4 16 0.608774038461538 0.60625 12.9884472251462 3 3 0 
0 760 7.4 13 0.38330078125 0.25 45.7629763018097 3 -3 0 
1 770 8.4 16 0.622829861111111 0.71171875 3.85724235116725 3 3 0 
0 770 7.4 13 0.38671875 0.291015625 25.8698666405531 3 -3 0 
1 780 8.4 16 0.526400862068966 0.69921875 5.78166370838809 3 2 0 
0 780 7.4 14 0.327799479166667 0.30859375 7.81024967590665 3 -2 0 
1 790 8.4 16 0.52359375 0.69921875 8.94143702997913 3 2 0 
0 790 7.4 14 0.41640625 0.234375 16.2788205960997 3 -2 0 
1 800 8.4 16 0.574652777777778 0.71484375 8.98046414097781 3 2 0 
0 800 7.4 14 0.41640625 0.1904296875 10.9845260965261 3 -2 0 
1 810 8.4 16 0.524016203703704 0.63671875 14.2810259717147 3 2 0 
0 810 7.4 14 0.321614583333333 0.26953125 5.10172820933644 3 -2 0 
1 820 8.4 16 0.533203125 0.3935546875 51.0018114979876 3 2 0 
0 820 7.4 14 0.327524038461538 0.322916666666667 21.6222897667561 3 -2 0 
1 830 8.4 17 0.5675048828125 0.3896484375 25.3252725288055 3 3 0 
0 830 7.4 14 0.327524038461538 0.348958333333333 26.3678195092467 3 -3 0 
1 840 8.4 17 0.494829963235294 0.400390625 33.1444227530071 3 2 0 
0 840 7.4 15 0.3365625 0.317708333333333 16.3535381942616 3 -2 0 
1 850 8.4 17 0.499881628787879 0.4716796875 25.5154240735032 3 2 0 
0 850 7.4 15 0.369466145833333 0.265625 23.7348967052749 3 -2 0 
1 860 8.4 17 0.591864224137931 0.5517578125 23.3049103112501 3 2 0 
0 860 7.4 15 0.356158088235294 0.25 28.8300611096738 3 -2 0 
1 870 8.4 17 0.52438446969697 0.49453125 48.8250341733959 3 2 0 
0 870 7.4 15 0.355224609375 0.31640625 25.2443978901828 3 -2 0 
1 880 8.4 17 0.4425 0.513671875 33.3992578158346 3 2 0 
0 880 7.4 15 0.37109375 0.4078125 28.5248957335355 3 -2 0 
1 890 8.4 17 0.468039772727273 0.5078125 9.51680474530198 3 2 0 
0 890 7.4 15 0.389945652173913 0.421875 13.1705229259095 3 -2 0 
1 900 8.4 17 0.510216346153846 0.53515625 4.75462469010211 3 2 0 
0 900 7.4 15 0.417596726190476 0.40234375 9.63822368072303 3 -2 0 
1 910 8.4 17 0.48 0.55078125 7.81882720791504 3 1 0 
0 910 7.4 16 0.382254464285714 0.3955078125 12.1516600692638 3 -1 0 
1 920 8.4 18 0.49640625 0.575520833333333 7.68054688002231 3 2 0 
0 920 7.4 16 0.384300595238095 0.39453125 2.28267775306996 3 -2 0 
1 930 8.4 18 0.520210597826087 0.501953125 45.1472801734345 3 2 0 
0 930 7.4 16 0.4125 0.25390625 0 3 -2 0 
1 940 8.4 18 0.47234375 0.50390625 24.2058906981547 3 2 0 
0 940 7.4 16 0.372767857142857 0.3828125 0 3 -2 0 
1 950 8.4 18 0.499289772727273 0.453125 12.5256026293453 3 2 0 
0 950 7.4 16 0.388569078947368 0.255859375 33.4701359423591 3 -2 0 
1 960 8.4 18 0.50234375 0.396875 25.0434860392026 3 2 0 
0 960 7.4 16 0.392795138888889 0.279947916666667 24.3133163254125 3 -2 0 
1 970 8.4 18 0.460186298076923 0.3921875 21.6310321473847 3 2 0 
0 970 7.4 16 0.401909722222222 0.228125 32.924610273417 3 -2 0 
1 980 8.4 19 0.519325657894737 0.46640625 14.8152009520741 3 3 0 
0 980 7.4 16 0.409722222222222 0.2671875 28.3196321716313 3 -3 0 
1 990 8.4 19 0.53296875 0.44296875 28.8930838957282 3 3 0 
0 990 7.4 16 0.421365489130435 0.35 12.7076307313798 3 -3 0 
1 1000 8.4 19 0.467247596153846 0.48046875 33.6580581809993 3 3 0 
0 1000 7.4 16 0.393179086538462 0.353125 8.0106332065961 3 -3 0 
1 1010 8.4 19 0.513020833333333 0.46875 22.6908867975631 3 3 0 
0 1010 7.4 16 0.377055921052632 0.296875 24.5309428021778 3 -3 0 
1 1020 8.4 19 0.4984130859375 0.5 8.50283569614343 3 2 0 
0 1020 7.4 17 0.34203125 0.21015625 15.5972030396909 3 -2 0 
1 1030 8.4 19 0.517755681818182 0.490625 9.99343436519308 3 2 0 
0 1030 7.4 17 0.351029829545455 0.203125 3.27838005802228 3 -2 0 
1 1040 8.4 19 0.626598011363636 0.53515625 9.67083552540295 3 2 0 
0 1040 7.4 17 0.349506578947368 0.346875 22.3680998169291 3 -2 0 
1 1050 8.4 20 0.522916666666667 0.5828125 9.6034823584383 3 3 0 
0 1050 7.4 17 0.38984375 0.38203125 16.8620937520948 3 -3 0 
1 1060 8.4 20 0.474748883928571 0.5953125 3.26624556410723 3 3 0 
0 1060 7.4 17 0.420123922413793 0.3984375 12.4543128549567 3 -3 0 
1 1070 8.4 20 0.53857421875 0.56640625 3.26402098871598 3 3 0 
0 1070 7.4 17 0.415885416666667 0.391927083333333 3.30419606424672 3 -3 0 
1 1080 8.4 20 0.526713709677419 0.67734375 2.79902361324958 3 3 0 
0 1080 7.4 17 0.406901041666667 0.3125 0 3 -3 0 
1 1090 8.4 20 0.535912298387097 0.7109375 4.97224203420584 3 3 0 
0 1090 7.4 17 0.4427734375 0.18359375 0 3 -3 0 
1 1100 8.4 20 0.563058035714286 0.6515625 25.3075053250256 3 3 1 
0 1100 7.4 17 0.4412109375 0.2109375 0 2 -3 -1 
1 1110 8.4 20 0.547719594594595 0.60078125 32.8114619720986 3 3 1 
0 1110 7.4 17 0.382457386363636 0.2578125 0 2 -3 -1 
1 1120 8.4 21 0.547433035714286 0.61640625 21.7845503196358 3 4 2 
0 1120 7.4 17 0.410400390625 0.182291666666667 6.6076548472826 1 -4 -2 
1 1130 8.4 21 0.6077880859375 0.62734375 11.9971514983942 3 3 2 
0 1130 7.4 18 0.436079545454545 0.178125 9.46586933466376 1 -3 -2 
1 1140 8.4 21 0.594292534722222 0.64375 24.0408249785949 3 3 2 
0 1140 7.4 18 0.2578125 0.20234375 12.3307310664283 1 -3 -2 
1 1150 8.4 21 0.483525815217391 0.73671875 10.5658461998722 3 3 2 
0 1150 7.4 18 0.1875 0.2451171875 6.07401178703289 1 -3 -2 
1 1160 8.4 21 0.545386904761905 0.82421875 3.90648794139067 3 3 3 
0 1160 7.4 18 0.189453125 0.1806640625 10.2795734148058 0 -3 -3 
1 1170 8.4 21 0.651971726190476 0.8265625 5.32816739360006 3 3 3 
0 1170 7.4 18 0.19140625 0.162109375 3.37695031793523 0 -3 -3 
1 1180 8.4 21 0.690805288461538 0.83125 2.80328652233546 3 3 3 
0 1180 7.4 18 0.184895833333333 0.13671875 4.26776695296637 0 -3 -3 
1 1190 8.4 22 0.7984375 0.80859375 6.96031603369808 3 4 3 
0 1190 7.4 18 0.184895833333333 0.1669921875 6.41294588419179 0 -4 -3 
1 1200 8.4 22 0.8125 0.7958984375 2.3859084648241 3 3 3 
0 1200 7.4 19 NaN 0.1953125 5.0226225901305 0 -3 -3 
