1 30 8 1 NaN 0.29296875 14.2561631214633 3 0 0 
0 30 7 1 NaN 0.3427734375 15.949626259708 3 0 0 
1 40 8 1 NaN 0.29921875 15.6007977912468 3 0 0 
0 40 7 1 NaN 0.3798828125 20.9411694344481 3 0 0 
1 50 8 1 NaN 0.34921875 23.2291559085944 3 0 0 
0 50 7 1 NaN 0.3896484375 17.1068079512675 3 0 0 
1 60 8 1 0.3671875 0.47890625 31.6390107345211 3 0 0 
0 60 7 1 0.37421875 0.462890625 5.13437934883804 3 0 0 
1 70 8 1 0.36328125 0.498046875 38.5973735999637 3 0 0 
0 70 7 1 0.37109375 0.455729166666667 9.1251686737732 3 0 0 
1 80 8 1 0.45234375 0.42890625 45.1350948944152 3 0 0 
0 80 7 1 0.45390625 0.473958333333333 39.9385791031827 3 0 0 
1 90 8 1 0.4290771484375 0.4546875 46.1708801059992 3 0 0 
0 90 7 1 0.417436079545455 0.440625 63.1403925347076 3 0 0 
1 100 8 1 0.419480846774194 0.44375 36.1272717817172 3 0 0 
0 100 7 1 0.406389508928571 0.418619791666667 52.2282768985528 3 0 0 
1 110 8 1 0.45203125 0.48359375 23.7556851642119 3 -1 0 
0 110 7 2 0.460239955357143 0.451822916666667 40.0683685429066 3 1 0 
1 120 8 2 0.394205729166667 0.4640625 18.012340548417 3 0 0 
0 120 7 2 0.450827205882353 0.515625 29.7886661699392 3 0 0 
1 130 8 2 0.3779296875 0.49296875 21.9926632670991 3 0 0 
0 130 7 2 0.424164870689655 0.494419642857143 31.1910022483788 3 0 0 
1 140 8 2 0.428998161764706 0.4640625 23.8293647759885 3 -1 0 
0 140 7 3 0.492542613636364 0.5078125 32.2412293540661 3 1 0 
1 150 8 2 0.390830592105263 0.46953125 24.4442429867533 3 -1 0 
0 150 7 3 0.4500732421875 0.477120535714286 34.8502872377107 3 1 0 
1 160 8 3 0.3828125 0.4625 31.8822038901273 3 0 0 
0 160 7 3 0.412710336538462 0.421875 43.0946568575998 3 0 0 
1 170 8 3 0.4423828125 0.48359375 28.748883601584 3 0 0 
0 170 7 3 0.476740056818182 0.476004464285714 34.7801247941342 3 0 0 
1 180 8 3 0.426450892857143 0.43984375 27.483663305735 3 -1 0 
0 180 7 4 0.39703125 0.506510416666667 32.7935859558189 3 1 0 
1 190 8 3 0.410425646551724 0.38828125 29.7877365670775 3 -1 0 
0 190 7 4 0.371484375 0.4609375 26.0637148810066 3 1 0 
1 200 8 4 0.488790760869565 0.47109375 31.6608349418611 3 0 0 
0 200 7 4 0.470052083333333 0.42578125 33.6023576097538 3 0 0 
1 210 8 4 0.436197916666667 0.5015625 28.4163423469368 3 0 0 
0 210 7 4 0.401266163793103 0.450892857142857 38.2237968527894 3 0 0 
1 220 8 4 0.414192708333333 0.459375 43.0559733004792 3 -1 0 
0 220 7 5 0.39265625 0.484375 11.6910264461116 3 1 0 
1 230 8 5 0.462076822916667 0.48828125 43.6440573538586 3 0 0 
0 230 7 5 0.486922554347826 0.45859375 10.9302804614404 3 0 0 
1 240 8 5 0.448336693548387 0.50390625 32.6191621409898 3 0 0 
0 240 7 5 0.4025390625 0.48046875 6.2049560834738 3 0 0 
1 250 8 5 0.3846875 0.5 26.1472629270514 3 -1 0 
0 250 7 6 0.37109375 0.49609375 2.1416588439367 3 1 0 
1 260 8 6 0.457632211538462 0.4984375 36.1721119091937 3 0 0 
0 260 7 6 0.4388671875 0.486328125 5.52268050859363 3 0 0 
1 270 8 6 0.4517822265625 0.46796875 40.748222930054 3 0 0 
0 270 7 6 0.39625 0.31875 53.7458009992106 3 0 0 
1 280 8 6 0.4003125 0.46171875 35.9512860129623 3 0 0 
0 280 7 6 0.39171875 0.37890625 42.6407986739739 3 0 0 
1 290 8 6 0.454296875 0.47421875 34.7626497341567 3 0 0 
0 290 7 6 0.455403645833333 0.404947916666667 46.6660590695383 3 0 0 
1 300 8 7 0.435971467391304 0.49375 25.3562971964979 3 1 0 
0 300 7 6 0.428674768518518 0.4453125 34.2611161898802 3 -1 0 
1 310 8 7 0.375169836956522 0.46484375 25.203536781012 3 0 0 
0 310 7 7 0.374813988095238 0.43046875 31.7781214866503 3 0 0 
1 320 8 8 0.453869047619048 0.50859375 24.9736175256119 3 1 0 
0 320 7 7 0.4375 0.3896484375 23.0041440978194 3 -1 0 
1 330 8 8 0.4442138671875 0.4890625 26.6195034873973 3 1 0 
0 330 7 7 0.387462797619048 0.328125 33.3566004122506 3 -1 0 
1 340 8 8 0.388020833333333 0.47265625 36.2640946071496 3 1 0 
0 340 7 7 0.37109375 0.34453125 31.7628205936171 3 -1 0 
1 350 8 8 0.467881944444444 0.4921875 28.4645447394421 3 1 0 
0 350 7 7 0.454296875 0.37109375 30.1091891695594 3 -1 0 
1 360 8 9 0.44078125 0.49296875 23.8196156936243 3 1 0 
0 360 7 8 0.4140625 0.4359375 30.7416738591501 3 -1 0 
1 370 8 9 0.36328125 0.49609375 29.0627947050952 3 1 0 
0 370 7 8 0.38569972826087 0.358072916666667 46.9139421930832 3 -1 0 
1 380 8 9 0.443359375 0.525390625 32.787493173133 3 1 0 
0 380 7 8 0.43115234375 0.415364583333333 38.7836104932479 3 -1 0 
1 390 8 10 0.43484375 0.45859375 43.0613261733566 3 2 0 
0 390 7 8 0.405110677083333 0.294921875 30.4311652007892 3 -2 0 
1 400 8 10 0.38818359375 0.434375 40.1539462670773 3 2 0 
0 400 7 8 0.375710227272727 0.33671875 18.6495423669305 3 -2 0 
1 410 8 10 0.476953125 0.4546875 32.1601407368085 3 2 0 
0 410 7 8 0.452205882352941 0.3203125 13.3455161208042 3 -2 0 
1 420 8 11 0.458543346774194 0.5203125 37.3234073264593 3 3 0 
0 420 7 8 0.394708806818182 0.421316964285714 22.7301082183802 3 -3 0 
1 430 8 11 0.37890625 0.41640625 29.2030083874285 3 2 0 
0 430 7 9 0.37578125 0.453683035714286 25.255232554944 3 -2 0 
1 440 8 11 0.458806818181818 0.41953125 37.590908756561 3 2 0 
0 440 7 9 0.46875 0.453683035714286 25.7027815489584 3 -2 0 
1 450 8 11 0.461341594827586 0.4671875 42.6483773663993 3 2 0 
0 450 7 9 0.411892361111111 0.467633928571429 47.1962984588011 3 -2 0 
1 460 8 11 0.36328125 0.4953125 40.9051162350665 3 2 0 
0 460 7 9 0.401204427083333 0.477864583333333 60.597593585345 3 -2 0 
1 470 8 11 0.478125 0.5359375 48.234220099444 3 2 0 
0 470 7 9 0.432477678571429 0.446875 59.4644800953144 3 -2 0 
1 480 8 12 0.442349137931034 0.52421875 52.930832869681 3 2 0 
0 480 7 10 0.393359375 0.4658203125 39.9150166308505 3 -2 0 
1 490 8 12 0.454889112903226 0.4796875 49.4563758515428 3 2 0 
0 490 7 10 0.37890625 0.43828125 41.2188151731372 3 -2 0 
1 500 8 12 0.5607421875 0.4328125 26.0299378946942 3 2 0 
0 500 7 10 0.405029296875 0.428125 22.0265184183974 3 -2 0 
1 510 8 12 0.446568080357143 0.4453125 20.9751373208659 3 2 0 
0 510 7 10 0.391369047619048 0.43359375 13.258518897639 3 -2 0 
1 520 8 12 0.389973958333333 0.47109375 5.67225128626996 3 2 0 
0 520 7 10 0.377663352272727 0.46328125 5.72450247922874 3 -2 0 
1 530 8 12 0.501302083333333 0.46015625 34.8095751225813 3 2 0 
0 530 7 10 0.441576086956522 0.430989583333333 3.73798182998929 3 -2 0 
1 540 8 12 0.455280172413793 0.55625 24.652334121808 3 1 0 
0 540 7 11 0.409016927083333 0.28125 25.6264956612794 3 -1 0 
1 550 8 13 0.398125 0.50546875 23.7240642408724 3 2 0 
0 550 7 11 0.391059027777778 0.40078125 30.4049363113722 3 -2 0 
1 560 8 13 0.508984375 0.43046875 19.0706196401453 3 2 0 
0 560 7 11 0.426192434210526 0.42578125 32.1360651185482 3 -2 0 
1 570 8 13 0.450651041666667 0.4203125 22.0779062543799 3 2 0 
0 570 7 11 0.424525669642857 0.46171875 36.1567644844852 3 -2 0 
1 580 8 13 0.407151442307692 0.41640625 13.2816771659074 3 2 0 
0 580 7 11 0.408203125 0.520182291666667 14.957754995078 3 -2 0 
1 590 8 13 0.503226902173913 0.46484375 18.8878823540735 3 2 0 
0 590 7 11 0.44140625 0.559375 10.877419530031 3 -2 0 
1 600 8 13 0.477213541666667 0.391927083333333 5.78079353038293 3 2 0 
0 600 7 11 0.405078125 0.59453125 6.82499207293772 3 -2 0 
1 610 8 13 0.461616847826087 0.3984375 4.6760268737186 3 2 0 
0 610 7 11 0.426669034090909 0.563802083333333 12.066776155887 3 -2 0 
1 620 8 14 0.4921875 0.442708333333333 1.63247784405553 3 3 0 
0 620 7 11 0.470128676470588 0.509765625 7.43303437365925 3 -3 0 
1 630 8 14 0.49234375 0.303125 36.8020920035578 3 2 0 
0 630 7 12 0.4296875 0.419921875 7.43303437365925 3 -2 0 
1 640 8 14 0.438197544642857 0.48359375 21.4284464910712 3 2 0 
0 640 7 12 0.40140625 0.244140625 30.2918811546275 3 -2 0 
1 650 8 14 0.4234375 0.45703125 30.2777456481451 3 2 0 
0 650 7 12 0.440047554347826 0.266927083333333 13.2386737613445 3 -2 0 
1 660 8 15 0.439753605769231 0.49765625 29.4433927432012 3 3 0 
0 660 7 12 0.426513671875 0.3359375 11.7659440874089 3 -3 0 
1 670 8 15 0.382302989130435 0.53359375 36.3896593321782 3 3 0 
0 670 7 12 0.429057459677419 0.354817708333333 20.2731641386319 3 -3 0 
1 680 8 15 0.45703125 0.5419921875 35.6704223432121 3 3 0 
0 680 7 12 0.446063701923077 0.3921875 18.6810710271466 3 -3 0 
1 690 8 15 0.4730224609375 0.51953125 30.6081493714062 3 2 0 
0 690 7 13 0.403952205882353 0.466796875 12.6219705988569 3 -2 0 
1 700 8 16 0.390462239583333 0.490885416666667 32.8135450852585 3 3 0 
0 700 7 13 0.379464285714286 0.497395833333333 3.46547253745168 3 -3 0 
1 710 8 16 0.477399553571429 0.436197916666667 22.853834038832 3 3 0 
0 710 7 13 0.3931640625 0.421875 32.3248033020407 3 -3 0 
1 720 8 16 0.471590909090909 0.442708333333333 31.0432610132293 3 3 0 
0 720 7 13 0.419806985294118 0.4384765625 34.9525753837149 3 -3 0 
1 730 8 16 0.40697337962963 0.34140625 46.5593881203714 3 3 0 
0 730 7 13 0.39390625 0.498325892857143 19.268708632324 3 -3 0 
1 740 8 16 0.488118489583333 0.3546875 26.4634184786598 3 3 0 
0 740 7 13 0.3837890625 0.522321428571429 12.7449426123907 3 -3 0 
1 750 8 16 0.4951171875 0.41875 23.9577737711841 3 2 0 
0 750 7 14 0.420110887096774 0.540364583333333 24.0830762951751 3 -2 0 
1 760 8 16 0.461741727941176 0.41015625 24.7949818838153 3 2 0 
0 760 7 14 0.419613486842105 0.470703125 20.1188995096355 3 -2 0 
1 770 8 16 0.535300925925926 0.44375 31.3407104767563 3 2 0 
0 770 7 14 0.51025390625 0.3447265625 18.4513879243269 3 -2 0 
1 780 8 16 0.480291193181818 0.42109375 19.9515455185827 3 2 0 
0 780 7 14 0.434659090909091 0.3173828125 2.22283528373271 3 -2 0 
1 790 8 16 0.448626893939394 0.403125 13.0415346049245 3 2 0 
0 790 7 14 0.391183035714286 0.380859375 7.11576811716469 3 -2 0 
1 800 8 17 0.52078125 0.3640625 23.2388347379712 3 2 0 
0 800 7 15 0.427455357142857 0.41953125 9.53224163522298 3 -2 0 
1 810 8 17 0.426846590909091 0.425 28.2935130799698 3 2 0 
0 810 7 15 0.412454044117647 0.4625 18.1888212601772 3 -2 0 
1 820 8 17 0.36328125 0.46015625 30.1913228330171 3 2 0 
0 820 7 15 0.403862847222222 0.546223958333333 16.7462685927215 3 -2 0 
1 830 8 17 0.5490234375 0.45234375 33.4354461631299 3 2 0 
0 830 7 15 0.436197916666667 0.524739583333333 13.9372947820312 3 -2 0 
1 840 8 17 0.469058388157895 0.496875 28.6162414145824 3 2 0 
0 840 7 15 0.368055555555556 0.54296875 6.77727603427339 3 -2 0 
1 850 8 17 0.433159722222222 0.427734375 25.5439033429004 3 1 0 
0 850 7 16 0.36328125 0.57109375 8.48430670025876 3 -1 0 
1 860 8 18 0.565104166666667 0.4326171875 8.8115096867472 3 2 0 
0 860 7 16 0.36328125 0.552734375 6.19011356695986 3 -2 0 
1 870 8 18 0.510768581081081 0.5048828125 12.5680685886641 3 2 0 
0 870 7 16 0.328835227272727 0.401041666666667 21.0596179263969 3 -2 0 
1 880 8 18 0.478515625 0.587890625 18.2926892247407 3 2 0 
0 880 7 16 0.345703125 0.2265625 0 3 -2 0 
1 890 8 18 0.583984375 0.6123046875 26.2015213931098 3 2 0 
0 890 7 16 0.341145833333333 0.234375 0 3 -2 0 
1 900 8 18 0.543805803571429 0.564453125 29.5577880797628 3 2 0 
0 900 7 16 0.272265625 0.1796875 20.5182845286832 3 -2 0 
1 910 8 18 0.49619391025641 0.55390625 22.4012794154089 3 2 0 
0 910 7 16 0.285546875 0.23828125 26.5326264493156 3 -2 0 
1 920 8 18 0.627008928571429 0.5296875 24.0089588994451 3 2 0 
0 920 7 16 0.283420138888889 0.25390625 24.1004948420341 3 -2 0 
1 930 8 19 0.5462890625 0.56875 26.8083764511308 3 3 0 
0 930 7 16 0.323988970588235 0.305989583333333 24.3270585427184 3 -3 0 
1 940 8 19 0.470170454545455 0.56875 17.8863252247753 3 2 0 
0 940 7 17 0.3556640625 0.334263392857143 20.0650052219632 3 -2 0 
1 950 8 19 0.504340277777778 0.54765625 18.0671120040066 3 2 1 
0 950 7 17 0.356956845238095 0.334821428571429 17.5059222135862 2 -2 -1 
1 960 8 19 0.478877314814815 0.5515625 23.9706742955648 3 2 1 
0 960 7 17 0.407118055555556 0.40234375 24.3842960672298 2 -2 -1 
1 970 8 19 0.367720170454545 0.50234375 10.1045238417475 3 2 1 
0 970 7 17 0.4129638671875 0.416666666666667 11.0437915497341 2 -2 -1 
1 980 8 20 0.425091911764706 0.59140625 6.71852985146626 3 3 1 
0 980 7 17 0.438328598484849 0.400390625 8.32165848854662 2 -3 -1 
1 990 8 20 0.414911684782609 0.6265625 9.05858249083457 3 3 1 
0 990 7 17 0.456922743055556 0.38671875 0 2 -3 -1 
1 1000 8 20 0.38984375 0.59375 32.8547957251518 3 3 1 
0 1000 7 17 0.491976351351351 0.19921875 0 2 -3 -1 
1 1010 8 20 0.446751644736842 0.54296875 35.4398768645509 3 3 1 
0 1010 7 17 0.533447265625 0.14453125 0 2 -3 -1 
1 1020 8 20 0.47265625 0.44375 28.1693044008492 3 3 1 
0 1020 7 17 0.503455528846154 0.177734375 5.70087712549569 2 -3 -1 
1 1030 8 20 0.43195564516129 0.453125 39.4741568763047 3 3 1 
0 1030 7 17 0.447395833333333 0.221354166666667 26.4519194287914 2 -3 -1 
1 1040 8 20 0.515625 0.42421875 48.9284306260624 3 3 1 
0 1040 7 17 0.427734375 0.2421875 26.2873755520949 2 -3 -1 
1 1050 8 20 0.452724358974359 0.45546875 35.3930552614661 3 2 2 
0 1050 7 18 0.401692708333333 0.321986607142857 17.0788269888364 1 -2 -2 
1 1060 8 21 0.462022569444444 0.52734375 32.7302735018384 3 3 2 
0 1060 7 18 0.404017857142857 0.353236607142857 14.7827674292734 1 -3 -2 
1 1070 8 21 0.60400390625 0.54453125 24.5335368209306 3 3 2 
0 1070 7 18 0.376065340909091 0.387834821428571 15.7338847019883 1 -3 -2 
1 1080 8 21 0.518663194444444 0.5640625 34.2399549976442 3 3 2 
0 1080 7 18 0.31484375 0.4015625 45.4156983965196 1 -3 -2 
1 1090 8 21 0.503580729166667 0.5517578125 8.56821565816787 3 3 2 
0 1090 7 18 0.3271484375 0.395833333333333 5.05434297397552 1 -3 -2 
1 1100 8 21 0.610179227941177 0.646484375 11.2472069881448 3 3 2 
0 1100 7 18 0.3271484375 0.309895833333333 6.09359290857439 1 -3 -2 
1 1110 8 21 0.540711805555556 0.58984375 22.4969439398396 3 2 2 
0 1110 7 19 0.240668402777778 0.22265625 2.19216374084716 1 -2 -2 
1 1120 8 21 0.496744791666667 0.5576171875 30.4805684547908 3 2 2 
0 1120 7 19 0.248372395833333 0.23828125 13.7626888162297 1 -2 -2 
1 1130 8 21 0.665760869565217 0.556640625 30.5336578216717 3 2 2 
0 1130 7 19 0.248372395833333 0.2607421875 14.9576927893078 1 -2 -2 
1 1140 8 21 0.5505859375 0.544921875 27.094153488005 3 2 2 
0 1140 7 19 0.303308823529412 0.263671875 17.0652587342849 1 -2 -2 
1 1150 8 21 0.447916666666667 0.4109375 53.3119659762875 3 2 2 
0 1150 7 19 0.334635416666667 0.212239583333333 26.8247829854612 1 -2 -2 
1 1160 8 21 0.569196428571429 0.503125 45.3558328181316 3 2 2 
0 1160 7 19 0.3349609375 0.21484375 27.8152937629255 1 -2 -2 
1 1170 8 21 0.534237132352941 0.55703125 29.6852094278324 3 2 2 
0 1170 7 19 0.311848958333333 0.240234375 19.0394327646598 1 -2 -2 
1 1180 8 22 0.482536764705882 0.4875 30.6556707307582 3 3 2 
0 1180 7 19 0.34423828125 0.24453125 16.8385834098503 1 -3 -2 
1 1190 8 22 0.555078125 0.51953125 44.9613261828095 3 2 2 
0 1190 7 20 0.337316176470588 0.215625 9.25870789216886 1 -2 -2 
1 1200 8 22 0.532924107142857 0.62734375 36.3291455330069 3 2 2 
0 1200 7 20 0.3873046875 0.2177734375 7.20940555858849 1 -2 -2 
1 1210 8 22 0.4970703125 0.68359375 27.601638272202 3 2 2 
0 1210 7 20 0.383680555555556 0.18359375 5.3132517648928 1 -2 -2 
1 1220 8 22 0.648082386363636 0.70078125 31.7587672074499 3 2 2 
0 1220 7 20 0.398995535714286 0.182291666666667 7.23989586705002 1 -2 -2 
1 1230 8 22 0.701450892857143 0.7046875 26.7140351426265 3 2 2 
0 1230 7 20 0.201171875 0.20703125 6.65780891282819 1 -2 -2 
1 1240 8 22 0.681640625 0.69609375 22.853688627433 3 2 2 
0 1240 7 20 0.3328125 0.236328125 12.2606936895031 1 -2 -2 
1 1250 8 22 0.663504464285714 0.6546875 23.6961653720088 3 2 2 
0 1250 7 20 0.3328125 0.200520833333333 14.7491677024817 1 -2 -2 
