1 30 8 1 NaN 0.245161290322581 21.551265910897 3 0 0 
0 30 8.8 1 NaN 0.217741935483871 18.2622590400159 3 0 0 
1 40 8 1 NaN 0.249193548387097 18.515467125339 3 0 0 
0 40 8.8 1 NaN 0.319354838709677 21.2173075850181 3 0 0 
1 50 8 1 0.380376344086022 0.341129032258065 28.4182889328632 3 0 0 
0 50 8.8 1 0.383064516129032 0.37258064516129 24.1393596721594 3 0 0 
1 60 8 1 0.383064516129032 0.47741935483871 26.5023347152032 3 0 0 
0 60 8.8 1 0.383064516129032 0.444354838709677 27.690719356953 3 0 0 
1 70 8 1 0.419556451612903 0.501612903225806 18.7280790346036 3 0 0 
0 70 8.8 1 0.402329749103943 0.457258064516129 22.4365800680973 3 0 0 
1 80 8 1 0.462468982630273 0.478225806451613 23.2943561540586 3 0 0 
0 80 8.8 1 0.465322580645161 0.480645161290323 21.5045934803421 3 0 0 
1 90 8 1 0.40462158808933 0.466935483870968 29.2671565224528 3 0 0 
0 90 8.8 1 0.422830923248053 0.47258064516129 28.8589706537475 3 0 0 
1 100 8 1 0.434139784946237 0.478225806451613 32.8657386483013 3 0 0 
0 100 8.8 1 0.412775891341256 0.47741935483871 30.4154593777243 3 0 0 
1 110 8 2 0.477534562211982 0.494354838709677 23.7484845510572 3 0 0 
0 110 8.8 2 0.456451612903226 0.47741935483871 28.9601529256822 3 0 0 
1 120 8 2 0.383064516129032 0.47741935483871 28.6974947000492 3 0 0 
0 120 8.8 2 0.415322580645161 0.491935483870968 31.6555820334595 3 0 0 
1 130 8 2 0.401528013582343 0.489516129032258 32.1901613920938 3 0 0 
0 130 8.8 2 0.413594470046083 0.485483870967742 35.1695146815808 3 0 0 
1 140 8 2 0.484932088285229 0.485483870967742 30.1529066535589 3 -1 0 
0 140 8.8 3 0.457661290322581 0.461290322580645 33.585138784658 3 1 0 
1 150 8 3 0.391654978962132 0.479838709677419 32.7300508383 3 0 0 
0 150 8.8 3 0.424082313681869 0.474193548387097 30.4230485070796 3 0 0 
1 160 8 3 0.389112903225806 0.465322580645161 32.5379156474571 3 0 0 
0 160 8.8 3 0.433555399719495 0.483064516129032 29.8506866832448 3 0 0 
1 170 8 3 0.466397849462366 0.479838709677419 22.2009039224476 3 0 0 
0 170 8.8 3 0.461549539170507 0.442741935483871 29.907225883711 3 0 0 
1 180 8 4 0.412783751493429 0.443548387096774 27.4243189712305 3 0 0 
0 180 8.8 4 0.406947890818859 0.454032258064516 32.0702604709789 3 0 0 
1 190 8 4 0.419162826420891 0.458870967741935 19.0776528817148 3 0 0 
0 190 8.8 4 0.429147465437788 0.468548387096774 32.0623635623049 3 0 0 
1 200 8 4 0.469193548387097 0.491129032258064 27.5889088639106 3 0 0 
0 200 8.8 4 0.467237903225806 0.475 32.0363889101532 3 0 0 
1 210 8 5 0.418778801843318 0.501008064516129 27.3793990294431 3 1 0 
0 210 8.8 4 0.410138248847926 0.463709677419355 29.7319704100018 3 -1 0 
1 220 8 5 0.44024926686217 0.493548387096774 33.5784410075161 3 0 0 
0 220 8.8 5 0.396584440227704 0.464516129032258 33.7643027115161 3 0 0 
1 230 8 5 0.46712158808933 0.500806451612903 21.4434039337715 3 0 0 
0 230 8.8 5 0.460950764006791 0.437903225806452 33.9696155285992 3 0 0 
1 240 8 5 0.420794930875576 0.423387096774194 37.1265008267332 3 0 0 
0 240 8.8 5 0.392531556802244 0.381451612903226 31.7121532979921 3 0 0 
1 250 8 6 0.457573632538569 0.415322580645161 39.7477887897345 3 1 0 
0 250 8.8 5 0.428152492668622 0.354032258064516 36.0058221711931 3 -1 0 
1 260 8 6 0.479838709677419 0.458870967741935 30.1505961463615 3 1 0 
0 260 8.8 5 0.449131513647643 0.456451612903226 30.084748638472 3 -1 0 
1 270 8 6 0.401209677419355 0.457258064516129 21.6744185753907 3 0 0 
0 270 8.8 6 0.416960685483871 0.47258064516129 20.5986414391551 3 0 0 
1 280 8 6 0.401315789473684 0.434677419354839 38.143032293722 3 0 0 
0 280 8.8 6 0.445937873357228 0.473387096774194 23.0902966930554 3 0 0 
1 290 8 6 0.461469534050179 0.419354838709677 24.6669231603807 3 0 0 
0 290 8.8 6 0.466801075268817 0.518548387096774 22.2861913607833 3 0 0 
1 300 8 6 0.402096774193548 0.467741935483871 23.6793304255203 3 0 0 
0 300 8.8 6 0.406637717121588 0.495967741935484 26.7076909252992 3 0 0 
1 310 8 7 0.421774193548387 0.498387096774194 24.9576473531283 3 1 0 
0 310 8.8 6 0.419556451612903 0.470766129032258 19.1210554633481 3 -1 0 
1 320 8 7 0.462845622119816 0.515322580645161 13.0489462342381 3 1 0 
0 320 8.8 6 0.44668458781362 0.454301075268817 26.264022656465 3 -1 0 
1 330 8 7 0.417338709677419 0.52258064516129 18.8632497223099 3 0 0 
0 330 8.8 7 0.392531556802244 0.38508064516129 37.631498943949 3 0 0 
1 340 8 7 0.483250620347395 0.503225806451613 26.416939257175 3 0 0 
0 340 8.8 7 0.416745730550285 0.376612903225806 34.512916210667 3 0 0 
1 350 8 8 0.510752688172043 0.517741935483871 25.6437610146459 3 1 0 
0 350 8.8 7 0.420303605313093 0.416935483870968 31.771814976796 3 -1 0 
1 360 8 8 0.438440860215054 0.533064516129032 16.3664954186221 3 1 0 
0 360 8.8 7 0.382640067911715 0.425806451612903 25.2826777001543 3 -1 0 
1 370 8 8 0.45468509984639 0.493548387096774 27.504328700717 3 1 0 
0 370 8.8 7 0.431854838709677 0.429435483870968 40.9100872384466 3 -1 0 
1 380 8 8 0.462669094693028 0.475806451612903 19.2184949486899 3 0 0 
0 380 8.8 8 0.451164874551971 0.46875 26.4510040236983 3 0 0 
1 390 8 9 0.40625 0.566532258064516 15.3316994743804 3 1 0 
0 390 8.8 8 0.400476539589443 0.375806451612903 35.422502587339 3 -1 0 
1 400 8 9 0.480958781362007 0.465322580645161 46.9736021941628 3 1 0 
0 400 8.8 8 0.387096774193548 0.367741935483871 30.6083108434879 3 -1 0 
1 410 8 9 0.5125 0.491935483870968 40.3864495451272 3 1 0 
0 410 8.8 8 0.421082949308756 0.405645161290323 23.8170867556837 3 -1 0 
1 420 8 10 0.432146829810901 0.47741935483871 30.4024117231931 3 1 0 
0 420 8.8 9 0.381804435483871 0.394354838709677 26.0959132819998 3 -1 0 
1 430 8 10 0.442036290322581 0.516935483870968 30.4845770283861 3 1 0 
0 430 8.8 9 0.395161290322581 0.338709677419355 36.3273756657992 3 -1 0 
1 440 8 10 0.492511520737327 0.571774193548387 23.7210852212602 3 1 0 
0 440 8.8 9 0.450172811059908 0.391129032258065 26.7707832891889 3 -1 0 
1 450 8 10 0.41364247311828 0.546774193548387 33.2027396360337 3 1 0 
0 450 8.8 9 0.416713014460512 0.404233870967742 27.8786326558639 3 -1 0 
1 460 8 11 0.419802867383513 0.484677419354839 28.688919674922 3 2 0 
0 460 8.8 9 0.419179523141655 0.366935483870968 35.0105271624618 3 -2 0 
1 470 8 11 0.491298811544992 0.490322580645161 19.4015544840005 3 2 0 
0 470 8.8 9 0.452822580645161 0.430645161290323 37.4285995307687 3 -2 0 
1 480 8 11 0.391666666666667 0.525806451612903 17.2094615636959 3 1 0 
0 480 8.8 10 0.433272632674298 0.450806451612903 22.0401157924312 3 -1 0 
1 490 8 11 0.425403225806452 0.530645161290323 12.9505784149482 3 1 0 
0 490 8.8 10 0.438966275659824 0.421370967741936 15.124102744026 3 -1 0 
1 500 8 11 0.44813681868743 0.477822580645161 19.1414819399458 3 1 0 
0 500 8.8 10 0.482862903225806 0.461693548387097 7.4320046941779 3 -1 0 
1 510 8 11 0.493157380254154 0.483870967741936 12.8027496289374 3 1 0 
0 510 8.8 10 0.371191756272401 0.436290322580645 20.6757049992826 3 -1 0 
1 520 8 12 0.433284457478006 0.438172043010753 10.012089319719 3 2 0 
0 520 8.8 10 0.377546689303905 0.429435483870968 23.6400191639376 3 -2 0 
1 530 8 12 0.473286290322581 0.390120967741936 31.8757418714142 3 1 0 
0 530 8.8 11 0.407441348973607 0.488911290322581 7.3990735616058 3 -1 0 
1 540 8 12 0.449193548387097 0.359677419354839 35.3872893628676 3 1 0 
0 540 8.8 11 0.409850230414747 0.355645161290323 41.0049729310688 3 -1 0 
1 550 8 12 0.383064516129032 0.378225806451613 23.0323248452134 3 1 0 
0 550 8.8 11 0.432854137447405 0.331653225806452 32.6526166304733 3 -1 0 
1 560 8 12 0.428427419354839 0.44758064516129 19.2172835596992 3 1 0 
0 560 8.8 11 0.463112305854241 0.422043010752688 11.6153857080006 3 -1 0 
1 570 8 12 0.411589008363202 0.44758064516129 11.5388436152318 3 1 0 
0 570 8.8 11 0.419858870967742 0.389112903225806 31.2743372006801 3 -1 0 
1 580 8 13 0.389364919354839 0.452620967741936 11.6733359268238 3 2 0 
0 580 8.8 11 0.460125448028674 0.331653225806452 42.7897576411061 3 -2 0 
1 590 8 13 0.441650853889943 0.457661290322581 24.2744806530742 3 2 0 
0 590 8.8 11 0.487764182424917 0.448588709677419 17.1817278142693 3 -2 0 
1 600 8 13 0.408026113671275 0.395967741935484 33.4755390997798 3 1 0 
0 600 8.8 12 0.444086021505376 0.449193548387097 31.0053259704544 3 -1 0 
1 610 8 13 0.427631578947368 0.367741935483871 30.4190028989618 3 1 0 
0 610 8.8 12 0.440799120234604 0.464516129032258 26.7687669321474 3 -1 0 
1 620 8 13 0.503024193548387 0.363709677419355 26.5554687788823 3 1 0 
0 620 8.8 12 0.480938416422287 0.50241935483871 8.62140443419403 3 -1 0 
1 630 8 13 0.390945747800587 0.45 12.0890634252917 3 1 0 
0 630 8.8 12 0.427851382488479 0.470967741935484 19.2766578114389 3 -1 0 
1 640 8 13 0.383064516129032 0.489516129032258 6.5538853998312 3 1 0 
0 640 8.8 12 0.426129032258065 0.469758064516129 20.7588669048059 3 -1 0 
1 650 8 14 0.466793168880455 0.479838709677419 9.2558715856256 3 2 0 
0 650 8.8 12 0.482862903225806 0.509072580645161 27.9748622871805 3 -2 0 
1 660 8 14 0.3963133640553 0.521774193548387 8.50301922353461 3 2 0 
0 660 8.8 12 0.444719042663892 0.464717741935484 29.9404277010433 3 -2 0 
1 670 8 14 0.397543988269795 0.537096774193548 32.4937786168579 3 1 0 
0 670 8.8 13 0.435147849462366 0.369623655913978 50.9392780706478 3 -1 0 
1 680 8 14 0.432056451612903 0.524193548387097 31.8244886978043 3 1 0 
0 680 8.8 13 0.481079404466501 0.384408602150538 33.6163930063202 3 -1 0 
1 690 8 15 0.418381535038932 0.551612903225806 30.4160783845241 3 2 0 
0 690 8.8 13 0.381048387096774 0.423387096774194 37.5 3 -2 0 
1 700 8 15 0.481566820276498 0.555645161290323 25.1370449024916 3 2 0 
0 700 8.8 13 0.384072580645161 0.283266129032258 44.7422796829675 3 -2 0 
1 710 8 15 0.531783681214421 0.616129032258065 27.5272125216645 3 2 0 
0 710 8.8 13 0.34758064516129 0.241935483870968 30.2385333741796 3 -2 0 
1 720 8 16 0.491935483870968 0.612096774193548 17.4194766631572 3 3 0 
0 720 8.8 13 0.330376344086022 0.258064516129032 29.4780946953593 3 -3 0 
1 730 8 16 0.54 0.640322580645161 12.9122554957511 3 3 0 
0 730 8.8 13 0.326612903225806 0.280913978494624 36.2994300313326 3 -3 0 
1 740 8 16 0.568548387096774 0.62741935483871 21.8071238226383 3 3 0 
0 740 8.8 13 0.310483870967742 0.292338709677419 27.1913910618889 3 -3 0 
1 750 8 16 0.483870967741936 0.639516129032258 10.7670686622403 3 2 0 
0 750 8.8 14 0.336876832844575 0.280241935483871 6.2552197619544 3 -2 0 
1 760 8 16 0.441650853889943 0.60241935483871 15.0890165523719 3 2 0 
0 760 8.8 14 0.369354838709677 0.301411290322581 2.96200856002333 3 -2 0 
1 770 8 16 0.558299731182796 0.52741935483871 19.3523114380936 3 2 0 
0 770 8.8 14 0.366935483870968 0.325 17.6233373794051 3 -2 0 
1 780 8 16 0.492807323452485 0.5 20.4555220722493 3 2 0 
0 780 8.8 14 0.332459677419355 0.385483870967742 9.89647186986 3 -2 0 
1 790 8 17 0.482302867383513 0.529032258064516 16.9241396521495 3 3 0 
0 790 8.8 14 0.360483870967742 0.394153225806452 4.24174010709569 3 -3 0 
1 800 8 17 0.569444444444444 0.500806451612903 7.25640410953937 3 3 0 
0 800 8.8 14 0.396505376344086 0.455645161290323 4.00159706280992 3 -3 0 
1 810 8 17 0.500403225806452 0.448387096774194 23.5150836110353 3 3 0 
0 810 8.8 14 0.338884992987377 0.470766129032258 8.63424565068959 3 -3 0 
1 820 8 17 0.498053392658509 0.423387096774194 29.4536805784044 3 2 0 
0 820 8.8 15 0.392137096774194 0.414314516129032 6.00353658811645 3 -2 0 
1 830 8 17 0.55741935483871 0.425 30.5811139236714 3 2 0 
0 830 8.8 15 0.41364247311828 0.298387096774194 20.6737499527823 3 -2 0 
1 840 8 17 0.481476814516129 0.513709677419355 19.4573190903676 3 2 0 
0 840 8.8 15 0.355174731182796 0.305443548387097 23.9154464945178 3 -2 0 
1 850 8 17 0.40905017921147 0.608870967741936 16.7811292873402 3 2 0 
0 850 8.8 15 0.397625448028674 0.334677419354839 19.8748277851401 3 -2 0 
1 860 8 17 0.484879032258065 0.674193548387097 6.78696095348787 3 2 0 
0 860 8.8 15 0.394153225806452 0.266129032258065 9.80233753502626 3 -2 0 
1 870 8 18 0.473617511520737 0.606451612903226 34.7840847510379 3 2 0 
0 870 8.8 16 0.376061120543294 0.263440860215054 1.77777777777778 3 -2 0 
1 880 8 18 0.464717741935484 0.548387096774194 36.5189272340382 3 2 0 
0 880 8.8 16 0.393481182795699 0.30241935483871 20.6919384037581 3 -2 0 
1 890 8 18 0.54005376344086 0.504838709677419 12.3389002711647 3 2 0 
0 890 8.8 16 0.361175115207373 0.336693548387097 34.1304947827107 3 -2 0 
1 900 8 18 0.509677419354839 0.586290322580645 6.49969531873861 3 2 0 
0 900 8.8 16 0.315725806451613 0.30241935483871 21.5877915915627 3 -2 0 
1 910 8 18 0.518667861409797 0.630645161290323 9.24521149143711 3 2 0 
0 910 8.8 16 0.334677419354839 0.293010752688172 10.8522072767697 3 -2 0 
1 920 8 18 0.621802002224694 0.556451612903226 28.3376763267977 3 2 0 
0 920 8.8 16 0.321908602150538 0.252688172043011 19.3323089199264 3 -2 0 
1 930 8 18 0.507872503840246 0.545161290322581 50.112723648949 3 2 0 
0 930 8.8 16 0.300115207373272 0.259408602150538 25.1004859609522 3 -2 0 
1 940 8 19 0.538771712158809 0.595161290322581 27.347597041652 3 3 0 
0 940 8.8 16 0.319354838709677 0.256048387096774 29.1528097965432 3 -3 0 
1 950 8 19 0.622871863799283 0.575 37.4867931371755 3 3 0 
0 950 8.8 16 NaN 0.330645161290323 38.9226464461502 3 -3 0 
1 960 8 19 0.520597210113339 0.508870967741936 33.5623415067772 3 3 0 
0 960 8.8 16 0.287442396313364 0.337096774193548 31.0589816958691 3 -3 0 
1 970 8 19 0.467741935483871 0.594354838709677 31.6717793338208 3 2 0 
0 970 8.8 17 0.371975806451613 0.301612903225806 15.8348179296837 3 -2 0 
1 980 8 19 0.514479472140763 0.611895161290323 20.2741474649674 3 2 0 
0 980 8.8 17 0.383064516129032 0.313508064516129 19.4454029277392 3 -2 0 
1 990 8 19 0.491816888045541 0.576612903225806 27.4413242179117 3 2 0 
0 990 8.8 17 0.331541218637993 0.329301075268817 3.62020332699799 3 -2 0 
1 1000 8 19 0.460101867572156 0.56989247311828 18.0889057104704 3 1 0 
0 1000 8.8 18 0.363978494623656 0.290322580645161 5.02493781056045 3 -1 0 
1 1010 8 19 0.571908602150538 0.614247311827957 5.18476772411311 3 1 0 
0 1010 8.8 18 0.362903225806452 0.25 27.5136329843952 3 -1 0 
1 1020 8 20 0.498271889400922 0.540322580645161 11.6579614554219 3 2 0 
0 1020 8.8 18 0.333870967741936 0.278225806451613 8.06225774829855 3 -2 0 
1 1030 8 20 0.441426146010187 0.490591397849462 12.2039632303572 3 2 0 
0 1030 8.8 18 0.346464019851117 0.310483870967742 11.7046999107196 3 -2 0 
1 1040 8 20 0.583333333333333 0.55510752688172 22.4002840329171 3 2 0 
0 1040 8.8 18 0.333467741935484 0.242943548387097 34.0743730781095 3 -2 0 
1 1050 8 20 0.497049567269866 0.655913978494624 23.3945441751485 3 2 0 
0 1050 8.8 18 0.322748655913978 0.271774193548387 28.3420273848191 3 -2 0 
1 1060 8 20 0.485153958944281 0.449193548387097 57.789489770759 3 2 0 
0 1060 8.8 18 0.456317204301075 0.319354838709677 24.9952391781541 3 -2 0 
1 1070 8 20 0.530764635603345 0.367943548387097 36.0740060041149 3 2 0 
0 1070 8.8 18 0.489055299539171 0.45 37.7994110143595 3 -2 0 
1 1080 8 20 0.439098998887653 0.412096774193548 32.0259626402719 3 1 0 
0 1080 8.8 19 0.423509286412512 0.469354838709677 39.5926108488811 3 -1 0 
1 1090 8 20 0.41875 0.434677419354839 25.2808649113404 3 1 0 
0 1090 8.8 19 0.431606699751861 0.466129032258065 37.3870932970336 3 -1 0 
1 1100 8 20 0.490927419354839 0.483870967741936 14.3798949264582 3 1 0 
0 1100 8.8 19 0.455069124423963 0.479032258064516 22.4820842380878 3 -1 0 
1 1110 8 20 0.430895439377086 0.458064516129032 15.0605855769716 3 1 0 
0 1110 8.8 19 0.44489247311828 0.446774193548387 25.7700455725346 3 -1 0 
1 1120 8 20 0.436766862170088 0.458870967741935 27.2804666037229 3 1 0 
0 1120 8.8 19 0.440284178187404 0.424193548387097 20.6551384023935 3 -1 0 
1 1130 8 20 0.467917251051893 0.419354838709677 22.2297573642943 3 1 0 
0 1130 8.8 19 0.488964346349745 0.501612903225806 24.6914403389204 3 -1 0 
1 1140 8 20 0.414547146401985 0.455645161290323 25.8510127245589 3 0 0 
0 1140 8.8 20 0.463172043010753 0.487903225806452 23.0104909801873 3 0 0 
1 1150 8 20 0.42741935483871 0.442540322580645 17.9963907575913 3 0 0 
0 1150 8.8 20 0.394393241167435 0.55241935483871 18.5360617748791 3 0 0 
1 1160 8 20 0.488598442714127 0.425403225806452 22.8337494684468 3 0 0 
0 1160 8.8 20 0.419802867383513 0.495967741935484 15.363528214859 3 0 0 
1 1170 8 21 0.488659274193548 0.494623655913979 15.199889142372 3 1 0 
0 1170 8.8 20 0.42116935483871 0.446236559139785 25.5348677072507 3 -1 0 
1 1180 8 21 0.460872162485066 0.491935483870968 8.84280918643248 3 1 0 
0 1180 8.8 20 0.389364919354839 0.424731182795699 16.1856521831271 3 -1 0 
1 1190 8 21 0.478225806451613 0.615591397849462 3.38932685825497 3 1 0 
0 1190 8.8 20 0.408064516129032 0.328629032258065 6.72681202353685 3 -1 0 
1 1200 8 21 0.470698924731183 0.483870967741936 29.7920535423939 3 1 0 
0 1200 8.8 20 0.418438416422287 0.338709677419355 5 3 -1 0 
1 1210 8 21 0.435915898617512 0.405241935483871 26.0070984252084 3 1 0 
0 1210 8.8 20 0.411098310291859 0.366935483870968 5.09901951359278 3 -1 0 
1 1220 8 21 0.465456989247312 0.463709677419355 23.3445307116693 3 1 0 
0 1220 8.8 20 0.438508064516129 0.381048387096774 25.460754112948 3 -1 0 
1 1230 8 21 0.488964346349745 0.514112903225806 16.5984535610644 3 1 0 
0 1230 8.8 20 0.400744416873449 0.309139784946237 38.1311215571568 3 -1 0 
1 1240 8 21 0.554003456221198 0.530645161290323 40.9954608846556 3 1 0 
0 1240 8.8 20 0.3841642228739 0.25 28.0645927307592 3 -1 0 
1 1250 8 21 0.606854838709677 0.646774193548387 36.277607548455 3 1 1 
0 1250 8.8 20 0.364516129032258 0.259072580645161 12.8708320951408 2 -1 -1 
1 1260 8 21 0.575054985337243 0.608870967741936 16.8543382544565 3 1 1 
0 1260 8.8 20 0.276612903225806 0.226612903225806 17.4775149091469 2 -1 -1 
1 1270 8 21 0.540183537263626 0.620967741935484 29.5544723585762 3 0 1 
0 1270 8.8 21 0.26008064516129 0.253225806451613 15.5591054644562 2 0 -1 
1 1280 8 22 0.620967741935484 0.703225806451613 6.88395393318991 3 1 1 
0 1280 8.8 21 0.264784946236559 0.223387096774194 16.6491248891587 2 -1 -1 
1 1290 8 22 0.536178315412186 0.65625 5.1349746520871 3 1 1 
0 1290 8.8 21 0.274193548387097 0.246774193548387 11.9281171810609 2 -1 -1 
1 1300 8 22 0.46 0.584677419354839 24.2941755158121 3 1 1 
0 1300 8.8 21 0.292842741935484 0.29758064516129 10.2675495316438 2 -1 -1 
1 1310 8 22 0.553329864724246 0.544354838709677 16.8433747772488 3 1 1 
0 1310 8.8 21 0.292842741935484 0.310483870967742 20.8473500453765 2 -1 -1 
1 1320 8 22 0.534323367427223 0.471774193548387 26.8608138639781 3 1 1 
0 1320 8.8 21 0.295506912442396 0.370967741935484 11.6316711136446 2 -1 -1 
1 1330 8 22 0.490783410138249 0.467741935483871 6.9462219947249 3 1 1 
0 1330 8.8 21 0.34094982078853 0.410282258064516 13.9965981525256 2 -1 -1 
1 1340 8 22 0.589141705069124 0.424731182795699 22.3306378379358 3 1 1 
0 1340 8.8 21 0.348607038123167 0.435483870967742 14.8248994974349 2 -1 -1 
1 1350 8 22 0.504953917050691 0.448924731182796 11.3967927304516 3 1 1 
0 1350 8.8 21 0.346451612903226 0.405241935483871 36.5696783594242 2 -1 -1 
1 1360 8 22 0.420645161290323 0.419354838709677 5.85241162085797 3 1 1 
0 1360 8.8 21 0.377112135176651 0.443548387096774 37.2391483938955 2 -1 -1 
1 1370 8 22 0.505376344086022 0.380040322580645 28.919555602089 3 1 1 
0 1370 8.8 21 0.391935483870968 0.46875 13.6466434390329 2 -1 -1 
1 1380 8 22 0.444098240469208 0.290322580645161 22.7112394085113 3 1 1 
0 1380 8.8 21 0.404354838709677 0.457258064516129 30.1906006537984 2 -1 -1 
1 1390 8 22 0.383064516129032 0.362903225806452 21.8977013699792 3 0 1 
0 1390 8.8 22 0.458482676224612 0.466733870967742 33.7173232046082 2 0 -1 
1 1400 8 22 0.447004608294931 0.423387096774194 16.2478061050392 3 0 1 
0 1400 8.8 22 0.51707779886148 0.485215053763441 14.3429805248088 2 0 -1 
1 1410 8 22 0.345564516129032 0.348118279569892 16.6448299918842 3 0 1 
0 1410 8.8 22 0.492741935483871 0.603494623655914 7.59601948281429 2 0 -1 
1 1420 8 22 0.430443548387097 0.315860215053763 23.2424641032984 3 0 1 
0 1420 8.8 22 0.519180470793374 0.548387096774194 17.2982851682284 2 0 -1 
1 1430 8 22 0.430443548387097 0.368279569892473 30.7338181245562 3 0 1 
0 1430 8.8 22 0.594002016129032 0.513440860215054 21.7935603307796 2 0 -1 
1 1440 8 22 0.36217008797654 0.352150537634409 25.2001669433498 3 0 1 
0 1440 8.8 22 0.492061491935484 0.383064516129032 37.1120095966911 2 0 -1 
1 1450 8 23 0.379207573632539 0.432795698924731 12.9835368863743 3 1 1 
0 1450 8.8 22 0.447735732009926 0.383064516129032 39.4103271417314 2 -1 -1 
1 1460 8 23 0.414146505376344 0.358870967741936 39.4449543567715 3 1 1 
0 1460 8.8 22 0.424193548387097 0.32741935483871 43.1953673181969 2 -1 -1 
1 1470 8 23 0.461213517665131 0.357258064516129 39.1327176870305 3 1 1 
0 1470 8.8 22 0.477614015572859 0.37741935483871 34.4275338245098 2 -1 -1 
1 1480 8 23 0.423219086021505 0.425403225806452 18.8343918287401 3 1 1 
0 1480 8.8 22 0.439377085650723 0.439516129032258 6.53094804084928 2 -1 -1 
1 1490 8 23 0.425 0.461693548387097 27.6913495545159 3 0 1 
0 1490 8.8 23 0.488213399503722 0.42741935483871 5 2 0 -1 
1 1500 8 23 0.397727272727273 0.520161290322581 13.1258318140402 3 0 1 
0 1500 8.8 23 0.491431451612903 0.441532258064516 5.70087712549569 2 0 -1 
1 1510 8 23 0.421554252199414 0.48252688172043 29.5398843913936 3 0 1 
0 1510 8.8 23 0.479683622828784 0.403225806451613 6.80073525436772 2 0 -1 
1 1520 8 23 0.443870967741935 0.513440860215054 36.3674714949436 3 0 1 
0 1520 8.8 23 0.548387096774194 0.221774193548387 12.0830459735946 2 0 -1 
1 1530 8 23 0.467972350230415 0.463709677419355 25.1330295783059 3 0 1 
0 1530 8.8 23 0.444424964936886 0.344758064516129 33.5596483890997 2 0 -1 
1 1540 8 23 0.474313022700119 0.46236559139785 32.8017418825658 3 0 1 
0 1540 8.8 23 0.391840607210626 0.411290322580645 23.6484671807709 2 0 -1 
1 1550 8 23 0.49375 0.424395161290323 40.6631892626038 3 0 1 
0 1550 8.8 23 0.441280241935484 0.287634408602151 23.9684941257494 2 0 -1 
1 1560 8 23 0.501120071684588 0.409274193548387 34.717966694871 3 0 1 
0 1560 8.8 23 0.404569892473118 0.301612903225806 31.6959660441314 2 0 -1 
1 1570 8 23 0.492996604414261 0.368951612903226 33.5813707917295 3 0 1 
0 1570 8.8 23 0.384408602150538 0.370967741935484 19.8461209324902 2 0 -1 
1 1580 8 23 0.573462701612903 0.401209677419355 27.4167948885107 3 0 1 
0 1580 8.8 23 0.408498759305211 0.461693548387097 3.05340386805072 2 0 -1 
1 1590 8 24 0.544432382133995 0.487903225806452 24.3613805893482 3 1 1 
0 1590 8.8 23 0.315092165898617 0.389112903225806 5.52268050859363 2 -1 -1 
1 1600 8 24 0.477246543778802 0.591397849462366 7.47699319969565 3 1 1 
0 1600 8.8 23 0.305443548387097 0.32258064516129 0 2 -1 -1 
1 1610 8 24 0.605216733870968 0.744623655913979 4.50726805336478 3 1 1 
0 1610 8.8 23 0.284022177419355 0.173387096774194 0 2 -1 -1 
1 1620 8 24 0.564258750857927 0.772849462365591 6.03560168609911 3 1 2 
0 1620 8.8 23 0.273883374689826 0.157258064516129 0 1 -1 -2 
1 1630 8 24 0.594921534437663 0.770161290322581 2.30867230733692 3 1 2 
0 1630 8.8 23 0.342741935483871 0.221774193548387 0 1 -1 -2 
1 1640 8 24 0.635292869269949 0.646505376344086 30.1170196798692 3 0 2 
0 1640 8.8 24 0.306451612903226 0.185483870967742 14.8408220796558 1 0 -2 
1 1650 8 24 0.574283154121864 0.488911290322581 50.5781207113831 3 0 2 
0 1650 8.8 24 0.262571157495256 0.221774193548387 5 1 0 -2 
1 1660 8 24 0.512733446519525 0.415322580645161 50.2531764203757 3 0 2 
0 1660 8.8 24 0.288123167155425 0.204637096774194 18.0234788626677 1 0 -2 
1 1670 8 24 0.597960151802656 0.430645161290323 35.9142110834285 3 0 2 
0 1670 8.8 24 0.294354838709677 0.255645161290323 22.4909288926912 1 0 -2 
1 1680 8 24 0.507846556233653 0.487903225806452 22.9790048697048 3 0 2 
0 1680 8.8 24 0.312381404174573 0.308467741935484 11.9483231770764 1 0 -2 
1 1690 8 24 0.514616935483871 0.55241935483871 8.58115498948544 3 0 2 
0 1690 8.8 24 0.408154121863799 0.367943548387097 10.1948442339023 1 0 -2 
1 1700 8 24 0.614388794567063 0.592741935483871 4.32041268759262 3 0 2 
0 1700 8.8 24 0.408154121863799 0.330645161290323 8.76914156588496 1 0 -2 
1 1710 8 24 0.517921146953405 0.545967741935484 8.90749304163938 3 0 2 
0 1710 8.8 24 0.328725038402458 0.294354838709677 9.67690788190269 1 0 -2 
1 1720 8 24 0.554489973844813 0.462903225806452 29.2317881627972 3 0 2 
0 1720 8.8 24 0.394354838709677 0.311491935483871 6.23987173182435 1 0 -2 
1 1730 8 24 0.629881154499151 0.536290322580645 26.179741146609 3 0 2 
0 1730 8.8 24 0.429435483870968 0.375 12.0158788146772 1 0 -2 
1 1740 8 24 0.561290322580645 0.537903225806452 6.06701789084635 3 0 2 
0 1740 8.8 24 0.309863523573201 0.321774193548387 18.9511316133954 1 0 -2 
1 1750 8 24 0.578522920203735 0.575806451612903 5.22527324432068 3 0 2 
0 1750 8.8 24 0.431451612903226 0.324193548387097 18.8526986818217 1 0 -2 
1 1760 8 24 0.614583333333333 0.518548387096774 10.4550186216373 3 0 2 
0 1760 8.8 24 0.431451612903226 0.394354838709677 20.075143154139 1 0 -2 
1 1770 8 24 0.499793217535153 0.529838709677419 6.28724442104003 3 0 2 
0 1770 8.8 24 0.296572580645161 0.355645161290323 15.5700914890236 1 0 -2 
1 1780 8 24 0.48802541544477 0.556451612903226 8.62913343820704 3 0 2 
0 1780 8.8 24 0.341397849462366 0.331451612903226 22.5028386481991 1 0 -2 
1 1790 8 25 0.618519585253456 0.588709677419355 8.96492609345735 3 1 2 
0 1790 8.8 24 0.342741935483871 0.327620967741936 12.576598035631 1 -1 -2 
1 1800 8 25 0.557219662058372 0.553225806451613 43.1968426993922 3 1 2 
0 1800 8.8 24 0.323588709677419 0.269153225806452 6.28680418392851 1 -1 -2 
1 1810 8 25 0.576612903225806 0.453225806451613 53.9145614545203 3 1 2 
0 1810 8.8 24 0.388104838709677 0.26008064516129 19.2644938423193 1 -1 -2 
1 1820 8 25 0.624243951612903 0.458064516129032 24.0555275655805 3 1 2 
0 1820 8.8 24 0.428629032258065 0.229838709677419 15.4971439345871 1 -1 -2 
1 1830 8 25 0.525379506641366 0.541129032258065 13.6846858554995 3 1 2 
0 1830 8.8 24 0.331378299120235 0.26008064516129 9.17189640251136 1 -1 -2 
1 1840 8 25 0.492079493087558 0.589516129032258 25.9131840939174 3 1 2 
0 1840 8.8 24 0.314149560117302 0.268817204301075 8.53871023640992 1 -1 -2 
1 1850 8 25 0.603091397849462 0.634677419354839 24.900816806379 3 1 2 
0 1850 8.8 24 0.285980148883375 0.27116935483871 11.5077025776733 1 -1 -2 
1 1860 8 25 0.646129032258065 0.735887096774194 6.54082943686822 3 0 2 
0 1860 8.8 25 0.287186379928315 0.23991935483871 15.5507755214707 1 0 -2 
1 1870 8 25 0.719758064516129 0.687096774193548 37.2593924521854 3 0 2 
0 1870 8.8 25 NaN 0.217741935483871 10.5029017864643 1 0 -2 
1 1880 8 25 0.755376344086022 0.691935483870968 20.7498156355623 3 0 2 
0 1880 8.8 25 NaN 0.262096774193548 0 1 0 -2 
