1 30 10 1 NaN 0.296370967741936 18.5666027450305 3 0 0 
0 30 9.2 1 NaN 0.275 28.0245840475958 3 0 0 
1 40 10 1 NaN 0.301411290322581 18.3165401534975 3 0 0 
0 40 9.2 1 NaN 0.299193548387097 23.4586050382092 3 0 0 
1 50 10 1 0.383064516129032 0.35 21.2080458722303 3 0 0 
0 50 9.2 1 0.379032258064516 0.375806451612903 25.6153182127336 3 0 0 
1 60 10 1 0.383064516129032 0.441935483870968 21.8802572793812 3 0 0 
0 60 9.2 1 0.383064516129032 0.463709677419355 26.2714937960098 3 0 0 
1 70 10 1 0.415322580645161 0.479032258064516 18.1116135124124 3 0 0 
0 70 9.2 1 0.404953917050691 0.460483870967742 24.01135822317 3 0 0 
1 80 10 1 0.470280764635603 0.504838709677419 21.7188671874054 3 0 0 
0 80 9.2 1 0.476190476190476 0.437096774193548 20.6303343638221 3 0 0 
1 90 10 1 0.424899193548387 0.513709677419355 24.6961076294185 3 0 0 
0 90 9.2 1 0.403823178016726 0.470161290322581 22.5953473808196 3 0 0 
1 100 10 1 0.42402376910017 0.495967741935484 22.2496644976306 3 0 0 
0 100 9.2 1 0.411115007012623 0.455645161290323 27.5605424769025 3 0 0 
1 110 10 1 0.469015280135823 0.517741935483871 20.5505026010554 3 -1 0 
0 110 9.2 2 0.479502688172043 0.480645161290323 24.1314355134377 3 1 0 
1 120 10 2 0.40445301542777 0.463709677419355 25.3906037993416 3 0 0 
0 120 9.2 2 0.415610599078341 0.503225806451613 21.7511059537357 3 0 0 
1 130 10 2 0.41647465437788 0.479838709677419 21.9104331841403 3 0 0 
0 130 9.2 2 0.412130376344086 0.482258064516129 25.2533151673754 3 0 0 
1 140 10 2 0.481499051233397 0.500806451612903 22.7782004872378 3 0 0 
0 140 9.2 2 0.475073313782991 0.490927419354839 21.9130028691068 3 0 0 
1 150 10 3 0.413231780167264 0.511290322580645 23.9524434910003 3 0 0 
0 150 9.2 3 0.410991636798088 0.495967741935484 17.2177131957059 3 0 0 
1 160 10 3 0.407258064516129 0.487903225806452 21.1387933590861 3 0 0 
0 160 9.2 3 0.395564516129032 0.365927419354839 40.6933277891062 3 0 0 
1 170 10 3 0.480388563049853 0.524193548387097 22.727359307785 3 0 0 
0 170 9.2 3 0.48508064516129 0.434475806451613 22.8703675200767 3 0 0 
1 180 10 4 0.402915632754342 0.484677419354839 37.2131940057848 3 1 0 
0 180 9.2 3 0.409562211981567 0.472782258064516 21.8269163779254 3 -1 0 
1 190 10 4 0.400537634408602 0.443548387096774 45.2398400737255 3 1 0 
0 190 9.2 3 0.398277126099707 0.483064516129032 24.6321370479973 3 -1 0 
1 200 10 4 0.461430575035063 0.451612903225806 40.6671775671239 3 0 0 
0 200 9.2 4 0.489823348694316 0.478225806451613 28.8064273755131 3 0 0 
1 210 10 4 0.41690668202765 0.490322580645161 31.5667857780524 3 0 0 
0 210 9.2 4 0.404569892473118 0.473387096774194 32.1938572022924 3 0 0 
1 220 10 5 0.414261460101868 0.444354838709677 33.2195004000445 3 1 0 
0 220 9.2 4 0.3892089093702 0.498387096774194 26.9294779999344 3 -1 0 
1 230 10 5 0.46236559139785 0.482258064516129 24.0370051250026 3 1 0 
0 230 9.2 4 0.473454301075269 0.507258064516129 28.3672821700199 3 -1 0 
1 240 10 5 0.412298387096774 0.487903225806452 38.2063872415226 3 0 0 
0 240 9.2 5 0.410543608124253 0.491129032258064 36.244676858175 3 0 0 
1 250 10 5 0.425036656891496 0.495161290322581 27.0447513411235 3 0 0 
0 250 9.2 5 0.424789621318373 0.486290322580645 31.9827501500739 3 0 0 
1 260 10 6 0.476018675721562 0.466129032258065 24.7439260963058 3 1 0 
0 260 9.2 5 0.473001402524544 0.487096774193548 30.0844186037055 3 -1 0 
1 270 10 6 0.403225806451613 0.500806451612903 26.2467585799638 3 1 0 
0 270 9.2 5 0.403870967741935 0.483870967741936 24.3635457133883 3 -1 0 
1 280 10 6 0.407258064516129 0.496774193548387 21.5034472023212 3 1 0 
0 280 9.2 5 0.405791788856305 0.446572580645161 22.8823205787305 3 -1 0 
1 290 10 6 0.490143369175627 0.494354838709677 26.3896579650089 3 0 0 
0 290 9.2 6 0.47883064516129 0.430645161290323 29.275175988809 3 0 0 
1 300 10 6 0.398521505376344 0.465322580645161 30.5042456243991 3 0 0 
0 300 9.2 6 0.408900836320191 0.480846774193548 22.5677453527862 3 0 0 
1 310 10 6 0.405975073313783 0.466935483870968 29.0153409334252 3 0 0 
0 310 9.2 6 0.398842917251052 0.467741935483871 25.4746497775708 3 0 0 
1 320 10 7 0.470094086021505 0.490322580645161 23.6452452859842 3 1 0 
0 320 9.2 6 0.473176718092567 0.429032258064516 34.4521121206721 3 -1 0 
1 330 10 7 0.410204714640198 0.458064516129032 28.3486001055182 3 1 0 
0 330 9.2 6 0.405483870967742 0.455645161290323 26.8107793075652 3 -1 0 
1 340 10 7 0.396434634974533 0.479032258064516 22.6892551323747 3 1 0 
0 340 9.2 6 0.394312393887946 0.39616935483871 37.1118874271006 3 -1 0 
1 350 10 7 0.472379032258065 0.470161290322581 18.6630926132437 3 0 0 
0 350 9.2 7 0.469758064516129 0.455645161290323 19.8082509031427 3 0 0 
1 360 10 7 0.383064516129032 0.508870967741936 15.3306068123185 3 0 0 
0 360 9.2 7 0.441280241935484 0.379032258064516 34.3862966220392 3 0 0 
1 370 10 8 0.383276740237691 0.454838709677419 14.5645630953484 3 1 0 
0 370 9.2 7 0.416282642089094 0.460483870967742 17.4073774695531 3 -1 0 
1 380 10 8 0.44489247311828 0.460483870967742 18.0812717172285 3 1 0 
0 380 9.2 7 0.483159392789374 0.486290322580645 17.645936487006 3 -1 0 
1 390 10 8 0.40375175315568 0.441129032258065 17.6338185231086 3 1 0 
0 390 9.2 7 0.445014662756598 0.517741935483871 15.1388986865436 3 -1 0 
1 400 10 8 0.402699859747546 0.456451612903226 16.9100097548731 3 1 0 
0 400 9.2 7 0.445099255583127 0.5 18.0833914951455 3 -1 0 
1 410 10 8 0.46505376344086 0.451612903225806 20.6115262107847 3 0 0 
0 410 9.2 8 0.489032258064516 0.507258064516129 18.0820155430692 3 0 0 
1 420 10 9 0.402505760368664 0.386290322580645 39.575331430248 3 1 0 
0 420 9.2 8 0.432459677419355 0.49758064516129 13.8510163306678 3 -1 0 
1 430 10 9 0.414796633941094 0.40241935483871 34.7788296382441 3 1 0 
0 430 9.2 8 0.427969208211144 0.5 16.0056486139367 3 -1 0 
1 440 10 9 0.483695652173913 0.433870967741935 18.4402058460098 3 1 0 
0 440 9.2 8 0.468658357771261 0.490322580645161 16.1267461728721 3 -1 0 
1 450 10 9 0.383064516129032 0.487903225806452 7.98152006971546 3 1 0 
0 450 9.2 8 0.421023359288098 0.505040322580645 26.2767024404163 3 -1 0 
1 460 10 9 0.388306451612903 0.494354838709677 11.1374073169334 3 1 0 
0 460 9.2 8 0.446002805049088 0.457661290322581 25.5429337808477 3 -1 0 
1 470 10 9 0.454637096774194 0.52258064516129 13.0832392960703 3 0 0 
0 470 9.2 9 0.48239247311828 0.39758064516129 35.472262034701 3 0 0 
1 480 10 10 0.412868162692847 0.496774193548387 7.85036271822939 3 1 0 
0 480 9.2 9 0.439228110599078 0.455645161290323 19.8068597057525 3 -1 0 
1 490 10 10 0.415147265077139 0.498387096774194 7.95802678775833 3 1 0 
0 490 9.2 9 0.45497311827957 0.431451612903226 13.4183940815749 3 -1 0 
1 500 10 10 0.445228494623656 0.558870967741935 13.5812122895514 3 1 0 
0 500 9.2 9 0.471774193548387 0.446774193548387 18.0156031849583 3 -1 0 
1 510 10 10 0.440702087286528 0.565322580645161 14.1857943589942 3 1 0 
0 510 9.2 9 0.386247877758913 0.435483870967742 19.9215288318838 3 -1 0 
1 520 10 11 0.466061827956989 0.566129032258065 13.2968474638525 3 2 0 
0 520 9.2 9 0.3828125 0.424193548387097 12.7105378437648 3 -2 0 
1 530 10 11 0.521712158808933 0.62258064516129 17.2426446533987 3 2 0 
0 530 9.2 9 0.394428152492669 0.407258064516129 17.9117844113105 3 -2 0 
1 540 10 11 0.48636712749616 0.620967741935484 7.48677702079002 3 2 0 
0 540 9.2 9 0.363863287250384 0.392137096774194 34.022383366605 3 -2 0 
1 550 10 12 0.518966547192354 0.644354838709677 7.69910368230891 3 2 0 
0 550 9.2 10 0.376344086021505 0.310483870967742 39.4939931016802 3 -2 0 
1 560 10 12 0.559313215400624 0.708064516129032 7.19036050353277 3 2 0 
0 560 9.2 10 0.442396313364055 0.295161290322581 24.1424525516842 3 -2 0 
1 570 10 12 0.474706744868035 0.726612903225806 6.06824857158066 3 2 0 
0 570 9.2 10 0.347542242703533 0.241129032258065 16.3949312687605 3 -2 0 
1 580 10 12 0.510545905707196 0.650806451612903 18.7854827509045 3 2 0 
0 580 9.2 10 0.369623655913978 0.266129032258065 11.7463267152869 3 -2 0 
1 590 10 12 0.509467040673212 0.533870967741936 24.8102390932551 3 2 0 
0 590 9.2 10 0.408835904628331 0.344354838709677 15.1193189575316 3 -2 0 
1 600 10 12 0.443548387096774 0.507258064516129 21.1449196612796 3 2 0 
0 600 9.2 10 0.413306451612903 0.348790322580645 13.0990391993329 3 -2 0 
1 610 10 12 0.429873772791024 0.507258064516129 27.9300488580141 3 1 0 
0 610 9.2 11 0.442951015531661 0.40625 12.2378410889533 3 -1 0 
1 620 10 12 0.514592933947773 0.537903225806452 31.4107683018985 3 1 0 
0 620 9.2 11 0.470833333333333 0.420362903225806 20.8247136926527 3 -1 0 
1 630 10 13 0.480533926585095 0.504032258064516 19.1964291317207 3 2 0 
0 630 9.2 11 0.396968854282536 0.355846774193548 40.3781563010972 3 -2 0 
1 640 10 13 0.487903225806452 0.516935483870968 4.92997504319403 3 2 0 
0 640 9.2 11 0.43494623655914 0.338709677419355 25.946726175659 3 -2 0 
1 650 10 13 0.493882091212458 0.536290322580645 12.9769680779606 3 2 0 
0 650 9.2 11 0.465437788018433 0.294354838709677 22.4788961657535 3 -2 0 
1 660 10 13 0.48539668700959 0.47258064516129 9.60900737881435 3 2 0 
0 660 9.2 11 0.351574500768049 0.294354838709677 23.09781193198 3 -2 0 
1 670 10 13 0.479390681003584 0.50241935483871 36.399068582845 3 2 0 
0 670 9.2 11 0.381048387096774 0.312903225806452 20.1329302717382 3 -2 0 
1 680 10 14 0.53252688172043 0.558064516129032 30.6478514962461 3 3 0 
0 680 9.2 11 0.449020737327189 0.288978494623656 33.0301795409365 3 -3 0 
1 690 10 14 0.481617647058824 0.561290322580645 15.7315524281568 3 3 0 
0 690 9.2 11 0.372610513739546 0.370967741935484 13.0354450541162 3 -3 0 
1 700 10 14 0.472819593787336 0.59758064516129 12.0683141472569 3 3 0 
0 700 9.2 11 0.392857142857143 0.356182795698925 21.7985533562072 3 -3 0 
1 710 10 14 0.546836228287841 0.536290322580645 8.70455685424946 3 2 0 
0 710 9.2 12 0.461405529953917 0.241935483870968 23.6574401085375 3 -2 0 
1 720 10 14 0.476230899830221 0.47258064516129 23.9442887150541 3 2 0 
0 720 9.2 12 0.353110599078341 0.309475806451613 24.1885338641898 3 -2 0 
1 730 10 14 0.452764976958525 0.473387096774194 25.856197557588 3 2 0 
0 730 9.2 12 0.382115749525617 0.363911290322581 17.0421561633758 3 -2 0 
1 740 10 14 0.523956356736243 0.470161290322581 18.1574535652981 3 2 0 
0 740 9.2 12 0.445362903225806 0.332661290322581 12.9763708579546 3 -2 0 
1 750 10 14 0.463594470046083 0.395161290322581 26.0218720744116 3 2 0 
0 750 9.2 12 0.374402628434886 0.373387096774194 23.0208934773622 3 -2 0 
1 760 10 14 0.463853686635945 0.395161290322581 34.1567693333558 3 2 0 
0 760 9.2 12 0.41741935483871 0.433064516129032 17.5386473200182 3 -2 0 
1 770 10 15 0.47258064516129 0.421774193548387 25.2549613152891 3 3 0 
0 770 9.2 12 0.477741935483871 0.496774193548387 10.8448745523343 3 -3 0 
1 780 10 15 0.452101661779081 0.434677419354839 11.3689161069816 3 3 0 
0 780 9.2 12 0.423185483870968 0.508064516129032 9.04982545881904 3 -3 0 
1 790 10 15 0.442137096774194 0.505645161290323 12.6521218369596 3 3 0 
0 790 9.2 12 0.385560675883257 0.432459677419355 3.72350358633344 3 -3 0 
1 800 10 15 0.478046594982079 0.551612903225806 4.66344174180393 3 3 0 
0 800 9.2 12 0.425521821631879 0.401209677419355 6.09248495332982 3 -3 0 
1 810 10 15 0.449078341013825 0.560483870967742 9.50197941941836 3 2 0 
0 810 9.2 13 0.384216589861751 0.380040322580645 17.3546738530202 3 -2 0 
1 820 10 15 0.452359617682198 0.583064516129032 10.4754161721782 3 2 0 
0 820 9.2 13 0.385685483870968 0.367943548387097 12.5961272330372 3 -2 0 
1 830 10 15 0.569281524926686 0.538709677419355 13.4523542720932 3 2 0 
0 830 9.2 13 0.415574596774194 0.446572580645161 5.71574453354229 3 -2 0 
1 840 10 15 0.487903225806452 0.495161290322581 20.7079932713698 3 2 0 
0 840 9.2 13 0.37429873772791 0.466397849462366 4.71453287559223 3 -2 0 
1 850 10 15 0.461320191158901 0.566129032258065 26.6662295755779 3 2 0 
0 850 9.2 13 0.397920203735144 0.449596774193548 22.0216384439278 3 -2 0 
1 860 10 16 0.502096774193548 0.611290322580645 20.4752307265231 3 3 0 
0 860 9.2 13 0.453797043010753 0.42741935483871 14.1240522852914 3 -3 0 
1 870 10 16 0.502880184331797 0.554032258064516 10.3601057160751 3 3 0 
0 870 9.2 13 0.400364203954214 0.341733870967742 7.95511926981011 3 -3 0 
1 880 10 16 0.467431761786601 0.591935483870968 9.29289448380701 3 3 0 
0 880 9.2 13 0.455407969639469 0.3 21.1276063457961 3 -3 0 
1 890 10 16 0.503744239631336 0.608870967741936 6.50371094711013 3 2 0 
0 890 9.2 14 0.462141577060932 0.354838709677419 14.2655229682184 3 -2 0 
1 900 10 16 0.490423387096774 0.606854838709677 5.7324056379193 3 2 0 
0 900 9.2 14 0.4375 0.345430107526882 13.5812867445347 3 -2 0 
1 910 10 16 0.484838709677419 0.628024193548387 4.08266706043797 3 2 0 
0 910 9.2 14 0.415994623655914 0.303763440860215 7.08802340967694 3 -2 0 
1 920 10 16 0.58366935483871 0.610215053763441 9.2003355461957 3 2 0 
0 920 9.2 14 0.600806451612903 0.248655913978495 19.6527671916128 3 -2 0 
1 930 10 16 0.491820276497696 0.472782258064516 44.9359448958583 3 1 0 
0 930 9.2 15 0.366774193548387 0.276209677419355 19.1280705920947 3 -1 0 
1 940 10 16 0.48139958376691 0.445564516129032 25.642378497816 3 1 0 
0 940 9.2 15 0.423624288425047 0.258064516129032 21.8521259497158 3 -1 0 
1 950 10 17 0.534274193548387 0.491935483870968 20.6620651303223 3 2 0 
0 950 9.2 15 0.439740143369176 0.3125 20.8678508278743 3 -2 0 
1 960 10 17 0.456429211469534 0.525 21.3725506093906 3 2 0 
0 960 9.2 15 0.374243951612903 0.341935483870968 5.68983933617714 3 -2 0 
1 970 10 17 0.483333333333333 0.542741935483871 22.7822141472245 3 2 0 
0 970 9.2 15 0.373759305210918 0.338709677419355 14.9120039585583 3 -2 0 
1 980 10 17 0.587934243176179 0.576612903225806 19.4653173745685 3 2 0 
0 980 9.2 15 0.367511520737327 0.325 15.5044893076088 3 -2 0 
1 990 10 17 0.504215542521994 0.638709677419355 11.3649375952498 3 2 0 
0 990 9.2 15 0.324780058651026 0.318548387096774 13.6000771176875 3 -2 0 
1 1000 10 17 0.540994623655914 0.65241935483871 5.37005618307075 3 2 0 
0 1000 9.2 15 0.33366935483871 0.308064516129032 13.1215566091542 3 -2 0 
1 1010 10 18 0.607279286926995 0.641935483870968 12.1639744211712 3 3 0 
0 1010 9.2 15 0.329301075268817 0.315524193548387 13.7490866775862 3 -3 0 
1 1020 10 18 0.538520933424846 0.644354838709677 13.4105851014664 3 2 0 
0 1020 9.2 16 0.293202764976959 0.273185483870968 28.4372134971327 3 -2 0 
1 1030 10 18 0.534899888765295 0.716935483870968 12.8184307322858 3 2 0 
0 1030 9.2 16 0.306451612903226 0.26008064516129 26.1324616298015 3 -2 0 
1 1040 10 18 0.602196885428254 0.701612903225806 14.1228879100818 3 2 0 
0 1040 9.2 16 0.325604838709677 0.252016129032258 17.5113794272174 3 -2 0 
1 1050 10 18 0.503077249575552 0.670967741935484 15.6633639844906 3 2 0 
0 1050 9.2 16 0.308691756272401 0.283602150537634 11.8017528180944 3 -2 0 
1 1060 10 18 0.468509984639017 0.625 18.7507903741083 3 2 0 
0 1060 9.2 16 0.330645161290323 0.267137096774194 2.78830419683223 3 -2 0 
1 1070 10 18 0.577233250620347 0.625806451612903 17.3371495641787 3 2 0 
0 1070 9.2 16 0.339285714285714 0.276881720430108 4.17069223380314 3 -2 0 
1 1080 10 18 0.518511730205279 0.660483870967742 6.63412410426759 3 2 0 
0 1080 9.2 16 0.316413662239089 0.287634408602151 4.7538841041751 3 -2 0 
1 1090 10 19 0.490849875930521 0.67258064516129 5.18077695031063 3 3 0 
0 1090 9.2 16 0.310483870967742 0.240927419354839 15.2590373667511 3 -3 0 
1 1100 10 19 0.618021091811414 0.655645161290323 4.99735428598505 3 3 0 
0 1100 9.2 16 0.30510752688172 0.298387096774194 9.6614907806464 3 -3 0 
1 1110 10 19 0.521362388469458 0.685483870967742 4.71482198479812 3 3 0 
0 1110 9.2 16 0.302822580645161 0.256048387096774 5.65951243121343 3 -3 0 
1 1120 10 19 0.504187344913151 0.645967741935484 7.3299781761734 3 3 0 
0 1120 9.2 16 0.324596774193548 0.260483870967742 9.56890171149106 3 -3 0 
1 1130 10 19 0.618699596774194 0.618951612903226 26.5369377385425 3 2 0 
0 1130 9.2 17 0.324596774193548 0.278225806451613 13.8326261477856 3 -2 0 
1 1140 10 19 0.515039232781168 0.543346774193548 26.4919786568885 3 2 0 
0 1140 9.2 17 0.335904628330996 0.329838709677419 13.2076424842073 3 -2 0 
1 1150 10 19 0.420890937019969 0.487903225806452 27.7178997328414 3 2 0 
0 1150 9.2 17 0.397332506203474 0.362096774193548 17.8704767708534 3 -2 0 
1 1160 10 19 0.46594982078853 0.466733870967742 32.5008405531152 3 2 0 
0 1160 9.2 17 0.400589330024814 0.415322580645161 16.0600004664986 3 -2 0 
1 1170 10 19 0.447281959378734 0.435483870967742 15.2938203811721 3 2 0 
0 1170 9.2 17 0.416493236212279 0.411290322580645 23.3127629362725 3 -2 0 
1 1180 10 19 0.383064516129032 0.496975806451613 15.6781002347012 3 2 0 
0 1180 9.2 17 0.398521505376344 0.355846774193548 32.0235958643555 3 -2 0 
1 1190 10 19 0.530913978494624 0.563508064516129 6.53869171351469 3 2 0 
0 1190 9.2 17 0.454838709677419 0.341733870967742 27.785906834969 3 -2 0 
1 1200 10 20 0.465607210626186 0.438709677419355 30.4312103398054 3 3 0 
0 1200 9.2 17 0.421252371916509 0.239247311827957 14.832983489578 3 -3 0 
1 1210 10 20 0.450604838709677 0.475 15.2747152434932 3 3 0 
0 1210 9.2 17 0.396057347670251 0.356182795698925 13.2050019475342 3 -3 0 
1 1220 10 20 0.569979188345473 0.537903225806452 15.9909187781348 3 2 0 
0 1220 9.2 18 0.434907834101383 0.356182795698925 31.3769331650937 3 -2 0 
1 1230 10 20 0.508675464320626 0.529838709677419 15.8860272316913 3 2 0 
0 1230 9.2 18 0.357190860215054 0.259408602150538 33.9655555142114 3 -2 0 
1 1240 10 20 0.501170655567118 0.529032258064516 27.5725792696874 3 2 0 
0 1240 9.2 18 0.384550084889643 0.269153225806452 31.7552930104693 3 -2 0 
1 1250 10 20 0.520811654526535 0.514516129032258 19.9806648521794 3 2 0 
0 1250 9.2 18 0.392741935483871 0.314516129032258 33.5706856836544 3 -2 0 
1 1260 10 20 0.496723790322581 0.6 14.2798495389235 3 2 0 
0 1260 9.2 18 0.368279569892473 0.354032258064516 26.7898898355409 3 -2 0 
1 1270 10 20 0.480388563049853 0.628225806451613 16.0776465991221 3 2 0 
0 1270 9.2 18 0.387096774193548 0.335685483870968 26.5598420679802 3 -2 0 
1 1280 10 20 0.528485952133195 0.685483870967742 11.4339968766545 3 2 1 
0 1280 9.2 18 0.351612903225806 0.257056451612903 15.9531525119429 2 -2 -1 
1 1290 10 21 0.535335314091681 0.731451612903226 10.119094403055 3 3 1 
0 1290 9.2 18 0.265322580645161 0.255040322580645 4.08020744962866 2 -3 -1 
1 1300 10 21 0.530465949820788 0.725 7.14947853914355 3 3 1 
0 1300 9.2 18 0.391633064516129 0.209677419354839 4.23657337582375 2 -3 -1 
1 1310 10 21 0.569930875576037 0.701612903225806 13.0664573558175 3 3 1 
0 1310 9.2 18 0.402217741935484 0.233870967741935 13.7140148713725 2 -3 -1 
1 1320 10 21 0.519736842105263 0.639516129032258 8.16838125347757 3 2 1 
0 1320 9.2 19 0.287802419354839 0.27116935483871 8.09356850665783 2 -2 -1 
1 1330 10 21 0.483870967741936 0.475806451612903 26.8849305603509 3 2 1 
0 1330 9.2 19 0.37926944971537 0.294354838709677 5.61177182946804 2 -2 -1 
1 1340 10 21 0.518709677419355 0.475 27.1885046921006 3 2 1 
0 1340 9.2 19 0.384828629032258 0.315524193548387 23.9476726173932 2 -2 -1 
1 1350 10 21 0.492165898617512 0.569556451612903 18.6903949050555 3 2 1 
0 1350 9.2 19 0.360780984719864 0.405241935483871 16.1069840001533 2 -2 -1 
1 1360 10 21 0.462514934289128 0.456451612903226 34.493205989872 3 2 1 
0 1360 9.2 19 0.429791271347249 0.471774193548387 10.926215044639 2 -2 -1 
1 1370 10 21 0.556048387096774 0.437903225806452 34.8393658159675 3 2 1 
0 1370 9.2 19 0.50682382133995 0.487903225806452 6.68209497055821 2 -2 -1 
1 1380 10 21 0.5 0.436290322580645 27.7186047130888 3 2 1 
0 1380 9.2 19 0.409032258064516 0.454637096774194 22.3098476167316 2 -2 -1 
1 1390 10 21 0.450361512791991 0.470161290322581 19.0677055010086 3 2 1 
0 1390 9.2 19 0.410413744740533 0.404233870967742 15.9103128944749 2 -2 -1 
1 1400 10 21 0.558131720430108 0.589516129032258 14.9702027314648 3 1 1 
0 1400 9.2 20 0.457437275985663 0.323924731182796 21.2022106235469 2 -1 -1 
1 1410 10 21 0.460829493087558 0.606451612903226 18.7992776552734 3 1 1 
0 1410 9.2 20 0.458896982310094 0.295698924731183 21.7248968176018 2 -1 -1 
1 1420 10 21 0.390591397849462 0.613709677419355 14.8618034465551 3 1 1 
0 1420 9.2 20 0.5091642228739 0.330645161290323 0 2 -1 -1 
1 1430 10 22 0.471505376344086 0.676612903225806 8.45800167338374 3 2 1 
0 1430 9.2 20 0.550967741935484 0.149193548387097 0 2 -2 -1 
1 1440 10 22 0.454301075268817 0.693548387096774 23.0653353988776 3 2 1 
0 1440 9.2 20 0.519354838709677 NaN NaN 2 -2 -1 
1 1450 10 22 0.435987903225806 0.720967741935484 26.4989168663486 3 2 1 
0 1450 9.2 20 0.524743401759531 0.264112903225806 31.7529526186149 2 -2 -1 
1 1460 10 22 0.526759530791789 0.734677419354839 19.4058905517051 2 2 1 
0 1460 9.2 20 0.642614601018676 0.25 24.6805419841162 1 -2 -1 
1 1470 10 22 0.524059139784946 0.607258064516129 49.4485980821113 2 2 1 
0 1470 9.2 20 0.546023359288098 0.25 8.73269621781148 1 -2 -1 
1 1480 10 22 0.524193548387097 0.560483870967742 56.0446604624173 2 1 2 
0 1480 9.2 21 0.446339950372208 0.264784946236559 22.5988218322448 0 -1 -2 
1 1490 10 22 0.555443548387097 0.520161290322581 39.2124907813845 2 1 2 
0 1490 9.2 21 0.525089605734767 0.167338709677419 1.5 0 -1 -2 
1 1500 10 22 0.507640067911715 0.571572580645161 38.1843569371965 2 1 2 
0 1500 9.2 21 0.449692780337942 0.19758064516129 9.3407708461347 0 -1 -2 
1 1510 10 22 0.527091733870968 0.565524193548387 29.5522873786421 2 1 2 
0 1510 9.2 21 0.371774193548387 0.189516129032258 10.6301458127347 0 -1 -2 
1 1520 10 22 0.572702834799609 0.576612903225806 17.3819995410067 2 1 2 
0 1520 9.2 21 0.422043010752688 0.181451612903226 15.4213469763169 0 -1 -2 
1 1530 10 23 0.532258064516129 0.626008064516129 20.5363399364471 2 2 2 
0 1530 9.2 21 0.329728739002933 0.244623655913978 5.23055318654068 0 -2 -2 
1 1540 10 23 0.583704115684093 0.530645161290323 38.3243467499 2 2 2 
0 1540 9.2 21 0.366202346041056 0.290322580645161 4.63723428011977 0 -2 -2 
1 1550 10 23 0.645017281105991 0.570161290322581 39.4006450924354 2 2 2 
0 1550 9.2 21 0.373991935483871 0.191532258064516 24.5458754172672 0 -2 -2 
1 1560 10 23 0.689516129032258 0.662096774193548 26.9478837431559 2 2 2 
0 1560 9.2 21 0.314516129032258 0.19489247311828 12.8223610811526 0 -2 -2 
1 1570 10 23 0.773263027295285 0.740322580645161 19.8039262861205 2 2 2 
0 1570 9.2 21 NaN 0.184139784946237 8.92112519605916 0 -2 -2 
1 1580 10 23 0.772177419354839 0.808064516129032 5.11933015164222 2 2 2 
0 1580 9.2 21 NaN 0.167338709677419 6.18465843842649 0 -2 -2 
