1 30 5.4 1 NaN 0.303763440860215 8.38176084819972 3 0 0 
0 30 5.4 1 NaN 0.312903225806452 21.2077087969645 3 0 0 
1 40 5.4 1 NaN 0.375 22.7272099153244 3 0 0 
0 40 5.4 1 NaN 0.325 20.3428132044235 3 0 0 
1 50 5.4 1 0.366935483870968 0.435483870967742 26.171746376827 3 0 0 
0 50 5.4 1 0.368279569892473 0.381451612903226 25.8158593706681 3 0 0 
1 60 5.4 1 0.364247311827957 0.498387096774194 20.4768438464059 3 0 0 
0 60 5.4 1 0.364247311827957 0.499193548387097 27.0841477780512 3 0 0 
1 70 5.4 1 0.420362903225806 0.468548387096774 18.9908258193022 3 0 0 
0 70 5.4 1 0.414112903225806 0.517741935483871 21.4475215755622 3 0 0 
1 80 5.4 1 0.441348973607038 0.488709677419355 14.9044521834049 3 0 0 
0 80 5.4 1 0.448476702508961 0.481451612903226 20.6980938701384 3 0 0 
1 90 5.4 1 0.411542338709677 0.526612903225806 15.8215774783973 3 0 0 
0 90 5.4 1 0.397033410138249 0.461290322580645 23.6120435755724 3 0 0 
1 100 5.4 2 0.488239247311828 0.509677419354839 17.0779710913866 3 1 0 
0 100 5.4 1 0.426814516129032 0.45 18.2738226214941 3 -1 0 
1 110 5.4 2 0.489609181141439 0.494354838709677 18.6418682668554 3 0 0 
0 110 5.4 2 0.450268817204301 0.473387096774194 19.4353545815754 3 0 0 
1 120 5.4 2 0.395316377171216 0.49758064516129 20.0726260320129 3 0 0 
0 120 5.4 2 0.400836320191159 0.483064516129032 15.5190701970807 3 0 0 
1 130 5.4 2 0.428955453149002 0.495967741935484 34.6498372003106 3 -1 0 
0 130 5.4 3 0.433266129032258 0.469758064516129 27.262863164229 3 1 0 
1 140 5.4 3 0.464669738863287 0.490927419354839 33.8594443535112 3 0 0 
0 140 5.4 3 0.46335904628331 0.400201612903226 39.7896459286644 3 0 0 
1 150 5.4 3 0.388272849462366 0.419354838709677 48.4147432563136 3 0 0 
0 150 5.4 3 0.412096774193548 0.374193548387097 38.6888325120911 3 0 0 
1 160 5.4 3 0.381854838709677 0.460483870967742 35.4137718373061 3 0 0 
0 160 5.4 3 0.423036465638149 0.433870967741935 36.6591452136382 3 0 0 
1 170 5.4 4 0.459485407066052 0.476612903225806 31.8508791898142 3 0 0 
0 170 5.4 4 0.456479421579533 0.449193548387097 48.4589520303767 3 0 0 
1 180 5.4 4 0.384354838709677 0.469758064516129 20.8138710499996 3 0 0 
0 180 5.4 4 0.404199110122358 0.510483870967742 46.2983889143649 3 0 0 
1 190 5.4 4 0.391935483870968 0.408266129032258 40.035226072304 3 -1 0 
0 190 5.4 5 0.484787390029326 0.495967741935484 35.4412981658485 3 1 0 
1 200 5.4 4 0.447076612903226 0.414314516129032 37.9668607014714 3 -1 0 
0 200 5.4 5 0.473442714126808 0.49758064516129 24.3533761686701 3 1 0 
1 210 5.4 5 0.411810613943809 0.386088709677419 37.7636195054878 3 0 0 
0 210 5.4 5 0.425468262226847 0.512903225806452 27.7434288678362 3 0 0 
1 220 5.4 5 0.415322580645161 0.405241935483871 33.7252130239323 3 0 0 
0 220 5.4 5 0.447054698457223 0.509677419354839 31.4700152624072 3 0 0 
1 230 5.4 5 0.455141129032258 0.369354838709677 36.7994770723447 3 -1 0 
0 230 5.4 6 0.487679211469534 0.516935483870968 30.3966448994135 3 1 0 
1 240 5.4 5 0.402505760368664 0.412903225806452 33.715565603359 3 -1 0 
0 240 5.4 6 0.425655241935484 0.510483870967742 28.4793431850508 3 1 0 
1 250 5.4 6 0.409274193548387 0.462096774193548 39.070720434518 3 0 0 
0 250 5.4 6 0.403993855606759 0.466129032258065 27.7660849034595 3 0 0 
1 260 5.4 6 0.465359237536657 0.468548387096774 34.2117577877761 3 0 0 
0 260 5.4 6 0.477096774193548 0.488709677419355 22.4325922184417 3 0 0 
1 270 5.4 6 0.375525946704067 0.496774193548387 35.6312163078273 3 0 0 
0 270 5.4 6 0.406145717463849 0.461290322580645 23.7954063707954 3 0 0 
1 280 5.4 6 0.407426075268817 0.5 37.4471059463732 3 0 0 
0 280 5.4 6 0.406048387096774 0.481451612903226 29.3415433636853 3 0 0 
1 290 5.4 7 0.459139784946237 0.504032258064516 37.3894743419629 3 0 0 
0 290 5.4 7 0.467069892473118 0.490927419354839 16.2265201630883 3 0 0 
1 300 5.4 7 0.409899888765295 0.470430107526882 33.9837155998736 3 0 0 
0 300 5.4 7 0.393145161290323 0.546370967741936 4.82130166736263 3 0 0 
1 310 5.4 7 0.418514784946237 0.365927419354839 38.1510061063724 3 0 0 
0 310 5.4 7 0.423913043478261 0.458064516129032 34.5234428574992 3 0 0 
1 320 5.4 7 0.465869815668203 0.346774193548387 40.1958259391992 3 -1 0 
0 320 5.4 8 0.451774193548387 0.461290322580645 29.6594456705 3 1 0 
1 330 5.4 7 0.40105459057072 0.435483870967742 32.7163025735682 3 -1 0 
0 330 5.4 8 0.407953281423804 0.443548387096774 19.4118037739231 3 1 0 
1 340 5.4 8 0.429435483870968 0.403225806451613 39.1204000712858 3 0 0 
0 340 5.4 8 0.424614305750351 0.490322580645161 28.4613076770153 3 0 0 
1 350 5.4 8 0.488078541374474 0.440524193548387 22.1532922645656 3 0 0 
0 350 5.4 8 0.444412442396313 0.495967741935484 40.5193222552955 3 0 0 
1 360 5.4 8 0.39889486260454 0.463709677419355 8.33171795744281 3 -1 0 
0 360 5.4 9 0.406628024193548 0.513709677419355 27.3445101303343 3 1 0 
1 370 5.4 8 0.377217741935484 0.45241935483871 33.5989728161623 3 -1 0 
0 370 5.4 9 0.467276674937965 0.475806451612903 23.3364723472731 3 1 0 
1 380 5.4 9 0.440615835777126 0.445161290322581 25.3700930036953 3 0 0 
0 380 5.4 9 0.464400921658986 0.470430107526882 29.3326693043128 3 0 0 
1 390 5.4 9 0.397609447004608 0.476612903225806 28.2943132120307 3 0 0 
0 390 5.4 9 0.397252090800478 0.479838709677419 23.6598646727344 3 0 0 
1 400 5.4 9 0.433777915632754 0.485483870967742 32.9735941464591 3 0 0 
0 400 5.4 9 0.454584040747029 0.341935483870968 44.0173892309926 3 0 0 
1 410 5.4 9 0.470430107526882 0.503225806451613 35.0107726868443 3 0 0 
0 410 5.4 9 0.461129032258065 0.337096774193548 27.7845524604286 3 0 0 
1 420 5.4 10 0.437881429816914 0.52258064516129 15.4666188022771 3 1 0 
0 420 5.4 9 0.364247311827957 0.409677419354839 16.0128141971178 3 -1 0 
1 430 5.4 10 0.463517665130568 0.548387096774194 13.3923532031991 3 1 0 
0 430 5.4 9 0.360887096774194 0.440322580645161 15.1612882687567 3 -1 0 
1 440 5.4 11 0.48948732718894 0.571774193548387 16.3472035575779 3 1 0 
0 440 5.4 10 0.43366935483871 0.406451612903226 15.6028888548356 3 -1 0 
1 450 5.4 11 0.396129032258065 0.582258064516129 12.2485771965919 3 1 0 
0 450 5.4 10 0.391439205955335 0.390322580645161 10.5454058252885 3 -1 0 
1 460 5.4 11 0.409072580645161 0.566935483870968 7.10319679835044 3 1 0 
0 460 5.4 10 0.435483870967742 0.38508064516129 7.73444600130523 3 -1 0 
1 470 5.4 11 0.451612903225806 0.5 14.5189514660513 3 1 0 
0 470 5.4 10 0.480806451612903 0.34375 37.8712865509909 3 -1 0 
1 480 5.4 11 0.418743890518084 0.492943548387097 29.0034172352767 3 1 0 
0 480 5.4 10 0.392214640198511 0.32741935483871 39.8264360365318 3 -1 0 
1 490 5.4 11 0.445396505376344 0.433064516129032 43.4324470495148 3 1 0 
0 490 5.4 10 0.391897081413211 0.389516129032258 43.4315879217189 3 -1 0 
1 500 5.4 12 0.470196353436185 0.441129032258065 44.0124612563193 3 1 0 
0 500 5.4 11 0.473566308243728 0.488709677419355 40.4043654502002 3 -1 0 
1 510 5.4 12 0.402479091995221 0.462096774193548 39.3708142026673 3 1 0 
0 510 5.4 11 0.385168302945302 0.467741935483871 36.3609237318987 3 -1 0 
1 520 5.4 12 0.427083333333333 0.449193548387097 35.7880390136894 3 1 0 
0 520 5.4 11 0.382881231671554 0.466935483870968 30.0346659286338 3 -1 0 
1 530 5.4 12 0.458870967741935 0.513709677419355 27.8362547324086 3 1 0 
0 530 5.4 11 0.456690561529271 0.45 29.1499513372698 3 -1 0 
1 540 5.4 12 0.43323055028463 0.508064516129032 31.9148617831359 3 1 0 
0 540 5.4 11 0.383467741935484 0.440322580645161 30.9773899584364 3 -1 0 
1 550 5.4 13 0.452698511166253 0.529569892473118 33.3264164558751 3 1 0 
0 550 5.4 12 0.384216589861751 0.417741935483871 21.0452232664437 3 -1 0 
1 560 5.4 13 0.48807123655914 0.516129032258065 49.9924994374156 3 1 0 
0 560 5.4 12 0.436195445920304 0.413709677419355 43.7298234999548 3 -1 0 
1 570 5.4 13 0.431451612903226 0.376344086021505 62.4361871781155 3 1 0 
0 570 5.4 12 0.37359747545582 0.411290322580645 33.0088949585977 3 -1 0 
1 580 5.4 13 0.472062211981567 0.460685483870968 48.5313266288518 3 1 0 
0 580 5.4 12 0.424899193548387 0.44489247311828 22.6646909175371 3 -1 0 
1 590 5.4 13 0.491935483870968 0.429032258064516 49.6861046816195 3 1 0 
0 590 5.4 12 0.457174638487208 0.477150537634409 22.399102001334 3 -1 0 
1 600 5.4 14 0.424269153225806 0.430645161290323 38.9195688216393 3 2 0 
0 600 5.4 12 0.390645161290323 0.408266129032258 43.5231576239791 3 -2 0 
1 610 5.4 14 0.433870967741935 0.430645161290323 22.9162366939898 3 2 0 
0 610 5.4 12 0.400153609831029 0.39758064516129 44.2881528972707 3 -2 0 
1 620 5.4 14 0.473864994026284 0.487096774193548 20.5168643448168 3 1 0 
0 620 5.4 13 0.445099255583127 0.367741935483871 30.8331865705361 3 -1 0 
1 630 5.4 14 0.444124423963134 0.488709677419355 20.9254201535114 3 1 0 
0 630 5.4 13 0.364247311827957 0.414314516129032 24.9230586197297 3 -1 0 
1 640 5.4 14 0.456011730205279 0.534677419354839 17.9059101119935 3 1 0 
0 640 5.4 13 0.379992319508449 0.399193548387097 13.4887779066087 3 -1 0 
1 650 5.4 15 0.450426944971537 0.558870967741935 19.3775655966112 3 2 0 
0 650 5.4 13 0.410825062034739 0.370967741935484 10.2535969394314 3 -2 0 
1 660 5.4 15 0.452461799660441 0.583870967741935 28.9857688618796 3 2 0 
0 660 5.4 13 0.366743471582181 0.389516129032258 12.3414438755108 3 -2 0 
1 670 5.4 15 0.472903225806452 0.592741935483871 25.196640412062 3 2 0 
0 670 5.4 13 0.41705069124424 0.363709677419355 16.8696549386728 3 -2 0 
1 680 5.4 15 0.473358294930876 0.507258064516129 19.0994646312847 3 2 0 
0 680 5.4 13 0.451138519924099 0.37258064516129 21.0123937140977 3 -2 0 
1 690 5.4 15 0.428175403225806 0.511290322580645 13.4123394939186 3 1 0 
0 690 5.4 14 0.36950146627566 0.391129032258065 20.7688432086887 3 -1 0 
1 700 5.4 16 0.498319892473118 0.481451612903226 20.4237155011751 3 2 0 
0 700 5.4 14 0.379032258064516 0.423387096774194 14.4562095490894 3 -2 0 
1 710 5.4 16 0.469549499443826 0.461290322580645 21.5939611805592 3 2 0 
0 710 5.4 14 0.443703473945409 0.479032258064516 30.007441545244 3 -2 0 
1 720 5.4 16 0.391129032258065 0.467741935483871 22.641728948093 3 2 0 
0 720 5.4 14 0.411420395421436 0.498655913978495 33.050084609579 3 -2 0 
1 730 5.4 16 0.4540770609319 0.491129032258064 24.054047974 3 2 0 
0 730 5.4 14 0.420122887864823 0.494623655913979 34.7258677038414 3 -2 0 
1 740 5.4 16 0.495806451612903 0.536290322580645 29.0905092806707 3 2 0 
0 740 5.4 14 0.470622119815668 0.443548387096774 41.0635089820041 3 -2 0 
1 750 5.4 17 0.414210233592881 0.488709677419355 28.3326997633287 3 2 0 
0 750 5.4 15 0.419354838709677 0.389112903225806 35.9918667471134 3 -2 0 
1 760 5.4 17 0.43108504398827 0.463709677419355 22.4736968535379 3 2 0 
0 760 5.4 15 0.417338709677419 0.320967741935484 28.642734881939 3 -2 0 
1 770 5.4 17 0.457924263674614 0.465725806451613 15.4441202198912 3 2 0 
0 770 5.4 15 0.44133064516129 0.404032258064516 28.0810739832592 3 -2 0 
1 780 5.4 17 0.431797235023042 0.522177419354839 15.0859659208288 3 2 0 
0 780 5.4 15 0.364247311827957 0.436290322580645 27.3176697540078 3 -2 0 
1 790 5.4 17 0.485047043010753 0.534274193548387 16.1240986692687 3 2 0 
0 790 5.4 15 0.386148007590133 0.42258064516129 31.5951440061003 3 -2 0 
1 800 5.4 17 0.506720430107527 0.569556451612903 22.2059348053884 3 2 0 
0 800 5.4 15 0.410954301075269 0.430645161290323 47.8390676534253 3 -2 0 
1 810 5.4 17 0.455170777988615 0.429435483870968 42.3899853026666 3 1 0 
0 810 5.4 16 0.349193548387097 0.456451612903226 40.0595072585521 3 -1 0 
1 820 5.4 17 0.433573853989813 0.498991935483871 33.1162232849564 3 1 0 
0 820 5.4 16 0.396697388632873 0.415322580645161 42.9200942784185 3 -1 0 
1 830 5.4 18 0.475806451612903 0.482862903225806 33.8209080992241 3 2 0 
0 830 5.4 16 0.421458625525947 0.440524193548387 32.1646491759711 3 -2 0 
1 840 5.4 18 0.438256048387097 0.493951612903226 34.6960684940596 3 2 0 
0 840 5.4 16 0.379233870967742 0.473790322580645 27.3004593413522 3 -2 0 
1 850 5.4 18 0.426814516129032 0.494623655913979 18.4191957500834 3 2 0 
0 850 5.4 16 0.393548387096774 0.48252688172043 18.5560175788265 3 -2 0 
1 860 5.4 18 0.515417457305503 0.435483870967742 34.510011990361 3 2 0 
0 860 5.4 16 0.42375366568915 0.361895161290323 32.300951501037 3 -2 0 
1 870 5.4 18 0.468722755013078 0.460685483870968 28.9158714987204 3 1 0 
0 870 5.4 17 0.351958525345622 0.358870967741936 22.6236681013778 3 -1 0 
1 880 5.4 18 0.448540706605223 0.540322580645161 28.1333468981363 3 1 0 
0 880 5.4 17 0.391733870967742 0.38508064516129 28.4645510918267 3 -1 0 
1 890 5.4 18 0.517697132616487 0.557795698924731 34.2868791547446 3 1 0 
0 890 5.4 17 0.403513824884793 0.391129032258065 43.7185055523403 3 -1 0 
1 900 5.4 19 0.417741935483871 0.397849462365591 53.5230658690883 3 2 0 
0 900 5.4 17 0.410177975528365 0.420161290322581 41.2716942221612 3 -2 0 
1 910 5.4 19 0.418010752688172 0.473118279569892 47.7334427089689 3 1 0 
0 910 5.4 18 0.453763440860215 0.420161290322581 39.2870117218311 3 -1 0 
1 920 5.4 19 0.484879032258065 0.513440860215054 42.0360743152192 3 1 0 
0 920 5.4 18 0.455757168458781 0.398387096774194 34.0945662112717 3 -1 0 
1 930 5.4 19 0.444556451612903 0.534274193548387 3.64005494464026 3 1 0 
0 930 5.4 18 0.423647242455775 0.429838709677419 30.381930909424 3 -1 0 
1 940 5.4 19 0.362903225806452 0.440860215053763 52.5597156111413 3 1 0 
0 940 5.4 18 0.487282878411911 0.457258064516129 26.6454192783549 3 -1 0 
1 950 5.4 19 0.397849462365591 0.441532258064516 48.3869059989658 3 1 0 
0 950 5.4 18 0.506336405529954 0.437096774193548 30.3261596460629 3 -1 0 
1 960 5.4 19 0.42585848074922 0.462701612903226 41.2291857343166 3 1 0 
0 960 5.4 18 0.391495601173021 0.393548387096774 29.3406684246241 3 -1 0 
1 970 5.4 19 0.370391705069124 0.442204301075269 24.1473041209622 3 0 0 
0 970 5.4 19 0.412701612903226 0.455645161290323 27.944291378237 3 0 0 
1 980 5.4 19 0.459538375973304 0.415322580645161 8.94427190999916 3 0 0 
0 980 5.4 19 0.438120347394541 0.498387096774194 24.8209430100551 3 0 0 
1 990 5.4 19 0.4103170189099 0.354838709677419 40.6648357061125 3 0 0 
0 990 5.4 19 0.414516129032258 0.459677419354839 23.1800848495896 3 0 0 
1 1000 5.4 20 0.416725105189341 0.407258064516129 18.4445689030589 3 1 0 
0 1000 5.4 19 0.468002081165453 0.413709677419355 42.1638357220804 3 -1 0 
1 1010 5.4 20 0.440524193548387 0.400537634408602 3.14612409671883 3 0 0 
0 1010 5.4 20 0.53536866359447 0.45241935483871 33.8954216293643 3 0 0 
1 1020 5.4 20 0.346102150537634 0.376344086021505 18.9745418998759 3 0 0 
0 1020 5.4 20 0.507661290322581 0.55 24.5112615350036 3 0 0 
1 1030 5.4 20 0.456509216589862 0.346774193548387 31.0557410360028 3 0 0 
0 1030 5.4 20 0.393817204301075 0.607258064516129 30.7579952096185 3 0 0 
1 1040 5.4 20 0.444124423963134 0.287634408602151 36.4147823433931 3 0 0 
0 1040 5.4 20 0.574596774193548 0.562903225806452 23.7631660170908 3 0 0 
1 1050 5.4 20 0.376344086021505 0.32258064516129 29.3470611816584 3 0 0 
0 1050 5.4 20 0.462869623655914 0.519354838709677 43.0035460048579 3 0 0 
1 1060 5.4 20 0.405397022332506 0.403225806451613 12.5399362039845 3 0 0 
0 1060 5.4 20 0.4526740237691 0.554032258064516 38.9685058760991 3 0 0 
1 1070 5.4 20 0.48125 0.465725806451613 1.80277563773199 3 0 0 
0 1070 5.4 20 0.598214285714286 0.561290322580645 24.7283035559013 3 0 0 
1 1080 5.4 20 0.396290322580645 0.455645161290323 2.82842712474619 3 0 0 
0 1080 5.4 20 0.47741935483871 0.550806451612903 23.2194376247847 3 0 0 
1 1090 5.4 20 0.399193548387097 0.342741935483871 38.7483602994291 3 -1 0 
0 1090 5.4 21 0.467549923195085 0.549193548387097 17.8766268983826 3 1 0 
1 1100 5.4 20 0.443548387096774 0.370967741935484 23.3171302263358 3 -1 0 
0 1100 5.4 21 0.621927803379416 0.516129032258065 30.526466536137 3 1 0 
1 1110 5.4 21 0.373246844319776 0.262903225806452 20.1288330861682 3 0 0 
0 1110 5.4 21 0.458837365591398 0.499193548387097 39.5906765898946 3 0 0 
1 1120 5.4 21 0.374462365591398 0.291935483870968 17.5697200868438 3 0 0 
0 1120 5.4 21 0.425933786078098 0.57258064516129 25.4120407701325 3 0 0 
1 1130 5.4 21 0.412001897533207 0.328225806451613 10.1757459215508 3 0 0 
0 1130 5.4 21 0.462029569892473 0.626008064516129 9.31418472658713 3 0 0 
1 1140 5.4 21 0.363604488078541 0.364516129032258 11.2266924426122 3 0 0 
0 1140 5.4 21 0.427867383512545 0.633064516129032 13.6520992776441 3 0 0 
1 1150 5.4 21 0.370967741935484 0.436290322580645 28.7221371725366 3 0 0 
0 1150 5.4 21 0.390891840607211 0.528225806451613 31.2569992161756 3 0 0 
1 1160 5.4 21 0.423219086021505 0.480645161290323 11.9370009181387 3 0 0 
0 1160 5.4 21 0.481566820276498 0.435483870967742 46.3896540189728 3 0 0 
1 1170 5.4 22 0.399327956989247 0.437096774193548 18.9904571890466 3 1 0 
0 1170 5.4 21 0.393049155145929 0.439516129032258 39.2842207508307 3 -1 0 
1 1180 5.4 22 0.45809331797235 0.473387096774194 22.7319305890312 3 1 0 
0 1180 5.4 21 0.360887096774194 0.445564516129032 41.6203075433135 3 -1 0 
1 1190 5.4 22 0.493855606758833 0.446774193548387 22.028729969258 3 1 0 
0 1190 5.4 21 0.411290322580645 0.518145161290323 29.8077171215778 3 -1 0 
1 1200 5.4 22 0.496609237536657 0.471774193548387 26.7689235196146 3 1 0 
0 1200 5.4 21 0.340437788018433 0.338709677419355 37.3032873759714 3 -1 0 
1 1210 5.4 22 0.447782258064516 0.456451612903226 33.5411900537469 3 1 0 
0 1210 5.4 21 0.362282878411911 0.319354838709677 28.2295566265524 3 -1 0 
1 1220 5.4 22 0.542674731182796 0.430645161290323 14.653186425911 3 1 0 
0 1220 5.4 21 0.383928571428571 0.398387096774194 33.0764960461268 3 -1 0 
1 1230 5.4 22 0.475022401433692 0.478225806451613 15.7535613337803 3 0 0 
0 1230 5.4 22 0.364023297491039 0.380645161290323 29.5588445717442 3 0 0 
1 1240 5.4 22 0.425521821631879 0.532258064516129 31.4570083440799 3 0 1 
0 1240 5.4 22 0.348286290322581 0.410483870967742 30.7256816807516 2 0 -1 
1 1250 5.4 22 0.589213709677419 0.543548387096774 39.222137234088 3 0 1 
0 1250 5.4 22 0.339516129032258 0.35241935483871 34.1054437981617 2 0 -1 
1 1260 5.4 22 0.483340407470289 0.565322580645161 41.9163578730367 3 0 1 
0 1260 5.4 22 0.343637992831541 0.37258064516129 23.3046632147835 2 0 -1 
1 1270 5.4 23 0.434139784946237 0.584677419354839 44.6151786553184 3 1 1 
0 1270 5.4 22 0.407258064516129 0.369354838709677 25.2137723189267 2 -1 -1 
1 1280 5.4 23 0.532834101382488 0.587701612903226 50.1865302806167 3 1 1 
0 1280 5.4 22 0.464717741935484 0.391129032258065 34.2078690057533 2 -1 -1 
1 1290 5.4 23 0.472465437788018 0.573588709677419 44.0207555927946 3 1 1 
0 1290 5.4 22 0.382056451612903 0.359677419354839 37.873621111916 2 -1 -1 
1 1300 5.4 23 0.464669738863287 0.640120967741936 29.3568527500211 3 1 1 
0 1300 5.4 22 0.427083333333333 0.309677419354839 22.172480858986 2 -1 -1 
1 1310 5.4 23 0.543145161290323 0.63508064516129 21.173590717291 3 1 1 
0 1310 5.4 22 0.465389784946237 0.271774193548387 16.3375837629045 2 -1 -1 
1 1320 5.4 23 0.510458669354839 0.535282258064516 42.3693482925738 3 1 1 
0 1320 5.4 22 0.420400238948626 0.303225806451613 20.868382920908 2 -1 -1 
1 1330 5.4 23 0.424098671726755 0.740927419354839 4.01188877811083 3 1 1 
0 1330 5.4 22 0.459889643463497 0.258064516129032 12.4057554550792 2 -1 -1 
1 1340 5.4 23 0.531774193548387 0.752688172043011 5.9230983887607 3 1 1 
0 1340 5.4 22 0.559587813620072 0.20866935483871 2.97402751051055 2 -1 -1 
1 1350 5.4 23 0.479838709677419 0.44758064516129 80.6225774829855 3 0 1 
0 1350 5.4 23 0.46761186264308 0.211693548387097 5.40832691319598 2 0 -1 
1 1360 5.4 23 0.475268817204301 0.44758064516129 52.8866712887094 3 0 1 
0 1360 5.4 23 0.566980286738351 0.30241935483871 2.5 2 0 -1 
1 1370 5.4 23 0.529325513196481 0.439516129032258 8.94427190999916 3 0 1 
0 1370 5.4 23 0.539938556067588 0.461693548387097 10.6066017177982 2 0 -1 
1 1380 5.4 23 0.427258064516129 0.487903225806452 21.4709105535839 3 0 1 
0 1380 5.4 23 0.476456815816857 0.453629032258065 1.58113883008419 2 0 -1 
1 1390 5.4 24 0.467204301075269 0.495967741935484 47.0744091837593 3 1 1 
0 1390 5.4 23 0.541239002932551 0.326612903225806 1.4142135623731 2 -1 -1 
1 1400 5.4 24 0.470967741935484 0.477822580645161 46.7038542306735 3 1 1 
0 1400 5.4 23 0.491431451612903 0.208333333333333 18.4708779744776 2 -1 -1 
1 1410 5.4 24 0.477822580645161 0.290322580645161 45.3527615613136 3 1 1 
0 1410 5.4 23 0.435931899641577 0.19758064516129 5.77533045440977 2 -1 -1 
1 1420 5.4 24 0.455170777988615 0.35 35.5166578399078 3 1 1 
0 1420 5.4 23 0.403033794162826 0.268548387096774 23.0726135614478 2 -1 -1 
1 1430 5.4 24 0.505681818181818 0.4 33.425352200582 3 1 1 
0 1430 5.4 23 0.364247311827957 0.329032258064516 19.9088783982289 2 -1 -1 
1 1440 5.4 24 0.465607210626186 0.462903225806452 19.9409781740366 3 1 1 
0 1440 5.4 23 0.421458625525947 0.383064516129032 20.7939790817545 2 -1 -1 
1 1450 5.4 24 0.389705882352941 0.487903225806452 8.3443932604818 3 1 1 
0 1450 5.4 23 0.370967741935484 0.419354838709677 28.4090059127677 2 -1 -1 
1 1460 5.4 24 0.481789802289282 0.494354838709677 11.1298531852105 3 1 1 
0 1460 5.4 23 0.467741935483871 0.370967741935484 20.1789743592319 2 -1 -1 
1 1470 5.4 24 0.48828125 0.509677419354839 4.47950656202121 3 1 1 
0 1470 5.4 23 0.39656381486676 0.356854838709677 26.7067407221473 2 -1 -1 
1 1480 5.4 24 0.491532258064516 0.588709677419355 16.5016294628444 3 1 1 
0 1480 5.4 23 0.430376344086021 0.381048387096774 47.6366455578056 2 -1 -1 
1 1490 5.4 24 0.61491935483871 0.586290322580645 35.3499194616197 3 1 1 
0 1490 5.4 23 0.585253456221198 0.300403225806452 10.9772492000501 2 -1 -1 
1 1500 5.4 24 0.537023460410557 0.599193548387097 46.4315874186322 3 1 1 
0 1500 5.4 23 0.410618279569893 0.205645161290323 13.9283882771841 2 -1 -1 
1 1510 5.4 25 0.682258064516129 0.612903225806452 45.1648570692758 3 2 1 
0 1510 5.4 23 0.668010752688172 0.167338709677419 6.5 2 -2 -1 
1 1520 5.4 25 0.74758064516129 0.663709677419355 28.8298236527586 3 2 1 
0 1520 5.4 23 0.668010752688172 0.191532258064516 20.1804360706106 2 -2 -1 
