1 30 8.2 1 NaN 0.30390625 19.2810300502658 3 0 2 
0 30 6.8 1 NaN 0.22265625 12.0052135213011 1 0 -2 
1 40 8.2 1 0.39453125 0.30390625 19.5900272280119 3 0 2 
0 40 6.8 1 0.36328125 0.26796875 20.544861847196 1 0 -2 
1 50 8.2 1 0.42578125 0.3484375 25.3620265698604 3 0 2 
0 50 6.8 1 0.357599431818182 0.30234375 21.8235851922675 1 0 -2 
1 60 8.2 1 0.448697916666667 0.51171875 44.4096688314263 3 0 2 
0 60 6.8 1 0.421595982142857 0.43046875 30.7867864645385 1 0 -2 
1 70 8.2 1 0.502083333333333 0.50234375 40.5787444524898 3 0 2 
0 70 6.8 1 0.428955078125 0.47109375 34.8115869082938 1 0 -2 
1 80 8.2 1 0.508167613636364 0.50234375 42.4947894146089 3 0 2 
0 80 6.8 1 0.42919921875 0.48203125 32.6620812974895 1 0 -2 
1 90 8.2 1 0.493055555555556 0.48515625 42.1699742072279 3 0 2 
0 90 6.8 1 0.459716796875 0.48671875 33.5008921012717 1 0 -2 
1 100 8.2 2 0.47749255952381 0.50859375 41.1759502160865 3 0 2 
0 100 6.8 2 0.426809210526316 0.4640625 28.7142950560193 1 0 -2 
1 110 8.2 2 0.462456597222222 0.5046875 43.3974537208539 3 0 2 
0 110 6.8 2 0.423394097222222 0.5009765625 24.6102667322778 1 0 -2 
1 120 8.2 2 0.521240234375 0.53046875 42.6913762031602 3 0 2 
0 120 6.8 2 0.44140625 0.4384765625 30.3508873387101 1 0 -2 
1 130 8.2 3 0.496243990384615 0.51875 33.171732054425 3 1 2 
0 130 6.8 2 0.413690476190476 0.32734375 44.6196737851933 1 -1 -2 
1 140 8.2 3 0.49296875 0.5234375 34.6561110734225 3 0 2 
0 140 6.8 3 0.389136904761905 0.365625 35.0451572806343 1 0 -2 
1 150 8.2 3 0.496694711538462 0.5203125 32.8352775424404 3 0 2 
0 150 6.8 3 0.420673076923077 0.40078125 22.9367080301758 1 0 -2 
1 160 8.2 3 0.45751953125 0.4755859375 20.263603622632 3 0 2 
0 160 6.8 3 0.446056547619048 0.48671875 12.8873339545018 1 0 -2 
1 170 8.2 4 0.450367647058823 0.425 28.100980441016 3 1 2 
0 170 6.8 3 0.421456473214286 0.48671875 13.764277863843 1 -1 -2 
1 180 8.2 4 0.478732638888889 0.44921875 28.9908530153092 3 0 2 
0 180 6.8 4 0.449055989583333 0.4734375 7.23992538777263 1 0 -2 
1 190 8.2 4 0.496651785714286 0.47421875 12.5940035495573 3 0 2 
0 190 6.8 4 0.480034722222222 0.45859375 4.32810887777127 1 0 -2 
1 200 8.2 4 0.496651785714286 0.5296875 5.06883654861102 3 0 2 
0 200 6.8 4 0.460503472222222 0.412109375 15.2922860424847 1 0 -2 
1 210 8.2 4 0.493336397058823 0.5140625 18.1900919529507 3 0 2 
0 210 6.8 4 0.480654761904762 0.384765625 32.1549346392422 1 0 -2 
1 220 8.2 5 0.517680921052632 0.49765625 30.9436304996947 3 1 2 
0 220 6.8 4 0.446354166666667 0.33125 41.6184983167864 1 -1 -2 
1 230 8.2 5 0.483723958333333 0.5234375 32.7303793356731 3 0 2 
0 230 6.8 5 0.409598214285714 0.39375 31.9406722030636 1 0 -2 
1 240 8.2 6 0.46337890625 0.5171875 38.8516211829663 3 1 2 
0 240 6.8 5 0.44328125 0.45390625 28.4325646388081 1 -1 -2 
1 250 8.2 6 0.509548611111111 0.4734375 50.1390044531066 3 1 2 
0 250 6.8 5 0.4234375 0.4578125 18.4366313086244 1 -1 -2 
1 260 8.2 6 0.487890625 0.51875 40.5056190562645 3 1 2 
0 260 6.8 5 0.411808894230769 0.4890625 20.394903559572 1 -1 -2 
1 270 8.2 6 0.503676470588235 0.50625 38.5667285537328 3 1 2 
0 270 6.8 5 0.436612215909091 0.47734375 28.1963449984646 1 -1 -2 
1 280 8.2 7 0.49125744047619 0.48125 26.9623651683335 3 1 2 
0 280 6.8 6 0.448069852941176 0.478515625 34.8105734116293 1 -1 -2 
1 290 8.2 7 0.47412109375 0.48671875 21.5355032161867 3 1 2 
0 290 6.8 6 0.40640625 0.45703125 38.8888473961914 1 -1 -2 
1 300 8.2 7 0.4765625 0.4640625 28.7396392659651 3 1 2 
0 300 6.8 6 0.437686011904762 0.39453125 33.4086148843732 1 -1 -2 
1 310 8.2 7 0.511393229166667 0.4578125 30.8964178422095 3 0 2 
0 310 6.8 7 0.515625 0.465625 25.4529100789272 1 0 -2 
1 320 8.2 7 0.52197265625 0.46640625 29.3526173204274 3 0 2 
0 320 6.8 7 0.466796875 0.46640625 12.9917173235326 1 0 -2 
1 330 8.2 8 0.463040865384615 0.4755859375 31.5839896349117 3 1 2 
0 330 6.8 7 0.439208984375 0.5046875 10.4755770043822 1 -1 -2 
1 340 8.2 8 0.486478365384615 0.474609375 12.1960783813115 3 1 2 
0 340 6.8 7 0.482954545454545 0.515625 3.73248014613508 1 -1 -2 
1 350 8.2 8 0.451416015625 0.38203125 27.9141691181843 3 1 2 
0 350 6.8 7 0.430338541666667 0.5205078125 5.39833085159425 1 -1 -2 
1 360 8.2 8 0.457853618421053 0.41328125 23.7775679437409 3 1 2 
0 360 6.8 7 0.425164473684211 0.5078125 5.22424170499895 1 -1 -2 
1 370 8.2 8 0.496744791666667 0.5125 22.4100152554054 3 1 2 
0 370 6.8 7 0.420516304347826 0.4052734375 7.63124444097116 1 -1 -2 
1 380 8.2 9 0.482142857142857 0.55234375 17.1322004540601 3 2 2 
0 380 6.8 7 0.406394675925926 0.3296875 30.3176881261149 1 -2 -2 
1 390 8.2 9 0.54296875 0.56328125 28.8422902874955 3 1 2 
0 390 6.8 8 0.40625 0.35546875 35.2904727373585 1 -1 -2 
1 400 8.2 9 0.522977941176471 0.5421875 35.4307609513994 3 1 2 
0 400 6.8 8 0.426398026315789 0.44140625 37.5639854602378 1 -1 -2 
1 410 8.2 9 0.495888157894737 0.52734375 45.3858659460095 3 1 2 
0 410 6.8 8 0.393479567307692 0.4599609375 42.8646292895751 1 -1 -2 
1 420 8.2 9 0.496826171875 0.4990234375 32.2717437706932 3 0 2 
0 420 6.8 9 0.433416193181818 0.431640625 33.7621074201857 1 0 -2 
1 430 8.2 10 0.53369140625 0.440625 45.8810071444789 3 1 2 
0 430 6.8 9 0.494715073529412 0.3857421875 35.2438731076099 1 -1 -2 
1 440 8.2 10 0.527944711538462 0.496875 38.3020272531728 3 1 2 
0 440 6.8 9 0.460227272727273 0.3515625 45.147182174502 1 -1 -2 
1 450 8.2 10 0.498224431818182 0.474609375 33.511382089939 3 1 2 
0 450 6.8 9 0.417279411764706 0.4296875 27.4291539230221 1 -1 -2 
1 460 8.2 10 0.5078125 0.5107421875 14.2130001217525 3 0 2 
0 460 6.8 10 0.451923076923077 0.4546875 15.2572877415308 1 0 -2 
1 470 8.2 10 0.478338068181818 0.4765625 6.1496346801185 3 0 2 
0 470 6.8 10 0.4154296875 0.42734375 19.8570293693714 1 0 -2 
1 480 8.2 10 0.451021634615385 0.41328125 23.8793902137879 3 0 2 
0 480 6.8 10 0.430042613636364 0.47421875 5.45514214500121 1 0 -2 
1 490 8.2 10 0.5 0.4443359375 11.4039198554552 3 0 2 
0 490 6.8 10 0.464334239130435 0.51484375 7.67504212241156 1 0 -2 
1 500 8.2 10 0.46484375 0.44140625 23.3205222155787 3 -1 2 
0 500 6.8 11 0.425238715277778 0.57109375 9.18845848250255 1 1 -2 
1 510 8.2 10 0.440104166666667 0.48046875 16.6821213249487 3 -1 2 
0 510 6.8 11 0.435677083333333 0.47578125 10.5926941399364 1 1 -2 
1 520 8.2 11 0.48388671875 0.3796875 45.4056199322395 3 0 2 
0 520 6.8 11 0.500473484848485 0.43125 20.6007627512055 1 0 -2 
1 530 8.2 11 0.438802083333333 0.47734375 29.5681375022066 3 0 2 
0 530 6.8 11 0.468470982142857 0.41484375 7.05553220853066 1 0 -2 
1 540 8.2 11 0.419117647058823 0.51484375 3.96998304299304 3 0 2 
0 540 6.8 11 0.466889880952381 0.4306640625 2.25019725724923 1 0 -2 
1 550 8.2 11 0.484765625 0.51484375 8.71172098798128 3 0 2 
0 550 6.8 11 0.5087890625 0.3408203125 28.5699442409643 1 0 -2 
1 560 8.2 11 0.493389423076923 0.4765625 29.1735973592407 3 0 2 
0 560 6.8 11 0.468299278846154 0.3017578125 35.9360852829183 1 0 -2 
1 570 8.2 11 0.537642045454545 0.49140625 41.8224371834044 3 0 2 
0 570 6.8 11 0.4309375 0.28984375 35.9087074875803 1 0 -2 
1 580 8.2 12 0.519856770833333 0.5015625 46.0929975809549 3 0 2 
0 580 6.8 12 0.451622596153846 0.3953125 27.3507126705193 1 0 -2 
1 590 8.2 12 0.46391369047619 0.490625 42.1794203915823 3 0 2 
0 590 6.8 12 0.445142663043478 0.5015625 24.3169024876005 1 0 -2 
1 600 8.2 12 0.4400390625 0.4638671875 45.0466307542075 3 0 2 
0 600 6.8 12 0.43359375 0.57265625 19.9409367345216 1 0 -2 
1 610 8.2 12 0.492513020833333 0.4931640625 35.4938015075873 3 0 2 
0 610 6.8 12 0.453287760416667 0.55625 17.0665134782157 1 0 -2 
1 620 8.2 12 0.545572916666667 0.4306640625 18.4452253896389 3 0 2 
0 620 6.8 12 0.444411057692308 0.571875 13.5644252789314 1 0 -2 
1 630 8.2 12 0.491319444444444 0.3625 22.1845350970492 3 -1 2 
0 630 6.8 13 0.4650390625 0.521875 21.4585340359328 1 1 -2 
1 640 8.2 13 0.4873046875 0.45234375 15.1592123638648 3 0 2 
0 640 6.8 13 0.455584490740741 0.43359375 14.5183483253475 1 0 -2 
1 650 8.2 13 0.457442434210526 0.4140625 9.72502059475126 3 0 2 
0 650 6.8 13 0.43046875 0.4296875 18.2232421202517 1 0 -2 
1 660 8.2 13 0.434151785714286 0.425 17.586847882498 3 0 2 
0 660 6.8 13 0.4513671875 0.4875 27.524315566269 1 0 -2 
1 670 8.2 13 0.464453125 0.490625 8.77751913993742 3 0 2 
0 670 6.8 13 0.49507472826087 0.46875 23.7349447434027 1 0 -2 
1 680 8.2 14 0.4640625 0.50859375 7.32092498572841 3 1 2 
0 680 6.8 13 0.493832236842105 0.462239583333333 15.1998374435672 1 -1 -2 
1 690 8.2 14 0.509114583333333 0.540625 16.584306165535 3 1 2 
0 690 6.8 13 0.456129807692308 0.420572916666667 19.8384809266871 1 -1 -2 
1 700 8.2 14 0.518489583333333 0.534375 17.1010894863722 3 1 2 
0 700 6.8 13 0.478190104166667 0.286458333333333 31.59068122169 1 -1 -2 
1 710 8.2 14 0.473858173076923 0.53828125 19.2390278516867 3 1 2 
0 710 6.8 13 0.431640625 0.2646484375 22.3625487707601 1 -1 -2 
1 720 8.2 14 0.433799342105263 0.540625 24.6709965646216 3 0 2 
0 720 6.8 14 0.430397727272727 0.3296875 40.507746134796 1 0 -2 
1 730 8.2 14 0.481584821428571 0.496875 26.6589617495713 3 0 2 
0 730 6.8 14 0.444568452380952 0.4234375 35.5503001090109 1 0 -2 
1 740 8.2 14 0.470618206521739 0.4125 43.1833798090193 3 0 2 
0 740 6.8 14 0.42359375 0.4671875 37.7754565943964 1 0 -2 
1 750 8.2 15 0.525634765625 0.46015625 50.0815788498839 3 1 2 
0 750 6.8 14 0.448539402173913 0.45703125 52.4529838074109 1 -1 -2 
1 760 8.2 15 0.52734375 0.50859375 37.5539942262666 3 1 2 
0 760 6.8 14 0.452508223684211 0.4111328125 33.3672746482005 1 -1 -2 
1 770 8.2 15 0.485224184782609 0.4921875 32.5347156224946 3 1 2 
0 770 6.8 14 0.402683423913043 0.4609375 23.2887400204143 1 -1 -2 
1 780 8.2 15 0.483455882352941 0.546875 21.3514494538029 3 0 2 
0 780 6.8 15 0.404551630434783 0.3310546875 35.8355871618079 1 0 -2 
1 790 8.2 16 0.573807565789474 0.58125 20.5101058041066 3 1 2 
0 790 6.8 15 0.389723557692308 0.328125 31.4968181853072 1 -1 -2 
1 800 8.2 16 0.573807565789474 0.575 19.5751685551411 3 1 2 
0 800 6.8 15 0.375 0.325520833333333 12.7804604945302 1 -1 -2 
1 810 8.2 16 0.59521484375 0.5609375 18.6160987450435 3 1 2 
0 810 6.8 15 0.372209821428571 0.271484375 43.8919126947095 1 -1 -2 
1 820 8.2 17 0.611860795454545 0.60859375 18.7342161624836 3 2 2 
0 820 6.8 15 0.381036931818182 0.29296875 26.4764045897475 1 -2 -2 
1 830 8.2 17 0.559401939655172 0.5546875 16.0198346870323 3 2 2 
0 830 6.8 15 0.373883928571429 0.251953125 36.62308015446 1 -2 -2 
1 840 8.2 17 0.54052734375 0.5671875 23.5343033122103 3 2 2 
0 840 6.8 15 0.365542763157895 0.255208333333333 30.1333771194532 1 -2 -2 
1 850 8.2 17 0.565755208333333 0.57265625 23.1580632007652 3 2 2 
0 850 6.8 15 0.376775568181818 0.265625 30.4449271891185 1 -2 -2 
1 860 8.2 17 0.502672697368421 0.5771484375 33.4331854014054 3 2 2 
0 860 6.8 15 0.361572265625 0.31796875 23.2545643247272 1 -2 -2 
1 870 8.2 17 0.504296875 0.540364583333333 41.2728644081877 3 1 2 
0 870 6.8 16 0.372395833333333 0.4265625 11.7139194592147 1 -1 -2 
1 880 8.2 17 0.576450892857143 0.65625 0 3 1 2 
0 880 6.8 16 0.450284090909091 0.4765625 16.5839091742399 1 -1 -2 
1 890 8.2 18 0.515811011904762 0.509765625 25.3870045495722 3 2 2 
0 890 6.8 16 0.416449652777778 0.4390625 3.56259983352363 1 -2 -2 
1 900 8.2 18 0.5078125 0.482421875 16.8077363139716 3 2 2 
0 900 6.8 16 0.395616319444444 0.43515625 12.6609001329239 1 -2 -2 
1 910 8.2 18 0.542351973684211 0.348958333333333 40.9487848924676 3 2 2 
0 910 6.8 16 0.453354779411765 0.409375 16.6317798144822 1 -2 -2 
1 920 8.2 18 0.543569711538462 0.48515625 42.8556158748675 3 1 2 
0 920 6.8 17 0.453354779411765 0.37890625 9.46386934476303 1 -1 -2 
1 930 8.2 18 0.4296875 0.529296875 36.9834901808924 3 1 2 
0 930 6.8 17 0.439630681818182 0.33359375 3.21563502985422 1 -1 -2 
1 940 8.2 18 0.561899038461538 0.568359375 21.6010650866012 3 1 2 
0 940 6.8 17 0.475167410714286 0.328125 5.09901951359278 1 -1 -2 
1 950 8.2 18 0.5033203125 0.66015625 6.6859792339451 3 1 2 
0 950 6.8 17 0.43266369047619 0.283203125 3.53553390593274 1 -1 -2 
1 960 8.2 19 0.464154411764706 0.64453125 12.2785529449072 3 2 2 
0 960 6.8 17 0.396158854166667 0.216796875 26.9536639438871 1 -2 -2 
1 970 8.2 19 0.463040865384615 0.682291666666667 8.59175225159605 3 2 2 
0 970 6.8 17 0.481584821428571 0.224609375 24.45914961727 1 -2 -2 
1 980 8.2 19 0.450706845238095 0.59765625 14.5485412786651 3 2 2 
0 980 6.8 17 0.4029541015625 0.208984375 25.1246890528022 1 -2 -2 
1 990 8.2 19 0.479235197368421 0.4912109375 42.1257838414441 3 1 2 
0 990 6.8 18 0.369140625 0.1640625 9.37695472820969 1 -1 -2 
1 1000 8.2 19 0.498828125 0.5625 31.9038936306183 3 1 2 
0 1000 6.8 18 0.459635416666667 0.21875 15.1329905244901 1 -1 -2 
1 1010 8.2 19 0.471788194444444 0.56640625 34.4971621972254 3 1 2 
0 1010 6.8 18 0.396935096153846 0.3076171875 4.87603544077111 1 -1 -2 
1 1020 8.2 20 0.562263257575758 0.5359375 34.7355967142319 3 2 2 
0 1020 6.8 18 0.344439338235294 0.432291666666667 2.86260793032207 1 -2 -2 
1 1030 8.2 20 0.604947916666667 0.5927734375 31.8762194105847 3 2 2 
0 1030 6.8 18 0.3212890625 0.44140625 5.8626238173158 1 -2 -2 
1 1040 8.2 20 0.625710227272727 0.60546875 24.7566550341234 3 2 2 
0 1040 6.8 18 0.3046875 0.337890625 25.5557750764427 1 -2 -2 
1 1050 8.2 20 0.669189453125 0.5087890625 30.1931661890074 3 1 2 
0 1050 6.8 19 0.355928308823529 0.4208984375 21.5732315672865 1 -1 -2 
1 1060 8.2 20 0.645419034090909 0.4833984375 40.5408133794575 2 1 1 
0 1060 6.8 19 0.38671875 0.3759765625 26.874199695446 1 -1 -1 
1 1070 8.2 20 0.579337284482759 0.53515625 33.1038865736474 2 1 1 
0 1070 6.8 19 0.35546875 0.3017578125 29.4230537941002 1 -1 -1 
1 1080 8.2 20 0.558854166666667 0.5732421875 16.2285919672017 2 1 1 
0 1080 6.8 19 0.312109375 0.28984375 33.2824018168825 1 -1 -1 
1 1090 8.2 20 0.65703125 0.5125 39.2845164563661 2 1 1 
0 1090 6.8 19 0.31640625 0.34453125 19.1205320283166 1 -1 -1 
1 1100 8.2 20 0.658653846153846 0.52109375 47.9593378077865 2 0 1 
0 1100 6.8 20 0.41015625 0.3466796875 8.43909195499304 1 0 -1 
1 1110 8.2 21 0.6625 0.5125 48.8224946812869 2 1 1 
0 1110 6.8 20 0.353949652777778 0.3330078125 6.44476726247699 1 -1 -1 
1 1120 8.2 21 0.6640625 0.513020833333333 38.1780490024508 2 1 1 
0 1120 6.8 20 0.41015625 0.390625 9.35900708815159 1 -1 -1 
