1 30 10.4 1 NaN 0.361328125 48.9948976935354 3 0 0 
0 30 7.6 1 NaN 0.275390625 22.2194407904752 3 0 0 
1 40 10.4 1 NaN 0.334375 38.208461337636 3 0 0 
0 40 7.6 1 NaN 0.3037109375 27.7065243019496 3 0 0 
1 50 10.4 1 0.36328125 0.3578125 41.6412705820753 3 0 0 
0 50 7.6 1 0.39453125 0.34765625 32.8933687605035 3 0 0 
1 60 10.4 1 0.36328125 0.400390625 45.797724938963 3 0 0 
0 60 7.6 1 0.39453125 0.48828125 31.8504493719808 3 0 0 
1 70 10.4 1 0.3693359375 0.42890625 28.2115081760502 3 0 0 
0 70 7.6 1 0.416852678571429 0.484375 35.3412946130727 3 0 0 
1 80 10.4 1 0.45414402173913 0.45234375 28.0174957748222 3 0 0 
0 80 7.6 1 0.490411931818182 0.479910714285714 36.3853030856193 3 0 0 
1 90 10.4 1 0.3796875 0.45546875 28.9565587882567 3 0 0 
0 90 7.6 1 0.4246875 0.487723214285714 35.9838773418228 3 0 0 
1 100 10.4 1 0.37890625 0.4375 25.987901323555 3 -1 0 
0 100 7.6 2 0.410773026315789 0.506138392857143 33.5455596013342 3 1 0 
1 110 10.4 2 0.45390625 0.45390625 34.3756652003814 3 0 0 
0 110 7.6 2 0.491071428571429 0.487723214285714 34.2172366659931 3 0 0 
1 120 10.4 2 0.398292824074074 0.46796875 38.5671899082604 3 0 0 
0 120 7.6 2 0.400745738636364 0.475446428571429 33.4901462701352 3 0 0 
1 130 10.4 2 0.383203125 0.4580078125 28.4665834402361 3 0 0 
0 130 7.6 2 0.39453125 0.475 44.091739637532 3 0 0 
1 140 10.4 3 0.471354166666667 0.4599609375 24.2065108969538 3 0 0 
0 140 7.6 3 0.495008680555556 0.49296875 42.08135403263 3 0 0 
1 150 10.4 3 0.391977163461538 0.43984375 22.1552837200031 3 0 0 
0 150 7.6 3 0.433723958333333 0.53359375 36.9223959090894 3 0 0 
1 160 10.4 3 0.382421875 0.4890625 27.2785227029513 3 0 0 
0 160 7.6 3 0.418619791666667 0.41796875 38.392728918022 3 0 0 
1 170 10.4 3 0.45210597826087 0.48046875 16.3612696051238 3 -1 0 
0 170 7.6 4 0.499255952380952 0.382161458333333 33.513022178395 3 1 0 
1 180 10.4 4 0.407366071428571 0.4671875 8.86749208709101 3 0 0 
0 180 7.6 4 0.44890625 0.4484375 27.6249742976962 3 0 0 
1 190 10.4 4 0.40890625 0.4671875 9.46120331278566 3 0 0 
0 190 7.6 4 0.403459821428571 0.517578125 38.6472049841357 3 0 0 
1 200 10.4 4 0.465553977272727 0.46484375 11.6805074516805 3 0 0 
0 200 7.6 4 0.464192708333333 0.54453125 16.9467247232074 3 0 0 
1 210 10.4 5 0.422293526785714 0.46875 35.2100506098339 3 0 0 
0 210 7.6 5 0.441964285714286 0.507161458333333 17.1646330345327 3 0 0 
1 220 10.4 5 0.391867897727273 0.49921875 37.3991507901635 3 0 0 
0 220 7.6 5 0.39453125 0.518880208333333 15.4507238058316 3 0 0 
1 230 10.4 5 0.43359375 0.4875 44.3094327328299 3 0 0 
0 230 7.6 5 0.44765625 0.543619791666667 17.5480260047052 3 0 0 
1 240 10.4 6 0.409288194444444 0.4484375 34.5229654599128 3 1 0 
0 240 7.6 5 0.4525390625 0.539713541666667 14.2542976806915 3 -1 0 
1 250 10.4 6 0.405400815217391 0.3935546875 35.0409698352411 3 0 0 
0 250 7.6 6 0.39453125 0.517299107142857 26.58996634725 3 0 0 
1 260 10.4 6 0.463107638888889 0.446614583333333 38.7034590697735 3 0 0 
0 260 7.6 6 0.456853693181818 0.518973214285714 26.3665234816747 3 0 0 
1 270 10.4 6 0.41864224137931 0.454427083333333 36.9287406163476 3 0 0 
0 270 7.6 6 0.453497023809524 0.475260416666667 27.0104628765573 3 0 0 
1 280 10.4 6 0.387228260869565 0.47265625 35.4306320425999 3 -1 0 
0 280 7.6 7 0.428444602272727 0.5283203125 21.801798362347 3 1 0 
1 290 10.4 6 0.46142578125 0.384765625 49.955426065215 3 -1 0 
0 290 7.6 7 0.454044117647059 0.5341796875 24.2602181002933 3 1 0 
1 300 10.4 7 0.407277960526316 0.4189453125 38.6552134758316 3 0 0 
0 300 7.6 7 0.4405517578125 0.455915178571429 44.963680656453 3 0 0 
1 310 10.4 7 0.376171875 0.4296875 41.8101679090043 3 0 0 
0 310 7.6 7 0.400699013157895 0.525390625 45.4446243652886 3 0 0 
1 320 10.4 7 0.464322916666667 0.4671875 44.1791828947132 3 0 0 
0 320 7.6 7 0.533380681818182 0.536458333333333 47.0006453278348 3 0 0 
1 330 10.4 7 0.395625 0.48359375 38.4234376624994 3 -1 0 
0 330 7.6 8 0.429524739583333 0.434244791666667 38.1142303269106 3 1 0 
1 340 10.4 8 0.40576171875 0.4953125 35.5453981990271 3 0 0 
0 340 7.6 8 0.412109375 0.389973958333333 31.268269521135 3 0 0 
1 350 10.4 8 0.454545454545455 0.52421875 26.1350582902665 3 0 0 
0 350 7.6 8 0.4578125 0.368489583333333 21.601777920431 3 0 0 
1 360 10.4 8 0.4453125 0.5265625 25.4899553150438 3 0 0 
0 360 7.6 8 0.42421875 0.380208333333333 16.175486290758 3 0 0 
1 370 10.4 8 0.4453125 0.51328125 34.9311646942821 3 0 0 
0 370 7.6 8 0.392127403846154 0.4453125 15.4053912544617 3 0 0 
1 380 10.4 9 0.523137019230769 0.48203125 39.3375011179336 3 1 0 
0 380 7.6 8 0.421463815789474 0.529296875 5.75324647894563 3 -1 0 
1 390 10.4 9 0.434806034482759 0.477864583333333 34.2089379805075 3 0 0 
0 390 7.6 9 0.399305555555556 0.6203125 3.62797995751977 3 0 0 
1 400 10.4 9 0.404551630434783 0.4462890625 33.166507048494 3 0 0 
0 400 7.6 9 0.4224609375 0.567708333333333 33.5017595058785 3 0 0 
1 410 10.4 9 0.48095703125 0.39453125 35.2684293880681 3 0 0 
0 410 7.6 9 0.490808823529412 0.550130208333333 31.8429146481655 3 0 0 
1 420 10.4 9 0.445535714285714 0.33203125 34.6140408626207 3 0 0 
0 420 7.6 9 0.4439453125 0.55546875 37.0570792077435 3 0 0 
1 430 10.4 10 0.405740489130435 0.3609375 26.6098153534809 3 0 0 
0 430 7.6 10 0.39453125 0.525669642857143 36.7327457193388 3 0 0 
1 440 10.4 10 0.502387152777778 0.3828125 22.1141280388795 3 0 0 
0 440 7.6 10 0.417367788461538 0.528459821428571 36.8510821631731 3 0 0 
1 450 10.4 10 0.431380208333333 0.41328125 6.30435279007237 3 0 0 
0 450 7.6 10 0.435014204545455 0.513020833333333 37.7286989375514 3 0 0 
1 460 10.4 10 0.387129934210526 0.415625 31.0594539802949 3 -1 0 
0 460 7.6 11 0.419667119565217 0.452008928571429 45.6931512260056 3 1 0 
1 470 10.4 10 0.456571691176471 0.287109375 38.6151638368965 3 -1 0 
0 470 7.6 11 0.443431712962963 0.442522321428571 49.0500870659864 3 1 0 
1 480 10.4 10 0.3775 0.34375 23.2661342332794 3 -1 0 
0 480 7.6 11 0.449508101851852 0.490513392857143 39.8221424237284 3 1 0 
1 490 10.4 10 0.366159539473684 0.33515625 38.082005958082 3 -1 0 
0 490 7.6 11 0.47796875 0.48828125 38.0456677843634 3 1 0 
1 500 10.4 11 0.402138157894737 0.44765625 17.7340599044087 3 0 0 
0 500 7.6 11 0.557528409090909 0.504557291666667 36.5856489120865 3 0 0 
1 510 10.4 11 0.37037037037037 0.49140625 15.7772460244543 3 -1 0 
0 510 7.6 12 0.483482142857143 0.5046875 36.7119703999264 3 1 0 
1 520 10.4 11 0.437825520833333 0.46875 23.7926828628371 3 -1 0 
0 520 7.6 12 0.455873842592593 0.5203125 20.2574623014134 3 1 0 
1 530 10.4 11 0.349609375 0.43828125 22.3508673656239 3 -1 0 
0 530 7.6 12 0.542271205357143 0.5140625 23.2458217319827 3 1 0 
1 540 10.4 11 0.375578703703704 0.46640625 17.4843394307803 3 -1 0 
0 540 7.6 12 0.549360795454545 0.55703125 23.59132107428 3 1 0 
1 550 10.4 11 0.449928977272727 0.4384765625 13.5123801262982 3 -1 0 
0 550 7.6 12 0.491286057692308 0.567708333333333 20.4125461468765 3 1 0 
1 560 10.4 11 0.449573863636364 0.41015625 35.6323888925974 3 -2 0 
0 560 7.6 13 0.499490489130435 0.548828125 18.0724757845178 3 2 0 
1 570 10.4 11 0.408809267241379 0.3662109375 41.49475996012 3 -2 0 
0 570 7.6 13 0.491736778846154 0.532552083333333 15.658416731563 3 2 0 
1 580 10.4 11 0.471277573529412 0.392578125 34.1503135779771 3 -2 0 
0 580 7.6 13 0.494068287037037 0.53046875 15.843449818472 3 2 0 
1 590 10.4 12 0.524169921875 0.3759765625 27.9816401341559 3 -1 0 
0 590 7.6 13 0.59125 0.53984375 24.5876603195008 3 1 0 
1 600 10.4 12 0.445591517857143 0.3408203125 30.6864602498715 3 -1 0 
0 600 7.6 13 0.485677083333333 0.555245535714286 30.410823628435 3 1 0 
1 610 10.4 12 0.422526041666667 0.2841796875 13.7772330132907 3 -1 0 
0 610 7.6 13 0.473721590909091 0.536272321428571 38.4970300395227 3 1 0 
1 620 10.4 12 0.553768382352941 0.259765625 2.08315933705188 3 -1 0 
0 620 7.6 13 0.4609375 0.534598214285714 34.8144085060837 3 1 0 
1 630 10.4 12 0.466180098684211 0.3984375 12.9186020905679 3 -1 0 
0 630 7.6 13 0.439761513157895 0.5421875 41.4887310110419 3 1 0 
1 640 10.4 13 0.451311383928571 0.436848958333333 22.1488731442962 3 -1 0 
0 640 7.6 14 0.398697916666667 0.45546875 50.0883367514955 3 1 0 
1 650 10.4 13 0.486458333333333 0.471875 29.7414022417926 3 -1 0 
0 650 7.6 14 0.407118055555556 0.378255208333333 47.1673428181407 3 1 0 
1 660 10.4 13 0.450911458333333 0.4501953125 22.2580706421439 3 -1 0 
0 660 7.6 14 0.383984375 0.438151041666667 52.0975369486872 3 1 0 
1 670 10.4 13 0.409722222222222 0.421875 34.9211196592693 3 -1 0 
0 670 7.6 14 0.414806547619048 0.485026041666667 43.8823442050435 3 1 0 
1 680 10.4 13 0.428515625 0.4189453125 26.1662398959471 3 -1 0 
0 680 7.6 14 0.447963169642857 0.48828125 31.0668030638782 3 1 0 
1 690 10.4 13 0.370476973684211 0.462239583333333 24.2311692785634 3 -2 0 
0 690 7.6 15 0.434337797619048 0.5205078125 1.89476870784718 3 2 0 
1 700 10.4 13 0.390625 0.43359375 29.9735457916771 3 -2 0 
0 700 7.6 15 0.428308823529412 0.53125 5.30411639090135 3 2 0 
1 710 10.4 14 0.444010416666667 0.421875 25.0615598015247 3 -1 0 
0 710 7.6 15 0.4662109375 0.5439453125 10.3801877227066 3 1 0 
1 720 10.4 14 0.415219907407407 0.42578125 24.4591678185908 3 -1 0 
0 720 7.6 15 0.411044034090909 0.48203125 15.9036559561089 3 1 0 
1 730 10.4 14 0.42115162037037 0.3828125 37.7847539257502 3 -1 0 
0 730 7.6 15 0.419034090909091 0.435825892857143 10.6250027869702 3 1 0 
1 740 10.4 14 0.483940972222222 0.474609375 32.7551865175734 3 -1 0 
0 740 7.6 15 0.441731770833333 0.4765625 17.7920305640559 3 1 0 
1 750 10.4 15 0.477192540322581 0.4228515625 16.0678200646577 3 -1 0 
0 750 7.6 16 0.378216911764706 0.514973958333333 25.4000431315425 3 1 0 
1 760 10.4 15 0.440354567307692 0.4287109375 10.6435362816408 3 -1 0 
0 760 7.6 16 0.45234375 0.48671875 16.2991840855583 3 1 0 
1 770 10.4 15 0.511896306818182 0.4453125 8.52588273620915 3 -1 0 
0 770 7.6 16 0.466238839285714 0.44765625 3.20374239248366 3 1 0 
1 780 10.4 15 0.474175347222222 0.4375 19.566990470116 3 -1 0 
0 780 7.6 16 0.419270833333333 0.43359375 11.2629314238369 3 1 0 
1 790 10.4 15 0.430121527777778 0.4365234375 39.2291013082957 3 -1 0 
0 790 7.6 16 0.446614583333333 0.51484375 20.93601271573 3 1 0 
1 800 10.4 16 0.552989130434783 0.39453125 29.9210625928829 3 0 0 
0 800 7.6 16 0.481119791666667 0.48046875 26.9865699531821 3 0 0 
1 810 10.4 16 0.454927884615385 0.3427734375 29.7839457397557 3 0 0 
0 810 7.6 16 0.426875 0.465401785714286 26.2189404741675 3 0 0 
1 820 10.4 16 0.409375 0.4716796875 17.0446485675313 3 0 0 
0 820 7.6 16 0.479166666666667 0.4265625 30.6989010599384 3 0 0 
1 830 10.4 16 0.449797453703704 0.5185546875 9.17346425193057 3 0 0 
0 830 7.6 16 0.581620065789474 0.4625 32.5864238901911 3 0 0 
1 840 10.4 16 0.43828125 0.55859375 21.9400120158741 3 0 0 
0 840 7.6 16 0.507361778846154 0.453776041666667 21.9368924301514 3 0 0 
1 850 10.4 17 0.529651988636364 0.595703125 18.5134148887275 3 0 0 
0 850 7.6 17 0.567522321428571 0.375651041666667 33.919058809253 3 0 0 
1 860 10.4 17 0.53546875 0.5263671875 38.2982848219658 3 0 0 
0 860 7.6 17 0.7265625 0.350911458333333 39.3416315431591 3 0 0 
1 870 10.4 17 0.431344696969697 0.409375 40.5587653297859 3 0 0 
0 870 7.6 17 0.434645432692308 0.354817708333333 38.6205874297257 3 0 0 
1 880 10.4 17 0.448016826923077 0.4619140625 45.1941304521306 3 0 0 
0 880 7.6 17 0.459788602941177 0.315104166666667 9.02007319204199 3 0 0 
1 890 10.4 17 0.483258928571429 0.48046875 44.5199606313848 3 0 0 
0 890 7.6 17 0.418526785714286 0.330729166666667 7.45633859756161 3 0 0 
1 900 10.4 18 0.403483072916667 0.47265625 16.1148157901557 3 1 0 
0 900 7.6 17 0.424107142857143 0.31484375 4.03934198055776 3 -1 0 
1 910 10.4 18 0.42390625 0.569010416666667 6.3356471443254 3 0 0 
0 910 7.6 18 0.38134765625 0.416666666666667 17.558541196278 3 0 0 
1 920 10.4 18 0.440716911764706 0.47265625 2.44953975381939 3 0 0 
0 920 7.6 18 0.402994791666667 0.48359375 6.88954648062299 3 0 0 
1 930 10.4 18 0.437729779411765 0.43359375 7.92392584213458 3 0 0 
0 930 7.6 18 0.4013671875 0.406901041666667 17.8613629282833 3 0 0 
1 940 10.4 18 0.40421875 0.395833333333333 30.9984222890419 3 0 0 
0 940 7.6 18 0.395275297619048 0.440104166666667 10.732534010743 3 0 0 
1 950 10.4 18 0.470833333333333 0.390625 31.966331054474 3 0 0 
0 950 7.6 18 0.442228618421053 0.462890625 11.8506268747153 3 0 0 
1 960 10.4 18 0.438701923076923 0.38671875 35.1277377862272 3 0 0 
0 960 7.6 18 0.440378289473684 0.477864583333333 12.5948414088581 3 0 0 
1 970 10.4 18 0.462740384615385 0.3896484375 19.1804502842073 3 0 0 
0 970 7.6 18 0.406436011904762 0.526041666666667 23.9843501120259 3 0 0 
1 980 10.4 19 0.447975852272727 0.4248046875 9.23720725563627 3 1 0 
0 980 7.6 18 0.501420454545455 0.589192708333333 26.7054636026311 3 -1 0 
1 990 10.4 19 0.47705078125 0.4990234375 7.40745546960348 3 0 0 
0 990 7.6 19 0.4540625 0.618489583333333 58.6159996735028 3 0 0 
1 1000 10.4 19 0.558799342105263 0.2939453125 20.7754319393156 3 0 0 
0 1000 7.6 19 0.451822916666667 0.561941964285714 71.3841462936619 3 0 0 
1 1010 10.4 19 0.620689655172414 0.22265625 7.12935479647432 2 0 -1 
0 1010 7.6 19 0.6416015625 0.505859375 70.9177016846204 3 0 1 
1 1020 10.4 20 0.503597861842105 0.2705078125 14.6204203444075 2 1 -1 
0 1020 7.6 19 0.4318359375 0.4892578125 65.9030854503695 3 -1 1 
1 1030 10.4 20 0.503495065789474 0.42578125 50.4158945950649 2 0 -1 
0 1030 7.6 20 0.42578125 0.395833333333333 45.6227235828202 3 0 1 
1 1040 10.4 20 0.5421875 0.501953125 42.2889118572444 2 0 0 
0 1040 7.6 20 0.481889204545455 0.342447916666667 34.2491946829232 2 0 0 
1 1050 10.4 20 0.467867943548387 0.502604166666667 4.50191889948321 2 0 0 
0 1050 7.6 20 0.431175595238095 0.415364583333333 23.8863443233008 2 0 0 
1 1060 10.4 20 0.496233258928571 0.453125 2.7137129662504 2 0 0 
0 1060 7.6 20 0.399305555555556 0.462239583333333 33.5930621879056 2 0 0 
1 1070 10.4 20 0.554956896551724 0.3837890625 36.3552772515427 2 0 0 
0 1070 7.6 20 0.361328125 0.36484375 44.5568206210093 2 0 0 
1 1080 10.4 20 0.52734375 0.4296875 30.6190350240284 2 0 0 
0 1080 7.6 20 0.4228515625 0.3447265625 42.9676200201298 2 0 0 
1 1090 10.4 20 0.475360576923077 0.41796875 35.8685591567824 2 0 0 
0 1090 7.6 20 0.408380681818182 0.292317708333333 34.0963687246036 2 0 0 
1 1100 10.4 20 0.505792025862069 0.513671875 10.824602775701 2 0 0 
0 1100 7.6 20 0.4546875 0.34375 35.8471576987198 2 0 0 
1 1110 10.4 21 0.50390625 0.546875 21.6409733247625 2 1 0 
0 1110 7.6 20 0.42609375 0.3515625 31.4477897722527 2 -1 0 
1 1120 10.4 21 0.444227430555556 0.5634765625 28.8390867950547 2 1 0 
0 1120 7.6 20 0.484592013888889 0.352864583333333 26.9360366822945 2 -1 0 
1 1130 10.4 21 0.5025 0.607421875 18.4307082933259 2 1 0 
0 1130 7.6 20 0.531960227272727 0.30546875 6.62196836474486 2 -1 0 
1 1140 10.4 21 0.47170928030303 0.60546875 16.7402688182952 2 1 0 
0 1140 7.6 20 0.469692887931034 0.302734375 6.40032014449067 2 -1 0 
1 1150 10.4 21 0.5107421875 0.58203125 12.0162875124603 2 0 0 
0 1150 7.6 21 0.528262867647059 0.39921875 12.7650248864999 2 0 0 
1 1160 10.4 21 0.516015625 0.416015625 15.1316068409946 2 0 0 
0 1160 7.6 21 0.582194010416667 0.4640625 2.75467382589932 2 0 0 
1 1170 10.4 21 0.427662037037037 0.322265625 9.036211987212 2 0 0 
0 1170 7.6 21 0.462472098214286 0.5859375 5.07148589965517 2 0 0 
1 1180 10.4 21 0.435032894736842 0.328125 20.3851249513066 2 0 0 
0 1180 7.6 21 0.375217013888889 0.578125 3.16227766016838 2 0 0 
1 1190 10.4 21 0.487092391304348 0.375 25.474630274783 2 0 0 
0 1190 7.6 21 0.362847222222222 0.376953125 32.1767940355471 2 0 0 
1 1200 10.4 22 0.426033266129032 0.478515625 8.49388332913188 2 1 0 
0 1200 7.6 21 0.381747159090909 0.346875 20.5073849282534 2 -1 0 
1 1210 10.4 22 0.379427083333333 0.6455078125 4.51241563078088 2 1 0 
0 1210 7.6 21 0.431995738636364 0.29296875 17.2461135470045 2 -1 0 
1 1220 10.4 22 0.538225446428571 0.646484375 6.30644916402192 2 1 0 
0 1220 7.6 21 0.443933823529412 0.2796875 8.95802041256704 2 -1 0 
1 1230 10.4 22 0.615885416666667 0.71875 6.60137281413097 2 1 0 
0 1230 7.6 21 0.479817708333333 0.21484375 4.28974851675045 2 -1 0 
1 1240 10.4 22 0.5380859375 0.7578125 5.87189627130941 2 1 1 
0 1240 7.6 21 0.486083984375 0.1943359375 9.45305317278164 1 -1 -1 
1 1250 10.4 22 0.564630681818182 0.783854166666667 10.2958020775102 2 1 1 
0 1250 7.6 21 0.503069196428571 0.2275390625 10.5919780358091 1 -1 -1 
