1 30 6.8 1 NaN 0.158870967741935 2.49111624154295 3 0 0 
0 30 6.6 1 NaN 0.262096774193548 22.8461356938716 3 0 0 
1 40 6.8 1 NaN 0.242741935483871 21.9641195473181 3 0 0 
0 40 6.6 1 NaN 0.273185483870968 26.5070468201638 3 0 0 
1 50 6.8 1 0.370967741935484 0.318548387096774 27.5585704177766 3 0 0 
0 50 6.6 1 0.370967741935484 0.378024193548387 39.2441788332011 3 0 0 
1 60 6.8 1 0.368279569892473 0.431451612903226 35.6733551608634 3 0 0 
0 60 6.6 1 0.368279569892473 0.475806451612903 38.5243366245893 3 0 0 
1 70 6.8 1 0.379928315412186 0.45241935483871 29.629825135183 3 0 0 
0 70 6.6 1 0.388104838709677 0.479032258064516 32.845009092954 3 0 0 
1 80 6.8 1 0.4834229390681 0.471774193548387 30.3108533064838 3 0 0 
0 80 6.6 1 0.470491202346041 0.490322580645161 31.8337899655366 3 0 0 
1 90 6.8 1 0.387096774193548 0.475 30.3057863674827 3 0 0 
0 90 6.6 1 0.417143600416233 0.504032258064516 32.4505920071755 3 0 0 
1 100 6.8 1 0.374395161290323 0.44758064516129 30.507271601538 3 0 0 
0 100 6.6 1 0.385752688172043 0.501612903225806 33.4276507068742 3 0 0 
1 110 6.8 2 0.464112903225806 0.466935483870968 29.3092078770012 3 0 0 
0 110 6.6 2 0.479838709677419 0.481451612903226 31.6861081499073 3 0 0 
1 120 6.8 2 0.387717121588089 0.453225806451613 29.9857403290695 3 0 0 
0 120 6.6 2 0.412783751493429 0.507258064516129 31.7147248033004 3 0 0 
1 130 6.8 2 0.373185483870968 0.475806451612903 31.974853179689 3 0 0 
0 130 6.6 2 0.406907433380084 0.509072580645161 38.1688642301873 3 0 0 
1 140 6.8 2 0.466468590831919 0.453225806451613 29.308872734579 3 -1 0 
0 140 6.6 3 0.488671274961598 0.480846774193548 36.0593049991923 3 1 0 
1 150 6.8 3 0.385584677419355 0.433064516129032 27.4437413351439 3 0 0 
0 150 6.6 3 0.416017797552837 0.490322580645161 35.177470302445 3 0 0 
1 160 6.8 3 0.387646627565982 0.440322580645161 41.8066525988819 3 0 0 
0 160 6.6 3 0.381720430107527 0.491129032258064 21.4322953934036 3 0 0 
1 170 6.8 3 0.47913744740533 0.460483870967742 35.2282590725854 3 0 0 
0 170 6.6 3 0.480645161290323 0.504032258064516 3.95841373047652 3 0 0 
1 180 6.8 3 0.419516129032258 0.428225806451613 19.2057704708759 3 0 0 
0 180 6.6 3 0.388387096774194 0.513709677419355 5.84849784352115 3 0 0 
1 190 6.8 4 0.392180925666199 0.415322580645161 5.83985821676156 3 1 0 
0 190 6.6 3 0.399865591397849 0.510483870967742 8.09862988225264 3 -1 0 
1 200 6.8 4 0.463343108504399 0.458870967741935 7.63063478272078 3 0 0 
0 200 6.6 4 0.47758064516129 0.481451612903226 7.77493399738592 3 0 0 
1 210 6.8 4 0.420645161290323 0.439516129032258 5.39662327652359 3 0 0 
0 210 6.6 4 0.418444328824142 0.546370967741936 4.84405501627689 3 0 0 
1 220 6.8 5 0.380846774193548 0.446572580645161 3.98328356046235 3 1 0 
0 220 6.6 4 0.405913978494624 0.536290322580645 3 3 -1 0 
1 230 6.8 5 0.441650853889943 0.474798387096774 3.53305696140272 3 1 0 
0 230 6.6 4 0.47194950911641 0.133064516129032 0 3 -1 0 
1 240 6.8 5 0.405425219941349 0.407258064516129 36.0606267213309 3 1 0 
0 240 6.6 4 0.429291474654378 0.274193548387097 36.8408740395773 3 -1 0 
1 250 6.8 5 0.367996604414261 0.437903225806452 21.4776060120425 3 1 0 
0 250 6.6 4 0.408154121863799 0.338709677419355 34.2697055310399 3 -1 0 
1 260 6.8 5 0.441176470588235 0.474193548387097 7.72069516813717 3 0 0 
0 260 6.6 5 0.452332949308756 0.408064516129032 29.900371334747 3 0 0 
1 270 6.8 6 0.385920698924731 0.478225806451613 5.08544575160514 3 1 0 
0 270 6.6 5 0.444609507640068 0.475 8.52805423157532 3 -1 0 
1 280 6.8 6 0.368145161290323 0.424395161290323 7.48206911888131 3 1 0 
0 280 6.6 5 0.453763440860215 0.509677419354839 7.41598902386566 3 -1 0 
1 290 6.8 6 0.441397849462366 0.35383064516129 42.6569731600446 3 0 0 
0 290 6.6 6 0.499663978494624 0.492741935483871 8.88748904742835 3 0 0 
1 300 6.8 6 0.378864247311828 0.371774193548387 37.5280206933226 3 0 0 
0 300 6.6 6 0.439843068875327 0.441129032258065 4.68527378691666 3 0 0 
1 310 6.8 6 0.382056451612903 0.44758064516129 27.4052586731354 3 0 0 
0 310 6.6 6 0.415161290322581 0.458064516129032 24.9785777515525 3 0 0 
1 320 6.8 6 0.46914446002805 0.465322580645161 21.0814337238036 3 0 0 
0 320 6.6 6 0.46562980030722 0.462096774193548 24.1619523003654 3 0 0 
1 330 6.8 7 0.41439205955335 0.494354838709677 23.6376322289004 3 1 0 
0 330 6.6 6 0.396889400921659 0.474193548387097 22.9015052071363 3 -1 0 
1 340 6.8 7 0.402875175315568 0.480645161290323 25.0831562006661 3 1 0 
0 340 6.6 6 0.425403225806452 0.48991935483871 21.0566318309917 3 -1 0 
1 350 6.8 7 0.460573476702509 0.469354838709677 32.2516382841458 3 0 0 
0 350 6.6 7 0.470766129032258 0.517137096774194 25.9396151921014 3 0 0 
1 360 6.8 7 0.404142228739003 0.457258064516129 24.8667299489383 3 0 0 
0 360 6.6 7 0.410394265232975 0.435483870967742 42.9317817997414 3 0 0 
1 370 6.8 8 0.388849929873773 0.493548387096774 23.9098360091485 3 1 0 
0 370 6.6 7 0.404692082111437 0.445161290322581 34.0396088885767 3 -1 0 
1 380 6.8 8 0.467517921146953 0.468548387096774 21.5931571925249 3 1 0 
0 380 6.6 7 0.468413978494624 0.461021505376344 34.3453520425851 3 -1 0 
1 390 6.8 8 0.387264784946237 0.511290322580645 13.8907038226362 3 1 0 
0 390 6.6 7 0.430569556451613 0.458333333333333 39.3520308109037 3 -1 0 
1 400 6.8 9 0.38782991202346 0.478225806451613 16.8317101993032 3 1 0 
0 400 6.6 8 0.423555107526882 0.462365591397849 39.8718625187092 3 -1 0 
1 410 6.8 9 0.45794930875576 0.401612903225806 42.6579998717012 3 1 0 
0 410 6.6 8 0.504608294930876 0.39616935483871 38.8122726218634 3 -1 0 
1 420 6.8 9 0.401344086021505 0.429032258064516 23.7001349281432 3 1 0 
0 420 6.6 8 0.411098310291859 0.40625 18.0429210168034 3 -1 0 
1 430 6.8 9 0.396935483870968 0.465322580645161 9.659236543466 3 1 0 
0 430 6.6 8 0.384072580645161 0.473387096774194 15.8265223035473 3 -1 0 
1 440 6.8 9 0.46712158808933 0.453225806451613 5.91436972519222 3 1 0 
0 440 6.6 8 0.460960410557185 0.526612903225806 7.42554656081125 3 -1 0 
1 450 6.8 9 0.403616024973985 0.415322580645161 18.1457501026371 3 1 0 
0 450 6.6 8 0.403375149342891 0.534274193548387 7.29614182722952 3 -1 0 
1 460 6.8 9 0.411589008363202 0.366935483870968 39.1271387316018 3 1 0 
0 460 6.6 8 0.396557071960298 0.516129032258065 7.93235508590078 3 -1 0 
1 470 6.8 9 0.482825567502987 0.375 24.9114591828682 3 0 0 
0 470 6.6 9 0.469758064516129 0.514112903225806 3.23821827471938 3 0 0 
1 480 6.8 10 0.426724137931034 0.337903225806452 25.8557001068708 3 1 0 
0 480 6.6 9 0.431152927120669 0.413306451612903 34.9664155473337 3 -1 0 
1 490 6.8 10 0.376728110599078 0.428225806451613 23.5303209286029 3 1 0 
0 490 6.6 9 0.408938172043011 0.417338709677419 25.5440795488896 3 -1 0 
1 500 6.8 11 0.455309139784946 0.516935483870968 14.9022290145259 3 2 0 
0 500 6.6 9 0.439361042183623 NaN NaN 3 -2 0 
1 510 6.8 11 0.391654978962132 0.466129032258065 3.99640986918452 3 2 0 
0 510 6.6 9 0.431729699666296 0.157258064516129 0 3 -2 0 
1 520 6.8 11 0.368279569892473 0.507258064516129 2.61677708673912 3 2 0 
0 520 6.6 9 0.407834101382488 0.229838709677419 12.6846846559201 3 -2 0 
1 530 6.8 11 0.445645161290323 0.487903225806452 7.10631205659877 3 2 0 
0 530 6.6 9 0.445483870967742 0.255040322580645 19.8643520564039 3 -2 0 
1 540 6.8 11 0.433467741935484 0.524193548387097 19.9973190872854 3 2 0 
0 540 6.6 9 0.397022332506203 0.389516129032258 14.1957685167425 3 -2 0 
1 550 6.8 12 0.449131513647643 0.533870967741936 23.2378873261724 3 3 0 
0 550 6.6 9 0.384250474383302 0.425806451612903 9.22738033967481 3 -3 0 
1 560 6.8 12 0.506720430107527 0.546774193548387 21.821541843934 3 3 0 
0 560 6.6 9 0.422811059907834 0.432258064516129 8.84673873002224 3 -3 0 
1 570 6.8 12 0.46236559139785 0.488709677419355 22.6484416985846 3 3 0 
0 570 6.6 9 0.367439516129032 0.516935483870968 5.06025012096295 3 -3 0 
1 580 6.8 12 0.434553349875931 0.479032258064516 17.9301549375469 3 2 0 
0 580 6.6 10 0.379032258064516 0.463709677419355 21.2563137071768 3 -2 0 
1 590 6.8 12 0.502903225806452 0.50241935483871 16.2336104327305 3 2 0 
0 590 6.6 10 0.431451612903226 0.462903225806452 35.737894997043 3 -2 0 
1 600 6.8 12 0.384642356241234 0.504032258064516 18.6579309832609 3 2 0 
0 600 6.6 10 0.420161290322581 0.440322580645161 38.1382377223855 3 -2 0 
1 610 6.8 12 0.421082949308756 0.445967741935484 32.1866839537012 3 1 0 
0 610 6.6 11 0.392531556802244 0.510483870967742 33.1703185418997 3 -1 0 
1 620 6.8 13 0.468453510436433 0.433870967741935 42.7415889051403 3 2 0 
0 620 6.6 11 0.459677419354839 0.542338709677419 3.80640131273936 3 -2 0 
1 630 6.8 13 0.425403225806452 0.444354838709677 45.7374890313826 3 2 0 
0 630 6.6 11 0.396091811414392 0.579637096774194 3.94846469661983 3 -2 0 
1 640 6.8 13 0.420698924731183 0.471774193548387 42.9533895073796 3 2 0 
0 640 6.6 11 0.383640552995392 0.568548387096774 3.52610991275662 3 -2 0 
1 650 6.8 13 0.466173835125448 0.37741935483871 56.2605475009965 3 2 0 
0 650 6.6 11 0.411482334869432 0.44758064516129 35.0283771774401 3 -2 0 
1 660 6.8 13 0.439784946236559 0.440322580645161 45.594729176718 3 2 0 
0 660 6.6 11 0.409838709677419 0.475 29.4712589950648 3 -2 0 
1 670 6.8 14 0.387600806451613 0.467741935483871 44.1429050306213 3 3 0 
0 670 6.6 11 0.385967741935484 0.504032258064516 40.1198178372992 3 -3 0 
1 680 6.8 14 0.464381720430108 0.475806451612903 32.9533069320434 3 3 0 
0 680 6.6 11 0.426373954599761 0.465725806451613 18.4099713488127 3 -3 0 
1 690 6.8 14 0.37591642228739 0.481451612903226 19.6037039947428 3 2 0 
0 690 6.6 12 0.450312174817898 0.457661290322581 7.36390990951953 3 -2 0 
1 700 6.8 14 0.372617302052786 0.514516129032258 6.02762246840725 3 2 0 
0 700 6.6 12 0.424007444168735 0.399193548387097 30.3409708154179 3 -2 0 
1 710 6.8 14 0.447196620583717 0.524193548387097 10.2915726934442 3 2 0 
0 710 6.6 12 0.450716845878136 0.408870967741935 10.582069975051 3 -2 0 
1 720 6.8 14 0.395459976105137 0.497311827956989 5.81066365333389 3 2 0 
0 720 6.6 12 0.4375 0.466935483870968 6.25577389320496 3 -2 0 
1 730 6.8 14 0.384744623655914 0.442204301075269 9.66881694790101 3 2 0 
0 730 6.6 12 0.431595622119816 0.510483870967742 7.08495995175555 3 -2 0 
1 740 6.8 14 0.455846774193548 0.373655913978495 15.3865222383911 3 1 0 
0 740 6.6 13 0.486055107526882 0.533064516129032 8.46497257133889 3 -1 0 
1 750 6.8 14 0.381404174573055 0.34005376344086 20.5088446951283 3 1 0 
0 750 6.6 13 0.446650124069479 0.518548387096774 5.95113587464487 3 -1 0 
1 760 6.8 14 0.368279569892473 0.333870967741935 31.2482975078705 3 1 0 
0 760 6.6 13 0.466820276497696 0.517741935483871 7.51424430354057 3 -1 0 
1 770 6.8 14 0.424235993208829 0.370161290322581 31.8328196611101 3 1 0 
0 770 6.6 13 0.546984572230014 0.507258064516129 6.4760273094022 3 -1 0 
1 780 6.8 15 0.395635673624288 0.377016129032258 29.577853358192 3 2 0 
0 780 6.6 13 0.457206035379813 0.570967741935484 6.07937792682267 3 -2 0 
1 790 6.8 15 0.39616935483871 0.366935483870968 32.1765814047952 3 1 0 
0 790 6.6 14 0.423036465638149 0.649193548387097 9.09847976992454 3 -1 0 
1 800 6.8 15 0.445084485407066 0.300403225806452 31.9083842891468 3 1 0 
0 800 6.6 14 0.550084889643464 0.680645161290323 4.58522254566804 3 -1 0 
1 810 6.8 15 0.425179211469534 0.248991935483871 18.7838797254818 3 1 0 
0 810 6.6 14 0.465994623655914 0.70241935483871 7.23129246974617 3 -1 0 
1 820 6.8 15 0.45946519524618 0.270161290322581 20.0780986139106 3 1 0 
0 820 6.6 14 0.457287933094385 0.633870967741935 18.6501536403208 3 -1 0 
1 830 6.8 15 0.481536502546689 0.321774193548387 14.6839153276319 3 1 0 
0 830 6.6 14 0.503780241935484 0.524193548387097 16.177155709773 3 -1 0 
1 840 6.8 15 0.431739631336406 0.390322580645161 22.2240456968307 3 1 0 
0 840 6.6 14 0.454133064516129 0.366129032258065 11.409359956408 3 -1 0 
1 850 6.8 16 0.406081989247312 0.437096774193548 29.1750369555047 3 2 0 
0 850 6.6 14 0.390029325513196 0.380645161290323 21.3082052203223 3 -2 0 
1 860 6.8 16 0.48045905707196 0.495967741935484 23.7077005263545 3 1 0 
0 860 6.6 15 0.463709677419355 0.389516129032258 17.5035541671322 3 -1 0 
1 870 6.8 16 0.419239631336406 0.54758064516129 20.3533118573401 3 1 0 
0 870 6.6 15 0.395362903225806 0.398387096774194 21.4080014985141 3 -1 0 
1 880 6.8 16 0.425558312655087 0.529032258064516 18.1074932125373 3 1 0 
0 880 6.6 15 0.367831541218638 0.386290322580645 16.2103360694534 3 -1 0 
1 890 6.8 16 0.509408602150538 0.495967741935484 17.7005942554417 3 1 0 
0 890 6.6 15 0.430977229601518 0.404838709677419 25.1999008771218 3 -1 0 
1 900 6.8 16 0.480558755760369 0.539314516129032 21.6444963101959 3 1 0 
0 900 6.6 15 0.424923195084485 0.414516129032258 9.80406954985157 3 -1 0 
1 910 6.8 16 0.390725806451613 0.514784946236559 22.093913232328 3 0 0 
0 910 6.6 16 0.431606699751861 0.370161290322581 15.3591719036071 3 0 0 
1 920 6.8 16 0.440524193548387 0.442204301075269 20.8335561417489 3 0 0 
0 920 6.6 16 0.450268817204301 0.391935483870968 26.216349087164 3 0 0 
1 930 6.8 16 0.44758064516129 0.450268817204301 20.1837118176706 3 0 0 
0 930 6.6 16 0.445228494623656 0.482258064516129 10.5842797719781 3 0 0 
1 940 6.8 16 0.373339658444023 0.328629032258065 17.3219326822819 3 0 0 
0 940 6.6 16 0.406874039938556 0.526612903225806 11.1887734479101 3 0 0 
1 950 6.8 16 0.359604105571848 0.392137096774194 26.8954684718345 3 0 0 
0 950 6.6 16 0.462269585253456 0.509677419354839 6.65788753879859 3 0 0 
1 960 6.8 17 0.4176944971537 0.324596774193548 31.8087376892769 3 1 0 
0 960 6.6 16 0.445619006102877 0.520161290322581 6.40894122886476 3 -1 0 
1 970 6.8 17 0.364247311827957 0.398185483870968 17.9113790172377 3 1 0 
0 970 6.6 16 0.38049853372434 0.53125 8.57926361126106 3 -1 0 
1 980 6.8 17 0.406362007168459 0.438508064516129 5.15944801834844 3 1 0 
0 980 6.6 16 0.462845622119816 0.518145161290323 5.59572350931044 3 -1 0 
1 990 6.8 17 0.395929339477727 0.480846774193548 3.21304721965514 3 1 0 
0 990 6.6 16 0.448084677419355 0.487903225806452 0 3 -1 0 
1 1000 6.8 18 0.370967741935484 0.523185483870968 12.1240773166236 3 2 0 
0 1000 6.6 16 0.455533154121864 0.133064516129032 0 3 -2 0 
1 1010 6.8 18 0.440636200716846 0.504032258064516 11.8571942973661 3 2 0 
0 1010 6.6 16 0.538367546432063 0.193548387096774 0 3 -2 0 
1 1020 6.8 18 0.392204301075269 0.423387096774194 31.7963828468642 3 2 0 
0 1020 6.6 16 0.496482498284145 0.508064516129032 0 3 -2 0 
1 1030 6.8 18 0.403673835125448 0.462903225806452 24.8220617491644 3 2 0 
0 1030 6.6 16 0.481499051233397 NaN NaN 3 -2 0 
1 1040 6.8 18 0.429753820033956 0.45 28.1131335208174 3 1 0 
0 1040 6.6 17 0.575778642936596 0.138440860215054 8.34107176170362 3 -1 0 
1 1050 6.8 18 0.434060721062619 0.5 30.8922355441827 3 1 0 
0 1050 6.6 17 0.483294930875576 0.288306451612903 19.7620585377678 3 -1 0 
1 1060 6.8 19 0.457903225806452 0.549193548387097 37.8551908646701 3 2 0 
0 1060 6.6 17 0.437752016129032 0.363911290322581 3.597069698004 3 -2 0 
1 1070 6.8 19 0.544354838709677 0.539314516129032 34.9757285321004 3 2 0 
0 1070 6.6 17 0.456451612903226 0.329032258064516 27.5602833840129 3 -2 0 
1 1080 6.8 19 0.471774193548387 0.559475806451613 33.93268914936 3 2 0 
0 1080 6.6 17 0.359604105571848 0.355645161290323 16.9409489587712 3 -2 0 
1 1090 6.8 19 0.470046082949309 0.553427419354839 37.4272542378576 3 2 0 
0 1090 6.6 17 0.386693548387097 0.379032258064516 10.8530149216654 3 -2 0 
1 1100 6.8 19 0.526674937965261 0.548387096774194 35.8777263195803 3 2 0 
0 1100 6.6 17 0.3915770609319 0.405645161290323 9.06807586469436 3 -2 0 
1 1110 6.8 19 0.476926523297491 0.612903225806452 37.6278742270084 3 2 0 
0 1110 6.6 17 0.376120071684588 0.375 18.5221138279748 3 -2 0 
1 1120 6.8 20 0.448924731182796 0.640120967741936 29.0648607541601 3 2 0 
0 1120 6.6 18 0.387096774193548 0.341397849462366 21.9936479539392 3 -2 0 
1 1130 6.8 20 0.524193548387097 0.467741935483871 43.2258373623666 3 2 0 
0 1130 6.6 18 0.411559139784946 0.387096774193548 17.6181465243275 3 -2 0 
1 1140 6.8 20 0.476366487455197 0.404032258064516 27.978230384227 3 2 0 
0 1140 6.6 18 0.356854838709677 0.438172043010753 27.5330222513672 3 -2 0 
1 1150 6.8 20 0.490423387096774 0.509677419354839 18.7793200377137 3 2 0 
0 1150 6.6 18 0.37258064516129 0.36491935483871 3.64005494464026 3 -2 0 
1 1160 6.8 20 0.629558204768583 0.578225806451613 24.1067471589863 3 2 0 
0 1160 6.6 18 0.376344086021505 0.346774193548387 1.4142135623731 3 -2 0 
1 1170 6.8 20 0.520273297491039 0.566129032258065 25.4783983828767 3 2 0 
0 1170 6.6 18 0.296146953405018 0.236559139784946 20.0494606868962 3 -2 0 
1 1180 6.8 20 0.423225806451613 0.537903225806452 36.277496831378 3 2 0 
0 1180 6.6 18 0.344639468690702 0.283266129032258 27.9965915411794 3 -2 0 
1 1190 6.8 20 0.418988269794721 0.509677419354839 42.5001140376923 3 2 0 
0 1190 6.6 18 0.354601518026565 0.345766129032258 13.35142118646 3 -2 0 
1 1200 6.8 20 0.46311669829222 0.471774193548387 38.8401835909393 3 2 0 
0 1200 6.6 18 0.38741935483871 0.410483870967742 33.9957130958662 3 -2 0 
1 1210 6.8 20 0.42741935483871 0.463709677419355 34.4454275151446 3 2 0 
0 1210 6.6 18 0.375192012288786 0.470967741935484 27.4397208147297 3 -2 0 
1 1220 6.8 21 0.568548387096774 0.483064516129032 14.7696196941661 3 3 0 
0 1220 6.6 18 0.392025089605735 0.428427419354839 11.3709838504191 3 -3 0 
1 1230 6.8 21 0.480938416422287 0.503225806451613 8.96285996186144 3 3 0 
0 1230 6.6 18 0.371774193548387 0.469086021505376 10.5562583639385 3 -3 0 
1 1240 6.8 21 0.462449596774194 0.520161290322581 9.73880596084375 3 3 0 
0 1240 6.6 18 0.374495967741936 NaN NaN 3 -3 0 
1 1250 6.8 21 0.576108870967742 0.515322580645161 5.45050476104704 3 3 0 
0 1250 6.6 18 0.422782258064516 NaN NaN 3 -3 0 
1 1260 6.8 21 0.478110599078341 0.545967741935484 20.1919610280295 3 2 0 
0 1260 6.6 19 0.350050403225806 NaN NaN 3 -2 0 
1 1270 6.8 21 0.510902031063321 0.621774193548387 29.7554965391963 3 2 0 
0 1270 6.6 19 0.384216589861751 NaN NaN 3 -2 0 
1 1280 6.8 22 0.597629521016618 0.712096774193548 19.4686878250925 3 3 0 
0 1280 6.6 19 0.401985111662531 0.125 0 3 -3 0 
1 1290 6.8 22 0.56676944971537 0.754032258064516 10.5830792631273 3 3 1 
0 1290 6.6 19 0.396421370967742 0.15994623655914 9.22033266337044 2 -3 -1 
1 1300 6.8 22 0.600169779286927 0.756451612903226 7.80433855669169 3 3 2 
0 1300 6.6 19 0.427195340501792 0.166935483870968 9.94676058661635 1 -3 -2 
1 1310 6.8 22 0.65076164874552 0.816935483870968 8.41971504131689 3 3 2 
0 1310 6.6 19 0.425537634408602 0.148387096774194 5.76251667842674 1 -3 -2 
1 1320 6.8 22 0.758870967741935 0.82258064516129 10.0518999443208 3 3 2 
0 1320 6.6 19 0.454301075268817 0.15 7.47158981711477 1 -3 -2 
1 1330 6.8 22 NaN NaN NaN 3 3 2 
0 1330 6.6 19 NaN NaN NaN 1 -3 -2 
