1 30 7.2 1 NaN 0.280645161290323 14.9668573726652 3 0 0 
0 30 10.2 1 NaN 0.328629032258065 28.3914262134065 3 0 0 
1 40 7.2 1 NaN 0.299193548387097 19.2186191588525 3 0 0 
0 40 10.2 1 NaN 0.391935483870968 27.3684264805838 3 0 0 
1 50 7.2 1 0.380645161290323 0.333870967741936 21.8611360738197 3 0 0 
0 50 10.2 1 0.381048387096774 0.40241935483871 21.0840006654196 3 0 0 
1 60 7.2 1 0.383064516129032 0.471774193548387 28.3049160023069 3 0 0 
0 60 10.2 1 0.383064516129032 0.45866935483871 26.4836327893633 3 0 0 
1 70 7.2 1 0.407459677419355 0.479032258064516 26.6498935208304 3 0 0 
0 70 10.2 1 0.40994623655914 0.485887096774194 22.2824638725775 3 0 0 
1 80 7.2 1 0.471590909090909 0.476612903225806 25.192775719065 3 0 0 
0 80 10.2 1 0.467040673211781 0.458064516129032 21.5697390395241 3 0 0 
1 90 7.2 1 0.412933094384707 0.486895161290323 25.4607221051097 3 0 0 
0 90 10.2 1 0.417825361512792 0.487903225806452 26.7587068628333 3 0 0 
1 100 7.2 1 0.411107038123167 0.408064516129032 36.3720987890104 3 0 0 
0 100 10.2 1 0.43111559139785 0.459677419354839 23.7458414559132 3 0 0 
1 110 7.2 2 0.47883064516129 0.479032258064516 21.2887179650111 3 0 0 
0 110 10.2 2 0.467586848635236 0.407258064516129 37.7014228490422 3 0 0 
1 120 7.2 2 0.412037037037037 0.469354838709677 23.2747047229886 3 0 0 
0 120 10.2 2 0.415034562211982 0.459677419354839 25.7585366882654 3 0 0 
1 130 7.2 2 0.417601683029453 0.470766129032258 16.9389788644322 3 0 0 
0 130 10.2 2 0.409677419354839 0.461290322580645 23.3049195273429 3 0 0 
1 140 7.2 3 0.476935483870968 0.424193548387097 32.3233848000795 3 0 0 
0 140 10.2 3 0.468548387096774 0.467741935483871 20.962686147761 3 0 0 
1 150 7.2 3 0.415610599078341 0.41633064516129 35.0381043658385 3 0 0 
0 150 10.2 3 0.414026497695853 0.47741935483871 23.5457069226082 3 0 0 
1 160 7.2 3 0.421901528013582 0.469758064516129 25.3727733889223 3 0 0 
0 160 10.2 3 0.421034946236559 0.482258064516129 26.2410283933264 3 0 0 
1 170 7.2 3 0.47913744740533 0.444354838709677 37.6187041654062 3 -1 0 
0 170 10.2 4 0.460282258064516 0.465322580645161 16.1333334978232 3 1 0 
1 180 7.2 4 0.419653524492234 0.454838709677419 27.112410051621 3 0 0 
0 180 10.2 4 0.409274193548387 0.466129032258065 12.8398824597869 3 0 0 
1 190 7.2 4 0.414554531490015 0.49758064516129 23.282599670686 3 0 0 
0 190 10.2 4 0.403993855606759 0.462903225806452 21.7503759620202 3 0 0 
1 200 7.2 4 0.46875 0.485483870967742 13.252942127399 3 -1 0 
0 200 10.2 5 0.460483870967742 0.481451612903226 24.6525993015941 3 1 0 
1 210 7.2 4 0.410204714640198 0.483064516129032 18.3411183294343 3 -1 0 
0 210 10.2 5 0.425889877641824 0.486290322580645 26.1609059856992 3 1 0 
1 220 7.2 5 0.405846774193548 0.467741935483871 25.0263172711799 3 0 0 
0 220 10.2 5 0.432987711213518 0.474193548387097 20.2892062189177 3 0 0 
1 230 7.2 5 0.476814516129032 0.475806451612903 16.1545390410811 3 -1 0 
0 230 10.2 6 0.462557603686636 0.478225806451613 21.0068970580784 3 1 0 
1 240 7.2 5 0.38782991202346 0.471774193548387 14.1639549486006 3 -1 0 
0 240 10.2 6 0.404354838709677 0.476612903225806 17.7929728156287 3 1 0 
1 250 7.2 5 0.408467741935484 0.420967741935484 30.026319860226 3 -1 0 
0 250 10.2 6 0.429523141654979 0.476612903225806 19.1081452424381 3 1 0 
1 260 7.2 6 0.474929873772791 0.446774193548387 23.7721373080477 3 0 0 
0 260 10.2 6 0.46265778401122 0.473387096774194 24.0094706677371 3 0 0 
1 270 7.2 6 0.409274193548387 0.495967741935484 16.9196099277523 3 0 0 
0 270 10.2 6 0.423387096774194 0.432258064516129 27.0074845017027 3 0 0 
1 280 7.2 6 0.39336917562724 0.465322580645161 23.1848961514445 3 0 0 
0 280 10.2 6 0.445126227208976 0.423387096774194 32.8504517605462 3 0 0 
1 290 7.2 6 0.446339950372208 0.466129032258065 24.3606959191446 3 0 0 
0 290 10.2 6 0.475268817204301 0.476612903225806 22.8420289457707 3 0 0 
1 300 7.2 6 0.386546920821114 0.437096774193548 29.5270071616534 3 -1 0 
0 300 10.2 7 0.436995967741936 0.516129032258065 27.0737717906734 3 1 0 
1 310 7.2 6 0.383512544802867 0.448387096774194 33.2083042341747 3 -1 0 
0 310 10.2 7 0.494571960297767 0.487903225806452 23.0778743553658 3 1 0 
1 320 7.2 6 0.436544991511036 0.351814516129032 36.8127186973562 3 -1 0 
0 320 10.2 7 0.471428571428571 0.503225806451613 28.666398349525 3 1 0 
1 330 7.2 7 0.395161290322581 0.350806451612903 11.7842058399551 3 -1 0 
0 330 10.2 8 0.445499479708637 0.534677419354839 23.6779809464537 3 1 0 
1 340 7.2 7 0.405376344086022 0.345766129032258 23.7213461307042 3 -1 0 
0 340 10.2 8 0.517771804062127 0.528225806451613 23.6110810797177 3 1 0 
1 350 7.2 7 0.444220430107527 0.335483870967742 25.6796850593319 3 -1 0 
0 350 10.2 8 0.527180406212664 0.515322580645161 25.1611085269539 3 1 0 
1 360 7.2 7 0.387280058651026 0.385483870967742 20.6407458420434 3 -1 0 
0 360 10.2 8 0.454532814238042 0.493548387096774 25.1089098093968 3 1 0 
1 370 7.2 7 0.397625448028674 0.416935483870968 13.5351320024165 3 -2 0 
0 370 10.2 9 0.426367461430575 0.491935483870968 25.3768139437771 3 2 0 
1 380 7.2 7 0.448732718894009 0.458064516129032 14.1262719302536 3 -2 0 
0 380 10.2 9 0.462468982630273 0.407258064516129 36.9634177992285 3 2 0 
1 390 7.2 8 0.399865591397849 0.483064516129032 11.9872211337103 3 -1 0 
0 390 10.2 9 0.425691244239631 0.465322580645161 19.7366422943481 3 1 0 
1 400 7.2 8 0.414170506912442 0.508064516129032 13.6982707470914 3 -1 0 
0 400 10.2 9 0.426459293394777 0.440322580645161 14.6432038573109 3 1 0 
1 410 7.2 8 0.474957555178268 0.494959677419355 5.34957499106666 3 -1 0 
0 410 10.2 9 0.474846390168971 0.468548387096774 19.5966733237365 3 1 0 
1 420 7.2 8 0.393878299120235 0.505040322580645 2.7221362898514 3 -2 0 
0 420 10.2 10 0.435483870967742 0.469354838709677 26.5432884479007 3 2 0 
1 430 7.2 8 0.383064516129032 0.494959677419355 2.98724804114125 3 -2 0 
0 430 10.2 10 0.40994623655914 0.5 17.3107468983205 3 2 0 
1 440 7.2 8 0.456451612903226 0.30241935483871 43.2897216438267 3 -2 0 
0 440 10.2 10 0.464586255259467 0.488709677419355 8.27933195466939 3 2 0 
1 450 7.2 8 0.399018232819074 0.360887096774194 14.2302494707577 3 -2 0 
0 450 10.2 10 0.425 0.55241935483871 4.81959435768406 3 2 0 
1 460 7.2 8 0.393511730205279 0.30241935483871 19.4551813009019 3 -3 0 
0 460 10.2 11 0.467258064516129 0.522177419354839 22.0431244473909 3 3 0 
1 470 7.2 8 0.429183467741936 0.369354838709677 35.9126488465965 3 -3 0 
0 470 10.2 11 0.484083191850594 0.537298387096774 27.2233396541985 3 3 0 
1 480 7.2 9 0.397681451612903 0.433064516129032 16.0696404526962 3 -2 0 
0 480 10.2 11 0.454814990512334 0.501008064516129 26.513141501386 3 2 0 
1 490 7.2 9 0.429637096774194 0.528225806451613 2.93438558888217 3 -2 0 
0 490 10.2 11 0.418010752688172 0.398185483870968 36.4551609839229 3 2 0 
1 500 7.2 9 0.445060483870968 0.534677419354839 4.10801988070411 3 -2 0 
0 500 10.2 11 0.554659498207885 0.474798387096774 21.5677329710903 3 2 0 
1 510 7.2 9 0.38328853046595 0.532258064516129 11.8825741152537 3 -2 0 
0 510 10.2 11 0.478452620967742 0.453629032258065 26.4136997526725 3 2 0 
1 520 7.2 9 0.403700189753321 0.543548387096774 19.0135523073631 3 -3 0 
0 520 10.2 12 0.467741935483871 0.477822580645161 27.4784683370916 3 3 0 
1 530 7.2 10 0.452060931899642 0.480645161290323 14.3971039337575 3 -2 0 
0 530 10.2 12 0.529516129032258 0.415322580645161 52.5237622471787 3 2 0 
1 540 7.2 10 0.361335125448029 0.486290322580645 15.0588873107376 3 -2 0 
0 540 10.2 12 0.486189516129032 0.380645161290323 29.0239792993234 3 2 0 
1 550 7.2 10 0.448313782991202 0.479838709677419 16.446098843291 3 -2 0 
0 550 10.2 12 0.487007168458781 0.41633064516129 16.9799942141917 3 2 0 
1 560 7.2 10 0.450172811059908 0.404569892473118 17.4298485971051 3 -3 0 
0 560 10.2 13 0.532568238213399 0.506048387096774 6.00126613172113 3 3 0 
1 570 7.2 10 0.348790322580645 0.34005376344086 17.0565907796379 3 -3 0 
0 570 10.2 13 0.488029233870968 0.536290322580645 9.98686797590207 3 3 0 
1 580 7.2 10 0.361021505376344 0.26747311827957 25.6721447800661 3 -3 0 
0 580 10.2 13 0.503024193548387 0.507056451612903 7.23688687475199 3 3 0 
1 590 7.2 10 0.34929435483871 0.271774193548387 34.9963349776224 3 -3 0 
0 590 10.2 13 0.584677419354839 0.546370967741936 15.9662379965299 3 3 0 
1 600 7.2 11 0.350302419354839 0.333064516129032 17.6172570791188 3 -2 0 
0 600 10.2 13 0.503472222222222 0.582661290322581 10.8996608238734 3 2 0 
1 610 7.2 11 0.36581541218638 0.393145161290323 18.1134285025334 3 -2 0 
0 610 10.2 13 0.440799120234604 0.559475806451613 3.14968187017064 3 2 0 
1 620 7.2 11 0.384408602150538 0.388440860215054 20.4121079438827 3 -3 0 
0 620 10.2 14 0.452346041055719 0.55241935483871 6.3972912807444 3 3 0 
1 630 7.2 11 0.376440092165899 0.34005376344086 7.97820445052106 3 -3 0 
0 630 10.2 14 0.486954459203036 0.622983870967742 5.48643417478013 3 3 0 
1 640 7.2 11 0.383832565284178 0.314516129032258 27.7123132774352 3 -3 0 
0 640 10.2 14 0.453445747800587 0.532258064516129 3.84976894985572 3 3 0 
1 650 7.2 11 0.394009216589862 0.387096774193548 20.8145022599234 3 -3 0 
0 650 10.2 14 0.481182795698925 0.348118279569892 43.1146154311827 3 3 0 
1 660 7.2 12 0.393511730205279 0.4 17.836138982477 3 -2 0 
0 660 10.2 14 0.466445852534562 0.404569892473118 9.70949834761961 3 2 0 
1 670 7.2 12 0.39889486260454 0.416129032258064 18.2135326551116 3 -2 0 
0 670 10.2 14 0.443022440392707 0.445564516129032 7.88520792348967 3 2 0 
1 680 7.2 12 0.433089717741936 0.446572580645161 11.5341404378881 3 -2 0 
0 680 10.2 14 0.478372434017595 0.454032258064516 31.7055647550785 3 2 0 
1 690 7.2 12 0.419681778552746 0.434475806451613 14.0361090870572 3 -2 0 
0 690 10.2 14 0.432627688172043 0.470766129032258 28.1979421781397 3 2 0 
1 700 7.2 12 0.46060794044665 0.493279569892473 15.2239319533307 3 -3 0 
0 700 10.2 15 0.399193548387097 0.467741935483871 17.6494613661989 3 3 0 
1 710 7.2 13 0.476501668520578 0.426411290322581 37.4935834838195 3 -2 0 
0 710 10.2 15 0.436724565756824 0.42741935483871 20.7183493551007 3 2 0 
1 720 7.2 13 0.443112467306016 0.365591397849462 35.4099065732662 3 -2 0 
0 720 10.2 15 0.399697580645161 0.441532258064516 19.9123077517399 3 2 0 
1 730 7.2 13 0.444328824141519 0.402217741935484 15.2850361509727 3 -2 0 
0 730 10.2 15 0.383064516129032 0.463709677419355 14.8070928949608 3 2 0 
1 740 7.2 13 0.496471774193548 0.477822580645161 19.6417409189492 3 -2 0 
0 740 10.2 15 0.453797043010753 0.325268817204301 31.1492818413641 3 2 0 
1 750 7.2 13 0.457787298387097 0.441129032258065 35.991666554842 3 -2 0 
0 750 10.2 15 0.396290322580645 0.3125 41.2918036077759 3 2 0 
1 760 7.2 13 0.42741935483871 0.418548387096774 25.0286192991805 3 -2 0 
0 760 10.2 15 0.412573313782991 0.375 24.9335797957179 3 2 0 
1 770 7.2 14 0.480040322580645 0.488709677419355 13.8636315907978 3 -2 0 
0 770 10.2 16 0.457661290322581 0.45241935483871 14.6216264102601 3 2 0 
1 780 7.2 14 0.42741935483871 0.504032258064516 14.4288234452764 3 -2 0 
0 780 10.2 16 0.41690668202765 0.464516129032258 21.4982368009799 3 2 0 
1 790 7.2 14 0.398809523809524 0.51747311827957 15.9266625228564 3 -2 0 
0 790 10.2 16 0.424193548387097 0.45866935483871 16.3973058528612 3 2 0 
1 800 7.2 14 0.440577249575552 0.487903225806452 22.5 3 -2 0 
0 800 10.2 16 0.527721774193548 0.504032258064516 8.73797543483118 3 2 0 
1 810 7.2 14 0.386760752688172 0.219086021505376 29.4787444402865 3 -2 0 
0 810 10.2 16 0.492291271347249 0.540322580645161 9.11111111111111 3 2 0 
1 820 7.2 14 0.376728110599078 0.291666666666667 25.7469987341663 3 -2 0 
0 820 10.2 16 0.523790322580645 0.581989247311828 31.3856068014375 3 2 0 
1 830 7.2 14 0.387903225806452 0.234677419354839 21.7746271401067 3 -3 0 
0 830 10.2 17 0.570712037765539 0.651881720430108 32.6820539654596 3 3 0 
1 840 7.2 15 0.299573055028463 0.259677419354839 19.7222159121388 3 -2 0 
0 840 10.2 17 0.532616487455197 0.556451612903226 47.4109682353064 3 2 0 
1 850 7.2 15 0.294354838709677 0.283064516129032 11.0986936312113 3 -2 0 
0 850 10.2 17 0.606699751861042 0.579032258064516 35.7769413535827 3 2 0 
1 860 7.2 15 NaN 0.311290322580645 10.9884936632857 3 -2 0 
0 860 10.2 17 0.599615102639296 0.592741935483871 19.6567604158253 3 2 0 
1 870 7.2 15 0.299507168458781 0.35241935483871 11.6552574274366 3 -2 0 
0 870 10.2 17 0.532930107526882 0.56989247311828 12.8291150634707 3 2 0 
1 880 7.2 15 0.372983870967742 0.379032258064516 14.9801729579916 3 -2 0 
0 880 10.2 17 0.567828341013825 0.549731182795699 11.6719798290804 3 2 0 
1 890 7.2 15 0.374423963133641 0.387096774193548 19.3157978652811 3 -2 0 
0 890 10.2 17 0.600657108721625 0.501344086021505 7.79400172778061 3 2 0 
1 900 7.2 16 0.360153958944281 0.328629032258065 38.5109967793563 3 -2 0 
0 900 10.2 18 0.505340017436792 0.536290322580645 3 3 2 0 
1 910 7.2 16 0.398297491039427 0.276881720430108 39.6094751929304 3 -2 0 
0 910 10.2 18 0.460685483870968 0.548387096774194 5 3 2 0 
1 920 7.2 16 0.451979472140762 0.284274193548387 18.3371208208922 3 -2 0 
0 920 10.2 18 0.535215053763441 0.413978494623656 47.3149379271001 3 2 0 
1 930 7.2 16 0.376051893408135 0.326612903225806 5.09901951359278 3 -2 0 
0 930 10.2 18 0.505839822024472 0.465725806451613 32.1175941303824 3 2 0 
1 940 7.2 16 0.375474383301708 0.324596774193548 6.02079728939615 3 -2 0 
0 940 10.2 18 0.518817204301075 0.529569892473118 27.0147881006833 3 2 0 
1 950 7.2 16 0.382560483870968 0.217741935483871 20.3921519456337 3 -2 0 
0 950 10.2 18 0.539488320355951 0.623655913978495 32.8415487526483 3 2 0 
1 960 7.2 16 0.350230414746544 0.230846774193548 11.0954881102302 3 -3 0 
0 960 10.2 19 0.485887096774194 0.536290322580645 61.0311957586535 3 3 0 
1 970 7.2 17 0.377791563275434 0.280241935483871 10.111553778259 3 -2 0 
0 970 10.2 19 0.518649193548387 0.589717741935484 41.8525793079645 3 2 0 
1 980 7.2 17 0.352246543778802 0.361895161290323 7.51919421890018 3 -2 0 
0 980 10.2 19 0.566879866518354 0.599798387096774 27.4370196001351 3 2 0 
1 990 7.2 17 0.32716275659824 0.444354838709677 26.4383347700733 3 -2 0 
0 990 10.2 19 0.52920662598082 0.507056451612903 32.2498298910616 3 2 0 
1 1000 7.2 17 0.398425499231951 0.387096774193548 20.6189239224071 3 -2 0 
0 1000 10.2 19 0.557752341311134 0.528225806451613 32.2144862579499 3 2 0 
1 1010 7.2 17 0.440464895635674 0.350806451612903 15.4301287779999 3 -2 0 
0 1010 10.2 19 0.579435483870968 0.514112903225806 14.6229480841848 3 2 0 
1 1020 7.2 17 0.36217008797654 0.275201612903226 18.6580135883569 3 -2 0 
0 1020 10.2 19 0.479425144747725 0.58366935483871 13.2142698157538 3 2 0 
1 1030 7.2 17 0.366666666666667 0.315524193548387 11.5124229459634 3 -2 0 
0 1030 10.2 19 0.477627471383975 0.599798387096774 10.0042514305622 3 2 0 
1 1040 7.2 17 0.399193548387097 0.501008064516129 10.850895128314 3 -2 0 
0 1040 10.2 19 0.580645161290323 0.484879032258065 13.004045709375 3 2 0 
1 1050 7.2 17 0.329796264855688 0.540322580645161 3.16190437656987 3 -3 0 
0 1050 10.2 20 0.508706011730205 0.454637096774194 15.9760197082213 3 3 0 
1 1060 7.2 17 0.388104838709677 0.433467741935484 36.8772303987728 3 -3 0 
0 1060 10.2 20 0.547842197035745 0.402217741935484 21.7842753891528 3 3 0 
1 1070 7.2 17 0.420698924731183 0.423387096774194 20.3676315022504 3 -3 0 
0 1070 10.2 20 0.592179294823706 0.423387096774194 12.7657629382749 3 3 0 
1 1080 7.2 17 0.310850439882698 0.358870967741936 19.9249738632001 3 -3 0 
0 1080 10.2 20 0.524879890185312 0.54133064516129 9.67635980474208 3 3 0 
1 1090 7.2 17 0.321428571428571 0.276209677419355 13.995745967082 2 -3 -1 
0 1090 10.2 20 0.607447817836812 0.548387096774194 35.3629363371538 3 3 1 
1 1100 7.2 18 0.26008064516129 0.246774193548387 11.6839930754402 2 -2 -1 
0 1100 10.2 20 0.629838709677419 0.626008064516129 21.2864461398104 3 2 1 
1 1110 7.2 18 0.258352534562212 0.276612903225806 8.97795214786114 1 -2 -2 
0 1110 10.2 20 0.530465949820788 0.673387096774194 8.89065569678 3 2 2 
1 1120 7.2 18 0.258064516129032 0.312096774193548 7.69801300920312 1 -3 -2 
0 1120 10.2 21 0.573491155046826 0.547379032258065 52.6099258871779 3 3 2 
1 1130 7.2 19 0.329032258064516 0.465322580645161 7.57974596762295 1 -2 -2 
0 1130 10.2 21 0.641484819734345 0.575604838709677 45.9139381229322 3 2 2 
1 1140 7.2 19 0.292457305502846 0.417741935483871 17.4569056134748 1 -2 -2 
0 1140 10.2 21 0.527801358234295 0.535282258064516 37.7056088131455 3 2 2 
1 1150 7.2 19 0.371975806451613 0.342741935483871 12.0781025375831 1 -2 -2 
0 1150 10.2 21 0.558467741935484 0.544354838709677 12.6314590399278 3 2 2 
1 1160 7.2 19 0.342237903225806 0.285483870967742 11.4017112698679 1 -2 -2 
0 1160 10.2 21 0.597034339229969 0.553763440860215 4.17069223380314 3 2 2 
1 1170 7.2 19 0.331653225806452 0.342741935483871 11.2078702510251 1 -2 -2 
0 1170 10.2 21 0.481582388840453 0.550403225806452 21.8944506735722 3 2 2 
1 1180 7.2 19 0.381272401433692 0.478225806451613 9.5174909927628 1 -2 -2 
0 1180 10.2 21 0.430750350631136 0.502016129032258 26.7527975154601 3 2 2 
1 1190 7.2 20 0.404185867895545 0.470161290322581 19.1644890697333 1 -1 -2 
0 1190 10.2 21 0.543255131964809 0.445564516129032 4.30116263352131 3 1 2 
1 1200 7.2 20 0.39801747311828 0.511290322580645 19.011550113975 1 -1 -2 
0 1200 10.2 21 0.432459677419355 0.453629032258065 5.22015325445528 3 1 2 
1 1210 7.2 20 0.448732718894009 0.571774193548387 22.1828933938698 1 -1 -2 
0 1210 10.2 21 0.389551192145863 0.270161290322581 26.1155444428696 3 1 2 
1 1220 7.2 20 0.534139784946237 0.617741935483871 16.1288996885609 1 -1 -2 
0 1220 10.2 21 0.405465949820789 0.260752688172043 24.6641894878494 3 1 2 
1 1230 7.2 20 0.478616813294233 0.605645161290323 14.6581962768411 1 -1 -2 
0 1230 10.2 21 0.348185483870968 0.341397849462366 27.3260313497505 3 1 2 
1 1240 7.2 20 0.483006912442396 0.612903225806452 3.82302685028309 1 -1 -2 
0 1240 10.2 21 0.394009216589862 0.314516129032258 15.7074872029495 3 1 2 
1 1250 7.2 20 0.56264400921659 0.686290322580645 7.06575331939564 1 -1 -2 
0 1250 10.2 21 0.424235993208829 0.258064516129032 7.23072396287828 3 1 2 
1 1260 7.2 21 0.46889400921659 0.700806451612903 5.44167681276036 1 0 -2 
0 1260 10.2 21 0.404435483870968 0.275806451612903 26.5071271056399 3 0 2 
1 1270 7.2 21 0.437596006144393 0.683870967741935 6.45490485363437 1 0 -2 
0 1270 10.2 21 0.430750350631136 0.292338709677419 16.4971219379643 3 0 2 
1 1280 7.2 21 0.56989247311828 0.637096774193548 5.24356392053107 1 0 -2 
0 1280 10.2 21 0.546370967741936 0.303427419354839 12.9039218734447 3 0 2 
1 1290 7.2 21 0.442972350230415 0.639112903225806 4.94093674082995 1 0 -2 
0 1290 10.2 21 0.469662058371736 0.346774193548387 5.76224032885943 3 0 2 
1 1300 7.2 21 0.48366935483871 0.662298387096774 8.06339994556485 1 0 -2 
0 1300 10.2 21 0.530115927419355 0.243951612903226 3.53553390593274 3 0 2 
1 1310 7.2 21 0.601043643263757 0.674395161290323 11.4415723422797 1 0 -2 
0 1310 10.2 21 0.582966764418377 0.254032258064516 18.0277563773199 3 0 2 
1 1320 7.2 22 0.478005865102639 0.662298387096774 14.9172954250094 1 0 -2 
0 1320 10.2 22 0.48741935483871 0.245967741935484 3.20156211871642 3 0 2 
1 1330 7.2 22 0.485337243401759 0.650201612903226 16.8347764914117 1 0 -2 
0 1330 10.2 22 0.41647465437788 0.243951612903226 8.38152730712011 3 0 2 
1 1340 7.2 22 0.620967741935484 0.583333333333333 35.8780470832267 1 0 -2 
0 1340 10.2 22 0.485685483870968 0.193548387096774 0 3 0 2 
1 1350 7.2 22 0.399337557603687 0.4375 45.6563735099946 1 0 -2 
0 1350 10.2 22 0.455490074441687 0.17741935483871 16.224980739588 3 0 2 
1 1360 7.2 22 0.452561669829222 0.398185483870968 31.8062590165854 1 0 -2 
0 1360 10.2 22 0.501344086021505 0.192204301075269 14.7799669234297 3 0 2 
1 1370 7.2 22 0.495463709677419 0.412298387096774 23.0888744730718 1 0 -2 
0 1370 10.2 22 0.539650537634409 0.325268817204301 18.6610272067602 3 0 2 
1 1380 7.2 22 0.433333333333333 0.456653225806452 26.4320402037462 1 0 -2 
0 1380 10.2 22 0.469278033794163 0.397849462365591 10.8269908781474 3 0 2 
1 1390 7.2 22 0.467529711375212 0.519153225806452 31.4466556736632 1 0 -2 
0 1390 10.2 22 0.416788856304985 0.349462365591398 7.45570891222811 3 0 2 
1 1400 7.2 22 0.582573632538569 0.532258064516129 25.1761926925511 1 0 -2 
0 1400 10.2 22 0.341397849462366 0.287634408602151 23.8135509093698 3 0 2 
1 1410 7.2 22 0.474951124144673 0.465322580645161 35.2818175646794 1 0 -2 
0 1410 10.2 22 0.373463901689708 0.259408602150538 32.4222141363051 3 0 2 
1 1420 7.2 22 0.455645161290323 0.614516129032258 29.8020393572332 1 0 -2 
0 1420 10.2 22 0.407594086021505 0.247983870967742 19.0834720510284 3 0 2 
1 1430 7.2 22 0.581989247311828 0.687903225806452 29.5306513832586 1 0 -2 
0 1430 10.2 22 0.412154377880184 0.247311827956989 12.2607564072023 3 0 2 
1 1440 7.2 23 0.477585388994307 0.720161290322581 22.6003203267344 1 1 -1 
0 1440 10.2 22 0.315092165898617 0.231854838709677 7.48674782307025 2 -1 1 
1 1450 7.2 23 0.507296466973886 0.77741935483871 23.2583430058074 1 1 -1 
0 1450 10.2 22 0.338089330024814 0.161290322580645 7.92214298300638 2 -1 1 
1 1460 7.2 23 0.606374807987711 0.754032258064516 20.5457579785105 1 1 -1 
0 1460 10.2 22 0.319556451612903 0.168010752688172 7.20296310004748 2 -1 1 
1 1470 7.2 23 0.511476426799007 0.676612903225806 12.3825970539557 1 1 -1 
0 1470 10.2 22 0.28437019969278 0.206653225806452 10.2150863920251 2 -1 1 
1 1480 7.2 23 0.459816462736374 0.637096774193548 13.4930523036064 1 1 -1 
0 1480 10.2 22 0.268145161290323 0.288306451612903 6.91204275594932 2 -1 1 
1 1490 7.2 23 0.621523915461624 0.70241935483871 10.9490506452669 1 1 0 
0 1490 10.2 22 0.250672043010753 0.27258064516129 9.3765657620023 1 -1 0 
1 1500 7.2 23 0.508684863523573 0.6 12.7940527400956 1 1 0 
0 1500 10.2 22 0.309634974533107 0.363911290322581 10.7594104228688 1 -1 0 
1 1510 7.2 23 0.425140252454418 0.548387096774194 3.71926639999279 1 0 0 
0 1510 10.2 23 0.312096774193548 0.348118279569892 21.293255512121 1 0 0 
1 1520 7.2 24 0.620211693548387 0.684139784946237 6.41262430203714 1 1 0 
0 1520 10.2 23 0.304838709677419 0.262096774193548 19.6786686541544 1 -1 0 
1 1530 7.2 24 0.515039232781168 0.681451612903226 2.8448848997824 1 1 0 
0 1530 10.2 23 0.32968509984639 0.278225806451613 0 1 -1 0 
1 1540 7.2 24 0.441444600280505 0.719086021505376 6.07246240259295 1 1 0 
0 1540 10.2 23 0.383064516129032 0.266129032258065 0 1 -1 0 
1 1550 7.2 24 0.582325268817204 0.735215053763441 2.52027595983607 1 1 1 
0 1550 10.2 23 0.395564516129032 0.205645161290323 0 0 -1 -1 
1 1560 7.2 24 0.503411910669975 0.692204301075269 4.50726805336478 1 1 1 
0 1560 10.2 23 0.34005376344086 0.241935483870968 0 0 -1 -1 
1 1570 7.2 24 0.438464235624123 0.59005376344086 12.3651676214178 1 1 1 
0 1570 10.2 23 0.391129032258065 0.244623655913978 12.8451988786251 0 -1 -1 
1 1580 7.2 24 0.55241935483871 0.399193548387097 33.9819509946743 1 1 1 
0 1580 10.2 23 0.445852534562212 0.280913978494624 20.4190811986407 0 -1 -1 
1 1590 7.2 24 0.496266427718041 0.345161290322581 36.5412686909797 1 1 1 
0 1590 10.2 23 0.417020373514431 0.335685483870968 24.6177525911037 0 -1 -1 
1 1600 7.2 24 0.44758064516129 0.369354838709677 14.6138342598829 1 1 1 
0 1600 10.2 23 0.428763440860215 0.413306451612903 14.4700623729949 0 -1 -1 
1 1610 7.2 24 0.51008064516129 0.34758064516129 11.704513300448 1 1 1 
0 1610 10.2 23 0.437903225806452 0.370967741935484 14.2812373260134 0 -1 -1 
1 1620 7.2 24 0.399193548387097 0.387096774193548 4.76466324778892 1 1 1 
0 1620 10.2 23 0.430478309232481 0.424395161290323 2.86944472188092 0 -1 -1 
1 1630 7.2 24 0.408794162826421 0.493548387096774 4.9777006197201 1 1 1 
0 1630 10.2 23 0.412802419354839 0.473790322580645 6.7329540782468 0 -1 -1 
1 1640 7.2 24 0.463709677419355 0.509072580645161 10.0907441113541 1 1 1 
0 1640 10.2 23 0.522177419354839 0.460685483870968 7.36047783497309 0 -1 -1 
1 1650 7.2 24 0.47363523573201 0.549731182795699 1.22059655899616 1 1 1 
0 1650 10.2 23 0.438895781637717 0.454637096774194 10.5849515976166 0 -1 -1 
1 1660 7.2 24 0.49630376344086 0.502016129032258 4.52769256906871 1 0 1 
0 1660 10.2 24 0.41034155597723 0.377016129032258 19.1376592090046 0 0 -1 
1 1670 7.2 24 0.597614247311828 0.608870967741936 2.06155281280883 1 0 1 
0 1670 10.2 24 0.516129032258065 0.296370967741936 12.2983738762488 0 0 -1 
1 1680 7.2 24 0.55421146953405 0.612903225806452 18.0069431053691 1 0 1 
0 1680 10.2 24 0.414818548387097 0.294354838709677 2 0 0 -1 
1 1690 7.2 24 0.515806451612903 0.639112903225806 6.96419413859206 1 0 1 
0 1690 10.2 24 0.440412186379928 0.280241935483871 3.04138126514911 0 0 -1 
1 1700 7.2 24 0.604488078541375 0.489247311827957 61.6881897420012 1 0 1 
0 1700 10.2 24 0.618548387096774 0.227822580645161 9.30053761886914 0 0 -1 
1 1710 7.2 24 0.494663187855787 0.344086021505376 66.9581875924602 1 0 1 
0 1710 10.2 24 0.41741935483871 0.25 4.27200187265877 0 0 -1 
1 1720 7.2 24 0.461405529953917 0.351814516129032 40.7105161484401 1 0 1 
0 1720 10.2 24 0.387096774193548 0.182459677419355 16.0392662425739 0 0 -1 
1 1730 7.2 24 0.610719086021505 0.382258064516129 42.7621384507526 1 0 1 
0 1730 10.2 24 0.459677419354839 0.235887096774194 13.4179267233816 0 0 -1 
1 1740 7.2 24 0.530984719864177 0.515322580645161 25.4468105078191 1 0 1 
0 1740 10.2 24 0.305191532258065 0.267137096774194 17.3668751989123 0 0 -1 
1 1750 7.2 25 0.54783724340176 0.594354838709677 27.37103429721 1 1 1 
0 1750 10.2 24 0.31491935483871 0.272177419354839 16.1680118594658 0 -1 -1 
1 1760 7.2 25 0.66633064516129 0.699193548387097 10.473203258136 1 1 1 
0 1760 10.2 24 0.263440860215054 0.244959677419355 18.4319082151001 0 -1 -1 
1 1770 7.2 25 0.599929873772791 0.790322580645161 7.35440180816855 1 1 1 
0 1770 10.2 24 0.299731182795699 0.191129032258065 10.5437205700429 0 -1 -1 
1 1780 7.2 25 0.593672456575682 0.8 3.78754022745628 1 1 1 
0 1780 10.2 24 0.379032258064516 0.176411290322581 12.2748525745931 0 -1 -1 
1 1790 7.2 25 0.65787841191067 0.804838709677419 8.31864484140341 1 1 1 
0 1790 10.2 24 0.456451612903226 0.147177419354839 4.74341649025257 0 -1 -1 
