1 30 7.4 1 NaN 0.236559139784946 15.3323594095056 2 0 0 
0 30 8.2 1 NaN 0.236895161290323 27.9351726333946 2 0 0 
1 40 7.4 1 NaN 0.265322580645161 21.1928150687417 2 0 0 
0 40 8.2 1 NaN 0.251612903225806 32.7827228309361 2 0 0 
1 50 7.4 1 0.370967741935484 0.325806451612903 18.1451738158071 2 0 0 
0 50 8.2 1 0.370967741935484 0.318548387096774 42.2184347625389 2 0 0 
1 60 7.4 1 0.383064516129032 0.429032258064516 36.2364308735765 2 0 0 
0 60 8.2 1 0.383064516129032 0.40241935483871 50.2327396601698 2 0 0 
1 70 7.4 1 0.399769585253456 0.463709677419355 29.4931790346155 2 0 0 
0 70 8.2 1 0.399481566820276 0.47741935483871 34.3313903957331 2 0 0 
1 80 7.4 1 0.478398617511521 0.493548387096774 26.8748188198734 2 0 0 
0 80 8.2 1 0.459425403225806 0.479032258064516 40.3886833027348 2 0 0 
1 90 7.4 1 0.43200146627566 0.499193548387097 25.3940502213803 2 0 0 
0 90 8.2 1 0.407020872865275 0.469354838709677 38.0682809063957 2 0 0 
1 100 7.4 2 0.42741935483871 0.520967741935484 26.6566417072333 2 1 0 
0 100 8.2 1 0.401985111662531 0.456451612903226 35.3932309302867 2 -1 0 
1 110 7.4 2 0.481261859582543 0.495161290322581 26.9704771501532 2 0 0 
0 110 8.2 2 0.490783410138249 0.479032258064516 34.832761338464 2 0 0 
1 120 7.4 2 0.427995391705069 0.511290322580645 26.0979573514168 2 0 0 
0 120 8.2 2 0.416733870967742 0.465322580645161 40.5162071174142 2 0 0 
1 130 7.4 2 0.417741935483871 0.482258064516129 24.1363209288199 2 0 0 
0 130 8.2 2 0.410426267281106 0.476814516129032 33.576713694143 2 0 0 
1 140 7.4 3 0.48252688172043 0.486895161290323 4.70605497398702 2 1 0 
0 140 8.2 2 0.490384615384615 0.475806451612903 29.6607552411321 2 -1 0 
1 150 7.4 3 0.417540322580645 0.437903225806452 32.3657416969446 2 1 0 
0 150 8.2 2 0.397933467741936 0.388709677419355 39.2235818516023 2 -1 0 
1 160 7.4 3 0.400379506641366 0.432258064516129 22.5325954287916 2 0 0 
0 160 8.2 3 0.390591397849462 0.438709677419355 31.816384651969 2 0 0 
1 170 7.4 3 0.492647058823529 0.464516129032258 14.189973704705 2 0 0 
0 170 8.2 3 0.481182795698925 0.47883064516129 22.0595093177329 2 0 0 
1 180 7.4 4 0.445996543778802 0.499193548387097 11.6438506436676 2 1 0 
0 180 8.2 3 0.383064516129032 0.489247311827957 13.4875993183099 2 -1 0 
1 190 7.4 4 0.475806451612903 0.491935483870968 13.8414256506286 2 1 0 
0 190 8.2 3 0.383064516129032 0.391129032258065 31.140104666168 2 -1 0 
1 200 7.4 4 0.523790322580645 0.488709677419355 20.1735609603585 2 1 0 
0 200 8.2 3 0.442540322580645 0.391935483870968 18.7241710260815 2 -1 0 
1 210 7.4 5 0.459677419354839 0.494354838709677 12.2365757040979 2 2 0 
0 210 8.2 3 0.387903225806452 0.369623655913979 15.2440870770338 2 -2 0 
1 220 7.4 5 0.494527649769585 0.526612903225806 13.7652415738978 2 2 0 
0 220 8.2 3 0.383064516129032 0.415322580645161 5.74952484479144 2 -2 0 
1 230 7.4 5 0.533698156682028 0.504838709677419 14.8749138119646 2 2 0 
0 230 8.2 3 0.422379032258065 0.291935483870968 30.7760322283911 2 -2 0 
1 240 7.4 5 0.439900153609831 0.537903225806452 22.2602284061113 2 1 0 
0 240 8.2 4 0.38508064516129 0.328225806451613 24.1201174432568 2 -1 0 
1 250 7.4 5 0.383995037220844 0.486290322580645 25.172597927336 2 1 0 
0 250 8.2 4 0.395635673624288 0.398387096774194 14.6926543270033 2 -1 0 
1 260 7.4 6 0.471774193548387 0.440322580645161 32.2273039965912 2 2 0 
0 260 8.2 4 0.460151802656547 0.360483870967742 22.3800914241968 2 -2 0 
1 270 7.4 6 0.414202508960573 0.516935483870968 38.2978830123906 2 2 0 
0 270 8.2 4 0.404121863799283 0.441129032258065 39.3837469449688 2 -2 0 
1 280 7.4 6 0.467741935483871 0.532258064516129 41.4961636407396 2 1 0 
0 280 8.2 5 0.381048387096774 0.441129032258065 42.3531822784888 2 -1 0 
1 290 7.4 7 0.515417457305503 0.551612903225806 40.183137013134 2 2 0 
0 290 8.2 5 0.43508064516129 0.430443548387097 27.227965970979 2 -2 0 
1 300 7.4 7 0.471942204301075 0.524193548387097 40.3755880094868 2 2 0 
0 300 8.2 5 0.386363636363636 0.407258064516129 34.2800902345929 2 -2 0 
1 310 7.4 7 0.424007444168735 0.535483870967742 35.3089588324507 2 2 0 
0 310 8.2 5 0.383928571428571 0.353225806451613 39.6028650351691 2 -2 0 
1 320 7.4 7 0.456093189964158 0.537903225806452 43.2937358408347 2 2 0 
0 320 8.2 5 0.437683284457478 0.372983870967742 39.9369892448348 2 -2 0 
1 330 7.4 7 0.416218637992832 0.537903225806452 40.046470759 2 1 0 
0 330 8.2 6 0.398244781783681 0.368951612903226 40.1132966513687 2 -1 0 
1 340 7.4 8 0.431199596774194 0.528225806451613 40.9721111392719 2 2 0 
0 340 8.2 6 0.394297235023041 0.349193548387097 38.9352818016362 2 -2 0 
1 350 7.4 8 0.491935483870968 0.483064516129032 39.1111835639554 2 2 0 
0 350 8.2 6 0.456797235023041 0.412096774193548 38.9223110198207 2 -2 0 
1 360 7.4 8 0.435887096774194 0.416935483870968 38.2150545199949 2 2 0 
0 360 8.2 6 0.412634408602151 0.420967741935484 38.7371840847449 2 -2 0 
1 370 7.4 8 0.47304753820034 0.396774193548387 38.6702351279488 2 2 0 
0 370 8.2 6 0.397465437788018 0.457258064516129 39.5058111926518 2 -2 0 
1 380 7.4 8 0.527988614800759 0.470967741935484 42.9450969018014 2 2 0 
0 380 8.2 6 0.448924731182796 0.476612903225806 40.5914165676587 2 -2 0 
1 390 7.4 8 0.430846774193548 0.503225806451613 40.4889715360544 2 1 0 
0 390 8.2 7 0.395797962648557 0.460685483870968 43.0673022803513 2 -1 0 
1 400 7.4 8 0.420161290322581 0.425 45.2773110722937 2 1 0 
0 400 8.2 7 0.397933467741936 0.430443548387097 42.9881292847031 2 -1 0 
1 410 7.4 9 0.490074441687345 0.391935483870968 10.1980761077126 2 2 0 
0 410 8.2 7 0.486895161290323 0.389516129032258 37.4124542026214 2 -2 0 
1 420 7.4 9 0.383064516129032 0.385483870967742 6.33187751170607 2 2 0 
0 420 8.2 7 0.423963133640553 0.417741935483871 30.9566273004537 2 -2 0 
1 430 7.4 9 0.383064516129032 0.409677419354839 30.6629275068683 2 2 0 
0 430 8.2 7 0.402721774193548 0.458064516129032 14.1239054301018 2 -2 0 
1 440 7.4 9 0.477047146401985 0.436290322580645 16.7747994706067 2 2 0 
0 440 8.2 7 0.510235732009926 0.480645161290323 12.1117064248466 2 -2 0 
1 450 7.4 9 0.460061443932412 0.485483870967742 19.1539556749515 2 2 0 
0 450 8.2 7 0.375 0.517741935483871 12.6565630069201 2 -2 0 
1 460 7.4 9 0.485023041474654 0.5 15.1545969548038 2 2 0 
0 460 8.2 7 0.395161290322581 0.473387096774194 9.21687191439969 2 -2 0 
1 470 7.4 9 0.6 0.543548387096774 15.734684036793 2 1 0 
0 470 8.2 8 0.489055299539171 0.415322580645161 17.3143635985281 2 -1 0 
1 480 7.4 10 0.476173020527859 0.562096774193548 15.39289935967 2 2 0 
0 480 8.2 8 0.357718894009217 0.404838709677419 23.7198461900131 2 -2 0 
1 490 7.4 10 0.463901689708141 0.529233870967742 7.75336300095066 2 2 0 
0 490 8.2 8 0.388104838709677 0.388709677419355 19.6674111367923 2 -2 0 
1 500 7.4 10 0.573476702508961 0.526209677419355 4.73037783328261 2 2 0 
0 500 8.2 8 0.439149560117302 0.392741935483871 26.1764378268114 2 -2 0 
1 510 7.4 10 0.465909090909091 0.431451612903226 31.9210379669011 2 2 0 
0 510 8.2 8 0.379032258064516 0.458333333333333 17.9188784423616 2 -2 0 
1 520 7.4 10 0.39005376344086 0.433064516129032 21.2317668225705 2 2 0 
0 520 8.2 8 0.369623655913979 0.501344086021505 19.0567940009025 2 -2 0 
1 530 7.4 10 0.516129032258065 0.498387096774194 21.0504366015692 2 1 0 
0 530 8.2 9 0.414956011730205 0.36491935483871 31.7808631955109 2 -1 0 
1 540 7.4 10 0.492511520737327 0.484677419354839 13.068271800936 2 1 0 
0 540 8.2 9 0.344574780058651 0.270967741935484 28.9961201673062 2 -1 0 
1 550 7.4 11 0.461559139784946 0.505645161290323 13.0910317362078 2 2 0 
0 550 8.2 9 0.410215053763441 0.333870967741935 27.9963761862021 2 -2 0 
1 560 7.4 11 0.551267281105991 0.511290322580645 13.622829074853 2 2 0 
0 560 8.2 9 0.413978494623656 0.387096774193548 21.1908846650694 2 -2 0 
1 570 7.4 11 0.436290322580645 0.536290322580645 17.953127758085 2 2 0 
0 570 8.2 9 0.402988614800759 0.40241935483871 9.67238131593417 2 -2 0 
1 580 7.4 11 0.446869070208729 0.525806451612903 24.3812744082475 2 2 0 
0 580 8.2 9 0.392204301075269 0.417741935483871 6.19882141798515 2 -2 0 
1 590 7.4 12 0.562316715542522 0.617741935483871 23.9808774614666 2 3 0 
0 590 8.2 9 0.415322580645161 0.333064516129032 17.5245700726843 2 -3 0 
1 600 7.4 12 0.509139784946237 0.660483870967742 24.7224015360537 2 3 0 
0 600 8.2 9 0.323924731182796 0.311491935483871 28.1129861596177 2 -3 0 
1 610 7.4 12 0.523297491039426 0.664516129032258 22.7621670003338 2 2 0 
0 610 8.2 10 0.358294930875576 0.293346774193548 17.6710228564732 2 -2 0 
1 620 7.4 13 0.64741935483871 0.690322580645161 20.0873756876481 2 3 1 
0 620 8.2 10 0.30241935483871 0.278225806451613 16.5112110021032 1 -3 -1 
1 630 7.4 13 0.529485887096774 0.662096774193548 23.5636985142799 2 3 1 
0 630 8.2 10 0.286290322580645 0.256451612903226 19.4469713206383 1 -3 -1 
1 640 7.4 13 0.460797491039427 0.615927419354839 28.9370590734936 2 2 1 
0 640 8.2 11 0.306451612903226 0.262903225806452 19.8920415561904 1 -2 -1 
1 650 7.4 13 0.645373514431239 0.617943548387097 18.5961889616759 2 2 1 
0 650 8.2 11 0.314516129032258 0.241935483870968 7.10168247630342 1 -2 -1 
1 660 7.4 13 0.514247311827957 0.506048387096774 43.8118867715305 2 2 1 
0 660 8.2 11 0.288172043010753 0.27258064516129 15.375440842235 1 -2 -1 
1 670 7.4 13 0.4625 0.40241935483871 51.380239637759 2 2 1 
0 670 8.2 11 0.381231671554252 0.370161290322581 28.3231607395619 1 -2 -1 
1 680 7.4 13 0.551612903225806 0.387903225806452 33.5701761373156 2 2 1 
0 680 8.2 11 0.381231671554252 0.396774193548387 30.7526662629589 1 -2 -1 
1 690 7.4 14 0.450879765395894 0.432258064516129 19.8670895056149 2 3 1 
0 690 8.2 11 0.389976958525346 0.428225806451613 29.1950487513564 1 -3 -1 
1 700 7.4 14 0.394354838709677 0.512903225806452 3.44585746478554 2 2 1 
0 700 8.2 12 0.388994307400379 0.320161290322581 50.4499546138795 1 -2 -1 
1 710 7.4 14 0.568548387096774 0.619354838709677 9.95734856148891 2 2 1 
0 710 8.2 12 0.424395161290323 0.316532258064516 38.4895724253164 1 -2 -1 
1 720 7.4 14 0.481566820276498 0.609677419354839 10.1492651394332 2 2 1 
0 720 8.2 12 0.351094470046083 0.328629032258065 29.8759954447971 1 -2 -1 
1 730 7.4 14 0.524025537634409 0.665322580645161 9.2153123340727 2 2 1 
0 730 8.2 12 0.359677419354839 0.288306451612903 31.4628638979886 1 -2 -1 
1 740 7.4 14 0.615708274894811 0.606451612903226 3.05746999399867 2 2 1 
0 740 8.2 12 0.460349462365591 0.257258064516129 29.1393022216785 1 -2 -1 
1 750 7.4 14 0.482009925558313 0.60241935483871 14.5771744695165 2 2 1 
0 750 8.2 12 0.335573476702509 0.309677419354839 16.9312135001466 1 -2 -1 
1 760 7.4 15 0.438030560271647 0.532258064516129 17.0242218919106 2 3 1 
0 760 8.2 12 0.370967741935484 0.356451612903226 9.92439999375507 1 -3 -1 
1 770 7.4 15 0.593951612903226 0.490322580645161 8.29138298575026 2 3 1 
0 770 8.2 12 0.409274193548387 0.444354838709677 9.41220703342948 1 -3 -1 
1 780 7.4 15 0.506048387096774 0.487903225806452 11.4539507364969 2 3 1 
0 780 8.2 12 0.303225806451613 0.477822580645161 5.42788039910187 1 -3 -1 
1 790 7.4 15 0.534899888765295 0.534677419354839 10.5193120418464 2 3 1 
0 790 8.2 12 0.338709677419355 0.446572580645161 4.23432301234474 1 -3 -1 
1 800 7.4 15 0.657407407407407 0.530645161290323 21.6870917817853 2 2 1 
0 800 8.2 13 0.276209677419355 0.483870967741936 16.6093929618268 1 -2 -1 
1 810 7.4 15 0.53677908113392 0.49758064516129 28.141653299902 2 2 1 
0 810 8.2 13 0.274193548387097 0.403225806451613 42.1182441635245 1 -2 -1 
1 820 7.4 15 0.554125310173697 0.50241935483871 29.3729086976145 2 2 1 
0 820 8.2 13 0.274193548387097 0.361290322580645 39.4963874819312 1 -2 -1 
1 830 7.4 15 0.677096774193548 0.486895161290323 4.84405788397678 2 2 1 
0 830 8.2 13 NaN 0.413709677419355 33.3633824385422 1 -2 -1 
1 840 7.4 16 0.493225806451613 0.490927419354839 5.23403314938305 2 3 1 
0 840 8.2 13 0.286290322580645 0.400806451612903 23.2599182869369 1 -3 -1 
1 850 7.4 16 0.444971537001898 0.515120967741936 9.52888804203872 2 3 1 
0 850 8.2 13 0.30241935483871 0.395161290322581 9.19122630830091 1 -3 -1 
1 860 7.4 16 0.637571157495256 0.573588709677419 4.1839666632811 2 3 1 
0 860 8.2 13 0.30241935483871 0.40241935483871 6.04081089260204 1 -3 -1 
1 870 7.4 16 0.517069892473118 0.46875 38.1655964478128 2 2 1 
0 870 8.2 14 0.276209677419355 0.321774193548387 14.8343283566595 1 -2 -1 
1 880 7.4 16 0.540632754342432 0.351814516129032 42.3928660451671 2 2 1 
0 880 8.2 14 0.256048387096774 0.270967741935484 10.2149856366013 1 -2 -1 
1 890 7.4 16 0.659537166900421 0.543346774193548 37.5125928042647 2 2 2 
0 890 8.2 14 0.243279569892473 0.276612903225806 6.77637883303611 0 -2 -2 
1 900 7.4 16 0.525957661290323 0.573588709677419 14.9431458611775 2 2 2 
0 900 8.2 14 0.29502688172043 0.255645161290323 7.86272409862993 0 -2 -2 
1 910 7.4 16 0.484475806451613 0.544354838709677 53.8792873224616 2 2 2 
0 910 8.2 14 0.307795698924731 0.233870967741935 6.49220912589284 0 -2 -2 
1 920 7.4 16 0.647657450076805 0.57258064516129 29.9797230126176 2 1 2 
0 920 8.2 15 0.307795698924731 0.236290322580645 2.4685006848166 0 -1 -2 
1 930 7.4 16 0.525782013685239 0.518548387096774 23.8850420952506 2 1 2 
0 930 8.2 15 0.30880376344086 0.336290322580645 7.34822617944045 0 -1 -2 
1 940 7.4 16 0.519825268817204 0.520967741935484 8.60059367330369 2 1 2 
0 940 8.2 15 0.395161290322581 0.425 12.4749206592206 0 -1 -2 
1 950 7.4 17 0.623487903225806 0.578629032258065 10.6390474919523 2 2 2 
0 950 8.2 15 0.395161290322581 0.415322580645161 12.6946321462501 0 -2 -2 
1 960 7.4 17 0.510984427141268 0.576612903225806 13.9768601326373 2 2 2 
0 960 8.2 15 0.331854838709677 0.434139784946237 9.21565922035524 0 -2 -2 
1 970 7.4 17 0.522009408602151 0.647177419354839 10.2243417810711 2 2 2 
0 970 8.2 15 0.340725806451613 0.421370967741936 17.007351351695 0 -2 -2 
1 980 7.4 17 0.658434139784946 0.615927419354839 22.1883417020102 2 2 2 
0 980 8.2 15 NaN 0.338709677419355 1.5 0 -2 -2 
1 990 7.4 17 0.549454459203036 0.592741935483871 46.0736421447656 2 2 2 
0 990 8.2 15 NaN 0.243951612903226 11.1018016555873 0 -2 -2 
1 1000 7.4 18 0.567652329749104 0.636290322580645 39.2406195372267 2 3 2 
0 1000 8.2 15 NaN 0.174731182795699 10.7946240074849 0 -3 -2 
1 1010 7.4 18 0.68258064516129 0.673387096774194 22.5915040890381 2 2 2 
0 1010 8.2 16 0.225806451612903 0.145161290322581 4.27200187265877 0 -2 -2 
1 1020 7.4 18 0.635332661290323 0.733870967741936 8.77704196519368 2 2 2 
0 1020 8.2 16 0.245161290322581 0.213709677419355 7.5 0 -2 -2 
1 1030 7.4 18 0.773387096774194 0.69758064516129 15.5030862185479 2 2 2 
0 1030 8.2 16 0.221774193548387 0.221774193548387 4.03112887414927 0 -2 -2 
1 1040 7.4 18 0.773387096774194 0.685483870967742 12.5509389537057 2 2 2 
0 1040 8.2 16 NaN 0.205645161290323 8.13941029804985 0 -2 -2 
1 1050 7.4 18 NaN 0.766129032258065 5.69092687613522 2 2 2 
0 1050 8.2 16 0.240927419354839 0.189516129032258 2.69258240356725 0 -2 -2 
