1 30 8.8 1 NaN 0.222782258064516 2.99817421159928 2 0 0 
0 30 8.2 1 NaN 0.273387096774194 8.0627824304254 2 0 0 
1 40 8.8 1 NaN 0.261088709677419 7.739383213148 2 0 0 
0 40 8.2 1 NaN 0.289516129032258 7.10845411986144 2 0 0 
1 50 8.8 1 NaN 0.313508064516129 28.3966211345111 2 0 0 
0 50 8.2 1 0.381336405529954 0.379032258064516 24.5729578412336 2 0 0 
1 60 8.8 1 0.383064516129032 0.446774193548387 39.7039938442637 2 0 0 
0 60 8.2 1 0.383064516129032 0.465322580645161 29.0525192429659 2 0 0 
1 70 8.8 1 0.383064516129032 0.456221198156682 35.7284010467328 2 0 0 
0 70 8.2 1 0.413810483870968 0.468548387096774 27.7043479685563 2 0 0 
1 80 8.8 1 0.479838709677419 0.487903225806452 32.6433809976976 2 0 0 
0 80 8.2 1 0.462701612903226 0.481451612903226 35.4566495518294 2 0 0 
1 90 8.8 1 0.412634408602151 0.475806451612903 36.0834808594336 2 0 0 
0 90 8.2 1 0.383064516129032 0.47258064516129 33.8083558820324 2 0 0 
1 100 8.8 1 0.4161866359447 0.483198924731183 34.9228385121219 2 0 0 
0 100 8.2 1 0.406970046082949 0.450806451612903 25.3735163240214 2 0 0 
1 110 8.8 2 0.472507331378299 0.483870967741936 36.1409692578472 2 0 0 
0 110 8.2 2 0.469876660341556 0.496774193548387 24.4903112936703 2 0 0 
1 120 8.8 2 0.417657045840407 0.468413978494624 35.3360994313298 2 0 0 
0 120 8.2 2 0.407258064516129 0.495967741935484 27.4362270160639 2 0 0 
1 130 8.8 2 0.383995037220844 0.466129032258065 39.4977053129935 2 0 0 
0 130 8.2 2 0.405241935483871 0.457258064516129 33.9967685856953 2 0 0 
1 140 8.8 2 0.498533724340176 0.500806451612903 40.0303445073849 2 0 0 
0 140 8.2 2 0.481854838709677 0.478225806451613 37.98598686809 2 0 0 
1 150 8.8 3 0.401461693548387 0.475806451612903 39.0585248302063 2 1 0 
0 150 8.2 2 0.383064516129032 0.487096774193548 28.5352505928031 2 -1 0 
1 160 8.8 3 0.415322580645161 0.474798387096774 18.3433708980126 2 1 0 
0 160 8.2 2 0.383064516129032 0.463709677419355 15.2546099912454 2 -1 0 
1 170 8.8 3 0.500864055299539 0.472782258064516 8.40716423927923 2 0 0 
0 170 8.2 3 0.467204301075269 0.481854838709677 12.2646896014421 2 0 0 
1 180 8.8 3 0.408602150537634 0.474462365591398 10.3106817849636 2 0 0 
0 180 8.2 3 0.397296015180266 0.402217741935484 32.5054178221875 2 0 0 
1 190 8.8 3 0.390860215053763 0.470046082949309 15.2198179468097 2 0 0 
0 190 8.2 3 0.395967741935484 0.435483870967742 20.2376308172127 2 0 0 
1 200 8.8 4 0.49758064516129 0.450940860215054 19.7732267694704 2 1 0 
0 200 8.2 3 0.477246543778802 0.426612903225806 31.3736571007228 2 -1 0 
1 210 8.8 4 0.437133431085044 0.437903225806452 25.1193153604086 2 1 0 
0 210 8.2 3 0.388978494623656 0.520161290322581 21.388716205507 2 -1 0 
1 220 8.8 4 0.383064516129032 0.342741935483871 33.9566740603215 2 0 0 
0 220 8.2 4 0.383064516129032 0.55241935483871 12.6792802930089 2 0 0 
1 230 8.8 5 0.498559907834101 0.306451612903226 34.6738574449218 2 1 0 
0 230 8.2 4 0.475186104218362 0.560483870967742 13.081286713287 2 -1 0 
1 240 8.8 5 0.430491551459293 0.48252688172043 32.0449810672902 2 0 0 
0 240 8.2 5 0.383064516129032 0.510483870967742 15.2890286954466 2 0 0 
1 250 8.8 5 0.393920595533499 0.279569892473118 41.2946893169224 2 0 0 
0 250 8.2 5 0.389784946236559 0.460483870967742 25.791205483806 2 0 0 
1 260 8.8 6 0.489583333333333 0.283064516129032 37.5702969482693 2 1 0 
0 260 8.2 5 0.484447004608295 0.418548387096774 37.6227574642328 2 -1 0 
1 270 8.8 6 0.41723259762309 0.368548387096774 41.1090096142631 2 0 0 
0 270 8.2 6 0.446297653958944 0.475806451612903 31.2126015399408 2 0 0 
1 280 8.8 6 0.398924731182796 0.44758064516129 40.4606830348922 2 0 0 
0 280 8.2 6 0.43523185483871 0.542741935483871 27.3146616301128 2 0 0 
1 290 8.8 6 0.466935483870968 0.466397849462366 39.0548893514931 2 0 0 
0 290 8.2 6 0.5625 0.578225806451613 29.370598734996 2 0 0 
1 300 8.8 7 0.379032258064516 0.516801075268817 24.8421560858188 2 1 0 
0 300 8.2 6 0.397849462365591 0.608870967741936 34.2496629276749 2 -1 0 
1 310 8.8 7 0.4212158808933 0.513440860215054 22.9551610599756 2 0 0 
0 310 8.2 7 0.39573732718894 0.575604838709677 32.3725768303077 2 0 0 
1 320 8.8 7 0.495347394540943 0.485215053763441 31.9990267453772 2 0 0 
0 320 8.2 7 0.489112903225806 0.437096774193548 47.9732339119698 2 0 0 
1 330 8.8 7 0.448387096774194 0.548387096774194 30.0616790738359 2 0 0 
0 330 8.2 7 0.409778225806452 0.379032258064516 35.1944253439149 2 0 0 
1 340 8.8 7 0.427671370967742 0.463037634408602 43.3797749253661 2 0 0 
0 340 8.2 7 0.383995037220844 0.364516129032258 38.4851238215869 2 0 0 
1 350 8.8 7 0.507444168734491 0.479838709677419 33.7958350146243 2 0 0 
0 350 8.2 7 0.461876832844575 0.433870967741935 24.94287984176 2 0 0 
1 360 8.8 7 0.404411764705882 0.45497311827957 33.5195373842651 2 -1 0 
0 360 8.2 8 0.415959252971138 0.47741935483871 29.7964639845806 2 1 0 
1 370 8.8 8 0.383995037220844 0.483294930875576 38.3669695206536 2 0 0 
0 370 8.2 8 0.396313364055299 0.475 36.9490639567566 2 0 0 
1 380 8.8 8 0.490207373271889 0.472350230414747 43.0271306144328 2 0 0 
0 380 8.2 8 0.489247311827957 0.488709677419355 45.8217661891053 2 0 0 
1 390 8.8 8 0.395161290322581 0.473502304147465 37.7245632948451 2 0 0 
0 390 8.2 8 0.404411764705882 0.48991935483871 29.14871219784 2 0 0 
1 400 8.8 8 0.383064516129032 0.483870967741936 31.5765673839583 2 0 0 
0 400 8.2 8 0.38508064516129 0.459677419354839 29.8433074692367 2 0 0 
1 410 8.8 9 0.479166666666667 0.460253456221198 22.037017369825 2 1 0 
0 410 8.2 8 0.493951612903226 0.418346774193548 15.5165285411965 2 -1 0 
1 420 8.8 9 0.409526209677419 0.45852534562212 9.65515400228494 2 1 0 
0 420 8.2 8 0.402988614800759 0.388709677419355 24.8162555877946 2 -1 0 
1 430 8.8 9 0.383995037220844 0.485887096774194 10.3574050103182 2 0 0 
0 430 8.2 9 0.408444022770398 0.439516129032258 13.9374759669003 2 0 0 
1 440 8.8 9 0.473973607038123 0.486895161290323 8.95232963686322 2 0 0 
0 440 8.2 9 0.508301707779886 0.506451612903226 6.10530145554113 2 0 0 
1 450 8.8 9 0.420218894009217 0.423387096774194 0 2 -1 0 
0 450 8.2 10 0.451996927803379 0.558870967741935 9.33068440683266 2 1 0 
1 460 8.8 9 0.416666666666667 0.243279569892473 37.6636224057894 2 -1 0 
0 460 8.2 10 0.458191850594227 0.530241935483871 11.1835129793552 2 1 0 
1 470 8.8 9 0.485663082437276 0.286290322580645 23.6948104674121 2 -1 0 
0 470 8.2 10 0.560887096774194 0.509072580645161 13.7163079904373 2 1 0 
1 480 8.8 10 0.418346774193548 0.358870967741936 23.9682392045305 2 0 0 
0 480 8.2 10 0.494193548387097 0.42741935483871 27.4549498102981 2 0 0 
1 490 8.8 10 0.434475806451613 0.45866935483871 26.6304922338823 2 -1 0 
0 490 8.2 11 0.417842741935484 0.424395161290323 26.7181656084937 2 1 0 
1 500 8.8 11 0.511730205278592 0.488911290322581 32.0045260551005 2 0 0 
0 500 8.2 11 0.582661290322581 0.429435483870968 10.0124921972504 2 0 0 
1 510 8.8 11 0.417657045840407 0.498655913978495 25.032366095069 2 0 0 
0 510 8.2 11 0.48719165085389 0.280913978494624 28.1499624012593 2 0 0 
1 520 8.8 11 0.390395894428152 0.391705069124424 20.4328386321714 2 0 0 
0 520 8.2 11 0.4375 0.349462365591398 11.2267953138842 2 0 0 
1 530 8.8 11 0.375672043010753 0.40668202764977 17.2461793343648 2 0 0 
0 530 8.2 11 0.551075268817204 0.294354838709677 37.4838076439907 2 0 0 
1 540 8.8 12 0.385436432637571 0.427995391705069 19.5665494999888 2 1 0 
0 540 8.2 11 0.434715821812596 0.396774193548387 21.025835096459 2 -1 0 
1 550 8.8 12 0.4 0.405645161290323 31.3010424213487 2 0 0 
0 550 8.2 12 0.421370967741936 0.487096774193548 8.36874936893936 2 0 0 
1 560 8.8 12 0.487455197132616 0.403225806451613 45.2883742068053 2 0 0 
0 560 8.2 12 0.488239247311828 0.562096774193548 2.7496860831181 2 0 0 
1 570 8.8 12 0.409677419354839 0.393145161290323 37.9677424786389 2 0 0 
0 570 8.2 12 0.394909274193548 0.608064516129032 12.092016591977 2 0 0 
1 580 8.8 12 0.444478908188586 0.335483870967742 35.0136851511182 2 0 0 
0 580 8.2 12 0.438760080645161 0.581451612903226 12.9650279991312 2 0 0 
1 590 8.8 12 0.511592741935484 0.317876344086022 29.3225598741045 2 -1 0 
0 590 8.2 13 0.541055718475073 0.541129032258065 21.485928189197 2 1 0 
1 600 8.8 12 0.397849462365591 0.336981566820276 21.7042210932946 2 -1 0 
0 600 8.2 13 0.443336162988115 0.503225806451613 21.1729845074342 2 1 0 
1 610 8.8 12 0.441868279569892 0.39573732718894 17.2611328758222 2 -1 0 
0 610 8.2 13 0.433602150537634 0.506451612903226 25.8561108326713 2 1 0 
1 620 8.8 13 0.445060483870968 0.433755760368664 17.0539344829752 2 0 0 
0 620 8.2 13 0.526785714285714 0.491935483870968 19.1899510012268 2 0 0 
1 630 8.8 13 0.410394265232975 0.438364055299539 17.9959100384361 2 0 0 
0 630 8.2 13 0.473310291858679 0.483064516129032 18.9962369936348 2 0 0 
1 640 8.8 13 0.387717121588089 0.395161290322581 35.2736805668647 2 0 0 
0 640 8.2 13 0.383064516129032 0.475 7.07434363312741 2 0 0 
1 650 8.8 13 0.461538461538462 0.383064516129032 36.1010076733047 2 0 0 
0 650 8.2 13 0.534739454094293 0.488911290322581 14.8910964801336 2 0 0 
1 660 8.8 13 0.412775891341256 0.431451612903226 9.42624746234807 2 0 0 
0 660 8.2 13 0.463159824046921 0.516129032258065 9.30504296442539 2 0 0 
1 670 8.8 13 0.370347394540943 0.344086021505376 24.0282260348829 2 -1 0 
0 670 8.2 14 0.383064516129032 0.522849462365591 8.85890207153982 2 1 0 
1 680 8.8 13 0.432692307692308 0.366263440860215 19.1143918872462 2 -1 0 
0 680 8.2 14 0.529233870967742 0.422379032258065 35.3923068431314 2 1 0 
1 690 8.8 13 0.417540322580645 0.387096774193548 19.8099892560213 2 -1 0 
0 690 8.2 14 0.474957555178268 0.407258064516129 35.6721163211912 2 1 0 
1 700 8.8 13 0.396281362007168 0.335483870967742 34.5484097646175 2 -1 0 
0 700 8.2 14 0.396601382488479 0.438709677419355 23.9604898921139 2 1 0 
1 710 8.8 14 0.396994134897361 0.326612903225806 21.9557063837516 2 0 0 
0 710 8.2 14 0.439516129032258 0.508064516129032 20.0006398112941 2 0 0 
1 720 8.8 14 0.43195564516129 0.414516129032258 12.1116546688216 2 0 0 
0 720 8.2 14 0.426915322580645 0.543010752688172 8.79395458534337 2 0 0 
1 730 8.8 14 0.414938556067588 0.469354838709677 3.82080302279574 2 0 0 
0 730 8.2 14 0.383064516129032 0.431451612903226 17.918762036483 2 0 0 
1 740 8.8 14 0.474654377880184 0.405241935483871 23.2474538622281 2 0 0 
0 740 8.2 14 0.461021505376344 0.431451612903226 7.48652485985345 2 0 0 
1 750 8.8 14 0.461021505376344 0.323387096774194 41.4871958462707 2 -1 0 
0 750 8.2 15 0.383064516129032 0.306451612903226 32.8308885206969 2 1 0 
1 760 8.8 14 0.446002805049088 0.469758064516129 5.39485541107844 2 -1 0 
0 760 8.2 15 0.383064516129032 0.380040322580645 17.8666176041937 2 1 0 
1 770 8.8 14 0.543906810035842 0.481182795698925 0.628539361054707 2 -1 0 
0 770 8.2 15 0.408770161290323 0.455645161290323 12.231319809565 2 1 0 
1 780 8.8 14 0.493366285119667 0.372983870967742 1.11803398874989 2 -1 0 
0 780 8.2 15 0.380645161290323 0.476814516129032 21.4986372251149 2 1 0 
1 790 8.8 14 0.39602534562212 0.300403225806452 41.0030486671418 2 -2 0 
0 790 8.2 16 0.383064516129032 0.558467741935484 18.2388752636968 2 2 0 
1 800 8.8 15 0.55241935483871 0.192204301075269 13.7435489459114 2 -1 0 
0 800 8.2 16 0.404692082111437 0.486290322580645 37.9296867209258 2 1 0 
1 810 8.8 15 0.469032258064516 0.3125 27.1054581123295 2 -1 0 
0 810 8.2 16 0.379765395894428 0.493548387096774 28.2743864555019 2 1 0 
1 820 8.8 15 0.403729838709677 0.384072580645161 17.8339200151363 2 -1 0 
0 820 8.2 16 0.386290322580645 0.461290322580645 20.6799021012708 2 1 0 
1 830 8.8 15 0.525201612903226 0.421370967741936 4.35123832680758 2 -1 0 
0 830 8.2 16 0.444623655913979 0.479032258064516 28.4565922314119 2 1 0 
1 840 8.8 15 0.365694789081886 0.395161290322581 11.7826466122128 2 -1 0 
0 840 8.2 16 0.478587319243604 0.5 27.2957368024501 2 1 0 
1 850 8.8 15 0.368548387096774 0.295698924731183 7.54833072988496 2 -2 0 
0 850 8.2 17 0.520781637717122 0.607258064516129 23.0560782790782 2 2 0 
1 860 8.8 15 NaN 0.289650537634409 6.35228078175967 2 -2 0 
0 860 8.2 17 0.646401985111663 0.664516129032258 20.326416990405 2 2 0 
1 870 8.8 15 0.317617866004963 0.220967741935484 33.1856977042687 2 -2 0 
0 870 8.2 17 0.515725806451613 0.637096774193548 28.2996234402232 2 2 0 
1 880 8.8 16 0.419354838709677 0.311827956989247 7.94805477770557 2 -2 0 
0 880 8.2 18 0.469015280135823 0.678763440860215 30.7668689182719 2 2 0 
1 890 8.8 16 0.406586021505376 0.238911290322581 14.799944208588 2 -2 0 
0 890 8.2 18 0.604838709677419 0.670698924731183 28.6949684416323 2 2 0 
1 900 8.8 16 0.28494623655914 0.243951612903226 25.4017715917611 2 -2 0 
0 900 8.2 18 0.50255376344086 0.690860215053763 26.4381670959754 2 2 0 
1 910 8.8 16 0.334677419354839 0.1875 15.6923548264752 2 -2 0 
0 910 8.2 18 0.481566820276498 0.670698924731183 29.8386170878442 2 2 0 
1 920 8.8 16 NaN 0.198588709677419 16.442334150307 2 -2 0 
0 920 8.2 18 0.631854838709677 0.662634408602151 26.352369001883 2 2 0 
1 930 8.8 17 0.326324884792627 0.26008064516129 21.8677008638609 2 -1 0 
0 930 8.2 18 0.512432795698925 0.420161290322581 49.0524023044411 2 1 0 
1 940 8.8 17 0.408410138248848 0.35752688172043 20.3742068988678 2 -1 0 
0 940 8.2 18 0.383064516129032 0.409274193548387 30.600525818828 2 1 0 
1 950 8.8 17 0.446140552995392 0.404569892473118 2.60345451337194 2 -1 0 
0 950 8.2 18 0.499423963133641 0.471774193548387 26.4264809854029 2 1 0 
1 960 8.8 17 0.341589861751152 0.460483870967742 11.5165947454419 2 -1 0 
0 960 8.2 18 0.440918653576438 0.460685483870968 15.3717081354624 2 1 0 
1 970 8.8 17 0.389112903225806 0.508064516129032 12.944900746834 2 -2 0 
0 970 8.2 19 0.44489247311828 0.426411290322581 6.688806035535 2 2 0 
1 980 8.8 17 0.441820276497696 0.533870967741936 10.547201918271 2 -2 0 
0 980 8.2 19 0.533986175115207 0.377016129032258 9.85459480738107 2 2 0 
1 990 8.8 17 0.370967741935484 0.449596774193548 10.9676513095111 2 -2 0 
0 990 8.2 19 0.498655913978495 0.409274193548387 12.7298230922074 2 2 0 
1 1000 8.8 17 0.370967741935484 0.430443548387097 4.28637783407347 2 -2 0 
0 1000 8.2 19 0.494922341696535 0.405645161290323 26.3698715418723 2 2 0 
1 1010 8.8 17 0.370967741935484 0.510483870967742 6.70685914814531 2 -2 0 
0 1010 8.2 19 0.615007012622721 0.445161290322581 9.53404450909517 2 2 0 
1 1020 8.8 17 0.29875366568915 0.497983870967742 6.36396103067893 2 -2 0 
0 1020 8.2 19 0.552212572373863 0.495161290322581 10.2176186389094 2 2 0 
1 1030 8.8 17 NaN 0.4375 4.5 2 -2 0 
0 1030 8.2 19 0.535483870967742 0.510483870967742 5.34291113919101 2 2 0 
1 1040 8.8 17 0.261424731182796 0.350806451612903 0 2 -2 0 
0 1040 8.2 19 0.669032258064516 0.556451612903226 20.784446497539 2 2 0 
1 1050 8.8 17 0.271712158808933 0.495967741935484 0 2 -3 0 
0 1050 8.2 20 0.537001897533207 0.561290322580645 20.8555369455504 2 3 0 
1 1060 8.8 17 0.278225806451613 0.129032258064516 0 1 -3 -1 
0 1060 8.2 20 0.54136798088411 0.558064516129032 21.1822275959673 2 3 1 
1 1070 8.8 17 0.290322580645161 0.149193548387097 5.52606813628169 1 -3 -1 
0 1070 8.2 20 0.683131720430108 0.558064516129032 21.2480606250975 2 3 1 
1 1080 8.8 18 0.279233870967742 0.242943548387097 17.2146733313958 1 -2 -1 
0 1080 8.2 20 0.5 0.568548387096774 23.3761168493869 2 2 1 
1 1090 8.8 18 0.34331797235023 0.313172043010753 12.6607612342995 1 -2 -1 
0 1090 8.2 20 0.48991935483871 0.464516129032258 41.9306328040174 2 2 1 
1 1100 8.8 18 0.34331797235023 0.316532258064516 22.1912596284054 1 -2 -1 
0 1100 8.2 20 0.653801843317972 0.529233870967742 28.3075907297715 2 2 1 
1 1110 8.8 19 0.307551319648094 0.325268817204301 14.4753792118009 1 -1 -1 
0 1110 8.2 20 0.494838709677419 0.592741935483871 12.6373428375881 2 1 1 
1 1120 8.8 19 0.352822580645161 0.225134408602151 19.8571200507376 1 -1 -1 
0 1120 8.2 20 0.476814516129032 0.651209677419355 9.66800812523854 2 1 1 
1 1130 8.8 19 0.370967741935484 0.208064516129032 20.7908678780118 1 -1 -1 
0 1130 8.2 20 0.640524193548387 0.686827956989247 13.7959654541889 2 1 1 
1 1140 8.8 19 0.298790322580645 0.345766129032258 7.04859754210504 1 -2 -1 
0 1140 8.2 21 0.534989594172737 0.657258064516129 10.0498756211209 2 2 1 
1 1150 8.8 19 0.40668202764977 0.270161290322581 17.0018716575648 1 -2 -1 
0 1150 8.2 21 0.535764375876578 0.534274193548387 16.8002976164114 2 2 1 
1 1160 8.8 20 0.40668202764977 0.263104838709677 15.4984579522654 1 -1 -1 
0 1160 8.2 21 0.710181451612903 0.588709677419355 24.9649754656399 2 1 1 
1 1170 8.8 20 0.359345351043643 0.269153225806452 5.87541753424892 1 -1 -1 
0 1170 8.2 21 0.5 0.388440860215054 45.0137478674996 2 1 1 
1 1180 8.8 20 0.383640552995392 0.283064516129032 21.4924746846952 1 -1 -1 
0 1180 8.2 21 0.436827956989247 0.461021505376344 28.1794759462279 2 1 1 
1 1190 8.8 20 0.375 0.285618279569892 28.1711293768306 1 -1 -1 
0 1190 8.2 21 0.564516129032258 0.498655913978495 9.74752729037044 2 1 1 
1 1200 8.8 20 0.372311827956989 0.352822580645161 12.9563733698664 1 -1 -1 
0 1200 8.2 21 0.48310291858679 0.387096774193548 54.2773123201043 2 1 1 
1 1210 8.8 20 0.36122311827957 0.299059139784946 16.4045305512528 1 -1 -1 
0 1210 8.2 21 0.441638370118845 0.517741935483871 42.5002961326387 2 1 1 
1 1220 8.8 20 0.367383512544803 0.305645161290323 7.32087743108333 1 -1 -1 
0 1220 8.2 21 0.575604838709677 0.53494623655914 17.4550184899794 2 1 1 
1 1230 8.8 20 0.357142857142857 0.423387096774194 13.6798036719503 1 -1 -1 
0 1230 8.2 21 0.506813125695217 0.580645161290323 9.41944158607594 2 1 1 
1 1240 8.8 20 0.395161290322581 0.362903225806452 20.8799386328686 1 -1 -1 
0 1240 8.2 21 0.539426523297491 0.490591397849462 6.39205284242034 2 1 1 
1 1250 8.8 20 0.503024193548387 0.372311827956989 20.1765252292824 1 -1 -1 
0 1250 8.2 21 0.638370118845501 0.497311827956989 9.06655371693333 2 1 1 
1 1260 8.8 20 0.269153225806452 0.364247311827957 28.1058021107612 1 -1 -1 
0 1260 8.2 21 0.505978865406007 0.428763440860215 23.3073252810787 2 1 1 
1 1270 8.8 20 0.385752688172043 0.358064516129032 23.1782293138951 1 -1 -1 
0 1270 8.2 21 0.499159946236559 0.48252688172043 3.39902892021933 2 1 1 
1 1280 8.8 20 0.385752688172043 0.403225806451613 21.1842103570079 1 -1 -1 
0 1280 8.2 21 0.657459677419355 0.407258064516129 31.1937509377713 2 1 1 
1 1290 8.8 20 0.258064516129032 0.434677419354839 7.21954813030736 1 -1 -1 
0 1290 8.2 21 0.498559907834101 0.379838709677419 42.2529217698902 2 1 1 
1 1300 8.8 21 0.387096774193548 0.438172043010753 3.21792017365801 1 0 -1 
0 1300 8.2 21 0.526026392961877 0.466935483870968 17.0146810657567 2 0 1 
1 1310 8.8 21 0.387096774193548 0.371774193548387 24.1587774947836 1 0 -1 
0 1310 8.2 21 0.690412186379928 0.520161290322581 8.66417518571616 2 0 1 
1 1320 8.8 21 NaN 0.338709677419355 27.3233458815621 1 -1 -1 
0 1320 8.2 22 0.535806451612903 0.566532258064516 15.6462059842938 2 1 1 
1 1330 8.8 21 0.376612903225806 0.445564516129032 6.04152298679729 1 -1 -1 
0 1330 8.2 22 0.478777589134126 0.541666666666667 15.6980845244685 2 1 1 
1 1340 8.8 21 0.376612903225806 0.370967741935484 1 1 -1 -1 
0 1340 8.2 22 0.608870967741936 0.465725806451613 18.3371208208922 2 1 1 
1 1350 8.8 21 0.283986175115207 0.536290322580645 16.7762961439576 1 -1 -1 
0 1350 8.2 22 0.504422476586889 0.520161290322581 0 2 1 1 
1 1360 8.8 21 0.309475806451613 0.563508064516129 8.52627543680284 1 -1 -1 
0 1360 8.2 22 0.526696329254727 0.435483870967742 0 2 1 1 
1 1370 8.8 21 0.309475806451613 0.544354838709677 3.35410196624968 1 -1 -1 
0 1370 8.2 22 0.646290322580645 0.42741935483871 0 2 1 1 
1 1380 8.8 21 0.285618279569892 0.544354838709677 4.12310562561766 1 -1 -1 
0 1380 8.2 22 0.544466845878136 NaN NaN 2 1 1 
1 1390 8.8 21 NaN 0.419354838709677 44.7094664524179 1 -1 -1 
0 1390 8.2 22 0.539725209080048 0.139112903225806 5.22015325445528 2 1 1 
1 1400 8.8 22 NaN 0.381048387096774 38.0229708911877 1 0 -1 
0 1400 8.2 22 0.675477897252091 0.225806451612903 8.24621125123532 2 0 1 
1 1410 8.8 22 0.285049627791563 0.259072580645161 12.2060756770574 1 0 -1 
0 1410 8.2 22 0.546202956989247 0.325268817204301 35.4728616537349 2 0 1 
1 1420 8.8 22 0.354435483870968 0.313508064516129 25.6633750539855 1 0 -1 
0 1420 8.2 22 0.458191850594227 0.424395161290323 55.596078706938 2 0 1 
1 1430 8.8 22 0.314247311827957 0.387096774193548 26.7875171460073 1 0 -1 
0 1430 8.2 22 0.436491935483871 0.484879032258065 42.5966090007958 2 0 1 
1 1440 8.8 22 0.389643463497453 0.42002688172043 34.3155493260749 1 0 -1 
0 1440 8.2 22 0.372311827956989 0.491935483870968 33.7285727607367 2 0 1 
1 1450 8.8 22 0.455645161290323 0.45794930875576 28.1890169715425 1 0 -1 
0 1450 8.2 22 0.370967741935484 0.414516129032258 28.7939192866473 2 0 1 
1 1460 8.8 22 0.537634408602151 0.494815668202765 36.0172451752799 1 0 -1 
0 1460 8.2 22 0.395527859237537 0.345967741935484 20.5899715030765 2 0 1 
1 1470 8.8 22 0.508219602977667 0.503225806451613 43.1828320995186 1 0 -1 
0 1470 8.2 22 0.374633431085044 0.381048387096774 6.46894292811313 2 0 1 
1 1480 8.8 23 0.520483870967742 0.472782258064516 29.3143461330556 1 0 -1 
0 1480 8.2 23 0.404233870967742 0.442204301075269 2.73839635989594 2 0 1 
1 1490 8.8 23 0.57583746898263 0.479838709677419 31.5726520157713 1 0 -1 
0 1490 8.2 23 0.463133640552995 0.428763440860215 12.4569625562085 2 0 1 
1 1500 8.8 23 0.45124633431085 0.616935483870968 0 1 0 -1 
0 1500 8.2 23 0.385304659498208 0.455645161290323 32.2319579868961 2 0 1 
1 1510 8.8 23 0.419354838709677 0.44758064516129 0 1 0 -1 
0 1510 8.2 23 0.465570719602978 0.561827956989247 32.6670222877127 2 0 1 
1 1520 8.8 23 0.597670250896057 0.217741935483871 0 1 0 -1 
0 1520 8.2 23 0.559331797235023 0.69758064516129 17.2626765016321 2 0 1 
1 1530 8.8 23 0.487903225806452 0.221774193548387 13.9014387744578 1 0 -1 
0 1530 8.2 23 0.569444444444444 0.75 0 2 0 1 
1 1540 8.8 23 0.395161290322581 0.25 22.6125219351093 1 0 -1 
0 1540 8.2 23 0.459274193548387 0.441532258064516 67.175144212722 2 0 1 
1 1550 8.8 23 0.629032258064516 0.275345622119816 15.5983269679566 1 0 -1 
0 1550 8.2 23 0.481350806451613 0.344086021505376 43.4571828473685 2 0 1 
1 1560 8.8 23 0.436827956989247 0.371543778801843 8.98297961325271 1 0 -1 
0 1560 8.2 23 0.512096774193548 0.372311827956989 10.5399901606012 2 0 1 
1 1570 8.8 23 0.358504398826979 0.436059907834101 34.2860402109305 1 0 -1 
0 1570 8.2 23 0.436290322580645 0.381720430107527 1.80048134510463 2 0 1 
1 1580 8.8 23 0.461693548387097 0.491263440860215 39.7145077728395 1 0 -1 
0 1580 8.2 23 0.512096774193548 0.461021505376344 7.8178022661189 2 0 1 
1 1590 8.8 23 0.463235294117647 0.465725806451613 21.8106002252235 1 0 -1 
0 1590 8.2 23 0.599798387096774 0.397177419354839 33.6668439311325 2 0 1 
1 1600 8.8 24 0.471774193548387 0.443548387096774 13.5396152634594 1 1 -1 
0 1600 8.2 23 0.575100806451613 0.32258064516129 32.9774778886665 2 -1 1 
1 1610 8.8 24 0.579301075268817 0.520161290322581 6.93727466650698 1 1 -1 
0 1610 8.2 23 0.575352822580645 0.362903225806452 18.9736659610103 2 -1 1 
1 1620 8.8 24 0.525873655913979 0.577956989247312 12.8635566183343 1 1 -1 
0 1620 8.2 23 0.394489247311828 0.379032258064516 0 2 -1 1 
1 1630 8.8 24 0.538306451612903 0.588709677419355 16.8394488002861 1 1 -1 
0 1630 8.2 23 0.395161290322581 0.290322580645161 0 2 -1 1 
1 1640 8.8 24 0.683755760368664 0.584677419354839 17.532230797564 1 1 -1 
0 1640 8.2 23 0.642137096774194 0.298387096774194 0 2 -1 1 
1 1650 8.8 24 0.506641366223909 0.460483870967742 32.4132648143252 1 1 0 
0 1650 8.2 23 0.495967741935484 0.185483870967742 0 1 -1 0 
1 1660 8.8 24 0.554032258064516 0.5 28.0935438298673 1 1 0 
0 1660 8.2 23 0.559863523573201 0.155913978494624 6.51270792553047 1 -1 0 
1 1670 8.8 24 0.651612903225806 0.470161290322581 25.2306189381937 1 1 0 
0 1670 8.2 23 0.67558651026393 0.19489247311828 10.5649389015158 1 -1 0 
1 1680 8.8 24 0.469959677419355 0.373991935483871 23.4151037389142 1 1 0 
0 1680 8.2 23 0.43477229601518 0.237903225806452 22.7111326479893 1 -1 0 
1 1690 8.8 24 0.496898263027295 0.454637096774194 11.8801726836256 1 1 0 
0 1690 8.2 23 0.449020737327189 0.325806451612903 22.9671345300817 1 -1 0 
1 1700 8.8 24 0.618548387096774 0.564516129032258 7.72298943249921 1 0 0 
0 1700 8.2 24 0.459005376344086 0.336290322580645 17.4797384932502 1 0 0 
1 1710 8.8 24 0.491935483870968 0.667626728110599 3.46435978119836 1 0 1 
0 1710 8.2 24 0.300248138957816 0.300403225806452 8.46503601295889 0 0 -1 
1 1720 8.8 25 0.433823529411765 0.69758064516129 4.03780152911648 1 1 1 
0 1720 8.2 24 0.301075268817204 0.317204301075269 6.48955067413035 0 -1 -1 
1 1730 8.8 25 0.442108294930876 0.733870967741936 0 1 1 1 
0 1730 8.2 24 0.314516129032258 0.306451612903226 0 0 -1 -1 
1 1740 8.8 25 0.645609318996416 0.76747311827957 5.61079752081163 1 1 1 
0 1740 8.2 24 0.283410138248848 0.258064516129032 0 0 -1 -1 
1 1750 8.8 25 0.636088709677419 0.817204301075269 3.88248867922657 1 1 1 
0 1750 8.2 24 NaN 0.181451612903226 0 0 -1 -1 
1 1760 8.8 25 0.710181451612903 0.829301075268817 0.654038835263631 1 1 1 
0 1760 8.2 24 NaN 0.153225806451613 0 0 -1 -1 
