1 30 6.8 1 NaN 0.337903225806452 23.3987379087723 3 0 0 
0 30 6.8 1 NaN 0.289314516129032 30.8965223911767 3 0 0 
1 40 6.8 1 NaN 0.353225806451613 21.227678314181 3 0 0 
0 40 6.8 1 NaN 0.29758064516129 30.1250008067717 3 0 0 
1 50 6.8 1 0.383064516129032 0.421774193548387 18.2023014482843 3 0 0 
0 50 6.8 1 0.379032258064516 0.35241935483871 36.3844914366813 3 0 0 
1 60 6.8 1 0.375 0.517741935483871 8.07789248527712 3 0 0 
0 60 6.8 1 0.375 0.473387096774194 32.7622421608196 3 0 0 
1 70 6.8 1 0.380376344086022 0.495967741935484 16.8599539258207 3 0 0 
0 70 6.8 1 0.403225806451613 0.455645161290323 41.9837931006926 3 0 0 
1 80 6.8 1 0.459845430107527 0.485483870967742 32.9777033319733 3 0 0 
0 80 6.8 1 0.451334816462736 0.474193548387097 41.4564312066138 3 0 0 
1 90 6.8 1 0.402361751152074 0.475 34.0767352157324 3 0 0 
0 90 6.8 1 0.385694249649369 0.493548387096774 40.1409388860999 3 0 0 
1 100 6.8 1 0.425883256528418 0.492741935483871 34.7556920506068 3 0 0 
0 100 6.8 1 0.428519061583578 0.462096774193548 36.6227848791259 3 0 0 
1 110 6.8 2 0.470280764635603 0.509677419354839 34.216632798517 3 0 0 
0 110 6.8 2 0.478415559772296 0.464516129032258 34.2951440938751 3 0 0 
1 120 6.8 2 0.425403225806452 0.5 35.1701748402653 3 0 0 
0 120 6.8 2 0.389516129032258 0.462903225806452 35.1157068594565 3 0 0 
1 130 6.8 2 0.436059907834101 0.464516129032258 36.0255418683235 3 0 0 
0 130 6.8 2 0.38508064516129 0.483870967741936 34.9811727522788 3 0 0 
1 140 6.8 2 0.473352033660589 0.419354838709677 31.9274182639589 3 -1 0 
0 140 6.8 3 0.458286985539488 0.49758064516129 36.4804272546585 3 1 0 
1 150 6.8 3 0.403225806451613 0.511088709677419 4.05785513420132 3 0 0 
0 150 6.8 3 0.402096774193548 0.486290322580645 19.8767190981022 3 0 0 
1 160 6.8 3 0.420698924731183 0.524193548387097 7.32153401522048 3 0 0 
0 160 6.8 3 0.435850439882698 0.47258064516129 27.5009710389631 3 0 0 
1 170 6.8 3 0.482190860215054 0.403225806451613 27.3035666720156 3 0 0 
0 170 6.8 3 0.489186217008798 0.499193548387097 31.73649337794 3 0 0 
1 180 6.8 4 0.415898617511521 0.477822580645161 22.375905546386 3 0 0 
0 180 6.8 4 0.399354838709677 0.46875 26.9347798678217 3 0 0 
1 190 6.8 4 0.400771388499299 0.477822580645161 2.67294632656682 3 0 0 
0 190 6.8 4 0.411674347158218 0.493951612903226 31.036269105677 3 0 0 
1 200 6.8 4 0.464485111662531 0.502016129032258 2.58630963184499 3 0 0 
0 200 6.8 4 0.461549539170507 0.362903225806452 47.1755930634477 3 0 0 
1 210 6.8 5 0.414100684261975 0.430645161290323 26.7928051259828 3 0 0 
0 210 6.8 5 0.390625 0.264516129032258 35.4771155858083 3 0 0 
1 220 6.8 5 0.443116359447005 0.457258064516129 28.6186634643196 3 0 0 
0 220 6.8 5 0.435 0.341129032258065 15.4975196536942 3 0 0 
1 230 6.8 5 0.477639296187683 0.49758064516129 24.1717925330847 3 0 0 
0 230 6.8 5 0.462468982630273 0.470161290322581 6.09461292787936 3 0 0 
1 240 6.8 6 0.429569892473118 0.477822580645161 26.0349771373557 3 1 0 
0 240 6.8 5 0.39779776674938 0.506451612903226 2.64373506964043 3 -1 0 
1 250 6.8 6 0.402973790322581 0.448924731182796 22.1228803565511 3 0 0 
0 250 6.8 6 0.393397177419355 0.544354838709677 5.28946826025259 3 0 0 
1 260 6.8 6 0.442096774193548 0.352822580645161 27.646416699175 3 0 0 
0 260 6.8 6 0.468413978494624 0.533870967741936 5.61960379451431 3 0 0 
1 270 6.8 6 0.409348864994026 0.364516129032258 23.9022835620925 3 0 0 
0 270 6.8 6 0.39454094292804 0.526612903225806 17.3988340669739 3 0 0 
1 280 6.8 6 0.430925666199158 0.42258064516129 15.8535632406647 3 0 0 
0 280 6.8 6 0.42772952853598 0.491935483870968 19.7604277570122 3 0 0 
1 290 6.8 6 0.480414746543779 0.501612903225806 28.4993702812411 3 0 0 
0 290 6.8 6 0.467741935483871 0.465322580645161 26.9252043421179 3 0 0 
1 300 6.8 7 0.415466589861751 0.491935483870968 30.8448403760496 3 1 0 
0 300 6.8 6 0.401519851116625 0.466935483870968 26.0418819129133 3 -1 0 
1 310 6.8 7 0.379032258064516 0.461290322580645 26.6714476785749 3 0 0 
0 310 6.8 7 0.442588325652842 0.494354838709677 23.720514547303 3 0 0 
1 320 6.8 7 0.440710872162485 0.526612903225806 23.0480764059687 3 0 0 
0 320 6.8 7 0.465260545905707 0.395967741935484 19.5751067528411 3 0 0 
1 330 6.8 7 0.448924731182796 0.501612903225806 23.65032419191 3 0 0 
0 330 6.8 7 0.380184331797235 0.308064516129032 27.1174219951072 3 0 0 
1 340 6.8 8 0.462624069478908 0.499193548387097 28.2214189664948 3 1 0 
0 340 6.8 7 0.391129032258065 0.357258064516129 30.4667639139316 3 -1 0 
1 350 6.8 8 0.502565982404692 0.454032258064516 29.2062461153705 3 1 0 
0 350 6.8 7 0.451804915514593 0.417741935483871 33.7396917714637 3 -1 0 
1 360 6.8 8 0.419220430107527 0.423387096774194 20.3734646214465 3 1 0 
0 360 6.8 7 0.432281783681214 0.483064516129032 35.194865903798 3 -1 0 
1 370 6.8 8 0.408309957924264 0.437096774193548 24.4314529818301 3 0 0 
0 370 6.8 8 0.438387096774194 0.474193548387097 18.494425919289 3 0 0 
1 380 6.8 8 0.477066532258065 0.485483870967742 22.8421365272119 3 0 0 
0 380 6.8 8 0.494868035190616 0.457258064516129 11.3234659523765 3 0 0 
1 390 6.8 8 0.434601814516129 0.487903225806452 8.70347479585236 3 0 0 
0 390 6.8 8 0.39957757296467 0.499193548387097 4.92650655021785 3 0 0 
1 400 6.8 9 0.398573200992556 0.461693548387097 3.04138126514911 3 0 0 
0 400 6.8 9 0.379416282642089 0.52258064516129 4.50538108769844 3 0 0 
1 410 6.8 9 0.475507765830346 0.318548387096774 46.7044996057777 3 0 0 
0 410 6.8 9 0.459929435483871 0.537903225806452 9.7889672340103 3 0 0 
1 420 6.8 9 0.44668458781362 0.288306451612903 35.5654484629542 3 0 0 
0 420 6.8 9 0.375672043010753 0.509677419354839 17.69562156454 3 0 0 
1 430 6.8 9 0.429291474654378 0.346774193548387 46.2480101416594 3 0 0 
0 430 6.8 9 0.379215542521994 0.462903225806452 7.26236698015586 3 0 0 
1 440 6.8 9 0.48163082437276 0.404233870967742 40.3894105949855 3 -1 0 
0 440 6.8 10 0.430695564516129 0.541129032258065 3.24156049372343 3 1 0 
1 450 6.8 9 0.478763440860215 0.495967741935484 32.1525210736924 3 -1 0 
0 450 6.8 10 0.418682795698925 0.520967741935484 11.1112546765534 3 1 0 
1 460 6.8 10 0.479004449388209 0.418548387096774 45.1057456649348 3 0 0 
0 460 6.8 10 0.386672325976231 0.545161290322581 32.0943620765139 3 0 0 
1 470 6.8 10 0.470878136200717 0.420967741935484 41.2121712081266 3 0 0 
0 470 6.8 10 0.410215053763441 0.525 43.5467002081553 3 0 0 
1 480 6.8 10 0.435138248847926 0.491935483870968 32.235274477092 3 -1 0 
0 480 6.8 11 0.38508064516129 0.430443548387097 34.8164432460752 3 1 0 
1 490 6.8 11 0.453064516129032 0.554838709677419 23.0668324232921 3 0 0 
0 490 6.8 11 0.407258064516129 0.383064516129032 28.9736547007518 3 0 0 
1 500 6.8 11 0.515891840607211 0.559677419354839 19.9668092046659 3 0 0 
0 500 6.8 11 0.428194789081886 0.355846774193548 39.9305129764255 3 0 0 
1 510 6.8 11 0.442462779156328 0.567741935483871 29.3726342793217 3 0 0 
0 510 6.8 11 0.444775596072931 0.325 40.1044939192569 3 0 0 
1 520 6.8 11 0.38991935483871 0.533602150537634 33.8240063642761 3 0 0 
0 520 6.8 11 0.440065982404692 0.338709677419355 33.0435407256618 3 0 0 
1 530 6.8 11 0.454459203036053 0.528225806451613 49.7292670366254 3 -1 0 
0 530 6.8 12 0.455220713073005 0.429838709677419 16.2797762884171 3 1 0 
1 540 6.8 11 0.44591212458287 0.166666666666667 20.3182913511516 3 -1 0 
0 540 6.8 12 0.395322580645161 0.493548387096774 15.286678391588 3 1 0 
1 550 6.8 11 0.428763440860215 0.232862903225806 32.6096172449158 3 -1 0 
0 550 6.8 12 0.399368863955119 0.433064516129032 34.0666415157395 3 1 0 
1 560 6.8 11 0.487455197132616 0.328225806451613 20.6496615527775 3 -1 0 
0 560 6.8 12 0.485047043010753 0.464516129032258 36.6773320256857 3 1 0 
1 570 6.8 11 0.410734149054505 0.454032258064516 10.7578134356743 3 -1 0 
0 570 6.8 12 0.451019924098672 0.47258064516129 36.3667250422536 3 1 0 
1 580 6.8 12 0.445564516129032 0.504032258064516 7.77652551547281 3 -1 0 
0 580 6.8 13 0.46903801843318 0.457258064516129 36.1421524840271 3 1 0 
1 590 6.8 12 0.470564516129032 0.525806451612903 10.7749391662073 3 -1 0 
0 590 6.8 13 0.608467741935484 0.437903225806452 34.5392381463949 3 1 0 
1 600 6.8 12 0.453391840607211 0.474193548387097 9.49942009975699 3 -1 0 
0 600 6.8 13 0.434763824884793 0.484677419354839 35.4234765923441 3 1 0 
1 610 6.8 12 0.509072580645161 0.512903225806452 7.71164149578426 3 -1 0 
0 610 6.8 13 0.376550868486352 0.474798387096774 33.981947767852 3 1 0 
1 620 6.8 13 0.503506311360449 0.545967741935484 3.16026054499785 3 0 0 
0 620 6.8 13 0.50366568914956 0.450268817204301 14.5306498866765 3 0 0 
1 630 6.8 13 0.415178571428571 0.47258064516129 15.2302037566752 3 0 0 
0 630 6.8 13 0.433922996878252 0.365591397849462 6.13650737428351 3 0 0 
1 640 6.8 13 0.465725806451613 0.308064516129032 32.91723859017 3 0 0 
0 640 6.8 13 0.449074074074074 0.288978494623656 21.9302576272239 3 0 0 
1 650 6.8 13 0.503763440860215 0.350806451612903 26.7128191795412 3 0 0 
0 650 6.8 13 0.517369727047146 0.249193548387097 23.143898527775 3 0 0 
1 660 6.8 13 0.381964809384164 0.439516129032258 39.5000634124871 3 0 0 
0 660 6.8 13 0.443660394265233 0.311290322580645 17.17604924556 3 0 0 
1 670 6.8 13 0.394354838709677 0.424193548387097 34.5641846230827 3 0 0 
0 670 6.8 13 0.417413381123058 0.408870967741935 11.9948662353701 3 0 0 
1 680 6.8 14 0.454796264855688 0.425 24.5866755632497 3 1 0 
0 680 6.8 13 0.458709677419355 0.528225806451613 2.4325267353931 3 -1 0 
1 690 6.8 14 0.375672043010753 0.38508064516129 29.9105041455181 3 0 0 
0 690 6.8 14 0.436043906810036 0.516129032258065 7.15330103186869 3 0 0 
1 700 6.8 14 0.405058651026393 0.46875 52.3979129609271 3 0 0 
0 700 6.8 14 0.466441207075963 0.524193548387097 15.7046436150021 3 0 0 
1 710 6.8 14 0.529233870967742 0.493279569892473 44.2252727471683 3 0 0 
0 710 6.8 14 0.503136200716846 0.55241935483871 5.0548837003272 3 0 0 
1 720 6.8 14 0.40581797235023 0.380040322580645 50.9320864468076 3 -1 0 
0 720 6.8 15 0.520721326164875 0.616935483870968 4.0275479183538 3 1 0 
1 730 6.8 14 0.418682795698925 0.378024193548387 34.7057850689212 3 -1 0 
0 730 6.8 15 0.532082748948107 0.62741935483871 4.68400756826792 3 1 0 
1 740 6.8 15 0.525124069478908 0.399193548387097 36.9809115417257 3 0 0 
0 740 6.8 15 0.561290322580645 0.548387096774194 22.2730130210599 3 0 0 
1 750 6.8 15 0.412460978147763 0.375806451612903 38.3385435362509 3 0 0 
0 750 6.8 15 0.461962365591398 0.519354838709677 8.66249378400396 3 0 0 
1 760 6.8 15 0.411774193548387 0.376008064516129 6.87590274735996 3 0 0 
0 760 6.8 15 0.477246543778802 0.557258064516129 7.02650157366325 3 0 0 
1 770 6.8 15 0.445301542776999 0.328629032258065 2.53149775490362 3 0 0 
0 770 6.8 15 0.483294930875576 0.631451612903226 13.9491450770904 3 0 0 
1 780 6.8 15 0.415882616487455 0.288306451612903 4.84173945579797 3 0 0 
0 780 6.8 15 0.439814814814815 0.686290322580645 6.48671911619978 3 0 0 
1 790 6.8 15 0.415658602150538 0.296370967741936 3.65759415785134 3 0 0 
0 790 6.8 15 0.480376344086021 0.659677419354839 5.16449220513141 3 0 0 
1 800 6.8 15 0.477196885428254 0.334677419354839 21.1477973708403 3 -1 0 
0 800 6.8 16 0.533808933002481 0.607258064516129 3.74028118822419 3 1 0 
1 810 6.8 16 0.449833965844402 0.384408602150538 10.8360755127082 3 0 0 
0 810 6.8 16 0.433998302207131 0.569354838709677 3.52587449575694 3 0 0 
1 820 6.8 16 0.466571279916753 0.307795698924731 1.73613881962703 3 0 0 
0 820 6.8 16 0.460685483870968 0.629032258064516 9.52001834363489 3 0 0 
1 830 6.8 16 0.498655913978495 0.31989247311828 22.9710889719913 3 0 0 
0 830 6.8 16 0.513370118845501 0.52258064516129 9.25393821864358 3 0 0 
1 840 6.8 16 0.46320564516129 0.373655913978495 32.966542112342 3 0 0 
0 840 6.8 16 0.447931276297335 0.482258064516129 12.4970470247083 3 0 0 
1 850 6.8 16 0.495112414467253 0.356854838709677 36.0827982785106 3 -1 0 
0 850 6.8 17 0.401985111662531 0.426612903225806 34.0226987616926 3 1 0 
1 860 6.8 16 0.536290322580645 0.396774193548387 39.4838030327739 3 -1 0 
0 860 6.8 17 0.449193548387097 0.399193548387097 39.8688035546098 3 1 0 
1 870 6.8 16 0.481901725431358 0.441935483870968 39.5728186035027 3 -1 0 
0 870 6.8 17 0.373576850094877 0.375 27.8168886678778 3 1 0 
1 880 6.8 16 0.488163371488033 0.463709677419355 39.7585931474507 3 -1 0 
0 880 6.8 17 0.371898263027295 0.440322580645161 19.2884294550992 3 1 0 
1 890 6.8 17 0.590725806451613 0.496774193548387 43.9481812512433 3 0 0 
0 890 6.8 17 0.332157258064516 0.491129032258064 5.45936247733788 3 0 0 
1 900 6.8 17 0.501741202346041 0.491935483870968 53.7890790486091 3 0 0 
0 900 6.8 17 0.308870967741935 0.576612903225806 2.90732621144911 3 0 0 
1 910 6.8 17 0.423036465638149 0.450806451612903 46.337530597329 3 0 0 
0 910 6.8 17 0.336510263929619 0.548387096774194 3.06333250223227 3 0 0 
1 920 6.8 17 0.590542521994135 0.462903225806452 42.2859820971928 3 0 0 
0 920 6.8 17 0.325460829493088 0.620161290322581 5.3350062220869 3 0 0 
1 930 6.8 17 0.506048387096774 0.45241935483871 46.4123801172457 3 0 0 
0 930 6.8 17 0.335685483870968 0.612903225806452 5.84152959928163 3 0 0 
1 940 6.8 17 0.501176075268817 0.508064516129032 43.398931948316 3 0 0 
0 940 6.8 17 0.371219758064516 0.466935483870968 11.5847672641049 3 0 0 
1 950 6.8 17 0.548697270471464 0.430645161290323 20.7946318742278 3 0 0 
0 950 6.8 17 0.371219758064516 0.357258064516129 11.4421673079808 3 0 0 
1 960 6.8 17 0.474171752397559 0.365322580645161 22.7971601774499 3 0 0 
0 960 6.8 17 0.369354838709677 0.32741935483871 12.8442262905931 3 0 0 
1 970 6.8 17 0.410373900293255 0.449193548387097 12.4418921327835 3 0 0 
0 970 6.8 17 0.408266129032258 0.354032258064516 7.56992554675453 3 0 0 
1 980 6.8 17 0.523387096774194 0.570161290322581 9.7758379913966 3 -1 0 
0 980 6.8 18 0.42258064516129 0.476612903225806 11.4541679896596 3 1 0 
1 990 6.8 18 0.473408892763731 0.537096774193548 20.2997421940072 3 0 0 
0 990 6.8 18 0.372379032258065 0.485483870967742 9.15091538260149 3 0 0 
1 1000 6.8 18 0.495256166982922 0.518548387096774 21.2447738139597 3 0 1 
0 1000 6.8 18 0.41008064516129 0.486290322580645 10.1384198522579 2 0 -1 
1 1010 6.8 18 0.606919875130073 0.441129032258065 33.6443994097016 3 0 1 
0 1010 6.8 18 0.467237903225806 0.550806451612903 8.50278991956267 2 0 -1 
1 1020 6.8 18 0.561984246061515 0.460483870967742 27.5875509608624 3 0 1 
0 1020 6.8 18 0.391495601173021 0.495967741935484 13.1885742603546 2 0 -1 
1 1030 6.8 19 0.529533565823888 0.475 31.3761545920894 3 1 1 
0 1030 6.8 18 0.383064516129032 0.486290322580645 12.1054268095712 2 -1 -1 
1 1040 6.8 19 0.6065296566077 0.445967741935484 11.86724493367 3 0 1 
0 1040 6.8 19 0.505184331797235 0.351612903225806 18.1729054881973 2 0 -1 
1 1050 6.8 19 0.513688455008489 0.479838709677419 3.26142715787305 3 0 1 
0 1050 6.8 19 0.299303519061584 0.339516129032258 25.1635303628224 2 0 -1 
1 1060 6.8 19 0.496512641673932 0.483870967741936 3.65251308772452 3 0 1 
0 1060 6.8 19 0.388978494623656 0.412096774193548 27.5881780149406 2 0 -1 
1 1070 6.8 19 0.564717741935484 0.438709677419355 10.4640532013547 3 0 1 
0 1070 6.8 19 0.388978494623656 0.399193548387097 26.2064084817728 2 0 -1 
1 1080 6.8 19 0.493493401759531 0.504838709677419 31.9486531375491 3 0 1 
0 1080 6.8 19 0.351478494623656 0.275 19.1403849125475 2 0 -1 
1 1090 6.8 19 0.510317836812144 0.560483870967742 29.0498234149343 3 0 1 
0 1090 6.8 19 0.359543010752688 0.226612903225806 6.33923458910487 2 0 -1 
1 1100 6.8 19 0.639231499051233 0.616935483870968 24.5441168141419 3 0 1 
0 1100 6.8 19 0.354390681003584 0.225806451612903 9.4265650842354 2 0 -1 
1 1110 6.8 19 0.561224489795918 0.591935483870968 11.53885273876 3 -1 1 
0 1110 6.8 20 0.300996204933586 0.282258064516129 8.98523581778258 2 1 -1 
1 1120 6.8 19 0.445476858345021 0.489516129032258 12.6535147676738 3 -1 1 
0 1120 6.8 20 0.390198511166253 0.366935483870968 12.4322551404343 2 1 -1 
1 1130 6.8 20 0.665826612903226 0.479032258064516 16.7729175846064 3 0 1 
0 1130 6.8 20 0.390198511166253 0.3 15.1116202072406 2 0 -1 
1 1140 6.8 20 0.4834229390681 0.514516129032258 15.6046652071886 3 0 1 
0 1140 6.8 20 0.334101382488479 0.262903225806452 9.78762582012941 2 0 -1 
1 1150 6.8 20 0.465530697190427 0.493548387096774 10.1112349537977 3 0 1 
0 1150 6.8 20 0.397642679900744 0.367741935483871 6.90796488546688 2 0 -1 
1 1160 6.8 20 0.568692396313364 0.466733870967742 21.8000013466049 3 0 1 
0 1160 6.8 20 0.428039702233251 0.510483870967742 2.69578246585383 2 0 -1 
1 1170 6.8 20 0.527295285359802 0.455645161290323 24.5627882960773 3 0 1 
0 1170 6.8 20 0.344982078853047 0.560483870967742 13.9082601060106 2 0 -1 
1 1180 6.8 20 0.427052785923754 0.435483870967742 25.4558441227157 2 -1 0 
0 1180 6.8 21 0.377016129032258 0.6 17.4093318580902 2 1 0 
1 1190 6.8 20 0.529737903225806 0.366935483870968 40.0281151192509 1 -1 0 
0 1190 6.8 21 0.442617866004963 0.569354838709677 14.8413839203032 1 1 0 
1 1200 6.8 20 0.474846390168971 0.487903225806452 1.80277563773199 1 -1 0 
0 1200 6.8 21 0.377731529656608 0.513709677419355 17.5919476682073 1 1 0 
1 1210 6.8 20 0.445708525345622 0.417338709677419 2.91547594742265 1 -1 0 
0 1210 6.8 21 0.451400679117148 0.537903225806452 13.756927387816 1 1 0 
1 1220 6.8 20 0.529156327543424 0.32258064516129 9.10116046116107 1 -1 0 
0 1220 6.8 21 0.501411290322581 0.505645161290323 13.7897230902353 1 1 0 
1 1230 6.8 20 0.483744959677419 0.356182795698925 13.0831426468622 1 -1 0 
0 1230 6.8 21 0.452834799608993 0.501612903225806 14.9785641811502 1 1 0 
1 1240 6.8 20 0.485691987513007 0.224462365591398 27.8917580418796 0 -1 -1 
0 1240 6.8 21 0.484122983870968 0.518548387096774 5.64141440350386 1 1 1 
1 1250 6.8 20 0.551799007444169 0.244623655913978 13.3707981785829 0 -2 -1 
0 1250 6.8 22 0.584440227703985 0.612096774193548 15.5448693270161 1 2 1 
1 1260 6.8 20 0.429900744416873 0.224462365591398 4.18654318839274 0 -2 -1 
0 1260 6.8 22 0.467867943548387 0.682258064516129 9.55086350979763 1 2 1 
1 1270 6.8 20 0.55241935483871 0.274193548387097 4.21637021355784 0 -2 -1 
0 1270 6.8 22 0.500672043010753 0.589516129032258 23.5363120455123 1 2 1 
1 1280 6.8 20 0.604166666666667 0.330645161290323 6.34326471106651 0 -2 -1 
0 1280 6.8 22 0.616935483870968 0.610483870967742 25.4581051658361 1 2 1 
1 1290 6.8 20 0.390916808149406 0.362903225806452 0.924950591148528 0 -2 -1 
0 1290 6.8 22 0.373415898617512 0.621774193548387 9.90155977434504 1 2 1 
1 1300 6.8 20 0.463997695852535 0.349462365591398 4.54647569802192 0 -2 -1 
0 1300 6.8 22 0.372153700189753 0.657258064516129 3.70174755780671 1 2 1 
1 1310 6.8 20 0.439804147465438 0.235483870967742 17.782443025439 0 -2 -1 
0 1310 6.8 22 0.419758064516129 0.671774193548387 7.63293042497523 1 2 1 
1 1320 6.8 21 0.290322580645161 0.246774193548387 3.31058072293392 0 -1 -1 
0 1320 6.8 22 0.440860215053763 0.725806451612903 4.26675496808627 1 1 1 
1 1330 6.8 21 0.381720430107527 0.34758064516129 3.98720993614684 0 -1 -1 
0 1330 6.8 22 0.449952561669829 0.60752688172043 4.58653562178886 1 1 1 
1 1340 6.8 21 0.381720430107527 0.457258064516129 5.33439934557093 0 -1 -1 
0 1340 6.8 22 0.541605571847507 0.453629032258065 4.5 1 1 1 
1 1350 6.8 21 0.349910394265233 0.514516129032258 26.7459403479706 0 -1 -1 
0 1350 6.8 22 0.472222222222222 0.391129032258065 11.8004237212059 1 1 1 
1 1360 6.8 21 0.38508064516129 0.502016129032258 33.2009207448192 0 -1 -1 
0 1360 6.8 22 0.495967741935484 0.395161290322581 5.09901951359278 1 1 1 
1 1370 6.8 21 0.441348973607038 0.491129032258064 43.9644217502284 0 -1 -1 
0 1370 6.8 22 0.558157568238213 0.389112903225806 4.03112887414927 1 1 1 
1 1380 6.8 21 0.355715287517532 0.500806451612903 66.9095439209907 0 -1 0 
0 1380 6.8 22 0.487292277614858 0.356182795698925 53.1158077295091 0 1 0 
1 1390 6.8 21 0.380893300248139 0.497983870967742 54.9283001029583 0 -1 0 
0 1390 6.8 22 0.443740399385561 0.372311827956989 55.0721145851572 0 1 0 
1 1400 6.8 21 0.532258064516129 0.482862903225806 47.3163026537423 0 -1 0 
0 1400 6.8 22 0.613327674023769 0.279233870967742 47.2928703391902 0 1 0 
1 1410 6.8 21 0.410330261136713 0.504032258064516 7.50484935468153 0 -1 0 
0 1410 6.8 22 0.526998597475456 0.35383064516129 53.6249012703445 0 1 0 
1 1420 6.8 21 NaN NaN NaN 0 -1 0 
0 1420 6.8 22 NaN NaN NaN 0 1 0 
