1 30 7.2 1 NaN 0.309677419354839 3.63773898228952 2 0 0 
0 30 5.4 1 NaN 0.292741935483871 35.4674475829597 2 0 0 
1 40 7.2 1 NaN 0.257258064516129 5.34097319029405 2 0 0 
0 40 5.4 1 NaN 0.339516129032258 31.4038370873865 2 0 0 
1 50 7.2 1 0.395161290322581 0.32258064516129 23.2431924493601 2 0 0 
0 50 5.4 1 NaN 0.376612903225806 35.4993608952895 2 0 0 
1 60 7.2 1 0.383064516129032 0.429838709677419 28.6154498259503 2 0 0 
0 60 5.4 1 0.383064516129032 0.489516129032258 32.8500265817611 2 0 0 
1 70 7.2 1 0.389976958525346 0.442741935483871 30.5297461777087 2 0 0 
0 70 5.4 1 0.390264976958525 0.47741935483871 34.3697535233606 2 0 0 
1 80 7.2 1 0.476736972704715 0.49758064516129 37.6028809587589 2 0 0 
0 80 5.4 1 0.474942396313364 0.463709677419355 35.1899051031136 2 0 0 
1 90 7.2 1 0.418951612903226 0.487903225806452 40.0278785267696 2 0 0 
0 90 5.4 1 0.383064516129032 0.460685483870968 39.2351637899487 2 0 0 
1 100 7.2 1 0.417590725806452 0.484879032258065 39.7899424195562 2 0 0 
0 100 5.4 1 0.392679900744417 0.456653225806452 36.3929558952345 2 0 0 
1 110 7.2 2 0.485887096774194 0.417741935483871 47.3120886446342 2 0 0 
0 110 5.4 2 0.448924731182796 0.398387096774194 48.8365435856733 2 0 0 
1 120 7.2 2 0.3984375 0.47741935483871 38.5935312658703 2 0 0 
0 120 5.4 2 0.393649193548387 0.425806451612903 39.5887358445001 2 0 0 
1 130 7.2 2 0.402915632754343 0.462903225806452 38.3103454925432 2 0 0 
0 130 5.4 2 0.395833333333333 0.47258064516129 38.6638502348581 2 0 0 
1 140 7.2 2 0.500672043010753 0.456451612903226 38.8679234700528 2 0 0 
0 140 5.4 2 0.482038123167155 0.439516129032258 46.4651971737682 2 0 0 
1 150 7.2 3 0.407732447817837 0.409677419354839 32.311010418857 2 0 0 
0 150 5.4 3 0.422267025089606 0.438709677419355 33.3297037351739 2 0 0 
1 160 7.2 3 0.383064516129032 0.454838709677419 14.2557159226362 2 0 0 
0 160 5.4 3 0.414373814041746 0.476814516129032 22.8318927694352 2 0 0 
1 170 7.2 3 0.484801488833747 0.462903225806452 8.66660410767537 2 0 0 
0 170 5.4 3 0.490694789081886 0.476814516129032 6.99529647274898 2 0 0 
1 180 7.2 3 0.395413306451613 0.489516129032258 7.49663527573062 2 0 0 
0 180 5.4 3 0.420506912442396 0.467741935483871 3.03224755112299 2 0 0 
1 190 7.2 3 0.391993087557604 0.455645161290323 9.06914820437612 2 0 0 
0 190 5.4 3 0.396925403225806 0.391935483870968 27.2861646977896 2 0 0 
1 200 7.2 3 0.484181141439206 0.454032258064516 8.08512936021137 2 0 0 
0 200 5.4 3 0.492943548387097 0.416935483870968 22.3747053871729 2 0 0 
1 210 7.2 4 0.402277039848197 0.479032258064516 22.9082100903732 2 0 0 
0 210 5.4 4 0.410170250896057 0.418346774193548 5.2322593782795 2 0 0 
1 220 7.2 4 0.383064516129032 0.381048387096774 26.9206935559706 2 0 0 
0 220 5.4 4 0.383995037220844 0.4 26.3180616975005 2 0 0 
1 230 7.2 4 0.466589861751152 0.441532258064516 17.8951945036509 2 0 0 
0 230 5.4 4 0.471522177419355 0.432459677419355 19.5048704676301 2 0 0 
1 240 7.2 4 0.379765395894428 0.416935483870968 18.4369344031109 2 0 0 
0 240 5.4 4 0.433284457478006 0.398185483870968 34.874175500252 2 0 0 
1 250 7.2 5 0.38536866359447 0.399193548387097 15.4167540732917 2 0 0 
0 250 5.4 5 0.445430107526882 0.371774193548387 45.9168405221313 2 0 0 
1 260 7.2 5 0.445276497695852 0.360483870967742 8.50498099936354 2 0 0 
0 260 5.4 5 0.51302729528536 0.490322580645161 23.9720168142383 2 0 0 
1 270 7.2 5 0.404345878136201 0.393548387096774 4.32226052891283 2 0 0 
0 270 5.4 5 0.431854838709677 0.517137096774194 27.8682635602886 2 0 0 
1 280 7.2 6 0.388248847926267 0.435483870967742 12.648676839857 2 1 0 
0 280 5.4 5 0.39602534562212 0.526881720430108 34.8656093883209 2 -1 0 
1 290 7.2 6 0.493279569892473 0.483870967741936 26.279793514171 2 0 0 
0 290 5.4 6 0.500672043010753 0.378024193548387 44.2806507797469 2 0 0 
1 300 7.2 6 0.383064516129032 0.506451612903226 26.1037722428387 2 0 0 
0 300 5.4 6 0.383064516129032 0.343548387096774 34.4699566062178 2 0 0 
1 310 7.2 6 0.383064516129032 0.498387096774194 13.5364469496496 2 0 0 
0 310 5.4 6 0.383064516129032 0.364516129032258 30.7619896795781 2 0 0 
1 320 7.2 6 0.481451612903226 0.509677419354839 10.9619981455468 2 0 0 
0 320 5.4 6 0.472026209677419 0.414516129032258 32.7442282181847 2 0 0 
1 330 7.2 6 0.425297113752122 0.517741935483871 3.41251115224444 2 0 0 
0 330 5.4 6 0.412775891341256 0.438709677419355 39.4485415098806 2 0 0 
1 340 7.2 7 0.412220843672457 0.550806451612903 4.97218124214393 2 1 0 
0 340 5.4 6 0.421370967741936 0.475 43.8515941022909 2 -1 0 
1 350 7.2 7 0.474798387096774 0.504032258064516 12.1591577281607 2 0 0 
0 350 5.4 7 0.498655913978495 0.473387096774194 41.8367359668843 2 0 0 
1 360 7.2 7 0.382488479262673 0.478225806451613 28.1958529215974 2 0 0 
0 360 5.4 7 0.440789473684211 0.488709677419355 44.7332074570571 2 0 0 
1 370 7.2 7 0.392741935483871 0.468548387096774 40.7048723886208 2 0 0 
0 370 5.4 7 0.429147465437788 0.503225806451613 43.3499645134196 2 0 0 
1 380 7.2 8 0.48252688172043 0.466935483870968 36.9570198639679 2 1 0 
0 380 5.4 7 0.497759856630824 0.430645161290323 42.486594176479 2 -1 0 
1 390 7.2 8 0.416890681003584 0.480645161290323 36.0520738246007 2 1 0 
0 390 5.4 7 0.386827956989247 0.426612903225806 26.300637142643 2 -1 0 
1 400 7.2 8 0.383064516129032 0.482258064516129 19.3861748293324 2 1 0 
0 400 5.4 7 0.383064516129032 0.458870967741935 10.556796683807 2 -1 0 
1 410 7.2 8 0.500930521091811 0.509677419354839 6.94267708967998 2 1 0 
0 410 5.4 7 0.476094470046083 0.441129032258065 5.23195965115456 2 -1 0 
1 420 7.2 8 0.40905017921147 0.52741935483871 7.76337507695073 2 0 0 
0 420 5.4 8 0.393901209677419 0.431451612903226 12.8676827831323 2 0 0 
1 430 7.2 8 0.383064516129032 0.512903225806452 7.10707264634375 2 0 0 
0 430 5.4 8 0.393649193548387 0.326612903225806 20.4485150264025 2 0 0 
1 440 7.2 8 0.496255760368664 0.491935483870968 5.43147713200451 2 0 0 
0 440 5.4 8 0.476814516129032 0.382258064516129 29.1337582938328 2 0 0 
1 450 7.2 8 0.431626928471248 0.441129032258065 17.6311923421238 2 0 0 
0 450 5.4 8 0.383064516129032 0.418548387096774 22.7968187105456 2 0 0 
1 460 7.2 9 0.383064516129032 0.428225806451613 4.27625042824467 2 1 0 
0 460 5.4 8 0.394405241935484 0.495967741935484 15.8743504895547 2 -1 0 
1 470 7.2 9 0.495967741935484 0.44489247311828 7.55769848441741 2 1 0 
0 470 5.4 8 0.477688172043011 0.534274193548387 4.75080819484941 2 -1 0 
1 480 7.2 9 0.390322580645161 0.434139784946237 6.66127992691908 2 1 0 
0 480 5.4 8 0.432795698924731 0.460483870967742 28.3205726466523 2 -1 0 
1 490 7.2 9 0.383064516129032 0.344758064516129 25.8903458484971 2 1 0 
0 490 5.4 8 0.43125 0.415322580645161 25.3677740680499 2 -1 0 
1 500 7.2 9 0.472140762463343 0.324596774193548 45.2061016415519 2 0 0 
0 500 5.4 9 0.507258064516129 0.421370967741936 23.4538844029694 2 0 0 
1 510 7.2 9 0.378225806451613 0.424395161290323 19.2916783339486 2 0 0 
0 510 5.4 9 0.470262096774194 0.475806451612903 15.4029218007494 2 0 0 
1 520 7.2 10 0.383064516129032 0.472782258064516 8.75596052301315 2 1 0 
0 520 5.4 9 0.453533026113671 0.548387096774194 0 2 -1 0 
1 530 7.2 10 0.428225806451613 0.395967741935484 23.2936790529981 2 1 0 
0 530 5.4 9 0.5426944971537 0.139112903225806 2.54950975679639 2 -1 0 
1 540 7.2 10 0.386088709677419 0.480645161290323 17.8175190502259 2 1 0 
0 540 5.4 9 0.474255583126551 0.233870967741935 19.4603242188963 2 -1 0 
1 550 7.2 10 0.383064516129032 0.529838709677419 6.87397734353412 2 1 0 
0 550 5.4 9 0.407258064516129 0.335685483870968 28.9940430094278 2 -1 0 
1 560 7.2 10 0.415860215053763 0.50241935483871 6.74014825305685 2 1 0 
0 560 5.4 9 0.546774193548387 0.383870967741936 39.4183220059016 2 -1 0 
1 570 7.2 11 0.387365591397849 0.461693548387097 20.4735311133878 2 1 0 
0 570 5.4 10 0.431027164685908 0.429032258064516 27.2425859014168 2 -1 0 
1 580 7.2 11 0.398185483870968 0.452620967741936 33.415605745237 2 1 0 
0 580 5.4 10 0.424573055028463 0.45 29.6025907416385 2 -1 0 
1 590 7.2 11 0.442876344086022 0.399193548387097 18.5331902465838 2 1 0 
0 590 5.4 10 0.548387096774194 0.55 24.8523565439917 2 -1 0 
1 600 7.2 11 0.339285714285714 0.333870967741936 17.3161388783807 2 0 0 
0 600 5.4 11 0.464259530791789 0.575 32.2882505683517 2 0 0 
1 610 7.2 11 0.450460829493088 0.342741935483871 15.4097608432938 2 0 0 
0 610 5.4 11 0.399769585253456 0.594354838709677 33.0852029441814 2 0 0 
1 620 7.2 11 0.450460829493088 0.376612903225806 18.7731905696449 2 0 0 
0 620 5.4 11 0.565668202764977 0.54758064516129 27.078218369273 2 0 0 
1 630 7.2 11 0.328341013824885 0.394354838709677 5.67977617549065 2 0 0 
0 630 5.4 11 0.491470223325062 0.495967741935484 22.6087576532373 2 0 0 
1 640 7.2 11 0.364583333333333 0.404032258064516 16.3006574565455 2 0 0 
0 640 5.4 11 0.3963133640553 0.506048387096774 21.418009343138 2 0 0 
1 650 7.2 11 0.364583333333333 0.396774193548387 26.810306392949 2 0 0 
0 650 5.4 11 0.534677419354839 0.471774193548387 35.6268598500369 2 0 0 
1 660 7.2 12 0.417426367461431 0.471774193548387 27.6794083262531 2 1 0 
0 660 5.4 11 0.416745730550285 0.425806451612903 22.4639604255895 2 -1 0 
1 670 7.2 12 0.394623655913979 0.479032258064516 32.6129854575763 2 0 0 
0 670 5.4 12 0.383064516129032 0.429838709677419 18.732593552449 2 0 0 
1 680 7.2 12 0.505184331797235 0.461290322580645 26.4329873258337 2 0 0 
0 680 5.4 12 0.485887096774194 0.483870967741936 38.0730404770974 2 0 0 
1 690 7.2 12 0.375930521091811 0.478225806451613 27.728559303362 2 0 0 
0 690 5.4 12 0.465245775729647 0.487903225806452 38.417943408437 2 0 0 
1 700 7.2 13 0.379032258064516 0.531451612903226 28.47648333573 2 1 0 
0 700 5.4 12 0.485568760611205 0.432795698924731 40.6829050220327 2 -1 0 
1 710 7.2 13 NaN 0.509677419354839 31.030748582928 2 1 0 
0 710 5.4 12 0.660669975186104 0.316532258064516 53.5691612958125 2 -1 0 
1 720 7.2 13 0.354166666666667 0.464717741935484 32.7365089580962 2 0 0 
0 720 5.4 13 0.478189149560117 0.36491935483871 45.8178356502676 2 0 0 
1 730 7.2 13 0.381720430107527 0.414314516129032 34.5712795185717 2 0 0 
0 730 5.4 13 0.401881720430108 0.423387096774194 32.2545619915802 2 0 0 
1 740 7.2 14 0.38239247311828 0.395161290322581 15.6538010043195 2 1 0 
0 740 5.4 13 0.509792626728111 0.458064516129032 30.2273665847612 2 -1 0 
1 750 7.2 14 0.345674486803519 0.426411290322581 9.65454908247773 2 1 0 
0 750 5.4 13 0.500746714456392 0.475806451612903 9.42822029705491 2 -1 0 
1 760 7.2 14 0.36217008797654 0.39758064516129 27.2698247133293 2 1 0 
0 760 5.4 13 0.383064516129032 0.471774193548387 4.77404921289012 2 -1 0 
1 770 7.2 14 0.361290322580645 0.404838709677419 28.3101059303085 2 1 0 
0 770 5.4 13 0.604838709677419 0.503225806451613 8.45986049493519 2 -1 0 
1 780 7.2 14 0.349462365591398 0.466935483870968 11.3021486383867 2 1 0 
0 780 5.4 13 0.483870967741936 0.482258064516129 2.44773211612773 2 -1 0 
1 790 7.2 14 0.411290322580645 0.405645161290323 22.5557798494763 2 0 0 
0 790 5.4 14 0.383064516129032 0.469354838709677 19.8103814054511 2 0 0 
1 800 7.2 14 0.428091397849462 0.454032258064516 26.2413329215874 2 0 0 
0 800 5.4 14 0.471774193548387 0.490322580645161 10.8645554164951 2 0 0 
1 810 7.2 15 0.436886395511921 0.529838709677419 23.0054534870881 2 1 0 
0 810 5.4 14 0.383400537634409 0.459677419354839 7.6094726131011 2 -1 0 
1 820 7.2 15 0.424059139784946 0.576612903225806 24.7565281465622 2 1 0 
0 820 5.4 14 0.385944700460829 0.391935483870968 14.5843745942398 2 -1 0 
1 830 7.2 15 0.519153225806452 0.584677419354839 44.5982062419555 2 0 0 
0 830 5.4 15 0.438782991202346 0.401612903225806 25.416288950126 2 0 0 
1 840 7.2 15 0.490975422427035 0.504032258064516 51.9711458407451 2 0 0 
0 840 5.4 15 0.438844086021505 0.443548387096774 31.3620074264542 2 0 0 
1 850 7.2 15 0.449003795066414 0.441532258064516 36.0901648652372 2 0 0 
0 850 5.4 15 0.410282258064516 0.391129032258065 39.8540964168842 2 0 0 
1 860 7.2 15 0.491935483870968 0.391129032258065 24.3515913237718 2 0 0 
0 860 5.4 15 0.432459677419355 0.440322580645161 33.0228027460879 2 0 0 
1 870 7.2 15 0.376344086021505 0.261290322580645 33.9811843647602 2 0 0 
0 870 5.4 15 0.46241935483871 0.486290322580645 36.58223790761 2 0 0 
1 880 7.2 15 0.383064516129032 0.259677419354839 22.5133260666973 2 -1 0 
0 880 5.4 16 0.404989919354839 0.50241935483871 48.0482420114624 2 1 0 
1 890 7.2 15 0.432692307692308 0.338709677419355 16.984036523445 2 -1 0 
0 890 5.4 16 0.565860215053763 0.499193548387097 44.48592586421 2 1 0 
1 900 7.2 16 0.350073313782991 0.374193548387097 13.038564897677 2 0 0 
0 900 5.4 16 0.497551843317972 0.526612903225806 28.8446062288982 2 0 0 
1 910 7.2 16 0.355174731182796 0.35 15.7014252347037 2 0 0 
0 910 5.4 16 0.448005093378608 0.45 22.3495722322121 2 0 0 
1 920 7.2 16 0.360483870967742 0.391129032258065 22.4520089984435 2 0 0 
0 920 5.4 16 NaN 0.445161290322581 13.3282003091283 2 0 0 
1 930 7.2 16 0.414112903225806 0.45 17.9439643799628 2 0 0 
0 930 5.4 16 0.386363636363636 0.491129032258064 11.7102343022135 2 0 0 
1 940 7.2 16 0.432088285229202 0.431451612903226 6.3772022686491 2 0 0 
0 940 5.4 16 0.383064516129032 0.532258064516129 6.78270121409198 2 0 0 
1 950 7.2 17 0.53970223325062 0.450604838709677 3.02224319237982 2 1 0 
0 950 5.4 16 0.563709677419355 0.451612903225806 0 2 -1 0 
1 960 7.2 17 0.492090570719603 0.498991935483871 4.82518699754654 2 1 0 
0 960 5.4 16 0.45097623089983 0.435483870967742 0 2 -1 0 
1 970 7.2 17 0.557207661290323 0.549395161290323 3.74077403616486 2 1 0 
0 970 5.4 16 0.547523041474654 0.399193548387097 0 2 -1 0 
1 980 7.2 17 0.675655241935484 0.522177419354839 8.43033606083748 2 1 0 
0 980 5.4 16 0.674120234604106 0.264112903225806 17.6139149538085 2 -1 0 
1 990 7.2 17 0.442540322580645 0.420161290322581 27.694627737786 2 0 0 
0 990 5.4 17 0.46335904628331 0.198924731182796 15.4591771434319 2 0 0 
1 1000 7.2 17 0.395161290322581 0.445967741935484 20.1872678946644 2 0 0 
0 1000 5.4 17 0.509216589861751 0.254032258064516 32.3454103250756 2 0 0 
1 1010 7.2 18 0.529032258064516 0.39758064516129 16.4110851005345 2 1 0 
0 1010 5.4 17 0.589314516129032 0.387903225806452 22.9329003975703 2 -1 0 
1 1020 7.2 18 0.421283309957924 0.390322580645161 28.8198840216466 2 1 0 
0 1020 5.4 17 0.628456221198157 0.480645161290323 6.17665703833484 2 -1 0 
1 1030 7.2 18 0.45776740237691 0.448387096774194 30.8827467649326 2 1 0 
0 1030 5.4 17 0.442362428842505 0.433064516129032 2.87912408575587 2 -1 0 
1 1040 7.2 18 0.494287634408602 0.545967741935484 25.0658404226537 2 1 0 
0 1040 5.4 17 0.379398826979472 0.404032258064516 5.94331124525667 2 -1 0 
1 1050 7.2 18 0.479993796526055 0.529032258064516 28.5203429059764 2 1 1 
0 1050 5.4 17 0.35510752688172 0.389516129032258 10.150120556015 1 -1 -1 
1 1060 7.2 19 0.464669738863287 0.521774193548387 25.6316925179236 2 2 1 
0 1060 5.4 17 0.395161290322581 0.414516129032258 23.6548698295649 1 -2 -1 
1 1070 7.2 19 0.553679435483871 0.395161290322581 5.87886904882338 2 1 1 
0 1070 5.4 18 0.482142857142857 0.411290322580645 33.8476332936064 1 -1 -1 
1 1080 7.2 19 0.410578747628083 0.485887096774194 3.4265529714562 2 1 1 
0 1080 5.4 18 0.393901209677419 0.423387096774194 30.6703558916688 1 -1 -1 
1 1090 7.2 19 0.405465949820788 0.483870967741936 3.01657976892739 2 1 1 
0 1090 5.4 18 0.396505376344086 0.465322580645161 12.1583326794664 1 -1 -1 
1 1100 7.2 19 0.506048387096774 0.432459677419355 21.4144106307055 2 1 1 
0 1100 5.4 18 0.562316715542522 0.537096774193548 21.1161808801311 1 -1 -1 
1 1110 7.2 19 0.403763440860215 0.377016129032258 17.2633470686034 2 1 1 
0 1110 5.4 18 0.47334229390681 0.509677419354839 16.5485151758898 1 -1 -1 
1 1120 7.2 19 0.383064516129032 0.356854838709677 4.5949588335512 2 1 1 
0 1120 5.4 18 0.426944971537002 0.476612903225806 5.74787884661332 1 -1 -1 
1 1130 7.2 19 0.453341013824885 0.351612903225806 22.4408144268644 2 0 1 
0 1130 5.4 19 0.549486803519062 0.518548387096774 16.3665419343624 1 0 -1 
1 1140 7.2 19 0.380517826825127 0.353225806451613 14.3783161126421 2 0 1 
0 1140 5.4 19 0.470934139784946 0.501612903225806 22.0141891437191 1 0 -1 
1 1150 7.2 19 0.435117302052786 0.371774193548387 6.08379087840963 2 0 1 
0 1150 5.4 19 0.383064516129032 0.466935483870968 6.36782183329567 1 0 -1 
1 1160 7.2 20 0.508064516129032 0.411290322580645 7.28568729713025 2 1 1 
0 1160 5.4 19 0.55880376344086 0.465725806451613 5.72274140859283 1 -1 -1 
1 1170 7.2 20 0.433542413381123 0.483870967741936 4.8944809491931 2 1 1 
0 1170 5.4 19 0.514112903225806 0.479838709677419 0 1 -1 -1 
1 1180 7.2 20 0.480938416422287 0.483870967741936 3.00545263392496 2 1 1 
0 1180 5.4 19 0.389784946236559 0.435483870967742 0 1 -1 -1 
1 1190 7.2 20 0.547983870967742 0.498991935483871 7.09709744780307 2 1 1 
0 1190 5.4 19 0.629032258064516 0.479838709677419 0 1 -1 -1 
1 1200 7.2 20 0.51079604578564 0.512096774193548 2.41861093844562 2 1 1 
0 1200 5.4 19 0.467741935483871 0.258064516129032 0 1 -1 -1 
1 1210 7.2 20 0.522009408602151 0.501344086021505 21.5617726386169 2 0 1 
0 1210 5.4 20 0.395161290322581 0.270161290322581 0 1 0 -1 
1 1220 7.2 20 0.587426686217009 0.549731182795699 19.3866034976091 2 0 1 
0 1220 5.4 20 0.512096774193548 0.201612903225806 0 1 0 -1 
1 1230 7.2 20 0.506893860561915 0.418346774193548 46.0595489906032 2 0 1 
0 1230 5.4 20 0.325604838709677 0.191532258064516 16.8077363139716 1 0 -1 
1 1240 7.2 21 0.407258064516129 0.515120967741936 33.8691970446672 2 1 1 
0 1240 5.4 20 0.353494623655914 0.231451612903226 20.7390163946281 1 -1 -1 
1 1250 7.2 21 0.628780241935484 0.633064516129032 19.2584044036199 2 1 1 
0 1250 5.4 20 NaN 0.268548387096774 13.6464659096701 1 -1 -1 
1 1260 7.2 21 0.518600416233091 0.571774193548387 43.878490867747 2 1 1 
0 1260 5.4 20 0.297939068100358 0.275 6.25272688630906 1 -1 -1 
1 1270 7.2 21 0.444220430107527 0.520161290322581 54.5722924219205 2 1 2 
0 1270 5.4 20 0.337096774193548 0.261088709677419 6.93549099056258 0 -1 -2 
1 1280 7.2 21 0.609543010752688 0.563172043010753 30.5981575343406 2 0 2 
0 1280 5.4 21 0.350806451612903 0.34375 24.1712020654932 0 0 -2 
1 1290 7.2 21 0.466733870967742 0.485215053763441 3.65033143107047 2 0 2 
0 1290 5.4 21 0.350806451612903 0.453629032258065 31.5592219287398 0 0 -2 
1 1300 7.2 21 0.405058651026393 0.330645161290323 0 2 0 2 
0 1300 5.4 21 0.4625 0.654569892473118 30.001874070708 0 0 -2 
1 1310 7.2 21 0.480414746543779 0.310483870967742 0 2 0 2 
0 1310 5.4 21 0.626209677419355 0.698924731182796 24.5951209194261 0 0 -2 
1 1320 7.2 21 0.374051233396584 0.419354838709677 0 2 0 2 
0 1320 5.4 21 0.445468509984639 0.655913978494624 37.8006078285199 0 0 -2 
1 1330 7.2 21 0.404435483870968 0.403225806451613 0 2 0 2 
0 1330 5.4 21 0.430028462998102 0.56989247311828 45.2330192220027 0 0 -2 
1 1340 7.2 21 0.574596774193548 0.198924731182796 23.8021770174303 2 0 2 
0 1340 5.4 21 0.526328273244782 0.393817204301075 38.7709446069184 0 0 -2 
1 1350 7.2 22 0.347062211981567 0.307795698924731 25.185361914092 2 1 2 
0 1350 5.4 21 0.490025466893039 0.40994623655914 17.8837111500055 0 -1 -2 
1 1360 7.2 22 0.403225806451613 0.342741935483871 30.6261969772803 2 1 2 
0 1360 5.4 21 0.428368121442125 0.306451612903226 24.077924215911 0 -1 -2 
1 1370 7.2 22 0.435483870967742 0.291129032258064 32.0083025867348 2 1 2 
0 1370 5.4 21 0.434139784946237 0.303427419354839 33.1695168920624 0 -1 -2 
1 1380 7.2 22 0.418293718166384 0.414516129032258 20.7923037470179 2 1 2 
0 1380 5.4 21 0.439091680814941 0.433467741935484 36.0699299904324 0 -1 -2 
1 1390 7.2 22 0.394212523719165 0.484677419354839 5.64979876682252 2 0 2 
0 1390 5.4 22 0.420777988614801 0.473790322580645 28.4315051665677 0 0 -2 
1 1400 7.2 22 0.449596774193548 0.480645161290323 14.8468236738289 2 0 2 
0 1400 5.4 22 0.554301075268817 0.378024193548387 35.7627011799644 0 0 -2 
1 1410 7.2 22 0.372153700189753 0.460483870967742 10.4507726970227 2 0 2 
0 1410 5.4 22 0.4786866359447 0.481182795698925 22.7033493554364 0 0 -2 
1 1420 7.2 22 0.395161290322581 0.431451612903226 14.9864669451496 2 0 2 
0 1420 5.4 22 0.468378607809847 0.431451612903226 16.3783393541592 0 0 -2 
1 1430 7.2 22 0.494623655913979 0.476612903225806 5.91495535853218 2 0 2 
0 1430 5.4 22 0.586799660441426 0.455645161290323 0 0 0 -2 
1 1440 7.2 22 0.419171554252199 0.39758064516129 27.225126579503 2 0 2 
0 1440 5.4 22 0.502688172043011 0.435483870967742 0 0 0 -2 
1 1450 7.2 22 0.435735887096774 0.542741935483871 19.6396780964633 2 0 2 
0 1450 5.4 22 0.460752688172043 0.274193548387097 0 0 0 -2 
1 1460 7.2 23 0.496700879765396 0.7 6.41846407972356 2 1 2 
0 1460 5.4 22 0.429435483870968 0.262096774193548 0 0 -1 -2 
1 1470 7.2 23 0.591301843317972 0.758870967741935 6.85281013501555 2 1 2 
0 1470 5.4 22 0.254838709677419 0.165322580645161 7.61577310586391 0 -1 -2 
1 1480 7.2 23 0.707478005865103 0.752688172043011 7.08034622654711 2 1 2 
0 1480 5.4 22 NaN 0.157258064516129 7.17175601415853 0 -1 -2 
1 1490 7.2 23 0.73717008797654 0.756720430107527 4.29301536807364 2 1 2 
0 1490 5.4 22 NaN 0.208333333333333 7.17708413071832 0 -1 -2 
