1 30 9.6 1 NaN 0.259765625 22.0488185104408 3 0 0 
0 30 7.8 1 NaN 0.1318359375 4.27362016535981 3 0 0 
1 40 9.6 1 NaN 0.29296875 27.0741764362852 3 0 0 
0 40 7.8 1 NaN 0.1375 4.69835155414673 3 0 0 
1 50 9.6 1 0.39453125 0.3234375 35.8407002503558 3 0 0 
0 50 7.8 1 0.36328125 0.21875 19.106244852186 3 0 0 
1 60 9.6 1 0.40087890625 0.45625 50.6710730558138 3 0 0 
0 60 7.8 1 0.369449013157895 0.3546875 29.9759184634217 3 0 0 
1 70 9.6 1 0.41796875 0.48046875 51.9946479118512 3 0 0 
0 70 7.8 1 0.400669642857143 0.41796875 45.8387873087593 3 0 0 
1 80 9.6 1 0.460565476190476 0.48046875 52.0669755597295 3 0 0 
0 80 7.8 1 0.452275815217391 0.4580078125 49.4127887419917 3 0 0 
1 90 9.6 1 0.450067934782609 0.471875 53.2484701400081 3 0 0 
0 90 7.8 1 0.39 0.4658203125 49.6300653181242 3 0 0 
1 100 9.6 1 0.428042763157895 0.48671875 52.7086779813909 3 -1 0 
0 100 7.8 2 0.39155505952381 0.42890625 41.6796332003622 3 1 0 
1 110 9.6 2 0.4390625 0.4921875 51.3318393450558 3 0 0 
0 110 7.8 2 0.44875 0.453125 40.9137992015534 3 0 0 
1 120 9.6 2 0.443050986842105 0.478125 51.9705120756522 3 0 0 
0 120 7.8 2 0.386875 0.45390625 43.9909586460186 3 0 0 
1 130 9.6 2 0.422334558823529 0.47421875 50.4304213882844 3 -1 0 
0 130 7.8 3 0.402669270833333 0.4484375 42.4414121475858 3 1 0 
1 140 9.6 3 0.445833333333333 0.4796875 51.9443856088156 3 0 0 
0 140 7.8 3 0.44875 0.44453125 44.5555180389904 3 0 0 
1 150 9.6 3 0.449819711538462 0.41796875 54.1021613661915 3 0 0 
0 150 7.8 3 0.400146484375 0.428125 38.7560387846887 3 0 0 
1 160 9.6 3 0.420809659090909 0.4109375 51.1879986353128 3 0 0 
0 160 7.8 3 0.404119318181818 0.44921875 42.3005933342875 3 0 0 
1 170 9.6 4 0.46171875 0.4328125 47.3363451179405 3 0 0 
0 170 7.8 4 0.412560096153846 0.47265625 44.3216089852267 3 0 0 
1 180 9.6 4 0.424623842592593 0.39921875 50.852411283832 3 0 0 
0 180 7.8 4 0.433175223214286 0.490625 43.1221109260942 3 0 0 
1 190 9.6 4 0.408668154761905 0.4 37.6883309542004 3 0 0 
0 190 7.8 4 0.424293154761905 0.48671875 45.0008894024309 3 0 0 
1 200 9.6 4 0.473889802631579 0.425 31.9345942368829 3 -1 0 
0 200 7.8 5 0.43125 0.45546875 41.9379522490424 3 1 0 
1 210 9.6 4 0.439877717391304 0.42578125 17.4308204301646 3 -1 0 
0 210 7.8 5 0.430930397727273 0.45 41.2442621726046 3 1 0 
1 220 9.6 4 0.419157608695652 0.4423828125 20.1845329147501 3 -1 0 
0 220 7.8 5 0.424479166666667 0.45859375 38.1649033357629 3 1 0 
1 230 9.6 5 0.4669921875 0.42734375 42.9045979261953 3 -1 0 
0 230 7.8 6 0.431082589285714 0.423828125 42.0186423810912 3 1 0 
1 240 9.6 5 0.447180706521739 0.4140625 40.9010115341992 3 -1 0 
0 240 7.8 6 0.447428385416667 0.408854166666667 57.7366919276263 3 1 0 
1 250 9.6 5 0.4189453125 0.46484375 49.0974485508601 3 -1 0 
0 250 7.8 6 0.43798828125 0.3369140625 53.6549458808821 3 1 0 
1 260 9.6 6 0.444661458333333 0.42890625 52.7839729774598 3 0 0 
0 260 7.8 6 0.441910282258065 0.416015625 54.3392447949896 3 0 0 
1 270 9.6 6 0.453703703703704 0.44140625 54.0619792001148 3 -1 0 
0 270 7.8 7 0.444957386363636 0.43046875 42.7420914457996 3 1 0 
1 280 9.6 6 0.4296875 0.46796875 47.4060286598365 3 -1 0 
0 280 7.8 7 0.435369318181818 0.415625 44.9714715791299 3 1 0 
1 290 9.6 6 0.484002976190476 0.48203125 48.9220530367128 3 -1 0 
0 290 7.8 7 0.427734375 0.43203125 43.3471598115399 3 1 0 
1 300 9.6 7 0.460186298076923 0.44296875 45.9390644093589 3 0 0 
0 300 7.8 7 0.391157670454545 0.4306640625 39.4045784199546 3 0 0 
1 310 9.6 7 0.4197265625 0.46953125 49.7417699301244 3 0 0 
0 310 7.8 7 0.416666666666667 0.4423828125 52.3513636278832 3 0 0 
1 320 9.6 7 0.440716911764706 0.4375 44.6713313027014 3 -1 0 
0 320 7.8 8 0.44233630952381 0.435546875 51.7552898120048 3 1 0 
1 330 9.6 7 0.484375 0.44140625 43.3948690445044 3 -1 0 
0 330 7.8 8 0.385216346153846 0.4515625 28.3188030706011 3 1 0 
1 340 9.6 7 0.44609375 0.45546875 45.2890468767976 3 -1 0 
0 340 7.8 8 0.4146484375 0.46640625 19.7370557105375 3 1 0 
1 350 9.6 8 0.4697265625 0.4345703125 44.9224667985047 3 0 0 
0 350 7.8 8 0.424592391304348 0.503125 15.5613361438903 3 0 0 
1 360 9.6 8 0.4974609375 0.494140625 42.589852685163 3 0 0 
0 360 7.8 8 0.428571428571429 0.5029296875 5.94212580488256 3 0 0 
1 370 9.6 8 0.4159375 0.4482421875 46.3589780021465 3 0 0 
0 370 7.8 8 0.42476222826087 0.4953125 14.2809418473928 3 0 0 
1 380 9.6 8 0.443004261363636 0.45078125 44.6083028871542 3 0 0 
0 380 7.8 8 0.429086538461538 0.45703125 17.9875894199383 3 0 0 
1 390 9.6 8 0.473795572916667 0.427734375 21.7668864587051 3 0 0 
0 390 7.8 8 0.431222098214286 0.319010416666667 34.9164086495641 3 0 0 
1 400 9.6 9 0.42078125 0.5 56.0929179981495 3 1 0 
0 400 7.8 8 0.432896205357143 0.3212890625 27.8988793178861 3 -1 0 
1 410 9.6 9 0.471516927083333 0.49609375 61.8632087648505 3 0 0 
0 410 7.8 9 0.429987980769231 0.3078125 32.0612838358551 3 0 0 
1 420 9.6 9 0.501157407407407 0.5 57.0076895109493 3 0 0 
0 420 7.8 9 0.38390625 0.3703125 32.8888752578748 3 0 0 
1 430 9.6 10 0.441051136363636 0.51484375 55.7992796618167 3 1 0 
0 430 7.8 9 0.428267045454545 0.39921875 37.9925669765471 3 -1 0 
1 440 9.6 10 0.42094494047619 0.490234375 48.6299714277845 3 1 0 
0 440 7.8 9 0.4345703125 0.43828125 42.0792193226424 3 -1 0 
1 450 9.6 10 0.475142045454545 0.46484375 46.2969469178844 3 0 0 
0 450 7.8 10 0.431046195652174 0.440625 29.7573979581532 3 0 0 
1 460 9.6 10 0.43765625 0.48125 41.5501705168964 3 0 0 
0 460 7.8 10 0.425101902173913 0.41484375 16.6713310273822 3 0 0 
1 470 9.6 10 0.44482421875 0.490625 53.8248951773875 3 0 0 
0 470 7.8 10 0.423363095238095 0.41484375 17.4230694816485 3 0 0 
1 480 9.6 11 0.510910560344828 0.49453125 40.1770588717909 3 1 0 
0 480 7.8 10 0.375600961538462 0.45 20.2425680991184 3 -1 0 
1 490 9.6 11 0.443638392857143 0.4953125 50.3661579709097 3 1 0 
0 490 7.8 10 0.404761904761905 0.434244791666667 31.1851641582329 3 -1 0 
1 500 9.6 11 0.458274147727273 0.403645833333333 45.4505950585093 3 0 0 
0 500 7.8 11 0.407087053571429 0.4482421875 32.4807138182296 3 0 0 
1 510 9.6 11 0.466202445652174 0.4140625 42.9330874734161 3 0 0 
0 510 7.8 11 0.438058035714286 0.4453125 38.9852362670026 3 0 0 
1 520 9.6 11 0.421697443181818 0.33203125 50.3291082020614 3 0 0 
0 520 7.8 11 0.431640625 0.369140625 47.6119117799436 3 0 0 
1 530 9.6 11 0.44921875 0.3369140625 35.0394041540656 3 0 0 
0 530 7.8 11 0.412667410714286 0.44921875 32.3373642087297 3 0 0 
1 540 9.6 11 0.4767578125 0.3994140625 28.5284740738991 3 0 0 
0 540 7.8 11 0.45263671875 0.5048828125 16.3113310107958 3 0 0 
1 550 9.6 11 0.41796875 0.415625 19.3428437365674 3 0 0 
0 550 7.8 11 0.43896484375 0.528125 3.62471076394224 3 0 0 
1 560 9.6 12 0.440972222222222 0.430989583333333 27.0570479559066 3 0 0 
0 560 7.8 12 0.428152901785714 0.51171875 9.96199556891031 3 0 0 
1 570 9.6 12 0.472486413043478 0.400390625 40.3763544664448 3 0 0 
0 570 7.8 12 0.448330965909091 0.484375 18.908799415709 3 0 0 
1 580 9.6 12 0.431361607142857 0.40234375 40.3112887414927 3 0 0 
0 580 7.8 12 0.43505859375 0.513020833333333 14.796339794563 3 0 0 
1 590 9.6 12 0.45770474137931 0.158203125 5.1478150704935 3 0 0 
0 590 7.8 12 0.437330163043478 0.4384765625 34.0895353478403 3 0 0 
1 600 9.6 12 0.4896240234375 0.32421875 33.3784275199218 3 0 0 
0 600 7.8 12 0.410677083333333 0.3046875 44.0718761632071 3 0 0 
1 610 9.6 12 0.475694444444444 0.4443359375 39.4609192042134 3 0 0 
0 610 7.8 12 0.3724609375 0.33984375 27.955116042102 3 0 0 
1 620 9.6 13 0.512408088235294 0.498046875 46.4973694252356 3 0 0 
0 620 7.8 13 0.397265625 0.373046875 41.3873100903723 3 0 0 
1 630 9.6 13 0.500558035714286 0.53515625 46.5298364907643 3 0 0 
0 630 7.8 13 0.383713942307692 0.431640625 48.9909968189678 3 0 0 
1 640 9.6 13 0.498958333333333 0.515625 45.4813730261944 3 0 0 
0 640 7.8 13 0.39697265625 0.4189453125 41.9162802191577 3 0 0 
1 650 9.6 13 0.54609375 0.53671875 24.0596275341897 3 0 0 
0 650 7.8 13 0.435891544117647 0.41953125 15.9121228219488 3 0 0 
1 660 9.6 13 0.480034722222222 0.513671875 21.3804901302917 3 0 0 
0 660 7.8 13 0.36572265625 0.4296875 11.0802187363553 3 0 0 
1 670 9.6 14 0.460186298076923 0.50390625 9.01387818865997 3 0 0 
0 670 7.8 14 0.375822368421053 0.404296875 14.9164338901763 3 0 0 
1 680 9.6 14 0.544010416666667 0.611328125 12.747548783982 3 0 0 
0 680 7.8 14 0.3998046875 0.33984375 4.12310562561766 3 0 0 
1 690 9.6 14 0.522216796875 0.576171875 15.945218719102 3 0 0 
0 690 7.8 14 0.3212890625 0.252604166666667 35.1703551652659 3 0 0 
1 700 9.6 14 0.50927734375 0.416015625 50.993787320775 3 0 0 
0 700 7.8 14 0.390980113636364 0.21875 36.8071351611728 3 0 0 
1 710 9.6 14 0.543911637931034 0.4228515625 28.0185283268527 3 -1 0 
0 710 7.8 15 0.36328125 0.3056640625 38.847399623672 3 1 0 
1 720 9.6 15 0.48984375 0.4736328125 30.8389320713357 3 0 0 
0 720 7.8 15 0.370225694444444 0.388671875 45.7310397872863 3 0 0 
1 730 9.6 15 0.444163602941177 0.498697916666667 9.90190298741266 3 0 0 
0 730 7.8 15 0.377232142857143 0.420572916666667 30.9706584941332 3 0 0 
1 740 9.6 15 0.510475852272727 0.5453125 24.1416238336136 3 0 0 
0 740 7.8 15 0.400716145833333 0.3890625 20.7916497630328 3 0 0 
1 750 9.6 16 0.522623697916667 0.59609375 16.295182787337 3 1 0 
0 750 7.8 15 0.36328125 0.393229166666667 29.7819535835819 3 -1 0 
1 760 9.6 16 0.5234375 0.5640625 22.2490017516975 3 1 0 
0 760 7.8 15 0.320033482142857 0.35546875 0 3 -1 0 
1 770 9.6 16 0.531939338235294 0.528125 34.2941334728224 3 1 0 
0 770 7.8 15 0.310546875 0.263020833333333 27.8200736013934 3 -1 0 
1 780 9.6 16 0.5296875 0.458984375 46.4984692667314 3 1 0 
0 780 7.8 15 0.308349609375 0.275390625 15.7003184681076 3 -1 0 
1 790 9.6 16 0.509259259259259 0.501302083333333 12.9157845535001 3 0 0 
0 790 7.8 16 0.292643229166667 0.270833333333333 24.5381329200836 3 0 0 
1 800 9.6 16 0.552320075757576 0.5478515625 26.6841822463224 3 0 0 
0 800 7.8 16 0.310302734375 0.2568359375 18.511813083377 3 0 0 
1 810 9.6 17 0.541891163793103 0.58203125 20.0851906579136 3 1 0 
0 810 7.8 16 0.321397569444444 0.28515625 19.6404369494008 3 -1 0 
1 820 9.6 17 0.5359375 0.623046875 21.627359393052 3 1 0 
0 820 7.8 16 0.321875 0.2822265625 23.7501294930874 3 -1 0 
1 830 9.6 17 0.552793560606061 0.584375 13.1969725875272 3 1 0 
0 830 7.8 16 0.3046875 0.35546875 8.06424023792965 3 -1 0 
1 840 9.6 17 0.517717633928571 0.5 49.8487122201782 3 1 0 
0 840 7.8 16 0.283380681818182 0.2666015625 22.8232998319203 3 -1 0 
1 850 9.6 17 0.495256696428571 0.4912109375 41.2447037172572 3 1 0 
0 850 7.8 16 0.299045138888889 0.2294921875 29.2510675118297 3 -1 0 
1 860 9.6 17 0.564985795454545 0.52734375 24.332463669741 3 1 0 
0 860 7.8 16 0.299045138888889 0.28828125 18.2481867604837 3 -1 0 
1 870 9.6 17 0.538628472222222 0.4404296875 48.2356754545789 3 1 0 
0 870 7.8 16 0.313733552631579 0.30546875 25.1479860495168 3 -1 0 
1 880 9.6 18 0.513020833333333 0.439453125 26.2709457933254 3 1 0 
0 880 7.8 17 0.370888157894737 0.33125 23.0747966852273 3 -1 0 
1 890 9.6 18 0.573474702380952 0.4853515625 19.6710853813836 3 1 0 
0 890 7.8 17 0.408447265625 0.38671875 30.2681126634697 3 -1 0 
1 900 9.6 18 0.5078125 0.53125 23.5159561856562 3 1 0 
0 900 7.8 17 0.368861607142857 0.396875 32.6398319731729 3 -1 0 
1 910 9.6 18 0.492487980769231 0.52734375 26.297336840486 3 1 0 
0 910 7.8 17 0.369419642857143 0.40390625 30.474038007199 3 -1 0 
1 920 9.6 18 0.534646739130435 0.5576171875 17.9539382856127 3 1 0 
0 920 7.8 17 0.410306490384615 0.41015625 20.2475950414537 3 -1 0 
1 930 9.6 18 0.485286458333333 0.517578125 14.8937116605132 3 1 0 
0 930 7.8 17 0.381453804347826 0.39453125 15.8912094905025 3 -1 0 
1 940 9.6 19 0.483744959677419 0.623697916666667 8.82935027397053 3 2 0 
0 940 7.8 17 0.39140625 NaN NaN 3 -2 0 
1 950 9.6 19 0.579385080645161 0.56640625 32.195878986321 3 1 0 
0 950 7.8 18 0.396739130434783 NaN NaN 3 -1 0 
1 960 9.6 19 0.550886824324324 0.486979166666667 40.5928096111814 3 1 0 
0 960 7.8 18 0.358473557692308 0.1328125 0 3 -1 0 
1 970 9.6 19 0.544866071428571 0.458333333333333 44.5051720162936 3 1 0 
0 970 7.8 18 0.37646484375 0.23828125 0 3 -1 0 
1 980 9.6 19 0.604817708333333 0.51953125 49.6694574790579 3 1 0 
0 980 7.8 18 0.348307291666667 0.21875 15.6204993518133 3 -1 0 
1 990 9.6 20 0.525540865384615 0.603515625 37.3720558514445 3 2 0 
0 990 7.8 18 0.295572916666667 0.1708984375 13.6896020535035 3 -2 0 
1 1000 9.6 20 0.460707720588235 0.58515625 40.7869581841377 3 2 0 
0 1000 7.8 18 0.373883928571429 0.28671875 32.5511223447963 3 -2 0 
1 1010 9.6 20 0.55859375 0.59375 39.0174655148208 3 1 0 
0 1010 7.8 19 0.35595703125 0.33203125 41.2414978600402 3 -1 0 
1 1020 9.6 20 0.475811298076923 0.5791015625 33.982241527793 3 1 0 
0 1020 7.8 19 0.33984375 0.325 34.7228991386874 3 -1 0 
1 1030 9.6 20 0.41875 0.615234375 22.9212233638959 3 1 0 
0 1030 7.8 19 0.400716145833333 0.3076171875 21.9160125181616 3 -1 0 
1 1040 9.6 20 0.515869140625 0.60546875 27.1094765759056 3 1 0 
0 1040 7.8 19 0.455357142857143 0.3173828125 18.5006326939098 3 -1 0 
1 1050 9.6 20 0.47265625 0.52734375 50.4367643249322 3 1 0 
0 1050 7.8 19 0.368421052631579 0.34296875 19.4349703905677 3 -1 0 
1 1060 9.6 20 0.404296875 0.4765625 38.0788655293195 3 0 0 
0 1060 7.8 20 0.425091911764706 0.3828125 30.9491401863656 3 0 0 
1 1070 9.6 20 0.4580078125 0.521484375 34.2527371169079 3 0 0 
0 1070 7.8 20 0.420955882352941 0.48359375 35.0123892186228 3 0 0 
1 1080 9.6 20 0.390625 0.4921875 35.4400902933387 3 0 0 
0 1080 7.8 20 0.513756793478261 0.44140625 52.7238499803957 3 0 0 
1 1090 9.6 20 0.404296875 0.53515625 44.5785823013698 3 0 0 
0 1090 7.8 20 0.384331597222222 0.41796875 53.9371697551382 3 0 0 
1 1100 9.6 20 0.408954326923077 0.505859375 57.2931060425249 3 0 0 
0 1100 7.8 20 0.45390625 0.4541015625 49.4189681650743 3 0 0 
1 1110 9.6 20 0.412109375 0.458984375 75.9769701949216 3 0 0 
0 1110 7.8 20 0.461588541666667 0.3828125 36.3915136269675 3 0 0 
1 1120 9.6 20 0.400923295454545 0.173177083333333 7.93847376331468 3 0 0 
0 1120 7.8 20 0.420572916666667 0.361328125 16.268384406943 3 0 0 
1 1130 9.6 20 0.392708333333333 0.3701171875 29.6835914948832 3 -1 0 
0 1130 7.8 21 0.498757102272727 0.390625 32.0725555588037 3 1 0 
1 1140 9.6 21 0.363671875 0.447265625 19.615084686899 3 0 0 
0 1140 7.8 21 0.483561197916667 0.37890625 41.2739047307925 3 0 0 
1 1150 9.6 21 0.408735795454545 0.4599609375 18.5202913732309 3 0 0 
0 1150 7.8 21 0.426603618421053 0.354166666666667 9.5764647565176 3 0 0 
1 1160 9.6 21 0.426630434782609 0.5380859375 27.6615681333399 3 0 0 
0 1160 7.8 21 0.435546875 0.40234375 3.97494580479419 3 0 0 
1 1170 9.6 21 0.490234375 0.6220703125 27.395083281999 3 0 0 
0 1170 7.8 21 0.3921875 0.3701171875 29.2871283267675 3 0 0 
1 1180 9.6 21 0.513671875 0.666015625 21.4029035906347 3 0 0 
0 1180 7.8 21 0.441189236111111 0.348958333333333 33.3032516679343 3 0 0 
1 1190 9.6 21 0.5439453125 0.7216796875 26.4530182669921 3 0 0 
0 1190 7.8 21 0.444110576923077 0.255859375 10.7935165724615 3 0 0 
1 1200 9.6 21 0.481534090909091 0.77578125 14.2583342349251 3 0 0 
0 1200 7.8 21 0.580078125 0.20703125 6.32455532033676 3 0 0 
1 1210 9.6 22 0.615306712962963 0.684375 44.4345702311877 3 1 1 
0 1210 7.8 21 0.5498046875 0.15625 14.6088371472942 2 -1 -1 
1 1220 9.6 22 0.65234375 0.68515625 44.2034495501534 3 1 2 
0 1220 7.8 21 0.560546875 0.145833333333333 10.4623680987249 1 -1 -2 
1 1230 9.6 22 0.53921875 0.7431640625 15.6107907450627 3 0 2 
0 1230 7.8 22 0.571732954545455 0.2802734375 33.0340251111409 1 0 -2 
1 1240 9.6 22 0.522235576923077 0.466796875 35.5546861648299 3 0 2 
0 1240 7.8 22 0.5390625 0.2109375 2.21676051329096 1 0 -2 
1 1250 9.6 22 0.642578125 0.380859375 28.3405725788964 2 0 1 
0 1250 7.8 22 0.612571022727273 0.247395833333333 15.7841823573084 1 0 -1 
1 1260 9.6 22 0.437677556818182 0.322265625 17.2092375817056 2 0 1 
0 1260 7.8 22 0.418782552083333 0.30859375 24.5356783468827 1 0 -1 
1 1270 9.6 22 0.428955078125 0.310546875 7.25236855495507 2 0 1 
0 1270 7.8 22 0.432291666666667 0.34375 12.9676303928315 1 0 -1 
1 1280 9.6 22 0.45751953125 0.3447265625 14.9658202512431 2 0 1 
0 1280 7.8 22 0.399816176470588 0.3330078125 19.4539390504781 1 0 -1 
1 1290 9.6 22 0.460637019230769 0.466796875 29.5112730587371 2 0 1 
0 1290 7.8 22 0.38125 0.4384765625 18.6361686723133 1 0 -1 
1 1300 9.6 23 0.43171875 0.59375 39.3234749547615 2 1 1 
0 1300 7.8 22 0.38125 0.364583333333333 22.022396202761 1 -1 -1 
1 1310 9.6 23 0.482928240740741 0.6328125 44.1555526064612 2 1 1 
0 1310 7.8 22 0.409598214285714 0.376302083333333 42.7424441142818 1 -1 -1 
1 1320 9.6 23 0.544002757352941 0.5703125 44.7493851771433 2 1 1 
0 1320 7.8 22 0.310122282608696 0.2724609375 47.6268996373111 1 -1 -1 
1 1330 9.6 23 0.553931451612903 0.52734375 4.60977222864644 2 0 1 
0 1330 7.8 23 0.3578125 0.21875 26.6692707061892 1 0 -1 
1 1340 9.6 23 0.559040178571429 0.546875 10 2 0 1 
0 1340 7.8 23 0.3578125 0.234375 3.04138126514911 1 0 -1 
1 1350 9.6 23 0.558376736111111 0.56640625 27.1707563383871 2 0 1 
0 1350 7.8 23 0.296875 0.275390625 38.8908729652601 1 0 -1 
1 1360 9.6 23 0.544677734375 0.625 25.2388589282479 2 0 1 
0 1360 7.8 23 0.34921875 0.2421875 27.1035388589555 1 0 -1 
1 1370 9.6 23 0.59056712962963 0.7109375 0 2 0 1 
0 1370 7.8 23 0.34921875 0.263020833333333 26.0093259330566 1 0 -1 
1 1380 9.6 23 0.577864583333333 0.64453125 0 2 0 1 
0 1380 7.8 23 0.337332589285714 0.35546875 22.5585378502673 1 0 -1 
1 1390 9.6 23 0.4912109375 0.404296875 55.0840267228168 2 0 1 
0 1390 7.8 23 0.456129807692308 0.369791666666667 22.8337082000713 1 0 -1 
1 1400 9.6 23 0.576612903225806 0.525390625 36.7491496500259 2 0 1 
0 1400 7.8 23 0.438337053571429 0.2578125 24.2092389928067 1 0 -1 
1 1410 9.6 23 0.571149553571429 0.555989583333333 25.6307342490598 2 0 1 
0 1410 7.8 23 0.445638020833333 0.23203125 21.706795626894 1 0 -1 
1 1420 9.6 23 0.514122596153846 0.631510416666667 28.7002877721441 2 0 1 
0 1420 7.8 23 0.502278645833333 0.1923828125 25.2943960317771 1 0 -1 
1 1430 9.6 23 0.626838235294118 0.587239583333333 39.8613721545651 2 0 1 
0 1430 7.8 23 0.534816576086957 0.2451171875 15.2606951193912 1 0 -1 
1 1440 9.6 23 0.53173828125 0.4421875 61.8567828183373 2 0 1 
0 1440 7.8 23 0.437872023809524 0.298828125 14.3954272493946 1 0 -1 
1 1450 9.6 23 0.5345703125 0.271484375 24.7032386540712 2 -1 1 
0 1450 7.8 24 0.495863970588235 0.267578125 13.2181258776878 1 1 -1 
1 1460 9.6 23 0.576099537037037 0.385416666666667 55.9227022305266 2 -1 1 
0 1460 7.8 24 0.498604910714286 0.3173828125 10.9070855894425 1 1 -1 
1 1470 9.6 24 0.578515625 0.337239583333333 55.7521897468964 2 0 1 
0 1470 7.8 24 0.415251358695652 0.3828125 20.7876412779825 1 0 -1 
1 1480 9.6 24 0.572602370689655 0.380208333333333 47.7952766609224 2 0 1 
0 1480 7.8 24 0.4283203125 0.3896484375 39.0703672957074 1 0 -1 
1 1490 9.6 24 0.561848958333333 0.37109375 40.830634978206 2 0 1 
0 1490 7.8 24 0.391666666666667 0.396484375 41.0922062351034 1 0 -1 
1 1500 9.6 24 0.535400390625 0.427734375 43.9743204101712 2 0 1 
0 1500 7.8 24 0.456194196428571 0.41796875 41.3882434325483 1 0 -1 
1 1510 9.6 24 0.491629464285714 0.38671875 47.9292327859766 2 0 1 
0 1510 7.8 24 0.416118421052632 0.43046875 47.8828259456279 1 0 -1 
1 1520 9.6 24 0.476392663043478 0.36328125 59.6098924191471 2 0 1 
0 1520 7.8 24 0.402604166666667 0.431640625 51.5916321413051 1 0 -1 
1 1530 9.6 24 0.440487132352941 0.43515625 43.7802050498859 2 0 1 
0 1530 7.8 24 0.424375 0.4328125 51.1936267225469 1 0 -1 
1 1540 9.6 24 0.4303125 0.427734375 30.5158227571916 2 0 1 
0 1540 7.8 24 0.417119565217391 0.392578125 26.8793601114312 1 0 -1 
1 1550 9.6 24 0.454026442307692 0.520833333333333 5.39611262990409 2 0 1 
0 1550 7.8 24 0.480078125 0.416015625 24.5458754172672 1 0 -1 
1 1560 9.6 24 0.522135416666667 0.5390625 4.12310562561766 2 0 1 
0 1560 7.8 24 0.476996527777778 0.3671875 0 1 0 -1 
1 1570 9.6 24 0.513671875 0.515625 11.4017542509914 2 0 1 
0 1570 7.8 24 0.388802083333333 0.33984375 0 1 0 -1 
1 1580 9.6 24 0.506310096153846 0.45703125 10.295630140987 2 0 1 
0 1580 7.8 24 0.37578125 0.28125 0 1 0 -1 
1 1590 9.6 24 0.586277173913043 0.455078125 2.91547594742265 2 0 1 
0 1590 7.8 24 0.5791015625 0.21484375 0 1 0 -1 
1 1600 9.6 24 0.509765625 0.44140625 0 2 -1 1 
0 1600 7.8 25 0.61328125 0.193359375 6.51920240520265 1 1 -1 
1 1610 9.6 24 0.575334821428571 0.396484375 6.96419413859206 2 -1 1 
0 1610 7.8 25 0.61328125 0.16015625 19.7868048217271 1 1 -1 
1 1620 9.6 25 0.595703125 0.4140625 0 2 0 2 
0 1620 7.8 25 0.3109375 0.233072916666667 23.8440518717913 0 0 -2 
1 1630 9.6 25 0.489583333333333 0.264322916666667 34.6600878259456 2 0 2 
0 1630 7.8 25 NaN 0.24609375 19.6472325797934 0 0 -2 
1 1640 9.6 25 0.556875 0.295572916666667 23.7648541413136 2 0 2 
0 1640 7.8 25 NaN 0.2451171875 16.220353210755 0 0 -2 
1 1650 9.6 25 0.489501953125 0.4111328125 27.0373577118111 2 0 2 
0 1650 7.8 25 0.258112980769231 0.259765625 11.2516631347048 0 0 -2 
1 1660 9.6 25 0.48875 0.421875 30.0584060185041 2 0 2 
0 1660 7.8 25 0.359074519230769 0.3505859375 20.6151336589255 0 0 -2 
1 1670 9.6 25 0.500434027777778 0.407552083333333 29.1872846442181 2 0 2 
0 1670 7.8 25 0.354048295454545 0.333984375 30.8920445785296 0 0 -2 
1 1680 9.6 25 0.514873798076923 0.357421875 24.0135779421771 2 0 2 
0 1680 7.8 25 0.36484375 0.334375 31.8059172991533 0 0 -2 
1 1690 9.6 25 0.488790760869565 0.375 19.0691883609659 2 0 2 
0 1690 7.8 25 0.359933035714286 0.228515625 12.2348058897345 0 0 -2 
1 1700 9.6 25 0.509915865384615 0.4423828125 18.1459502125746 2 0 2 
0 1700 7.8 25 0.339488636363636 0.212890625 8.84306114962182 0 0 -2 
1 1710 9.6 25 0.527043269230769 0.4462890625 13.2660889440111 2 0 2 
0 1710 7.8 25 0.331521739130435 0.220703125 3.38051941630522 0 0 -2 
1 1720 9.6 25 0.5021875 0.59140625 17.6170469889818 2 0 2 
0 1720 7.8 25 0.329752604166667 0.240234375 15.2507253701103 0 0 -2 
1 1730 9.6 25 0.534617456896552 0.60546875 4.16544803103171 2 0 2 
0 1730 7.8 25 0.317522321428571 0.2451171875 22.2257591797773 0 0 -2 
1 1740 9.6 25 0.56023185483871 0.69921875 11.6776663091934 2 0 2 
0 1740 7.8 25 0.314903846153846 0.26328125 32.3886547211184 0 0 -2 
1 1750 9.6 25 0.512451171875 0.7353515625 4.39834939439368 2 0 2 
0 1750 7.8 25 0.453125 0.19140625 7.29016697019829 0 0 -2 
1 1760 9.6 25 0.568728885135135 0.748697916666667 4.3041427981371 2 0 2 
0 1760 7.8 25 0.427517361111111 0.18359375 8.98861651579007 0 0 -2 
1 1770 9.6 25 0.610379464285714 0.671875 8.13941029804985 2 0 2 
0 1770 7.8 25 0.335193452380952 0.33984375 37.4980803392402 0 0 -2 
1 1780 9.6 25 0.499644886363636 0.514322916666667 26.5466607963698 2 -1 2 
0 1780 7.8 26 0.422475961538462 0.28515625 2.23606797749979 0 1 -2 
1 1790 9.6 25 0.505533854166667 0.311197916666667 28.9919391047982 2 -1 2 
0 1790 7.8 26 0.415457589285714 0.318359375 29.3470611816584 0 1 -2 
1 1800 9.6 25 0.5 0.390625 36.7201759041687 2 -1 2 
0 1800 7.8 26 0.389090401785714 0.359375 4.7169905660283 0 1 -2 
1 1810 9.6 25 0.452223557692308 0.477864583333333 44.1439409416679 2 -1 2 
0 1810 7.8 26 0.423943014705882 0.345703125 7.5 0 1 -2 
1 1820 9.6 25 0.41796875 0.434375 51.8923142364179 2 -1 2 
0 1820 7.8 26 0.373046875 0.234375 30.2034766210779 0 1 -2 
1 1830 9.6 25 0.481178977272727 0.4599609375 42.1918237575311 2 -1 2 
0 1830 7.8 26 0.397615131578947 0.212890625 23.7592087410334 0 1 -2 
1 1840 9.6 25 0.4921875 0.572265625 37.9476901633825 2 -1 2 
0 1840 7.8 26 0.369010416666667 0.20703125 13.9241592721927 0 1 -2 
1 1850 9.6 25 0.537239583333333 0.529296875 37.672191324161 2 -1 2 
0 1850 7.8 26 0.375 0.259114583333333 3.320194757603 0 1 -2 
1 1860 9.6 26 0.477914663461538 0.528645833333333 60.4794331864226 2 0 2 
0 1860 7.8 26 0.43359375 0.220052083333333 12.3156757634471 0 0 -2 
1 1870 9.6 26 0.5080078125 0.5234375 56.121775782791 2 0 2 
0 1870 7.8 26 0.43828125 0.251953125 12.4197423483742 0 0 -2 
1 1880 9.6 26 0.601004464285714 0.41796875 40.2243707222375 2 0 2 
0 1880 7.8 26 0.416015625 0.212890625 7.76208734813001 0 0 -2 
1 1890 9.6 26 0.55615234375 0.544921875 42.4057779082049 2 0 2 
0 1890 7.8 26 0.341346153846154 0.201822916666667 33.1107696341847 0 0 -2 
1 1900 9.6 26 0.4375 0.677734375 35.6545929720141 2 0 2 
0 1900 7.8 26 0.34765625 0.1328125 6.37241242193941 0 0 -2 
1 1910 9.6 26 0.490685096153846 0.6796875 30.3191358715911 2 0 2 
0 1910 7.8 26 0.3486328125 0.231770833333333 8.55173396314532 0 0 -2 
1 1920 9.6 26 0.557207661290323 0.533203125 36.62308015446 2 0 2 
0 1920 7.8 26 0.281770833333333 0.3359375 7.37670363367019 0 0 -2 
1 1930 9.6 26 0.572368421052632 0.556640625 30.6349473640808 2 0 2 
0 1930 7.8 26 0.31015625 0.3984375 3.10275814335557 0 0 -2 
1 1940 9.6 26 0.599275914634146 0.626953125 42.2995271841187 2 0 2 
0 1940 7.8 26 0.31201171875 0.35546875 24.3024146254239 0 0 -2 
1 1950 9.6 26 0.626802884615385 0.4111328125 62.3451367720079 2 0 2 
0 1950 7.8 26 0.222265625 0.3642578125 25.2399285487947 0 0 -2 
1 1960 9.6 26 0.571524784482759 0.36328125 35.0539243711488 2 0 2 
0 1960 7.8 26 0.294921875 0.326171875 38.7270069000173 0 0 -2 
1 1970 9.6 26 0.62204071969697 0.3310546875 32.2427686804048 2 0 2 
0 1970 7.8 26 0.294921875 0.3388671875 27.4694227470637 0 0 -2 
1 1980 9.6 26 0.588583669354839 0.251953125 22.1176002831792 2 -1 2 
0 1980 7.8 27 0.260602678571429 0.2744140625 19.3460869845674 0 1 -2 
1 1990 9.6 26 0.509510869565217 0.22421875 7.67206559629544 2 -1 2 
0 1990 7.8 27 0.36015625 0.26875 20.0381305185553 0 1 -2 
1 2000 9.6 26 0.550455729166667 0.2484375 7.62298202505301 2 -1 2 
0 2000 7.8 27 0.36015625 0.32578125 26.7126478488381 0 1 -2 
1 2010 9.6 26 0.550330528846154 0.412109375 2.80142807841992 2 -1 2 
0 2010 7.8 27 0.297991071428571 0.45546875 21.7203742722779 0 1 -2 
1 2020 9.6 26 0.531494140625 0.3876953125 29.552296356663 2 -1 2 
0 2020 7.8 27 0.2998046875 0.4580078125 8.05438950649695 0 1 -2 
1 2030 9.6 26 0.573508522727273 0.384114583333333 23.7772473369224 2 -1 2 
0 2030 7.8 27 0.2998046875 0.5 6.19072635883502 0 1 -2 
1 2040 9.6 26 0.596235795454545 0.37890625 0 2 -1 2 
0 2040 7.8 27 0.2607421875 0.48828125 8.83983510117758 0 1 -2 
1 2050 9.6 26 0.490885416666667 NaN NaN 2 -1 2 
0 2050 7.8 27 0.321180555555556 0.4404296875 15.453605123681 0 1 -2 
1 2060 9.6 26 0.559375 0.38671875 0 2 -1 2 
0 2060 7.8 27 0.321180555555556 0.2744140625 33.7912903548892 0 1 -2 
1 2070 9.6 26 0.580729166666667 0.45703125 0 2 -1 2 
0 2070 7.8 27 0.295200892857143 0.31640625 17.846342135716 0 1 -2 
1 2080 9.6 26 0.511970766129032 0.50390625 0 2 -1 2 
0 2080 7.8 27 0.391276041666667 0.3271484375 12.2445174249688 0 1 -2 
1 2090 9.6 26 0.564034598214286 0.6953125 0 2 -1 2 
0 2090 7.8 27 0.391276041666667 0.3505859375 15.9674540334261 0 1 -2 
1 2100 9.6 26 0.5253125 0.154296875 4.60977222864644 2 -1 2 
0 2100 7.8 27 0.287239583333333 0.36328125 23.4460959949401 0 1 -2 
1 2110 9.6 26 0.462449596774194 0.255859375 23.0067253927158 2 -1 2 
0 2110 7.8 27 0.40546875 0.3466796875 38.6124477469557 0 1 -2 
1 2120 9.6 26 0.461167279411765 0.359375 17.2915410981961 2 -1 2 
0 2120 7.8 27 0.480208333333333 0.4140625 49.6433508422234 0 1 -2 
1 2130 9.6 26 0.439670138888889 0.3671875 17.5190631612925 2 -1 2 
0 2130 7.8 27 0.4453125 0.435546875 53.8126450834613 0 1 -2 
1 2140 9.6 26 0.404296875 0.4931640625 17.0899029096547 2 -1 2 
0 2140 7.8 27 0.4341796875 0.39921875 33.4239217285628 0 1 -2 
1 2150 9.6 27 0.446231617647059 0.559895833333333 5.13820086323139 2 0 2 
0 2150 7.8 27 0.456321022727273 0.3828125 18.4390889145858 0 0 -2 
1 2160 9.6 27 0.507649739583333 0.42578125 32.3818401922995 2 -1 2 
0 2160 7.8 28 0.49609375 0.419921875 4.74341649025257 0 1 -2 
1 2170 9.6 27 0.4684375 NaN NaN 2 -1 2 
0 2170 7.8 28 0.386979166666667 0.44140625 2.23606797749979 0 1 -2 
1 2180 9.6 27 0.54638671875 0.41796875 0 2 -1 2 
0 2180 7.8 28 0.386979166666667 0.38671875 6.72681202353685 0 1 -2 
1 2190 9.6 27 0.541940789473684 0.53515625 0 2 -1 2 
0 2190 7.8 28 0.533353365384615 0.359375 26.1725046566048 0 1 -2 
1 2200 9.6 27 0.446428571428571 NaN NaN 2 -1 2 
0 2200 7.8 28 0.396728515625 0.1875 0 0 1 -2 
1 2210 9.6 27 0.497961956521739 0.3984375 0 2 -1 2 
0 2210 7.8 28 0.403645833333333 0.16015625 14.3265487818944 0 1 -2 
1 2220 9.6 27 0.519375 0.326171875 41.1400048614484 2 -1 2 
0 2220 7.8 28 0.48828125 0.180989583333333 11.8538373900299 0 1 -2 
1 2230 9.6 27 0.481863839285714 0.326171875 49.8186976808476 2 -1 2 
0 2230 7.8 28 0.384033203125 0.239583333333333 15.3037206833099 0 1 -2 
1 2240 9.6 27 0.500434027777778 0.384765625 25.5124861883441 2 -1 2 
0 2240 7.8 28 0.385677083333333 0.404296875 23.2458482018023 0 1 -2 
1 2250 9.6 27 0.560384114583333 0.4404296875 11.4274514161502 2 -1 2 
0 2250 7.8 28 0.48125 0.447916666666667 17.9278939129797 0 1 -2 
1 2260 9.6 27 0.527107007575758 0.466796875 8.43554871223661 2 -1 2 
0 2260 7.8 28 0.3896484375 0.420572916666667 14.5441712289225 0 1 -2 
1 2270 9.6 27 0.573336693548387 0.533203125 17.9258559027974 2 -1 2 
0 2270 7.8 28 0.432198660714286 0.352864583333333 32.0833478723402 0 1 -2 
1 2280 9.6 27 0.583165322580645 0.497395833333333 34.0647585858304 2 -1 2 
0 2280 7.8 28 0.25703125 0.321614583333333 24.9613722646946 0 1 -2 
1 2290 9.6 27 0.530421401515151 0.490885416666667 24.535624639279 2 -1 2 
0 2290 7.8 28 0.38671875 0.236979166666667 12.6151192319054 0 1 -2 
1 2300 9.6 27 0.569967830882353 0.509114583333333 21.3094796637183 2 -1 2 
0 2300 7.8 28 0.38671875 0.200520833333333 13.6952360256915 0 1 -2 
1 2310 9.6 27 0.589370265151515 0.446614583333333 4.08368204457804 2 -1 2 
0 2310 7.8 28 0.30078125 0.208333333333333 10.9394631879368 0 1 -2 
1 2320 9.6 27 0.552734375 0.45703125 30.1937265524386 2 -1 2 
0 2320 7.8 28 0.358940972222222 0.270833333333333 12.2137733321138 0 1 -2 
1 2330 9.6 27 0.589488636363636 0.493489583333333 28.1659129792518 2 -1 2 
0 2330 7.8 28 0.358940972222222 0.28125 15.3241722306348 0 1 -2 
1 2340 9.6 27 0.558333333333333 0.526041666666667 9.68018837462445 2 -1 2 
0 2340 7.8 28 0.283482142857143 0.2880859375 22.559570613109 0 1 -2 
1 2350 9.6 27 0.472916666666667 0.4453125 37.6713470845615 2 -1 2 
0 2350 7.8 28 0.333984375 0.28515625 18.6409311744004 0 1 -2 
1 2360 9.6 27 0.51806640625 0.5869140625 8.16699151866869 2 -1 2 
0 2360 7.8 28 0.333984375 0.2451171875 20.3522593537316 0 1 -2 
1 2370 9.6 27 0.546195652173913 0.6005859375 8.7251731292509 2 -1 2 
0 2370 7.8 28 0.332465277777778 0.1826171875 6.07496642971021 0 1 -2 
1 2380 9.6 27 0.453425480769231 0.6123046875 4.02518884265562 2 -1 2 
0 2380 7.8 28 0.362060546875 0.2 13.108190872618 0 1 -2 
1 2390 9.6 27 0.488064236111111 0.600260416666667 13.2713861334316 2 -1 2 
0 2390 7.8 28 0.359375 0.234375 8.33107901189844 0 1 -2 
1 2400 9.6 27 0.6171875 0.63671875 21.4996807046911 2 -1 2 
0 2400 7.8 28 0.278385416666667 0.23203125 13.0055829204505 0 1 -2 
1 2410 9.6 27 0.63046875 0.6953125 15.7387752021608 2 -1 2 
0 2410 7.8 28 0.325 0.2294921875 4.72162016003559 0 1 -2 
1 2420 9.6 28 0.673502604166667 0.79296875 7.07160743627071 2 0 2 
0 2420 7.8 28 0.19140625 0.16796875 4.09757531435239 0 0 -2 
1 2430 9.6 28 0.762228260869565 0.82734375 4.41681175470446 2 0 2 
0 2430 7.8 28 0.19140625 0.1640625 6.08276253029822 0 0 -2 
