1 30 6 1 NaN 0.7265625 21.278167522429 0 0 0 
0 30 5 1 NaN 0.3251953125 39.4793622036485 0 0 0 
1 40 6 1 NaN 0.7125 24.3451058692224 0 0 0 
0 40 5 1 0.36328125 0.3408203125 36.2451587868475 0 0 0 
1 50 6 1 NaN 0.60546875 19.2253838334646 0 0 0 
0 50 5 1 0.36328125 0.3798828125 32.2824094281788 0 0 0 
1 60 6 1 0.506417410714286 0.53359375 24.4386741234933 0 0 0 
0 60 5 1 0.419791666666667 0.4609375 35.6107773509817 0 0 0 
1 70 6 1 0.516183035714286 0.4892578125 26.5664551776007 0 0 0 
0 70 5 1 0.424107142857143 0.4482421875 30.7058286422938 0 0 0 
1 80 6 1 0.500600961538462 0.48046875 31.5539247277583 0 0 0 
0 80 5 1 0.4140625 0.4599609375 23.1708645375773 0 0 0 
1 90 6 1 0.4828125 0.5009765625 29.8050858307173 0 0 0 
0 90 5 1 0.455078125 0.4046875 37.4476246466357 0 0 0 
1 100 6 2 0.52294921875 0.4912109375 29.1671375636224 0 1 0 
0 100 5 1 0.492431640625 0.41953125 51.8859742166813 0 -1 0 
1 110 6 2 0.522879464285714 0.4638671875 31.9439941147294 0 0 0 
0 110 5 2 0.431490384615385 0.41484375 47.1589454807226 0 0 0 
1 120 6 3 0.48583984375 0.4677734375 32.5682318614354 0 1 0 
0 120 5 2 0.397569444444444 0.4125 41.6725834031442 0 -1 0 
1 130 6 3 0.5328125 0.473958333333333 22.2782986625733 0 1 0 
0 130 5 2 0.482766544117647 0.45390625 38.2107593691503 0 -1 0 
1 140 6 3 0.551382211538462 0.505859375 33.3100315030703 0 0 0 
0 140 5 3 0.432091346153846 0.46171875 33.290696339938 0 0 0 
1 150 6 3 0.522135416666667 0.498046875 30.8949982530591 0 0 0 
0 150 5 3 0.36328125 0.46328125 39.1384753049349 0 0 0 
1 160 6 4 0.520263671875 0.5888671875 46.5961229325049 0 1 0 
0 160 5 3 0.45234375 0.44765625 27.4444065842911 0 -1 0 
1 170 6 4 0.517708333333333 0.5166015625 19.216336687441 0 1 0 
0 170 5 3 0.402573529411765 0.41171875 26.4162472711584 0 -1 0 
1 180 6 4 0.525390625 0.47265625 8.9775366394883 0 1 0 
0 180 5 3 0.39380787037037 0.3953125 17.1739869058492 0 -1 0 
1 190 6 4 0.533935546875 0.48828125 10.7579717426781 0 1 0 
0 190 5 3 0.430509868421053 0.4443359375 10.2589881184022 0 -1 0 
1 200 6 4 0.533935546875 0.4873046875 3.89955904425115 0 0 0 
0 200 5 4 0.408900669642857 0.4228515625 5.32316663269226 0 0 0 
1 210 6 5 0.541193181818182 0.510416666666667 47.1250001608828 0 1 0 
0 210 5 4 0.438197544642857 0.3779296875 39.8462040074129 0 -1 0 
1 220 6 5 0.523177083333333 0.509114583333333 37.2889719002215 0 1 0 
0 220 5 4 0.43984375 0.412109375 21.2874578869028 0 -1 0 
1 230 6 5 0.507568359375 0.5703125 47.1582697890147 0 0 0 
0 230 5 5 0.419858870967742 0.3796875 36.7857888751508 0 0 0 
1 240 6 6 0.475852272727273 0.52734375 30.0901669008989 0 1 0 
0 240 5 5 0.431315104166667 0.408203125 37.9237924419794 0 -1 0 
1 250 6 6 0.526506696428571 0.5185546875 27.1598648870217 0 1 0 
0 250 5 5 0.446397569444444 0.37265625 35.1917446384372 0 -1 0 
1 260 6 6 0.537109375 0.4970703125 27.3334935341012 0 1 0 
0 260 5 5 0.402960526315789 0.388671875 36.6782305118653 0 -1 0 
1 270 6 6 0.517857142857143 0.47265625 36.179973929442 0 1 0 
0 270 5 5 0.453125 0.431640625 29.2490876642883 0 -1 0 
1 280 6 7 0.537109375 0.4912109375 36.1190604981434 0 1 0 
0 280 5 6 0.430536684782609 0.32421875 30.6099547110348 0 -1 0 
1 290 6 7 0.537109375 0.471875 31.9672884926319 0 1 0 
0 290 5 6 0.394401041666667 0.388671875 31.0425209485983 0 -1 0 
1 300 6 7 0.553385416666667 0.48359375 34.2303662283659 0 1 0 
0 300 5 6 0.3880859375 0.36328125 34.0733243974438 0 -1 0 
1 310 6 7 0.538411458333333 0.4931640625 12.3885893951033 0 1 0 
0 310 5 6 0.421875 0.3703125 30.3532842222158 0 -1 0 
1 320 6 7 0.538411458333333 0.475 10.779788658434 0 1 0 
0 320 5 6 0.397904829545455 0.41875 25.6335021110155 0 -1 0 
1 330 6 8 0.524305555555556 0.47890625 13.9972949795269 0 2 0 
0 330 5 6 0.427951388888889 0.369140625 12.1021104514048 0 -2 0 
1 340 6 8 0.546875 0.4873046875 17.4263697415257 0 2 0 
0 340 5 6 0.448069852941176 0.447916666666667 6.47682756769569 0 -2 0 
1 350 6 8 0.546875 0.482421875 19.6790409421601 0 1 0 
0 350 5 7 0.417436079545455 0.325520833333333 31.6422487005092 0 -1 0 
1 360 6 8 0.501171875 0.53984375 35.658962971133 0 1 0 
0 360 5 7 0.438939144736842 0.30078125 32.664320084122 0 -1 0 
1 370 6 9 0.515269886363636 0.5734375 31.743508571733 0 2 0 
0 370 5 7 0.447574013157895 0.3296875 32.7002773738712 0 -2 0 
1 380 6 9 0.535714285714286 0.53515625 35.6590992603377 0 2 0 
0 380 5 7 0.41650390625 0.4078125 32.2175585458991 0 -2 0 
1 390 6 9 0.52734375 0.50625 34.0252735084862 0 2 0 
0 390 5 7 0.40922619047619 0.41015625 28.2652484778629 0 -2 0 
1 400 6 9 0.544487847222222 0.49609375 36.3781314241957 0 2 0 
0 400 5 7 0.41359375 0.415625 33.3905975388954 0 -2 0 
1 410 6 10 0.545024671052632 0.4859375 41.7946037224514 0 2 0 
0 410 5 8 0.387008101851852 0.4515625 40.6253772309474 0 -2 0 
1 420 6 10 0.600260416666667 0.465625 36.5755487163607 0 2 0 
0 420 5 8 0.391241776315789 0.4171875 36.1246611202739 0 -2 0 
1 430 6 11 0.584263392857143 0.44140625 34.6466295644055 0 3 0 
0 430 5 8 0.388521634615385 0.453125 32.8750780491306 0 -3 0 
1 440 6 11 0.580228365384615 0.42890625 34.3052410720835 0 3 0 
0 440 5 8 0.368229166666667 0.4384765625 27.6993577843054 0 -3 0 
1 450 6 11 0.567274305555556 0.45859375 29.2323019670489 0 3 0 
0 450 5 8 0.3857421875 0.3109375 22.2334765988573 0 -3 0 
1 460 6 11 0.574776785714286 0.474609375 23.4969646973053 0 3 0 
0 460 5 8 0.380729166666667 0.40546875 16.3219646131114 0 -3 0 
1 470 6 11 0.582720588235294 0.458984375 14.4647546696386 0 2 0 
0 470 5 9 0.377055921052632 0.4423828125 11.5678750954255 0 -2 0 
1 480 6 12 0.578125 0.509114583333333 9.65687462974214 0 3 0 
0 480 5 9 0.3720703125 0.5087890625 9.38452449644672 0 -3 0 
1 490 6 12 0.566105769230769 0.485677083333333 9.52474834618493 0 3 0 
0 490 5 9 0.376822916666667 0.462890625 3.53553390593274 0 -3 0 
1 500 6 12 0.566105769230769 0.514322916666667 4.13082068227459 0 3 0 
0 500 5 9 0.37646484375 0.29296875 51.6236379965612 0 -3 0 
1 510 6 12 0.593191964285714 0.5869140625 34.9640961689309 0 3 0 
0 510 5 9 0.3896484375 0.33203125 31.015186107124 0 -3 0 
1 520 6 12 0.603170955882353 0.5283203125 29.9310251062435 0 3 0 
0 520 5 9 0.39546875 0.25390625 28.0526453260515 0 -3 0 
1 530 6 13 0.595982142857143 0.440625 36.0097431267323 0 4 0 
0 530 5 9 0.390625 0.2353515625 23.9488488168235 0 -4 0 
1 540 6 13 0.5927734375 0.44921875 46.3332650691357 0 3 0 
0 540 5 10 0.377170138888889 0.30078125 3.14223552612589 0 -3 0 
1 550 6 13 0.579427083333333 0.4677734375 35.8568263630071 0 3 0 
0 550 5 10 0.394990808823529 0.28125 19.337989234866 0 -3 0 
1 560 6 13 0.576450892857143 0.4248046875 20.0358338684342 0 3 0 
0 560 5 10 0.384765625 0.35546875 17.3316265578114 0 -3 0 
1 570 6 13 0.5771484375 0.4150390625 11.9483125972813 0 3 0 
0 570 5 10 0.37548828125 0.3525390625 16.0486440016488 0 -3 0 
1 580 6 14 0.604352678571429 0.3828125 14.4506564967012 0 4 0 
0 580 5 10 0.41640625 0.303125 20.8472424337407 0 -4 0 
1 590 6 14 0.6013671875 0.3974609375 17.4046967154159 0 3 0 
0 590 5 11 0.385416666666667 0.341796875 17.8344473026601 0 -3 0 
1 600 6 14 0.6181640625 0.428125 17.0462603308988 0 3 0 
0 600 5 11 0.357177734375 0.278645833333333 25.6332656484352 0 -3 0 
1 610 6 14 0.614524147727273 0.4345703125 34.7967421918563 0 3 0 
0 610 5 11 0.38359375 0.282552083333333 30.6794162059294 0 -3 0 
1 620 6 14 0.614524147727273 0.41015625 44.3709579642574 0 3 0 
0 620 5 11 0.384114583333333 0.2412109375 26.1767592719185 0 -3 0 
1 630 6 15 0.651424632352941 0.4013671875 26.3010740402631 0 4 0 
0 630 5 11 0.35693359375 0.284375 36.1652642790916 0 -4 0 
1 640 6 15 0.619873046875 0.4228515625 19.2282057991465 0 4 0 
0 640 5 11 0.362047697368421 0.3056640625 35.6188692599834 0 -4 0 
1 650 6 15 0.573102678571429 0.453125 14.936358954336 0 4 0 
0 650 5 11 0.362047697368421 0.296875 15.9396670045029 0 -4 0 
1 660 6 15 0.64111328125 0.4052734375 13.0797040296197 0 4 0 
0 660 5 11 0.345424107142857 0.2529296875 15.9131520674784 0 -4 0 
1 670 6 15 0.6416015625 0.39609375 18.205240892503 0 4 0 
0 670 5 11 0.316796875 0.232421875 19.0960795175321 0 -4 0 
1 680 6 15 0.648667279411765 0.3734375 20.479477574023 0 3 0 
0 680 5 12 0.309895833333333 0.25859375 24.0100380133761 0 -3 0 
1 690 6 16 0.666015625 0.392578125 25.897834179521 0 4 0 
0 690 5 12 0.313401442307692 0.28984375 23.8870396597818 0 -4 0 
1 700 6 16 0.625372023809524 0.40625 15.2926985667877 0 4 0 
0 700 5 12 0.311941964285714 0.3671875 26.3807492872279 0 -4 0 
1 710 6 16 0.626822916666667 0.5546875 44.6542271235322 0 3 0 
0 710 5 13 0.309895833333333 0.376302083333333 18.3020350189002 0 -3 0 
1 720 6 16 0.688058035714286 0.430989583333333 36.1441944359042 0 3 0 
0 720 5 13 0.310267857142857 0.37109375 6.3156957259223 0 -3 0 
1 730 6 16 0.697265625 0.39453125 31.502236826427 0 3 0 
0 730 5 13 NaN 0.423828125 4.30116263352131 0 -3 0 
