1 30 7.4 1 NaN 0.36015625 40.3913216708104 3 0 0 
0 30 6.4 1 NaN 0.3109375 23.3332719462692 3 0 0 
1 40 7.4 1 NaN 0.3703125 38.2071636837657 3 0 0 
0 40 6.4 1 NaN 0.309375 21.7276086419292 3 0 0 
1 50 7.4 1 NaN 0.403125 36.1103980345138 3 0 0 
0 50 6.4 1 0.36328125 0.34765625 22.2827881179663 3 0 0 
1 60 7.4 1 0.371484375 0.4765625 31.883826079863 3 0 0 
0 60 6.4 1 0.364583333333333 0.46328125 28.3194776061848 3 0 0 
1 70 7.4 1 0.37109375 0.48046875 36.3973994478575 3 0 0 
0 70 6.4 1 0.379464285714286 0.4640625 33.3256918192353 3 0 0 
1 80 7.4 1 0.484765625 0.48828125 33.8165940438824 3 0 0 
0 80 6.4 1 0.47705078125 0.46640625 33.9169854640066 3 0 0 
1 90 7.4 1 0.431725543478261 0.50078125 27.6931380760061 3 0 0 
0 90 6.4 1 0.4115625 0.475 33.4192140026106 3 0 0 
1 100 7.4 1 0.386548913043478 0.48671875 26.5001096952463 3 0 0 
0 100 6.4 1 0.382161458333333 0.459375 25.7546784699053 3 0 0 
1 110 7.4 2 0.4546875 0.513671875 6.51995188189387 3 0 0 
0 110 6.4 2 0.447730654761905 0.48125 15.875218242195 3 0 0 
1 120 7.4 2 0.4228515625 0.470052083333333 22.7199298183659 3 0 0 
0 120 6.4 2 0.409886853448276 0.4734375 18.0013566016155 3 0 0 
1 130 7.4 2 0.37109375 0.3765625 50.1867677171611 3 0 0 
0 130 6.4 2 0.399188701923077 0.47734375 22.3613387686016 3 0 0 
1 140 7.4 2 0.442434210526316 0.38515625 39.9779889518671 3 -1 0 
0 140 6.4 3 0.46435546875 0.46796875 24.6324778178774 3 1 0 
1 150 7.4 3 0.431790865384615 0.465625 32.9675270127471 3 0 0 
0 150 6.4 3 0.395608836206897 0.50390625 38.6314187708346 3 0 0 
1 160 7.4 3 0.40390625 0.48203125 28.2917025718527 3 0 0 
0 160 6.4 3 0.375813802083333 0.46015625 36.2318557787289 3 0 0 
1 170 7.4 3 0.485973011363636 0.51015625 23.9407982701463 3 0 0 
0 170 6.4 3 0.458203125 0.434375 39.145201647925 3 0 0 
1 180 7.4 4 0.451912715517241 0.4953125 28.3436622460912 3 0 0 
0 180 6.4 4 0.409577546296296 0.45546875 37.2773887336185 3 0 0 
1 190 7.4 4 0.40625 0.478125 29.0239140585586 3 0 0 
0 190 6.4 4 0.381673177083333 0.50546875 38.2521282684972 3 0 0 
1 200 7.4 4 0.450657894736842 0.48046875 39.4502197744627 3 0 0 
0 200 6.4 4 0.463541666666667 0.51640625 36.1024628973701 3 0 0 
1 210 7.4 5 0.441256009615385 0.4421875 46.0675314447719 3 0 0 
0 210 6.4 5 0.433837890625 0.515625 34.4905617765838 3 0 0 
1 220 7.4 5 0.40478515625 0.45859375 42.9127345833421 3 0 0 
0 220 6.4 5 0.406700721153846 0.50546875 26.9344452496513 3 0 0 
1 230 7.4 5 0.454613095238095 0.46328125 36.6684602132541 3 0 0 
0 230 6.4 5 0.455979567307692 0.434375 20.3567972420613 3 0 0 
1 240 7.4 6 0.440831801470588 0.4953125 32.3273556339086 3 1 0 
0 240 6.4 5 0.410684121621622 0.41015625 24.3715344317142 3 -1 0 
1 250 7.4 6 0.419020432692308 0.509375 27.9661871481044 3 0 0 
0 250 6.4 6 0.380264945652174 0.4390625 17.5234160258137 3 0 0 
1 260 7.4 6 0.5220703125 0.501953125 14.4053960158928 3 0 0 
0 260 6.4 6 0.457465277777778 0.478125 38.3233834972385 3 0 0 
1 270 7.4 6 0.4705078125 0.51171875 10.0808218568663 3 -1 0 
0 270 6.4 7 0.427734375 0.49140625 41.9177311442282 3 1 0 
1 280 7.4 6 0.405016447368421 0.4375 31.9183658720653 3 -1 0 
0 280 6.4 7 0.383345170454545 0.4921875 49.0249218403109 3 1 0 
1 290 7.4 7 0.427734375 0.43984375 28.5420429649836 3 0 0 
0 290 6.4 7 0.433293269230769 0.50390625 43.5444691912519 3 0 0 
1 300 7.4 7 0.405910326086957 0.48359375 26.132117303025 3 0 0 
0 300 6.4 7 0.433872767857143 0.521484375 45.1872588339905 3 0 0 
1 310 7.4 7 0.40328125 0.45859375 34.8557483131794 3 0 0 
0 310 6.4 7 0.418125 0.44140625 44.5430629406279 3 0 0 
1 320 7.4 8 0.521306818181818 0.49296875 42.7865104164849 3 1 0 
0 320 6.4 7 0.477213541666667 0.34921875 43.409354614967 3 -1 0 
1 330 7.4 8 0.466947115384615 0.46640625 44.8606898548078 3 0 0 
0 330 6.4 8 0.408088235294118 0.459375 44.1278752563506 3 0 0 
1 340 7.4 8 0.3828125 0.484375 43.0569160391455 3 0 0 
0 340 6.4 8 0.367931547619048 0.4875 43.1351986962815 3 0 0 
1 350 7.4 8 0.44765625 0.49765625 27.6386433027645 3 0 0 
0 350 6.4 8 0.4453125 0.4640625 36.0917743008281 3 0 0 
1 360 7.4 8 0.4065625 0.50703125 23.6795378671079 3 0 0 
0 360 6.4 8 0.419503348214286 0.46171875 26.934934466594 3 0 0 
1 370 7.4 8 0.385904947916667 0.45546875 27.15984372064 3 0 0 
0 370 6.4 8 0.392277644230769 0.49453125 26.3407119370898 3 0 0 
1 380 7.4 9 0.449396306818182 0.4640625 36.2423361981699 3 1 0 
0 380 6.4 8 0.4732421875 0.48828125 34.6888341232077 3 -1 0 
1 390 7.4 9 0.4128125 0.465625 39.3710980833722 3 0 0 
0 390 6.4 9 0.430419921875 0.478125 23.0778201291091 3 0 0 
1 400 7.4 9 0.4025 0.4765625 43.5493799775492 3 0 0 
0 400 6.4 9 0.38623046875 0.465625 21.7329984528139 3 0 0 
1 410 7.4 9 0.487591911764706 0.49140625 22.6369390502204 3 0 0 
0 410 6.4 9 0.453515625 0.4671875 30.5828486550341 3 0 0 
1 420 7.4 9 0.4736328125 0.45703125 30.7464658622775 3 0 0 
0 420 6.4 9 0.422214673913043 0.51953125 35.7692586469419 3 0 0 
1 430 7.4 10 0.417679398148148 0.49765625 27.334128005279 3 1 0 
0 430 6.4 9 0.421875 0.46171875 31.4234302843025 3 -1 0 
1 440 7.4 10 0.45296875 0.51640625 15.6967417288417 3 0 0 
0 440 6.4 10 0.474516369047619 0.435546875 32.6716009818167 3 0 0 
1 450 7.4 10 0.414572010869565 0.4828125 22.3789235045593 3 0 0 
0 450 6.4 10 0.445186491935484 0.4326171875 25.5162623887727 3 0 0 
1 460 7.4 10 0.373046875 0.54765625 20.100296257928 3 0 0 
0 460 6.4 10 0.4180908203125 0.3154296875 27.7844686168914 3 0 0 
1 470 7.4 11 0.426339285714286 0.5140625 14.6429477915644 3 1 0 
0 470 6.4 10 0.466229838709677 0.3544921875 18.607948396427 3 -1 0 
1 480 7.4 11 0.407670454545455 0.46875 27.6536323530206 3 1 0 
0 480 6.4 10 0.456186655405405 0.34296875 31.0308921029509 3 -1 0 
1 490 7.4 11 0.375710227272727 0.440625 39.3076708519656 3 1 0 
0 490 6.4 10 0.414513221153846 0.43359375 43.1150492173481 3 -1 0 
1 500 7.4 12 0.465122767857143 0.4328125 48.2288966484139 3 2 0 
0 500 6.4 10 0.426011029411765 0.4828125 37.8026875993298 3 -2 0 
1 510 7.4 12 0.426432291666667 0.42265625 46.5828878301469 3 1 0 
0 510 6.4 11 0.409040178571429 0.478125 34.642723859273 3 -1 0 
1 520 7.4 12 0.385020380434783 0.4046875 43.5096758585081 3 1 0 
0 520 6.4 11 0.391276041666667 0.46796875 34.9776990574174 3 -1 0 
1 530 7.4 12 0.4376953125 0.48671875 35.5711499922486 3 1 0 
0 530 6.4 11 0.4453125 0.46796875 17.2258363855362 3 -1 0 
1 540 7.4 12 0.430106026785714 0.49609375 38.4031749096266 3 1 0 
0 540 6.4 11 0.448307291666667 0.47421875 11.2532067528789 3 -1 0 
1 550 7.4 12 0.377734375 0.4775390625 46.6991103608101 3 1 0 
0 550 6.4 11 0.43041087962963 0.4716796875 8.39033558408459 3 -1 0 
1 560 7.4 13 0.454241071428571 0.4482421875 52.6138095497835 3 1 0 
0 560 6.4 12 0.439453125 0.53125 10.8178866392882 3 -1 0 
1 570 7.4 13 0.399956597222222 0.4203125 61.7811899849792 3 1 0 
0 570 6.4 12 0.451388888888889 0.4921875 30.9025762288013 3 -1 0 
1 580 7.4 13 0.37109375 0.475 54.1033542614601 3 1 0 
0 580 6.4 12 0.412109375 0.4546875 40.5835842576051 3 -1 0 
1 590 7.4 13 0.418294270833333 0.48359375 48.5733187505733 3 1 0 
0 590 6.4 12 0.499131944444444 0.47578125 53.037959363288 3 -1 0 
1 600 7.4 14 0.444411057692308 0.4421875 49.8849056674926 3 2 0 
0 600 6.4 12 0.458806818181818 0.4755859375 35.5811905864951 3 -2 0 
1 610 7.4 14 0.393682065217391 0.4609375 47.2848035431513 3 2 0 
0 610 6.4 12 0.388509114583333 0.4169921875 32.5679414006837 3 -2 0 
1 620 7.4 14 0.460503472222222 0.49609375 37.3165707500618 3 2 0 
0 620 6.4 12 0.402604166666667 0.43359375 31.3265567866413 3 -2 0 
1 630 7.4 14 0.450613839285714 0.50625 22.3469893084622 3 1 0 
0 630 6.4 13 0.409635416666667 0.384375 40.1367480028665 3 -1 0 
1 640 7.4 14 0.409104567307692 0.421875 24.0510862892612 3 1 0 
0 640 6.4 13 0.379231770833333 0.4125 18.9713252579917 3 -1 0 
1 650 7.4 14 0.465049342105263 0.4765625 12.8355557249362 3 1 0 
0 650 6.4 13 0.423014322916667 0.44765625 4.84003668173677 3 -1 0 
1 660 7.4 15 0.481336805555556 0.44453125 15.2123030798432 3 2 0 
0 660 6.4 13 0.41796875 0.3859375 27.3541223469868 3 -2 0 
1 670 7.4 15 0.437247983870968 0.4390625 36.6516846289313 3 2 0 
0 670 6.4 13 0.379083806818182 0.28046875 33.0240975347285 3 -2 0 
1 680 7.4 15 0.527506510416667 0.48984375 31.808652934417 3 2 0 
0 680 6.4 13 0.406494140625 0.28515625 23.5267700102438 3 -2 0 
1 690 7.4 15 0.49599358974359 0.5734375 26.6716042312811 3 2 0 
0 690 6.4 13 0.380408653846154 0.33359375 24.9355807216873 3 -2 0 
1 700 7.4 16 0.4541015625 0.56796875 22.8952572520633 3 3 0 
0 700 6.4 13 0.366753472222222 0.3484375 24.0462092828298 3 -3 0 
1 710 7.4 16 0.606689453125 0.54140625 23.1023972499625 3 3 0 
0 710 6.4 13 0.3681640625 0.378125 22.202839215654 3 -3 0 
1 720 7.4 16 0.498998397435897 0.58203125 22.6211188581692 3 3 0 
0 720 6.4 13 0.334716796875 0.35625 16.5123869899824 3 -3 0 
1 730 7.4 16 0.385120738636364 0.609375 28.0342717174191 3 2 0 
0 730 6.4 14 0.358552631578947 0.34765625 14.9092037944802 3 -2 0 
1 740 7.4 16 0.521484375 0.6357421875 31.1370605404253 3 2 0 
0 740 6.4 14 0.3740234375 0.3421875 3.70344083141279 3 -2 0 
1 750 7.4 16 0.525971283783784 0.505859375 28.8345414287286 3 2 0 
0 750 6.4 14 0.344669117647059 0.44921875 7.94744515625591 3 -2 0 
1 760 7.4 16 0.496484375 0.4560546875 24.197441794294 3 2 0 
0 760 6.4 14 0.3359375 0.4953125 22.0967311553906 3 -2 0 
1 770 7.4 16 0.582126524390244 0.4228515625 27.4806182491031 3 2 0 
0 770 6.4 14 0.33056640625 0.46875 11.04497162348 3 -2 0 
1 780 7.4 17 0.50595703125 0.30546875 29.45448010622 3 3 0 
0 780 6.4 14 0.29833984375 0.54609375 28.1609167479918 3 -3 0 
1 790 7.4 17 0.518612132352941 0.2953125 33.2629694441645 3 2 0 
0 790 6.4 15 0.337439903846154 0.60234375 30.9796804428839 3 -2 0 
1 800 7.4 17 0.600619612068966 0.35078125 15.8976227131728 3 2 0 
0 800 6.4 15 0.337439903846154 0.56328125 20.5209122545827 3 -2 0 
1 810 7.4 17 0.480334051724138 0.41796875 13.2804829603528 3 2 0 
0 810 6.4 15 0.322443181818182 0.51171875 5.82370131281519 3 -2 0 
1 820 7.4 17 0.47705078125 0.4734375 7.24980540198975 3 2 0 
0 820 6.4 15 0.43671875 0.42578125 5.34315633592335 3 -2 0 
1 830 7.4 17 0.652803308823529 0.52734375 13.4150996930651 3 1 0 
0 830 6.4 16 0.54296875 0.333984375 3.19980603639172 3 -1 0 
1 840 7.4 17 0.509440104166667 0.428125 21.1912640297151 3 1 0 
0 840 6.4 16 0.473958333333333 0.306640625 4.54106580295155 3 -1 0 
1 850 7.4 17 0.434244791666667 0.43046875 32.2222220866713 3 1 0 
0 850 6.4 16 0.417643229166667 0.3291015625 7.42406916351822 3 -1 0 
1 860 7.4 17 0.48046875 0.4546875 42.2676403020505 3 1 0 
0 860 6.4 16 0.438939144736842 0.35390625 32.6989175067993 3 -1 0 
1 870 7.4 17 0.457632211538462 0.43671875 38.3576299442027 3 1 0 
0 870 6.4 16 0.447126116071429 0.38984375 30.5136985884382 3 -1 0 
1 880 7.4 17 0.407438858695652 0.4671875 29.3369379827803 3 1 0 
0 880 6.4 16 0.439985795454545 0.4 21.5692749607746 3 -1 0 
1 890 7.4 18 0.427517361111111 0.53203125 23.5977708651298 3 2 0 
0 890 6.4 16 0.444270833333333 0.37109375 27.8550610696385 3 -2 0 
1 900 7.4 18 0.385602678571429 0.6171875 17.2888395162399 3 2 0 
0 900 6.4 16 0.426199776785714 0.36484375 13.5141380855622 3 -2 0 
1 910 7.4 18 0.432842548076923 0.60546875 13.7667336194778 3 2 0 
0 910 6.4 16 0.434505208333333 0.3662109375 13.7313109428841 3 -2 0 
1 920 7.4 18 0.549153645833333 0.67890625 3.44185481465768 3 2 0 
0 920 6.4 16 0.46417025862069 0.2890625 9.01387818865997 3 -2 0 
1 930 7.4 18 0.4740234375 0.68125 18.6679796817752 3 2 0 
0 930 6.4 16 0.472767857142857 0.21875 5.09901951359278 3 -2 0 
1 940 7.4 18 0.401278409090909 0.59375 28.5836462427349 3 1 0 
0 940 6.4 17 0.486941964285714 0.278645833333333 34.4223168803269 3 -1 0 
1 950 7.4 18 0.481387867647059 0.54140625 24.0076974829474 3 1 0 
0 950 6.4 17 0.536695075757576 0.267578125 30.2650118015374 3 -1 0 
1 960 7.4 19 0.4689453125 0.51953125 12.855167087419 3 2 0 
0 960 6.4 17 0.504206730769231 0.26015625 25.8714703187394 3 -2 0 
1 970 7.4 19 0.405078125 0.58203125 20.7248582453765 3 2 0 
0 970 6.4 17 0.467741935483871 0.303125 17.6549326012918 3 -2 0 
1 980 7.4 19 0.533717105263158 0.546875 25.7171063601713 3 2 1 
0 980 6.4 17 0.547407670454545 0.36796875 20.567088393574 2 -2 -1 
1 990 7.4 20 0.486769153225806 0.490234375 29.8136692979219 3 3 1 
0 990 6.4 17 0.509198588709677 0.37890625 9.68224321115446 2 -3 -1 
1 1000 7.4 20 0.384375 0.462890625 45.0215405994045 3 3 1 
0 1000 6.4 17 0.438151041666667 0.401041666666667 9.1822074335345 2 -3 -1 
1 1010 7.4 20 0.555989583333333 0.4775390625 55.69156542857 3 3 1 
0 1010 6.4 17 0.4091796875 0.341145833333333 4.13101917059598 2 -3 -1 
1 1020 7.4 20 0.497314453125 0.47265625 25.6749562479623 3 3 1 
0 1020 6.4 17 0.411328125 0.453125 2.02149836741533 2 -3 -1 
1 1030 7.4 20 0.46484375 0.4716796875 4.37151818275838 3 3 1 
0 1030 6.4 17 0.345572916666667 0.479166666666667 3.17809209421746 2 -3 -1 
1 1040 7.4 20 0.55961277173913 0.5595703125 9.07416430011688 3 3 1 
0 1040 6.4 17 0.338975694444444 0.2724609375 28.0727991472946 2 -3 -1 
1 1050 7.4 20 0.484611742424242 0.44453125 34.3190899809459 3 2 1 
0 1050 6.4 18 0.425030048076923 0.2578125 17.4236471941193 2 -2 -1 
1 1060 7.4 20 0.40078125 0.5171875 43.6232946422765 3 2 1 
0 1060 6.4 18 0.415852864583333 0.267578125 23.0480576820044 2 -2 -1 
1 1070 7.4 20 0.497242647058823 0.54140625 46.8935031666046 3 2 1 
0 1070 6.4 18 0.4451171875 0.2666015625 9.21744604072269 2 -2 -1 
1 1080 7.4 20 0.461181640625 0.5359375 35.7609565916563 3 2 1 
0 1080 6.4 18 0.421519886363636 0.2421875 19.0937609057779 2 -2 -1 
1 1090 7.4 20 0.417824074074074 0.51796875 14.4642174270978 3 2 1 
0 1090 6.4 18 0.4215625 0.2890625 29.1281305007103 2 -2 -1 
1 1100 7.4 20 0.528231534090909 0.5359375 10.8554803586601 3 2 1 
0 1100 6.4 18 0.440946691176471 0.3505859375 17.0744421054682 2 -2 -1 
1 1110 7.4 21 0.498934659090909 0.6515625 3.98643014257287 3 3 1 
0 1110 6.4 18 0.419497282608696 0.359375 17.8265020679234 2 -3 -1 
1 1120 7.4 21 0.484375 0.76875 5.84149288724906 3 3 2 
0 1120 6.4 18 0.418996710526316 0.416015625 11.188561213065 1 -3 -2 
1 1130 7.4 21 0.519176136363636 0.79453125 3.17300971332918 3 3 3 
0 1130 6.4 18 0.448299632352941 0.443359375 9.14526565902586 0 -3 -3 
1 1140 7.4 21 0.452256944444444 0.81015625 7.38065478131079 3 3 3 
0 1140 6.4 18 0.454345703125 0.44140625 31.2370459333395 0 -3 -3 
1 1150 7.4 21 0.54453125 0.8296875 2.41983296438104 3 3 3 
0 1150 6.4 18 0.516145833333333 0.32109375 48.8290228422775 0 -3 -3 
1 1160 7.4 21 0.54453125 0.819010416666667 2.53800675110022 3 3 3 
0 1160 6.4 18 0.538020833333333 0.255208333333333 50.4206744642425 0 -3 -3 
