1 30 8 1 NaN 0.239516129032258 21.78932708787 3 0 0 
0 30 5 1 NaN 0.26008064516129 29.1276104368429 3 0 0 
1 40 8 1 NaN 0.269354838709677 31.0398017047428 3 0 0 
0 40 5 1 NaN 0.331653225806452 30.3717082573795 3 0 0 
1 50 8 1 0.370967741935484 0.353225806451613 38.7607801268948 3 0 0 
0 50 5 1 0.370967741935484 0.362903225806452 33.2954429922391 3 0 0 
1 60 8 1 0.368279569892473 0.488709677419355 42.74173741787 3 0 0 
0 60 5 1 0.368279569892473 0.479838709677419 31.3655004635131 3 0 0 
1 70 8 1 0.374395161290323 0.494959677419355 38.7125644519051 3 0 0 
0 70 5 1 0.380443548387097 0.500806451612903 33.601904122252 3 0 0 
1 80 8 1 0.475806451612903 0.425806451612903 44.593086589018 3 0 0 
0 80 5 1 0.461228287841191 0.49758064516129 33.1962039094237 3 0 0 
1 90 8 1 0.401881720430108 0.419354838709677 44.5091168277146 3 0 0 
0 90 5 1 0.423387096774194 0.475806451612903 35.6231186123035 3 0 0 
1 100 8 1 0.376008064516129 0.445161290322581 40.5352347988291 3 -1 0 
0 100 5 2 0.452476958525346 0.501612903225806 29.6459201581952 3 1 0 
1 110 8 2 0.467933947772657 0.47258064516129 40.0302100378295 3 0 0 
0 110 5 2 0.491568914956012 0.501612903225806 30.51811737187 3 0 0 
1 120 8 2 0.420750620347395 0.483064516129032 41.8934869436674 3 0 0 
0 120 5 2 0.40892658509455 0.470046082949309 32.5480634653382 3 0 0 
1 130 8 2 0.396914446002805 0.485483870967742 42.1258665578475 3 0 0 
0 130 5 2 0.393625192012289 0.466129032258065 33.3046753292438 3 0 0 
1 140 8 3 0.475358422939068 0.485887096774194 27.8893597180248 3 0 0 
0 140 5 3 0.456451612903226 0.487096774193548 33.5612457607348 3 0 0 
1 150 8 3 0.409811827956989 0.484879032258065 22.9054152971147 3 0 0 
0 150 5 3 0.392369727047146 0.516129032258065 31.7959708507374 3 0 0 
1 160 8 3 0.380960729312763 0.385483870967742 45.1878845977717 3 0 0 
0 160 5 3 0.433777915632754 0.436827956989247 41.478539285649 3 0 0 
1 170 8 3 0.476008064516129 0.417741935483871 33.1439554528416 3 -1 0 
0 170 5 4 0.480913978494624 0.454301075268817 30.4897768549802 3 1 0 
1 180 8 3 0.368279569892473 0.473387096774194 11.9583559942456 3 -1 0 
0 180 5 4 0.437025616698292 0.480510752688172 28.4885409199731 3 1 0 
1 190 8 4 0.385967741935484 0.515322580645161 1.68001524910195 3 0 0 
0 190 5 4 0.444168734491315 0.466935483870968 31.065661387398 3 0 0 
1 200 8 4 0.465112201963534 0.501612903225806 4.79643350354255 3 0 0 
0 200 5 4 0.491584852734923 0.42002688172043 44.8878193565878 3 0 0 
1 210 8 4 0.408392137096774 0.476612903225806 10.5372114956315 3 -1 0 
0 210 5 5 0.412402669632925 0.398387096774194 34.0441983428528 3 1 0 
1 220 8 4 0.410752688172043 0.491935483870968 13.6235006875406 3 -1 0 
0 220 5 5 0.387298387096774 0.422715053763441 36.4867911774476 3 1 0 
1 230 8 4 0.481854838709677 0.511088709677419 4.26105885305283 3 -1 0 
0 230 5 5 0.475382003395586 0.470967741935484 25.9616580697765 3 1 0 
1 240 8 5 0.40639400921659 0.530241935483871 6.83155107056554 3 -1 0 
0 240 5 6 0.408770161290323 0.47883064516129 23.1253304830075 3 1 0 
1 250 8 5 0.367996604414261 0.471774193548387 24.2702153867466 3 -1 0 
0 250 5 6 0.409516129032258 0.410483870967742 36.4399528960624 3 1 0 
1 260 8 5 0.461337760910816 0.437096774193548 23.5269457352091 3 -1 0 
0 260 5 6 0.474156891495601 0.380376344086022 39.5927819669698 3 1 0 
1 270 8 5 0.387264784946237 0.448387096774194 15.9083716695158 3 -1 0 
0 270 5 6 0.405680224403927 0.46831797235023 31.984442998372 3 1 0 
1 280 8 6 0.404905913978495 0.517741935483871 8.9203818760699 3 0 0 
0 280 5 6 0.381451612903226 0.426747311827957 18.8976122340689 3 0 0 
1 290 8 6 0.49146110056926 0.580645161290323 4.29377473249406 3 -1 0 
0 290 5 7 0.446824596774194 0.419354838709677 23.0414261914831 3 1 0 
1 300 8 7 0.436290322580645 0.620967741935484 4.32598734590487 3 0 0 
0 300 5 7 0.437019969278034 0.436827956989247 24.1470258376472 3 0 0 
1 310 8 7 0.436059907834101 0.640322580645161 4.61241450236384 3 0 0 
0 310 5 7 0.415322580645161 0.321572580645161 16.4200953399681 3 0 0 
1 320 8 7 0.53476084538376 0.610483870967742 5.26460615261881 3 0 0 
0 320 5 7 0.456989247311828 0.267137096774194 22.8291451069661 3 0 0 
1 330 8 8 0.483740894901145 0.599193548387097 8.08308199592783 3 1 0 
0 330 5 7 0.419215795328142 0.120967741935484 0 3 -1 0 
1 340 8 8 0.444724462365591 0.674193548387097 3.76194059192265 3 1 0 
0 340 5 7 0.407608695652174 0.378024193548387 49.9120049978956 3 -1 0 
1 350 8 8 0.559727822580645 0.52258064516129 42.8579014308835 3 0 0 
0 350 5 8 0.491625310173697 0.370161290322581 41.1418189207981 3 0 0 
1 360 8 8 0.431774193548387 0.457258064516129 31.6235392157708 3 0 0 
0 360 5 8 0.431451612903226 0.351478494623656 42.37774341703 3 0 0 
1 370 8 8 0.381837307152875 0.439516129032258 14.4727150655528 3 0 0 
0 370 5 8 0.425483870967742 0.446774193548387 43.2948741455807 3 0 0 
1 380 8 9 0.460181451612903 0.470161290322581 16.2861311840545 3 1 0 
0 380 5 8 0.478786816269285 0.482258064516129 38.7433216943436 3 -1 0 
1 390 8 9 0.430645161290323 0.512096774193548 16.2766298110184 3 0 0 
0 390 5 9 0.418490783410138 0.48991935483871 42.4405039736528 3 0 0 
1 400 8 9 0.407608695652174 0.537903225806452 14.6285512518953 3 0 0 
0 400 5 9 0.379416282642089 0.483870967741936 35.5573538088093 3 0 0 
1 410 8 9 0.485635080645161 0.538709677419355 16.734668946358 3 0 0 
0 410 5 9 0.458467741935484 0.490591397849462 26.1212956197085 3 0 0 
1 420 8 9 0.429435483870968 0.550806451612903 19.104259336904 3 0 0 
0 420 5 9 0.435339861751152 0.491263440860215 21.5745803919238 3 0 0 
1 430 8 10 0.388929618768328 0.441129032258065 23.9343922066574 3 0 0 
0 430 5 10 0.406556802244039 0.481182795698925 20.7055465104911 3 0 0 
1 440 8 10 0.423387096774194 0.445161290322581 20.6734264760984 3 0 0 
0 440 5 10 0.463497453310696 0.456797235023041 20.0432058349428 3 0 0 
1 450 8 10 0.420794930875576 0.448588709677419 14.2314847646174 3 0 0 
0 450 5 10 0.409032258064516 0.49758064516129 6.83075884802559 3 0 0 
1 460 8 11 0.420750620347395 0.482862903225806 6.08207546685754 3 1 0 
0 460 5 10 0.380315249266862 0.463709677419355 6.40312423743285 3 -1 0 
1 470 8 11 0.466612903225806 0.516129032258065 2.83516608967704 3 1 0 
0 470 5 10 0.454838709677419 0.334677419354839 40.892796524706 3 -1 0 
1 480 8 11 0.417924037460978 0.42741935483871 33.4025625267374 3 1 0 
0 480 5 10 0.424193548387097 0.245967741935484 38.1006088240306 3 -1 0 
1 490 8 11 0.416563275434243 0.465322580645161 20.0469791991151 3 0 0 
0 490 5 11 0.385560675883257 0.380040322580645 23.6895216810279 3 0 0 
1 500 8 11 0.47244623655914 0.483870967741936 20.1530715479687 3 0 0 
0 500 5 11 0.43477229601518 0.469086021505376 6.15774114527554 3 0 0 
1 510 8 11 0.41727761485826 0.509677419354839 22.6347648371249 3 0 0 
0 510 5 11 0.397332506203474 0.479032258064516 28.8164928432928 3 0 0 
1 520 8 12 0.404477196885428 0.505645161290323 19.0607515554478 3 1 0 
0 520 5 11 0.366935483870968 0.449596774193548 14.9833240637717 3 -1 0 
1 530 8 12 0.467517921146953 0.579032258064516 15.852312705251 3 1 0 
0 530 5 11 0.466642228739003 0.356182795698925 30.6532809414581 3 -1 0 
1 540 8 12 0.4609375 0.611290322580645 14.8287720852804 3 1 0 
0 540 5 11 0.365182328190743 0.35 37.9127485222216 3 -1 0 
1 550 8 12 0.414621318373072 0.591935483870968 13.1861231188655 3 1 0 
0 550 5 11 0.367943548387097 0.370967741935484 27.02865108677 3 -1 0 
1 560 8 13 0.501872119815668 0.579032258064516 20.4502701129399 3 2 0 
0 560 5 11 0.478398617511521 0.398387096774194 22.8173579856933 3 -2 0 
1 570 8 13 0.478629032258065 0.607258064516129 16.0178180130323 3 1 0 
0 570 5 12 0.332130730050934 0.360599078341014 25.6164886322019 3 -1 0 
1 580 8 13 0.475806451612903 0.574193548387097 13.8111168666718 3 1 0 
0 580 5 12 0.387544802867384 0.394009216589862 31.8237632881364 3 -1 0 
1 590 8 13 0.501536098310292 0.449193548387097 43.8523185854802 3 1 0 
0 590 5 12 0.415725806451613 0.430875576036866 26.277554209129 3 -1 0 
1 600 8 13 0.458297962648557 0.438709677419355 35.0335484204526 3 1 0 
0 600 5 12 0.409526209677419 0.433467741935484 21.9146798828467 3 -1 0 
1 610 8 13 0.452956989247312 0.52741935483871 31.6765965775503 3 1 0 
0 610 5 12 0.438340053763441 0.48991935483871 18.0898652578048 3 -1 0 
1 620 8 14 0.575146627565982 0.470967741935484 14.6035271911566 3 2 0 
0 620 5 12 0.437701612903226 0.488709677419355 19.3454407750121 3 -2 0 
1 630 8 14 0.472052280311457 0.505040322580645 3.81294765710865 3 1 0 
0 630 5 13 0.427594670406732 0.460685483870968 20.4647921666017 3 -1 0 
1 640 8 14 0.42880978865406 0.582661290322581 6.56559216063728 3 1 0 
0 640 5 13 0.373350439882698 0.318548387096774 15.053851545692 3 -1 0 
1 650 8 14 0.525161290322581 0.596774193548387 4.97458235761553 3 1 0 
0 650 5 13 0.397910557184751 0.298387096774194 29.1563530418218 3 -1 0 
1 660 8 14 0.507179386309992 0.415322580645161 35.6639724845671 3 1 0 
0 660 5 13 0.385168302945302 0.336290322580645 43.7426386692249 3 -1 0 
1 670 8 14 0.50549853372434 0.437096774193548 29.9469648200775 3 1 0 
0 670 5 13 0.390067911714771 0.366129032258065 35.2438287944597 3 -1 0 
1 680 8 14 0.570806451612903 0.484677419354839 16.3039491763576 3 1 0 
0 680 5 13 0.418804985337243 0.404032258064516 23.1135592344649 3 -1 0 
1 690 8 15 0.48245422842197 0.519153225806452 4.38268567690285 3 1 0 
0 690 5 14 0.382925472747497 0.401881720430108 34.6909495976982 3 -1 0 
1 700 8 15 0.403225806451613 0.505040322580645 1.92583893459761 3 1 0 
0 700 5 14 0.429883512544803 0.393145161290323 34.3110769285955 3 -1 0 
1 710 8 15 0.530689964157706 0.53125 6.38427149176565 3 1 0 
0 710 5 14 0.474108658743633 0.298387096774194 0 3 -1 0 
1 720 8 15 0.451262272089762 0.496975806451613 3.15333896860595 3 1 0 
0 720 5 14 0.413367546432063 0.252016129032258 23.032585612562 3 -1 0 
1 730 8 16 0.37774926686217 0.431451612903226 29.5812904437408 3 2 0 
0 730 5 14 0.423387096774194 0.184475806451613 19.9773888992709 3 -2 0 
1 740 8 16 0.450372208436725 0.496774193548387 23.3264385962179 3 2 0 
0 740 5 14 0.443951612903226 0.255040322580645 20.5310708290642 3 -2 0 
1 750 8 16 0.46747311827957 0.582258064516129 19.2316824094347 3 2 0 
0 750 5 14 0.40610599078341 0.231854838709677 22.4733256549956 3 -2 0 
1 760 8 16 0.440489432703003 0.72258064516129 4.76124203485275 3 2 0 
0 760 5 14 0.429329371816638 0.258064516129032 29.2251569166883 3 -2 0 
1 770 8 16 0.567617866004963 0.759677419354839 3.80324326053939 3 1 0 
0 770 5 15 0.436104218362283 0.262903225806452 31.5336428380513 3 -1 0 
1 780 8 16 0.440296566077003 0.804838709677419 4.15525645945459 3 1 0 
0 780 5 15 0.418724798387097 0.304435483870968 39.4537734073637 3 -1 0 
1 790 8 17 0.433387096774194 0.775806451612903 3.50404312218905 3 2 0 
0 790 5 15 0.483687683284458 0.329838709677419 51.4768787884832 3 -2 0 
1 800 8 17 0.542943548387097 0.813709677419355 3.93189225031821 3 2 1 
0 800 5 15 0.495755517826825 0.325 50.133558319391 2 -2 -1 
1 810 8 17 0.456989247311828 0.786290322580645 5.70580287463913 3 1 1 
0 810 5 16 0.432795698924731 0.298387096774194 35.9715828484419 2 -1 -1 
1 820 8 17 0.44026284348865 0.683467741935484 7.16541871102766 3 1 1 
0 820 5 16 0.3892089093702 0.373387096774194 44.1726113991157 2 -1 -1 
1 830 8 17 0.553427419354839 0.682459677419355 7.41220918760312 3 1 1 
0 830 5 16 0.353110599078341 0.364516129032258 43.0789456961793 2 -1 -1 
1 840 8 17 0.466275659824047 0.789314516129032 2.83959023885276 3 1 1 
0 840 5 16 0.415044493882091 0.309475806451613 39.5050046567439 2 -1 -1 
1 850 8 17 0.490127919911012 0.777217741935484 5.86416614120123 3 1 1 
0 850 5 16 0.46320564516129 0.305443548387097 29.9207226494947 2 -1 -1 
1 860 8 18 0.571943972835314 0.826612903225806 2.23606797749979 3 1 1 
0 860 5 17 0.498655913978495 0.274193548387097 33.1915282791046 2 -1 -1 
1 870 8 18 0.445228494623656 0.580645161290323 81.7612059539401 3 1 1 
0 870 5 17 0.41177908113392 0.296370967741936 50.440479131461 2 -1 -1 
1 880 8 18 0.448832035595106 0.491935483870968 58.1055074842308 3 1 1 
0 880 5 17 0.445276497695852 0.327956989247312 40.7277081094185 2 -1 -1 
1 890 8 18 0.5085904628331 0.432795698924731 38.3822204929174 3 1 1 
0 890 5 17 0.460797491039427 0.409274193548387 36.7320535423739 2 -1 -1 
1 900 8 18 0.455800248138958 0.362903225806452 35.1140997321589 3 0 1 
0 900 5 18 0.406737773152966 0.449596774193548 18.0895605552174 2 0 -1 
1 910 8 18 0.445889698231009 0.443548387096774 2 3 0 1 
0 910 5 18 0.450460829493088 0.540322580645161 8.19503543216083 2 0 -1 
1 920 8 18 0.549916573971079 0.239247311827957 35.7252924336561 3 0 1 
0 920 5 18 0.538018433179724 0.515456989247312 9.37251221012713 2 0 -1 
1 930 8 18 0.518901209677419 0.313172043010753 13.8631231648691 3 0 1 
0 930 5 18 0.415848527349229 0.368663594470046 57.720707009853 2 0 -1 
1 940 8 18 0.510665972944849 0.389112903225806 6.18465843842649 3 0 1 
0 940 5 18 0.387096774193548 0.506912442396313 3.28979082746779 2 0 -1 
1 950 8 18 0.588969823100936 0.409274193548387 0.5 3 -1 1 
0 950 5 19 0.455278592375367 0.538018433179724 9.16873475209985 2 1 -1 
1 960 8 18 0.448655913978495 0.306451612903226 37.3157799341789 3 -1 1 
0 960 5 19 0.429659498207885 0.509408602150538 3.21106806990525 2 1 -1 
1 970 8 18 0.488683662851197 0.419354838709677 33.8832643414642 3 -1 1 
0 970 5 19 0.449441687344913 0.507488479262673 10.6202428045585 2 1 -1 
1 980 8 18 0.587624069478908 0.394153225806452 45.9158189618514 3 -1 1 
0 980 5 19 0.490591397849462 0.498847926267281 13.8809555588845 2 1 -1 
1 990 8 18 0.482258064516129 0.340725806451613 30.1299087914617 3 -1 1 
0 990 5 19 0.423064516129032 0.547811059907834 25.6968791565448 2 1 -1 
1 1000 8 19 0.504896313364055 0.290322580645161 16.9292377106355 3 0 1 
0 1000 5 19 0.509576612903226 0.600806451612903 20.4239720805168 2 0 -1 
1 1010 8 19 0.589429723502304 0.266129032258065 10.0011414744937 3 -1 1 
0 1010 5 20 0.524560117302053 0.640456989247312 11.693379312665 2 1 -1 
1 1020 8 19 0.484433608402101 0.304435483870968 7.58152696406908 3 -1 1 
0 1020 5 20 0.422611662531017 0.641129032258065 13.8002092571495 2 1 -1 
1 1030 8 19 0.503439278937381 0.402217741935484 5.47645397004277 3 -1 1 
0 1030 5 20 0.448732718894009 0.445564516129032 36.2100359109324 2 1 -1 
1 1040 8 19 0.558990442054958 0.493951612903226 7.67450372673461 3 -1 1 
0 1040 5 20 0.402859237536657 0.372983870967742 29.7137345363841 2 1 -1 
1 1050 8 19 0.507616487455197 0.615927419354839 5.01995299236555 3 -1 1 
0 1050 5 20 0.281327543424318 0.296370967741936 24.5294737438302 2 1 -1 
1 1060 8 19 0.531451612903226 0.651881720430108 3.20071737867107 3 -1 1 
0 1060 5 20 0.306451612903226 0.274193548387097 22.0570691640203 2 1 -1 
1 1070 8 19 0.655913978494624 0.493951612903226 47.0055905490884 3 -1 1 
0 1070 5 20 0.306451612903226 0.314516129032258 13.8111068254546 2 1 -1 
1 1080 8 19 0.552182163187856 0.422379032258065 36.4472213972799 3 -1 1 
0 1080 5 20 0.301075268817204 0.360599078341014 22.7308201923185 2 1 -1 
1 1090 8 19 0.507301656495205 0.456653225806452 19.5358315681549 3 -1 1 
0 1090 5 20 0.370967741935484 0.44489247311828 20.6297133594951 2 1 -1 
1 1100 8 19 0.613666085440279 0.493951612903226 4.5 3 -2 1 
0 1100 5 21 0.487903225806452 0.467069892473118 21.1335227752967 2 2 -1 
1 1110 8 19 0.530846774193548 0.477822580645161 14.2302494707577 3 -2 1 
0 1110 5 21 0.362478777589134 0.438172043010753 20.3413839736307 2 2 -1 
1 1120 8 20 0.511214717741936 0.301075268817204 32.4436694059992 3 -1 1 
0 1120 5 21 0.450268817204301 0.350134408602151 32.8793312732308 2 1 -1 
1 1130 8 20 0.682347670250896 0.33736559139785 7.85898864723799 3 -1 1 
0 1130 5 21 0.467431761786601 0.343413978494624 42.9153947348003 2 1 -1 
1 1140 8 20 0.483870967741936 0.264784946236559 30.1598446312996 3 -1 1 
0 1140 5 21 0.443064516129032 0.34744623655914 35.044535177635 2 1 -1 
1 1150 8 20 0.47684703433923 0.235887096774194 30.5655034311559 3 -1 1 
0 1150 5 21 0.442588325652842 0.453225806451613 12.2352338559237 2 1 -1 
1 1160 8 20 0.593982630272953 0.268817204301075 32.7975776540612 3 -1 1 
0 1160 5 21 0.392614601018676 0.506451612903226 6.04441174805951 2 1 -1 
1 1170 8 20 0.506884343036979 0.268817204301075 26.5830489030264 3 -1 1 
0 1170 5 21 0.374575551782682 0.517741935483871 12.3057858245389 2 1 -1 
1 1180 8 20 0.528846153846154 0.332661290322581 19.1376592090046 3 -1 1 
0 1180 5 21 0.496415770609319 0.430299539170507 37.1422443136305 2 1 -1 
1 1190 8 20 0.635823429541596 0.395161290322581 34.7449546216122 3 -1 1 
0 1190 5 21 0.473607038123167 0.422235023041475 36.3403267407987 2 1 -1 
1 1200 8 20 0.533781362007168 0.401881720430108 30.536694644488 3 -1 1 
0 1200 5 21 0.359254992319508 0.431451612903226 36.3741469291768 2 1 -1 
1 1210 8 20 0.476688508064516 0.424731182795699 20.6508266443681 3 -1 1 
0 1210 5 21 0.46594982078853 0.413594470046083 41.6902100364773 2 1 -1 
1 1220 8 20 0.6 0.397177419354839 39.7097618155048 3 -2 1 
0 1220 5 22 0.473286290322581 0.386520737327189 37.8324820499501 2 2 -1 
1 1230 8 20 0.531277244986922 0.375806451612903 40.3972804449777 3 -2 1 
0 1230 5 22 0.314516129032258 0.46875 15.4660960668896 2 2 -1 
1 1240 8 20 0.488752122241087 0.358064516129032 28.368617557172 3 -2 1 
0 1240 5 22 0.336693548387097 0.436827956989247 47.7966835293559 2 2 -1 
1 1250 8 20 0.607221407624633 0.346774193548387 24.0968320663499 3 -2 1 
0 1250 5 22 0.30241935483871 0.470430107526882 52.8678198696238 2 2 -1 
1 1260 8 20 0.492857142857143 0.275201612903226 12.8978247114203 3 -2 1 
0 1260 5 22 0.347638248847926 0.471198156682028 45.1052933283953 2 2 -1 
1 1270 8 20 0.434043778801843 0.238911290322581 19.472812621379 3 -2 1 
0 1270 5 22 0.364784946236559 0.443548387096774 31.5211332293086 2 2 -1 
1 1280 8 20 0.595878136200717 0.370967741935484 19.0608123566263 3 -2 1 
0 1280 5 22 0.384576612903226 0.419354838709677 26.8282204247463 2 2 -1 
1 1290 8 21 0.452529325513197 0.41633064516129 29.7278670206154 3 -1 1 
0 1290 5 22 0.439516129032258 0.345161290322581 23.5558836738112 2 1 -1 
1 1300 8 21 0.391321044546851 0.443548387096774 34.2810023749906 3 -1 1 
0 1300 5 22 0.413709677419355 0.473790322580645 32.2684056005251 2 1 -1 
1 1310 8 21 0.465149769585253 0.487903225806452 18.6411582890969 3 -1 1 
0 1310 5 22 0.428539426523297 0.451612903225806 26 2 1 -1 
1 1320 8 21 0.437663469921534 0.442741935483871 37.5684675692436 3 -2 1 
0 1320 5 23 0.401451612903226 0.382258064516129 16.6730254946523 2 2 -1 
1 1330 8 21 0.424964936886396 0.629838709677419 17.0392779904519 3 -2 1 
0 1330 5 23 0.378856942496494 0.477822580645161 36.0624458405139 2 2 -1 
1 1340 8 21 0.55241935483871 0.714516129032258 24.7495363239228 3 -2 1 
0 1340 5 23 0.463089330024814 0.298387096774194 39.4132606694989 2 2 -1 
1 1350 8 21 0.481929510155317 0.696774193548387 22.7987999333455 3 -2 1 
0 1350 5 23 0.396690767519466 0.223387096774194 24.259479780839 2 2 -1 
1 1360 8 21 0.485678531701891 0.637096774193548 21.8956504411748 3 -2 1 
0 1360 5 23 0.407807917888563 0.243663594470046 20.0459809780196 2 2 -1 
1 1370 8 21 0.529761904761905 0.608870967741936 15.2483794971863 3 -2 1 
0 1370 5 23 0.507488479262673 0.25739247311828 14.9904916620867 2 2 -1 
1 1380 8 21 0.500268817204301 0.588709677419355 7.02631542896934 3 -2 1 
0 1380 5 23 0.470223325062035 0.377688172043011 13.4871857065214 2 2 -1 
1 1390 8 21 0.540167493796526 0.557459677419355 12.3682366040394 3 -2 1 
0 1390 5 23 0.504187344913151 0.486559139784946 6.81196232612731 2 2 -1 
1 1400 8 22 0.586021505376344 0.495967741935484 5.88561808316413 3 -1 1 
0 1400 5 23 0.556239388794567 0.480645161290323 5.10342536967382 2 1 -1 
1 1410 8 22 0.479953917050691 0.513440860215054 3.92185265392307 3 -1 1 
0 1410 5 23 0.473607038123167 0.495967741935484 0 2 1 -1 
1 1420 8 22 0.545101553166069 0.506720430107527 1.62391082004146 3 -1 1 
0 1420 5 23 0.49175219941349 NaN NaN 2 1 -1 
1 1430 8 22 0.664650537634409 0.513440860215054 2.06024645762695 3 -1 1 
0 1430 5 23 0.627846299810247 NaN NaN 2 1 -1 
1 1440 8 22 0.541229838709677 0.502688172043011 2.35678917232533 3 -1 1 
0 1440 5 23 0.497617302052786 0.100806451612903 0 2 1 -1 
1 1450 8 22 0.560205784204672 0.358870967741936 33.0544489736172 3 -1 1 
0 1450 5 23 0.473991935483871 0.19758064516129 2.23606797749979 2 1 -1 
1 1460 8 22 0.63858234295416 0.358870967741936 33.2874413639658 3 -1 1 
0 1460 5 23 0.604032258064516 0.209677419354839 2.23606797749979 2 1 -1 
1 1470 8 22 0.542338709677419 0.359677419354839 34.9514259801385 3 -1 1 
0 1470 5 23 0.428763440860215 0.221774193548387 19.2552171471235 2 1 -1 
1 1480 8 22 0.496898263027295 0.438709677419355 30.697815430408 3 -1 1 
0 1480 5 23 0.404569892473118 0.282258064516129 26.0178513230183 2 1 -1 
1 1490 8 22 0.53613523573201 0.563709677419355 19.5956122674231 3 -2 1 
0 1490 5 24 0.470967741935484 0.279838709677419 11.2769181611094 2 2 -1 
1 1500 8 23 0.482771260997067 0.666129032258065 6.64549243774258 3 -1 1 
0 1500 5 24 0.455220713073005 0.269489247311828 6.82720921157844 2 1 -1 
1 1510 8 23 0.46505376344086 0.698387096774194 3.94730019611806 3 -1 1 
0 1510 5 24 0.340132827324478 0.25 8.49742554272091 2 1 -1 
1 1520 8 23 0.561009817671809 0.791129032258065 4.58804524891499 3 -1 2 
0 1520 5 24 0.286626344086022 0.127016129032258 4.7169905660283 1 1 -2 
1 1530 8 23 0.59051724137931 0.788709677419355 4.80709379832773 3 -1 2 
0 1530 5 24 0.43380376344086 NaN NaN 1 1 -2 
1 1540 8 23 0.602512406947891 0.831653225806452 2.88033668169529 3 -1 2 
0 1540 5 24 0.413306451612903 NaN NaN 1 1 -2 
