1 30 7.6 1 NaN 0.198387096774194 3.19069799088432 3 0 0 
0 30 9.2 1 NaN 0.283064516129032 3.28980238854587 3 0 0 
1 40 7.6 1 NaN 0.274193548387097 10.4134099210516 3 0 0 
0 40 9.2 1 NaN 0.251612903225806 5.54091344227402 3 0 0 
1 50 7.6 1 0.383064516129032 0.341129032258065 27.178111200698 3 0 0 
0 50 9.2 1 0.377016129032258 0.287096774193548 20.2163911696279 3 0 0 
1 60 7.6 1 0.375 0.496774193548387 35.6617481142691 3 0 0 
0 60 9.2 1 0.375 0.360483870967742 29.5937915462457 3 0 0 
1 70 7.6 1 0.385887096774194 0.511290322580645 28.9271677187122 3 0 0 
0 70 9.2 1 0.40226574500768 0.416935483870968 31.7138001726149 3 0 0 
1 80 7.6 1 0.451762246117085 0.495161290322581 34.1122260146027 3 0 0 
0 80 9.2 1 0.474754558204769 0.446774193548387 28.5036906697475 3 0 0 
1 90 7.6 2 0.417741935483871 0.481451612903226 38.3281553712081 3 1 0 
0 90 9.2 1 0.396505376344086 0.49758064516129 29.7003594572353 3 -1 0 
1 100 7.6 2 0.430040322580645 0.528225806451613 46.5887716663866 3 1 0 
0 100 9.2 1 0.413508064516129 0.47741935483871 31.0321646542749 3 -1 0 
1 110 7.6 2 0.483333333333333 0.480645161290323 45.1998276696853 3 0 0 
0 110 9.2 2 0.506336405529954 0.479032258064516 24.7171159615507 3 0 0 
1 120 7.6 3 0.397681451612903 0.487096774193548 37.1100968652897 3 1 0 
0 120 9.2 2 0.420745272525028 0.480645161290323 25.6289121519556 3 -1 0 
1 130 7.6 3 0.396774193548387 0.485483870967742 27.6108850833651 3 1 0 
0 130 9.2 2 0.375 0.476814516129032 38.4893361391252 3 -1 0 
1 140 7.6 3 0.484970674486803 0.475806451612903 15.509181815767 3 1 0 
0 140 9.2 2 0.480606758832565 0.461693548387097 29.5071768171167 3 -1 0 
1 150 7.6 3 0.379948680351906 0.470967741935484 20.1872300677828 3 1 0 
0 150 9.2 2 0.401353686635945 0.412096774193548 38.6231818203141 3 -1 0 
1 160 7.6 3 0.380846774193548 0.480645161290323 26.1687591647297 3 0 0 
0 160 9.2 3 0.398064516129032 0.460483870967742 22.1181785013121 3 0 0 
1 170 7.6 4 0.465287517531557 0.448387096774194 23.9918081910227 3 1 0 
0 170 9.2 3 0.475806451612903 0.494354838709677 21.9774591330895 3 -1 0 
1 180 7.6 4 0.375 0.495161290322581 26.4003607609969 3 1 0 
0 180 9.2 3 0.423861480075901 0.487903225806452 18.9569692040652 3 -1 0 
1 190 7.6 4 0.386491935483871 0.471774193548387 27.4587366182246 3 1 0 
0 190 9.2 3 0.444412442396313 0.501612903225806 22.6434330328303 3 -1 0 
1 200 7.6 5 0.440446650124069 0.416935483870968 39.3745798403613 3 1 0 
0 200 9.2 4 0.47644312393888 0.506451612903226 13.7206370371825 3 -1 0 
1 210 7.6 5 0.420467185761958 0.469758064516129 30.2415398316407 3 1 0 
0 210 9.2 4 0.432752341311134 0.582258064516129 3.60839059264451 3 -1 0 
1 220 7.6 6 0.449915110356537 0.473790322580645 29.8184737897384 3 2 0 
0 220 9.2 4 0.426782682512733 0.578225806451613 11.3350674460365 3 -2 0 
1 230 7.6 6 0.486175115207373 0.433064516129032 47.6143849286885 3 1 0 
0 230 9.2 5 0.497177419354839 0.540322580645161 21.5447708525104 3 -1 0 
1 240 7.6 6 0.424614305750351 0.480645161290323 41.3657202488738 3 1 0 
0 240 9.2 5 0.385263929618768 0.512903225806452 24.3281126403561 3 -1 0 
1 250 7.6 6 0.395609318996416 0.475 36.5522831893178 3 1 0 
0 250 9.2 5 0.388306451612903 0.483870967741936 28.9794520663168 3 -1 0 
1 260 7.6 6 0.444821731748727 0.479032258064516 30.7407351743765 3 1 0 
0 260 9.2 5 0.457452725250278 0.470161290322581 34.0198902129699 3 -1 0 
1 270 7.6 7 0.403393817204301 0.48991935483871 28.8922131711143 3 1 0 
0 270 9.2 6 0.421045785639958 0.461290322580645 31.2494100548644 3 -1 0 
1 280 7.6 7 0.410373900293255 0.491935483870968 33.5826815934682 3 1 0 
0 280 9.2 6 0.467558651026393 0.468548387096774 27.6396838754737 3 -1 0 
1 290 7.6 7 0.439361042183623 0.375 38.7755183084289 3 1 0 
0 290 9.2 6 0.478270609318996 0.510483870967742 19.8654149160245 3 -1 0 
1 300 7.6 7 0.456989247311828 0.398387096774194 38.5124524539015 3 1 0 
0 300 9.2 6 0.382697947214076 0.466129032258065 15.4319701488928 3 -1 0 
1 310 7.6 7 0.499495967741936 0.475806451612903 31.9876329478407 3 1 0 
0 310 9.2 6 0.391765704584041 0.445161290322581 25.5422282808411 3 -1 0 
1 320 7.6 8 0.483198924731183 0.496774193548387 43.5100281748747 3 1 0 
0 320 9.2 7 0.419556451612903 0.445967741935484 33.3214516021575 3 -1 0 
1 330 7.6 8 0.456797235023041 0.494959677419355 38.7840622470848 3 1 0 
0 330 9.2 7 0.385869565217391 0.462903225806452 35.7978019929041 3 -1 0 
1 340 7.6 8 0.438782991202346 0.483870967741936 34.1628427891865 3 1 0 
0 340 9.2 7 0.405913978494624 0.45866935483871 43.1330580394741 3 -1 0 
1 350 7.6 9 0.465483870967742 0.516935483870968 24.7804373991868 3 2 0 
0 350 9.2 7 0.434907834101383 0.455645161290323 37.3664287830668 3 -2 0 
1 360 7.6 9 0.438782991202346 0.519354838709677 18.7454794085675 3 2 0 
0 360 9.2 7 0.406867845993757 0.42741935483871 6.5 3 -2 0 
1 370 7.6 9 0.476507713884993 0.520161290322581 19.8531111531341 3 2 0 
0 370 9.2 7 0.396914446002805 0.284677419354839 49.3495750779276 3 -2 0 
1 380 7.6 10 0.500268817204301 0.528225806451613 18.612260829044 3 3 0 
0 380 9.2 7 0.441244239631336 0.356451612903226 36.8950959549243 3 -3 0 
1 390 7.6 10 0.438172043010753 0.47741935483871 30.8445852374552 3 2 0 
0 390 9.2 8 0.418279569892473 0.42741935483871 25.9398953259363 3 -2 0 
1 400 7.6 10 0.448641765704584 0.423387096774194 37.532703276427 3 2 0 
0 400 9.2 8 0.384838709677419 0.531451612903226 22.7724641544728 3 -2 0 
1 410 7.6 10 0.471624850657109 0.431451612903226 39.0467229219461 3 2 0 
0 410 9.2 8 0.468125960061444 0.531451612903226 22.4278013495024 3 -2 0 
1 420 7.6 11 0.38863287250384 0.352822580645161 53.8067505345662 3 2 0 
0 420 9.2 9 0.426209677419355 0.487096774193548 24.1076400627113 3 -2 0 
1 430 7.6 11 0.427602639296188 0.336290322580645 57.9550744993256 3 2 0 
0 430 9.2 9 0.434847198641766 0.475806451612903 9.98217012798244 3 -2 0 
1 440 7.6 11 0.484122983870968 0.449193548387097 36.6426646426807 3 2 0 
0 440 9.2 9 0.484447004608295 0.513709677419355 7.03330142019748 3 -2 0 
1 450 7.6 11 0.435806451612903 0.488709677419355 30.1500046235896 3 2 0 
0 450 9.2 9 0.371151026392962 0.489516129032258 7.83163383561014 3 -2 0 
1 460 7.6 11 0.441820276497696 0.578629032258065 27.6920262765982 3 2 0 
0 460 9.2 9 0.372695852534562 0.47741935483871 1.32195979941861 3 -2 0 
1 470 7.6 11 0.520322580645161 0.553427419354839 30.7699936198022 3 2 0 
0 470 9.2 9 0.455837173579109 0.458870967741936 34.6237837443652 3 -2 0 
1 480 7.6 12 0.443288241415193 0.392137096774194 36.3418170133398 3 2 0 
0 480 9.2 10 0.36675219941349 0.374193548387097 27.2112483562434 3 -2 0 
1 490 7.6 12 0.449677419354839 0.345766129032258 41.1421594428778 3 2 0 
0 490 9.2 10 0.397770398481973 0.371774193548387 25.0771100836982 3 -2 0 
1 500 7.6 12 0.500645161290323 0.398185483870968 36.1005959836504 3 2 0 
0 500 9.2 10 0.443279569892473 0.406451612903226 16.4683175851663 3 -2 0 
1 510 7.6 12 0.449344758064516 0.421370967741936 40.8549534735747 3 1 0 
0 510 9.2 11 0.377946650124069 0.471774193548387 26.6504429993496 3 -1 0 
1 520 7.6 12 0.424032258064516 0.495967741935484 47.9987285434807 3 1 0 
0 520 9.2 11 0.382215619694397 0.476612903225806 16.5402600267697 3 -1 0 
1 530 7.6 12 0.501584101382488 0.464516129032258 52.022022098668 3 1 0 
0 530 9.2 11 0.433225806451613 0.508064516129032 7.39524841653683 3 -1 0 
1 540 7.6 13 0.4963133640553 0.483870967741936 49.0866253382278 3 2 0 
0 540 9.2 11 0.37883064516129 0.498387096774194 7.08371579749723 3 -2 0 
1 550 7.6 13 0.502861602497399 0.47883064516129 59.5466136348369 3 1 0 
0 550 9.2 12 0.376550868486352 0.465322580645161 19.2112186161878 3 -1 0 
1 560 7.6 13 0.548665183537264 0.491935483870968 44.3515715077635 3 1 0 
0 560 9.2 12 0.411290322580645 0.441129032258065 27.1466887345701 3 -1 0 
1 570 7.6 13 0.495463709677419 0.491935483870968 28.4742694868969 3 1 0 
0 570 9.2 12 0.393353726362625 0.467741935483871 36.8050180995241 3 -1 0 
1 580 7.6 13 0.47883064516129 0.469086021505376 21.6005386163455 3 1 0 
0 580 9.2 12 0.444808467741936 0.449193548387097 39.2014169558617 3 -1 0 
1 590 7.6 13 0.548624288425047 0.462701612903226 49.6292036100639 3 1 0 
0 590 9.2 12 0.486436950146628 0.478225806451613 23.0599863066927 3 -1 0 
1 600 7.6 13 0.470430107526882 0.420362903225806 62.812793724031 3 0 0 
0 600 9.2 13 0.427785923753666 0.378225806451613 21.9724287818528 3 0 0 
1 610 7.6 14 0.397273425499232 0.494959677419355 48.2297525499558 3 1 0 
0 610 9.2 13 0.486783154121864 0.381451612903226 22.2299231968922 3 -1 0 
1 620 7.6 14 0.497983870967742 0.529233870967742 27.7014110097681 3 1 0 
0 620 9.2 13 0.486290322580645 0.336290322580645 14.7544764323943 3 -1 0 
1 630 7.6 14 0.452443074003795 0.563172043010753 39.7750230720973 3 1 0 
0 630 9.2 13 0.437587657784011 0.331653225806452 2.73417292671151 3 -1 0 
1 640 7.6 14 0.42727534562212 0.45866935483871 55.5706949166641 3 0 0 
0 640 9.2 14 0.437903225806452 0.371975806451613 4.46679706080808 3 0 0 
1 650 7.6 14 0.520022246941046 0.355846774193548 48.1989594511924 3 0 0 
0 650 9.2 14 0.42402376910017 0.410282258064516 16.7828183406282 3 0 0 
1 660 7.6 15 0.469662058371736 0.464717741935484 33.2573324148951 3 1 0 
0 660 9.2 14 0.382776497695852 0.383064516129032 35.6948729829905 3 -1 0 
1 670 7.6 15 0.472670250896057 0.362903225806452 33.2304922700372 3 1 0 
0 670 9.2 14 0.403427419354839 0.381048387096774 52.0786375866731 3 -1 0 
1 680 7.6 15 0.516749379652605 0.494959677419355 28.2124484471623 3 1 0 
0 680 9.2 14 0.521889400921659 0.456653225806452 54.8054017329219 3 -1 0 
1 690 7.6 15 0.49331797235023 0.524193548387097 35.1138253419072 3 1 0 
0 690 9.2 14 0.394230769230769 0.525201612903226 51.8613749965795 3 -1 0 
1 700 7.6 15 0.490266963292547 0.497983870967742 31.0747889002828 3 0 0 
0 700 9.2 15 0.370967741935484 0.478225806451613 36.9731762955644 3 0 0 
1 710 7.6 15 0.56264400921659 0.431451612903226 42.744847722358 3 0 0 
0 710 9.2 15 NaN 0.466129032258065 16.6442431772688 3 0 0 
1 720 7.6 16 0.525884495317378 0.410483870967742 31.0767823479136 3 1 0 
0 720 9.2 15 0.381653225806452 0.510483870967742 3.53228723008739 3 -1 0 
1 730 7.6 16 0.45241935483871 0.438508064516129 31.8548906040116 3 0 0 
0 730 9.2 16 0.403225806451613 0.529032258064516 4.46218994168092 3 0 0 
1 740 7.6 16 0.577489481065919 0.442204301075269 46.1879447608506 3 0 0 
0 740 9.2 16 0.354838709677419 0.533870967741936 9.11873542463791 3 0 0 
1 750 7.6 16 0.495103686635945 0.508064516129032 38.0525951808809 3 0 0 
0 750 9.2 16 0.385390818858561 0.51008064516129 23.6706124013371 3 0 0 
1 760 7.6 16 0.412206744868035 0.586693548387097 33.3541601603158 3 0 0 
0 760 9.2 16 0.394585253456221 0.540322580645161 1.55009384662429 3 0 0 
1 770 7.6 16 0.549964936886396 0.388440860215054 46.7571857234018 3 0 0 
0 770 9.2 16 0.410426267281106 0.559139784946237 7.82161185049726 3 0 0 
1 780 7.6 16 0.484274193548387 0.295362903225806 26.4342110539441 3 0 0 
0 780 9.2 16 0.414589442815249 0.668010752688172 6.15334426689097 3 0 0 
1 790 7.6 17 0.375 0.257056451612903 33.9272910081397 3 1 0 
0 790 9.2 16 0.343166383701188 0.651881720430108 3.18808630038213 3 -1 0 
1 800 7.6 17 0.49633431085044 0.332258064516129 28.9919995826737 3 1 0 
0 800 9.2 16 0.337953629032258 0.556451612903226 35.1876073039692 3 -1 0 
1 810 7.6 17 0.455184331797235 0.426612903225806 11.916775161785 3 1 0 
0 810 9.2 16 0.401732377538829 0.436491935483871 47.4715590773502 3 -1 0 
1 820 7.6 17 0.40607210626186 0.483064516129032 24.9344755910684 3 0 0 
0 820 9.2 17 0.419205495818399 0.386088709677419 19.8098921857821 3 0 0 
1 830 7.6 17 0.452489481065919 0.435483870967742 37.2625220196049 3 0 0 
0 830 9.2 17 0.47304753820034 0.341733870967742 7.42519224291632 3 0 0 
1 840 7.6 17 0.43239247311828 0.497983870967742 28.2540877573933 3 0 0 
0 840 9.2 17 0.424782878411911 0.334677419354839 3.24019723072986 3 0 0 
1 850 7.6 17 0.445409429280397 0.490927419354839 25.8264019940254 3 0 0 
0 850 9.2 17 0.359345351043643 0.366129032258065 21.3406964629657 3 0 0 
1 860 7.6 17 0.497673697270471 0.41633064516129 12.3095615713939 3 0 0 
0 860 9.2 17 0.413882488479263 0.461290322580645 21.2346481736692 3 0 0 
1 870 7.6 18 0.420362903225806 0.415322580645161 14.8615328659464 3 1 0 
0 870 9.2 17 0.402315296566077 0.437096774193548 12.8439053707261 3 -1 0 
1 880 7.6 18 0.39573732718894 0.412096774193548 38.6139059475111 3 1 0 
0 880 9.2 17 0.426123271889401 0.466129032258065 15.8909158037599 3 -1 0 
1 890 7.6 18 0.465322580645161 0.461693548387097 11.7875908110797 3 0 0 
0 890 9.2 18 0.506624423963134 0.494959677419355 9.22279236655928 3 0 0 
1 900 7.6 18 0.367943548387097 0.434139784946237 11.2353947415983 3 0 0 
0 900 9.2 18 0.472152217741936 0.528225806451613 6.12030826632176 3 0 0 
1 910 7.6 18 0.385235732009926 0.39247311827957 29.7154566796214 3 0 0 
0 910 9.2 18 0.487068965517241 0.504032258064516 8.11871766341333 3 0 0 
1 920 7.6 19 0.42558651026393 0.435483870967742 37.7604508781535 3 1 0 
0 920 9.2 18 0.546818996415771 0.485887096774194 5.59016994374947 3 -1 0 
1 930 7.6 19 0.395766129032258 0.352150537634409 32.7491145057255 3 0 0 
0 930 9.2 19 0.477185908319185 0.381720430107527 53.8351405698167 3 0 0 
1 940 7.6 19 0.413978494623656 0.338709677419355 32.0662703204018 3 0 0 
0 940 9.2 19 0.450537634408602 0.274193548387097 53.3483464219407 3 0 0 
1 950 7.6 19 0.410063113604488 0.366935483870968 34.3309981600884 3 0 0 
0 950 9.2 19 0.47689205955335 0.303763440860215 36.5155704381557 3 0 0 
1 960 7.6 19 0.440092165898617 0.382258064516129 35.4739804065735 3 0 0 
0 960 9.2 19 0.437634408602151 0.344758064516129 32.7610181876458 3 0 0 
1 970 7.6 19 0.45952807646356 0.461290322580645 35.7153242737949 3 0 0 
0 970 9.2 19 0.417183622828784 0.348387096774194 31.6732184691346 3 0 0 
1 980 7.6 20 0.556451612903226 0.487096774193548 35.8576104521524 3 1 0 
0 980 9.2 19 0.439292114695341 0.426612903225806 43.8348363047843 3 -1 0 
1 990 7.6 20 0.493035190615836 0.495967741935484 14.4923934379769 3 1 0 
0 990 9.2 19 0.393328445747801 0.442741935483871 40.7643607054109 3 -1 0 
1 1000 7.6 20 0.442307692307692 0.504032258064516 15.6546210280257 3 1 0 
0 1000 9.2 19 0.402915632754343 0.403225806451613 28.6715455295034 3 -1 0 
1 1010 7.6 20 0.575604838709677 0.526209677419355 15.3911049913211 3 1 0 
0 1010 9.2 19 0.383467741935484 0.408602150537634 15.1992816432357 3 -1 0 
1 1020 7.6 20 0.529457885304659 0.532258064516129 25.3825639082772 3 1 0 
0 1020 9.2 19 0.338961693548387 0.445564516129032 14.1598022585063 3 -1 0 
1 1030 7.6 20 0.504166666666667 0.567204301075269 23.6338539391401 3 0 0 
0 1030 9.2 20 0.370967741935484 0.387096774193548 0 3 0 0 
1 1040 7.6 20 0.567326490713587 0.587365591397849 48.3351646842794 3 0 0 
0 1040 9.2 20 0.392281105990783 0.314516129032258 0 3 0 0 
1 1050 7.6 20 0.562800274536719 0.498655913978495 24.4501791927509 3 0 0 
0 1050 9.2 20 0.349462365591398 0.32258064516129 0 3 0 0 
1 1060 7.6 20 0.511760752688172 0.493951612903226 20.9781672214263 3 0 0 
0 1060 9.2 20 0.378024193548387 0.202956989247312 22.0293876631536 3 0 0 
1 1070 7.6 21 0.599366359447005 0.493951612903226 20.7232285198192 3 1 1 
0 1070 9.2 20 0.425067204301075 0.301075268817204 24.5508423816739 2 -1 -1 
1 1080 7.6 21 0.51008064516129 0.492943548387097 21.5956505169734 3 1 2 
0 1080 9.2 20 0.332542694497154 0.377016129032258 23.3663603455501 1 -1 -2 
1 1090 7.6 21 0.486472424557752 0.440524193548387 26.9369564664827 3 1 2 
0 1090 9.2 20 0.378722084367246 0.331989247311828 31.1392249105619 1 -1 -2 
1 1100 7.6 21 0.573924731182796 0.435483870967742 32.5115997270253 3 1 3 
0 1100 9.2 20 0.415034562211982 0.411290322580645 28.7480427404632 0 -1 -3 
1 1110 7.6 21 0.491826503923278 0.342741935483871 9.05538513813742 3 0 3 
0 1110 9.2 21 0.357385398981324 0.450268817204301 26.0935836130003 0 0 -3 
1 1120 7.6 21 0.484181141439206 0.30241935483871 11.1803398874989 3 0 3 
0 1120 9.2 21 0.418970814132104 0.481182795698925 10.5324941486545 0 0 -3 
1 1130 7.6 21 0.562133431085044 0.358870967741936 4.03112887414927 3 0 3 
0 1130 9.2 21 0.4375 0.502688172043011 1.57134840263677 0 0 -3 
1 1140 7.6 21 0.467375366568915 0.342741935483871 1.4142135623731 3 0 3 
0 1140 9.2 21 0.381231671554252 0.524193548387097 14.285708497961 0 0 -3 
1 1150 7.6 21 0.479143492769744 0.391129032258065 13.2382022948737 3 0 3 
0 1150 9.2 21 0.409498207885305 0.508064516129032 4.03363177475003 0 0 -3 
1 1160 7.6 21 0.579474505723205 0.348118279569892 38.4085422585388 3 0 3 
0 1160 9.2 21 0.429435483870968 0.360483870967742 32.4145125107154 0 0 -3 
1 1170 7.6 21 0.488653413353338 0.371774193548387 34.4230258891889 3 0 3 
0 1170 9.2 21 0.360551075268817 0.350806451612903 30.7222752946361 0 0 -3 
1 1180 7.6 22 0.447258064516129 0.460483870967742 41.9563179007179 3 1 3 
0 1180 9.2 21 0.37130376344086 0.404838709677419 34.9265794828416 0 -1 -3 
1 1190 7.6 22 0.572748655913979 0.518548387096774 32.4658766113999 3 1 3 
0 1190 9.2 21 0.364247311827957 0.386290322580645 35.6890568383635 0 -1 -3 
1 1200 7.6 22 0.514155799588195 0.585685483870968 11.9786813480507 3 1 3 
0 1200 9.2 21 0.267961876832845 0.34758064516129 16.5205253817149 0 -1 -3 
1 1210 7.6 22 0.589213709677419 0.676411290322581 5.31733205275907 3 1 3 
0 1210 9.2 21 0.213709677419355 0.257258064516129 8.14795543457219 0 -1 -3 
1 1220 7.6 22 0.647089761570828 0.700268817204301 7.82859095319522 3 1 3 
0 1220 9.2 21 0.213709677419355 0.236290322580645 6.0558148169012 0 -1 -3 
1 1230 7.6 22 0.576704545454546 0.688172043010753 11.6276941659871 3 0 3 
0 1230 9.2 22 0.255376344086022 0.202620967741935 4.77356422581141 0 0 -3 
1 1240 7.6 22 0.531217481789802 0.542338709677419 15.4029218007494 3 0 3 
0 1240 9.2 22 0.405241935483871 0.266129032258065 8.36724492891816 0 0 -3 
1 1250 7.6 22 0.568197755960729 0.506720430107527 30.452768297541 3 0 3 
0 1250 9.2 22 0.405241935483871 0.28125 3.4084693173111 0 0 -3 
1 1260 7.6 22 0.564516129032258 0.501344086021505 36.9437045393291 3 0 3 
0 1260 9.2 22 0.316997518610422 0.419354838709677 10.6171601349634 0 0 -3 
1 1270 7.6 22 0.590322580645161 0.391129032258065 46.0231193675309 3 0 3 
0 1270 9.2 22 0.359677419354839 0.508064516129032 6.81630004275578 0 0 -3 
1 1280 7.6 22 0.653013582342954 0.47883064516129 16.7432196725067 2 0 2 
0 1280 9.2 22 0.359677419354839 0.439516129032258 39.414223869623 0 0 -2 
1 1290 7.6 22 0.673891129032258 0.497311827956989 1.21360933279169 1 0 1 
0 1290 9.2 22 0.28494623655914 0.423387096774194 37.1171939485217 0 0 -1 
