1 30 10.8 1 NaN 0.256048387096774 20.3491602525323 3 0 0 
0 30 8.2 1 NaN 0.307459677419355 21.7078784553618 3 0 0 
1 40 10.8 1 NaN 0.315524193548387 28.472447936229 3 0 0 
0 40 8.2 1 NaN 0.316935483870968 17.9445138854441 3 0 0 
1 50 10.8 1 NaN 0.388709677419355 28.8675869644264 3 0 0 
0 50 8.2 1 0.382056451612903 0.360483870967742 16.2874406789404 3 0 0 
1 60 10.8 1 0.383064516129032 0.446774193548387 23.3395427065528 3 0 0 
0 60 8.2 1 0.383064516129032 0.458870967741935 18.8446497216366 3 0 0 
1 70 10.8 1 0.394777265745008 0.49758064516129 25.3510634056434 3 0 0 
0 70 8.2 1 0.405241935483871 0.468548387096774 19.9159433688425 3 0 0 
1 80 10.8 1 0.481065918653577 0.485483870967742 23.3414642140156 3 0 0 
0 80 8.2 1 0.475 0.469354838709677 17.2774675813713 3 0 0 
1 90 10.8 1 0.416666666666667 0.499193548387097 23.1137044174323 3 0 0 
0 90 8.2 1 0.405645161290323 0.466935483870968 17.9187333050537 3 0 0 
1 100 10.8 1 0.423555107526882 0.482862903225806 22.6702703964591 3 0 0 
0 100 8.2 1 0.38328853046595 0.491935483870968 22.8136559586969 3 0 0 
1 110 10.8 2 0.474720843672457 0.398387096774194 37.5578806009169 3 0 0 
0 110 8.2 2 0.472177419354839 0.478225806451613 20.3669181993371 3 0 0 
1 120 10.8 2 0.426197458455523 0.425806451612903 39.1598819679827 3 0 0 
0 120 8.2 2 0.392356241234222 0.483064516129032 25.0739494977139 3 0 0 
1 130 10.8 2 0.415154569892473 0.464717741935484 33.2611212765531 3 0 0 
0 130 8.2 2 0.408541055718475 0.493548387096774 15.7849619623845 3 0 0 
1 140 10.8 2 0.462231182795699 0.471774193548387 31.299743652052 3 -1 0 
0 140 8.2 3 0.463884992987377 0.483870967741936 18.9767032307414 3 1 0 
1 150 10.8 3 0.422001008064516 0.492741935483871 27.8278701331576 3 0 0 
0 150 8.2 3 0.418834547346514 0.478225806451613 24.5028086479752 3 0 0 
1 160 10.8 3 0.444281524926686 0.490322580645161 25.9803628432222 3 0 0 
0 160 8.2 3 0.424120234604106 0.479838709677419 26.7414895029544 3 0 0 
1 170 10.8 3 0.489552785923754 0.516129032258065 21.0694909323021 3 0 0 
0 170 8.2 3 0.457586618876941 0.407258064516129 27.2471534914605 3 0 0 
1 180 10.8 4 0.426319648093842 0.503225806451613 25.9000994891478 3 0 0 
0 180 8.2 4 0.392531556802244 0.406451612903226 22.8945415563217 3 0 0 
1 190 10.8 4 0.438820912124583 0.482258064516129 23.53317514843 3 0 0 
0 190 8.2 4 0.406409168081494 0.466129032258065 19.7335271039816 3 0 0 
1 200 10.8 4 0.471913236929922 0.482258064516129 10.6781385272745 3 0 0 
0 200 8.2 4 0.458760997067449 0.479838709677419 15.2029394473084 3 0 0 
1 210 10.8 4 0.430621442125237 0.5 22.1457065796764 3 0 0 
0 210 8.2 4 0.410714285714286 0.464516129032258 14.0465836512655 3 0 0 
1 220 10.8 5 0.456989247311828 0.441935483870968 28.8655756275632 3 0 0 
0 220 8.2 5 0.405241935483871 0.475 16.0305239674711 3 0 0 
1 230 10.8 5 0.505376344086022 0.495967741935484 22.7355101414031 3 0 0 
0 230 8.2 5 0.467993951612903 0.455645161290323 22.8386989515922 3 0 0 
1 240 10.8 5 0.395336605890603 0.491935483870968 25.4078629476457 3 0 0 
0 240 8.2 5 0.418798665183537 0.471774193548387 23.0604924444805 3 0 0 
1 250 10.8 5 0.403862478777589 0.490322580645161 30.9255117700066 3 -1 0 
0 250 8.2 6 0.403417818740399 0.473387096774194 21.7278611936273 3 1 0 
1 260 10.8 5 0.477016129032258 0.479838709677419 25.7228912123757 3 -1 0 
0 260 8.2 6 0.467375366568915 0.475806451612903 22.0358585627073 3 1 0 
1 270 10.8 6 0.426768990634755 0.492943548387097 24.1881536938982 3 0 0 
0 270 8.2 6 0.413082437275986 0.445161290322581 21.7605559371278 3 0 0 
1 280 10.8 6 0.413123167155425 0.483870967741936 27.4565802009299 3 0 0 
0 280 8.2 6 0.421594982078853 0.466129032258065 23.0037766220348 3 0 0 
1 290 10.8 6 0.467540322580645 0.470161290322581 22.7383103647277 3 0 0 
0 290 8.2 6 0.490874363327674 0.491935483870968 18.7828191240888 3 0 0 
1 300 10.8 6 0.406660692951016 0.461290322580645 19.6952944318567 3 0 0 
0 300 8.2 6 0.403225806451613 0.516935483870968 20.1090772572094 3 0 0 
1 310 10.8 6 0.417903225806452 0.459677419354839 23.6199557934315 3 -1 0 
0 310 8.2 7 0.400729646697389 0.491129032258064 20.368350816768 3 1 0 
1 320 10.8 6 0.469926075268817 0.454032258064516 28.6950913606238 3 -1 0 
0 320 8.2 7 0.472110215053763 0.50241935483871 26.974134823728 3 1 0 
1 330 10.8 7 0.4103170189099 0.473387096774194 23.3569247472196 3 0 0 
0 330 8.2 7 0.406792803970223 0.500806451612903 22.8312680992957 3 0 0 
1 340 10.8 7 0.411465638148668 0.478225806451613 24.6812123349044 3 0 0 
0 340 8.2 7 0.40937019969278 0.476612903225806 17.90977030563 3 0 0 
1 350 10.8 7 0.463541666666667 0.475806451612903 17.5585682068652 3 0 0 
0 350 8.2 7 0.494354838709677 0.495161290322581 15.6980191894648 3 0 0 
1 360 10.8 7 0.386180351906158 0.445564516129032 15.4946231493007 3 -1 0 
0 360 8.2 8 0.420650921658986 0.476612903225806 20.0541274224415 3 1 0 
1 370 10.8 7 0.414838709677419 0.399193548387097 31.5463885259614 3 -1 0 
0 370 8.2 8 0.400596072931276 0.459677419354839 17.576160048768 3 1 0 
1 380 10.8 7 0.466547192353644 0.363709677419355 44.1963487259275 3 -1 0 
0 380 8.2 8 0.454032258064516 0.514516129032258 13.7354137655477 3 1 0 
1 390 10.8 7 0.407096774193548 0.45 22.2478546925647 3 -1 0 
0 390 8.2 8 0.422653958944281 0.539516129032258 14.5854903574081 3 1 0 
1 400 10.8 8 0.394041218637993 0.441129032258065 22.3823411605993 3 0 0 
0 400 8.2 8 0.474340175953079 0.530645161290323 18.5988065828575 3 0 0 
1 410 10.8 8 0.43195564516129 0.440322580645161 23.1325046246482 3 -1 0 
0 410 8.2 9 0.488678660049628 0.537903225806452 19.2870778834022 3 1 0 
1 420 10.8 8 0.378528225806452 0.433064516129032 24.2417501038684 3 -1 0 
0 420 8.2 9 0.459677419354839 0.535483870967742 24.0488896146026 3 1 0 
1 430 10.8 8 0.384974533106961 0.412298387096774 13.1018993694767 3 -1 0 
0 430 8.2 9 0.447947214076246 0.564516129032258 16.933623490925 3 1 0 
1 440 10.8 8 0.428539426523297 0.387096774193548 11.2120947869698 3 -2 0 
0 440 8.2 10 0.491397849462366 0.562903225806452 13.6840233372719 3 2 0 
1 450 10.8 8 0.382862903225806 0.39616935483871 4.28665974593275 3 -2 0 
0 450 8.2 10 0.445806451612903 0.519354838709677 15.3830459359418 3 2 0 
1 460 10.8 8 0.410413744740533 0.367741935483871 26.4472058343676 3 -2 0 
0 460 8.2 10 0.383064516129032 0.420161290322581 29.031762854131 3 2 0 
1 470 10.8 9 0.462903225806452 0.44758064516129 17.2414470575785 3 -1 0 
0 470 8.2 10 0.446236559139785 0.395161290322581 45.7530841381013 3 1 0 
1 480 10.8 9 0.40581797235023 0.491129032258064 4.27508708174469 3 -1 0 
0 480 8.2 10 0.441956706281834 0.467741935483871 40.7882497056037 3 1 0 
1 490 10.8 9 0.412390029325513 0.485483870967742 6.76837295432452 3 -1 0 
0 490 8.2 10 0.430718475073314 0.465725806451613 29.6902845526935 3 1 0 
1 500 10.8 10 0.475806451612903 0.495161290322581 19.4877061982251 3 -1 0 
0 500 8.2 11 0.481261859582543 0.425 26.4831582219718 3 1 0 
1 510 10.8 10 0.450100806451613 0.516129032258065 16.3681796619073 3 -1 0 
0 510 8.2 11 0.393232819074334 0.409677419354839 19.6598289770374 3 1 0 
1 520 10.8 10 0.423003072196621 0.532258064516129 19.5412499799292 3 -1 0 
0 520 8.2 11 0.384072580645161 0.441935483870968 13.4965923857166 3 1 0 
1 530 10.8 10 0.477374551971326 0.470161290322581 21.449800577227 3 -1 0 
0 530 8.2 11 0.441756272401434 0.504032258064516 17.0232307259126 3 1 0 
1 540 10.8 10 0.448885199240987 0.491935483870968 10.4810123516971 3 -1 0 
0 540 8.2 11 0.403691066997519 0.480645161290323 16.863037733255 3 1 0 
1 550 10.8 10 0.450561009817672 0.493548387096774 11.7772060609285 3 -1 0 
0 550 8.2 11 0.414677419354839 0.451612903225806 18.6338101882586 3 1 0 
1 560 10.8 11 0.492851906158358 0.481854838709677 5.72427237250386 3 0 0 
0 560 8.2 11 0.461876832844575 0.457258064516129 19.0083461387155 3 0 0 
1 570 10.8 11 0.432027649769585 0.493548387096774 20.1436529734092 3 0 0 
0 570 8.2 11 0.40462158808933 0.479032258064516 13.8921991057832 3 0 0 
1 580 10.8 11 0.443709677419355 0.501612903225806 21.3969096154711 3 -1 0 
0 580 8.2 12 0.402309384164223 0.462096774193548 21.3807509951282 3 1 0 
1 590 10.8 11 0.510752688172043 0.512903225806452 18.301800109752 3 -1 0 
0 590 8.2 12 0.451612903225806 0.466935483870968 20.3642652523524 3 1 0 
1 600 10.8 11 0.440725806451613 0.493548387096774 21.8051220260982 3 -1 0 
0 600 8.2 12 0.418757467144564 0.491935483870968 20.1373127956025 3 1 0 
1 610 10.8 11 0.420967741935484 0.467741935483871 14.1619844700452 3 -1 0 
0 610 8.2 12 0.414406158357771 0.463709677419355 22.5363812889474 3 1 0 
1 620 10.8 11 0.477928692699491 0.467741935483871 11.9857698188397 3 -1 0 
0 620 8.2 12 0.472614247311828 0.479838709677419 8.96468029922823 3 1 0 
1 630 10.8 11 0.405615292712067 0.469758064516129 6.26771580304824 3 -1 0 
0 630 8.2 12 0.417130144605117 0.505645161290323 11.7285464683703 3 1 0 
1 640 10.8 11 0.394611436950147 0.457661290322581 4.10012023580649 3 -1 0 
0 640 8.2 12 0.448045905707196 0.516129032258065 2.56920378690111 3 1 0 
1 650 10.8 12 0.467741935483871 0.367741935483871 22.592976910185 3 -1 0 
0 650 8.2 13 0.479838709677419 0.544354838709677 3.29111645740618 3 1 0 
1 660 10.8 12 0.381336405529954 0.386290322580645 11.7403971663784 3 -1 0 
0 660 8.2 13 0.446480938416422 0.554032258064516 7.27383332226092 3 1 0 
1 670 10.8 12 0.401209677419355 0.415322580645161 6.70430075372888 3 -1 0 
0 670 8.2 13 0.489784946236559 0.496774193548387 4.92133348581289 3 1 0 
1 680 10.8 12 0.447947214076246 0.370161290322581 29.0105576949558 3 -1 0 
0 680 8.2 13 0.51284348864994 0.441129032258065 28.7132285440798 3 1 0 
1 690 10.8 12 0.399560117302053 0.411290322580645 34.473068809563 3 -1 0 
0 690 8.2 13 0.452263267429761 0.468548387096774 23.4186108291545 3 1 0 
1 700 10.8 12 0.386290322580645 0.432258064516129 24.1711286199869 3 -1 0 
0 700 8.2 13 0.443365102639296 0.52258064516129 27.3922543939161 3 1 0 
1 710 10.8 12 0.426358234295416 0.439516129032258 28.4942962649403 3 -1 0 
0 710 8.2 13 0.474890029325513 0.538709677419355 30.7879667000554 3 1 0 
1 720 10.8 12 0.438911290322581 0.444354838709677 21.4682686426319 3 -1 0 
0 720 8.2 13 0.467396313364055 0.535483870967742 22.5737351163869 3 1 0 
1 730 10.8 13 0.49758064516129 0.375 10.3496684084253 3 -1 0 
0 730 8.2 14 0.489381720430108 0.578225806451613 17.6300451064533 3 1 0 
1 740 10.8 13 0.437275985663083 0.35383064516129 7.41525165376843 3 -1 0 
0 740 8.2 14 0.524596774193548 0.589516129032258 15.9509757900513 3 1 0 
1 750 10.8 13 0.391451612903226 0.334677419354839 7.60432323771986 3 -1 0 
0 750 8.2 14 0.484088927637315 0.633870967741935 3.84356215539145 3 1 0 
1 760 10.8 13 0.427893738140417 0.245967741935484 18.9397992492201 3 -1 0 
0 760 8.2 14 0.5 0.679838709677419 3.85131329247571 3 1 0 
1 770 10.8 13 0.453881048387097 0.248387096774194 16.7538028529536 3 -1 0 
0 770 8.2 14 0.550468262226847 0.670161290322581 5.93201580579933 3 1 0 
1 780 10.8 13 0.370091164095372 0.308064516129032 18.963985069808 3 -1 0 
0 780 8.2 14 0.472254224270353 0.509677419354839 15.8781393470851 3 1 0 
1 790 10.8 13 0.373576850094877 0.375 15.0557625220448 3 -1 0 
0 790 8.2 14 0.469549499443826 0.506451612903226 24.0461181945315 3 1 0 
1 800 10.8 13 0.411098310291859 0.426612903225806 15.4473495801277 3 -2 0 
0 800 8.2 15 0.52741935483871 0.481451612903226 22.9591422099272 3 2 0 
1 810 10.8 13 0.402859237536657 0.421774193548387 13.175067827501 3 -2 0 
0 810 8.2 15 0.462813620071685 0.510483870967742 21.3021403174333 3 2 0 
1 820 10.8 14 0.396729390681004 0.453225806451613 15.8293306451848 3 -1 0 
0 820 8.2 15 0.434957924263675 0.473387096774194 15.7238476817015 3 1 0 
1 830 10.8 14 0.422287390029325 0.418548387096774 18.9915489149188 3 -1 0 
0 830 8.2 15 0.498252688172043 0.510483870967742 16.2440106448883 3 1 0 
1 840 10.8 14 0.340607210626186 0.376008064516129 24.5349624697479 3 -1 0 
0 840 8.2 15 0.498271889400922 0.512096774193548 7.22193644561607 3 1 0 
1 850 10.8 14 0.382728494623656 0.331653225806452 25.4254343486105 3 -1 0 
0 850 8.2 15 0.474193548387097 0.634677419354839 4.411804238762 3 1 0 
1 860 10.8 14 0.354390681003584 0.324596774193548 21.0547964982129 3 -2 0 
0 860 8.2 16 0.552843803056027 0.614516129032258 1.91452326612351 3 2 0 
1 870 10.8 14 0.336559139784946 0.334677419354839 16.4986642606436 3 -2 0 
0 870 8.2 16 0.485887096774194 0.662903225806452 5.84924183489615 3 2 0 
1 880 10.8 14 0.406327543424318 0.290322580645161 13.3566164028424 3 -2 0 
0 880 8.2 16 0.496266427718041 0.695967741935484 4.75368300993845 3 2 0 
1 890 10.8 15 0.414784946236559 0.336693548387097 9.60855281908577 3 -1 0 
0 890 8.2 16 0.538844086021505 0.554032258064516 3.0395813502779 3 1 0 
1 900 10.8 15 0.374193548387097 0.433064516129032 13.746282280193 3 -1 0 
0 900 8.2 16 0.477550130775937 0.520161290322581 7.22497176624621 3 1 0 
1 910 10.8 15 0.370743727598566 0.467741935483871 10.6994969731359 3 -1 0 
0 910 8.2 16 0.434475806451613 0.363709677419355 28.2587813889151 3 1 0 
1 920 10.8 15 0.411088709677419 0.465725806451613 17.4887985191771 3 -1 0 
0 920 8.2 16 0.560696095076401 0.318548387096774 6.16528353076279 3 1 0 
1 930 10.8 15 0.445191158900836 0.454637096774194 15.0852808709318 3 -2 0 
0 930 8.2 17 0.471290322580645 0.419354838709677 5.27183436445261 3 2 0 
1 940 10.8 15 0.389943074003795 0.469758064516129 4.80101877715887 3 -2 0 
0 940 8.2 17 0.383064516129032 0.493548387096774 8.4888286446348 3 2 0 
1 950 10.8 15 0.437365591397849 0.41633064516129 4.77390298544816 3 -2 0 
0 950 8.2 17 0.425933786078099 0.521774193548387 10.9119844700684 3 2 0 
1 960 10.8 15 0.39801747311828 0.47883064516129 15.4130238654837 3 -2 0 
0 960 8.2 17 0.417770737327189 0.443548387096774 12.3171599712896 3 2 0 
1 970 10.8 15 0.417338709677419 0.407258064516129 34.5055362409394 3 -2 0 
0 970 8.2 17 0.436827956989247 0.451612903225806 6.76194560564551 3 2 0 
1 980 10.8 15 0.456831119544592 0.351814516129032 11.7901224520503 3 -2 0 
0 980 8.2 17 0.524193548387097 0.534677419354839 5.96087242376812 3 2 0 
1 990 10.8 15 0.414796633941094 0.351814516129032 7.08152885391669 3 -2 0 
0 990 8.2 17 0.460967741935484 0.515120967741936 18.1049225639322 3 2 0 
1 1000 10.8 16 0.3875 0.351814516129032 6.43052723721503 3 -1 0 
0 1000 8.2 17 0.408134642356241 0.522177419354839 15.0051866867417 3 1 0 
1 1010 10.8 16 0.449509116409537 0.289516129032258 20.4174933058881 3 -1 0 
0 1010 8.2 17 0.482661290322581 0.496975806451613 19.5175676377053 3 1 0 
1 1020 10.8 16 0.419653524492234 0.411290322580645 31.7299698783812 3 -2 0 
0 1020 8.2 18 0.442714126807564 0.512096774193548 16.1802146036158 3 2 0 
1 1030 10.8 16 0.44075682382134 0.440524193548387 15.6338411860982 3 -2 0 
0 1030 8.2 18 0.392045454545455 0.490927419354839 11.1186694967487 3 2 0 
1 1040 10.8 16 0.486851332398317 0.448588709677419 14.087801475891 3 -2 0 
0 1040 8.2 18 0.504992319508449 0.549193548387097 30.3933065739091 3 2 0 
1 1050 10.8 16 0.43239247311828 0.428427419354839 16.7607724870982 3 -2 0 
0 1050 8.2 18 0.46029776674938 0.503225806451613 31.7450559477872 3 2 0 
1 1060 10.8 16 0.406081989247312 0.390120967741936 18.534770338944 3 -2 0 
0 1060 8.2 18 0.448387096774194 0.515322580645161 9.66269555325292 3 2 0 
1 1070 10.8 16 0.440322580645161 0.359879032258065 21.6205273206208 3 -2 0 
0 1070 8.2 18 0.496135752688172 0.578225806451613 1.7722670189796 3 2 0 
1 1080 10.8 16 0.319412442396313 0.345766129032258 23.0085180827674 3 -2 0 
0 1080 8.2 18 0.478372434017595 0.571774193548387 9.97523084676503 3 2 0 
1 1090 10.8 16 0.343475073313783 0.309677419354839 13.2160520272116 3 -2 0 
0 1090 8.2 18 0.467573924731183 0.598387096774194 10.4246666350981 3 2 0 
1 1100 10.8 16 0.32315668202765 0.312903225806452 5.6138470024127 3 -3 0 
0 1100 8.2 19 0.597926267281106 0.651612903225806 7.79762651381723 3 3 0 
1 1110 10.8 16 0.306925996204934 0.278897849462366 6.60003211270381 3 -3 0 
0 1110 8.2 19 0.523229312762973 0.681451612903226 5.3170981464671 3 3 0 
1 1120 10.8 17 0.348502304147465 0.278225806451613 4.60386356081291 3 -2 0 
0 1120 8.2 19 0.515793010752688 0.667741935483871 3.70006687280946 3 2 0 
1 1130 10.8 17 0.348502304147465 0.255645161290323 4.93011025468934 3 -2 0 
0 1130 8.2 19 0.621122828784119 0.713709677419355 6.29925893836568 3 2 0 
1 1140 10.8 17 0.338709677419355 0.329838709677419 7.68847024457306 3 -2 0 
0 1140 8.2 19 0.542126485568761 0.65994623655914 3.59329872682392 3 2 0 
1 1150 10.8 18 0.377846299810247 0.469354838709677 11.6643796454809 3 -1 0 
0 1150 8.2 19 0.525686977299881 0.508064516129032 8.5 3 1 0 
1 1160 10.8 18 0.398093841642229 0.566129032258065 4.62514380370977 3 -1 0 
0 1160 8.2 19 0.594015280135824 0.292338709677419 24.0052077683156 3 1 0 
1 1170 10.8 18 0.377688172043011 0.608064516129032 4.79580649271135 3 -1 0 
0 1170 8.2 19 0.45687237026648 0.340725806451613 2.91547594742265 3 1 0 
1 1180 10.8 18 0.471774193548387 0.588709677419355 1.98440752405405 3 -1 0 
0 1180 8.2 19 0.443212365591398 0.360887096774194 2.91547594742265 3 1 0 
1 1190 10.8 18 0.483977079796265 0.508064516129032 10.223262072407 3 -1 0 
0 1190 8.2 19 0.548963133640553 0.299731182795699 31.6516046429444 3 1 0 
1 1200 10.8 18 0.45586917562724 0.496774193548387 4.58856010222291 3 -2 0 
0 1200 8.2 20 0.466995221027479 0.32258064516129 28.8913991534844 3 2 0 
1 1210 10.8 18 0.435246679316888 0.492741935483871 7.83771679825181 3 -2 0 
0 1210 8.2 20 0.432152875175316 0.327620967741936 25.6539679196845 3 2 0 
1 1220 10.8 19 0.459677419354839 0.485483870967742 8.09783483396016 3 -1 0 
0 1220 8.2 20 0.51367461430575 0.324193548387097 20.7190369147551 3 1 0 
1 1230 10.8 19 0.398216031280547 0.495967741935484 9.41141126859295 3 -1 0 
0 1230 8.2 20 0.435613943808533 0.360483870967742 9.11687422186919 3 1 0 
1 1240 10.8 19 0.377520161290323 0.463709677419355 6.34760715334664 3 -1 0 
0 1240 8.2 20 0.427867383512545 0.391129032258065 5.8159581493879 3 1 0 
1 1250 10.8 19 0.400466893039049 0.519153225806452 16.5736441811017 3 -1 0 
0 1250 8.2 20 0.536122311827957 0.393548387096774 6.53033659797386 3 1 0 
1 1260 10.8 19 0.39559331797235 0.47741935483871 6.81036683739851 3 -1 0 
0 1260 8.2 20 0.450352822580645 0.435483870967742 12.722159582861 3 1 0 
1 1270 10.8 19 0.394901144640999 0.366935483870968 8.93024227111628 3 -1 0 
0 1270 8.2 20 0.398492286115007 0.366935483870968 8.09447806401001 3 1 0 
1 1280 10.8 19 0.406586021505376 0.343548387096774 5.07389820433563 3 -1 0 
0 1280 8.2 20 0.488407258064516 0.336290322580645 3.00222143526338 3 1 0 
1 1290 10.8 19 0.427893738140417 0.459677419354839 15.9992214897491 3 -1 0 
0 1290 8.2 20 0.457075962539022 0.435483870967742 4.53822990603089 3 1 0 
1 1300 10.8 19 0.4474505723205 0.483064516129032 6.20129877220024 3 -1 0 
0 1300 8.2 20 0.425403225806452 0.512096774193548 2.8040659627429 3 1 0 
1 1310 10.8 19 0.494214586255259 0.438709677419355 13.2710944557684 3 -1 0 
0 1310 8.2 20 0.525254668930391 0.589516129032258 7.64831981364377 3 1 0 
1 1320 10.8 19 0.432747695852535 0.339516129032258 15.6098615139102 3 -1 0 
0 1320 8.2 20 0.499663978494624 0.604032258064516 23.6529211815702 3 1 0 
1 1330 10.8 20 0.40195246179966 0.389516129032258 9.70495550994652 3 0 0 
0 1330 8.2 20 0.46241935483871 0.529233870967742 21.8001749009382 3 0 0 
1 1340 10.8 20 0.433002481389578 0.483064516129032 18.4490172165078 3 -1 0 
0 1340 8.2 21 0.532426075268817 0.441532258064516 15.6432897653909 3 1 0 
1 1350 10.8 20 0.402329749103943 0.527217741935484 27.0430487508258 3 -1 0 
0 1350 8.2 21 0.472757671125098 0.35383064516129 28.6502979823156 3 1 0 
1 1360 10.8 20 0.387096774193548 0.451612903225806 9.69439738928931 3 -1 0 
0 1360 8.2 21 0.467165898617512 0.375 42.3361831120294 3 1 0 
1 1370 10.8 20 0.424789621318373 0.498387096774194 5.02246863767356 3 -1 0 
0 1370 8.2 21 0.540632754342432 0.402217741935484 39.4565433839903 3 1 0 
1 1380 10.8 20 0.446740591397849 0.507056451612903 9.8400648201256 3 -1 0 
0 1380 8.2 21 0.489552785923754 0.453629032258065 32.9387009183308 3 1 0 
1 1390 10.8 20 0.378629032258065 0.518548387096774 15.6342891212223 3 -1 0 
0 1390 8.2 21 0.474100496277916 0.309139784946237 31.3691959227986 3 1 0 
1 1400 10.8 20 0.396841397849462 0.590322580645161 2.7927462040626 3 -1 0 
0 1400 8.2 21 0.493218475073314 0.291666666666667 34.5216001406842 3 1 0 
1 1410 10.8 21 0.438049853372434 0.625 5.72826661853252 3 0 0 
0 1410 8.2 21 0.379536290322581 0.297043010752688 14.8011144450165 3 0 0 
1 1420 10.8 21 0.439665471923536 0.691129032258065 10.3272433806381 3 0 0 
0 1420 8.2 21 0.348790322580645 0.268817204301075 11.8853109067435 3 0 0 
1 1430 10.8 21 0.559093437152392 0.767741935483871 6.1364433862065 3 0 0 
0 1430 8.2 21 0.327284946236559 0.262096774193548 14.2439737808141 3 0 0 
1 1440 10.8 21 0.531132783195799 0.791129032258065 5.54315179753815 3 0 1 
0 1440 8.2 21 0.300403225806452 0.309139784946237 26.5398573263383 2 0 -1 
1 1450 10.8 21 0.510275754422477 0.768548387096774 5.63282314334716 3 0 1 
0 1450 8.2 21 0.258064516129032 0.25 24.0039558559567 2 0 -1 
1 1460 10.8 21 0.610691987513007 0.733064516129032 6.43581709859971 3 0 1 
0 1460 8.2 21 0.229838709677419 0.207258064516129 13.5122021540531 2 0 -1 
1 1470 10.8 22 0.536376115305422 0.756451612903226 6.96572489468489 3 1 2 
0 1470 8.2 21 0.268481182795699 0.195161290322581 6.04768332989791 1 -1 -2 
1 1480 10.8 22 0.561461388074291 0.7 7.8100401169179 3 1 2 
0 1480 8.2 21 0.241935483870968 0.230645161290323 5.30703966978213 1 -1 -2 
1 1490 10.8 22 0.652073732718894 0.653225806451613 5.03642591919826 3 1 2 
0 1490 8.2 21 0.383064516129032 0.270967741935484 8.261613694886 1 -1 -2 
1 1500 10.8 22 0.532682512733447 0.513104838709677 3.40109385242975 3 1 2 
0 1500 8.2 21 0.30568356374808 0.323387096774194 11.109397389111 1 -1 -2 
1 1510 10.8 22 0.472206221198157 0.494354838709677 7.36851022145062 3 1 2 
0 1510 8.2 21 0.360383064516129 0.312096774193548 13.2027133483688 1 -1 -2 
1 1520 10.8 22 0.563364055299539 0.524193548387097 6.40237337430597 3 1 2 
0 1520 8.2 21 0.326164874551971 0.313709677419355 9.27041043167899 1 -1 -2 
1 1530 10.8 22 0.526700087183958 0.383870967741935 4.65016176439642 3 0 2 
0 1530 8.2 22 0.315092165898617 0.317741935483871 4.38497487272586 1 0 -2 
1 1540 10.8 22 0.509907834101383 0.358870967741936 3.46040481324094 3 0 2 
0 1540 8.2 22 0.343077956989247 0.342741935483871 3.82590064347729 1 0 -2 
1 1550 10.8 22 0.546802995391705 0.486895161290323 7.34534662731693 3 0 2 
0 1550 8.2 22 0.343077956989247 0.385483870967742 7.96925870001781 1 0 -2 
1 1560 10.8 22 0.51333746898263 0.51008064516129 7.39071227136594 3 0 2 
0 1560 8.2 22 0.337482468443198 0.47258064516129 7.96315923982707 1 0 -2 
1 1570 10.8 22 0.493087557603687 0.467741935483871 5.46939038386179 3 0 2 
0 1570 8.2 22 0.356304985337243 0.516935483870968 10.4585256384339 1 0 -2 
1 1580 10.8 22 0.576344086021505 0.334677419354839 3.16227766016838 3 0 2 
0 1580 8.2 22 0.362903225806452 0.644354838709677 3.97664615801304 1 0 -2 
1 1590 10.8 22 0.473963133640553 0.272177419354839 3.64005494464026 3 0 2 
0 1590 8.2 22 0.372983870967742 0.698588709677419 5.22377025187703 1 0 -2 
1 1600 10.8 22 0.487127791563275 0.245967741935484 13.3416640641263 3 0 2 
0 1600 8.2 22 0.403609831029186 0.585685483870968 5.95460970495577 1 0 -2 
1 1610 10.8 22 0.511827956989247 0.318548387096774 20.1246117974981 3 0 2 
0 1610 8.2 22 0.429032258064516 0.41633064516129 3.54650979715573 1 0 -2 
1 1620 10.8 22 0.40255376344086 0.417338709677419 2.5 3 0 2 
0 1620 8.2 22 0.421706989247312 0.466733870967742 6.21486710463385 1 0 -2 
1 1630 10.8 22 0.40937019969278 0.245967741935484 27.0251135425191 3 0 2 
0 1630 8.2 22 0.395711143695015 0.496975806451613 8.0972855211946 1 0 -2 
1 1640 10.8 22 0.457342954159593 0.310483870967742 19.0398497130052 3 0 2 
0 1640 8.2 22 0.476008064516129 0.53125 4.67537469987082 1 0 -2 
1 1650 10.8 22 0.408794162826421 0.40625 6.98142140153497 3 0 2 
0 1650 8.2 22 0.437096774193548 0.443548387096774 30.8676492865027 1 0 -2 
1 1660 10.8 22 0.410692951015532 0.465322580645161 11.6593073328818 3 0 2 
0 1660 8.2 22 0.409610215053763 0.341935483870968 14.2771533663037 1 0 -2 
1 1670 10.8 22 0.480006720430108 0.491935483870968 3.73991488774637 3 0 2 
0 1670 8.2 22 0.470878136200717 0.396774193548387 11.4796749868265 1 0 -2 
1 1680 10.8 22 0.476783968719453 0.492741935483871 4.46408993027365 3 -1 2 
0 1680 8.2 23 0.41342504743833 0.506451612903226 7.35906042953641 1 1 -2 
1 1690 10.8 22 0.454032258064516 0.492741935483871 7.48454937598707 3 -1 2 
0 1690 8.2 23 0.409526209677419 0.459677419354839 15.2980490183681 1 1 -2 
1 1700 10.8 22 0.528387096774194 0.494354838709677 4.12230004616262 3 -1 2 
0 1700 8.2 23 0.436743951612903 0.461290322580645 16.2213042358455 1 1 -2 
1 1710 10.8 23 0.498271889400922 0.484677419354839 2.94616040015649 3 0 2 
0 1710 8.2 23 0.358870967741936 0.490322580645161 7.35978800925917 1 0 -2 
1 1720 10.8 23 0.469884072580645 0.527217741935484 11.3134501110753 3 0 2 
0 1720 8.2 23 0.357190860215054 0.479032258064516 5.86025104933301 1 0 -2 
1 1730 10.8 23 0.561059907834101 0.628225806451613 6.45527166812313 3 0 2 
0 1730 8.2 23 0.358870967741936 0.368548387096774 4.19230464256655 1 0 -2 
1 1740 10.8 23 0.555381830151415 0.688709677419355 4.63293934629098 3 0 2 
0 1740 8.2 23 0.306003584229391 0.250806451612903 4.72292516158328 1 0 -2 
1 1750 10.8 23 0.555624483043838 0.695161290322581 4.73705565591912 3 0 2 
0 1750 8.2 23 0.291666666666667 0.248387096774194 4.35144669827014 1 0 -2 
1 1760 10.8 23 0.646904969485615 0.665322580645161 3.91271802529841 3 0 2 
0 1760 8.2 23 NaN 0.261290322580645 5.6370668365714 1 0 -2 
1 1770 10.8 23 0.557795698924731 0.608870967741936 5.68798212270158 3 0 2 
0 1770 8.2 23 0.260944700460829 0.253225806451613 4.88046658717211 1 0 -2 
1 1780 10.8 23 0.51099706744868 0.508870967741936 7.79407449566689 3 0 2 
0 1780 8.2 23 0.326612903225806 0.249193548387097 6.95049363045514 1 0 -2 
1 1790 10.8 23 0.64077840112202 0.508064516129032 4.16351608834129 3 0 2 
0 1790 8.2 23 0.326612903225806 0.354838709677419 6.88856789346139 1 0 -2 
1 1800 10.8 23 0.551651305683564 0.494354838709677 5.61565983734769 3 0 2 
0 1800 8.2 23 0.297177419354839 0.444354838709677 5.24393222674981 1 0 -2 
1 1810 10.8 23 0.554704301075269 0.57258064516129 14.8595004418418 3 0 2 
0 1810 8.2 23 0.335829493087558 0.402217741935484 4.27886975855797 1 0 -2 
1 1820 10.8 23 0.658064516129032 0.704032258064516 3.95772178490802 3 0 2 
0 1820 8.2 23 0.293458781362007 0.241935483870968 6.84468664728273 1 0 -2 
1 1830 10.8 23 0.666199158485273 0.760483870967742 5.1894567304622 3 0 3 
0 1830 8.2 23 0.230205278592375 0.200268817204301 9.46412106635996 0 0 -3 
1 1840 10.8 23 0.786290322580645 0.780645161290323 5.24373217109938 3 0 3 
0 1840 8.2 23 NaN 0.181451612903226 7.27239905956882 0 0 -3 
1 1850 10.8 23 0.786290322580645 0.785483870967742 4.19015728578558 3 0 3 
0 1850 8.2 23 NaN 0.209677419354839 0 0 0 -3 
