1 30 9 1 NaN 0.266129032258065 23.7212915734373 3 0 0 
0 30 9 1 NaN 0.268548387096774 21.6944384850177 3 0 0 
1 40 9 1 NaN 0.266935483870968 22.0269233435087 3 0 0 
0 40 9 1 NaN 0.285483870967742 24.1698526803716 3 0 0 
1 50 9 1 NaN 0.370967741935484 17.17826463924 3 0 0 
0 50 9 1 0.383064516129032 0.366129032258064 32.0417509645969 3 0 0 
1 60 9 1 0.383064516129032 0.47741935483871 22.5024770124797 3 0 0 
0 60 9 1 0.383064516129032 0.438709677419355 30.6006486907276 3 0 0 
1 70 9 1 0.400153609831029 0.504032258064516 15.1426316604015 3 0 0 
0 70 9 1 0.402217741935484 0.492943548387097 34.2935985604785 3 0 0 
1 80 9 1 0.484604105571848 0.489516129032258 20.8645466298127 3 0 0 
0 80 9 1 0.468267882187938 0.437096774193548 35.3941810777045 3 0 0 
1 90 9 1 0.413306451612903 0.510483870967742 24.749352250038 3 0 0 
0 90 9 1 0.412154377880184 0.425 33.7251034063632 3 0 0 
1 100 9 2 0.394393241167435 0.514516129032258 19.7194984233276 3 1 0 
0 100 9 1 0.391553480475382 0.414314516129032 20.5116426737492 3 -1 0 
1 110 9 2 0.47614247311828 0.504032258064516 17.3445493539525 3 0 0 
0 110 9 2 0.459326788218794 0.484879032258065 22.6738423295161 3 0 0 
1 120 9 2 0.412154377880184 0.435483870967742 32.7885104762763 3 0 0 
0 120 9 2 0.411290322580645 0.383064516129032 35.2468997057859 3 0 0 
1 130 9 2 0.460043988269795 0.445967741935484 30.7848775814555 3 0 0 
0 130 9 2 0.400379506641366 0.359677419354839 40.4800151888309 3 0 0 
1 140 9 2 0.495967741935484 0.495161290322581 21.9502649720275 3 0 0 
0 140 9 2 0.457542694497154 0.443548387096774 33.4619795631923 3 0 0 
1 150 9 3 0.424947970863684 0.475 25.960730959897 3 0 0 
0 150 9 3 0.399838709677419 0.426612903225806 26.5058742868173 3 0 0 
1 160 9 3 0.420582047685835 0.495967741935484 22.2236006034038 3 0 0 
0 160 9 3 0.411465638148668 0.457661290322581 20.4399856846489 3 0 0 
1 170 9 3 0.483658743633277 0.482258064516129 18.1945688617018 3 0 0 
0 170 9 3 0.489023297491039 0.403225806451613 35.3999966200968 3 0 0 
1 180 9 4 0.402295285359802 0.488709677419355 20.5316292186451 3 1 0 
0 180 9 3 0.417482718894009 0.395967741935484 34.4060800222489 3 -1 0 
1 190 9 4 0.390937019969278 0.516129032258065 25.5430091478886 3 0 0 
0 190 9 4 0.410330261136713 0.365322580645161 35.8067482184617 3 0 0 
1 200 9 4 0.474053295932679 0.504838709677419 28.947142751636 3 0 0 
0 200 9 4 0.484254992319508 0.441935483870968 30.0211769219487 3 0 0 
1 210 9 4 0.399354838709677 0.486290322580645 32.3863443665983 3 0 0 
0 210 9 4 0.399193548387097 0.473387096774194 28.1556471168564 3 0 0 
1 220 9 5 0.421901528013582 0.471774193548387 36.4405314833856 3 1 0 
0 220 9 4 0.41304347826087 0.48991935483871 20.0810856280232 3 -1 0 
1 230 9 5 0.463526392961877 0.50241935483871 35.3976183217978 3 0 0 
0 230 9 5 0.462158808933002 0.495967741935484 19.1049731745428 3 0 0 
1 240 9 6 0.412531017369727 0.495967741935484 24.9055852288004 3 1 0 
0 240 9 5 0.408033498759305 0.275 39.3680249933537 3 -1 0 
1 250 9 6 0.438966275659824 0.485887096774194 12.210587483893 3 1 0 
0 250 9 5 0.425521821631879 0.365322580645161 29.6784259258409 3 -1 0 
1 260 9 6 0.484879032258065 0.502016129032258 14.9841040255881 3 0 0 
0 260 9 6 0.477667493796526 0.435483870967742 28.618903304486 3 0 0 
1 270 9 6 0.405397022332506 0.407258064516129 39.7745136922509 3 0 0 
0 270 9 6 0.396388499298738 0.466935483870968 29.7295526868857 3 0 0 
1 280 9 6 0.427251344086022 0.431451612903226 35.7865026573108 3 0 0 
0 280 9 6 0.402073732718894 0.479838709677419 18.5348666347937 3 0 0 
1 290 9 6 0.474193548387097 0.369354838709677 31.646333977514 3 0 0 
0 290 9 6 0.488104838709677 0.456451612903226 29.4478366991718 3 0 0 
1 300 9 7 0.387463343108504 0.415322580645161 23.1046893885888 3 1 0 
0 300 9 6 0.431989247311828 0.448387096774194 33.3685556841597 3 -1 0 
1 310 9 7 0.400466893039049 0.454838709677419 22.9075419478327 3 1 0 
0 310 9 6 0.440967741935484 0.470161290322581 16.2611904406357 3 -1 0 
1 320 9 7 0.469439728353141 0.503225806451613 18.5810140426247 3 0 0 
0 320 9 7 0.484604105571848 0.466129032258065 24.6856532224366 3 0 0 
1 330 9 7 0.388563049853372 0.517741935483871 25.7884639287035 3 0 0 
0 330 9 7 0.391479663394109 0.482862903225806 24.7752581880516 3 0 0 
1 340 9 7 0.416023842917251 0.476814516129032 24.4703671691454 3 0 0 
0 340 9 7 0.409562211981567 0.475806451612903 23.9485897666657 3 0 0 
1 350 9 8 0.480571847507331 0.434139784946237 31.1299215657464 3 1 0 
0 350 9 7 0.479637096774194 0.409677419354839 39.7104126091558 3 -1 0 
1 360 9 8 0.398809523809524 0.401209677419355 37.1057469917716 3 0 0 
0 360 9 8 0.422619047619048 0.441935483870968 38.8239964116093 3 0 0 
1 370 9 8 0.405337941628264 0.392137096774194 29.1225748307461 3 0 0 
0 370 9 8 0.390552995391705 0.481854838709677 24.5491187362839 3 0 0 
1 380 9 8 0.466092375366569 0.456653225806452 22.8424377342282 3 0 0 
0 380 9 8 0.441935483870968 0.458333333333333 14.4533184366633 3 0 0 
1 390 9 8 0.38508064516129 0.488911290322581 24.9715065922152 3 0 0 
0 390 9 8 0.433467741935484 0.466397849462366 30.5108462143359 3 0 0 
1 400 9 9 0.390905017921147 0.420967741935484 33.9837414215208 3 0 0 
0 400 9 9 0.424539170506912 0.381048387096774 44.349779336324 3 0 0 
1 410 9 9 0.44741935483871 0.466129032258065 31.2482042047678 3 0 0 
0 410 9 9 0.46236559139785 0.388709677419355 34.8582458891633 3 0 0 
1 420 9 9 0.438022700119474 0.515322580645161 21.5815450559644 3 0 0 
0 420 9 9 0.382115749525617 0.394354838709677 28.3553743435119 3 0 0 
1 430 9 9 0.442396313364055 0.526612903225806 15.8479776512932 3 0 0 
0 430 9 9 0.383064516129032 0.417741935483871 16.5994704179776 3 0 0 
1 440 9 10 0.46889400921659 0.542741935483871 15.010609150287 3 1 0 
0 440 9 9 0.420967741935484 0.408064516129032 14.9329433467138 3 -1 0 
1 450 9 10 0.423387096774194 0.545967741935484 17.4879892024045 3 1 0 
0 450 9 9 0.387646627565982 0.301411290322581 34.1010100623514 3 -1 0 
1 460 9 10 0.45032991202346 0.558870967741935 19.4855852566274 3 1 0 
0 460 9 9 0.411827956989247 0.335685483870968 25.7285305015388 3 -1 0 
1 470 9 11 0.529174573055028 0.535483870967742 21.8713012103739 3 1 0 
0 470 9 10 0.456011730205279 0.405241935483871 15.4649313223602 3 -1 0 
1 480 9 11 0.456317204301075 0.507258064516129 23.3155005742931 3 1 0 
0 480 9 10 0.383064516129032 0.30241935483871 32.254137656063 3 -1 0 
1 490 9 11 0.38863287250384 0.535282258064516 23.8757139078518 3 1 0 
0 490 9 10 0.383512544802867 0.346774193548387 31.7466461085493 3 -1 0 
1 500 9 11 0.474270353302611 0.502016129032258 25.038755429164 3 1 0 
0 500 9 10 0.465619694397284 0.41633064516129 26.5498129638526 3 -1 0 
1 510 9 11 0.426724137931034 0.401612903225806 44.6474546278385 3 1 0 
0 510 9 10 0.413082437275986 0.412096774193548 37.6627861308647 3 -1 0 
1 520 9 11 0.417506720430108 0.429838709677419 40.264351820489 3 0 0 
0 520 9 11 0.400604838709677 0.425 24.2531889163055 3 0 0 
1 530 9 11 0.462941628264209 0.445161290322581 22.9985017802535 3 0 0 
0 530 9 11 0.466013824884793 0.500806451612903 25.3662598164878 3 0 0 
1 540 9 11 0.389112903225806 0.421370967741936 18.8440640999427 3 0 0 
0 540 9 11 0.416666666666667 0.491129032258064 30.825491749668 3 0 0 
1 550 9 12 0.385752688172043 0.402217741935484 27.7783926543593 3 1 0 
0 550 9 11 0.446572580645161 0.525 30.5238687331703 3 -1 0 
1 560 9 12 0.415098566308244 0.397177419354839 6.72681202353685 3 0 0 
0 560 9 12 0.448853989813243 0.545967741935484 29.9700177348082 3 0 0 
1 570 9 12 0.379704301075269 0.325268817204301 25.9850392519141 3 -1 0 
0 570 9 13 0.46463133640553 0.507258064516129 37.8250099494571 3 1 0 
1 580 9 12 0.383064516129032 0.345430107526882 27.0738925689219 3 -1 0 
0 580 9 13 0.482587976539589 0.484879032258065 43.2422965153464 3 1 0 
1 590 9 12 0.408870967741935 0.304838709677419 40.0585138670962 3 -1 0 
0 590 9 13 0.582979626485569 0.546370967741936 36.2761494199654 3 1 0 
1 600 9 12 0.375967741935484 0.382258064516129 23.2564226847004 3 -1 0 
0 600 9 13 0.464516129032258 0.454637096774194 12.6302997247154 3 1 0 
1 610 9 12 0.470046082949309 0.421774193548387 20.9757079067022 3 -1 0 
0 610 9 13 0.397495755517827 0.359677419354839 34.7036758033484 3 1 0 
1 620 9 13 0.498847926267281 0.494354838709677 22.3497525792299 3 0 0 
0 620 9 13 0.491935483870968 0.449193548387097 24.4985824388427 3 0 0 
1 630 9 13 0.369516129032258 0.482258064516129 12.435913159786 3 -1 0 
0 630 9 14 0.470206093189964 0.45 19.5478156786274 3 1 0 
1 640 9 13 0.374423963133641 0.455645161290323 19.0409357753572 3 -1 0 
0 640 9 14 0.476254480286738 0.448588709677419 5.20070811448109 3 1 0 
1 650 9 13 0.407066052227343 0.431451612903226 26.3827938604913 3 -1 0 
0 650 9 14 0.529377880184332 0.459677419354839 10.7114229201344 3 1 0 
1 660 9 13 0.446750474383302 0.429435483870968 27.4279647287044 3 -1 0 
0 660 9 14 0.395797962648557 0.536290322580645 4.36503916018291 3 1 0 
1 670 9 14 0.470131421744325 0.359677419354839 30.126398290083 3 0 0 
0 670 9 14 0.3875 0.47258064516129 32.3616250078541 3 0 0 
1 680 9 14 0.518328445747801 0.475 20.5292217954479 3 0 0 
0 680 9 14 0.424596774193548 0.309139784946237 25.826619884066 3 0 0 
1 690 9 15 0.476133391455972 0.579032258064516 22.1357690980448 3 1 0 
0 690 9 14 0.361620234604106 0.278225806451613 16.6508258053467 3 -1 0 
1 700 9 15 0.537730414746544 0.608870967741936 13.6602927277619 3 1 0 
0 700 9 14 0.367439516129032 0.354838709677419 7.28010988928052 3 -1 0 
1 710 9 15 0.621831797235023 0.611895161290323 16.4184640349817 3 0 0 
0 710 9 15 0.484543010752688 0.358870967741936 9.5 3 0 0 
1 720 9 15 0.52116935483871 0.516129032258065 34.1817505291508 3 0 0 
0 720 9 15 0.344015280135823 0.241935483870968 28.3843989934111 3 0 0 
1 730 9 15 0.505131964809384 0.443548387096774 68.1780756548614 3 0 0 
0 730 9 15 0.364247311827957 0.25 12.3948171189941 3 0 0 
1 740 9 16 0.467069892473118 0.310483870967742 24.8847342762586 3 0 0 
0 740 9 16 0.438844086021505 0.32258064516129 6.51564500500963 3 0 0 
1 750 9 16 0.466774193548387 0.370967741935484 28.9870660812715 3 0 0 
0 750 9 16 0.414146505376344 0.354838709677419 6.11076503059539 3 0 0 
1 760 9 16 0.423003072196621 0.465725806451613 12.5 3 0 0 
0 760 9 16 0.394611436950147 0.449193548387097 4.39465737575167 3 0 0 
1 770 9 16 0.439728353140917 0.30241935483871 40.7875514894775 3 0 0 
0 770 9 16 0.453548387096774 0.532258064516129 7.01920264549674 3 0 0 
1 780 9 16 0.44849706744868 0.293548387096774 28.1723969904368 3 0 0 
0 780 9 16 0.445301542776999 0.508064516129032 7.40707351642846 3 0 0 
1 790 9 16 0.413306451612903 0.383064516129032 13.1742483061107 3 0 0 
0 790 9 16 0.451612903225806 0.544354838709677 13.1676354782741 3 0 0 
1 800 9 16 0.432692307692308 0.395161290322581 14.209587218896 3 0 0 
0 800 9 16 0.490224828934506 0.55241935483871 11.6866456269543 3 0 0 
1 810 9 16 0.396121351766513 0.378225806451613 14.2100343476581 3 0 0 
0 810 9 16 0.45030834914611 0.543548387096774 13.7903505857994 3 0 0 
1 820 9 16 0.387096774193548 0.365927419354839 11.7988965091353 3 -1 0 
0 820 9 17 0.508213859020311 0.550806451612903 6.9099953322355 3 1 0 
1 830 9 17 0.448387096774194 0.340725806451613 10.9983726763 3 0 0 
0 830 9 17 0.547491039426523 0.604838709677419 4.14588986255497 3 0 0 
1 840 9 17 0.305443548387097 0.325604838709677 14.5454043824951 3 0 0 
0 840 9 17 0.501671911880409 0.598790322580645 7.07728233901392 3 0 0 
1 850 9 17 0.413978494623656 0.342741935483871 16.5148568926227 3 0 0 
0 850 9 17 0.55668880455408 0.519153225806452 13.7994756420995 3 0 0 
1 860 9 17 0.403673835125448 0.389112903225806 15.3343542661609 3 0 0 
0 860 9 17 0.642595307917889 0.328629032258065 13.6293150420333 3 0 0 
1 870 9 17 0.354655425219941 0.290322580645161 26.2981879903528 3 0 0 
0 870 9 17 0.501747311827957 0.397177419354839 6.75634077086111 3 0 0 
1 880 9 17 0.396434634974533 0.333870967741936 17.1582281323125 3 0 0 
0 880 9 17 0.464516129032258 0.467741935483871 15.4155216453624 3 0 0 
1 890 9 17 0.388608870967742 0.404838709677419 21.4967895248253 3 0 0 
0 890 9 17 0.489186217008798 0.47741935483871 15.4945245558541 3 0 0 
1 900 9 18 0.405017921146953 0.402217741935484 28.7280728191839 3 1 0 
0 900 9 17 0.458039314516129 0.47883064516129 16.5776900901203 3 -1 0 
1 910 9 18 0.419911012235818 0.361559139784946 28.2979377552376 3 0 0 
0 910 9 18 0.419904692082111 0.602822580645161 8.42323210326605 3 0 0 
1 920 9 18 0.463859020310633 0.353494623655914 38.3853992980121 3 0 0 
0 920 9 18 0.480510752688172 0.610887096774194 7.90230427614489 3 0 0 
1 930 9 18 0.425883256528418 0.442204301075269 24.3789954527484 3 0 0 
0 930 9 18 0.468413978494624 0.533266129032258 16.2039378803191 3 0 0 
1 940 9 18 0.376660341555977 0.364247311827957 35.7332237423248 3 0 0 
0 940 9 18 0.482570239334027 0.471774193548387 24.3285324795237 3 0 0 
1 950 9 18 0.43050284629981 0.33366935483871 34.1223372899449 3 0 0 
0 950 9 18 0.560105846774194 0.412903225806452 30.787213916916 3 0 0 
1 960 9 18 0.399018232819074 0.274193548387097 21.4189849779466 3 0 0 
0 960 9 18 0.506633714880333 0.487096774193548 24.9834459536576 3 0 0 
1 970 9 18 0.400957661290323 0.337096774193548 22.7246145287539 3 0 0 
0 970 9 18 0.466845878136201 0.516935483870968 14.2254424102392 3 0 0 
1 980 9 18 0.438275434243176 0.381451612903226 9.54820082557312 3 -1 0 
0 980 9 19 0.468267882187938 0.525806451612903 11.8236866095293 3 1 0 
1 990 9 19 0.384879032258064 0.440322580645161 16.0419014942045 3 0 0 
0 990 9 19 0.47463921901528 0.505645161290323 7.07305252140029 3 0 0 
1 1000 9 19 0.406854838709677 0.388709677419355 19.7903275774547 3 0 0 
0 1000 9 19 0.481481481481481 0.481854838709677 13.0006665403774 3 0 0 
1 1010 9 19 0.420271260997067 0.387096774193548 36.999001649675 3 0 0 
0 1010 9 19 0.545967741935484 0.569556451612903 15.8779686418813 3 0 0 
1 1020 9 19 0.373991935483871 0.42741935483871 40.3887360535088 3 -1 0 
0 1020 9 20 0.452476958525346 0.637096774193548 17.1354782067773 3 1 0 
1 1030 9 19 0.399503722084367 0.405241935483871 48.3037265643139 3 -1 0 
0 1030 9 20 0.457555178268251 0.632056451612903 20.5649097753759 3 1 0 
1 1040 9 19 0.388888888888889 0.338709677419355 52.242224301804 3 -1 0 
0 1040 9 20 0.548804226918799 0.46875 52.0483001031281 3 1 0 
1 1050 9 19 0.394009216589862 0.326612903225806 37.3128664136113 3 -1 0 
0 1050 9 20 0.502122241086587 0.5 47.2458895323906 3 1 0 
1 1060 9 20 0.418906810035842 0.290322580645161 3.20156211871642 3 0 0 
0 1060 9 20 0.519516129032258 0.541666666666667 36.4680354416323 3 0 0 
1 1070 9 20 0.478686635944701 0.222782258064516 20.5789166067498 3 0 0 
0 1070 9 20 0.56891495601173 0.483870967741936 58.2999374909511 3 0 0 
1 1080 9 20 0.288306451612903 0.240322580645161 13.0559548792556 3 0 0 
0 1080 9 20 0.505720180045011 0.506048387096774 35.1828224510297 3 0 0 
1 1090 9 20 0.344758064516129 0.303225806451613 23.2465141443445 3 0 0 
0 1090 9 20 0.51284348864994 0.428763440860215 26.0595025197518 3 0 0 
1 1100 9 20 0.347011385199241 0.35 14.0445080921319 3 0 0 
0 1100 9 20 0.614563567362429 0.411290322580645 27.5876354950279 3 0 0 
1 1110 9 20 0.394937275985663 0.344354838709677 33.047725849591 3 0 0 
0 1110 9 20 0.481336405529954 0.306451612903226 40.1337659888098 3 0 0 
1 1120 9 20 0.389943074003795 0.404032258064516 25.5455397464083 3 0 0 
0 1120 9 20 0.468279569892473 0.265120967741936 33.7682815465759 3 0 0 
1 1130 9 20 0.42116935483871 0.423387096774194 29.3311348409694 3 -1 0 
0 1130 9 21 0.550093052109181 0.329301075268817 24.6266694076429 3 1 0 
1 1140 9 20 0.357676224611708 0.459677419354839 20.5564021855102 3 -1 0 
0 1140 9 21 0.502070619006103 0.428763440860215 8.37804998846332 3 1 0 
1 1150 9 21 0.41 0.45866935483871 26.0563915411095 3 0 0 
0 1150 9 21 0.483709677419355 0.323588709677419 20.9128574555479 3 0 0 
1 1160 9 21 0.434088089330025 0.431451612903226 28.5226131732006 3 0 0 
0 1160 9 21 0.490927419354839 0.334677419354839 24.2582486515689 3 0 0 
1 1170 9 21 0.432646356033453 0.403225806451613 24.2965159824761 3 0 0 
0 1170 9 21 0.461781206171108 0.440524193548387 12.1153192127426 3 0 0 
1 1180 9 21 0.439354838709677 0.379032258064516 15.8131248139043 3 0 0 
0 1180 9 21 0.419930875576037 0.503024193548387 8.34726954638022 3 0 0 
1 1190 9 21 0.485407066052227 0.370967741935484 3.8558870011714 3 0 0 
0 1190 9 21 0.465909090909091 0.44758064516129 31.7605234597562 3 0 0 
1 1200 9 21 0.439112903225806 0.358870967741936 28.149898006534 3 0 0 
0 1200 9 21 0.447983870967742 0.426612903225806 26.680039045477 3 0 0 
1 1210 9 21 0.391465053763441 0.413306451612903 16.3284435513219 3 0 0 
0 1210 9 21 0.451804915514593 0.437096774193548 20.5903133056741 3 0 0 
1 1220 9 21 0.401528013582343 0.429435483870968 9.50116334400662 3 0 0 
0 1220 9 21 0.485153958944281 0.510483870967742 9.05753829492852 3 0 0 
1 1230 9 21 0.365423387096774 0.368951612903226 12.9360467041985 3 0 0 
0 1230 9 21 0.471992153443766 0.566129032258065 5.91604890302991 3 0 0 
1 1240 9 21 0.416253101736973 0.399193548387097 14.3178210632764 3 0 0 
0 1240 9 21 0.415322580645161 0.588709677419355 6.96910915071007 3 0 0 
1 1250 9 21 0.453341013824885 0.455645161290323 0 3 -1 0 
0 1250 9 22 0.485752688172043 0.557459677419355 15.293108881271 3 1 0 
1 1260 9 21 0.475569259962049 0.298387096774194 29.1547594742265 3 -1 0 
0 1260 9 22 0.381048387096774 0.424395161290323 23.0469576318458 3 1 0 
1 1270 9 21 0.469271412680756 0.348790322580645 12.8160056179763 3 -1 0 
0 1270 9 22 0.376612903225806 0.390120967741936 29.9403269389575 3 1 0 
1 1280 9 22 0.490783410138249 0.457661290322581 4.7169905660283 3 0 0 
0 1280 9 22 0.419086021505376 0.400537634408602 32.957309136155 3 0 0 
1 1290 9 22 0.454877112135177 0.504032258064516 12.5299640861417 3 0 0 
0 1290 9 22 0.39779776674938 0.415322580645161 26.3927530784013 3 0 0 
1 1300 9 22 0.442772952853598 0.375 40.5529234149714 3 0 0 
0 1300 9 22 0.459005376344086 0.407258064516129 21.006475947517 3 0 0 
1 1310 9 22 0.471198156682028 0.275 40.1096042878232 3 0 0 
0 1310 9 22 0.527150537634409 0.36491935483871 29.2890086895787 3 0 0 
1 1320 9 22 0.449116743471582 0.353225806451613 28.2897945137693 3 0 0 
0 1320 9 22 0.428120617110799 0.414314516129032 21.6350937081732 3 0 0 
1 1330 9 22 0.407642089093702 0.424193548387097 19.9455962257146 3 0 0 
0 1330 9 22 0.42357910906298 0.419354838709677 17.1396070938679 3 0 0 
1 1340 9 22 0.455197132616487 0.494354838709677 18.2521883699271 3 0 0 
0 1340 9 22 0.446370967741936 0.441532258064516 5.81353540054817 3 0 0 
1 1350 9 22 0.453255675029869 0.517741935483871 17.079215374811 3 0 0 
0 1350 9 22 0.444743130227001 0.365322580645161 27.9734419326777 3 0 0 
1 1360 9 22 0.431606699751861 0.490591397849462 6.53276330142554 3 0 0 
0 1360 9 22 0.431643625192012 0.451612903225806 9.16737486836846 3 0 0 
1 1370 9 23 0.477272727272727 0.586693548387097 25.5262265493168 3 1 0 
0 1370 9 22 0.47134974533107 0.338709677419355 0 3 -1 0 
1 1380 9 23 0.469995256166983 0.604838709677419 23.6755665560746 3 1 0 
0 1380 9 22 0.412701612903226 0.217741935483871 0 3 -1 0 
1 1390 9 23 0.464141705069124 0.595766129032258 22.5951177766175 3 1 0 
0 1390 9 22 0.378795066413662 NaN NaN 3 -1 0 
1 1400 9 23 0.570564516129032 0.542338709677419 6.51701571319738 3 1 0 
0 1400 9 22 0.429435483870968 NaN NaN 3 -1 0 
1 1410 9 23 0.535456062291435 0.506048387096774 7.6733514345532 3 1 0 
0 1410 9 22 0.418202764976959 NaN NaN 3 -1 0 
1 1420 9 23 0.484115347018573 0.51008064516129 7.54504270611506 3 1 0 
0 1420 9 22 0.451979472140762 NaN NaN 3 -1 0 
1 1430 9 23 0.554569892473118 0.416935483870968 54.4757178223997 3 1 0 
0 1430 9 22 0.467293906810036 0.169354838709677 5.59016994374947 3 -1 0 
1 1440 9 23 0.518004501125281 0.426612903225806 41.0261372396219 3 1 0 
0 1440 9 22 0.434934017595308 0.189516129032258 13.9493712563323 3 -1 0 
1 1450 9 23 0.516129032258065 0.565322580645161 34.381519705054 3 1 0 
0 1450 9 22 0.468145161290323 0.272177419354839 4.16386823737966 3 -1 0 
1 1460 9 23 0.632840501792115 0.615322580645161 33.2854355758929 3 0 0 
0 1460 9 23 0.470766129032258 0.216129032258065 12.8924549189959 3 0 0 
1 1470 9 23 0.556619623655914 0.640322580645161 20.6069422026205 3 0 0 
0 1470 9 23 0.299283154121864 0.254838709677419 3.81472295070922 3 0 0 
1 1480 9 23 0.558043293718166 0.646774193548387 9.24273286566275 3 0 0 
0 1480 9 23 0.330645161290323 0.262096774193548 10.1568752601379 3 0 0 
1 1490 9 23 0.635436432637571 0.657258064516129 10.0024028671847 3 0 0 
0 1490 9 23 0.32258064516129 0.275 18.6827091782711 3 0 0 
1 1500 9 23 0.493509047993706 0.633064516129032 9.81291522288463 3 0 0 
0 1500 9 23 0.330376344086022 0.276612903225806 9.97403579230247 3 0 0 
1 1510 9 24 0.440967741935484 0.648387096774194 15.2999116617832 3 1 0 
0 1510 9 23 0.392190152801358 0.329637096774194 9.83637290578272 3 -1 0 
1 1520 9 24 0.588235294117647 0.604838709677419 17.4928556845359 3 1 0 
0 1520 9 23 0.392921146953405 0.384408602150538 2.90361647280229 3 -1 0 
1 1530 9 24 0.471877584780811 0.576612903225806 14.3178210632764 3 1 0 
0 1530 9 23 0.383765778401122 0.46236559139785 3.98095362830701 3 -1 0 
1 1540 9 24 0.436451612903226 0.657258064516129 0 3 1 0 
0 1540 9 23 0.387521222410866 0.486559139784946 20.735699347048 3 -1 0 
1 1550 9 24 0.549251152073733 0.580645161290323 0 3 1 0 
0 1550 9 23 0.421370967741936 0.400537634408602 19.978287059262 3 -1 0 
1 1560 9 24 0.491935483870968 0.387096774193548 0 3 0 0 
0 1560 9 24 0.413926799007444 0.438172043010753 13.7488015739011 3 0 0 
1 1570 9 24 0.474546370967742 0.326612903225806 0 3 0 0 
0 1570 9 24 0.433299731182796 0.529569892473118 14.3714595772243 3 0 0 
1 1580 9 24 0.572916666666667 0.209677419354839 24.6665711024027 3 0 0 
0 1580 9 24 0.498772791023843 0.511088709677419 47.8462390077858 3 0 0 
1 1590 9 24 0.45752688172043 0.20866935483871 20.5688112888162 3 0 0 
0 1590 9 24 0.478128054740958 0.521774193548387 42.5529672742562 3 0 0 
1 1600 9 24 0.386200716845878 0.262096774193548 19.7399679141 3 0 0 
0 1600 9 24 0.504928315412186 0.513709677419355 28.636188972264 3 0 0 
1 1610 9 24 0.358870967741936 0.289516129032258 16.3160112607641 3 0 0 
0 1610 9 24 0.570996543778802 0.566129032258065 17.1816838616864 3 0 0 
1 1620 9 24 0.301612903225806 0.286290322580645 11.7166480858845 3 0 0 
0 1620 9 24 0.480475382003396 0.653225806451613 8.45157572005037 3 0 0 
1 1630 9 24 0.419354838709677 0.289516129032258 12.4595568717575 2 0 -1 
0 1630 9 24 0.514855687606112 0.67741935483871 3.69224590460908 3 0 1 
1 1640 9 24 0.384408602150538 0.256048387096774 6.9603800268478 2 0 -1 
0 1640 9 24 0.63833746898263 0.690524193548387 3.76404933679463 3 0 1 
1 1650 9 24 0.363659274193548 0.29133064516129 9.52120319107339 2 0 -1 
0 1650 9 24 0.476661779081134 0.706653225806452 4.1846165967075 3 0 1 
1 1660 9 24 0.394758064516129 0.282258064516129 9.03936522697084 2 0 -1 
0 1660 9 24 0.545506912442396 0.577620967741936 6.07313344025683 3 0 1 
1 1670 9 24 0.435483870967742 0.351814516129032 30.3170079930151 2 0 -1 
0 1670 9 24 0.509897360703812 0.417338709677419 41.4196851997616 3 0 1 
1 1680 9 24 0.420890937019969 0.38508064516129 18.8670811911346 2 0 -1 
0 1680 9 24 0.39007713884993 0.417338709677419 47.2215212043045 3 0 1 
1 1690 9 24 0.426290322580645 0.51008064516129 15.8543020667116 2 0 -1 
0 1690 9 24 0.423387096774194 0.448588709677419 26.2634482588522 3 0 1 
1 1700 9 25 0.476612903225806 0.484879032258065 11.7346352325595 2 1 0 
0 1700 9 24 0.466845878136201 0.481854838709677 11.8670814816222 2 -1 0 
1 1710 9 25 0.427207130730051 0.409677419354839 29.3188522971037 2 1 0 
0 1710 9 24 0.390456989247312 0.399193548387097 35.338209595515 2 -1 0 
1 1720 9 25 0.413306451612903 0.408870967741935 25.4403130364496 2 1 1 
0 1720 9 24 0.454417952314165 0.389112903225806 22.9176707998427 1 -1 -1 
1 1730 9 25 0.485551075268817 0.320967741935484 30.022131302073 2 1 1 
0 1730 9 24 0.54523141654979 0.311491935483871 9.53958332502944 1 -1 -1 
1 1740 9 25 0.375537634408602 0.275 32.8097826375946 2 1 1 
0 1740 9 24 0.488785282258065 0.273185483870968 21.8312906491704 1 -1 -1 
1 1750 9 25 0.386746143057504 0.331451612903226 26.1183636806292 2 1 1 
0 1750 9 24 0.452060931899642 0.32258064516129 13.9163399121264 1 -1 -1 
1 1760 9 25 0.439068100358423 0.393548387096774 15.3463887536977 2 1 1 
0 1760 9 24 0.455645161290323 0.4375 15.3618083609097 1 -1 -1 
1 1770 9 25 0.407407407407407 0.445967741935484 8.00677819984263 2 1 1 
0 1770 9 24 0.442296996662959 0.471774193548387 0 1 -1 -1 
1 1780 9 25 0.414796633941094 0.444354838709677 7.49991303888447 2 1 1 
0 1780 9 24 0.409072580645161 0.320564516129032 47.783365306349 1 -1 -1 
1 1790 9 25 0.506912442396313 0.453225806451613 25.0862503415117 2 1 1 
0 1790 9 24 0.449596774193548 0.278225806451613 8.32165848854662 1 -1 -1 
1 1800 9 25 0.490244536940687 0.512096774193548 21.3282098165538 2 1 1 
0 1800 9 24 0.403225806451613 0.254032258064516 12.0415945787923 1 -1 -1 
1 1810 9 25 0.552956989247312 0.548387096774194 18.6346838403099 2 1 1 
0 1810 9 24 0.345766129032258 0.181451612903226 0 1 -1 -1 
1 1820 9 26 0.640591397849462 0.638104838709677 10.4839883912741 2 1 1 
0 1820 9 25 0.375504032258065 0.145161290322581 0 1 -1 -1 
1 1830 9 26 0.684256661991585 0.70866935483871 19.7870511019357 2 1 2 
0 1830 9 25 0.308870967741935 0.157258064516129 2.82842712474619 0 -1 -2 
1 1840 9 26 0.752334465195246 0.789314516129032 11.8517125447764 2 1 2 
0 1840 9 25 0.328629032258065 0.168010752688172 5.44906606431026 0 -1 -2 
1 1850 9 26 0.752546689303905 0.795362903225806 11.2766419457514 2 1 2 
0 1850 9 25 NaN 0.162634408602151 3.76432108755722 0 -1 -2 
