1 30 7.4 1 NaN 0.2390625 1.81904791978807 6 0 0 
0 30 6.6 1 NaN 0.2587890625 15.2300257264191 6 0 0 
1 40 7.4 1 NaN 0.2392578125 13.9035579339175 6 0 0 
0 40 6.6 1 0.37890625 0.30390625 27.640351932055 6 0 0 
1 50 7.4 1 NaN 0.35859375 29.2806803981429 6 0 0 
0 50 6.6 1 0.384114583333333 0.4234375 33.1472389659734 6 0 0 
1 60 7.4 1 0.488671875 0.43671875 36.5223112022672 6 0 0 
0 60 6.6 1 0.4177734375 0.47109375 34.7818178549319 6 0 0 
1 70 7.4 1 0.484619140625 0.46796875 38.1362393091889 6 0 0 
0 70 6.6 1 0.446120689655172 0.48359375 33.4180331732605 6 0 0 
1 80 7.4 1 0.487379807692308 0.48515625 35.0851019858974 6 0 0 
0 80 6.6 1 0.423828125 0.490234375 40.8093652753959 6 0 0 
1 90 7.4 1 0.462646484375 0.4890625 33.7858417666867 6 0 0 
0 90 6.6 1 0.43953125 0.49609375 42.9875473847176 6 0 0 
1 100 7.4 2 0.495535714285714 0.48046875 35.2261771510214 6 1 0 
0 100 6.6 1 0.4415283203125 0.43515625 51.4013807899493 6 -1 0 
1 110 7.4 2 0.497395833333333 0.46015625 36.1135477566596 6 0 0 
0 110 6.6 2 0.41478587962963 0.4546875 37.8630008440539 6 0 0 
1 120 7.4 2 0.48046875 0.47109375 47.7899569019795 6 0 0 
0 120 6.6 2 0.47265625 0.474609375 31.6399786670987 6 0 0 
1 130 7.4 3 0.5068359375 0.46640625 46.9284581824477 6 1 0 
0 130 6.6 2 0.452047413793103 0.4560546875 30.5763602563967 6 -1 0 
1 140 7.4 3 0.516666666666667 0.43515625 51.8669987953327 6 0 0 
0 140 6.6 3 0.434344951923077 0.41171875 33.0399254623004 6 0 0 
1 150 7.4 3 0.471153846153846 0.471875 37.0014054355176 6 0 0 
0 150 6.6 3 0.433779761904762 0.43125 28.0216111937908 6 0 0 
1 160 7.4 3 0.496484375 0.45625 30.2616752291146 6 0 0 
0 160 6.6 3 0.42901400862069 0.4765625 10.5919528942862 6 0 0 
1 170 7.4 4 0.496484375 0.47734375 27.4701389938537 6 1 0 
0 170 6.6 3 0.422940340909091 0.49296875 13.0772476403078 6 -1 0 
1 180 7.4 4 0.458180147058824 0.46875 30.4710872200126 6 1 0 
0 180 6.6 3 0.470424107142857 0.5046875 19.3288072479543 6 -1 0 
1 190 7.4 5 0.4873046875 0.439453125 47.386160891414 6 1 0 
0 190 6.6 4 0.42626953125 0.5068359375 20.3761358715028 6 -1 0 
1 200 7.4 5 0.487630208333333 0.4404296875 44.0058295826347 6 1 0 
0 200 6.6 4 0.446744791666667 0.5 18.6938153881417 6 -1 0 
1 210 7.4 5 0.47216796875 0.425 49.872762476096 6 1 0 
0 210 6.6 4 0.466145833333333 0.4130859375 35.8769790190653 6 -1 0 
1 220 7.4 6 0.498497596153846 0.446875 41.225470250772 6 2 0 
0 220 6.6 4 0.464499080882353 0.4345703125 36.0752711815771 6 -2 0 
1 230 7.4 6 0.498497596153846 0.46015625 32.8524394133891 6 2 0 
0 230 6.6 4 0.430915178571429 0.384375 39.3644597447858 6 -2 0 
1 240 7.4 6 0.486019736842105 0.4109375 38.6486324743374 6 1 0 
0 240 6.6 5 0.411221590909091 0.46328125 33.5648113494063 6 -1 0 
1 250 7.4 6 0.515165441176471 0.459375 33.1788285804605 6 1 0 
0 250 6.6 5 0.436422413793103 0.440625 32.0689465741849 6 -1 0 
1 260 7.4 6 0.5203125 0.48515625 34.465989858265 6 1 0 
0 260 6.6 5 0.410546875 0.4734375 34.5998396157293 6 -1 0 
1 270 7.4 7 0.528053977272727 0.475 37.6730766956708 6 1 0 
0 270 6.6 6 0.449544270833333 0.47734375 35.5267706607895 6 -1 0 
1 280 7.4 7 0.493795955882353 0.45625 43.9517187547703 6 1 0 
0 280 6.6 6 0.446213942307692 0.466796875 41.6102593154254 6 -1 0 
1 290 7.4 7 0.488839285714286 0.4953125 38.7851053017 6 1 0 
0 290 6.6 6 0.424553571428571 0.4892578125 20.1634461171573 6 -1 0 
1 300 7.4 7 0.481889204545455 0.47578125 33.4489311676864 6 1 0 
0 300 6.6 6 0.440104166666667 0.4775390625 27.4067150219177 6 -1 0 
1 310 7.4 8 0.500868055555556 0.4515625 35.5042022732615 6 2 0 
0 310 6.6 6 0.430078125 0.41640625 39.0729420623934 6 -2 0 
1 320 7.4 8 0.498779296875 0.48203125 40.6917514190997 6 1 0 
0 320 6.6 7 0.403738839285714 0.41796875 37.0151154932105 6 -1 0 
1 330 7.4 8 0.487109375 0.44609375 39.5847720085761 6 1 0 
0 330 6.6 7 0.432291666666667 0.45078125 36.781462700888 6 -1 0 
1 340 7.4 8 0.544053819444444 0.4828125 38.3841467390857 6 1 0 
0 340 6.6 7 0.4083984375 0.4875 39.438792910812 6 -1 0 
1 350 7.4 8 0.544053819444444 0.4833984375 24.6231018340851 6 1 0 
0 350 6.6 7 0.422325721153846 0.48125 40.4909989705886 6 -1 0 
1 360 7.4 9 0.5068359375 0.517578125 12.1473858340199 6 2 0 
0 360 6.6 7 0.43677662037037 0.4580078125 32.9277619679668 6 -2 0 
1 370 7.4 9 0.495492788461538 0.42421875 37.5815659268449 6 1 0 
0 370 6.6 8 0.455829326923077 0.401041666666667 25.1369145762582 6 -1 0 
1 380 7.4 9 0.495492788461538 0.4359375 36.340402791067 6 1 0 
0 380 6.6 8 0.425675675675676 0.3623046875 39.7961936391065 6 -1 0 
1 390 7.4 9 0.431490384615385 0.49296875 19.4598175300178 6 1 0 
0 390 6.6 8 0.444934475806452 0.36015625 43.8556462053809 6 -1 0 
1 400 7.4 10 0.510416666666667 0.5703125 3.76942180761589 6 1 0 
0 400 6.6 9 0.464285714285714 0.440625 33.4894369321583 6 -1 0 
1 410 7.4 10 0.595052083333333 0.53125 14.1273956667129 6 1 0 
0 410 6.6 9 0.442792338709677 0.4671875 35.2537692689688 6 -1 0 
1 420 7.4 10 0.402043269230769 0.49375 41.9967051354518 6 1 0 
0 420 6.6 9 0.395220588235294 0.42734375 37.4758038513241 6 -1 0 
1 430 7.4 10 0.507421875 0.474609375 38.273282110911 6 1 0 
0 430 6.6 9 0.540885416666667 0.4484375 34.8352854750926 6 -1 0 
1 440 7.4 10 0.449819711538462 0.455078125 22.06459934614 6 0 0 
0 440 6.6 10 0.461979166666667 0.4697265625 41.6296568723945 6 0 0 
1 450 7.4 10 0.43515625 0.39765625 28.8583709197127 6 0 0 
0 450 6.6 10 0.44703125 0.53203125 45.0489419732284 6 0 0 
1 460 7.4 11 0.46875 0.37109375 25.5286860581086 6 1 0 
0 460 6.6 10 0.517578125 0.4921875 24.2162620972166 6 -1 0 
1 470 7.4 11 0.46484375 0.3859375 5.05868270771676 6 0 0 
0 470 6.6 11 0.4609375 0.5068359375 21.2401584960743 6 0 0 
1 480 7.4 11 0.418569711538462 0.43046875 11.7121590871813 6 0 0 
0 480 6.6 11 0.412860576923077 0.412109375 42.1777443635154 6 0 0 
1 490 7.4 11 0.451822916666667 0.47421875 9.61453268479663 6 0 0 
0 490 6.6 11 0.497767857142857 0.4072265625 40.9185985837292 6 0 0 
1 500 7.4 11 0.451822916666667 0.5109375 12.2895755805194 6 0 0 
0 500 6.6 11 0.463414634146341 0.44140625 7.27752912085585 6 0 0 
1 510 7.4 11 0.399553571428571 0.505208333333333 13.944140159235 6 0 0 
0 510 6.6 11 0.4190625 0.434895833333333 11.9538747269361 6 0 0 
1 520 7.4 11 0.434512867647059 0.502604166666667 19.9596621949267 6 0 0 
0 520 6.6 11 0.546688988095238 0.482421875 18.053780660986 6 0 0 
1 530 7.4 11 0.43984375 0.510416666666667 11.5933945063759 6 0 0 
0 530 6.6 11 0.465129573170732 0.3369140625 41.6745996468645 6 0 0 
1 540 7.4 11 0.432883522727273 0.35703125 45.482035427915 6 -1 0 
0 540 6.6 12 0.417805989583333 0.434895833333333 15.785673638416 6 1 0 
1 550 7.4 12 0.462775735294118 0.3603515625 33.2065576317222 6 0 0 
0 550 6.6 12 0.450520833333333 0.415364583333333 13.8855847599383 6 0 0 
1 560 7.4 12 0.462775735294118 0.471354166666667 18.9766477603494 6 0 0 
0 560 6.6 12 0.444490131578947 0.46484375 7.43303437365925 6 0 0 
1 570 7.4 12 0.47421875 0.5546875 5.74863073796498 6 0 0 
0 570 6.6 12 0.397879464285714 NaN NaN 6 0 0 
1 580 7.4 12 0.510569852941177 0.4619140625 34.296339568183 6 0 0 
0 580 6.6 12 0.5294921875 0.21484375 16.9705627484771 6 0 0 
1 590 7.4 12 0.513888888888889 0.42734375 22.6702227155356 6 0 0 
0 590 6.6 12 0.466294642857143 0.28125 5.59016994374947 6 0 0 
1 600 7.4 12 0.484654017857143 0.431640625 17.5023770905872 6 0 0 
0 600 6.6 12 0.395450367647059 0.333333333333333 34.4226470441949 6 0 0 
1 610 7.4 13 0.480143229166667 0.44140625 10.596087859966 6 0 0 
0 610 6.6 13 0.43546875 0.391927083333333 29.6976748649883 6 0 0 
1 620 7.4 13 0.480078125 0.34765625 34.2468274489201 6 0 0 
0 620 6.6 13 0.430871212121212 0.48046875 18.050893546822 6 0 0 
1 630 7.4 13 0.507211538461538 0.3234375 40.6852981211229 6 0 0 
0 630 6.6 13 0.44438244047619 0.5498046875 9.81166810166284 6 0 0 
1 640 7.4 13 0.512451171875 0.36328125 46.2018375034566 6 0 0 
0 640 6.6 13 0.4453125 0.56796875 22.5822596871143 6 0 0 
1 650 7.4 14 0.52734375 0.4013671875 40.0563690785835 6 1 0 
0 650 6.6 13 0.478125 0.572265625 27.1940444175065 6 -1 0 
1 660 7.4 14 0.515625 0.4560546875 38.1960707592492 6 1 0 
0 660 6.6 13 0.447102864583333 0.4970703125 43.7839089696238 6 -1 0 
1 670 7.4 14 0.541449652777778 0.41953125 36.0004793329476 6 0 0 
0 670 6.6 14 0.43046875 0.4169921875 47.5977026585413 6 0 0 
1 680 7.4 14 0.537454044117647 0.42734375 21.7494469193566 6 0 0 
0 680 6.6 14 0.408052884615385 0.4453125 42.4308740236089 6 0 0 
1 690 7.4 14 0.4560546875 0.45703125 17.3626030840242 6 0 0 
0 690 6.6 14 0.41889880952381 0.4345703125 36.4314079681084 6 0 0 
1 700 7.4 14 0.5046875 0.51953125 16.9129905838994 6 0 0 
0 700 6.6 14 0.411576704545455 0.4228515625 29.0586493793332 6 0 0 
1 710 7.4 14 0.5046875 0.5126953125 12.5505464828796 6 -1 0 
0 710 6.6 15 0.404157366071429 0.4140625 10.2416737028021 6 1 0 
1 720 7.4 15 0.545006793478261 0.5224609375 8.28658201984785 6 0 0 
0 720 6.6 15 0.443462171052632 0.428385416666667 9.79026115515288 6 0 0 
1 730 7.4 15 0.56148097826087 0.4931640625 11.2101957378398 6 0 0 
0 730 6.6 15 0.420454545454545 0.47265625 3.88561808316413 6 0 0 
1 740 7.4 15 0.5302734375 0.4296875 8.31769155002473 6 0 0 
0 740 6.6 15 0.405427631578947 0.44140625 16.2549658412758 6 0 0 
1 750 7.4 15 0.551525297619048 0.34765625 31.4697815483861 6 0 0 
0 750 6.6 15 0.415090460526316 0.497395833333333 10.7588246955403 6 0 0 
1 760 7.4 15 0.55859375 0.3349609375 18.3901214140092 6 0 0 
0 760 6.6 15 0.379245923913043 0.42578125 43.4253503903934 6 0 0 
1 770 7.4 15 0.558837890625 0.4521484375 9.11168852849677 6 -1 0 
0 770 6.6 16 0.387606534090909 0.404296875 22.704113507225 6 1 0 
1 780 7.4 16 0.573102678571429 0.5419921875 2.34985710710997 6 0 0 
0 780 6.6 16 0.407986111111111 0.356770833333333 21.6114009190087 6 0 0 
1 790 7.4 16 0.5921875 0.5712890625 7.57049120851979 6 0 0 
0 790 6.6 16 0.390625 0.390625 0 6 0 0 
1 800 7.4 16 0.593936011904762 0.49609375 27.442734315713 6 0 0 
0 800 6.6 16 0.3865234375 0.353515625 24.8646335183127 6 0 0 
1 810 7.4 16 0.578725961538462 0.51953125 26.2763976479573 6 0 0 
0 810 6.6 16 0.40966796875 0.373697916666667 26.7023773215377 6 0 0 
1 820 7.4 16 0.537760416666667 0.49453125 24.9784706726457 6 0 0 
0 820 6.6 16 0.415264423076923 0.33203125 28.0338373525041 6 0 0 
1 830 7.4 17 0.521484375 0.4578125 26.4225822619201 6 0 0 
0 830 6.6 17 0.3984375 0.3515625 32.9713403694651 6 0 0 
1 840 7.4 17 0.6015625 0.529296875 33.6221619702223 6 0 0 
0 840 6.6 17 0.3671875 0.4140625 23.8948590975014 6 0 0 
1 850 7.4 17 0.590104166666667 0.5234375 39.0967601761418 6 0 0 
0 850 6.6 17 0.37109375 0.353515625 8.55862138431185 6 0 0 
1 860 7.4 18 0.590959821428571 0.5107421875 38.2627014471972 5 1 -1 
0 860 6.6 17 0.37109375 0.353515625 8.73212459828649 6 -1 1 
1 870 7.4 18 0.627821180555556 0.552734375 23.5379374573867 5 1 -1 
0 870 6.6 17 0.409333881578947 0.171875 0 6 -1 1 
1 880 7.4 18 0.60703125 0.57421875 23.8931313444259 5 0 0 
0 880 6.6 18 0.384114583333333 0.2578125 0 5 0 0 
1 890 7.4 18 0.5419921875 0.471875 30.9395704367826 5 0 0 
0 890 6.6 18 0.38046875 0.267578125 26.5047165613971 5 0 0 
1 900 7.4 19 0.65234375 0.50546875 27.2936863470255 5 1 0 
0 900 6.6 18 0.362239583333333 0.3330078125 29.5377595893286 5 -1 0 
1 910 7.4 19 0.599365234375 0.5375 9.4664531309591 4 1 -1 
0 910 6.6 18 0.370793269230769 0.318359375 17.3406959825255 5 -1 1 
1 920 7.4 19 0.6037109375 0.5578125 7.76976523785596 4 1 0 
0 920 6.6 18 0.370659722222222 0.353515625 19.4764003858755 4 -1 0 
1 930 7.4 19 0.6154296875 0.50859375 30.8794125699468 4 0 0 
0 930 6.6 19 0.404947916666667 0.33984375 9.21954445729289 4 0 0 
1 940 7.4 20 0.611886160714286 0.513671875 36.8939714048469 4 1 0 
0 940 6.6 19 0.452799479166667 0.361328125 3.53553390593274 4 -1 0 
1 950 7.4 20 0.61083984375 0.4931640625 38.8105163331645 4 1 1 
0 950 6.6 19 0.481336805555556 0.373046875 3.80788655293195 3 -1 -1 
1 960 7.4 20 0.534114583333333 0.419921875 39.3115055546527 4 1 1 
0 960 6.6 19 0.394791666666667 0.3375 27.8555997481034 3 -1 -1 
1 970 7.4 20 0.564208984375 0.5380859375 11.9780132713711 3 1 0 
0 970 6.6 19 0.369419642857143 0.380859375 32.6893774475864 3 -1 0 
1 980 7.4 20 0.573190789473684 0.494140625 3.64096254647324 3 0 0 
0 980 6.6 20 0.371527777777778 0.380859375 17.3277234511635 3 0 0 
1 990 7.4 20 0.632486979166667 0.4931640625 7.46872921468085 3 0 0 
0 990 6.6 20 0.361886160714286 0.41796875 19.4491134484417 3 0 0 
1 1000 7.4 20 0.630301339285714 0.537109375 7.9967070171356 3 0 0 
0 1000 6.6 20 0.44921875 0.337890625 4.27200187265877 3 0 0 
1 1010 7.4 20 0.6310546875 0.5791015625 14.6844544160272 3 0 0 
0 1010 6.6 20 0.416766826923077 0.35546875 0 3 0 0 
1 1020 7.4 21 0.583729619565217 0.6328125 4.44627163402907 3 1 0 
0 1020 6.6 20 0.410993303571429 0.1640625 0 3 -1 0 
1 1030 7.4 21 0.630729166666667 0.4703125 35.1662045176368 3 1 0 
0 1030 6.6 20 0.552201704545455 0.2578125 16.7630546142402 3 -1 0 
1 1040 7.4 21 0.6455078125 0.41796875 27.1302552599591 3 1 0 
0 1040 6.6 20 0.51015625 0.29296875 25.0049995001 3 -1 0 
1 1050 7.4 21 0.56796875 0.494140625 35.5469473652207 3 1 0 
0 1050 6.6 20 0.368489583333333 0.424479166666667 31.9464457546071 3 -1 0 
1 1060 7.4 21 0.583984375 0.455729166666667 15.4936302665057 3 1 0 
0 1060 6.6 20 0.357638888888889 0.4658203125 20.8479646569509 3 -1 0 
1 1070 7.4 21 0.581814236111111 0.419270833333333 17.0194391026482 3 1 0 
0 1070 6.6 20 0.359375 0.498697916666667 24.1498836704427 3 -1 0 
1 1080 7.4 21 0.531684027777778 0.4912109375 28.6135810878118 3 1 0 
0 1080 6.6 20 0.409555288461538 0.365234375 49.6613531833356 3 -1 0 
1 1090 7.4 21 0.599051339285714 0.522135416666667 32.2945297152778 2 0 -1 
0 1090 6.6 21 0.532924107142857 0.357421875 28.9522217003726 3 0 1 
1 1100 7.4 21 0.599051339285714 0.51953125 32.2707284737271 2 0 -1 
0 1100 6.6 21 0.455915178571429 0.4228515625 29.5906278035694 3 0 1 
1 1110 7.4 21 0.572395833333333 0.46875 43.6577599058861 2 0 -1 
0 1110 6.6 21 0.3697265625 0.544270833333333 8.38136962850464 3 0 1 
1 1120 7.4 21 0.572443181818182 0.34765625 52.1012501928923 2 0 -1 
0 1120 6.6 21 0.4990234375 0.5341796875 31.2694493214743 3 0 1 
1 1130 7.4 21 0.579927884615385 0.291015625 24.0520269416114 2 0 -1 
0 1130 6.6 21 0.434053308823529 0.5029296875 45.1309122985154 3 0 1 
1 1140 7.4 21 0.489182692307692 0.37890625 31.5 2 0 -1 
0 1140 6.6 21 0.363813920454545 0.5712890625 21.9265483588382 3 0 1 
1 1150 7.4 21 0.539522058823529 0.41796875 0 2 0 -1 
0 1150 6.6 21 0.386935763888889 0.5703125 23.2323064009627 3 0 1 
1 1160 7.4 21 0.533203125 0.2734375 33.9558536926993 2 0 -1 
0 1160 6.6 21 0.438541666666667 0.546875 27.5618848081031 3 0 1 
1 1170 7.4 21 0.598307291666667 0.282552083333333 25.8458513788885 2 0 -1 
0 1170 6.6 21 0.411892361111111 0.541666666666667 21.3116124845458 3 0 1 
1 1180 7.4 22 0.591064453125 0.319010416666667 23.5854154405934 2 0 -1 
0 1180 6.6 22 0.478949652777778 0.583333333333333 3.17809209421746 3 0 1 
1 1190 7.4 22 0.55859375 0.372395833333333 4.82756160724703 2 0 -1 
0 1190 6.6 22 0.411684782608696 0.57421875 5.22015325445528 3 0 1 
1 1200 7.4 22 0.561197916666667 0.3681640625 26.8825997221432 2 0 -1 
0 1200 6.6 22 0.419921875 0.541015625 9.01387818865997 3 0 1 
1 1210 7.4 22 0.575407608695652 0.40859375 27.6455413358412 2 0 -1 
0 1210 6.6 22 0.413818359375 0.41015625 30.6589920655404 3 0 1 
1 1220 7.4 22 0.577311197916667 0.44765625 20.5885585011153 2 0 -1 
0 1220 6.6 22 0.396918402777778 0.4267578125 32.7564130163475 3 0 1 
1 1230 7.4 22 0.520089285714286 0.49375 14.008985539616 2 0 -1 
0 1230 6.6 22 0.428013392857143 0.440104166666667 40.5319248296645 3 0 1 
1 1240 7.4 22 0.54375 0.55234375 6.74831668148318 1 0 -2 
0 1240 6.6 22 0.456129807692308 0.3984375 32.8876127618292 3 0 2 
1 1250 7.4 22 0.54375 0.57734375 7.0878092180659 1 0 -2 
0 1250 6.6 22 0.412890625 0.37890625 33.0661257345347 3 0 2 
1 1260 7.4 22 0.438151041666667 0.5515625 18.1932028308715 1 0 -1 
0 1260 6.6 22 0.4140625 0.317708333333333 47.5996864234108 2 0 1 
1 1270 7.4 22 0.5869140625 0.5390625 13.6134635766242 1 0 -1 
0 1270 6.6 22 0.544189453125 0.364583333333333 48.9899610792288 2 0 1 
1 1280 7.4 22 0.580729166666667 0.5375 6.69248703060996 1 0 -1 
0 1280 6.6 22 0.544189453125 0.4697265625 44.0787863572734 2 0 1 
1 1290 7.4 23 0.441145833333333 0.5400390625 16.2372936768321 1 1 -1 
0 1290 6.6 22 0.541548295454545 0.37109375 0 2 -1 1 
1 1300 7.4 23 0.399553571428571 0.53125 16.9152637568447 1 1 -1 
0 1300 6.6 22 NaN 0.46875 0 2 -1 1 
