1 30 7.6 1 NaN 0.192540322580645 4.64118914688288 3 0 0 
0 30 7 1 NaN 0.294354838709677 22.8974729360885 3 0 0 
1 40 7.6 1 NaN 0.178225806451613 16.3838870897041 3 0 0 
0 40 7 1 NaN 0.320967741935484 36.4652929658425 3 0 0 
1 50 7.6 1 0.370967741935484 0.274193548387097 13.9307207332506 3 0 0 
0 50 7 1 0.370967741935484 0.434677419354839 36.2213905850686 3 0 0 
1 60 7.6 1 0.368279569892473 0.354032258064516 27.3609553361207 3 0 0 
0 60 7 1 0.368279569892473 0.492741935483871 30.2737672148773 3 0 0 
1 70 7.6 1 0.374596774193548 0.438508064516129 30.09138454285 3 0 0 
0 70 7 1 0.374395161290323 0.500806451612903 34.7245262568559 3 0 0 
1 80 7.6 1 0.477639296187683 0.379838709677419 39.6773004285113 3 0 0 
0 80 7 1 0.47194950911641 0.512096774193548 32.5969901804634 3 0 0 
1 90 7.6 1 0.401001112347052 0.47741935483871 33.9680666193596 3 0 0 
0 90 7 1 0.410215053763441 0.491129032258064 32.1873485547625 3 0 0 
1 100 7.6 1 0.405552109181141 0.434677419354839 33.7496336696385 3 -1 0 
0 100 7 2 0.408548387096774 0.479838709677419 33.7705156657713 3 1 0 
1 110 7.6 2 0.453892005610098 0.433870967741935 33.3853215498315 3 0 0 
0 110 7 2 0.493688639551192 0.49758064516129 33.9380707438185 3 0 0 
1 120 7.6 2 0.408064516129032 0.449596774193548 37.8910367335441 3 0 0 
0 120 7 2 0.394354838709677 0.524193548387097 34.904600389143 3 0 0 
1 130 7.6 2 0.42467008797654 0.455645161290323 35.894719270206 3 -1 0 
0 130 7 3 0.376344086021505 0.496774193548387 34.1030735132071 3 1 0 
1 140 7.6 2 0.501753155680224 0.37258064516129 41.4249639125978 3 -1 0 
0 140 7 3 0.450436827956989 0.506451612903226 28.015455850694 3 1 0 
1 150 7.6 3 0.424975562072336 0.464516129032258 39.5001118249169 3 0 0 
0 150 7 3 0.392834987593052 0.475 21.3147164682861 3 0 0 
1 160 7.6 3 0.374807987711214 0.475 28.7209854871083 3 0 0 
0 160 7 3 0.414621318373072 0.483064516129032 12.7250691089611 3 0 0 
1 170 7.6 3 0.482142857142857 0.437903225806452 16.9011212728462 3 0 0 
0 170 7 3 0.480174731182796 0.55241935483871 5.64528132637525 3 0 0 
1 180 7.6 3 0.413594470046083 0.444354838709677 14.5100705376096 3 -1 0 
0 180 7 4 0.387936827956989 0.515322580645161 5.97843133785864 3 1 0 
1 190 7.6 3 0.404665898617512 0.475806451612903 11.9841597585269 3 -1 0 
0 190 7 4 0.410764375876578 0.469354838709677 6.30298034955446 3 1 0 
1 200 7.6 3 0.481518817204301 0.491935483870968 2.75192734706358 3 -1 0 
0 200 7 4 0.471935483870968 0.309677419354839 46.3174449475132 3 1 0 
1 210 7.6 4 0.434872922776149 0.491129032258064 5.26995270728763 3 0 0 
0 210 7 4 0.401433691756272 0.367741935483871 35.9645002885228 3 0 0 
1 220 7.6 4 0.394838709677419 0.490322580645161 3.66583237378893 3 0 0 
0 220 7 4 0.396697388632873 0.423387096774194 20.6331728033306 3 0 0 
1 230 7.6 4 0.490285923753666 0.470967741935484 3.49561878313417 3 0 0 
0 230 7 4 0.467917251051893 0.477150537634409 11.4290299341241 3 0 0 
1 240 7.6 4 0.428720083246618 0.45241935483871 6.58801869995409 3 0 0 
0 240 7 4 0.386760752688172 0.508064516129032 4.65357510059346 3 0 0 
1 250 7.6 5 0.407258064516129 0.465322580645161 11.2465382478269 3 1 0 
0 250 7 4 0.392045454545455 0.264516129032258 33.8948884878806 3 -1 0 
1 260 7.6 5 0.486559139784946 0.57258064516129 5.60573917928889 3 0 0 
0 260 7 5 0.470825426944972 0.314516129032258 16.3374401630942 3 0 0 
1 270 7.6 6 0.464076246334311 0.623387096774194 4.50812102326291 3 1 0 
0 270 7 5 0.373235887096774 0.352822580645161 5.09561466145487 3 -1 0 
1 280 7.6 6 0.483544027898867 0.62741935483871 3.51006927918634 3 1 0 
0 280 7 5 0.363978494623656 0.335685483870968 3.68757924083222 3 -1 0 
1 290 7.6 6 0.550765095119934 0.669354838709677 4.597887812196 3 1 0 
0 290 7 5 0.438895781637717 0.237903225806452 20.2325515613398 3 -1 0 
1 300 7.6 6 0.486648745519713 0.648387096774194 8.57206116888925 3 1 0 
0 300 7 5 0.339477726574501 0.240322580645161 20.029891791849 3 -1 0 
1 310 7.6 6 0.466589861751152 0.496774193548387 13.8740505305815 3 0 0 
0 310 7 6 0.358266129032258 0.365322580645161 26.7290266756815 3 0 0 
1 320 7.6 6 0.479614695340502 0.399193548387097 36.7302701330227 3 0 0 
0 320 7 6 0.416090629800307 0.436290322580645 27.4303218148747 3 0 0 
1 330 7.6 6 0.410138248847926 0.407258064516129 24.0415432183982 3 0 0 
0 330 7 6 0.408648498331479 0.454838709677419 29.3469450289848 3 0 0 
1 340 7.6 7 0.391129032258065 0.420161290322581 12.050225295184 3 0 0 
0 340 7 7 0.409354838709677 0.482258064516129 30.7573142097209 3 0 0 
1 350 7.6 7 0.452461799660441 0.439516129032258 5.47134041469222 3 0 0 
0 350 7 7 0.463709677419355 0.507258064516129 20.5868597390062 3 0 0 
1 360 7.6 7 0.368279569892473 0.504838709677419 4.46679052304416 3 0 0 
0 360 7 7 0.433064516129032 0.433064516129032 10.0986631466626 3 0 0 
1 370 7.6 7 0.419162826420891 0.519354838709677 3.60294685068914 3 0 0 
0 370 7 7 0.396889400921659 0.433064516129032 6.79903887073287 3 0 0 
1 380 7.6 7 0.470238095238095 0.512096774193548 4.71488756686701 3 0 0 
0 380 7 7 0.466191066997519 0.449193548387097 5.19680733135875 3 0 0 
1 390 7.6 7 0.399731182795699 0.515322580645161 6.40309473737176 3 0 0 
0 390 7 7 0.393387096774194 0.446774193548387 11.0461945544921 3 0 0 
1 400 7.6 7 0.390579178885631 0.458870967741936 16.6751612942824 3 0 0 
0 400 7 7 0.368279569892473 0.385483870967742 31.5404420993809 3 0 0 
1 410 7.6 8 0.489055299539171 0.508870967741936 10.4998702476435 3 1 0 
0 410 7 7 0.483870967741936 0.40625 26.1889044944092 3 -1 0 
1 420 7.6 8 0.425640417457306 0.518548387096774 6.59610276044262 3 0 0 
0 420 7 8 0.378155680224404 0.424395161290323 6.33107393339775 3 0 0 
1 430 7.6 8 0.418202764976959 0.50241935483871 6.87000886205049 3 0 0 
0 430 7 8 0.372800586510264 0.351612903225806 34.6410148380472 3 0 0 
1 440 7.6 8 0.4889486260454 0.492741935483871 5.71634588149357 3 0 0 
0 440 7 8 0.473118279569892 0.391129032258065 31.9218814409363 3 0 0 
1 450 7.6 8 0.434408602150538 0.492741935483871 4.44426641679257 3 0 0 
0 450 7 8 0.393145161290323 0.464516129032258 16.1551406347189 3 0 0 
1 460 7.6 8 0.437768817204301 0.481854838709677 4.52769256906871 3 -1 0 
0 460 7 9 0.380184331797235 0.493548387096774 6.84639603722203 3 1 0 
1 470 7.6 8 0.494959677419355 NaN NaN 3 -1 0 
0 470 7 9 0.43390603085554 0.475 8.50784849354473 3 1 0 
1 480 7.6 8 0.467641129032258 0.123655913978495 3.90752025246369 3 -1 0 
0 480 7 9 0.438049853372434 0.493548387096774 2.18409301068171 3 1 0 
1 490 7.6 8 0.466642228739003 0.14758064516129 7.00036640767524 3 -1 0 
0 490 7 9 0.430265654648956 0.492741935483871 13.5857625354566 3 1 0 
1 500 7.6 8 0.565284178187404 0.283064516129032 14.3639932850358 3 -1 0 
0 500 7 9 0.461491935483871 0.383064516129032 36.7979468597034 3 1 0 
1 510 7.6 8 0.480228928199792 0.401612903225806 5.63064355466497 3 -2 0 
0 510 7 10 0.440483870967742 0.479838709677419 35.7391141197501 3 2 0 
1 520 7.6 8 0.403042521994135 0.397177419354839 6.19612421041672 3 -2 0 
0 520 7 10 0.425691244239631 0.520161290322581 36.914870111744 3 2 0 
1 530 7.6 9 0.44758064516129 0.396505376344086 0.863092103959154 3 -2 0 
0 530 7 11 0.458501344086022 0.469758064516129 28.1113855937412 3 2 0 
1 540 7.6 10 0.405707196029777 0.399193548387097 2.07847571172066 3 -1 0 
0 540 7 11 0.423118279569893 0.429435483870968 38.8104367406501 3 1 0 
1 550 7.6 10 0.400873655913978 0.373991935483871 21.0201683021524 3 -1 0 
0 550 7 11 0.422741935483871 0.323924731182796 46.2404027865326 3 1 0 
1 560 7.6 10 0.460181451612903 0.391935483870968 31.9939503565853 3 -1 0 
0 560 7 11 0.48808651026393 0.270161290322581 41.7049755546093 3 1 0 
1 570 7.6 10 0.40668202764977 0.445161290322581 18.1489426818614 3 -1 0 
0 570 7 11 0.424078341013825 0.391935483870968 33.4806642942451 3 1 0 
1 580 7.6 10 0.401392961876833 0.55 12.5236578261562 3 -1 0 
0 580 7 11 0.420967741935484 0.475806451612903 29.9263414176021 3 1 0 
1 590 7.6 11 0.464969758064516 0.505645161290323 7.0252750754436 3 -1 0 
0 590 7 12 0.485483870967742 0.504032258064516 20.1005532776086 3 1 0 
1 600 7.6 11 0.422955069124424 0.475806451612903 14.4557857534981 3 -1 0 
0 600 7 12 0.486088709677419 0.445161290322581 36.1405559910727 3 1 0 
1 610 7.6 11 0.40758064516129 0.474193548387097 17.4643136068809 3 -1 0 
0 610 7 12 0.403409090909091 0.458064516129032 34.0171265049737 3 1 0 
1 620 7.6 11 0.509216589861751 0.45241935483871 9.32326476756876 3 -1 0 
0 620 7 12 0.411053130929791 0.516935483870968 21.448425029611 3 1 0 
1 630 7.6 11 0.438567362428842 0.50241935483871 6.04332311498793 3 -1 0 
0 630 7 12 0.432459677419355 0.462903225806452 19.7099148113285 3 1 0 
1 640 7.6 11 0.397513440860215 0.588709677419355 9.771535564174 3 -1 0 
0 640 7 12 0.406586021505376 0.374193548387097 29.1823090522654 3 1 0 
1 650 7.6 11 0.499615975422427 0.636290322580645 18.5374790796424 3 -1 0 
0 650 7 12 0.429590570719603 0.359677419354839 33.2024058281182 3 1 0 
1 660 7.6 12 0.457787298387097 0.638709677419355 21.2179848607434 3 0 0 
0 660 7 12 0.376466275659824 0.391129032258065 36.5842445361098 3 0 0 
1 670 7.6 12 0.434139784946237 0.65 27.2098706048481 3 0 0 
0 670 7 12 0.346102150537634 0.299731182795699 36.4102212970335 3 0 0 
1 680 7.6 12 0.486708482676225 0.565322580645161 19.238443638271 3 0 0 
0 680 7 12 0.437316715542522 0.272849462365591 38.2072664988094 3 0 0 
1 690 7.6 12 0.469086021505376 0.516129032258065 9.55409425608044 3 -1 0 
0 690 7 13 0.357190860215054 0.276209677419355 28.5733410897705 3 1 0 
1 700 7.6 12 0.476783968719453 0.538709677419355 11.7176185542905 3 -1 0 
0 700 7 13 0.366625310173697 0.266935483870968 31.7659626753333 3 1 0 
1 710 7.6 12 0.549880525686977 0.515322580645161 3.54154874107988 3 -1 0 
0 710 7 13 0.452956989247312 0.390322580645161 13.0966206033729 3 1 0 
1 720 7.6 13 0.498079877112135 0.504032258064516 2.97632171029896 3 0 0 
0 720 7 13 0.334494134897361 0.451612903225806 8.72704591604154 3 0 0 
1 730 7.6 13 0.440860215053763 0.504032258064516 5.63724484889805 3 0 0 
0 730 7 13 0.379032258064516 0.459677419354839 3.05643358240214 3 0 0 
1 740 7.6 13 0.56983137829912 0.50241935483871 5.01012189560335 3 0 0 
0 740 7 13 0.438620071684588 0.443548387096774 6.28077640640442 3 0 0 
1 750 7.6 13 0.47038810483871 0.495967741935484 5.24104539892031 3 0 0 
0 750 7 13 0.334173387096774 0.390322580645161 8.86833774876952 3 0 0 
1 760 7.6 13 0.392338709677419 0.516129032258065 14.1293235246571 3 0 0 
0 760 7 13 0.35 0.375806451612903 9.59336350656604 3 0 0 
1 770 7.6 14 0.551367461430575 0.612096774193548 3.80625333164168 3 1 0 
0 770 7 13 0.372887864823349 0.334677419354839 5.765141225809 3 -1 0 
1 780 7.6 14 0.469982078853047 0.641935483870968 3.71626489509046 3 1 0 
0 780 7 13 0.364193548387097 0.314516129032258 4.6578000407522 3 -1 0 
1 790 7.6 14 0.414426523297491 0.671774193548387 5.37268879848319 3 1 0 
0 790 7 13 0.377382697947214 0.276881720430108 5.0925618003181 3 -1 0 
1 800 7.6 14 0.515180265654649 0.649193548387097 4.66209122172944 3 1 0 
0 800 7 13 0.403057795698925 0.205645161290323 20.2881412355841 3 -1 0 
1 810 7.6 14 0.460028050490884 0.665322580645161 4.90122643270122 3 1 0 
0 810 7 13 0.405299539170507 0.243548387096774 7.89095782610601 3 -1 0 
1 820 7.6 15 0.405846774193548 0.686290322580645 5.31727013374035 3 1 0 
0 820 7 14 0.441676267281106 0.256451612903226 6.44839743852664 3 -1 0 
1 830 7.6 15 0.427016129032258 0.618951612903226 0.707106781186548 3 1 0 
0 830 7 14 0.487711213517665 0.330645161290323 5.83106071773535 3 -1 0 
1 840 7.6 15 0.378083491461101 NaN NaN 3 0 0 
0 840 7 15 0.466054013503376 0.422379032258065 2.39095532402181 3 0 0 
1 850 7.6 15 0.368279569892473 NaN NaN 3 0 0 
0 850 7 15 0.421857619577308 0.440524193548387 14.1307808334518 3 0 0 
1 860 7.6 15 0.435009487666034 NaN NaN 3 0 0 
0 860 7 15 0.529089861751152 0.424395161290323 33.2045712819223 3 0 0 
1 870 7.6 15 0.398655913978495 0.116935483870968 6.40312423743285 3 0 0 
0 870 7 15 0.456221198156682 0.42741935483871 40.2944588184756 3 0 0 
1 880 7.6 15 0.374231950844854 0.161290322580645 8.78523865532832 3 -1 0 
0 880 7 16 0.378330995792426 0.373387096774194 36.2783964062928 3 1 0 
1 890 7.6 15 0.419162826420891 0.323387096774194 17.7870540837808 3 -1 0 
0 890 7 16 0.43523185483871 0.435483870967742 8.24568233892981 3 1 0 
1 900 7.6 15 0.383736559139785 0.450806451612903 5.76085055547223 3 -1 0 
0 900 7 16 0.476417399804497 0.462701612903226 12.0982396845903 3 1 0 
1 910 7.6 15 0.367359932088285 0.474798387096774 7.77973946652579 3 -1 0 
0 910 7 16 0.451457816377171 0.481854838709677 5.24901973637048 3 1 0 
1 920 7.6 15 0.40344982078853 0.517137096774194 4.3566448623117 3 -1 0 
0 920 7 16 0.510694249649369 0.440524193548387 3.34687361570043 3 1 0 
1 930 7.6 15 0.349706744868035 0.488911290322581 5.51342846457464 3 -1 0 
0 930 7 16 0.486463133640553 0.490927419354839 3.83076020266304 3 1 0 
1 940 7.6 16 0.383820564516129 0.505040322580645 3.30661414768236 3 0 0 
0 940 7 16 0.497528616024974 0.454637096774194 7.52657219676401 3 0 0 
1 950 7.6 16 0.436059907834101 0.42258064516129 31.8297421413543 3 0 0 
0 950 7 16 0.575551782682513 0.373387096774194 30.3321824028747 3 0 0 
1 960 7.6 16 0.391273041474654 0.431451612903226 29.4465998242632 3 0 0 
0 960 7 16 0.482329222011385 0.414516129032258 25.2259961510215 3 0 0 
1 970 7.6 16 0.41505376344086 0.487096774193548 14.9713890328799 3 0 0 
0 970 7 16 0.539281997918835 0.317540322580645 17.8405390099942 3 0 0 
1 980 7.6 16 0.540012406947891 0.445967741935484 3.03308970442943 3 -1 0 
0 980 7 17 0.65818858560794 0.324596774193548 23.6590614092872 3 1 0 
1 990 7.6 16 0.468052109181141 0.419354838709677 19.2572214803537 3 -1 0 
0 990 7 17 0.494175627240143 0.254032258064516 14.583754862453 3 1 0 
1 1000 7.6 17 0.483678955453149 0.336290322580645 23.8366943509889 3 0 0 
0 1000 7 17 0.492127496159754 0.226814516129032 1.96453789018819 3 0 0 
1 1010 7.6 17 0.504368279569893 0.300806451612903 12.050688495083 3 0 0 
0 1010 7 17 0.531546489563567 0.229032258064516 20.6368856470517 3 0 0 
1 1020 7.6 17 0.409032258064516 0.370967741935484 22.6361948973929 3 0 0 
0 1020 7 17 0.461693548387097 0.384677419354839 26.0618633868644 3 0 0 
1 1030 7.6 17 0.392789373814042 0.381451612903226 16.7144397987177 3 0 0 
0 1030 7 17 0.41164095371669 0.456451612903226 28.7629539381366 3 0 0 
1 1040 7.6 17 0.464861751152074 0.412096774193548 12.3489208659695 3 0 0 
0 1040 7 17 0.458281637717122 0.490322580645161 22.0037459924056 3 0 0 
1 1050 7.6 17 0.442951015531661 0.476814516129032 9.64747270735791 3 -1 0 
0 1050 7 18 0.384642356241234 0.530241935483871 9.17042918567129 3 1 0 
1 1060 7.6 18 0.425477897252091 0.488911290322581 2.45487511782144 3 0 0 
0 1060 7 18 0.394611436950147 0.538306451612903 10.1242283656583 3 0 0 
1 1070 7.6 18 0.46265778401122 0.52116935483871 3.05805231179816 3 0 0 
0 1070 7 18 0.445458404074703 0.495967741935484 17 3 0 0 
1 1080 7.6 18 0.452620967741936 0.48991935483871 12.0651536877167 3 0 0 
0 1080 7 18 0.453262463343108 0.431451612903226 7.82623792124926 3 0 0 
1 1090 7.6 18 0.407258064516129 0.508064516129032 11.6877738784293 3 0 0 
0 1090 7 18 0.378482404692082 0.391129032258065 4.7169905660283 3 0 0 
1 1100 7.6 19 0.522379032258065 0.475806451612903 40.0891037685436 3 1 0 
0 1100 7 18 0.366359447004608 0.316532258064516 17.1026313764871 3 -1 0 
1 1110 7.6 19 0.441666666666667 0.496774193548387 28.2075484161924 3 1 0 
0 1110 7 18 0.398492286115007 0.219758064516129 29.2190145018431 3 -1 0 
1 1120 7.6 19 0.423737727910238 0.533870967741936 25.7863791631549 3 1 0 
0 1120 7 18 0.392281105990783 0.279838709677419 36.2223277799411 3 -1 0 
1 1130 7.6 19 0.461774193548387 0.503225806451613 20.407250947627 3 1 0 
0 1130 7 18 0.451375711574953 0.37258064516129 27.4312796957762 3 -1 0 
1 1140 7.6 19 0.405862282878412 0.495161290322581 8.47041759396659 3 1 0 
0 1140 7 18 0.438306451612903 0.406451612903226 28.8417206803138 3 -1 0 
1 1150 7.6 19 0.429099462365591 0.556451612903226 7.95596957187383 3 1 0 
0 1150 7 18 0.40462158808933 0.410282258064516 3.52931147677676 3 -1 0 
1 1160 7.6 19 0.486676016830295 0.558870967741935 3.34011749295717 3 1 0 
0 1160 7 18 0.437866568914956 0.408266129032258 6.99239616683143 3 -1 0 
1 1170 7.6 19 0.485887096774194 0.554838709677419 4.44681478489175 3 1 0 
0 1170 7 18 0.425691244239631 0.399193548387097 5.94641325697918 3 -1 0 
1 1180 7.6 19 0.44786866359447 0.561290322580645 4.36795798191295 3 0 0 
0 1180 7 19 0.404435483870968 0.381048387096774 5.74921956658075 3 0 0 
1 1190 7.6 19 0.502284946236559 0.491129032258064 5.18448750042545 3 0 0 
0 1190 7 19 0.462634408602151 0.457661290322581 6.32046642111898 3 0 0 
1 1200 7.6 20 0.462436332767402 0.515120967741936 4.80989040069538 3 1 0 
0 1200 7 19 0.415322580645161 0.475806451612903 4.66989401335221 3 -1 0 
1 1210 7.6 20 0.460142679900744 0.501008064516129 3.77793806265669 3 1 0 
0 1210 7 19 0.399667931688805 0.346774193548387 40.9156857851213 3 -1 0 
1 1220 7.6 20 0.539026497695853 0.51008064516129 5.06813127012146 3 1 0 
0 1220 7 19 0.45409429280397 0.244623655913978 31.0602959927803 3 -1 0 
1 1230 7.6 20 0.476896251089799 0.505040322580645 7.58624183037451 3 1 0 
0 1230 7 19 0.419959677419355 0.28494623655914 17.6328319560044 3 -1 0 
1 1240 7.6 20 0.436724565756824 0.574596774193548 10.035520372385 3 1 0 
0 1240 7 19 0.428763440860215 0.334677419354839 19.6297694014398 3 -1 0 
1 1250 7.6 20 0.530329593267882 0.655241935483871 4.18773665094885 3 1 0 
0 1250 7 19 0.445852534562212 0.310483870967742 4 3 -1 0 
1 1260 7.6 20 0.48054435483871 0.613709677419355 44.1037844030463 3 1 0 
0 1260 7 19 0.396584440227704 0.19489247311828 15.3096971246292 3 -1 0 
1 1270 7.6 21 0.474798387096774 0.67258064516129 37.6453043315952 3 2 0 
0 1270 7 19 0.376075268817204 0.176411290322581 7.94015030299328 3 -2 0 
1 1280 7.6 21 0.568548387096774 0.703225806451613 16.7181350287279 3 1 0 
0 1280 7 20 0.454205069124424 0.234879032258065 6.90179968723909 3 -1 0 
1 1290 7.6 21 0.484851787271142 0.720967741935484 3.28829724955737 3 1 0 
0 1290 7 20 0.355040322580645 0.227822580645161 3.53553390593274 3 -1 0 
1 1300 7.6 21 0.487679211469534 0.729032258064516 2.87739509482793 3 1 0 
0 1300 7 20 0.364695340501792 0.233870967741935 0 3 -1 0 
1 1310 7.6 21 0.610822060353798 0.750806451612903 4.62804474357754 3 1 0 
0 1310 7 20 0.410815939278937 0.133064516129032 2.06155281280883 3 -1 0 
1 1320 7.6 21 0.513929618768328 0.753225806451613 12.2041802920017 3 1 0 
0 1320 7 20 0.361559139784946 0.201612903225806 5.3851648071345 3 -1 0 
1 1330 7.6 21 0.534225019669552 0.741935483870968 9.99157759241556 3 1 1 
0 1330 7 20 0.450268817204301 0.185483870967742 3.60555127546399 2 -1 -1 
1 1340 7.6 21 0.647177419354839 0.558064516129032 45.5574890325171 3 1 1 
0 1340 7 20 0.507200460829493 0.237903225806452 0.5 2 -1 -1 
1 1350 7.6 21 0.54455153422502 0.556451612903226 34.6945379200709 3 1 1 
0 1350 7 20 0.401461693548387 0.23991935483871 4.30116263352131 2 -1 -1 
1 1360 7.6 21 0.511029411764706 0.533064516129032 23.8558469223376 3 1 1 
0 1360 7 20 0.325682382133995 0.201612903225806 27.3912557624026 2 -1 -1 
1 1370 7.6 21 0.581401209677419 0.537903225806452 24.0690263536123 3 1 1 
0 1370 7 20 0.361803519061584 0.241129032258065 24.2525323068654 2 -1 -1 
1 1380 7.6 22 0.47125723738627 0.437903225806452 18.6225535656358 3 2 1 
0 1380 7 20 0.391129032258065 0.333870967741935 15.6003922477969 2 -2 -1 
1 1390 7.6 22 0.448178016726404 0.40241935483871 15.0394562331403 3 2 1 
0 1390 7 20 0.383316532258065 0.415322580645161 9.72033272389437 2 -2 -1 
1 1400 7.6 22 0.592933947772657 0.458064516129032 5.16643914415431 3 2 1 
0 1400 7 20 0.384139784946237 0.504032258064516 5.5691775253163 2 -2 -1 
1 1410 7.6 22 0.519036009002251 0.510483870967742 8.39261315011071 3 2 1 
0 1410 7 20 0.33010752688172 0.465725806451613 0.707106781186548 2 -2 -1 
1 1420 7.6 22 0.518695014662757 0.563709677419355 2.04549238984076 3 2 1 
0 1420 7 20 0.364055299539171 0.395161290322581 0 2 -2 -1 
1 1430 7.6 22 0.619930875576037 0.491935483870968 6.2361600413671 3 2 1 
0 1430 7 20 0.367383512544803 0.334677419354839 0 2 -2 -1 
1 1440 7.6 22 0.532429649965683 0.501008064516129 5.02899409661278 3 2 1 
0 1440 7 20 0.363575268817204 0.209677419354839 0 2 -2 -1 
1 1450 7.6 22 0.529466501240695 0.496774193548387 10.9847315406287 3 1 1 
0 1450 7 21 0.376512096774194 0.229838709677419 0 2 -1 -1 
1 1460 7.6 22 0.641749379652605 0.495967741935484 12.7318123110809 3 1 1 
0 1460 7 21 0.384677419354839 0.233870967741935 0 2 -1 -1 
1 1470 7.6 22 0.523007590132827 0.584677419354839 3.16180169465297 3 1 1 
0 1470 7 21 0.302643369175627 0.178763440860215 20.1310036552206 2 -1 -1 
1 1480 7.6 22 0.497434017595308 0.675806451612903 11.4174143144113 3 1 1 
0 1480 7 21 0.279121863799283 0.169354838709677 13.9144761403955 2 -1 -1 
1 1490 7.6 22 0.6375 0.741129032258065 13.3433754717349 3 1 1 
0 1490 7 21 0.27486559139785 0.186290322580645 6.89780277530899 2 -1 -1 
1 1500 7.6 23 0.614973844812554 0.789516129032258 6.3796442691875 3 2 1 
0 1500 7 21 0.293778801843318 0.176612903225806 5.39704996602897 2 -2 -1 
1 1510 7.6 23 0.622311827956989 0.817741935483871 5.52212352608495 3 2 2 
0 1510 7 21 0.304939516129032 0.120967741935484 3.11192283627282 1 -2 -2 
1 1520 7.6 23 0.731350806451613 0.837701612903226 4.08706520354612 3 2 2 
0 1520 7 21 0.282661290322581 0.125 1.5 1 -2 -2 
1 1530 7.6 23 0.74758064516129 0.851814516129032 4.83132075085887 3 2 2 
0 1530 7 21 0.250806451612903 0.108870967741935 0 1 -2 -2 
1 1540 7.6 23 NaN NaN NaN 3 2 2 
0 1540 7 21 NaN NaN NaN 1 -2 -2 
