1 30 8.2 1 NaN 0.732862903225806 15.7076464589349 2 0 0 
0 30 6 1 NaN 0.219354838709677 3.24973458155091 2 0 0 
1 40 8.2 1 NaN 0.685483870967742 18.4848759554634 2 0 0 
0 40 6 1 NaN 0.271774193548387 12.1699326146554 2 0 0 
1 50 8.2 1 0.383064516129032 0.663306451612903 25.3638943985175 2 0 0 
0 50 6 1 0.387096774193548 0.320161290322581 19.2008132418711 2 0 0 
1 60 8.2 1 0.383064516129032 0.528225806451613 28.3202085571959 2 0 0 
0 60 6 1 0.383064516129032 0.469354838709677 27.1030179326174 2 0 0 
1 70 8.2 1 0.394230769230769 0.518145161290323 41.5392965068374 2 0 0 
0 70 6 1 0.405086848635236 0.474193548387097 25.2065759488943 2 0 0 
1 80 8.2 1 0.470967741935484 0.519153225806452 41.336905693879 2 0 0 
0 80 6 1 0.48508064516129 0.469354838709677 25.7417282778377 2 0 0 
1 90 8.2 1 0.3984375 0.579838709677419 47.8930822990376 2 0 0 
0 90 6 1 0.401965725806452 0.483064516129032 26.8293313639217 2 0 0 
1 100 8.2 1 0.403897849462366 0.55 40.9667238178752 2 0 0 
0 100 6 1 0.382133995037221 0.5 27.5773218708712 2 0 0 
1 110 8.2 2 0.455645161290323 0.504838709677419 38.5784684541495 2 0 0 
0 110 6 2 0.493548387096774 0.476612903225806 28.7398688788712 2 0 0 
1 120 8.2 2 0.441532258064516 0.500806451612903 40.9593418522843 2 0 0 
0 120 6 2 0.383064516129032 0.404838709677419 34.7183422380882 2 0 0 
1 130 8.2 2 0.453341013824885 0.493548387096774 40.8758418628189 2 0 0 
0 130 6 2 0.387384792626728 0.403225806451613 45.0412827960827 2 0 0 
1 140 8.2 2 0.488911290322581 0.526209677419355 32.0643704871856 2 0 0 
0 140 6 2 0.458333333333333 0.441129032258065 39.5045386913097 2 0 0 
1 150 8.2 2 0.423599320882852 0.558467741935484 21.7287967396 2 -1 0 
0 150 6 3 0.416218637992832 0.486290322580645 36.8247351297053 2 1 0 
1 160 8.2 3 0.430587557603687 0.543346774193548 4.74755062940451 2 0 0 
0 160 6 3 0.395471464019851 0.482258064516129 18.0175359929732 2 0 0 
1 170 8.2 3 0.476043643263757 0.513709677419355 7.16532625212844 2 0 0 
0 170 6 3 0.478372434017595 0.483064516129032 11.0331488669082 2 0 0 
1 180 8.2 3 0.431451612903226 0.540322580645161 7.40605550292642 2 0 0 
0 180 6 3 0.413306451612903 0.446774193548387 5.61168243105559 2 0 0 
1 190 8.2 3 0.442599620493359 0.568548387096774 5.07338414408063 2 0 0 
0 190 6 3 0.383064516129032 0.467741935483871 10.1252058779879 2 0 0 
1 200 8.2 3 0.491935483870968 0.583870967741935 10.8032565860126 2 0 0 
0 200 6 3 0.459677419354839 0.5 11.2226128273629 2 0 0 
1 210 8.2 3 0.445254342431762 0.529838709677419 18.7323327680881 2 -1 0 
0 210 6 4 0.409274193548387 0.391935483870968 38.054379893245 2 1 0 
1 220 8.2 4 0.501753155680224 0.475806451612903 27.0684837065637 2 0 0 
0 220 6 4 0.408206831119545 0.384677419354839 39.8419328617254 2 0 0 
1 230 8.2 5 0.54814990512334 0.44758064516129 26.0084700162976 2 1 0 
0 230 6 4 0.43721198156682 0.371774193548387 26.1538446351869 2 -1 0 
1 240 8.2 5 0.462609970674487 0.420161290322581 23.4067649998184 2 1 0 
0 240 6 4 0.389616935483871 0.396774193548387 23.4304174825098 2 -1 0 
1 250 8.2 6 0.451138519924099 0.412096774193548 27.1519128390085 2 1 0 
0 250 6 5 0.387096774193548 0.381451612903226 28.6378400450913 2 -1 0 
1 260 8.2 6 0.555178268251273 0.406451612903226 27.9573063952497 2 1 0 
0 260 6 5 0.487903225806452 0.374193548387097 26.0250628793911 2 -1 0 
1 270 8.2 6 0.47054698457223 0.537903225806452 50.0938452284134 2 1 0 
0 270 6 5 0.370967741935484 0.317741935483871 24.9608089300991 2 -1 0 
1 280 8.2 6 0.48010752688172 0.560483870967742 40.6110081064964 2 0 0 
0 280 6 6 0.404905913978495 0.308870967741935 31.7228251477433 2 0 0 
1 290 8.2 6 0.534850230414747 0.563709677419355 30.61802828763 2 0 0 
0 290 6 6 0.424899193548387 0.361290322580645 27.6154633373103 2 0 0 
1 300 8.2 6 0.452895894428152 0.620161290322581 39.7934033903573 2 0 0 
0 300 6 6 0.383064516129032 0.37741935483871 23.2341353700603 2 0 0 
1 310 8.2 6 0.42414314516129 0.568548387096774 46.4229481015691 2 0 0 
0 310 6 6 0.387672811059908 0.426612903225806 36.9075871354406 2 0 0 
1 320 8.2 7 0.499633431085044 0.551612903225806 35.1650833332134 2 1 0 
0 320 6 6 0.479166666666667 0.480645161290323 40.3942821393596 2 -1 0 
1 330 8.2 7 0.439940577249576 0.510483870967742 36.0118163590168 2 1 0 
0 330 6 6 0.374135944700461 0.455645161290323 41.0318652733555 2 -1 0 
1 340 8.2 7 0.431720430107527 0.461290322580645 42.9309571231911 2 1 0 
0 340 6 6 0.395161290322581 0.37741935483871 38.236630553097 2 -1 0 
1 350 8.2 7 0.553283410138249 0.491935483870968 41.1042513764128 2 0 0 
0 350 6 7 0.491935483870968 0.401612903225806 40.5787955183201 2 0 0 
1 360 8.2 7 0.463709677419355 0.510483870967742 18.6289483835829 2 0 0 
0 360 6 7 0.363833746898263 0.391935483870968 39.4982175774089 2 0 0 
1 370 8.2 8 0.439753320683112 0.487903225806452 15.2507529516736 2 1 0 
0 370 6 7 0.412154377880184 0.399193548387097 23.2519980631452 2 -1 0 
1 380 8.2 8 0.519312393887946 0.478225806451613 11.0170445494245 2 1 0 
0 380 6 7 0.434863523573201 0.440524193548387 21.7323165264599 2 -1 0 
1 390 8.2 8 0.414373814041746 0.484677419354839 19.0249730741744 2 1 0 
0 390 6 7 0.378225806451613 0.416129032258065 44.3710807190092 2 -1 0 
1 400 8.2 8 0.457085253456221 0.496774193548387 14.6746204048769 2 1 0 
0 400 6 7 0.39326375711575 0.44758064516129 34.8945417433456 2 -1 0 
1 410 8.2 8 0.513172043010753 0.504838709677419 9.37509484544288 2 1 0 
0 410 6 7 0.434475806451613 0.476814516129032 20.0777840818938 2 -1 0 
1 420 8.2 8 0.43081494057725 0.519354838709677 4.14174238200513 2 0 0 
0 420 6 8 0.410104364326376 0.508064516129032 7.30757831972481 2 0 0 
1 430 8.2 8 0.421947004608295 0.494354838709677 9.98624504227263 2 0 0 
0 430 6 8 0.411895161290323 0.393548387096774 25.5750819090496 2 0 0 
1 440 8.2 9 0.517741935483871 0.498991935483871 12.0506256336054 2 1 0 
0 440 6 8 0.452380952380952 0.395161290322581 26.4439130234828 2 -1 0 
1 450 8.2 9 0.420250896057348 0.487903225806452 10.7317892906852 2 1 0 
0 450 6 8 0.447368421052632 0.455645161290323 2.90361647280229 2 -1 0 
1 460 8.2 9 0.432603686635945 0.549395161290323 20.4827864608229 2 1 0 
0 460 6 8 0.415070564516129 0.423387096774194 10.6786438040243 2 -1 0 
1 470 8.2 9 0.50028801843318 0.57258064516129 26.9272171414602 2 1 0 
0 470 6 8 0.452798861480076 0.348790322580645 30.2917422570516 2 -1 0 
1 480 8.2 10 0.449859747545582 0.507258064516129 34.0660740981409 2 2 0 
0 480 6 8 0.403494623655914 0.357258064516129 15.4797689688474 2 -2 0 
1 490 8.2 10 0.435059422750424 0.429838709677419 25.2787605356171 2 2 0 
0 490 6 8 0.389662756598241 0.37741935483871 11.8777268426604 2 -2 0 
1 500 8.2 10 0.595564516129032 0.385752688172043 22.8017129871201 2 1 0 
0 500 6 9 0.357718894009217 0.373387096774194 5.80220643000502 2 -1 0 
1 510 8.2 11 0.507786429365962 0.328125 14.9584710825842 2 2 0 
0 510 6 9 0.301411290322581 0.321774193548387 6.03496318643113 2 -2 0 
1 520 8.2 11 0.488104838709677 0.315322580645161 19.6930547416927 2 2 0 
0 520 6 9 0.305645161290323 0.281451612903226 3.08434166722475 2 -2 0 
1 530 8.2 11 0.63688455008489 0.292741935483871 17.3600205266476 2 2 0 
0 530 6 9 NaN 0.24758064516129 6.41435447081348 2 -2 0 
1 540 8.2 11 0.501872119815668 0.397177419354839 27.8992841918241 2 2 0 
0 540 6 9 0.318836405529954 0.314516129032258 7.32520875053731 2 -2 0 
1 550 8.2 11 0.499824684431978 0.566532258064516 34.6031307181782 2 1 0 
0 550 6 10 0.414650537634409 0.335483870967742 26.2533522640396 2 -1 0 
1 560 8.2 11 0.544623655913978 0.564516129032258 18.1870632483105 2 1 0 
0 560 6 10 0.411290322580645 0.366935483870968 17.6630578870686 2 -1 0 
1 570 8.2 11 0.472704714640198 0.540322580645161 35.2126341112281 2 1 0 
0 570 6 10 0.396572580645161 0.394354838709677 24.2918113275353 2 -1 0 
1 580 8.2 12 0.442428315412186 0.575806451612903 45.3481910401159 2 2 0 
0 580 6 10 0.424283154121864 0.4 38.8467831121583 2 -2 0 
1 590 8.2 12 0.492943548387097 0.561290322580645 42.7119761448252 2 1 0 
0 590 6 11 0.483618951612903 0.470161290322581 49.0271170068562 2 -1 0 
1 600 8.2 12 0.421146953405018 0.545967741935484 32.3745974927488 2 1 0 
0 600 6 11 0.399193548387097 0.470967741935484 37.5931315305387 2 -1 0 
1 610 8.2 12 0.409408602150538 0.515322580645161 16.0700613103055 2 1 0 
0 610 6 11 0.404905913978495 0.44758064516129 45.4249584749642 2 -1 0 
1 620 8.2 12 0.497311827956989 0.445161290322581 9.0330077786689 2 1 0 
0 620 6 11 0.437316715542522 0.422379032258065 33.6778609203368 2 -1 0 
1 630 8.2 12 0.473548387096774 0.504838709677419 16.2252429452594 2 1 0 
0 630 6 11 0.381451612903226 0.352822580645161 28.6641830015865 2 -1 0 
1 640 8.2 12 0.397043010752688 0.520161290322581 21.5664506765616 2 1 0 
0 640 6 11 0.378024193548387 0.351612903225806 40.5443655557453 2 -1 0 
1 650 8.2 13 0.60241935483871 0.523387096774194 16.8757352816084 2 2 0 
0 650 6 11 0.394153225806452 0.411290322580645 21.1309241438851 2 -2 0 
1 660 8.2 13 0.496639784946237 0.488911290322581 8.44786343295126 2 2 0 
0 660 6 11 0.371975806451613 0.462096774193548 3.96036054886382 2 -2 0 
1 670 8.2 13 0.45946519524618 0.525201612903226 6.66637780391103 2 2 0 
0 670 6 11 0.368951612903226 0.481451612903226 3.34961839124383 2 -2 0 
1 680 8.2 13 0.613213399503722 0.55510752688172 7.2038826180998 2 1 0 
0 680 6 12 0.393649193548387 0.559139784946237 2.63305814981683 2 -1 0 
1 690 8.2 13 0.532397107897664 0.620967741935484 13.0576721185679 2 1 0 
0 690 6 12 0.335125448028674 0.567204301075269 16.7709677091729 2 -1 0 
1 700 8.2 13 0.48125 0.630376344086022 21.5871666084919 2 1 0 
0 700 6 12 0.384530791788856 0.388709677419355 39.2118244400023 2 -1 0 
1 710 8.2 13 0.615927419354839 0.648387096774194 33.5940532771071 2 1 0 
0 710 6 12 0.414589442815249 0.385483870967742 33.1460027844662 2 -1 0 
1 720 8.2 13 0.476478494623656 0.631451612903226 30.2430169865677 2 1 0 
0 720 6 12 0.368279569892473 0.454032258064516 17.3044932671169 2 -1 0 
1 730 8.2 13 0.404032258064516 0.546370967741936 8.41135415983771 2 1 0 
0 730 6 12 0.425403225806452 0.515322580645161 3.03064182975471 2 -1 0 
1 740 8.2 13 0.567617866004963 0.55 8.76512684354319 2 1 0 
0 740 6 12 0.481854838709677 0.466129032258065 7.35503108593632 2 -1 0 
1 750 8.2 14 0.471006144393241 0.545967741935484 11.6385293999707 2 2 0 
0 750 6 12 0.424395161290323 0.458870967741935 10.028965762558 2 -2 0 
1 760 8.2 14 0.44022770398482 0.47741935483871 6.32126138771707 2 2 0 
0 760 6 12 0.391129032258065 0.381451612903226 26.772876782555 2 -2 0 
1 770 8.2 14 0.567288306451613 0.420161290322581 5.01689180582506 2 2 0 
0 770 6 12 0.479435483870968 0.304435483870968 24.8796255744107 2 -2 0 
1 780 8.2 14 0.469959677419355 0.366935483870968 9.4566785142166 2 2 0 
0 780 6 12 0.400057603686636 0.279233870967742 14.0062770767852 2 -2 0 
1 790 8.2 14 0.422883064516129 0.325 12.7787267508977 2 1 0 
0 790 6 13 0.300403225806452 0.243951612903226 20.4119346658152 2 -1 0 
1 800 8.2 14 0.5325682382134 0.291935483870968 15.0722121092195 2 1 0 
0 800 6 13 0.320564516129032 0.246774193548387 14.0579956713248 2 -1 0 
1 810 8.2 15 0.46355459057072 0.433870967741935 43.9547697364712 2 2 0 
0 810 6 13 0.313364055299539 0.260483870967742 7.75346921158265 2 -2 0 
1 820 8.2 15 0.458467741935484 0.54133064516129 41.8586625280131 2 2 0 
0 820 6 13 0.326612903225806 0.282258064516129 5.60954642379782 2 -2 0 
1 830 8.2 15 0.61848635235732 0.558467741935484 30.2566761913089 2 2 0 
0 830 6 13 0.326612903225806 0.345967741935484 17.5794542880576 2 -2 0 
1 840 8.2 15 0.505241935483871 0.537903225806452 43.3494967739085 2 2 0 
0 840 6 13 0.33323732718894 0.362096774193548 11.9679989820489 2 -2 0 
1 850 8.2 15 0.477918586789555 0.569354838709677 25.8565637945503 2 2 0 
0 850 6 13 0.409677419354839 0.360483870967742 19.8111223789442 2 -2 0 
1 860 8.2 15 0.566308243727599 0.583870967741935 27.5696829081138 2 1 0 
0 860 6 14 0.415322580645161 0.394354838709677 29.9112308400589 2 -1 0 
1 870 8.2 15 0.446943972835314 0.514516129032258 12.1102601864624 2 1 0 
0 870 6 14 0.387600806451613 0.434677419354839 34.7305960274491 2 -1 0 
1 880 8.2 15 0.395967741935484 0.398387096774194 11.9226365415667 2 1 0 
0 880 6 14 0.391353046594982 0.407258064516129 34.6757741283145 2 -1 0 
1 890 8.2 16 0.581854838709677 0.308064516129032 4.10359461330772 2 2 0 
0 890 6 14 0.409139784946237 0.346774193548387 37.9317623260813 2 -2 0 
1 900 8.2 16 0.472903225806452 0.314516129032258 13.9096342711728 2 2 0 
0 900 6 14 0.358198924731183 0.299395161290323 37.3998500701154 2 -2 0 
1 910 8.2 16 0.456541218637993 0.304032258064516 7.82512713944716 2 2 1 
0 910 6 14 0.411626344086022 0.268548387096774 21.3324954107608 1 -2 -1 
1 920 8.2 16 0.572328629032258 0.325 9.80621776901957 2 2 1 
0 920 6 14 0.511648745519713 0.256048387096774 7.73933565068388 1 -2 -1 
1 930 8.2 16 0.462701612903226 0.366935483870968 14.2337068188034 2 2 1 
0 930 6 14 0.402777777777778 0.308467741935484 7.29761966511475 1 -2 -1 
1 940 8.2 16 0.404032258064516 0.453125 10.9547184313045 2 1 1 
0 940 6 15 0.391129032258065 0.384072580645161 1.73867211672083 1 -1 -1 
1 950 8.2 16 0.510235732009926 0.473286290322581 13.5002020164362 2 1 1 
0 950 6 15 0.452508960573477 0.452620967741936 4.98629163538084 1 -1 -1 
1 960 8.2 16 0.44758064516129 0.555443548387097 19.0942972421212 2 1 1 
0 960 6 15 0.413508064516129 0.365322580645161 21.0762759967778 1 -1 -1 
1 970 8.2 16 0.389516129032258 0.540322580645161 13.3935733049492 2 1 1 
0 970 6 15 0.429569892473118 0.423387096774194 12.0940498645997 1 -1 -1 
1 980 8.2 16 0.467741935483871 0.593548387096774 28.1784820156608 2 1 1 
0 980 6 15 0.505184331797235 0.475806451612903 6.03799696307879 1 -1 -1 
1 990 8.2 17 0.463440860215054 0.580645161290323 18.4296590533248 2 2 1 
0 990 6 15 0.466501240694789 0.487903225806452 5.9084769642201 1 -2 -1 
1 1000 8.2 17 0.439516129032258 0.543548387096774 8.09412953778593 2 2 1 
0 1000 6 15 0.387432795698925 0.533602150537634 5.93559539754879 1 -2 -1 
1 1010 8.2 17 0.539202508960574 0.495967741935484 3.69939521853426 2 2 1 
0 1010 6 15 0.410483870967742 0.457661290322581 2.06155281280883 1 -2 -1 
1 1020 8.2 17 0.502016129032258 0.480645161290323 18.0435844014881 2 2 1 
0 1020 6 15 0.393975332068311 0.455645161290323 0 1 -2 -1 
1 1030 8.2 17 0.495657568238213 0.463709677419355 18.170551951779 2 2 1 
0 1030 6 15 0.370967741935484 0.241935483870968 36.6035852493785 1 -2 -1 
1 1040 8.2 17 0.575119474313023 0.476612903225806 10.572290100545 2 2 1 
0 1040 6 15 0.525201612903226 0.286290322580645 12.5916771703407 1 -2 -1 
1 1050 8.2 18 0.479704301075269 0.555645161290323 37.8897881886962 2 2 1 
0 1050 6 16 0.381989247311828 0.232862903225806 29.019676120135 1 -2 -1 
1 1060 8.2 18 0.486708482676225 0.483870967741936 41.1905158334016 2 2 1 
0 1060 6 16 0.380472350230415 0.25 27.292027005106 1 -2 -1 
1 1070 8.2 18 0.596975806451613 0.443548387096774 34.6743120005972 2 2 1 
0 1070 6 16 0.372983870967742 0.265322580645161 16.615198506356 1 -2 -1 
1 1080 8.2 18 0.636363636363636 0.363709677419355 23.2399492402087 2 2 2 
0 1080 6 16 0.305521091811414 0.262096774193548 8.35035122012221 0 -2 -2 
1 1090 8.2 19 0.734318996415771 0.281754032258065 14.9705414753237 2 3 2 
0 1090 6 16 0.275345622119816 0.241935483870968 5.49025785538549 0 -3 -2 
1 1100 8.2 19 0.734318996415771 0.262096774193548 11.9544917397289 2 3 2 
0 1100 6 16 0.235887096774194 0.219758064516129 5.27267024829803 0 -3 -2 
1 1110 8.2 19 0.754704301075269 0.206451612903226 12.3167910730062 2 3 2 
0 1110 6 16 0.230846774193548 0.182795698924731 6.43530656417587 0 -3 -2 
1 1120 8.2 19 0.772177419354839 0.218548387096774 12.1055389466818 2 3 2 
0 1120 6 16 NaN 0.176075268817204 5.17322170637044 0 -3 -2 
