1 30 9.4 1 NaN 0.2765625 29.619956622515 7 0 1 
0 30 9.2 1 NaN 0.27734375 13.5716023320171 6 0 -1 
1 40 9.4 1 NaN 0.27890625 29.3881590191011 7 0 1 
0 40 9.2 1 0.37890625 0.28671875 15.3301094818142 6 0 -1 
1 50 9.4 1 0.477864583333333 0.34609375 26.3256326539273 7 0 1 
0 50 9.2 1 0.37890625 0.378125 24.1946459604211 6 0 -1 
1 60 9.4 1 0.46728515625 0.43125 35.3513136269397 7 0 1 
0 60 9.2 1 0.426897321428571 0.49921875 23.4752527439995 6 0 -1 
1 70 9.4 1 0.50703125 0.45234375 33.9454301653586 7 0 1 
0 70 9.2 1 0.469350961538462 0.515625 27.7906893019895 6 0 -1 
1 80 9.4 1 0.504261363636364 0.45 28.3820159726518 7 0 1 
0 80 9.2 1 0.426320043103448 0.51953125 27.9524966421322 6 0 -1 
1 90 9.4 1 0.457868303571429 0.44375 34.631146274924 7 0 1 
0 90 9.2 1 0.462357954545455 0.503125 34.0548394209705 6 0 -1 
1 100 9.4 2 0.4796875 0.421875 37.1416825295038 7 0 1 
0 100 9.2 2 0.452073317307692 0.50625 42.0111834059838 6 0 -1 
1 110 9.4 2 0.473366477272727 0.439453125 42.0538777916669 7 0 1 
0 110 9.2 2 0.43523185483871 0.534375 45.9343887719301 6 0 -1 
1 120 9.4 2 0.457919034090909 0.42578125 33.7831818831724 7 0 1 
0 120 9.2 2 0.444940476190476 0.5125 45.4702957692512 6 0 -1 
1 130 9.4 3 0.478515625 0.3921875 36.2713894825569 7 0 1 
0 130 9.2 3 0.490828804347826 0.52578125 41.0960239856357 6 0 -1 
1 140 9.4 3 0.53515625 0.45859375 38.417290130285 7 0 1 
0 140 9.2 3 0.442471590909091 0.51640625 43.4401037975973 6 0 -1 
1 150 9.4 3 0.466947115384615 0.4365234375 31.6032606079664 7 0 1 
0 150 9.2 3 0.384114583333333 0.5109375 39.4898975936916 6 0 -1 
1 160 9.4 3 0.478125 0.439453125 17.3559314410066 7 -1 1 
0 160 9.2 4 0.488103693181818 0.4828125 37.9339533659537 6 1 -1 
1 170 9.4 4 0.49609375 0.3796875 30.86536925143 7 0 1 
0 170 9.2 4 0.446001838235294 0.4796875 26.9845805872728 6 0 -1 
1 180 9.4 4 0.429332386363636 0.41796875 24.7459859997727 7 0 1 
0 180 9.2 4 0.419084821428571 0.4953125 20.9909333689751 6 0 -1 
1 190 9.4 4 0.451923076923077 0.44453125 16.1705607780888 7 0 1 
0 190 9.2 4 0.461681547619048 0.462890625 27.496799984196 6 0 -1 
1 200 9.4 4 0.461856617647059 0.43203125 17.5408200484298 7 0 1 
0 200 9.2 4 0.431581439393939 0.44921875 34.0978806168784 6 0 -1 
1 210 9.4 4 0.477399553571429 0.490625 21.7320617599933 7 -1 1 
0 210 9.2 5 0.444155092592593 0.36484375 37.3263530394163 6 1 -1 
1 220 9.4 5 0.489925986842105 0.48046875 27.5962377501174 7 0 1 
0 220 9.2 5 0.443965517241379 0.40390625 36.755587620339 6 0 -1 
1 230 9.4 5 0.486213235294118 0.4828125 31.7170022637299 7 0 1 
0 230 9.2 5 0.434940732758621 0.48515625 29.5992012114867 6 0 -1 
1 240 9.4 6 0.471946022727273 0.48125 29.3869226360591 7 0 1 
0 240 9.2 6 0.447172619047619 0.465625 29.248117792151 6 0 -1 
1 250 9.4 6 0.468098958333333 0.4931640625 30.6227662203012 7 0 1 
0 250 9.2 6 0.4234375 0.49453125 25.0182027806277 6 0 -1 
1 260 9.4 6 0.46875 0.470703125 29.6151552634963 7 0 1 
0 260 9.2 6 0.4222412109375 0.506510416666667 43.9444611654237 6 0 -1 
1 270 9.4 7 0.485491071428571 0.478515625 31.6515953751492 7 1 1 
0 270 9.2 6 0.460088315217391 0.483072916666667 37.231915864792 6 -1 -1 
1 280 9.4 7 0.510416666666667 0.4951171875 29.3970635079672 7 1 1 
0 280 9.2 6 0.423502604166667 0.33828125 43.3347467271709 6 -1 -1 
1 290 9.4 7 0.510416666666667 0.4501953125 22.7515849564972 7 0 1 
0 290 9.2 7 0.394886363636364 0.39296875 30.2658820649005 6 0 -1 
1 300 9.4 7 0.498197115384615 0.475 23.6214459831614 7 0 1 
0 300 9.2 7 0.401633522727273 0.43671875 17.9033750171037 6 0 -1 
1 310 9.4 8 0.54541015625 0.46953125 31.1076171348991 7 1 1 
0 310 9.2 7 0.427556818181818 0.458984375 10.3114853386812 6 -1 -1 
1 320 9.4 8 0.536675347222222 0.45390625 29.7164282813678 7 1 1 
0 320 9.2 7 0.416903409090909 0.471875 26.027965828987 6 -1 -1 
1 330 9.4 8 0.496744791666667 0.46015625 24.5684823831169 7 1 1 
0 330 9.2 7 0.424479166666667 0.465625 22.9627927827065 6 -1 -1 
1 340 9.4 8 0.489908854166667 0.44140625 31.4865217904876 7 0 1 
0 340 9.2 8 0.459069293478261 0.5125 18.8592349015853 6 0 -1 
1 350 9.4 8 0.489908854166667 0.41015625 28.1602556806574 7 0 1 
0 350 9.2 8 0.4326171875 0.5375 18.1183798257407 6 0 -1 
1 360 9.4 8 0.474739583333333 0.291015625 46.2090304666027 7 0 1 
0 360 9.2 8 0.435697115384615 0.5283203125 8.57658198582042 6 0 -1 
1 370 9.4 9 0.484130859375 0.376953125 24.4710637490627 7 1 1 
0 370 9.2 8 0.437337239583333 0.5078125 6.65805368649571 6 -1 -1 
1 380 9.4 9 0.501775568181818 0.3232421875 42.3639859193571 7 0 1 
0 380 9.2 9 0.43359375 0.46640625 33.6413038322724 6 0 -1 
1 390 9.4 9 0.510799632352941 0.45703125 46.1258968674286 7 0 1 
0 390 9.2 9 0.431995738636364 0.44609375 36.510898379972 6 0 -1 
1 400 9.4 9 0.494466145833333 0.4625 36.5352368494433 7 0 1 
0 400 9.2 9 0.4390625 0.4265625 33.7574654422699 6 0 -1 
1 410 9.4 9 0.50244140625 0.45546875 39.1464704290512 7 0 1 
0 410 9.2 9 0.410964439655172 0.496875 38.5021312913344 6 0 -1 
1 420 9.4 10 0.487109375 0.4109375 32.4713259140077 7 1 1 
0 420 9.2 9 0.4197265625 0.4703125 22.456569725102 6 -1 -1 
1 430 9.4 10 0.4765625 0.3984375 31.3252824719428 7 0 1 
0 430 9.2 10 0.467261904761905 0.48359375 22.4598344392017 6 0 -1 
1 440 9.4 10 0.450954861111111 0.41171875 18.952369173414 7 0 1 
0 440 9.2 10 0.435132575757576 0.51015625 24.0416463217206 6 0 -1 
1 450 9.4 10 0.4560546875 0.4328125 25.8856140437319 7 0 1 
0 450 9.2 10 0.408913352272727 0.515625 28.2639190354584 6 0 -1 
1 460 9.4 11 0.51171875 0.43671875 37.7616409837907 7 0 1 
0 460 9.2 11 0.525390625 0.55234375 31.8566441151259 6 0 -1 
1 470 9.4 11 0.525390625 0.4453125 38.9965650397169 7 0 1 
0 470 9.2 11 0.436869959677419 0.553125 32.2967476156357 6 0 -1 
1 480 9.4 11 0.51953125 0.41328125 33.6862348100287 7 0 1 
0 480 9.2 11 0.384375 0.458984375 35.4295074761137 6 0 -1 
1 490 9.4 12 0.513950892857143 0.45078125 26.1622571945442 7 1 1 
0 490 9.2 11 0.4580078125 0.466796875 17.3925271309261 6 -1 -1 
1 500 9.4 12 0.512369791666667 0.475911458333333 20.1909188771735 7 1 1 
0 500 9.2 11 0.419744318181818 0.3095703125 40.32320523789 6 -1 -1 
1 510 9.4 12 0.469921875 0.48046875 10.4042476726198 7 1 1 
0 510 9.2 11 0.433443509615385 0.34609375 36.2786367575269 6 -1 -1 
1 520 9.4 12 0.479266826923077 0.4892578125 9.96593132608979 7 1 1 
0 520 9.2 11 0.45109375 0.416015625 20.8041362324366 6 -1 -1 
1 530 9.4 12 0.476041666666667 0.4931640625 14.4870067991429 7 1 1 
0 530 9.2 11 0.455684267241379 0.4951171875 5.32880343716011 6 -1 -1 
1 540 9.4 12 0.518152573529412 0.4853515625 25.9552609007564 7 1 1 
0 540 9.2 11 0.4453125 0.4140625 30.8286416768169 6 -1 -1 
1 550 9.4 13 0.547991071428571 0.430989583333333 9.62942297474908 7 2 1 
0 550 9.2 11 0.409333881578947 0.41484375 37.7525139011856 6 -2 -1 
1 560 9.4 13 0.531494140625 0.4697265625 27.6047058206901 7 2 1 
0 560 9.2 11 0.4334375 0.446875 14.8660014895544 6 -2 -1 
1 570 9.4 13 0.5228515625 0.431640625 29.6586391418717 7 2 1 
0 570 9.2 11 0.430245535714286 0.49375 17.3865138642247 6 -2 -1 
1 580 9.4 13 0.507291666666667 0.4267578125 15.6139318922932 7 1 1 
0 580 9.2 12 0.4498046875 0.4765625 16.0221827183433 6 -1 -1 
1 590 9.4 13 0.49609375 0.37890625 33.0990003952964 7 1 1 
0 590 9.2 12 0.431423611111111 0.46953125 19.1922856543741 6 -1 -1 
1 600 9.4 13 0.461458333333333 0.4384765625 31.0013671613973 7 1 1 
0 600 9.2 12 0.417410714285714 0.50078125 41.1039803841446 6 -1 -1 
1 610 9.4 14 0.475142045454545 0.48828125 31.2572505044914 7 2 1 
0 610 9.2 12 0.40625 0.46328125 51.050859424694 6 -2 -1 
1 620 9.4 14 0.478515625 0.484375 40.1545400904737 7 2 1 
0 620 9.2 12 0.38671875 0.423828125 39.5968882614858 6 -2 -1 
1 630 9.4 14 0.505514705882353 0.537109375 40.7466164455466 7 2 1 
0 630 9.2 12 0.415211397058823 0.380859375 44.7332289367259 6 -2 -1 
1 640 9.4 14 0.546688988095238 0.486328125 42.7786172515772 7 1 1 
0 640 9.2 13 0.41796875 0.4150390625 46.4688078228152 6 -1 -1 
1 650 9.4 14 0.521998355263158 0.5380859375 37.7439399546573 7 1 1 
0 650 9.2 13 0.395063920454545 0.40078125 42.7569797848208 6 -1 -1 
1 660 9.4 15 0.46484375 0.53515625 40.9638393939881 7 2 1 
0 660 9.2 13 0.401227678571429 0.4765625 42.6324140685065 6 -2 -1 
1 670 9.4 15 0.521484375 0.4873046875 35.4540447168216 7 2 1 
0 670 9.2 13 0.411514945652174 0.478125 48.7803943593201 6 -2 -1 
1 680 9.4 15 0.495028409090909 0.486328125 25.8760302558644 7 2 1 
0 680 9.2 13 0.441875 0.49609375 53.2386177296221 6 -2 -1 
1 690 9.4 15 0.423253676470588 0.41015625 41.3382404815719 7 1 1 
0 690 9.2 14 0.471422697368421 0.4515625 51.0490644893134 6 -1 -1 
1 700 9.4 15 0.533072916666667 0.4296875 34.2847091792863 7 1 1 
0 700 9.2 14 0.437109375 0.46640625 50.1804121470123 6 -1 -1 
1 710 9.4 16 0.531808035714286 0.509765625 39.8031820588656 7 2 1 
0 710 9.2 14 0.397078804347826 0.4384765625 26.7878751268128 6 -2 -1 
1 720 9.4 16 0.497767857142857 0.53515625 36.4258040588391 7 2 1 
0 720 9.2 14 0.415922619047619 0.4150390625 10.3845251026998 6 -2 -1 
1 730 9.4 16 0.501302083333333 0.556640625 7.27509983212001 7 2 1 
0 730 9.2 14 0.432771381578947 0.42578125 2.92154056458069 6 -2 -1 
1 740 9.4 16 0.515625 0.5302734375 6.07150453437968 7 2 1 
0 740 9.2 14 0.41734375 0.400390625 10.1939761642774 6 -2 -1 
1 750 9.4 16 0.556640625 0.5595703125 3.27481754506252 7 2 1 
0 750 9.2 14 0.410319010416667 0.33671875 15.4770254738453 6 -2 -1 
1 760 9.4 16 0.51806640625 0.5048828125 18.122044275226 7 2 1 
0 760 9.2 14 0.434407552083333 0.39453125 9.66111992190256 6 -2 -1 
1 770 9.4 16 0.512276785714286 0.3359375 30.6864870019838 7 1 1 
0 770 9.2 15 0.42515625 0.4484375 12.550731001963 6 -1 -1 
1 780 9.4 16 0.462002840909091 0.4091796875 22.3950042128516 7 1 1 
0 780 9.2 15 0.4345703125 0.45 7.00140824543646 6 -1 -1 
1 790 9.4 17 0.481617647058824 0.4541015625 3.43567945793186 7 2 1 
0 790 9.2 15 0.420006793478261 0.485677083333333 3.39697762421464 6 -2 -1 
1 800 9.4 17 0.481617647058824 0.4638671875 42.0521031216658 7 2 1 
0 800 9.2 15 0.423895474137931 0.404296875 3.80788655293195 6 -2 -1 
1 810 9.4 17 0.509615384615385 0.4970703125 33.9104127792027 7 2 1 
0 810 9.2 15 0.393382352941177 0.29296875 2.82842712474619 6 -2 -1 
1 820 9.4 18 0.570913461538462 0.5693359375 35.9368950133259 7 3 1 
0 820 9.2 15 0.388888888888889 0.1796875 3.16227766016838 6 -3 -1 
1 830 9.4 18 0.570913461538462 0.544921875 28.2625915362993 7 3 1 
0 830 9.2 15 0.39013671875 0.25390625 17.5202004613728 6 -3 -1 
1 840 9.4 18 0.609675480769231 0.572265625 17.5049633871013 7 3 1 
0 840 9.2 15 0.383544921875 0.31640625 24.6864601133934 6 -3 -1 
1 850 9.4 18 0.620225694444444 0.572265625 4.6417445232385 7 3 1 
0 850 9.2 15 0.3759765625 0.33515625 27.751604341982 6 -3 -1 
1 860 9.4 19 0.616122159090909 0.5400390625 4.19822433742921 7 3 1 
0 860 9.2 16 0.376395089285714 0.359375 24.479596457716 6 -3 -1 
1 870 9.4 19 0.61572265625 0.5203125 16.9128125300432 6 3 0 
0 870 9.2 16 0.390190972222222 0.3734375 26.472336160852 6 -3 0 
1 880 9.4 19 0.550564236111111 0.4990234375 10.1013668853455 6 3 0 
0 880 9.2 16 0.44482421875 0.353125 21.2290859574395 6 -3 0 
1 890 9.4 19 0.551866319444444 0.56640625 20.6849764385635 6 2 0 
0 890 9.2 17 0.405815972222222 0.3759765625 10.7695575151385 6 -2 0 
1 900 9.4 19 0.583147321428571 0.5546875 29.684104999738 6 2 0 
0 900 9.2 17 0.374609375 0.37890625 1.5 6 -2 0 
1 910 9.4 20 0.553645833333333 0.622395833333333 2.70924309543358 6 3 0 
0 910 9.2 17 0.421316964285714 0.306640625 1.58113883008419 6 -3 0 
1 920 9.4 20 0.56591796875 0.526041666666667 5.11111111111111 6 3 0 
0 920 9.2 17 0.410888671875 0.275390625 14.7139389695622 6 -3 0 
1 930 9.4 20 0.578125 0.541666666666667 12.576918242892 6 3 0 
0 930 9.2 17 0.35703125 0.244791666666667 18.2151808864314 6 -3 0 
1 940 9.4 20 0.624080882352941 0.595052083333333 29.952701629022 6 3 0 
0 940 9.2 17 0.350260416666667 0.286458333333333 30.4968659963055 6 -3 0 
1 950 9.4 20 0.624674479166667 0.5205078125 50.6110283610716 6 3 0 
0 950 9.2 17 0.3603515625 0.26484375 33.1492694359174 6 -3 0 
1 960 9.4 20 0.622472426470588 0.494140625 48.3330017418291 6 3 0 
0 960 9.2 17 0.3515625 0.3 33.1004550539146 6 -3 0 
1 970 9.4 20 0.609019886363636 0.490234375 29.2888525264936 5 2 0 
0 970 9.2 18 0.38046875 0.3609375 31.3592702058333 5 -2 0 
1 980 9.4 20 0.611607142857143 0.5048828125 5.70655986691582 5 2 0 
0 980 9.2 18 0.380022321428571 0.353125 15.684621080001 5 -2 0 
1 990 9.4 20 0.629340277777778 0.4990234375 3.46553884328355 4 2 -1 
0 990 9.2 18 0.365119485294118 0.403125 7.26044341973013 5 -2 1 
1 1000 9.4 20 0.604296875 0.5 10.2986353148037 4 2 -1 
0 1000 9.2 18 0.386328125 0.3890625 23.1333358293786 5 -2 1 
1 1010 9.4 20 0.602463942307692 0.5458984375 16.1191946197228 4 1 -1 
0 1010 9.2 19 0.3828125 0.37890625 18.5085903306348 5 -1 1 
1 1020 9.4 21 0.587890625 0.576171875 18.953911771511 3 2 -2 
0 1020 9.2 19 0.405859375 0.3798828125 19.2603739141938 5 -2 2 
1 1030 9.4 21 0.563368055555556 0.53203125 25.1081246230103 3 2 -1 
0 1030 9.2 19 0.40234375 0.38671875 17.0899497172397 4 -2 1 
1 1040 9.4 21 0.563368055555556 0.53828125 26.0513492990366 3 2 0 
0 1040 9.2 19 0.394071691176471 0.39296875 3.6954534274825 3 -2 0 
1 1050 9.4 21 0.564208984375 0.493489583333333 21.4398038130496 3 1 0 
0 1050 9.2 20 0.378289473684211 0.415625 3.86181964717427 3 -1 0 
1 1060 9.4 21 0.558948863636364 0.4609375 15.9894929419965 3 1 0 
0 1060 9.2 20 0.39609375 0.4828125 12.4878012356978 3 -1 0 
1 1070 9.4 21 0.58642578125 0.478515625 7.82623792124926 3 1 0 
0 1070 9.2 20 0.390066964285714 0.4755859375 6.09698973221202 3 -1 0 
1 1080 9.4 21 0.594970703125 0.484375 0 3 1 0 
0 1080 9.2 20 0.380022321428571 0.462890625 4.21136382311758 3 -1 0 
1 1090 9.4 21 0.609619140625 0.37109375 0 3 1 0 
0 1090 9.2 20 0.38671875 0.399739583333333 3.58456243784317 3 -1 0 
1 1100 9.4 21 0.6 0.41015625 0 2 1 -1 
0 1100 9.2 20 0.384880514705882 0.36328125 15.4289795618164 3 -1 1 
1 1110 9.4 21 0.608537946428571 0.41015625 0 2 0 -1 
0 1110 9.2 21 0.379595588235294 0.299479166666667 29.5887372020839 3 0 1 
1 1120 9.4 22 0.5921875 0.419270833333333 15.9084314519019 2 1 -1 
0 1120 9.2 21 0.383649553571429 0.307291666666667 29.9022224346035 3 -1 1 
1 1130 9.4 22 0.591238839285714 0.463541666666667 25.6378849156823 1 1 -2 
0 1130 9.2 21 0.382068452380952 0.359375 5.73180482768039 3 -1 2 
1 1140 9.4 22 0.555989583333333 0.3359375 50.2250652512042 1 1 -2 
0 1140 9.2 21 0.392233455882353 0.333984375 26.9952792402407 3 -1 2 
1 1150 9.4 22 0.523026315789474 0.3974609375 43.8737241418253 1 1 -1 
0 1150 9.2 21 0.4201171875 0.353125 26.4113405420292 2 -1 1 
1 1160 9.4 22 0.5171875 0.431640625 12.5609971450577 1 1 -1 
0 1160 9.2 21 0.407327586206897 0.40625 20.0455501379682 2 -1 1 
1 1170 9.4 22 0.521661931818182 0.5380859375 2.51460701410833 1 1 -1 
0 1170 9.2 21 0.400607638888889 0.484375 7.5 2 -1 1 
1 1180 9.4 22 0.555098684210526 0.5185546875 3.92145159581239 1 1 -1 
0 1180 9.2 21 0.410845588235294 0.3828125 25.2239965112589 2 -1 1 
1 1190 9.4 22 0.555098684210526 0.546875 17.8817692408484 1 1 -1 
0 1190 9.2 21 0.403053977272727 0.35546875 0 2 -1 1 
1 1200 9.4 22 0.572048611111111 0.580729166666667 3.78182933149839 1 1 -1 
0 1200 9.2 21 0.38720703125 0.37109375 0 2 -1 1 
1 1210 9.4 22 NaN 0.630859375 4.92442890089805 1 1 -1 
0 1210 9.2 21 0.388671875 0.30078125 0 2 -1 1 
