1 30 6.8 1 NaN 0.24453125 3.88776105696145 3 0 0 
0 30 3.2 1 NaN 0.373697916666667 16.0447688699343 3 0 0 
1 40 6.8 1 NaN 0.24453125 9.68304469838099 3 0 0 
0 40 3.2 1 NaN 0.380208333333333 15.2299346951102 3 0 0 
1 50 6.8 1 0.37890625 0.340625 23.2203387414442 3 0 0 
0 50 3.2 1 NaN 0.4140625 16.6796721642781 3 0 0 
1 60 6.8 1 0.365119485294118 0.46640625 26.6683130738575 3 0 0 
0 60 3.2 1 0.372395833333333 0.506510416666667 5.51476883823602 3 0 0 
1 70 6.8 1 0.368675595238095 0.4796875 24.7068835673529 3 0 0 
0 70 3.2 1 0.388020833333333 0.39375 34.6898405377401 3 0 0 
1 80 6.8 1 0.4595703125 0.48125 28.9034965989486 3 0 0 
0 80 3.2 1 0.466086647727273 0.411458333333333 50.1571820939287 3 0 0 
1 90 6.8 1 0.423743206521739 0.47890625 32.0619969670235 3 0 0 
0 90 3.2 1 0.411830357142857 0.431640625 48.540144967078 3 0 0 
1 100 6.8 1 0.399639423076923 0.5048828125 27.5781128170569 3 0 0 
0 100 3.2 1 0.396229619565217 0.46953125 45.1966020290178 3 0 0 
1 110 6.8 2 0.421535326086957 0.4892578125 28.8048178660891 3 0 0 
0 110 3.2 2 0.473876953125 0.45703125 33.2891691644592 3 0 0 
1 120 6.8 2 0.427133413461538 0.453125 38.5273531932305 3 0 0 
0 120 3.2 2 0.427734375 0.4921875 27.5891465977636 3 0 0 
1 130 6.8 2 0.413432459677419 0.45546875 27.7489602537953 3 0 0 
0 130 3.2 2 0.399966032608696 0.483072916666667 20.6260320199516 3 0 0 
1 140 6.8 2 0.447332974137931 0.4546875 22.9427320962 3 0 0 
0 140 3.2 2 0.4599609375 0.49609375 22.0072287939086 3 0 0 
1 150 6.8 3 0.4365234375 0.46328125 21.4456932001958 3 1 0 
0 150 3.2 2 0.408420138888889 0.5078125 15.677706339134 3 -1 0 
1 160 6.8 3 0.4276123046875 0.46796875 21.677399231384 3 1 0 
0 160 3.2 2 0.37109375 0.46484375 24.368978937176 3 -1 0 
1 170 6.8 3 0.470052083333333 0.46328125 21.7808260983229 3 0 0 
0 170 3.2 3 0.46484375 0.458333333333333 20.2732368418644 3 0 0 
1 180 6.8 3 0.457790798611111 0.5015625 23.601577932808 3 0 0 
0 180 3.2 3 0.391927083333333 0.4625 24.3181280367544 3 0 0 
1 190 6.8 4 0.427793560606061 0.48671875 23.0777914380784 3 1 0 
0 190 3.2 3 0.380504261363636 0.439453125 30.1777294246291 3 -1 0 
1 200 6.8 4 0.497178819444444 0.43359375 43.2869028544527 3 0 0 
0 200 3.2 4 0.442578125 0.463541666666667 40.9900516123407 3 0 0 
1 210 6.8 4 0.445033482142857 0.471875 30.2823747311092 3 0 0 
0 210 3.2 4 0.394949776785714 0.44140625 28.7120510659955 3 0 0 
1 220 6.8 4 0.395733173076923 0.4484375 33.9155417539898 3 0 0 
0 220 3.2 4 0.3940625 0.4046875 40.5727757559059 3 0 0 
1 230 6.8 5 0.4568359375 0.42890625 39.646480328036 3 0 0 
0 230 3.2 5 0.469889322916667 0.4423828125 30.8032008152138 3 0 0 
1 240 6.8 5 0.435546875 0.43828125 49.5770866280994 3 0 0 
0 240 3.2 5 0.424944196428571 0.42421875 38.0481192666047 3 0 0 
1 250 6.8 5 0.403878348214286 0.40625 44.398686359734 3 0 0 
0 250 3.2 5 0.391813858695652 0.43046875 38.0066230209797 3 0 0 
1 260 6.8 6 0.447358630952381 0.40859375 31.2574799781766 3 1 0 
0 260 3.2 5 0.453311011904762 0.46875 37.5525324791891 3 -1 0 
1 270 6.8 6 0.414963942307692 0.44921875 19.3270805322636 3 0 0 
0 270 3.2 6 0.4375 0.50078125 37.9735216345193 3 0 0 
1 280 6.8 6 0.38720703125 0.45078125 22.7518288054258 3 0 0 
0 280 3.2 6 0.39203125 0.52265625 34.578217945329 3 0 0 
1 290 6.8 6 0.431919642857143 0.5234375 26.0107678486241 3 0 0 
0 290 3.2 6 0.456217447916667 0.484375 27.8090308311115 3 0 0 
1 300 6.8 7 0.434027777777778 0.51015625 24.2229432021529 3 1 0 
0 300 3.2 6 0.443965517241379 0.46484375 32.2201357878055 3 -1 0 
1 310 6.8 7 0.371981534090909 0.528125 26.5299111472371 3 1 0 
0 310 3.2 6 0.39484375 0.38984375 37.7487547462605 3 -1 0 
1 320 6.8 8 0.44921875 0.5185546875 33.2299995461954 3 1 0 
0 320 3.2 7 0.447860054347826 0.428125 17.3310822860232 3 -1 0 
1 330 6.8 8 0.450284090909091 0.5322265625 30.4099898774977 3 1 0 
0 330 3.2 7 0.428936298076923 0.43359375 8.91044762412267 3 -1 0 
1 340 6.8 8 0.3959375 0.46953125 56.2558270047711 3 1 0 
0 340 3.2 7 0.399450231481482 0.33984375 29.3914317280381 3 -1 0 
1 350 6.8 8 0.443793402777778 0.46015625 42.1845257682002 3 1 0 
0 350 3.2 7 0.448404947916667 0.346875 36.7624636519705 3 -1 0 
1 360 6.8 9 0.434027777777778 0.50078125 22.3582642968263 3 2 0 
0 360 3.2 7 0.418258101851852 0.46484375 4.70417507343213 3 -2 0 
1 370 6.8 9 0.390775240384615 0.48359375 23.5158302039869 3 2 0 
0 370 3.2 7 0.383951822916667 0.483072916666667 4.54720653835236 3 -2 0 
1 380 6.8 9 0.456881009615385 0.490625 23.5647529910548 3 2 0 
0 380 3.2 7 0.452962239583333 0.3701171875 29.2215857965037 3 -2 0 
1 390 6.8 9 0.4801025390625 0.490625 21.1592399227473 3 2 0 
0 390 3.2 7 0.406982421875 0.3154296875 37.3021263681881 3 -2 0 
1 400 6.8 9 0.452059659090909 0.54375 25.6579266546913 3 1 0 
0 400 3.2 8 0.40771484375 0.354910714285714 29.5545604327829 3 -1 0 
1 410 6.8 10 0.48365162037037 0.5796875 30.8473184030312 3 2 0 
0 410 3.2 8 0.460036057692308 0.363839285714286 32.4411852137483 3 -2 0 
1 420 6.8 10 0.434291294642857 0.6455078125 4.71139551190295 3 2 0 
0 420 3.2 8 0.441051136363636 0.35625 37.5627524875556 3 -2 0 
1 430 6.8 10 0.438755580357143 0.6140625 34.7575229872062 3 2 0 
0 430 3.2 8 0.388671875 0.395833333333333 38.1877899061335 3 -2 0 
1 440 6.8 10 0.514453125 0.6046875 35.8701443350066 3 2 0 
0 440 3.2 8 0.486328125 0.406901041666667 48.1229769685202 3 -2 0 
1 450 6.8 11 0.500269396551724 0.534375 28.6670775215426 3 3 0 
0 450 3.2 8 0.38375 0.4501953125 40.1787246716013 3 -3 0 
1 460 6.8 11 0.429827008928571 0.42890625 31.3173510283324 3 2 0 
0 460 3.2 9 0.346261160714286 0.412109375 38.5909063503357 3 -2 0 
1 470 6.8 11 0.503289473684211 0.45859375 29.3067861144805 3 2 0 
0 470 3.2 9 0.397836538461538 0.4462890625 36.501020841589 3 -2 0 
1 480 6.8 11 0.493239182692308 0.4640625 28.3863033903534 3 2 0 
0 480 3.2 9 0.380792025862069 0.4453125 40.1369190727137 3 -2 0 
1 490 6.8 11 0.431640625 0.427734375 35.7720429839803 3 1 0 
0 490 3.2 10 0.350033967391304 0.4953125 35.7878555813105 3 -1 0 
1 500 6.8 12 0.477213541666667 0.447265625 42.0207474477629 3 2 0 
0 500 3.2 10 0.388569078947368 0.48046875 42.3105799793577 3 -2 0 
1 510 6.8 12 0.461607142857143 0.421875 31.9359969713364 3 2 0 
0 510 3.2 10 0.43798828125 0.30859375 0 3 -2 0 
1 520 6.8 12 0.455322265625 0.37421875 42.4026006253319 3 2 0 
0 520 3.2 10 0.376860119047619 0.2529296875 28.8992823899597 3 -2 0 
1 530 6.8 12 0.547475961538462 0.4078125 34.3591383047083 3 2 0 
0 530 3.2 10 0.33154296875 0.3037109375 20.9772549507029 3 -2 0 
1 540 6.8 12 0.48342803030303 0.41953125 36.5952907917261 3 1 0 
0 540 3.2 11 0.356026785714286 0.3818359375 16.301522976758 3 -1 0 
1 550 6.8 12 0.45068359375 0.41796875 58.0784693033993 3 1 0 
0 550 3.2 11 0.360054347826087 0.3515625 15.5920282694858 3 -1 0 
1 560 6.8 13 0.511568509615385 0.4599609375 46.0421198082172 3 2 0 
0 560 3.2 11 0.390438988095238 0.4111328125 24.9516704816807 3 -2 0 
1 570 6.8 13 0.496199324324324 0.5263671875 44.3627687060004 3 2 0 
0 570 3.2 11 0.393329326923077 0.40234375 21.9354595315644 3 -2 0 
1 580 6.8 13 0.477318548387097 0.625 43.1375544453827 3 2 0 
0 580 3.2 11 0.386904761904762 0.353515625 5.70087712549569 3 -2 0 
1 590 6.8 13 0.57890625 0.51875 52.219964691417 3 2 0 
0 590 3.2 11 0.389016544117647 0.328125 4.03112887414927 3 -2 0 
1 600 6.8 14 0.484174679487179 0.55546875 33.1464339650782 3 3 0 
0 600 3.2 11 0.39453125 0.2890625 26.6900215972125 3 -3 0 
1 610 6.8 14 0.446213942307692 0.603125 18.3870509751423 3 2 0 
0 610 3.2 12 0.448828125 0.291015625 23.5552277719841 3 -2 0 
1 620 6.8 14 0.562160326086957 0.6703125 9.04905230538326 3 2 0 
0 620 3.2 12 0.463924632352941 0.302734375 14.4536737170567 3 -2 0 
1 630 6.8 14 0.466729525862069 0.63984375 13.1112637436791 3 2 0 
0 630 3.2 12 0.396551724137931 0.38671875 14.4936180648365 3 -2 0 
1 640 6.8 14 0.442708333333333 0.65 3.41862952182196 3 2 0 
0 640 3.2 12 0.439453125 0.345052083333333 19.7290040250782 3 -2 0 
1 650 6.8 14 0.551897321428571 0.68671875 4.03476349058017 3 2 0 
0 650 3.2 12 0.414713541666667 0.30390625 18.0993848334487 3 -2 0 
1 660 6.8 15 0.503525152439024 0.721875 6.021242067612 3 3 0 
0 660 3.2 12 0.272615131578947 0.23125 24.0736737235788 3 -3 0 
1 670 6.8 15 0.476799242424242 0.73671875 5.84711614140818 3 3 1 
0 670 3.2 12 0.251302083333333 0.260416666666667 13.7920830310392 2 -3 -1 
1 680 6.8 15 0.648643092105263 0.74609375 3.76531434019348 3 3 1 
0 680 3.2 12 0.246651785714286 0.20546875 8.6559375103635 2 -3 -1 
1 690 6.8 15 0.513346354166667 0.7328125 3.82274697637716 3 3 1 
0 690 3.2 12 0.23828125 0.220052083333333 7.75080941214916 2 -3 -1 
1 700 6.8 15 0.481617647058824 0.7484375 2.98719563256973 3 3 1 
0 700 3.2 12 0.24853515625 0.21015625 9.18633093349264 2 -3 -1 
1 710 6.8 15 0.646647135416667 0.6953125 4.44338761165622 3 3 1 
0 710 3.2 12 0.24853515625 0.214192708333333 10.3905178147436 2 -3 -1 
1 720 6.8 16 0.537162162162162 0.53203125 6.3206814579871 3 3 1 
0 720 3.2 13 0.279651988636364 0.31640625 10.9386492396246 2 -3 -1 
1 730 6.8 16 0.47265625 0.47109375 18.2434422958075 3 3 1 
0 730 3.2 13 0.369270833333333 0.404296875 18.0628220065447 2 -3 -1 
1 740 6.8 16 0.594572368421053 0.43125 33.5477806069154 3 3 1 
0 740 3.2 13 0.369270833333333 0.422991071428571 18.5993207199934 2 -3 -1 
1 750 6.8 16 0.509415064102564 0.4265625 18.7112522914201 3 3 1 
0 750 3.2 13 0.349864130434783 0.487723214285714 13.4606055601944 2 -3 -1 
1 760 6.8 16 0.452435661764706 0.416666666666667 27.8399353030153 3 2 1 
0 760 3.2 14 0.378348214285714 0.49609375 14.8734920258034 2 -2 -1 
1 770 6.8 16 0.568125 0.424479166666667 28.4791203064386 3 2 1 
0 770 3.2 14 0.403409090909091 0.5234375 3.69980236459412 2 -2 -1 
1 780 6.8 16 0.506228885135135 0.3828125 26.2154534578367 3 2 1 
0 780 3.2 14 0.347077546296296 0.5166015625 0.962695264839553 2 -2 -1 
1 790 6.8 16 0.483832465277778 0.23046875 28.5700892543233 3 2 1 
0 790 3.2 14 0.368885869565217 0.470052083333333 46.948334771927 2 -2 -1 
1 800 6.8 16 0.583844866071429 0.236979166666667 30.4578957179186 3 2 1 
0 800 3.2 14 0.369140625 0.3994140625 47.5880588897611 2 -2 -1 
1 810 6.8 16 0.520680147058823 0.2783203125 21.2803258997496 3 1 1 
0 810 3.2 15 0.4091796875 0.333984375 44.5535993559961 2 -1 -1 
1 820 6.8 16 0.473920036764706 0.28046875 24.3128793654034 3 1 1 
0 820 3.2 15 0.37109375 0.455915178571429 31.5253466727613 2 -1 -1 
1 830 6.8 17 0.5490625 0.41484375 25.820651781146 3 2 1 
0 830 3.2 15 0.380139802631579 0.41328125 15.8983037454681 2 -2 -1 
1 840 6.8 17 0.472916666666667 0.51953125 18.340310380508 3 2 1 
0 840 3.2 15 0.400227864583333 0.33203125 21.5367771552794 2 -2 -1 
1 850 6.8 17 0.443926411290323 0.61484375 19.307174548735 3 2 1 
0 850 3.2 15 0.414641203703704 0.216145833333333 20.5902263689194 2 -2 -1 
1 860 6.8 17 0.523046875 0.583984375 25.0537524475672 3 1 1 
0 860 3.2 16 0.456620065789474 0.2109375 4.81875600271546 2 -1 -1 
1 870 6.8 17 0.502850506756757 0.5703125 15.8715546735251 3 1 1 
0 870 3.2 16 0.448141163793103 0.297526041666667 18.8363453519022 2 -1 -1 
1 880 6.8 17 0.492293074324324 0.58984375 2 3 1 1 
0 880 3.2 16 0.374770220588235 0.373046875 4.38523085320812 2 -1 -1 
1 890 6.8 17 0.6142578125 0.41796875 13.2003787824441 3 1 1 
0 890 3.2 16 0.3828125 0.286830357142857 10.5583328688753 2 -1 -1 
1 900 6.8 17 0.556818181818182 0.30859375 5.02493781056045 3 1 1 
0 900 3.2 16 0.365885416666667 0.259486607142857 13.0122381971981 2 -1 -1 
1 910 6.8 17 0.482881433823529 0.23828125 24.1644551057399 3 0 1 
0 910 3.2 17 0.380425347222222 0.287946428571429 17.0054557404835 2 0 -1 
1 920 6.8 17 0.558779761904762 0.337239583333333 12.4658691132019 3 0 1 
0 920 3.2 17 0.427455357142857 0.306919642857143 17.7489356511166 2 0 -1 
1 930 6.8 17 0.453953598484849 0.30234375 41.0230478418256 3 0 1 
0 930 3.2 17 0.411946614583333 0.421875 19.073035345697 2 0 -1 
1 940 6.8 17 0.427671370967742 0.41328125 32.0601335237667 3 0 1 
0 940 3.2 17 0.377485795454545 0.395182291666667 25.6386327010812 2 0 -1 
1 950 6.8 18 0.522135416666667 0.45703125 27.2535396792535 3 1 1 
0 950 3.2 17 0.4318359375 0.38671875 27.8072268583939 2 -1 -1 
1 960 6.8 18 0.516167534722222 0.55703125 32.1472487741714 3 1 1 
0 960 3.2 17 0.342041015625 0.3310546875 16.769679616809 2 -1 -1 
1 970 6.8 18 0.491517857142857 0.58359375 24.42024123576 3 1 1 
0 970 3.2 17 0.374609375 0.306640625 4.60977222864644 2 -1 -1 
1 980 6.8 18 0.602711397058823 0.496875 30.7962739150009 3 1 1 
0 980 3.2 17 0.374609375 0.26171875 8.94427190999916 2 -1 -1 
1 990 6.8 18 0.525390625 0.478125 33.8051776575931 3 1 1 
0 990 3.2 17 0.329963235294118 0.232421875 6.9462219947249 2 -1 -1 
1 1000 6.8 18 0.474034926470588 0.55703125 27.8013354425765 3 0 1 
0 1000 3.2 18 0.359375 0.255859375 19.4639637993308 2 0 -1 
1 1010 6.8 18 0.563878676470588 0.634375 28.6721804784325 3 0 1 
0 1010 3.2 18 0.37109375 0.285714285714286 15.5132109568594 2 0 -1 
1 1020 6.8 19 0.496916118421053 0.63984375 38.9968790935535 3 1 1 
0 1020 3.2 18 0.357766544117647 0.301339285714286 18.6876210918472 2 -1 -1 
1 1030 6.8 19 0.4869140625 0.6123046875 33.2987645298983 3 1 1 
0 1030 3.2 18 0.370572916666667 0.345982142857143 21.3364594259989 2 -1 -1 
1 1040 6.8 19 0.586971507352941 0.5498046875 35.7790816927423 3 1 1 
0 1040 3.2 18 0.359019886363636 0.392299107142857 33.029362356646 2 -1 -1 
1 1050 6.8 19 0.534870426829268 0.55078125 31.3362675833576 3 1 1 
0 1050 3.2 18 0.33984375 0.393415178571429 27.3443890696428 2 -1 -1 
1 1060 6.8 19 0.4794921875 0.51953125 34.0124530173934 3 0 1 
0 1060 3.2 19 0.376302083333333 0.362723214285714 37.3562051711125 2 0 -1 
1 1070 6.8 19 0.557059151785714 0.4716796875 44.1453377442337 3 0 1 
0 1070 3.2 19 0.385110294117647 0.327566964285714 36.3155347425862 2 0 -1 
1 1080 6.8 19 0.49111328125 0.45703125 45.5682106800636 3 0 1 
0 1080 3.2 19 0.414522058823529 0.392578125 44.3009022300313 2 0 -1 
1 1090 6.8 19 0.444934475806452 0.401041666666667 48.174720628754 3 0 1 
0 1090 3.2 19 0.379595588235294 0.429129464285714 25.4896471236018 2 0 -1 
1 1100 6.8 20 0.559645432692308 0.451171875 40.0313702076619 3 1 1 
0 1100 3.2 19 0.346754807692308 0.457589285714286 24.4731369498852 2 -1 -1 
1 1110 6.8 20 0.49658203125 0.5 25.281888770851 3 0 1 
0 1110 3.2 20 0.404296875 0.503348214285714 27.9498928955088 2 0 -1 
1 1120 6.8 20 0.462823275862069 0.516927083333333 8.06730240058998 3 0 1 
0 1120 3.2 20 0.432883522727273 0.532552083333333 17.2610023618819 2 0 -1 
1 1130 6.8 20 0.52685546875 0.53125 1.11111111111111 3 0 1 
0 1130 3.2 20 0.4921875 0.554036458333333 15.4657125108136 2 0 -1 
1 1140 6.8 20 0.388363486842105 0.509114583333333 3.65496914481576 3 0 1 
0 1140 3.2 20 0.47265625 0.545572916666667 21.1782129555449 2 0 -1 
1 1150 6.8 20 0.381214488636364 0.506510416666667 2.44953975381939 3 0 1 
0 1150 3.2 20 0.451936141304348 0.5205078125 29.6238614534557 2 0 -1 
1 1160 6.8 20 0.500205592105263 0.52734375 4.37587588538059 3 0 1 
0 1160 3.2 20 0.5671875 0.541015625 40.7707002637924 2 0 -1 
1 1170 6.8 20 0.462002840909091 0.37734375 46.4556506632052 3 0 1 
0 1170 3.2 20 0.464087701612903 0.421875 28.3198890001479 2 0 -1 
1 1180 6.8 20 0.443777901785714 0.46640625 48.2411986294537 3 0 1 
0 1180 3.2 20 0.409476902173913 0.248046875 0.707106781186548 2 0 -1 
1 1190 6.8 21 0.534307065217391 0.59140625 44.4669037774757 3 1 2 
0 1190 3.2 20 0.407645089285714 0.19921875 7.42766931439066 1 -1 -2 
1 1200 6.8 21 0.450994318181818 0.64765625 28.5357153462271 3 1 2 
0 1200 3.2 20 0.451021634615385 0.1796875 8.51212055930349 1 -1 -2 
1 1210 6.8 21 0.456653225806452 0.6359375 29.1270555826424 3 1 2 
0 1210 3.2 20 0.430859375 0.23828125 5.22015325445528 1 -1 -2 
1 1220 6.8 21 0.524450231481482 0.62734375 22.2557085316911 3 1 2 
0 1220 3.2 20 0.475911458333333 0.2515625 23.6326116955841 1 -1 -2 
1 1230 6.8 21 0.482506793478261 0.63125 20.7030074506932 3 0 2 
0 1230 3.2 21 0.40234375 0.29453125 20.8930909146883 1 0 -2 
1 1240 6.8 21 0.500404094827586 0.58359375 27.359485997517 3 0 2 
0 1240 3.2 21 0.430752840909091 0.317522321428571 23.3659339263908 1 0 -2 
1 1250 6.8 21 0.57890625 0.53125 28.6171963189698 3 0 2 
0 1250 3.2 21 0.58984375 0.299107142857143 20.7251629269321 1 0 -2 
1 1260 6.8 21 0.493803879310345 0.5205078125 37.4424477017938 3 0 2 
0 1260 3.2 21 0.433948863636364 0.393415178571429 15.6972704900919 1 0 -2 
1 1270 6.8 21 0.533405172413793 0.50390625 35.7527249695948 3 0 2 
0 1270 3.2 21 0.397321428571429 0.49453125 12.7754685707745 1 0 -2 
1 1280 6.8 21 0.628327546296296 0.435546875 41.8483633921832 3 0 2 
0 1280 3.2 21 0.4873046875 0.53046875 20.832758673478 1 0 -2 
1 1290 6.8 21 0.55693359375 0.375 44.5901341995336 3 0 2 
0 1290 3.2 21 0.292708333333333 0.58671875 15.3346118201489 1 0 -2 
1 1300 6.8 21 0.544302591463415 0.4658203125 45.5476221904271 3 0 2 
0 1300 3.2 21 0.36328125 0.559895833333333 14.4551861404595 1 0 -2 
1 1310 6.8 21 0.617943548387097 0.481770833333333 41.9704981710435 3 0 2 
0 1310 3.2 21 NaN 0.53515625 4.89902571999841 1 0 -2 
1 1320 6.8 21 0.586805555555556 0.484375 0 3 0 2 
0 1320 3.2 21 0.410528273809524 0.541666666666667 8.24316824299306 1 0 -2 
1 1330 6.8 21 0.513671875 0.232421875 29.4363720590701 3 0 2 
0 1330 3.2 21 0.483173076923077 0.5068359375 17.8081401423292 1 0 -2 
1 1340 6.8 21 0.625300480769231 0.287109375 22.3271135617661 3 0 2 
0 1340 3.2 21 0.623046875 0.4912109375 24.1524994797498 1 0 -2 
1 1350 6.8 21 0.60625 0.361328125 16.3248277173145 3 -1 2 
0 1350 3.2 22 0.464657738095238 0.328125 37.9549848158256 1 1 -2 
1 1360 6.8 21 0.519057765151515 0.388671875 24.7032386540712 3 -1 2 
0 1360 3.2 22 0.51171875 0.291852678571429 16.8166951567798 1 1 -2 
1 1370 6.8 21 0.579296875 0.47265625 2.82842712474619 3 -1 2 
0 1370 3.2 22 0.6416015625 0.294642857142857 10.5449720385544 1 1 -2 
1 1380 6.8 21 0.483984375 0.27265625 55.8065584065619 3 -1 2 
0 1380 3.2 22 0.455015120967742 0.383928571428571 14.959169382411 1 1 -2 
1 1390 6.8 21 0.483125 0.29921875 58.7565672788057 3 -1 2 
0 1390 3.2 22 0.454375 0.420200892857143 26.1668276458718 1 1 -2 
1 1400 6.8 22 0.486979166666667 0.3203125 50.6996894385801 3 0 2 
0 1400 3.2 22 0.440972222222222 0.450334821428571 18.2826224279023 1 0 -2 
1 1410 6.8 22 0.46875 0.28125 2.8304673748256 3 0 2 
0 1410 3.2 22 0.505022321428571 0.514973958333333 8.75383795245356 1 0 -2 
1 1420 6.8 22 0.4739990234375 0.260416666666667 4.71453287559224 3 0 2 
0 1420 3.2 22 0.415147569444444 0.561197916666667 16.0203436329009 1 0 -2 
1 1430 6.8 22 0.53351814516129 0.287760416666667 6.16159526335395 3 0 2 
0 1430 3.2 22 0.344140625 0.576171875 18.4915738554402 1 0 -2 
1 1440 6.8 22 0.440290178571429 0.311197916666667 5.24390976684813 3 0 2 
0 1440 3.2 22 0.403428819444444 0.54140625 26.1825309318006 1 0 -2 
1 1450 6.8 22 0.471297554347826 0.212239583333333 10.6597499996692 3 -1 2 
0 1450 3.2 23 0.373779296875 0.499441964285714 25.7043815691858 1 1 -2 
1 1460 6.8 22 0.548725328947368 0.1953125 2.34093358434322 3 -1 2 
0 1460 3.2 23 0.398792613636364 0.517299107142857 18.1984318783632 1 1 -2 
1 1470 6.8 22 0.473684210526316 0.196875 11.7722353488108 3 -1 2 
0 1470 3.2 23 0.30419921875 0.486049107142857 17.1724875225527 1 1 -2 
1 1480 6.8 22 0.459375 0.2359375 10.8341573990612 3 -1 2 
0 1480 3.2 23 0.423828125 0.419084821428571 23.0734938018161 1 1 -2 
1 1490 6.8 22 0.478050595238095 0.3515625 10.3188407570236 3 -1 2 
0 1490 3.2 23 0.444695723684211 0.397786458333333 16.7068887500209 1 1 -2 
1 1500 6.8 22 0.458243534482759 0.428125 14.7202167448629 3 -1 2 
0 1500 3.2 23 0.408203125 0.399088541666667 21.3059826472796 1 1 -2 
1 1510 6.8 22 0.365234375 0.5546875 20.0686736288805 3 -1 2 
0 1510 3.2 23 0.384114583333333 0.3330078125 17.9738592144901 1 1 -2 
1 1520 6.8 22 0.369140625 0.6609375 9.84987870888174 3 -1 2 
0 1520 3.2 23 0.376420454545455 0.2890625 16.0807316060657 1 1 -2 
1 1530 6.8 22 0.422293526785714 0.67421875 17.489718282684 3 -1 2 
0 1530 3.2 23 0.408420138888889 0.22734375 5.22359225480539 1 1 -2 
1 1540 6.8 23 0.443536931818182 0.7421875 16.0782508725479 3 0 2 
0 1540 3.2 23 0.38671875 0.23046875 3.83446579101967 1 0 -2 
1 1550 6.8 23 0.516536458333333 0.76875 11.9604401853757 3 0 2 
0 1550 3.2 23 0.442708333333333 0.14453125 7.1597414290199 1 0 -2 
1 1560 6.8 23 0.63773777173913 0.7646484375 1.72150023408235 3 0 3 
0 1560 3.2 23 0.37890625 0.1943359375 7.31112801055395 0 0 -3 
1 1570 6.8 23 0.693014705882353 0.7568359375 3.46449067050761 3 0 3 
0 1570 3.2 23 0.56640625 0.19921875 1 0 0 -3 
1 1580 6.8 23 0.725873161764706 0.7958984375 6.08894644410888 3 0 3 
0 1580 3.2 23 0.640066964285714 0.150390625 5.59016994374947 0 0 -3 
