1 30 11.8 1 NaN 0.2470703125 21.3394229569501 3 0 0 
0 30 10.4 1 NaN 0.2724609375 29.5320336366398 3 0 0 
1 40 11.8 1 NaN 0.2998046875 29.405887746059 3 0 0 
0 40 10.4 1 NaN 0.30234375 30.0950503215057 3 0 0 
1 50 11.8 1 0.36328125 0.3369140625 35.346830526111 3 0 0 
0 50 10.4 1 0.39453125 0.35 30.0180081173345 3 0 0 
1 60 11.8 1 0.3689453125 0.462890625 47.1881239892145 3 0 0 
0 60 10.4 1 0.399259868421053 0.48046875 42.5398223730941 3 0 0 
1 70 11.8 1 0.376644736842105 0.425 45.5234300726824 3 0 0 
0 70 10.4 1 0.4181640625 0.48046875 42.7875218751665 3 0 0 
1 80 11.8 1 0.447620738636364 0.446875 46.4137054485368 3 0 0 
0 80 10.4 1 0.478160511363636 0.4765625 35.5781663586724 3 0 0 
1 90 11.8 1 0.416891163793103 0.45 45.2737649393712 3 0 0 
0 90 10.4 1 0.434172453703704 0.4328125 51.4337214194273 3 0 0 
1 100 11.8 2 0.386513157894737 0.48828125 39.8444987746398 3 0 0 
0 100 10.4 2 0.436650815217391 0.4140625 45.5233330297414 3 0 0 
1 110 11.8 2 0.460069444444444 0.48203125 40.0961607541753 3 0 0 
0 110 10.4 2 0.474694293478261 0.423828125 33.2549496888057 3 0 0 
1 120 11.8 3 0.419503348214286 0.509375 48.0911957183339 3 1 0 
0 120 10.4 2 0.41015625 0.49609375 43.6666222577913 3 -1 0 
1 130 11.8 3 0.396306818181818 0.44765625 42.5193000034335 3 1 0 
0 130 10.4 2 0.4236328125 0.403125 45.9776293645405 3 -1 0 
1 140 11.8 3 0.446986607142857 0.4765625 33.607817081354 3 0 0 
0 140 10.4 3 0.474144345238095 0.40546875 40.4595279417162 3 0 0 
1 150 11.8 4 0.43212890625 0.47734375 31.2613925597664 3 1 0 
0 150 10.4 3 0.415364583333333 0.4484375 39.3550664493735 3 -1 0 
1 160 11.8 4 0.393821022727273 0.45703125 38.7598575705814 3 1 0 
0 160 10.4 3 0.4189453125 0.484375 43.8270187368922 3 -1 0 
1 170 11.8 4 0.447975852272727 0.48125 27.2738566022481 3 0 0 
0 170 10.4 4 0.473889802631579 0.45625 40.9942602014592 3 0 0 
1 180 11.8 5 0.398737980769231 0.46796875 30.4652176831727 3 1 0 
0 180 10.4 4 0.418791118421053 0.490625 40.686066735033 3 -1 0 
1 190 11.8 5 0.382421875 0.4703125 38.9171448247109 3 1 0 
0 190 10.4 4 0.407335069444444 0.4796875 37.9108205955834 3 -1 0 
1 200 11.8 5 0.455592105263158 0.45078125 42.9522199355265 3 1 0 
0 200 10.4 4 0.471261160714286 0.5125 44.6672441145839 3 -1 0 
1 210 11.8 5 0.411576704545455 0.4875 44.7250884485136 3 0 0 
0 210 10.4 5 0.429501488095238 0.4765625 37.3542756295064 3 0 0 
1 220 11.8 6 0.382990056818182 0.46640625 29.7021632222398 3 1 0 
0 220 10.4 5 0.4072265625 0.47890625 41.8592115301654 3 -1 0 
1 230 11.8 6 0.433965773809524 0.416015625 16.8684477770907 3 0 0 
0 230 10.4 6 0.453559027777778 0.51484375 23.8373703172867 3 0 0 
1 240 11.8 6 0.404017857142857 0.380859375 20.8542954495671 3 0 0 
0 240 10.4 6 0.4443359375 0.49453125 17.8755584277751 3 0 0 
1 250 11.8 6 0.392252604166667 0.3765625 30.6608797731192 3 0 0 
0 250 10.4 6 0.475911458333333 0.49765625 14.1853927441803 3 0 0 
1 260 11.8 6 0.427897135416667 0.3875 27.6861025294541 3 0 0 
0 260 10.4 6 0.492456896551724 0.47109375 20.2745520925447 3 0 0 
1 270 11.8 6 0.399876644736842 0.4453125 15.6766973264055 3 0 0 
0 270 10.4 6 0.45109375 0.5126953125 10.6141271544558 3 0 0 
1 280 11.8 6 0.393229166666667 0.46875 6.97483027654595 3 0 0 
0 280 10.4 6 0.428158967391304 0.48828125 20.1389341066671 3 0 0 
1 290 11.8 6 0.432091346153846 0.46875 18.1699850121348 3 0 0 
0 290 10.4 6 0.464285714285714 0.4033203125 39.6759856582358 3 0 0 
1 300 11.8 7 0.407072368421053 0.40625 26.6271109296308 3 0 0 
0 300 10.4 7 0.44578125 0.38828125 43.7855390084487 3 0 0 
1 310 11.8 7 0.388417119565217 0.371875 39.1361578349928 3 0 0 
0 310 10.4 7 0.4298828125 0.39609375 41.4354243738746 3 0 0 
1 320 11.8 7 0.41552734375 0.45 37.2527664334692 3 0 0 
0 320 10.4 7 0.468979779411765 0.46953125 41.7312918417796 3 0 0 
1 330 11.8 8 0.44765625 0.47421875 39.6533300318236 3 1 0 
0 330 10.4 7 0.3974609375 0.47109375 36.6429231487386 3 -1 0 
1 340 11.8 8 0.3982421875 0.48515625 45.2511657907995 3 1 0 
0 340 10.4 7 0.419642857142857 0.48203125 31.6969117169443 3 -1 0 
1 350 11.8 8 0.418887867647059 0.48671875 40.0334056994097 3 0 0 
0 350 10.4 8 0.46195652173913 0.47890625 29.2489997845921 3 0 0 
1 360 11.8 8 0.43515625 0.4890625 37.4392844883955 3 0 0 
0 360 10.4 8 0.461447010869565 0.4421875 22.8489178684157 3 0 0 
1 370 11.8 8 0.381623641304348 0.463541666666667 18.0946983074856 3 0 0 
0 370 10.4 8 0.436141304347826 0.4765625 18.3017792415276 3 0 0 
1 380 11.8 8 0.4184375 0.50390625 0 3 -1 0 
0 380 10.4 9 0.459051724137931 0.51484375 19.8046921436364 3 1 0 
1 390 11.8 8 0.417596726190476 0.23046875 33.9774626259656 3 -1 0 
0 390 10.4 9 0.467708333333333 0.55390625 17.4738991741017 3 1 0 
1 400 11.8 8 0.393342391304348 0.232421875 26.7607021959214 3 -2 0 
0 400 10.4 10 0.453634510869565 0.5078125 30.6898736598293 3 2 0 
1 410 11.8 9 0.4072265625 0.31640625 29.7132006798202 3 -1 0 
0 410 10.4 10 0.460239955357143 0.528125 31.57188246393 3 1 0 
1 420 11.8 9 0.386418269230769 0.4171875 35.8806070284169 3 -1 0 
0 420 10.4 10 0.449609375 0.494140625 22.0293009893258 3 1 0 
1 430 11.8 9 0.378255208333333 0.459375 49.0329907581921 3 -1 0 
0 430 10.4 10 0.438616071428571 0.466796875 23.8513050070054 3 1 0 
1 440 11.8 10 0.403722426470588 0.4765625 44.6951214978753 3 0 0 
0 440 10.4 10 0.445012019230769 0.486328125 30.2912205634963 3 0 0 
1 450 11.8 10 0.408558238636364 0.4599609375 26.1108834962392 3 -1 0 
0 450 10.4 11 0.428385416666667 0.421875 35.8669222919494 3 1 0 
1 460 11.8 10 0.377232142857143 0.41328125 36.2545256279412 3 -1 0 
0 460 10.4 11 0.421025815217391 0.501953125 10.8067122057945 3 1 0 
1 470 11.8 10 0.426153273809524 0.356770833333333 32.3115451510287 3 -1 0 
0 470 10.4 11 0.472826086956522 0.549479166666667 11.9834293046567 3 1 0 
1 480 11.8 11 0.43359375 0.380859375 12.0933866224478 3 0 0 
0 480 10.4 11 0.470892137096774 0.420572916666667 48.5319309794427 3 0 0 
1 490 11.8 11 0.394694010416667 0.380859375 6.72681202353685 3 0 0 
0 490 10.4 11 0.438251201923077 0.455729166666667 29.9272317858636 3 0 0 
1 500 11.8 11 0.423573369565217 0.26171875 28.169997652031 3 0 0 
0 500 10.4 11 0.474542025862069 0.35859375 44.1551748325158 3 0 0 
1 510 11.8 11 0.437800480769231 0.29765625 17.212356371713 3 -1 0 
0 510 10.4 12 0.47412109375 0.43203125 30.2782145353308 3 1 0 
1 520 11.8 11 0.40734375 0.3876953125 6.72907798705072 3 -1 0 
0 520 10.4 12 0.46390625 0.493489583333333 20.0273511454355 3 1 0 
1 530 11.8 11 0.412710336538462 0.462890625 10.3215095615687 3 -1 0 
0 530 10.4 12 0.473125 0.484375 12.5506837208742 3 1 0 
1 540 11.8 11 0.442563657407407 0.4765625 17.8984731098996 3 -1 0 
0 540 10.4 12 0.467610677083333 0.5078125 22.628577888272 3 1 0 
1 550 11.8 12 0.39555027173913 0.37265625 45.6089058947841 3 0 0 
0 550 10.4 12 0.467391304347826 0.34765625 46.780137038511 3 0 0 
1 560 11.8 12 0.443793402777778 0.4328125 53.0667607611244 3 -1 0 
0 560 10.4 13 0.470108695652174 0.41484375 36.5669420758355 3 1 0 
1 570 11.8 12 0.446986607142857 0.45 41.5419181193251 3 -1 0 
0 570 10.4 13 0.467881944444444 0.4453125 30.1958882072791 3 1 0 
1 580 11.8 12 0.381747159090909 0.4515625 41.7523126263764 3 -1 0 
0 580 10.4 13 0.48388671875 0.4890625 37.0402615513568 3 1 0 
1 590 11.8 12 0.3984375 0.4484375 28.3856126951032 3 -1 0 
0 590 10.4 13 0.478841145833333 0.46875 29.7271031247756 3 1 0 
1 600 11.8 13 0.404459635416667 0.46796875 21.1367465903232 3 0 0 
0 600 10.4 13 0.442522321428571 0.4912109375 19.9948749083643 3 0 0 
1 610 11.8 13 0.378534226190476 0.475 25.1692943250556 3 0 0 
0 610 10.4 13 0.45703125 0.5078125 8.27376154831105 3 0 0 
1 620 11.8 13 0.430859375 0.3890625 38.1475082243548 3 -1 0 
0 620 10.4 14 0.461567540322581 0.49609375 29.9805059159402 3 1 0 
1 630 11.8 13 0.395833333333333 0.3953125 37.9896827882486 3 -1 0 
0 630 10.4 14 0.457720588235294 0.45078125 46.9899247119896 3 1 0 
1 640 11.8 13 0.38427734375 0.419921875 26.6719832488122 3 -1 0 
0 640 10.4 14 0.440995065789474 0.46171875 39.7313058352953 3 1 0 
1 650 11.8 13 0.416232638888889 0.4228515625 28.9545637856002 3 -1 0 
0 650 10.4 14 0.43046875 0.4638671875 33.3742666690962 3 1 0 
1 660 11.8 13 0.419836956521739 0.4423828125 21.9890785096978 3 -1 0 
0 660 10.4 14 0.462239583333333 0.4248046875 48.7218223381432 3 1 0 
1 670 11.8 14 0.392269736842105 0.3953125 48.3179636181628 3 0 0 
0 670 10.4 14 0.420247395833333 0.3984375 29.5605226034305 3 0 0 
1 680 11.8 14 0.410495923913043 0.37265625 39.9135991352696 3 -1 0 
0 680 10.4 15 0.44140625 0.50390625 19.3120683426594 3 1 0 
1 690 11.8 14 0.428485576923077 0.359375 18.6884669692705 3 -1 0 
0 690 10.4 15 0.47734375 0.4560546875 39.2728537282057 3 1 0 
1 700 11.8 14 0.382440476190476 0.404296875 6.61347404361283 3 -1 0 
0 700 10.4 15 0.46923828125 0.3720703125 32.607064767861 3 1 0 
1 710 11.8 15 0.404119318181818 0.38671875 6.70820393249937 3 0 0 
0 710 10.4 15 0.462823275862069 0.39453125 41.146081222882 3 0 0 
1 720 11.8 15 0.4099609375 0.41796875 0 3 -1 0 
0 720 10.4 16 0.488550646551724 0.5 21.4009345590327 3 1 0 
1 730 11.8 15 0.371837797619048 NaN NaN 3 -1 0 
0 730 10.4 16 0.5 0.505859375 25.1246890528022 3 1 0 
1 740 11.8 15 0.348958333333333 0.2265625 0 3 -1 0 
0 740 10.4 16 0.532477678571429 0.39453125 39.4392510800749 3 1 0 
1 750 11.8 15 0.338541666666667 0.171875 19.0282971579227 3 -1 0 
0 750 10.4 16 0.549747242647059 0.3916015625 50.2725472927261 3 1 0 
1 760 11.8 15 0.38671875 0.234375 24.9546079142279 3 -1 0 
0 760 10.4 16 0.557785560344828 0.48203125 28.8221098592875 3 1 0 
1 770 11.8 15 0.3515625 0.2333984375 34.5883575188166 3 -2 0 
0 770 10.4 17 0.568976151315789 0.51875 9.86024942938087 3 2 0 
1 780 11.8 16 0.297526041666667 0.240234375 32.8492776585662 3 -1 0 
0 780 10.4 17 0.529502467105263 0.5234375 29.8963363576765 3 1 0 
1 790 11.8 16 0.38671875 0.2822265625 36.3543141590274 3 -1 0 
0 790 10.4 17 0.560479525862069 0.5578125 37.6673681106429 3 1 0 
1 800 11.8 16 NaN 0.352864583333333 4.16320607039867 3 -2 0 
0 800 10.4 18 0.614762931034483 0.576171875 25.9386445003211 3 2 0 
1 810 11.8 16 0.263020833333333 0.290364583333333 31.1830167116876 3 -2 0 
0 810 10.4 18 0.495174632352941 0.5908203125 16.9674606388578 3 2 0 
1 820 11.8 17 0.387152777777778 0.3359375 19.5 3 -1 0 
0 820 10.4 18 0.52271412037037 0.545572916666667 22.5592011345191 3 1 0 
1 830 11.8 17 0.387109375 0.36328125 11.3137084989848 3 -1 0 
0 830 10.4 18 0.603704637096774 0.423177083333333 70.6543070933423 3 1 0 
1 840 11.8 17 0.344089673913043 0.427734375 6.51920240520265 3 -1 0 
0 840 10.4 18 0.584402901785714 0.43359375 50.4948709263185 3 1 0 
1 850 11.8 17 0.375732421875 0.328125 45.5714688824693 3 -1 0 
0 850 10.4 18 0.5571875 0.385416666666667 30.3484200034618 3 1 0 
1 860 11.8 17 0.398763020833333 0.2734375 13.7437670779841 3 -2 0 
0 860 10.4 19 0.567307692307692 0.318359375 40.7423900234226 3 2 0 
1 870 11.8 17 0.352701822916667 0.2646484375 26.8087268528111 3 -2 0 
0 870 10.4 19 0.5068359375 0.41015625 33.8001495719467 3 2 0 
1 880 11.8 17 0.336143092105263 0.290364583333333 22.9457245828734 3 -2 0 
0 880 10.4 19 0.483492943548387 0.36953125 34.870890585071 3 2 0 
1 890 11.8 18 0.375558035714286 0.3134765625 34.5723643643828 3 -1 0 
0 890 10.4 19 0.546456473214286 0.44921875 34.6368488155757 3 1 0 
1 900 11.8 18 0.36962890625 0.3681640625 47.7420098232943 3 -1 0 
0 900 10.4 19 0.516183035714286 0.4828125 29.9277794611695 3 1 0 
1 910 11.8 18 0.366753472222222 0.34453125 49.4649329268933 3 -2 0 
0 910 10.4 20 0.500325520833333 0.5234375 21.0429474690614 3 2 0 
1 920 11.8 18 0.415838068181818 0.37421875 33.6827676539051 3 -2 0 
0 920 10.4 20 0.536892361111111 0.5484375 27.3194097439278 3 2 0 
1 930 11.8 19 0.34326171875 0.37109375 12.8526123289362 3 -1 0 
0 930 10.4 20 0.539572010869565 0.4833984375 21.149179854156 3 1 0 
1 940 11.8 19 0.369873046875 0.4046875 13.6717384375365 3 -1 0 
0 940 10.4 20 0.506510416666667 0.5078125 26.4822611346049 3 1 0 
1 950 11.8 19 0.369873046875 0.41875 20.4850574910953 3 -1 0 
0 950 10.4 20 0.55396412037037 0.47265625 27.7603527606648 3 1 0 
1 960 11.8 19 0.372532894736842 0.471875 18.2331410789457 3 -1 0 
0 960 10.4 20 0.526884191176471 0.458984375 10.1445456740565 3 1 0 
1 970 11.8 19 0.389583333333333 0.5263671875 8.31593635144541 3 -1 0 
0 970 10.4 20 0.525390625 0.44921875 9.8488578017961 3 1 0 
1 980 11.8 19 0.403645833333333 0.548828125 9.08500906601522 3 -1 0 
0 980 10.4 20 0.598388671875 0.3984375 3.60555127546399 3 1 0 
1 990 11.8 19 0.395413306451613 0.5107421875 15.3270611535205 3 -1 0 
0 990 10.4 20 0.47265625 0.305989583333333 36.1440695954414 3 1 0 
1 1000 11.8 20 0.451953125 0.513671875 35.0375996489589 3 0 0 
0 1000 10.4 20 0.391493055555556 0.380208333333333 23.2031449967812 3 0 0 
1 1010 11.8 20 0.495572916666667 0.5439453125 31.8011155245305 3 0 0 
0 1010 10.4 20 0.475260416666667 0.415364583333333 22.94666231036 3 0 0 
1 1020 11.8 20 0.435987903225806 0.545572916666667 34.8485258380669 3 -1 0 
0 1020 10.4 21 0.478732638888889 0.48046875 8.24621125123532 3 1 0 
1 1030 11.8 20 0.5059375 0.455078125 57.9724883453635 3 -1 0 
0 1030 10.4 21 0.5361328125 0.4453125 0 3 1 0 
1 1040 11.8 20 0.5537109375 0.4833984375 51.9247138556765 3 -1 0 
0 1040 10.4 21 0.6103515625 0.240885416666667 26.0486513490697 3 1 0 
1 1050 11.8 21 0.541276041666667 0.4501953125 43.8530693148705 3 0 0 
0 1050 10.4 21 0.465666118421053 0.34765625 23.3767043107963 3 0 0 
1 1060 11.8 21 0.46044921875 0.447265625 34.2706860840438 3 0 0 
0 1060 10.4 21 0.474524456521739 0.358072916666667 22.1016384598898 3 0 0 
1 1070 11.8 21 0.417557565789474 0.4296875 24.7024331087967 3 0 0 
0 1070 10.4 21 0.458984375 0.36328125 24.2744721878767 3 0 0 
1 1080 11.8 21 0.4533203125 0.486328125 22.6574392542783 3 0 0 
0 1080 10.4 21 0.448958333333333 0.311197916666667 28.4599883488759 3 0 0 
1 1090 11.8 21 0.3841796875 0.43203125 28.9943304618138 3 0 0 
0 1090 10.4 21 0.413213315217391 0.3056640625 25.3851931084816 3 0 0 
1 1100 11.8 21 0.4095703125 0.4515625 15.2916133016513 3 0 0 
0 1100 10.4 21 0.446451822916667 0.306640625 13.1706152378229 3 0 0 
1 1110 11.8 21 0.418569711538462 0.4234375 10.551857559904 3 0 0 
0 1110 10.4 21 0.44359375 0.4130859375 8.72710212584864 3 0 0 
1 1120 11.8 21 0.3703125 0.4171875 5.28882447359295 3 0 0 
0 1120 10.4 21 0.435075431034483 0.5390625 2.69258240356725 3 0 0 
1 1130 11.8 22 0.451704545454545 0.51171875 9.89486849846198 3 1 0 
0 1130 10.4 21 0.472077546296296 NaN NaN 3 -1 0 
1 1140 11.8 22 0.46640625 0.57421875 5.92197863434733 3 1 0 
0 1140 10.4 21 0.478816105769231 0.140625 0 3 -1 0 
1 1150 11.8 22 0.357872596153846 0.68671875 3.24311202576106 3 1 0 
0 1150 10.4 21 0.516335227272727 0.28125 0 3 -1 0 
1 1160 11.8 22 0.39140625 0.784375 3.73538394835565 3 1 1 
0 1160 10.4 21 0.525475543478261 0.34765625 0 2 -1 -1 
1 1170 11.8 22 0.295703125 0.7984375 4.42100215160678 3 1 1 
0 1170 10.4 21 0.6384765625 0.1953125 0 2 -1 -1 
1 1180 11.8 22 0.361979166666667 0.7998046875 1.98609417844262 3 1 1 
0 1180 10.4 21 0.71484375 NaN NaN 2 -1 -1 
