1 30 4.6 1 NaN 0.287096774193548 18.9443067060666 2 0 0 
0 30 6.8 1 NaN 0.289516129032258 23.7881510501468 2 0 0 
1 40 4.6 1 NaN 0.299193548387097 24.6212357204144 2 0 0 
0 40 6.8 1 NaN 0.304032258064516 25.5068158773482 2 0 0 
1 50 4.6 1 0.370967741935484 0.374193548387097 34.0268750663621 2 0 0 
0 50 6.8 1 0.370967741935484 0.349193548387097 31.1769446278313 2 0 0 
1 60 4.6 1 0.383064516129032 0.512903225806452 37.1767984245288 2 0 0 
0 60 6.8 1 0.383064516129032 0.473387096774194 38.1006684259974 2 0 0 
1 70 4.6 1 0.383064516129032 0.521774193548387 38.7470508338559 2 0 0 
0 70 6.8 1 0.389400921658986 0.451612903225806 40.0059172812117 2 0 0 
1 80 4.6 1 0.495037220843672 0.499193548387097 39.7213017232824 2 0 0 
0 80 6.8 1 0.472704714640198 0.449193548387097 41.0875021746797 2 0 0 
1 90 4.6 1 0.405597722960152 0.480645161290323 41.5787780303506 2 0 0 
0 90 6.8 1 0.41893039049236 0.473387096774194 39.0849240363422 2 0 0 
1 100 4.6 1 0.425691244239631 0.479838709677419 43.9202419634929 2 0 0 
0 100 6.8 1 0.412096774193548 0.470967741935484 39.570078955138 2 0 0 
1 110 4.6 1 0.474340175953079 0.464717741935484 40.4154866696717 2 -1 0 
0 110 6.8 2 0.491935483870968 0.496774193548387 39.7567073792494 2 1 0 
1 120 4.6 2 0.387903225806452 0.379032258064516 45.3335225088489 2 0 0 
0 120 6.8 2 0.414650537634409 0.5 37.8794434105006 2 0 0 
1 130 4.6 2 0.39489247311828 0.42258064516129 37.7746272215909 2 0 0 
0 130 6.8 2 0.416666666666667 0.508064516129032 38.5811153036101 2 0 0 
1 140 4.6 2 0.473454301075269 0.474193548387097 38.5548508970976 2 0 0 
0 140 6.8 2 0.498138957816377 0.467741935483871 40.1184897726318 2 0 0 
1 150 4.6 3 0.419153225806452 0.503225806451613 38.0907110015407 2 1 0 
0 150 6.8 2 0.383064516129032 0.441129032258065 26.6671859060197 2 -1 0 
1 160 4.6 3 0.415610599078341 0.488709677419355 19.604115388882 2 0 0 
0 160 6.8 3 0.383064516129032 0.45 9.09563184364584 2 0 0 
1 170 4.6 3 0.503744239631336 0.470161290322581 12.5270434809039 2 0 0 
0 170 6.8 3 0.470430107526882 0.488709677419355 6.82996820350747 2 0 0 
1 180 4.6 3 0.411514336917563 0.392137096774194 33.2213880783474 2 0 0 
0 180 6.8 3 0.400853889943074 0.475806451612903 10.3285277169633 2 0 0 
1 190 4.6 3 0.421082949308756 0.399193548387097 31.0973790364759 2 0 0 
0 190 6.8 3 0.394909274193548 0.454637096774194 15.0940891405029 2 0 0 
1 200 4.6 3 0.488636363636364 0.461290322580645 35.8314701739261 2 0 0 
0 200 6.8 3 0.48252688172043 0.404233870967742 18.0838303284911 2 0 0 
1 210 4.6 3 0.383064516129032 0.525 17.7887519416496 2 -1 0 
0 210 6.8 4 0.419354838709677 0.379032258064516 16.8317227205516 2 1 0 
1 220 4.6 3 0.383995037220844 0.536290322580645 12.4790348322152 2 -1 0 
0 220 6.8 4 0.409677419354839 0.376612903225806 8.84832262142505 2 1 0 
1 230 4.6 4 0.463172043010753 0.532258064516129 7.84552765727043 2 0 0 
0 230 6.8 4 0.460483870967742 0.393548387096774 3.83214998987649 2 0 0 
1 240 4.6 4 0.383064516129032 0.393548387096774 29.7958433623203 2 0 0 
0 240 6.8 4 0.424731182795699 0.384677419354839 28.4445155291164 2 0 0 
1 250 4.6 4 0.41747311827957 0.387903225806452 39.0381534942456 2 -1 0 
0 250 6.8 5 0.467741935483871 0.404838709677419 42.5855960795593 2 1 0 
1 260 4.6 5 0.496370967741935 0.44758064516129 39.3907254661649 2 0 0 
0 260 6.8 5 0.490384615384615 0.473387096774194 37.1388445656416 2 0 0 
1 270 4.6 5 0.429753820033956 0.450806451612903 39.1650680923441 2 -1 0 
0 270 6.8 6 0.383064516129032 0.514516129032258 29.6654632729869 2 1 0 
1 280 4.6 5 0.383064516129032 0.444354838709677 28.5734325915854 2 -1 0 
0 280 6.8 6 0.418490783410138 0.513709677419355 37.6427065083494 2 1 0 
1 290 4.6 6 0.499495967741936 0.442540322580645 31.5561717526613 2 0 0 
0 290 6.8 6 0.493796526054591 0.493951612903226 38.5763926163811 2 0 0 
1 300 4.6 6 0.395161290322581 0.513104838709677 30.6962027905603 2 0 0 
0 300 6.8 6 0.42741935483871 0.426075268817204 30.7729250188079 2 0 0 
1 310 4.6 6 0.396091811414392 0.367741935483871 42.0350092182403 2 0 0 
0 310 6.8 6 0.412046370967742 0.367943548387097 39.6590230155705 2 0 0 
1 320 4.6 6 0.455197132616487 0.403225806451613 33.7333891966353 2 -1 0 
0 320 6.8 7 0.493447580645161 0.358870967741936 38.0545587494869 2 1 0 
1 330 4.6 6 0.389516129032258 0.413709677419355 35.8219159202488 2 -1 0 
0 330 6.8 7 0.447755960729313 0.433064516129032 38.4811599235296 2 1 0 
1 340 4.6 7 0.383995037220844 0.448387096774194 38.6179017260082 2 0 0 
0 340 6.8 7 0.429316888045541 0.471774193548387 39.9403748805836 2 0 0 
1 350 4.6 7 0.474596774193548 0.492741935483871 35.7314144709994 2 0 0 
0 350 6.8 7 0.49968982630273 0.445564516129032 34.3209571404941 2 0 0 
1 360 4.6 7 0.427052785923754 0.470161290322581 38.7116770193402 2 0 0 
0 360 6.8 7 0.3984375 0.443548387096774 33.7967728106488 2 0 0 
1 370 4.6 7 0.402688172043011 0.5 35.9338497978173 2 0 0 
0 370 6.8 7 0.399193548387097 0.368548387096774 39.9312204357905 2 0 0 
1 380 4.6 7 0.487903225806452 0.496774193548387 38.3833771405097 2 0 0 
0 380 6.8 7 0.470967741935484 0.387096774193548 42.6682189607366 2 0 0 
1 390 4.6 8 0.416171477079796 0.475806451612903 41.2858349057514 2 0 0 
0 390 6.8 8 0.411514336917563 0.420362903225806 38.2197163305045 2 0 0 
1 400 4.6 8 0.383064516129032 0.506451612903226 37.190832621083 2 0 0 
0 400 6.8 8 0.378225806451613 0.436491935483871 32.2203706638037 2 0 0 
1 410 4.6 8 0.468108504398827 0.444354838709677 21.8514044543417 2 0 0 
0 410 6.8 8 0.494623655913979 0.459677419354839 10.8817569794356 2 0 0 
1 420 4.6 8 0.390322580645161 0.437096774193548 20.6073982368861 2 0 0 
0 420 6.8 8 0.418505942275042 0.373387096774194 24.0484043016168 2 0 0 
1 430 4.6 8 0.390591397849462 0.438709677419355 19.6491381153704 2 0 0 
0 430 6.8 8 0.39005376344086 0.429032258064516 15.8950502912664 2 0 0 
1 440 4.6 8 0.470046082949309 0.441935483870968 23.3311576211018 2 0 0 
0 440 6.8 8 0.50510752688172 0.470161290322581 8.0685932412812 2 0 0 
1 450 4.6 9 0.406833616298812 0.487903225806452 12.0911644423333 2 1 0 
0 450 6.8 8 0.406546489563567 0.469758064516129 17.2680613349519 2 -1 0 
1 460 4.6 9 0.391885080645161 0.520161290322581 5.3416792791295 2 1 0 
0 460 6.8 8 0.392741935483871 0.456989247311828 31.2090068552848 2 -1 0 
1 470 4.6 9 0.472926267281106 0.514112903225806 18.0312608373282 2 1 0 
0 470 6.8 8 0.498559907834101 0.379032258064516 50.1091644952921 2 -1 0 
1 480 4.6 9 0.403001792114695 0.520161290322581 19.3419469540367 2 0 0 
0 480 6.8 9 0.437133431085044 0.318548387096774 45.1866190535242 2 0 0 
1 490 4.6 10 0.404569892473118 0.425806451612903 31.8981092778331 2 1 0 
0 490 6.8 9 0.397177419354839 0.374193548387097 41.4293963039185 2 -1 0 
1 500 4.6 10 0.455197132616487 0.359677419354839 41.3516688350438 2 1 0 
0 500 6.8 9 0.497311827956989 0.412903225806452 40.9556528840558 2 -1 0 
1 510 4.6 10 0.388536866359447 0.383064516129032 30.5382518040887 2 0 0 
0 510 6.8 10 0.418682795698925 0.525806451612903 37.7487079830751 2 0 0 
1 520 4.6 10 0.399481566820277 0.443548387096774 37.7219387863477 2 0 0 
0 520 6.8 10 0.438364055299539 0.521774193548387 37.152743365969 2 0 0 
1 530 4.6 10 0.476382488479263 0.438709677419355 36.0394634275293 2 0 0 
0 530 6.8 10 0.515120967741936 0.511290322580645 33.6201724573489 2 0 0 
1 540 4.6 10 0.398185483870968 0.429838709677419 39.8433853401396 2 0 0 
0 540 6.8 10 0.428225806451613 0.523387096774194 39.2116470543583 2 0 0 
1 550 4.6 11 0.382133995037221 0.500806451612903 40.3169211578269 2 1 0 
0 550 6.8 10 0.417114695340502 0.479838709677419 44.1090875562566 2 -1 0 
1 560 4.6 11 0.494134897360704 0.487903225806452 41.9945609603866 2 1 0 
0 560 6.8 10 0.493951612903226 0.423387096774194 40.265214781255 2 -1 0 
1 570 4.6 11 0.410104364326376 0.484879032258065 35.0489943736567 2 0 0 
0 570 6.8 11 0.391397849462366 0.446572580645161 36.3366319103586 2 0 0 
1 580 4.6 11 0.382133995037221 0.410483870967742 54.3237560331291 2 0 0 
0 580 6.8 11 0.392569124423963 0.459677419354839 38.0616708899729 2 0 0 
1 590 4.6 11 0.497311827956989 0.417741935483871 41.2573958330345 2 0 0 
0 590 6.8 11 0.498847926267281 0.489516129032258 41.9674832627089 2 0 0 
1 600 4.6 12 0.383064516129032 0.439516129032258 41.5874932093404 2 1 0 
0 600 6.8 11 0.422538200339559 0.533266129032258 40.1978752769164 2 -1 0 
1 610 4.6 12 0.383064516129032 0.508870967741936 44.1321111193067 2 1 0 
0 610 6.8 11 0.393010752688172 0.46875 44.9334031617732 2 -1 0 
1 620 4.6 12 0.490495391705069 0.494354838709677 38.7082066523186 2 1 0 
0 620 6.8 11 0.475496277915633 0.453629032258065 42.8004952420259 2 -1 0 
1 630 4.6 12 0.425691244239631 0.501008064516129 29.6641902972987 2 1 0 
0 630 6.8 11 0.400142314990512 0.361895161290323 40.0645067572766 2 -1 0 
1 640 4.6 12 0.398185483870968 0.492943548387097 21.4388247101845 2 1 0 
0 640 6.8 11 0.383064516129032 0.420362903225806 26.4897732320473 2 -1 0 
1 650 4.6 12 0.498387096774194 0.494959677419355 21.1818665566373 2 0 0 
0 650 6.8 12 0.477977667493797 0.42258064516129 25.1227935098605 2 0 0 
1 660 4.6 12 0.391397849462366 0.389516129032258 38.2104185790224 2 0 0 
0 660 6.8 12 0.399905123339658 0.456451612903226 26.9940822145756 2 0 0 
1 670 4.6 13 0.390322580645161 0.42258064516129 15.4392295090753 2 1 0 
0 670 6.8 12 0.390591397849462 0.479838709677419 5.1278128429812 2 -1 0 
1 680 4.6 13 0.489516129032258 0.503225806451613 4.49264732545447 2 1 0 
0 680 6.8 12 0.485111662531017 0.491935483870968 3.61749160316013 2 -1 0 
1 690 4.6 13 0.424486803519062 0.49758064516129 5.64102779114509 2 1 0 
0 690 6.8 12 0.400853889943074 0.494959677419355 2.48872575477378 2 -1 0 
1 700 4.6 13 0.39005376344086 0.393548387096774 25.1081363412832 2 1 0 
0 700 6.8 12 0.402988614800759 0.405645161290323 33.4291758656449 2 -1 0 
1 710 4.6 13 0.494727047146402 0.451612903225806 26.5610136769561 2 1 0 
0 710 6.8 12 0.488191244239631 0.379838709677419 29.8539321359841 2 -1 0 
1 720 4.6 13 0.393817204301075 0.5 30.2266810124679 2 0 0 
0 720 6.8 13 0.379765395894428 0.415322580645161 30.7353576979413 2 0 0 
1 730 4.6 14 0.383064516129032 0.54133064516129 32.0646211095962 2 1 0 
0 730 6.8 13 0.383064516129032 0.40994623655914 5.73141643196039 2 -1 0 
1 740 4.6 14 0.550979262672811 0.544354838709677 31.8859530466441 2 1 0 
0 740 6.8 13 0.395161290322581 0.422043010752688 2.04168905063636 2 -1 0 
1 750 4.6 15 0.465988779803647 0.613911290322581 29.0247823041562 2 2 0 
0 750 6.8 13 0.350518433179724 0.336693548387097 4.94974746830583 2 -2 0 
1 760 4.6 15 0.41633064516129 0.529032258064516 51.2941944608827 2 2 0 
0 760 6.8 13 0.357771260997067 0.230846774193548 23.3586710897898 2 -2 0 
1 770 4.6 15 0.564516129032258 0.457258064516129 52.9126960060501 2 2 0 
0 770 6.8 13 0.442204301075269 0.301411290322581 34.9772178219521 2 -2 0 
1 780 4.6 15 0.462029569892473 0.517741935483871 34.3749300516637 2 2 0 
0 780 6.8 13 0.38418458781362 0.332258064516129 28.0921455472273 2 -2 0 
1 790 4.6 15 0.383064516129032 0.585483870967742 19.1873051198048 2 2 0 
0 790 6.8 13 0.40255376344086 0.337701612903226 30.5671874805958 2 -2 0 
1 800 4.6 16 0.550067204301075 0.645161290322581 3.79155007721003 2 2 0 
0 800 6.8 14 0.476814516129032 0.401209677419355 44.1163235095582 2 -2 0 
1 810 4.6 16 0.467293906810036 0.634072580645161 6.20680091170792 2 2 0 
0 810 6.8 14 0.434422750424448 0.516129032258065 0 2 -2 0 
1 820 4.6 16 0.472782258064516 0.608870967741936 4.68089679526175 2 2 0 
0 820 6.8 14 0.360887096774194 0.443548387096774 0 2 -2 0 
1 830 4.6 16 0.570967741935484 0.577620967741936 16.8372313098026 2 2 0 
0 830 6.8 14 0.534274193548387 0.189516129032258 17.6772804100781 2 -2 0 
1 840 4.6 16 0.482809847198642 0.445967741935484 42.6181404524667 2 2 0 
0 840 6.8 14 0.399462365591398 0.248991935483871 12.8694962656538 2 -2 0 
1 850 4.6 16 0.414247311827957 0.470967741935484 30.7665772301614 2 2 0 
0 850 6.8 14 0.39616935483871 0.278225806451613 15.3521797000359 2 -2 0 
1 860 4.6 16 0.45866935483871 0.435483870967742 20.0413015578115 2 2 0 
0 860 6.8 14 0.449596774193548 0.385483870967742 20.0330847497973 2 -2 0 
1 870 4.6 16 0.426944971537002 0.419354838709677 22.3645667246694 2 1 0 
0 870 6.8 15 0.428763440860215 0.461290322580645 11.5830567080982 2 -1 0 
1 880 4.6 16 0.406810035842294 0.510483870967742 20.8108464749694 2 1 0 
0 880 6.8 15 0.383064516129032 0.448387096774194 8.70674617966003 2 -1 0 
1 890 4.6 16 0.496370967741935 0.536290322580645 22.5724890558598 2 1 0 
0 890 6.8 15 0.435850439882698 0.437903225806452 7.67884967293234 2 -1 0 
1 900 4.6 17 0.498954599761051 0.529569892473118 14.3027005738207 2 2 0 
0 900 6.8 15 0.370967741935484 0.479032258064516 7.01449701611988 2 -2 0 
1 910 4.6 17 0.440789473684211 0.442204301075269 11.8733708460783 2 2 0 
0 910 6.8 15 0.383995037220844 0.525 7.72752211117408 2 -2 0 
1 920 4.6 17 0.60241935483871 0.498655913978495 7.80551932691632 2 2 0 
0 920 6.8 15 0.40625 0.498991935483871 4.15711247706478 2 -2 0 
1 930 4.6 17 0.479354838709677 0.415322580645161 34.0306177090336 2 2 0 
0 930 6.8 15 0.405017921146953 0.465725806451613 12.4658341545632 2 -2 0 
1 940 4.6 17 0.459072580645161 0.406451612903226 41.1186048317302 2 2 0 
0 940 6.8 15 0.407661290322581 0.4375 10.5929567281178 2 -2 0 
1 950 4.6 17 0.59125636672326 0.513709677419355 24.8386091027809 2 1 0 
0 950 6.8 16 0.444758064516129 0.358870967741936 22.3123761131238 2 -1 0 
1 960 4.6 17 0.467558651026393 0.554838709677419 5.07656649628982 2 1 0 
0 960 6.8 16 0.393511730205279 0.324596774193548 16.6421237078669 2 -1 0 
1 970 4.6 17 0.403225806451613 0.49758064516129 5.20571668719215 2 1 0 
0 970 6.8 16 0.418094758064516 0.32258064516129 16.1454821545848 2 -1 0 
1 980 4.6 17 0.505760368663595 0.491935483870968 17.9588709305822 2 1 0 
0 980 6.8 16 0.462701612903226 0.401209677419355 20.3167897450445 2 -1 0 
1 990 4.6 18 0.473538306451613 0.516129032258065 13.576339623742 2 2 0 
0 990 6.8 16 0.487327188940092 0.384072580645161 36.3839439032405 2 -2 0 
1 1000 4.6 18 0.411290322580645 0.486895161290323 5.18731407765085 2 2 0 
0 1000 6.8 16 0.447368421052632 0.356182795698925 35.6653191519881 2 -2 0 
1 1010 4.6 18 0.455645161290323 0.517137096774194 11.0170795739393 2 2 0 
0 1010 6.8 16 0.504032258064516 0.362903225806452 25.1832242550228 2 -2 0 
1 1020 4.6 18 0.449333800841515 0.476814516129032 34.1784003311294 2 2 0 
0 1020 6.8 16 0.416078629032258 0.385752688172043 23.870822194646 2 -2 0 
1 1030 4.6 18 0.442652329749104 0.516935483870968 28.8215034653872 2 1 0 
0 1030 6.8 17 0.386520737327189 0.289314516129032 25.2568405236358 2 -1 0 
1 1040 4.6 18 0.597043010752688 0.554032258064516 26.9604458679325 2 1 0 
0 1040 6.8 17 0.374663978494624 0.308870967741935 29.9811940147732 2 -1 0 
1 1050 4.6 19 0.502688172043011 0.629032258064516 21.5703169478676 2 2 0 
0 1050 6.8 17 0.422715053763441 0.333870967741935 36.8252389535338 2 -2 0 
1 1060 4.6 19 0.460349462365591 0.705645161290323 4.32732410954094 2 2 0 
0 1060 6.8 17 0.403673835125448 0.340322580645161 36.4311784211445 2 -2 0 
1 1070 4.6 19 0.566176470588235 0.744959677419355 6.41593425047633 2 2 1 
0 1070 6.8 17 0.308870967741935 0.307258064516129 33.670801191359 1 -2 -1 
1 1080 4.6 19 0.475614439324117 0.758064516129032 11.3576617520552 2 1 1 
0 1080 6.8 18 0.422379032258065 0.27258064516129 38.1815566558938 1 -1 -1 
1 1090 4.6 19 0.490927419354839 0.698588709677419 5.53742680265495 2 1 1 
0 1090 6.8 18 0.421370967741936 0.320967741935484 35.2713717977875 1 -1 -1 
1 1100 4.6 19 0.618279569892473 0.61491935483871 14.2945750590954 2 1 1 
0 1100 6.8 18 0.626008064516129 0.294354838709677 34.682819514235 1 -1 -1 
1 1110 4.6 19 0.453225806451613 0.474798387096774 18.9293959643401 2 1 1 
0 1110 6.8 18 0.461213517665131 0.256451612903226 24.8771066590074 1 -1 -1 
1 1120 4.6 20 0.441028225806452 0.403225806451613 42.2932101845301 2 2 1 
0 1120 6.8 18 0.456093189964158 0.300806451612903 25.6246247203176 1 -2 -1 
1 1130 4.6 20 0.460777126099707 0.289516129032258 46.971670819315 2 2 1 
0 1130 6.8 18 0.399193548387097 0.376612903225806 21.910635881065 1 -2 -1 
1 1140 4.6 20 0.439292114695341 0.370967741935484 24.5443143425596 2 2 1 
0 1140 6.8 18 0.439340813464236 0.418548387096774 25.0077040499113 1 -2 -1 
1 1150 4.6 20 0.386559139784946 0.390322580645161 3.77544365511334 2 1 1 
0 1150 6.8 19 0.421264855687606 0.483064516129032 31.9603027127034 1 -1 -1 
1 1160 4.6 20 0.427822580645161 0.406451612903226 13.2689787368099 2 1 1 
0 1160 6.8 19 0.5459229390681 0.529032258064516 30.6017621473271 1 -1 -1 
1 1170 4.6 20 0.368279569892473 0.482258064516129 6.29346308078718 2 1 1 
0 1170 6.8 19 0.479646697388633 0.533602150537634 34.012353018426 1 -1 -1 
1 1180 4.6 20 0.393548387096774 0.536290322580645 9.69821860688474 2 1 1 
0 1180 6.8 19 0.435009487666034 0.594758064516129 35.9200501113236 1 -1 -1 
1 1190 4.6 20 0.623487903225806 0.504032258064516 15.0517264943529 2 1 1 
0 1190 6.8 19 0.532568238213399 0.721774193548387 0 1 -1 -1 
1 1200 4.6 21 0.520564516129032 0.537903225806452 28.7261013343815 2 2 1 
0 1200 6.8 19 0.495234604105572 0.568548387096774 0 1 -2 -1 
1 1210 4.6 21 0.778225806451613 0.630645161290323 43.5463501098409 2 2 1 
0 1210 6.8 19 0.693548387096774 0.205645161290323 0 1 -2 -1 
1 1220 4.6 21 0.778225806451613 0.730645161290323 17.3986907545539 2 2 1 
0 1220 6.8 19 0.725806451612903 0.169354838709677 0 1 -2 -1 
1 1230 4.6 21 0.279032258064516 0.764516129032258 5.51976012302966 2 2 1 
0 1230 6.8 19 NaN 0.143145161290323 3.53553390593274 1 -2 -1 
