1 30 9 1 NaN 0.296370967741936 38.3002446076098 3 0 0 
0 30 9.6 1 NaN 0.211021505376344 13.1406453157111 3 0 0 
1 40 9 1 NaN 0.336290322580645 35.3053299895331 3 0 0 
0 40 9.6 1 NaN 0.287298387096774 13.0858976576417 3 0 0 
1 50 9 1 NaN 0.405645161290323 28.6651273077068 3 0 0 
0 50 9.6 1 0.380040322580645 0.359879032258065 20.4550963322903 3 0 0 
1 60 9 1 0.383064516129032 0.453225806451613 24.1316143517573 3 0 0 
0 60 9.6 1 0.383064516129032 0.451612903225806 18.4621476884218 3 0 0 
1 70 9 1 0.402016129032258 0.470967741935484 27.4175663073783 3 0 0 
0 70 9.6 1 0.403024193548387 0.454032258064516 24.1359876579744 3 0 0 
1 80 9 1 0.462514934289128 0.488709677419355 24.1661422106568 3 0 0 
0 80 9.6 1 0.462869623655914 0.434677419354839 19.5822579130143 3 0 0 
1 90 9 1 0.448847926267281 0.464516129032258 26.3725831793953 3 0 0 
0 90 9.6 1 0.395336605890603 0.490322580645161 22.2572217027215 3 0 0 
1 100 9 1 0.456451612903226 0.483870967741936 27.5360059433546 3 0 0 
0 100 9.6 1 0.400853889943074 0.45241935483871 22.8864551538281 3 0 0 
1 110 9 2 0.485439068100358 0.47741935483871 29.9120941575548 3 0 0 
0 110 9.6 2 0.460061443932412 0.424193548387097 34.1794114287691 3 0 0 
1 120 9 2 0.411910669975186 0.469354838709677 27.1977946285013 3 0 0 
0 120 9.6 2 0.383064516129032 0.424193548387097 27.856994800706 3 0 0 
1 130 9 2 0.445564516129032 0.479838709677419 25.152560038793 3 0 0 
0 130 9.6 2 0.383064516129032 0.453225806451613 18.3514056831344 3 0 0 
1 140 9 3 0.504416282642089 0.470766129032258 30.5833261591139 3 1 0 
0 140 9.6 2 0.447772657450077 0.404569892473118 39.4968691122004 3 -1 0 
1 150 9 3 0.426118626430801 0.395161290322581 41.4462815292056 3 0 0 
0 150 9.6 3 0.398064516129032 0.331653225806452 43.4141369830226 3 0 0 
1 160 9 3 0.423548387096774 0.448387096774194 33.2042675145456 3 0 0 
0 160 9.6 3 0.423835125448029 0.370967741935484 34.4995319446255 3 0 0 
1 170 9 3 0.484396914446003 0.479032258064516 21.5950783410362 3 0 0 
0 170 9.6 3 0.467741935483871 0.437903225806452 21.2892085749253 3 0 0 
1 180 9 4 0.42896110056926 0.480645161290323 17.1198725184411 3 1 0 
0 180 9.6 3 0.404001240694789 0.479838709677419 17.0949735623259 3 -1 0 
1 190 9 4 0.411115007012623 0.428225806451613 34.4360116517327 3 0 0 
0 190 9.6 4 0.406341642228739 0.450604838709677 17.0072184590873 3 0 0 
1 200 9 4 0.464456391875747 0.439516129032258 39.0791350799296 3 0 0 
0 200 9.6 4 0.467215988779804 0.429032258064516 34.0100184298012 3 0 0 
1 210 9 5 0.428091397849462 0.391935483870968 39.8366647613751 3 1 0 
0 210 9.6 4 0.412231182795699 0.350806451612903 39.721262801087 3 -1 0 
1 220 9 5 0.453870967741935 0.45241935483871 26.9182649778998 3 1 0 
0 220 9.6 4 0.40195246179966 0.405645161290323 36.4288379303063 3 -1 0 
1 230 9 5 0.489055299539171 0.487096774193548 20.6748900345585 3 1 0 
0 230 9.6 4 0.454584040747029 0.394354838709677 23.9811402109151 3 -1 0 
1 240 9 5 0.441964285714286 0.477822580645161 29.0847074785895 3 0 0 
0 240 9.6 5 0.392402376910017 0.441129032258065 22.0642781130169 3 0 0 
1 250 9 6 0.437237026647966 0.501344086021505 27.9882461043536 3 1 0 
0 250 9.6 5 0.402164685908319 0.481451612903226 18.8164505250326 3 -1 0 
1 260 9 6 0.465880893300248 0.398185483870968 43.0956956711321 3 1 0 
0 260 9.6 5 0.455645161290323 0.445161290322581 20.3961084617157 3 -1 0 
1 270 9 6 0.434963579604579 0.371975806451613 41.8794415647433 3 0 0 
0 270 9.6 6 0.391451612903226 0.489516129032258 25.8463374543224 3 0 0 
1 280 9 6 0.425322580645161 0.431451612903226 34.4826584940272 3 0 0 
0 280 9.6 6 0.383266129032258 0.495161290322581 21.5835780033115 3 0 0 
1 290 9 6 0.493633276740238 0.397849462365591 33.8611217612512 3 0 0 
0 290 9.6 6 0.466092375366569 0.486895161290323 21.3063118911128 3 0 0 
1 300 9 7 0.399865591397849 0.350806451612903 43.0584656720087 3 0 0 
0 300 9.6 7 0.415645161290323 0.51008064516129 20.5959869681358 3 0 0 
1 310 9 7 0.396810850439883 0.412096774193548 37.9431589270577 3 0 0 
0 310 9.6 7 0.400089605734767 0.378024193548387 41.7190731195408 3 0 0 
1 320 9 7 0.471630184331797 0.460685483870968 21.5410585232735 3 0 0 
0 320 9.6 7 0.454749103942652 0.42741935483871 32.084900417619 3 0 0 
1 330 9 7 0.434872922776149 0.469758064516129 17.7152896486691 3 0 0 
0 330 9.6 7 0.402140198511166 0.390322580645161 25.524246656334 3 0 0 
1 340 9 7 0.429873772791024 0.407258064516129 37.4478456578714 3 0 0 
0 340 9.6 7 0.428709677419355 0.435483870967742 20.6741725911344 3 0 0 
1 350 9 7 0.474620493358634 0.441532258064516 29.2867563716564 3 -1 0 
0 350 9.6 8 0.48562412342216 0.482258064516129 18.0212149250397 3 1 0 
1 360 9 8 0.387544802867384 0.4375 27.0516118377051 3 0 0 
0 360 9.6 8 0.396841397849462 0.529838709677419 20.8306524985671 3 0 0 
1 370 9 8 0.401528013582343 0.410282258064516 34.2253044124544 3 0 0 
0 370 9.6 8 0.397071307300509 0.471774193548387 21.7001862462764 3 0 0 
1 380 9 8 0.460433467741936 0.426411290322581 23.6984013967599 3 0 0 
0 380 9.6 8 0.465725806451613 0.467741935483871 37.3677160686173 3 0 0 
1 390 9 8 0.414314516129032 0.375 37.8448604277166 3 -1 0 
0 390 9.6 9 0.402801358234295 0.415322580645161 47.0860397298633 3 1 0 
1 400 9 9 0.38353889943074 0.474798387096774 21.9425299180477 3 0 0 
0 400 9.6 9 0.450436827956989 0.401881720430108 38.4110059802211 3 0 0 
1 410 9 9 0.437855787476281 0.378225806451613 36.7818948762225 3 0 0 
0 410 9.6 9 0.482022849462366 0.461021505376344 22.3654292636589 3 0 0 
1 420 9 9 0.38239247311828 0.386290322580645 28.405646859527 3 0 0 
0 420 9.6 9 0.420087976539589 0.366935483870968 49.6640932157884 3 0 0 
1 430 9 9 0.390860215053763 0.439516129032258 14.1649383548576 3 -1 0 
0 430 9.6 10 0.421554252199414 0.411290322580645 32.726294515529 3 1 0 
1 440 9 10 0.456378299120235 0.449193548387097 14.3005771791424 3 0 0 
0 440 9.6 10 0.485056925996205 0.414314516129032 25.3118413185179 3 0 0 
1 450 9 10 0.398353494623656 0.436290322580645 16.3427645195188 3 0 0 
0 450 9.6 10 0.430510752688172 0.495967741935484 29.7687666921694 3 0 0 
1 460 9 10 0.408964019851117 0.370967741935484 33.9821004005921 3 0 0 
0 460 9.6 10 0.404637096774194 0.502016129032258 34.3873681886513 3 0 0 
1 470 9 10 0.470068238213399 0.425403225806452 25.0370488672269 3 0 0 
0 470 9.6 10 0.485887096774194 0.42741935483871 44.082692230877 3 0 0 
1 480 9 10 0.437668010752688 0.466733870967742 19.3807542568457 3 0 0 
0 480 9.6 10 0.432903225806452 0.479838709677419 23.1542854421697 3 0 0 
1 490 9 11 0.42031490015361 0.454637096774194 20.9296479363382 3 0 0 
0 490 9.6 11 0.416549789621318 0.482258064516129 18.3705571069109 3 0 0 
1 500 9 11 0.456221198156682 0.453629032258065 16.9243580727662 3 0 0 
0 500 9.6 11 0.457661290322581 0.441532258064516 35.0800716071764 3 0 0 
1 510 9 11 0.417562724014337 0.46875 10.3696009910859 3 0 0 
0 510 9.6 11 0.455645161290323 0.481854838709677 25.5089794703958 3 0 0 
1 520 9 11 0.416666666666667 0.399193548387097 37.3072122146952 3 0 0 
0 520 9.6 11 0.406309297912713 0.443548387096774 25.7686187194799 3 0 0 
1 530 9 11 0.422253024193548 0.425403225806452 20.8068710709572 3 0 0 
0 530 9.6 11 0.443836405529954 0.383870967741936 28.3061211488582 3 0 0 
1 540 9 11 0.432027649769585 0.448588709677419 28.4768333566604 3 -1 0 
0 540 9.6 12 0.380893300248139 0.396774193548387 31.3786397845351 3 1 0 
1 550 9 11 0.480222734254992 0.395161290322581 29.8352860855134 3 -1 0 
0 550 9.6 12 0.385836693548387 0.445967741935484 19.5789019521818 3 1 0 
1 560 9 12 0.549059139784946 0.448588709677419 21.5205061212239 3 0 0 
0 560 9.6 12 0.393610421836228 0.426612903225806 19.7124273784361 3 0 0 
1 570 9 12 0.43563321385902 0.456653225806452 17.1749262460413 3 0 0 
0 570 9.6 12 0.390252454417952 0.443548387096774 20.4750405861247 3 0 0 
1 580 9 12 0.409824046920821 0.460685483870968 12.6308177146947 3 0 0 
0 580 9.6 12 0.402016129032258 0.440322580645161 20.0311657125689 3 0 0 
1 590 9 12 0.468488649940263 0.376344086021505 40.6945739605084 3 -1 0 
0 590 9.6 13 0.472722960151803 0.451612903225806 15.2440965173098 3 1 0 
1 600 9 12 0.420794930875576 0.489247311827957 21.8171466168046 3 -1 0 
0 600 9.6 13 0.435794044665012 0.484677419354839 15.7736727296909 3 1 0 
1 610 9 12 0.482117812061711 0.481182795698925 19.550907072793 3 -1 0 
0 610 9.6 13 0.414516129032258 0.437096774193548 17.9671948694162 3 1 0 
1 620 9 12 0.507881231671554 0.393548387096774 33.2820951392782 3 -1 0 
0 620 9.6 13 0.446012544802867 0.45241935483871 19.2414790452613 3 1 0 
1 630 9 12 0.41647465437788 0.436290322580645 25.4265891601368 3 -1 0 
0 630 9.6 13 0.416498655913979 0.464516129032258 17.9306440019716 3 1 0 
1 640 9 12 0.403225806451613 0.413306451612903 15.4207446924479 3 -1 0 
0 640 9.6 13 0.414127837514934 0.504838709677419 24.9053694682593 3 1 0 
1 650 9 13 0.487701612903226 0.407258064516129 19.8210493189239 3 0 0 
0 650 9.6 13 0.444220430107527 0.513104838709677 23.8205944548068 3 0 0 
1 660 9 13 0.413709677419355 0.395161290322581 17.5504819523151 3 -1 0 
0 660 9.6 14 0.445239334027055 0.473790322580645 23.3608963142675 3 1 0 
1 670 9 13 0.401411290322581 0.360887096774194 31.3829338620246 3 -1 0 
0 670 9.6 14 0.383640552995392 0.470766129032258 18.287948111915 3 1 0 
1 680 9 13 0.449596774193548 0.404233870967742 27.7028456274265 3 -1 0 
0 680 9.6 14 0.434017595307918 0.45866935483871 10.0075715603342 3 1 0 
1 690 9 13 0.424777530589544 0.435483870967742 16.0221663215821 3 -1 0 
0 690 9.6 14 0.424059139784946 0.414516129032258 29.0843462740184 3 1 0 
1 700 9 14 0.401528013582343 0.481182795698925 9.5736622526842 3 0 0 
0 700 9.6 14 0.403225806451613 0.42741935483871 23.1696732950321 3 0 0 
1 710 9 14 0.453917050691244 0.157258064516129 0 3 -1 0 
0 710 9.6 15 0.451180875576037 0.494623655913979 9.24097270860055 3 1 0 
1 720 9 14 0.382776497695852 0.334677419354839 0 3 -1 0 
0 720 9.6 15 0.473847926267281 0.491935483870968 5.79165188005428 3 1 0 
1 730 9 14 0.383064516129032 0.30510752688172 10.5706488488122 3 -1 0 
0 730 9.6 15 0.474126344086022 0.474462365591398 12.8965908182075 3 1 0 
1 740 9 14 0.396313364055299 0.279233870967742 21.1135759326229 3 -1 0 
0 740 9.6 15 0.477208976157083 0.428427419354839 38.66326249651 3 1 0 
1 750 9 15 0.381048387096774 0.309475806451613 31.3936574924704 3 0 0 
0 750 9.6 15 0.451360887096774 0.432459677419355 39.8564753235557 3 0 0 
1 760 9 15 0.397465437788018 0.377016129032258 28.9093581574668 3 -1 0 
0 760 9.6 16 0.473240469208211 0.444556451612903 17.5306446214694 3 1 0 
1 770 9 15 0.417657045840407 0.419354838709677 26.6832050015527 3 -1 0 
0 770 9.6 16 0.518675721561969 0.430443548387097 28.7110300025587 3 1 0 
1 780 9 15 0.431003584229391 0.443548387096774 30.8588257836663 3 -1 0 
0 780 9.6 16 0.409629981024668 0.518145161290323 15.6854990172171 3 1 0 
1 790 9 16 0.434475806451613 0.458333333333333 39.3522500523324 3 0 0 
0 790 9.6 16 0.427227342549923 0.459677419354839 38.7733240417275 3 0 0 
1 800 9 16 0.474846390168971 0.44758064516129 49.172955224605 3 0 0 
0 800 9.6 16 0.454435483870968 0.543346774193548 38.267772695392 3 0 0 
1 810 9 16 0.438990182328191 0.399193548387097 43.081891862359 3 0 0 
0 810 9.6 16 0.438814866760168 0.525201612903226 24.4301209531423 3 0 0 
1 820 9 16 0.410330261136713 0.442204301075269 17.7645502398485 3 -1 0 
0 820 9.6 17 0.383266129032258 0.492943548387097 25.422170279262 3 1 0 
1 830 9 16 0.43393300248139 0.481854838709677 17.8465682975747 3 -1 0 
0 830 9.6 17 0.429939516129032 0.294354838709677 43.8787768246467 3 1 0 
1 840 9 16 0.414986559139785 0.377688172043011 42.9918200041826 3 -1 0 
0 840 9.6 17 0.447983870967742 0.35383064516129 32.9338730962262 3 1 0 
1 850 9 16 0.394428152492669 0.423387096774194 29.6816441593117 3 -1 0 
0 850 9.6 17 0.417002688172043 0.377016129032258 15.9618226601396 3 1 0 
1 860 9 16 0.460887096774194 0.286290322580645 37.4833296279826 3 -1 0 
0 860 9.6 17 0.467903225806452 0.517137096774194 9.04835803884786 3 1 0 
1 870 9 17 0.411846496106785 0.341397849462366 32.5933805195742 3 -1 0 
0 870 9.6 18 0.407258064516129 0.533602150537634 8.42487679214307 3 1 0 
1 880 9 17 0.387463343108504 0.314516129032258 24.7585397203943 3 -1 0 
0 880 9.6 18 0.449032258064516 0.408266129032258 34.6068640690123 3 1 0 
1 890 9 17 0.450119474313023 0.326612903225806 26.4084327505057 3 -1 0 
0 890 9.6 18 0.520161290322581 0.409274193548387 21.4273866380319 3 1 0 
1 900 9 17 0.442772952853598 0.317204301075269 33.2428671028188 3 -1 0 
0 900 9.6 18 0.468077956989247 0.438508064516129 35.0103123556721 3 1 0 
1 910 9 17 0.446847507331378 0.303427419354839 23.8306516545604 3 -1 0 
0 910 9.6 18 0.394393241167435 0.51008064516129 23.9365470281197 3 1 0 
1 920 9 17 0.471975806451613 0.367943548387097 12.9485456165396 3 -1 0 
0 920 9.6 18 0.425666199158485 0.436290322580645 36.0164085307908 3 1 0 
1 930 9 17 0.396810850439883 0.330645161290323 3.06253357595455 3 -1 0 
0 930 9.6 18 0.462148803329865 0.479032258064516 37.2428132906293 3 1 0 
1 940 9 17 0.383064516129032 0.356182795698925 2.86001446832827 3 -1 0 
0 940 9.6 18 0.457844574780059 0.507258064516129 29.8718110314962 3 1 0 
1 950 9 18 0.43081494057725 0.413306451612903 2.69258240356725 3 -1 0 
0 950 9.6 19 0.487735215053763 0.545698924731183 19.6696049459497 3 1 0 
1 960 9 18 0.396774193548387 0.381048387096774 0.707106781186548 3 -1 0 
0 960 9.6 19 0.452087286527514 0.556451612903226 3.16227766016838 3 1 0 
1 970 9 18 0.383568548387097 0.413306451612903 10.7935165724615 3 -1 0 
0 970 9.6 19 0.436544991511036 0.534274193548387 5.59016994374947 3 1 0 
1 980 9 18 0.408467741935484 0.313172043010753 35.3595658629724 3 -1 0 
0 980 9.6 19 0.499123422159888 0.483870967741936 9.12414379544733 3 1 0 
1 990 9 18 0.34929435483871 0.366935483870968 20.710854787928 3 -1 0 
0 990 9.6 19 0.481286186931348 0.580645161290323 7.43303437365925 3 1 0 
1 1000 9 18 0.379032258064516 0.319556451612903 22.0543819793876 3 -1 0 
0 1000 9.6 19 0.492103494623656 0.612903225806452 4.03112887414927 3 1 0 
1 1010 9 18 0.383736559139785 0.348790322580645 18.2128982675163 3 -1 0 
0 1010 9.6 19 0.627016129032258 0.469086021505376 56.3968863927285 3 1 0 
1 1020 9 19 0.362519201228879 0.349798387096774 17.7691011160392 3 0 0 
0 1020 9.6 19 0.506203473945409 0.345967741935484 48.439473056002 3 0 0 
1 1030 9 19 0.420066413662239 0.324596774193548 19.3517705966523 3 0 0 
0 1030 9.6 19 0.427945301542777 0.399193548387097 33.7040353429408 3 0 0 
1 1040 9 19 0.475554435483871 0.32258064516129 18.027591528861 3 -1 0 
0 1040 9.6 20 0.519969278033794 0.433064516129032 28.3213929455329 3 1 0 
1 1050 9 19 0.359072580645161 0.482862903225806 6.84885880857768 3 -1 0 
0 1050 9.6 20 0.461469534050179 0.434475806451613 31.3284320469136 3 1 0 
1 1060 9 19 0.376344086021505 0.517137096774194 4.97199632297188 3 -1 0 
0 1060 9.6 20 0.401576246334311 0.482862903225806 20.5240622331805 3 1 0 
1 1070 9 20 0.428427419354839 0.510752688172043 12.5216607750343 3 0 0 
0 1070 9.6 20 0.543458781362007 0.481182795698925 14.4285276881817 3 0 0 
1 1080 9 20 0.386328725038402 0.442204301075269 8.38176084819972 3 0 0 
0 1080 9.6 20 0.47438330170778 0.451612903225806 7.07106781186548 3 0 0 
1 1090 9 20 0.400245441795231 0.435483870967742 7.70871469362437 3 0 0 
0 1090 9.6 20 0.427631578947368 0.395161290322581 0 3 0 0 
1 1100 9 20 0.420362903225806 0.387096774193548 25.7369967066957 3 0 0 
0 1100 9.6 20 0.459229390681004 0.471774193548387 0 3 0 0 
1 1110 9 20 0.438211574952562 0.452956989247312 20.6625704168698 3 0 0 
0 1110 9.6 20 0.381804435483871 0.435483870967742 0 3 0 0 
1 1120 9 20 0.506804435483871 0.545698924731183 12.5876348313251 3 0 0 
0 1120 9.6 20 0.384250474383302 0.282258064516129 33.1360830515618 3 0 0 
1 1130 9 20 0.555727874276261 0.490927419354839 45.6116721090774 3 0 0 
0 1130 9.6 20 0.385304659498208 0.36491935483871 24.0104144070859 3 0 0 
1 1140 9 21 0.517595307917889 0.582661290322581 31.792105343423 3 1 0 
0 1140 9.6 20 0.389662756598241 0.283266129032258 23.1404402435084 3 -1 0 
1 1150 9 21 0.541708669354839 0.577956989247312 31.678401893299 3 1 0 
0 1150 9.6 20 0.379032258064516 0.265120967741936 13.6623648649815 3 -1 0 
1 1160 9 21 0.588407258064516 0.532258064516129 30.2888972622963 3 0 0 
0 1160 9.6 21 0.489247311827957 0.292741935483871 19.1036904663995 3 0 0 
1 1170 9 21 0.531201996927803 0.48252688172043 16.520870430051 3 0 0 
0 1170 9.6 21 0.318548387096774 0.304032258064516 26.0329842908452 3 0 0 
1 1180 9 21 0.522177419354839 0.368279569892473 32.3125278186005 3 0 0 
0 1180 9.6 21 0.384576612903226 0.349193548387097 26.8661274666086 3 0 0 
1 1190 9 21 0.537058371735791 0.428763440860215 15.6171404244196 3 0 0 
0 1190 9.6 21 0.411527514231499 0.405645161290323 23.7232061211175 3 0 0 
1 1200 9 21 0.501120071684588 0.364247311827957 7.78408251302563 3 0 0 
0 1200 9.6 21 0.42741935483871 0.457258064516129 16.5446882740669 3 0 0 
1 1210 9 21 0.435987903225806 0.336021505376344 2.61615534105452 3 0 0 
0 1210 9.6 21 0.447156196943973 0.512903225806452 19.0256364899048 3 0 0 
1 1220 9 21 0.475604838709677 0.326612903225806 28.4094939716985 3 0 0 
0 1220 9.6 21 0.486895161290323 0.525806451612903 12.0483427874349 3 0 0 
1 1230 9 21 0.496975806451613 0.326612903225806 28.58244025028 3 0 0 
0 1230 9.6 21 0.408509454949944 0.516129032258065 7.60691344356872 3 0 0 
1 1240 9 21 0.455789170506912 0.304435483870968 38.5833932128176 3 0 0 
0 1240 9.6 21 0.380040322580645 0.490927419354839 9.63809501298946 3 0 0 
1 1250 9 21 0.498178980228928 0.501344086021505 10.1308536701212 3 0 0 
0 1250 9.6 21 NaN 0.381048387096774 6.42287828588216 3 0 0 
1 1260 9 21 0.486121530382596 0.506720430107527 7.01719549713628 3 0 0 
0 1260 9.6 21 0.363799283154122 0.370967741935484 16.6677725901064 3 0 0 
1 1270 9 22 0.498569198751301 0.473118279569893 5.52854743326884 3 1 0 
0 1270 9.6 21 0.403846153846154 0.419354838709677 35.5612301687198 3 -1 0 
1 1280 9 22 0.597475455820477 0.510752688172043 5.35118324663674 3 1 0 
0 1280 9.6 21 0.394585253456221 0.473790322580645 25.9662828137108 3 -1 0 
1 1290 9 22 0.493788142981691 0.498655913978495 16.2222979104774 3 1 0 
0 1290 9.6 21 0.379032258064516 0.42741935483871 26.8871082059211 3 -1 0 
1 1300 9 22 0.411290322580645 0.41633064516129 19.4858700853429 3 0 0 
0 1300 9.6 22 0.367319508448541 0.243951612903226 36.2008287197959 3 0 0 
1 1310 9 22 0.541834677419355 0.508064516129032 24.2514159583018 3 0 0 
0 1310 9.6 22 0.358870967741936 0.258064516129032 30.2654919008431 3 0 0 
1 1320 9 22 0.493682795698925 0.536290322580645 29.0589961561047 3 0 0 
0 1320 9.6 22 0.360887096774194 0.286290322580645 9.17877987534291 3 0 0 
1 1330 9 22 0.426290322580645 0.495967741935484 5.66951108079579 3 0 0 
0 1330 9.6 22 0.377822580645161 0.330645161290323 13.6473440639562 3 0 0 
1 1340 9 22 0.473886328725038 0.506048387096774 5.00321690368208 3 0 0 
0 1340 9.6 22 0.397657450076805 0.306451612903226 21.9544984001002 3 0 0 
1 1350 9 22 0.47334229390681 0.561491935483871 13.0240922996746 3 0 0 
0 1350 9.6 22 0.378024193548387 0.300403225806452 26.1007662722764 3 0 0 
1 1360 9 22 0.467741935483871 0.628024193548387 14.2969657647966 3 0 0 
0 1360 9.6 22 0.363799283154122 0.229032258064516 23.4961851443255 3 0 0 
1 1370 9 23 0.59211189516129 0.6875 5.24341254084423 3 1 0 
0 1370 9.6 22 0.340725806451613 0.27258064516129 19.1943575797657 3 -1 0 
1 1380 9 23 0.533327847267939 0.69489247311828 5.05091312698694 3 1 0 
0 1380 9.6 22 0.280529953917051 0.26008064516129 10.828788295473 3 -1 0 
1 1390 9 23 0.587609970674487 0.684139784946237 9.86544169219074 3 1 1 
0 1390 9.6 22 NaN 0.268145161290323 5.04194398859255 2 -1 -1 
1 1400 9 23 0.670946519524618 0.53494623655914 30.6249481627036 3 1 1 
0 1400 9.6 22 NaN 0.233870967741935 13.6680897412862 2 -1 -1 
1 1410 9 23 0.536384096024006 0.336693548387097 28.2179021190449 3 1 1 
0 1410 9.6 22 0.257795698924731 0.257056451612903 15.1535708047681 2 -1 -1 
1 1420 9 23 0.51079604578564 0.368951612903226 8.0156097709407 3 1 2 
0 1420 9.6 22 0.282258064516129 0.217741935483871 21.0915433435206 1 -1 -2 
1 1430 9 23 0.66519250780437 0.415322580645161 22.61083810919 3 1 2 
0 1430 9.6 22 0.282258064516129 0.23991935483871 24.9915943363584 1 -1 -2 
1 1440 9 23 0.512588512981904 0.368279569892473 50.0029511937391 3 1 2 
0 1440 9.6 22 0.29531490015361 0.285282258064516 22.957016449192 1 -1 -2 
1 1450 9 23 0.487007168458781 0.381720430107527 51.8728158943625 3 0 2 
0 1450 9.6 23 0.351280834914611 0.237096774193548 30.1745912155541 1 0 -2 
1 1460 9 23 0.666218637992832 0.451612903225806 16.7051759455881 3 0 2 
0 1460 9.6 23 0.351280834914611 0.280645161290323 21.9002523886999 1 0 -2 
1 1470 9 23 0.529817487266553 0.381048387096774 28.0803375627755 3 0 2 
0 1470 9.6 23 0.315860215053763 0.308064516129032 17.7122552714054 1 0 -2 
1 1480 9 23 0.528581593927894 0.297379032258065 18.1538592101505 3 0 2 
0 1480 9.6 23 0.39573732718894 0.306451612903226 22.9260601129455 1 0 -2 
1 1490 9 23 0.578870967741935 0.42741935483871 10.1179826022165 3 0 2 
0 1490 9.6 23 0.417786738351255 0.349193548387097 30.8745280837593 1 0 -2 
1 1500 9 24 0.471652003910068 0.529838709677419 10.4213257549674 3 1 2 
0 1500 9.6 23 0.34133064516129 0.313508064516129 25.2173130166249 1 -1 -2 
1 1510 9 24 0.452452956989247 0.55241935483871 15.6158901331768 3 1 2 
0 1510 9.6 23 0.369544592030361 0.300403225806452 28.8044124862747 1 -1 -2 
1 1520 9 24 0.615962180200223 0.594758064516129 8.08197086145375 3 1 2 
0 1520 9.6 23 0.300179211469534 0.316532258064516 38.347098977628 1 -1 -2 
1 1530 9 24 0.581744868035191 0.700604838709677 6.0638443181192 3 1 2 
0 1530 9.6 23 0.290796963946869 0.290322580645161 15.2315462117278 1 -1 -2 
1 1540 9 24 0.670848267622461 0.716733870967742 3.57373203181657 3 1 3 
0 1540 9.6 23 0.228494623655914 0.227822580645161 5.40832691319598 0 -1 -3 
1 1550 9 24 0.71415770609319 0.729838709677419 4.65164820932014 3 1 3 
0 1550 9.6 23 0.228494623655914 0.205645161290323 3.04138126514911 0 -1 -3 
1 1560 9 24 0.741935483870968 0.77116935483871 3.81024538706907 3 1 3 
0 1560 9.6 23 0.209677419354839 NaN NaN 0 -1 -3 
1 1570 9 24 0.788412563667233 0.793010752688172 3.45199707060605 3 1 3 
0 1570 9.6 23 NaN 0.145161290322581 0 0 -1 -3 
