1 30 7 1 NaN 0.253125 20.1114909691788 3 0 0 
0 30 10.6 1 NaN 0.23828125 23.6396210064086 3 0 0 
1 40 7 1 NaN 0.28203125 30.852031421381 3 0 0 
0 40 10.6 1 NaN 0.2640625 26.632818392098 3 0 0 
1 50 7 1 0.39453125 0.35703125 36.1884287037033 3 0 0 
0 50 10.6 1 0.36328125 0.3078125 31.0719325111453 3 0 0 
1 60 7 1 0.401041666666667 0.4515625 32.7157461679756 3 0 0 
0 60 10.6 1 0.368489583333333 0.44140625 39.9661225565433 3 0 0 
1 70 7 1 0.4138671875 0.50859375 38.9992158060727 3 0 0 
0 70 10.6 1 0.3857421875 0.4484375 41.9592992274384 3 0 0 
1 80 7 1 0.499813988095238 0.5125 41.2749624395903 3 0 0 
0 80 10.6 1 0.435872395833333 0.4484375 42.2498736326465 3 0 0 
1 90 7 1 0.435965401785714 0.5015625 47.8663470676135 3 0 0 
0 90 10.6 1 0.422384510869565 0.474609375 49.744867296218 3 0 0 
1 100 7 1 0.4013671875 0.503125 48.7986056161079 3 0 0 
0 100 10.6 1 0.42680027173913 0.46953125 45.6867428976113 3 0 0 
1 110 7 2 0.456730769230769 0.48671875 42.454780726299 3 0 0 
0 110 10.6 2 0.420673076923077 0.46015625 42.0764978324374 3 0 0 
1 120 7 2 0.436557112068966 0.4796875 41.2138667281167 3 0 0 
0 120 10.6 2 0.421496975806452 0.47734375 40.8573452616683 3 0 0 
1 130 7 3 0.469401041666667 0.503125 42.0052960462707 3 1 0 
0 130 10.6 2 0.4076171875 0.45625 40.3847725338645 3 -1 0 
1 140 7 3 0.492885044642857 0.503125 41.6284058976406 3 0 0 
0 140 10.6 3 0.431423611111111 0.44921875 43.9715192750142 3 0 0 
1 150 7 3 0.431361607142857 0.52109375 43.4913269558238 3 0 0 
0 150 10.6 3 0.400752314814815 0.44140625 43.4707875724312 3 0 0 
1 160 7 3 0.44233630952381 0.5015625 39.1910707981143 3 0 0 
0 160 10.6 3 0.386284722222222 0.45546875 41.470001762216 3 0 0 
1 170 7 4 0.499255952380952 0.49453125 39.4492543257336 3 0 0 
0 170 10.6 4 0.45703125 0.45625 42.2736022826931 3 0 0 
1 180 7 4 0.420625 0.513671875 49.6104357550302 3 0 0 
0 180 10.6 4 0.414663461538462 0.38671875 54.4053656078506 3 0 0 
1 190 7 4 0.4134765625 0.4859375 43.531160487093 3 0 0 
0 190 10.6 4 0.393002717391304 0.40625 56.5897012198937 3 0 0 
1 200 7 4 0.475748697916667 0.4484375 46.9751282816164 3 0 0 
0 200 10.6 4 0.451334635416667 0.36875 49.189869557401 3 0 0 
1 210 7 5 0.424665178571429 0.4375 43.7255700904722 3 1 0 
0 210 10.6 4 0.418118990384615 0.415625 40.9734383234146 3 -1 0 
1 220 7 5 0.442708333333333 0.465625 33.4087569346761 3 0 0 
0 220 10.6 5 0.390625 0.44921875 38.1840710161375 3 0 0 
1 230 7 5 0.469050480769231 0.4859375 37.28987377523 3 0 0 
0 230 10.6 5 0.445822010869565 0.4671875 42.1381995383887 3 0 0 
1 240 7 6 0.438527960526316 0.49921875 41.6195826158544 3 0 0 
0 240 10.6 6 0.398287259615385 0.4625 41.0410216483809 3 0 0 
1 250 7 6 0.423735119047619 0.48984375 39.6092130017066 3 0 0 
0 250 10.6 6 0.387109375 0.49609375 48.592116531036 3 0 0 
1 260 7 6 0.454012784090909 0.521875 39.8579679967139 3 0 0 
0 260 10.6 6 0.439918154761905 0.48203125 47.3743905477484 3 0 0 
1 270 7 6 0.4084375 0.521875 39.51733042156 3 0 0 
0 270 10.6 6 0.396175986842105 0.43984375 47.044024189837 3 0 0 
1 280 7 6 0.4583984375 0.521875 35.981626975213 3 0 0 
0 280 10.6 6 0.384375 0.4265625 41.2111827685768 3 0 0 
1 290 7 6 0.458854166666667 0.5125 26.2272071219477 3 -1 0 
0 290 10.6 7 0.438939144736842 0.42890625 37.601015703882 3 1 0 
1 300 7 7 0.4378125 0.49375 15.4504417674985 3 0 0 
0 300 10.6 7 0.410688920454545 0.46015625 30.6599314768786 3 0 0 
1 310 7 7 0.43359375 0.50703125 7.05334714461246 3 0 0 
0 310 10.6 7 0.388671875 0.470703125 14.1956246416897 3 0 0 
1 320 7 7 0.4658203125 0.53515625 8.40683199466453 3 0 0 
0 320 10.6 7 0.428786057692308 0.427083333333333 6.16581772728818 3 0 0 
1 330 7 7 0.431895380434783 0.56328125 8.74798412146427 3 0 0 
0 330 10.6 7 0.4255859375 0.4169921875 9.32905810188749 3 0 0 
1 340 7 7 0.448125 0.54921875 14.2610977493421 3 0 0 
0 340 10.6 7 0.401875 0.375 56.3672663188798 3 0 0 
1 350 7 7 0.466238839285714 0.48203125 24.2963209437969 3 0 0 
0 350 10.6 7 0.424045138888889 0.271875 56.8249585907826 3 0 0 
1 360 7 8 0.446759259259259 0.425 47.7027200542828 3 1 0 
0 360 10.6 7 0.43701171875 0.35234375 47.8945463621364 3 -1 0 
1 370 7 8 0.462180397727273 0.46796875 46.2861512450719 3 0 0 
0 370 10.6 8 0.397135416666667 0.42578125 49.7960687607527 3 0 0 
1 380 7 8 0.4966796875 0.5078125 34.1748995686125 3 0 0 
0 380 10.6 8 0.414473684210526 0.45546875 47.8479379931809 3 0 0 
1 390 7 8 0.426700367647059 0.50234375 20.4760738787218 3 0 0 
0 390 10.6 8 0.457236842105263 0.4546875 34.0811318403469 3 0 0 
1 400 7 8 0.419456845238095 0.5380859375 7.10132475875924 3 0 0 
0 400 10.6 8 0.401041666666667 0.44140625 18.0182313366284 3 0 0 
1 410 7 9 0.472098214285714 0.541015625 5.1145702020586 3 0 0 
0 410 10.6 9 0.423828125 0.4423828125 18.9537231763349 3 0 0 
1 420 7 9 0.417791193181818 0.572265625 5.65874767015969 3 0 0 
0 420 10.6 9 0.454296875 0.432291666666667 23.3176227444383 3 0 0 
1 430 7 9 0.421875 0.478125 38.7865943784662 3 0 0 
0 430 10.6 9 0.392323369565217 0.33984375 47.348768889338 3 0 0 
1 440 7 9 0.464704241071429 0.4609375 22.3836094151428 3 0 0 
0 440 10.6 9 0.436141304347826 0.26953125 41.1411365454272 3 0 0 
1 450 7 10 0.468052455357143 0.5 27.4982203771273 3 1 0 
0 450 10.6 9 0.419456845238095 0.291015625 23.9645121933108 3 -1 0 
1 460 7 10 0.431285511363636 0.5125 32.5287870381383 3 1 0 
0 460 10.6 9 0.375616776315789 0.42890625 48.7539746772211 3 -1 0 
1 470 7 10 0.4443359375 0.503125 42.3560648537511 3 0 0 
0 470 10.6 10 0.411534926470588 0.4421875 53.4972245065318 3 0 0 
1 480 7 11 0.467927631578947 0.540625 51.4124017977967 3 1 0 
0 480 10.6 10 0.380126953125 0.4228515625 48.6800742054711 3 -1 0 
1 490 7 11 0.43701171875 0.49921875 52.2995916026649 3 1 0 
0 490 10.6 10 0.37593005952381 0.4443359375 46.6865411745098 3 -1 0 
1 500 7 11 0.43359375 0.484375 22.3816578111072 3 1 0 
0 500 10.6 10 0.434244791666667 0.41484375 41.1548612498046 3 -1 0 
1 510 7 11 0.46953125 0.51171875 10.5628720879449 3 1 0 
0 510 10.6 10 0.416015625 0.46796875 10.6325252704775 3 -1 0 
1 520 7 11 0.423665364583333 0.4990234375 4.58608448428675 3 1 0 
0 520 10.6 10 0.415219907407407 0.49921875 1.78742260621528 3 -1 0 
1 530 7 11 0.4482421875 0.453125 8 3 0 0 
0 530 10.6 11 0.440494791666667 0.552734375 4.14649150107319 3 0 0 
1 540 7 11 0.463068181818182 0.416666666666667 11.2846982189932 3 0 0 
0 540 10.6 11 0.418817934782609 0.52265625 31.77808391005 3 0 0 
1 550 7 11 0.4013671875 0.48828125 33.9558536926993 3 0 0 
0 550 10.6 11 0.429976851851852 0.5375 32.5758271864235 3 0 0 
1 560 7 11 0.4294921875 0.41796875 47.51282762084 3 0 0 
0 560 10.6 11 0.437109375 0.5359375 34.0870331902771 3 0 0 
1 570 7 11 0.438878676470588 0.4716796875 34.4548395110587 3 0 0 
0 570 10.6 11 0.438038793103448 0.5078125 25.5412670764786 3 0 0 
1 580 7 12 0.46390625 0.40234375 40.9295094119198 3 0 0 
0 580 10.6 12 0.39546130952381 0.466796875 38.3537790835792 3 0 0 
1 590 7 12 0.46484375 0.46328125 35.5178362724547 3 0 0 
0 590 10.6 12 0.442057291666667 0.453125 43.2076527896647 3 0 0 
1 600 7 12 0.474175347222222 0.50390625 13.3407363312072 3 0 0 
0 600 10.6 12 0.463994565217391 0.4796875 40.2603843046098 3 0 0 
1 610 7 12 0.4287109375 0.557291666666667 11.8641966872285 3 0 0 
0 610 10.6 12 0.392832880434783 0.43671875 25.6703158386898 3 0 0 
1 620 7 12 0.4470703125 0.5400390625 15.2186622536521 3 0 0 
0 620 10.6 12 0.436060855263158 0.411458333333333 16.7747376977113 3 0 0 
1 630 7 12 0.462053571428571 0.4515625 34.9296962352303 3 0 0 
0 630 10.6 12 0.430930397727273 0.4484375 6.49814461522445 3 0 0 
1 640 7 12 0.431818181818182 0.432291666666667 25.2152456117721 3 -1 0 
0 640 10.6 13 0.38453125 0.45703125 3.10595677719046 3 1 0 
1 650 7 12 0.443830818965517 0.494791666666667 6.05591344952588 3 -1 0 
0 650 10.6 13 0.413254310344828 0.453125 6.96003224146127 3 1 0 
1 660 7 12 0.42578125 0.49609375 1.4142135623731 3 -1 0 
0 660 10.6 13 0.437736742424242 0.4658203125 14.2917137221896 3 1 0 
1 670 7 12 0.398828125 0.4033203125 32.1547857070932 3 -1 0 
0 670 10.6 13 0.469254032258065 0.46875 18.7057309823947 3 1 0 
1 680 7 13 0.39404296875 0.392578125 32.8675985047827 3 0 0 
0 680 10.6 13 0.486049107142857 0.3798828125 46.8390385067337 3 0 0 
1 690 7 13 0.392728365384615 0.42578125 37.2039899087152 3 0 0 
0 690 10.6 13 0.4931640625 0.4267578125 41.1110264257792 3 0 0 
1 700 7 13 0.390625 0.4484375 47.6909544543306 3 -1 0 
0 700 10.6 14 0.461216517857143 0.4873046875 34.9461149555343 3 1 0 
1 710 7 13 0.39453125 0.4375 49.5725708312456 3 -1 0 
0 710 10.6 14 0.448929398148148 0.49609375 39.4206129233537 3 1 0 
1 720 7 13 0.39453125 0.48359375 54.6165493026933 3 -1 0 
0 720 10.6 14 0.421669407894737 0.529296875 36.6390162513475 3 1 0 
1 730 7 14 0.400568181818182 0.50859375 49.1584837915543 3 0 0 
0 730 10.6 14 0.437872023809524 0.5078125 34.1360525008166 3 0 0 
1 740 7 14 0.404541015625 0.4296875 29.9243877806244 3 0 0 
0 740 10.6 14 0.4609375 0.529296875 29.0114350407076 3 0 0 
1 750 7 14 0.4455078125 0.5234375 28.0058285384481 3 0 0 
0 750 10.6 14 0.419819078947368 0.451171875 29.9958056032189 3 0 0 
1 760 7 14 0.436079545454545 0.53359375 27.6146489012382 3 0 0 
0 760 10.6 14 0.396739130434783 0.440104166666667 3.30661155413391 3 0 0 
1 770 7 14 0.448929398148148 0.52890625 28.5599841857731 3 -1 0 
0 770 10.6 15 0.410993303571429 0.4296875 13.8847733756589 3 1 0 
1 780 7 14 0.467684659090909 0.53671875 12.4077742752554 3 -1 0 
0 780 10.6 15 0.4609375 0.439453125 15.3158251737483 3 1 0 
1 790 7 14 0.421697443181818 0.52578125 6.80157555178443 3 -1 0 
0 790 10.6 15 0.452223557692308 0.465625 34.7037138105403 3 1 0 
1 800 7 15 0.431919642857143 0.5576171875 4.50860782585238 3 0 0 
0 800 10.6 15 0.443359375 0.35703125 48.5204052737226 3 0 0 
1 810 7 15 0.458147321428571 0.47421875 26.5361767709306 3 0 0 
0 810 10.6 15 0.461470170454545 0.443359375 6.87085270546135 3 0 0 
1 820 7 15 0.420703125 0.421875 34.6633269771708 3 -1 0 
0 820 10.6 16 0.438009510869565 0.4453125 4.22624994209433 3 1 0 
1 830 7 15 0.434053308823529 0.43515625 38.0516069201728 3 -1 0 
0 830 10.6 16 0.4826171875 0.408203125 33.7866784421636 3 1 0 
1 840 7 15 0.408052884615385 0.5203125 47.5744016713771 3 -1 0 
0 840 10.6 16 0.4568359375 0.4521484375 35.9424917190691 3 1 0 
1 850 7 15 0.414741847826087 0.4984375 49.4127534629495 3 -1 0 
0 850 10.6 16 0.389026988636364 0.470703125 39.4417211949213 3 1 0 
1 860 7 15 0.44873046875 0.43984375 45.6372747999446 3 -1 0 
0 860 10.6 16 0.410773026315789 0.5 50.0175838352682 3 1 0 
1 870 7 15 0.464164402173913 0.48671875 25.3361755307938 3 -1 0 
0 870 10.6 16 0.4314453125 0.474609375 21.5119897098315 3 1 0 
1 880 7 15 0.4013671875 0.4953125 6.75306930029369 3 -1 0 
0 880 10.6 16 0.396763392857143 0.486328125 14.1638637353916 3 1 0 
1 890 7 16 0.433799342105263 0.525 5.1320862307505 3 0 0 
0 890 10.6 16 0.418724798387097 0.46875 8.16646882300444 3 0 0 
1 900 7 16 0.435431985294118 0.5046875 6.47289381665058 3 0 0 
0 900 10.6 16 0.443818933823529 0.4912109375 6.15088620003353 3 0 0 
1 910 7 16 0.416270380434783 0.48203125 11.3075892506328 3 0 0 
0 910 10.6 16 0.458451704545455 0.53515625 10.0124921972504 3 0 0 
1 920 7 16 0.436990489130435 0.4953125 10.3857842916911 3 0 0 
0 920 10.6 16 0.466056034482759 0.423828125 5.70087712549569 3 0 0 
1 930 7 17 0.485426682692308 0.5390625 7.67177212639722 3 1 0 
0 930 10.6 16 0.447840073529412 0.427734375 5.59016994374947 3 -1 0 
1 940 7 17 0.438639322916667 0.57578125 17.113989225241 3 1 0 
0 940 10.6 16 0.35693359375 NaN NaN 3 -1 0 
1 950 7 17 0.482271634615385 0.60234375 10.546986537849 3 1 0 
0 950 10.6 16 0.36083984375 0.19921875 25.5196003103497 3 -1 0 
1 960 7 17 0.554408482142857 0.6015625 5.64467262036404 3 0 0 
0 960 10.6 17 0.354779411764706 0.20703125 16.9571498100596 3 0 0 
1 970 7 17 0.529829545454545 0.6109375 8.75729174020897 3 0 0 
0 970 10.6 17 0.359375 0.21484375 29.8343891569614 3 0 0 
1 980 7 17 0.483297413793103 0.59296875 5.37723431972148 3 0 0 
0 980 10.6 17 0.376116071428571 0.2724609375 30.2969894646024 3 0 0 
1 990 7 17 0.5390625 0.498046875 19.4677869451699 3 0 0 
0 990 10.6 17 0.325120192307692 0.31953125 36.7398963090509 3 0 0 
1 1000 7 17 0.505580357142857 0.46796875 28.9925777374162 3 0 0 
0 1000 10.6 17 0.337890625 0.33203125 33.2859530552968 3 0 0 
1 1010 7 17 0.56328125 0.465625 16.9667406282803 3 0 0 
0 1010 10.6 17 0.3421875 0.303125 30.4665302680357 3 0 0 
1 1020 7 18 0.530815972222222 0.46015625 22.1999311766504 3 1 0 
0 1020 10.6 17 0.348090277777778 0.314453125 26.0895903445941 3 -1 0 
1 1030 7 18 0.514453125 0.3974609375 14.2297134196495 3 0 0 
0 1030 10.6 18 0.368272569444444 0.3671875 35.5765553605953 3 0 0 
1 1040 7 18 0.562800480769231 0.38046875 36.9299097814753 3 0 0 
0 1040 10.6 18 0.4267578125 0.3349609375 26.0501697652604 3 0 0 
1 1050 7 18 0.565104166666667 0.43125 38.7972504728943 3 0 0 
0 1050 10.6 18 0.358963815789474 0.341796875 36.6281650909005 3 0 0 
1 1060 7 18 0.466099330357143 0.47109375 41.1200001751808 3 0 0 
0 1060 10.6 18 0.375 0.3703125 32.0844300336293 3 0 0 
1 1070 7 19 0.471484375 0.5546875 29.6575962466161 3 1 0 
0 1070 10.6 18 0.373621323529412 0.3640625 35.277348330123 3 -1 0 
1 1080 7 19 0.5029296875 0.57734375 18.0338377936171 3 1 0 
0 1080 10.6 18 0.322443181818182 0.4091796875 33.6285168734541 3 -1 0 
1 1090 7 19 0.4854736328125 0.565625 9.97457529688925 3 1 0 
0 1090 10.6 18 0.376775568181818 0.416666666666667 3.65255626006873 3 -1 0 
1 1100 7 19 0.5997314453125 0.67265625 6.39647819367198 3 1 0 
0 1100 10.6 18 0.4228515625 0.287109375 2.12132034355964 3 -1 0 
1 1110 7 19 0.556829637096774 0.73359375 8.19682233165055 3 1 0 
0 1110 10.6 18 0.381138392857143 0.1953125 4.7169905660283 3 -1 0 
1 1120 7 19 0.55933277027027 0.7359375 4.11901937498036 3 1 0 
0 1120 10.6 18 0.465169270833333 0.20703125 1 3 -1 0 
1 1130 7 20 0.629575892857143 0.78359375 6.23299235067367 3 1 0 
0 1130 10.6 19 0.458984375 0.143229166666667 6.20882988869394 3 -1 0 
1 1140 7 20 0.58251953125 0.73828125 13.9187897804205 3 1 0 
0 1140 10.6 19 0.419189453125 0.2783203125 36.3277318445835 3 -1 0 
1 1150 7 20 0.536164314516129 0.71953125 25.9817421683909 3 1 0 
0 1150 10.6 19 NaN 0.19140625 25.9572552941092 3 -1 0 
1 1160 7 20 0.522615131578947 0.66875 26.2383815964302 3 1 0 
0 1160 10.6 19 0.34375 0.1796875 25.7861455702453 3 -1 0 
1 1170 7 20 0.538028492647059 0.60234375 17.0193010274067 3 1 0 
0 1170 10.6 19 0.295355902777778 0.26953125 19.6391269341258 3 -1 0 
1 1180 7 20 0.554572610294118 0.64765625 4.95909769294697 3 1 0 
0 1180 10.6 19 0.316105769230769 0.2783203125 6.06709198780393 3 -1 0 
1 1190 7 20 0.53505859375 0.6796875 9.99909085187128 3 1 0 
0 1190 10.6 19 0.312144886363636 0.283203125 5.12026835831399 3 -1 0 
1 1200 7 20 0.5076171875 0.68046875 6.25684292210866 3 1 0 
0 1200 10.6 19 0.31875 0.252604166666667 4.15237906963558 3 -1 0 
1 1210 7 21 0.493963068181818 0.6828125 5.33994061337569 3 2 0 
0 1210 10.6 19 0.353759765625 0.396484375 37.7160443312922 3 -2 0 
1 1220 7 21 0.517822265625 0.7373046875 5.370382074979 3 1 0 
0 1220 10.6 20 0.365234375 0.376953125 39.1471582621268 3 -1 0 
1 1230 7 21 0.557842548076923 0.7359375 14.018514026385 3 1 1 
0 1230 10.6 20 0.43046875 0.359375 49.4898979590785 2 -1 -1 
1 1240 7 21 0.483072916666667 0.74296875 15.1139440555461 3 1 1 
0 1240 10.6 20 0.400904605263158 0.54296875 0 2 -1 -1 
1 1250 7 21 0.516666666666667 0.73671875 29.3667430249859 3 1 2 
0 1250 10.6 20 0.394120065789474 NaN NaN 1 -1 -2 
1 1260 7 21 0.572332974137931 0.74296875 17.7285474715793 3 1 2 
0 1260 10.6 20 0.289713541666667 NaN NaN 1 -1 -2 
1 1270 7 22 0.499421296296296 0.728125 20.6115627288906 3 2 2 
0 1270 10.6 20 0.23984375 0.134765625 3.04138126514911 1 -2 -2 
1 1280 7 22 0.566964285714286 0.6796875 35.0353223288414 3 2 2 
0 1280 10.6 20 0.24609375 0.170572916666667 7.44528910730003 1 -2 -2 
1 1290 7 22 0.601984797297297 0.646484375 22.8524803693079 3 2 2 
0 1290 10.6 20 0.251953125 0.26171875 19.6786622074121 1 -2 -2 
1 1300 7 22 0.59079071969697 0.63671875 21.7468461460798 3 2 2 
0 1300 10.6 20 0.39892578125 0.279947916666667 22.7220040071578 1 -2 -2 
1 1310 7 22 0.581269054878049 0.6298828125 32.2029097829456 3 2 2 
0 1310 10.6 20 0.39892578125 0.25 8.89043976546181 1 -2 -2 
1 1320 7 22 0.626429115853659 0.6025390625 30.364311629907 3 2 2 
0 1320 10.6 20 0.353365384615385 0.15625 15.1231732917666 1 -2 -2 
1 1330 7 22 0.61108993902439 0.5283203125 33.1475161090313 3 2 2 
0 1330 10.6 20 0.456430288461538 0.22265625 12.9253033062328 1 -2 -2 
1 1340 7 22 0.605840773809524 0.4248046875 39.6941260470097 3 1 2 
0 1340 10.6 21 0.46875 0.229166666666667 16.5038167465508 1 -1 -2 
1 1350 7 22 0.579282407407407 0.37890625 47.8622476623508 3 1 2 
0 1350 10.6 21 0.408984375 0.236979166666667 11.6635280027103 1 -1 -2 
1 1360 7 22 0.532132056451613 0.39140625 42.9006246801645 3 1 2 
0 1360 10.6 21 0.426106770833333 0.2529296875 19.1356258304274 1 -1 -2 
1 1370 7 22 0.573299632352941 0.4421875 21.4228783166352 3 1 2 
0 1370 10.6 21 0.387586805555556 0.271484375 11.8834675530372 1 -1 -2 
1 1380 7 22 0.566195101351351 0.4671875 27.0998772058463 3 1 2 
0 1380 10.6 21 0.317434210526316 0.2939453125 9.43833792989595 1 -1 -2 
1 1390 7 22 0.533467060810811 0.515625 36.1849897702045 3 1 2 
0 1390 10.6 21 0.371875 0.302734375 7.58656573457028 1 -1 -2 
1 1400 7 22 0.556693412162162 0.53984375 36.1987864078204 3 1 2 
0 1400 10.6 21 0.42734375 0.259765625 13.3549303627063 1 -1 -2 
1 1410 7 22 0.545608108108108 0.50859375 37.8342451652732 3 1 2 
0 1410 10.6 21 0.347935267857143 0.203125 9.19041113836176 1 -1 -2 
1 1420 7 22 0.539440524193548 0.5515625 17.8303466835699 3 1 2 
0 1420 10.6 21 0.36328125 0.1845703125 4.10571558497077 1 -1 -2 
1 1430 7 22 0.559593023255814 0.6140625 16.7008001643899 3 1 2 
0 1430 10.6 21 NaN 0.1767578125 5.77614208823425 1 -1 -2 
1 1440 7 22 0.616159539473684 0.6375 15.5450204626635 3 1 2 
0 1440 10.6 21 0.222098214285714 0.1826171875 2.94389692918618 1 -1 -2 
1 1450 7 22 0.690266927083333 0.68359375 10.8913946459447 3 1 2 
0 1450 10.6 21 0.23828125 0.2265625 19.3803339957534 1 -1 -2 
1 1460 7 23 0.705946180555556 0.7015625 12.5135596812622 3 1 2 
0 1460 10.6 22 0.2353515625 0.2328125 22.071981185876 1 -1 -2 
1 1470 7 23 0.7841796875 0.75078125 14.1329657145399 3 1 3 
0 1470 10.6 22 0.2265625 0.2294921875 11.0751053892068 0 -1 -3 
1 1480 7 23 0.812800480769231 0.790625 15.6716819089267 3 1 3 
0 1480 10.6 22 NaN 0.186197916666667 5.40926005876748 0 -1 -3 
1 1490 7 23 0.812800480769231 0.80859375 5.99717005669621 3 1 3 
0 1490 10.6 22 NaN 0.170572916666667 4.25701163569315 0 -1 -3 
