1 30 4.8 1 NaN 0.214717741935484 5.00960256741098 3 0 0 
0 30 4.2 1 NaN 0.23252688172043 23.4229020890027 3 0 0 
1 40 4.8 1 NaN 0.215725806451613 1.98627496519078 3 0 0 
0 40 4.2 1 NaN 0.258064516129032 32.1521109680089 3 0 0 
1 50 4.8 1 0.370967741935484 0.284274193548387 16.7964248252535 3 0 0 
0 50 4.2 1 0.370967741935484 0.22258064516129 27.1480403248244 3 0 0 
1 60 4.8 1 0.368279569892473 0.441532258064516 26.5507356534217 3 0 0 
0 60 4.2 1 0.368279569892473 0.256451612903226 38.9503581723798 3 0 0 
1 70 4.8 1 0.380645161290323 0.488911290322581 26.802334220353 3 0 0 
0 70 4.2 1 0.380241935483871 0.344354838709677 35.1630274558289 3 0 0 
1 80 4.8 1 0.45952807646356 0.491129032258064 21.8340843231509 3 0 0 
0 80 4.2 1 0.477504244482173 0.423387096774194 31.1334274890632 3 0 0 
1 90 4.8 1 0.422177419354839 0.509677419354839 22.0392372125667 3 0 0 
0 90 4.2 1 0.393667861409797 0.451612903225806 37.8340046273973 3 0 0 
1 100 4.8 2 0.453485023041475 0.491935483870968 27.9925463597629 3 1 0 
0 100 4.2 1 0.380952380952381 0.381451612903226 48.5681108947642 3 -1 0 
1 110 4.8 2 0.519611436950147 0.527217741935484 24.6455272874535 3 0 0 
0 110 4.2 2 0.452822580645161 0.420967741935484 48.9875904881842 3 0 0 
1 120 4.8 2 0.415456989247312 0.511088709677419 26.3470766207894 3 0 0 
0 120 4.2 2 0.405385944700461 0.446774193548387 44.9207369089127 3 0 0 
1 130 4.8 2 0.392961876832845 0.437096774193548 40.8039788791036 3 0 0 
0 130 4.2 2 0.395336605890603 0.469354838709677 33.9436455576089 3 0 0 
1 140 4.8 2 0.48717008797654 0.462701612903226 35.3694140262359 3 -1 0 
0 140 4.2 3 0.478629032258065 0.488709677419355 26.627148654341 3 1 0 
1 150 4.8 3 0.415919952210275 0.487903225806452 41.1899782939758 3 0 0 
0 150 4.2 3 0.41278801843318 0.456451612903226 29.0778379741939 3 0 0 
1 160 4.8 3 0.394109396914446 0.412298387096774 50.559167830906 3 0 0 
0 160 4.2 3 0.405397022332506 0.395967741935484 32.2646882208812 3 0 0 
1 170 4.8 3 0.48900293255132 0.466935483870968 13.3527970346071 3 0 0 
0 170 4.2 3 0.458333333333333 0.443548387096774 14.7653828301576 3 0 0 
1 180 4.8 4 0.436559139784946 0.480645161290323 9.2129704565637 3 1 0 
0 180 4.2 3 0.393920595533499 0.479838709677419 1.84990118229706 3 -1 0 
1 190 4.8 4 0.402889784946237 0.517741935483871 6.00276185122664 3 1 0 
0 190 4.2 3 0.437903225806452 0.443548387096774 0.5 3 -1 0 
1 200 4.8 4 0.493279569892473 0.558064516129032 13.8846067985858 3 1 0 
0 200 4.2 3 0.474313022700119 0.288978494623656 33.6994798274033 3 -1 0 
1 210 4.8 4 0.417408231368187 0.544354838709677 12.0859809916791 3 1 0 
0 210 4.2 3 0.398225806451613 0.283064516129032 31.199942711791 3 -1 0 
1 220 4.8 4 0.375366568914956 0.415322580645161 26.0266354792914 3 0 0 
0 220 4.2 4 0.392281105990783 0.407258064516129 10.873893914257 3 0 0 
1 230 4.8 5 0.474966397849462 0.428225806451613 26.8213571421612 3 1 0 
0 230 4.2 4 0.452741935483871 0.439516129032258 8.10666988849978 3 -1 0 
1 240 4.8 5 0.414784946236559 0.421370967741936 24.3652154173581 3 1 0 
0 240 4.2 4 0.412586405529954 0.468548387096774 5.18286484834602 3 -1 0 
1 250 4.8 5 0.437668010752688 0.488911290322581 35.1944613207295 3 1 0 
0 250 4.2 4 0.402096774193548 0.439516129032258 4.87836201529466 3 -1 0 
1 260 4.8 6 0.527217741935484 0.517137096774194 35.6746116559703 3 1 0 
0 260 4.2 5 0.437903225806452 0.400201612903226 4.17818319352842 3 -1 0 
1 270 4.8 6 0.419205495818399 0.442540322580645 44.9436510928349 3 1 0 
0 270 4.2 5 0.394009216589862 0.354032258064516 30.618622879919 3 -1 0 
1 280 4.8 6 0.417028535980149 0.443548387096774 41.111454946739 3 1 0 
0 280 4.2 5 0.394428152492669 0.426612903225806 21.5308341612526 3 -1 0 
1 290 4.8 7 0.484354838709677 0.483870967741936 39.1174508316388 3 2 0 
0 290 4.2 5 0.468346774193548 0.42741935483871 18.8487087125419 3 -2 0 
1 300 4.8 7 0.434562211981567 0.52258064516129 31.8671339305725 3 2 0 
0 300 4.2 5 0.401881720430108 0.405645161290323 21.9998253394932 3 -2 0 
1 310 4.8 7 0.429590570719603 0.511088709677419 21.7816667309986 3 1 0 
0 310 4.2 6 0.367831541218638 0.386290322580645 36.4977121512695 3 -1 0 
1 320 4.8 7 0.515916808149406 0.533266129032258 23.8273719239509 3 1 0 
0 320 4.2 6 0.455024813895782 0.431451612903226 23.5451892358683 3 -1 0 
1 330 4.8 7 0.420285359801489 0.510483870967742 29.5968178082354 3 1 0 
0 330 4.2 6 0.390681003584229 0.475806451612903 18.8791252787147 3 -1 0 
1 340 4.8 8 0.390029325513196 0.493951612903226 35.7226562020667 3 2 0 
0 340 4.2 6 0.388323983169705 0.503225806451613 18.7027163239562 3 -2 0 
1 350 4.8 8 0.475806451612903 0.508064516129032 29.0821119738008 3 2 0 
0 350 4.2 6 0.438940092165899 0.420161290322581 18.3550788719516 3 -2 0 
1 360 4.8 8 0.442714126807564 0.469758064516129 40.2934663147816 3 1 0 
0 360 4.2 7 0.395917338709677 0.428225806451613 14.164940057477 3 -1 0 
1 370 4.8 8 0.424731182795699 0.434475806451613 39.0102299455671 3 1 0 
0 370 4.2 7 0.380084151472651 0.359677419354839 45.4698251535575 3 -1 0 
1 380 4.8 8 0.476539589442815 0.509072580645161 27.8910012829257 3 1 0 
0 380 4.2 7 0.455995792426367 0.345161290322581 51.9775632518318 3 -1 0 
1 390 4.8 8 0.413018433179723 0.416129032258064 37.7101952167554 3 1 0 
0 390 4.2 7 0.405241935483871 0.41633064516129 38.6859446297634 3 -1 0 
1 400 4.8 9 0.414971949509116 0.449193548387097 28.4929835173228 3 2 0 
0 400 4.2 7 0.403369815668203 0.442204301075269 19.924154299055 3 -2 0 
1 410 4.8 9 0.480161290322581 0.491935483870968 15.0243832010759 3 2 0 
0 410 4.2 7 0.474126344086022 0.477822580645161 2.69258240356725 3 -2 0 
1 420 4.8 9 0.421370967741936 0.513709677419355 6.91018094887045 3 2 0 
0 420 4.2 7 0.441700268817204 0.39247311827957 15.9237673979019 3 -2 0 
1 430 4.8 9 0.403993855606759 0.485483870967742 4.23545033687622 3 1 0 
0 430 4.2 8 0.376051893408135 0.361895161290323 30.3857265831698 3 -1 0 
1 440 4.8 9 0.474706744868035 0.489516129032258 3.99068119099757 3 1 0 
0 440 4.2 8 0.434715821812596 0.389516129032258 29.6320272340684 3 -1 0 
1 450 4.8 9 0.414932362122789 0.483870967741936 4.27159335740197 3 1 0 
0 450 4.2 8 0.423531105990783 0.379838709677419 13.3138688198974 3 -1 0 
1 460 4.8 10 0.410063113604488 0.517741935483871 22.1311458236917 3 2 0 
0 460 4.2 8 0.407407407407407 0.358064516129032 20.1106249328711 3 -2 0 
1 470 4.8 10 0.491223908918406 0.558064516129032 17.5124690225581 3 2 0 
0 470 4.2 8 0.453629032258065 0.34005376344086 21.7917283404636 3 -2 0 
1 480 4.8 10 0.433341733870968 0.581451612903226 16.5310065684231 3 2 0 
0 480 4.2 8 0.409193548387097 0.362903225806452 6.03918196525147 3 -2 0 
1 490 4.8 11 0.436040044493882 0.636290322580645 18.377052351982 3 3 0 
0 490 4.2 8 0.385869565217391 0.227150537634409 24.9356012433266 3 -3 0 
1 500 4.8 11 0.508736559139785 0.626612903225806 17.1967517228941 3 3 0 
0 500 4.2 8 0.413187855787476 0.158266129032258 15.5688178757649 3 -3 0 
1 510 4.8 11 0.460101867572156 0.590322580645161 15.2269601803729 3 2 0 
0 510 4.2 9 0.375775434243176 0.262096774193548 22.3522902242634 3 -2 0 
1 520 4.8 11 0.437741935483871 0.583064516129032 16.4869192751551 3 2 0 
0 520 4.2 9 0.382776497695853 0.338709677419355 20.9133718078182 3 -2 0 
1 530 4.8 11 0.543225806451613 0.589717741935484 15.5773853059711 3 2 0 
0 530 4.2 9 0.463343108504399 0.401209677419355 12.9537318020969 3 -2 0 
1 540 4.8 12 0.465322580645161 0.574596774193548 14.1421205892683 3 3 0 
0 540 4.2 9 0.338709677419355 0.366935483870968 17.0769550266072 3 -3 0 
1 550 4.8 12 0.435205784204672 0.560483870967742 22.1020351380922 3 2 0 
0 550 4.2 10 0.357302867383513 0.412634408602151 23.3426614126761 3 -2 0 
1 560 4.8 12 0.561033724340176 0.448588709677419 49.0564212092542 3 2 0 
0 560 4.2 10 0.401740237691002 0.34375 32.6963145733019 3 -2 0 
1 570 4.8 12 0.478804797353184 0.512096774193548 26.2585522549774 3 2 0 
0 570 4.2 10 0.367319508448541 0.325 37.3818281925421 3 -2 0 
1 580 4.8 12 0.432347670250896 0.395161290322581 25.5511738434813 3 1 0 
0 580 4.2 11 0.397513440860215 0.364516129032258 23.3084534837108 3 -1 0 
1 590 4.8 12 0.528076463560335 0.445564516129032 31.8988912420805 3 1 0 
0 590 4.2 11 0.419721407624633 0.366129032258064 11.3005220761329 3 -1 0 
1 600 4.8 12 0.492165898617512 0.424193548387097 28.0969798225064 3 1 0 
0 600 4.2 11 0.359879032258065 0.414516129032258 16.0492414056563 3 -1 0 
1 610 4.8 13 0.43394777265745 0.476612903225806 14.7758823596866 3 2 0 
0 610 4.2 11 0.359072580645161 0.456653225806452 8.47426887066305 3 -2 0 
1 620 4.8 13 0.452087286527514 0.535786290322581 4.50726322873534 3 2 0 
0 620 4.2 11 0.378225806451613 0.436827956989247 6.76129576149844 3 -2 0 
1 630 4.8 13 0.456256109481916 0.528225806451613 10.6019026651601 3 2 0 
0 630 4.2 11 0.387992831541219 0.411290322580645 0 3 -2 0 
1 640 4.8 13 0.451108870967742 0.526612903225806 9.86751452992464 3 2 0 
0 640 4.2 11 0.38694743130227 0.185483870967742 0 3 -2 0 
1 650 4.8 13 0.49660441426146 0.512903225806452 10.1612096576261 3 2 0 
0 650 4.2 11 0.423232009925558 0.217741935483871 23.3452350598575 3 -2 0 
1 660 4.8 13 0.448055028462998 0.520161290322581 11.2874644344718 3 2 0 
0 660 4.2 11 0.421283309957924 0.304838709677419 23.0841818677053 3 -2 0 
1 670 4.8 14 0.394405241935484 0.561290322580645 6.87583642845764 3 3 0 
0 670 4.2 11 0.407090053763441 0.337701612903226 14.067559142948 3 -3 0 
1 680 4.8 14 0.50828853046595 0.595967741935484 5.21217768728457 3 3 0 
0 680 4.2 11 0.415574596774194 0.341397849462366 7.0770056994355 3 -3 0 
1 690 4.8 14 0.478530950305144 0.636290322580645 2.49852901072102 3 3 0 
0 690 4.2 11 0.409824046920821 0.323924731182796 3.22819383691888 3 -3 0 
1 700 4.8 14 0.427995391705069 0.692741935483871 3.53407477625242 3 3 0 
0 700 4.2 11 0.365783410138249 0.22883064516129 13.5001056470273 3 -3 0 
1 710 4.8 15 0.525806451612903 0.686290322580645 4.82863635993592 3 4 0 
0 710 4.2 11 0.365322580645161 0.193548387096774 15.9276922253661 3 -4 0 
1 720 4.8 15 0.491308243727599 0.620161290322581 4.6715548988347 3 3 0 
0 720 4.2 12 0.385398981324278 0.243951612903226 7.01799359117862 3 -3 0 
1 730 4.8 15 0.507352941176471 0.555645161290323 14.6403777038051 3 3 0 
0 730 4.2 12 0.376344086021505 0.318548387096774 13.1483960557697 3 -3 0 
1 740 4.8 15 0.535394265232975 0.563709677419355 12.3775034509981 3 3 0 
0 740 4.2 12 0.416253101736973 0.304435483870968 22.5320070688673 3 -3 0 
1 750 4.8 15 0.469020456333596 0.594354838709677 11.115412628024 3 3 0 
0 750 4.2 12 0.387096774193548 0.329301075268817 19.3333329956447 3 -3 0 
1 760 4.8 16 0.481646273637375 0.563709677419355 14.5861583216275 3 4 0 
0 760 4.2 12 0.360568760611205 0.344086021505376 8.18264783762239 3 -4 0 
1 770 4.8 16 0.584408602150538 0.607258064516129 15.126139411866 3 4 0 
0 770 4.2 12 0.366599462365591 0.360215053763441 6.73595030480638 3 -4 0 
1 780 4.8 16 0.506490952006294 0.628225806451613 15.7687896417661 3 4 0 
0 780 4.2 12 0.330309139784946 0.281451612903226 23.4506688662801 3 -4 0 
1 790 4.8 16 0.440322580645161 0.657258064516129 10.6487506977521 3 3 0 
0 790 4.2 13 0.338709677419355 0.308467741935484 10.4110456879179 3 -3 0 
1 800 4.8 16 0.607825567502987 0.653225806451613 12.786292372975 3 3 0 
0 800 4.2 13 0.341935483870968 0.316532258064516 9.42518490979823 3 -3 0 
1 810 4.8 16 0.521841397849462 0.59375 15.0279161867383 3 3 0 
0 810 4.2 13 0.295087976539589 0.348118279569892 12.1914457447115 3 -3 0 
1 820 4.8 16 0.514182424916574 0.628024193548387 35.5070727847045 3 3 0 
0 820 4.2 13 0.306451612903226 0.245161290322581 21.7006254350805 3 -3 0 
1 830 4.8 16 0.633064516129032 0.633064516129032 35.4143234156486 3 3 0 
0 830 4.2 13 0.308467741935484 0.217741935483871 18.0284662823807 3 -3 0 
1 840 4.8 16 0.535007331378299 0.512096774193548 58.511398535647 3 2 0 
0 840 4.2 14 0.281137992831541 0.268548387096774 21.5564125077061 3 -2 0 
1 850 4.8 16 0.490322580645161 0.487903225806452 43.4176174795906 3 2 0 
0 850 4.2 14 0.319281524926686 0.363709677419355 30.3513883417215 3 -2 0 
1 860 4.8 17 0.581918505942275 0.509072580645161 18.1222209834046 3 3 0 
0 860 4.2 14 0.319281524926686 0.370967741935484 14.6087616702582 3 -3 0 
1 870 4.8 17 0.476066597294485 0.493951612903226 3.85439431500914 3 3 0 
0 870 4.2 14 0.338387096774194 0.403225806451613 12.3485388285816 3 -3 0 
1 880 4.8 17 0.407433380084151 0.461693548387097 23.0315053330068 3 3 0 
0 880 4.2 14 0.350806451612903 0.458333333333333 5.83258510082612 3 -3 0 
1 890 4.8 17 0.558467741935484 0.459677419354839 28.7506800207449 3 3 0 
0 890 4.2 14 0.361175115207373 0.453629032258065 5.59016994374947 3 -3 0 
1 900 4.8 17 0.484677419354839 0.55 22.4990336201521 3 3 0 
0 900 4.2 14 0.373748609566185 0.324596774193548 6.18465843842649 3 -3 0 
1 910 4.8 17 0.379668930390492 0.523387096774194 26.3181346282943 3 3 0 
0 910 4.2 14 0.385560675883257 0.435483870967742 10.295630140987 3 -3 0 
1 920 4.8 17 0.475094876660342 0.525 23.2493360623563 3 3 0 
0 920 4.2 14 0.421370967741936 0.241935483870968 37.5666075125237 3 -3 0 
1 930 4.8 18 0.471561969439728 0.559677419354839 20.1579371357711 3 4 0 
0 930 4.2 14 0.402524544179523 0.243279569892473 25.4750688316786 3 -4 0 
1 940 4.8 18 0.51659429280397 0.599193548387097 32.3689296833584 3 4 0 
0 940 4.2 14 0.422201138519924 0.30510752688172 21.9632169485204 3 -4 0 
1 950 4.8 18 0.576612903225806 0.64758064516129 32.9726204811953 3 3 0 
0 950 4.2 15 0.395353302611367 0.234879032258065 14.2104972995931 3 -3 0 
1 960 4.8 18 0.511485826001955 0.67258064516129 35.0322441908465 3 3 0 
0 960 4.2 15 0.376764112903226 0.251344086021505 2.51415744421884 3 -3 0 
1 970 4.8 19 0.437903225806452 0.687096774193548 32.5269181511174 3 4 0 
0 970 4.2 15 0.442928039702233 0.241935483870968 3.20265409807929 3 -4 0 
1 980 4.8 19 0.536458333333333 0.668346774193548 35.9372721074564 3 4 0 
0 980 4.2 15 0.457373271889401 0.206653225806452 5.51326373738879 3 -4 0 
1 990 4.8 19 0.492127496159754 0.689516129032258 30.555858612557 3 4 1 
0 990 4.2 15 0.309139784946237 0.252016129032258 3.36149083369767 2 -4 -1 
1 1000 4.8 19 0.461768219832736 0.682459677419355 23.4665621168417 3 4 1 
0 1000 4.2 15 0.354390681003584 0.270967741935484 19.4531903187263 2 -4 -1 
1 1010 4.8 19 0.604058272632674 0.712096774193548 25.2461862252178 3 4 1 
0 1010 4.2 15 0.350230414746544 0.240322580645161 5.78336433258377 2 -4 -1 
1 1020 4.8 20 0.529637096774194 0.662903225806452 39.4822259571591 3 5 1 
0 1020 4.2 15 0.31491935483871 0.258870967741936 15.9793873117298 2 -5 -1 
1 1030 4.8 20 0.507091212458287 0.651209677419355 45.6900491180222 3 5 1 
0 1030 4.2 15 0.396889400921659 0.328225806451613 22.6185270578095 2 -5 -1 
1 1040 4.8 20 0.57905669599218 0.649193548387097 38.9214936181385 3 4 1 
0 1040 4.2 16 0.443548387096774 0.325 34.252448464505 2 -4 -1 
1 1050 4.8 20 0.502649769585253 0.619959677419355 41.1919047061944 3 4 1 
0 1050 4.2 16 0.340880893300248 0.274193548387097 22.8123534136 2 -4 -1 
1 1060 4.8 20 0.492555831265509 0.538306451612903 33.4086256081251 3 4 1 
0 1060 4.2 16 0.338133640552995 0.310483870967742 8.95383751637011 2 -4 -1 
1 1070 4.8 20 0.518026565464896 0.514112903225806 29.1914997881757 3 4 1 
0 1070 4.2 16 0.387096774193548 0.40625 7.13834495823922 2 -4 -1 
1 1080 4.8 20 0.495771046420142 0.388104838709677 30.129295248583 3 4 1 
0 1080 4.2 16 0.344470046082949 0.424395161290323 14.253751451781 2 -4 -1 
1 1090 4.8 20 0.469391495601173 0.431451612903226 14.6646500540908 3 3 1 
0 1090 4.2 17 0.385199240986717 0.453629032258065 25.5578440991869 2 -3 -1 
1 1100 4.8 20 0.54473886328725 0.45866935483871 15.9117975025289 3 3 1 
0 1100 4.2 17 0.434553349875931 0.463709677419355 8.94427190999916 2 -3 -1 
1 1110 4.8 20 0.512333965844402 0.506048387096774 2.61674624508444 3 3 1 
0 1110 4.2 17 0.309139784946237 0.338709677419355 37.7359245282264 2 -3 -1 
1 1120 4.8 20 0.433371735791091 0.522177419354839 5.64304707957604 3 3 1 
0 1120 4.2 17 0.31575682382134 0.298387096774194 24.4131112314674 2 -3 -1 
1 1130 4.8 20 0.510545905707196 0.442741935483871 26.2438568908005 3 3 1 
0 1130 4.2 17 0.356699751861042 0.252016129032258 8.38152730712011 2 -3 -1 
1 1140 4.8 20 0.502217741935484 0.471774193548387 16.0161534787466 3 3 1 
0 1140 4.2 17 0.295218894009217 0.278225806451613 12.8062484748657 2 -3 -1 
1 1150 4.8 20 0.476116625310174 0.508064516129032 12.533145370605 3 3 1 
0 1150 4.2 17 0.377016129032258 0.236559139784946 17.6155923801575 2 -3 -1 
1 1160 4.8 20 0.585378681626928 0.551612903225806 13.3267176425953 3 3 1 
0 1160 4.2 17 0.354528535980149 0.259408602150538 13.3465484336473 2 -3 -1 
1 1170 4.8 20 0.639296187683285 0.707661290322581 15.9615757579348 3 3 1 
0 1170 4.2 17 0.275201612903226 0.255376344086022 15.9188822114581 2 -3 -1 
1 1180 4.8 21 0.711337760910816 0.778225806451613 11.416954113514 3 3 1 
0 1180 4.2 18 0.253225806451613 0.193548387096774 11.0453610171873 2 -3 -1 
1 1190 4.8 21 0.741935483870968 0.817741935483871 9.24714834544413 3 3 1 
0 1190 4.2 18 0.237903225806452 0.13508064516129 13.5830777072061 2 -3 -1 
1 1200 4.8 21 0.752304147465438 0.816129032258065 5.061604968831 3 3 1 
0 1200 4.2 18 0.226310483870968 0.133064516129032 11.5433963806152 2 -3 -1 
1 1210 4.8 21 NaN 0.787634408602151 12.5435785363715 3 3 1 
0 1210 4.2 18 NaN 0.189516129032258 0 2 -3 -1 
