1 30 12.4 1 NaN 0.219354838709677 2.33788522880905 3 0 0 
0 30 8.8 1 NaN 0.292338709677419 32.1080807176031 3 0 0 
1 40 12.4 1 NaN 0.292741935483871 0.968644668079191 3 0 0 
0 40 8.8 1 NaN 0.304838709677419 33.6055458925941 3 0 0 
1 50 12.4 1 0.36491935483871 0.320967741935484 22.5224351062925 3 0 0 
0 50 8.8 1 0.369354838709677 0.375 43.4131366555259 3 0 0 
1 60 12.4 1 0.364247311827957 0.465322580645161 34.2804397938729 3 0 0 
0 60 8.8 1 0.364247311827957 0.433064516129032 24.818325325913 3 0 0 
1 70 12.4 1 0.433573853989813 0.516129032258065 40.1397497766387 3 0 0 
0 70 8.8 1 0.402164685908319 0.445161290322581 30.4414178514079 3 0 0 
1 80 12.4 1 0.471612903225806 0.500806451612903 35.7243585635786 3 0 0 
0 80 8.8 1 0.449066213921902 0.456451612903226 30.3215375592345 3 0 0 
1 90 12.4 1 0.388387096774194 0.505645161290323 36.8610168021786 3 0 0 
0 90 8.8 1 0.404377880184332 0.467741935483871 25.4239128190063 3 0 0 
1 100 12.4 2 0.42741935483871 0.480645161290323 37.1697659076326 3 1 0 
0 100 8.8 1 0.430351906158358 0.445967741935484 32.4134812396088 3 -1 0 
1 110 12.4 2 0.456485215053763 0.492741935483871 41.4126111918087 3 0 0 
0 110 8.8 2 0.453163771712159 0.488709677419355 33.9457958180102 3 0 0 
1 120 12.4 2 0.415712799167534 0.476612903225806 41.7702017731757 3 0 0 
0 120 8.8 2 0.41115127919911 0.481451612903226 37.1802501460787 3 0 0 
1 130 12.4 3 0.429723502304147 0.508870967741936 44.0557891494948 3 1 0 
0 130 8.8 2 0.431067588325653 0.465725806451613 34.114768384349 3 -1 0 
1 140 12.4 3 0.459826762246117 0.489516129032258 47.4564768714046 3 1 0 
0 140 8.8 2 0.45221027479092 0.452620967741936 32.7389796121787 3 -1 0 
1 150 12.4 4 0.429791271347249 0.506451612903226 42.5798803258546 3 1 0 
0 150 8.8 3 0.401929723502304 0.4 30.8580433950213 3 -1 0 
1 160 12.4 4 0.467096774193548 0.508064516129032 38.9365444747058 3 1 0 
0 160 8.8 3 0.41553480475382 0.437903225806452 18.6126843956457 3 -1 0 
1 170 12.4 4 0.492903225806452 0.497983870967742 31.645434291243 3 1 0 
0 170 8.8 3 0.443548387096774 0.483870967741936 23.9248287479564 3 -1 0 
1 180 12.4 4 0.429183467741936 0.472782258064516 25.8069966518376 3 1 0 
0 180 8.8 3 0.405241935483871 0.485483870967742 27.1382499684548 3 -1 0 
1 190 12.4 5 0.433563748079877 0.424395161290323 42.8667451426777 3 1 0 
0 190 8.8 4 0.419171554252199 0.482862903225806 38.745494255872 3 -1 0 
1 200 12.4 5 0.498726655348048 0.421370967741936 35.4357405808918 3 1 0 
0 200 8.8 4 0.440489432703003 0.502016129032258 36.6982741692755 3 -1 0 
1 210 12.4 5 0.400806451612903 0.405645161290323 45.62251580059 3 1 0 
0 210 8.8 4 0.409652217741936 0.439516129032258 33.6816582184133 3 -1 0 
1 220 12.4 5 0.37589605734767 0.419354838709677 42.4007890837083 3 0 0 
0 220 8.8 5 0.476382488479263 0.464516129032258 28.0389534758957 3 0 0 
1 230 12.4 5 0.458828522920204 0.422043010752688 25.9594267407661 3 -1 0 
0 230 8.8 6 0.467148956356736 0.50241935483871 34.4299649014818 3 1 0 
1 240 12.4 6 0.389112903225806 0.375 43.7260453752126 3 0 0 
0 240 8.8 6 0.431573802541544 0.487096774193548 32.110642954519 3 0 0 
1 250 12.4 6 0.375252016129032 0.37741935483871 37.1399774829129 3 0 0 
0 250 8.8 6 0.474228611500701 0.487903225806452 34.1121695684198 3 0 0 
1 260 12.4 6 0.455141129032258 0.35 34.783992426879 3 0 0 
0 260 8.8 6 0.469966629588432 0.519354838709677 32.4964347385465 3 0 0 
1 270 12.4 6 0.385645161290323 0.437096774193548 34.5438639514479 3 0 0 
0 270 8.8 6 0.413082437275986 0.504838709677419 33.6189704976196 3 0 0 
1 280 12.4 6 0.363127240143369 0.481854838709677 30.337735021835 3 -1 0 
0 280 8.8 7 0.480614143920595 0.480846774193548 20.0091139669542 3 1 0 
1 290 12.4 6 0.444124423963134 0.481854838709677 27.257127716351 3 -1 0 
0 290 8.8 7 0.475111234705228 0.460483870967742 20.647880099398 3 1 0 
1 300 12.4 7 0.388680875576037 0.345967741935484 44.719767488608 3 0 0 
0 300 8.8 7 0.400537634408602 0.498387096774194 24.4848834007074 3 0 0 
1 310 12.4 7 0.39247311827957 0.381451612903226 39.2713782261058 3 0 0 
0 310 8.8 7 0.43452380952381 0.479838709677419 33.0611083803794 3 0 0 
1 320 12.4 7 0.469086021505376 0.445967741935484 27.7388211522089 3 0 0 
0 320 8.8 7 0.456201334816463 0.488709677419355 33.2118178841016 3 0 0 
1 330 12.4 7 0.364247311827957 0.448588709677419 23.7530053613011 3 -1 0 
0 330 8.8 8 0.424975562072336 0.510483870967742 36.5710894437118 3 1 0 
1 340 12.4 8 0.374193548387097 0.442540322580645 20.1424016958163 3 0 0 
0 340 8.8 8 0.440284178187404 0.485887096774194 35.8143484174629 3 0 0 
1 350 12.4 8 0.435931899641577 0.404233870967742 38.0817787123204 3 0 0 
0 350 8.8 8 0.466995221027479 0.477822580645161 23.1004541233254 3 0 0 
1 360 12.4 8 0.406970046082949 0.446572580645161 28.4987141847049 3 0 0 
0 360 8.8 8 0.402808676307008 0.400806451612903 36.8730130046215 3 0 0 
1 370 12.4 8 0.460028050490884 0.471774193548387 26.1265265860511 3 0 0 
0 370 8.8 8 0.415673211781206 0.420161290322581 37.6396836601467 3 0 0 
1 380 12.4 8 0.502464157706093 0.42741935483871 33.5028239932137 3 -1 0 
0 380 8.8 9 0.437708565072303 0.455645161290323 30.853740941667 3 1 0 
1 390 12.4 8 0.378299120234604 0.440322580645161 38.5260702483883 3 -1 0 
0 390 8.8 9 0.425219941348974 0.475806451612903 28.8654878747149 3 1 0 
1 400 12.4 9 0.363911290322581 0.476612903225806 35.229530985724 3 0 0 
0 400 8.8 9 0.484354838709677 0.479838709677419 27.9180960663022 3 0 0 
1 410 12.4 9 0.426129032258065 0.470161290322581 34.3712164533487 3 0 0 
0 410 8.8 9 0.505376344086022 0.45 24.6419283879683 3 0 0 
1 420 12.4 9 0.426915322580645 0.475806451612903 33.7196201198658 3 0 0 
0 420 8.8 9 0.436524453694069 0.475806451612903 24.9255248387732 3 0 0 
1 430 12.4 9 0.388824884792627 0.499193548387097 31.3905484502824 3 -1 0 
0 430 8.8 10 0.424923195084485 0.470161290322581 27.0032082156519 3 1 0 
1 440 12.4 10 0.424317617866005 0.516935483870968 34.3604544681213 3 0 0 
0 440 8.8 10 0.436491935483871 0.462903225806452 24.300724210864 3 0 0 
1 450 12.4 10 0.374816715542522 0.516935483870968 34.2600871981491 3 0 0 
0 450 8.8 10 0.407690092165899 0.482258064516129 22.3604822871547 3 0 0 
1 460 12.4 10 0.38009337860781 0.469354838709677 40.997127723106 3 0 0 
0 460 8.8 10 0.437133431085044 0.485483870967742 21.4795624143424 3 0 0 
1 470 12.4 11 0.448387096774194 0.475 38.6257197483235 3 1 0 
0 470 8.8 10 0.470934139784946 0.482862903225806 29.9341912808665 3 -1 0 
1 480 12.4 11 0.417143600416233 0.5 32.6259178317516 3 0 0 
0 480 8.8 11 0.407090053763441 0.461693548387097 19.0394327646598 3 0 0 
1 490 12.4 11 0.413870967741935 0.515120967741936 37.9225981069991 3 0 0 
0 490 8.8 11 0.411840175953079 0.469086021505376 26.7004863210754 3 0 0 
1 500 12.4 11 0.485448807854137 0.521505376344086 31.252217838789 3 0 0 
0 500 8.8 11 0.440483870967742 0.412634408602151 34.7129363091704 3 0 0 
1 510 12.4 12 0.454133064516129 0.510752688172043 32.9289760947471 3 1 0 
0 510 8.8 11 0.399337557603687 0.431451612903226 25.0640085223209 3 -1 0 
1 520 12.4 12 0.481710829493088 0.403225806451613 39.5048582429498 3 1 0 
0 520 8.8 11 0.458064516129032 0.504032258064516 26.2363580939674 3 -1 0 
1 530 12.4 12 0.518145161290323 0.344758064516129 43.1599345467819 3 0 0 
0 530 8.8 12 0.471102150537634 0.395161290322581 53.2415681163617 3 0 0 
1 540 12.4 12 0.443938605619147 0.380040322580645 18.8799909208929 3 0 0 
0 540 8.8 12 0.38 0.411290322580645 46.1632174971512 3 0 0 
1 550 12.4 12 0.443723702664797 0.461693548387097 14.0577674552977 3 0 0 
0 550 8.8 12 0.420967741935484 0.426075268817204 41.2758850193399 3 0 0 
1 560 12.4 12 0.472350230414747 0.418346774193548 43.4407404021124 3 0 0 
0 560 8.8 12 0.449596774193548 0.398185483870968 44.9956592770976 3 0 0 
1 570 12.4 13 0.43168880455408 0.446572580645161 15.0359973440121 3 1 0 
0 570 8.8 12 0.375876577840112 0.445967741935484 26.354062369037 3 -1 0 
1 580 12.4 13 0.414406158357771 0.477822580645161 16.4862904541421 3 0 0 
0 580 8.8 13 0.395797962648557 0.495967741935484 17.7152285795626 3 0 0 
1 590 12.4 13 0.480313092979127 0.392137096774194 33.4232170034666 3 0 0 
0 590 8.8 13 0.437126642771804 0.485887096774194 18.7085251803053 3 0 0 
1 600 12.4 13 0.411146313364055 0.458333333333333 16.938256677505 3 0 0 
0 600 8.8 13 0.394115890083632 0.48252688172043 17.6155820820135 3 0 0 
1 610 12.4 13 0.407258064516129 0.459677419354839 8.71339185287016 3 0 0 
0 610 8.8 13 0.465570719602978 0.486290322580645 15.4557248961974 3 0 0 
1 620 12.4 13 0.45241935483871 0.349462365591398 34.6062144322675 3 -1 0 
0 620 8.8 14 0.462408949011446 0.525806451612903 9.44986145143129 3 1 0 
1 630 12.4 13 0.448178016726404 0.323588709677419 29.0262224075931 3 -1 0 
0 630 8.8 14 0.451019924098672 0.520161290322581 3.74041400741899 3 1 0 
1 640 12.4 13 0.402589134125637 0.329637096774194 19.1652756259347 3 -1 0 
0 640 8.8 14 0.434363799283154 0.541129032258065 16.6548063995757 3 1 0 
1 650 12.4 13 0.398185483870968 0.333870967741935 16.0352579486769 3 -1 0 
0 650 8.8 14 0.440743338008415 0.561491935483871 18.9745470726133 3 1 0 
1 660 12.4 14 0.397022332506204 0.373387096774194 6.65907553063884 3 0 0 
0 660 8.8 14 0.421023359288098 0.523387096774194 20.8735218353897 3 0 0 
1 670 12.4 14 0.367511520737327 0.398387096774194 8.57448260857181 3 -1 0 
0 670 8.8 15 0.474846390168971 0.475806451612903 24.0728357598864 3 1 0 
1 680 12.4 14 0.421594982078853 0.400806451612903 16.4782988129652 3 -1 0 
0 680 8.8 15 0.505967741935484 0.442540322580645 22.1329835279445 3 1 0 
1 690 12.4 14 0.385700992555831 0.398387096774194 21.6547487202926 3 -1 0 
0 690 8.8 15 0.430411030176899 0.42741935483871 25.6250930316598 3 1 0 
1 700 12.4 14 0.447755960729313 0.446774193548387 30.6305348726015 3 -1 0 
0 700 8.8 15 0.413187855787476 0.4375 20.8993914432286 3 1 0 
1 710 12.4 14 0.475403225806452 0.492943548387097 11.7361547100394 3 -2 0 
0 710 8.8 16 0.447076612903226 0.497983870967742 24.9911593558038 3 2 0 
1 720 12.4 15 0.399641577060932 0.524193548387097 10.3419155088088 3 -1 0 
0 720 8.8 16 0.378506311360449 0.478225806451613 28.2067174542832 3 1 0 
1 730 12.4 15 0.384724857685009 0.547379032258065 5.17201799406655 3 -1 0 
0 730 8.8 16 0.417741935483871 0.497983870967742 32.5018209946041 3 1 0 
1 740 12.4 15 0.446140552995392 0.480645161290323 34.2455572991855 3 -1 0 
0 740 8.8 16 0.494623655913979 0.520161290322581 14.0243346352161 3 1 0 
1 750 12.4 15 0.422127016129032 0.489516129032258 39.4992361149385 3 -1 0 
0 750 8.8 16 0.476661779081134 0.491935483870968 19.5346068266136 3 1 0 
1 760 12.4 16 0.379032258064516 0.504032258064516 42.6370789192462 3 -1 0 
0 760 8.8 17 0.534274193548387 0.469086021505376 35.4523937028042 3 1 0 
1 770 12.4 16 0.436950146627566 0.483870967741936 35.5028987285387 3 -1 0 
0 770 8.8 17 0.491666666666667 0.372983870967742 39.1695647171082 3 1 0 
1 780 12.4 16 0.380806451612903 0.485483870967742 35.5511834623332 3 -1 0 
0 780 8.8 17 0.401129032258064 0.403225806451613 16.3770042756519 3 1 0 
1 790 12.4 16 0.404435483870968 0.470161290322581 33.6893463232937 3 -1 0 
0 790 8.8 17 0.439091680814941 0.423387096774194 21.1022228668884 3 1 0 
1 800 12.4 16 0.47273425499232 0.475806451612903 24.6309593956916 3 -1 0 
0 800 8.8 17 0.466774193548387 0.497311827956989 24.8681627831044 3 1 0 
1 810 12.4 17 0.435093652445369 0.455645161290323 29.5705011948996 3 0 0 
0 810 8.8 17 0.40787841191067 0.481854838709677 30.0416377715996 3 0 0 
1 820 12.4 17 0.433573853989813 0.471774193548387 22.4952477960055 3 0 0 
0 820 8.8 17 0.392857142857143 0.416666666666667 24.3476452197287 3 0 0 
1 830 12.4 17 0.438782991202346 0.518548387096774 10.0093120120619 3 0 0 
0 830 8.8 17 0.420766129032258 0.411290322580645 25.4017715917611 3 0 0 
1 840 12.4 17 0.424521169354839 0.385483870967742 41.3454165139452 3 0 0 
0 840 8.8 17 0.364247311827957 0.421370967741936 2.91547594742265 3 0 0 
1 850 12.4 17 0.472782258064516 0.433870967741935 31.684289266907 3 0 0 
0 850 8.8 17 0.375672043010753 0.321236559139785 30.9879757730499 3 0 0 
1 860 12.4 18 0.476411290322581 0.573387096774194 10.3046244807264 3 1 0 
0 860 8.8 17 0.419354838709677 0.315524193548387 15.6294013924344 3 -1 0 
1 870 12.4 18 0.484166011014949 0.575806451612903 9.19378227903062 3 1 0 
0 870 8.8 17 0.360768500948767 0.378024193548387 17.917525230831 3 -1 0 
1 880 12.4 18 0.529006243496358 0.616935483870968 6.0906875392545 3 0 0 
0 880 8.8 18 0.3658357771261 0.306451612903226 21.5074513379463 3 0 0 
1 890 12.4 18 0.566057874762808 0.642741935483871 6.25840664179487 3 0 0 
0 890 8.8 18 0.39454094292804 0.354032258064516 14.2661810389116 3 0 0 
1 900 12.4 18 0.494727047146402 0.633064516129032 9.47604498854926 3 0 0 
0 900 8.8 18 0.368338008415147 0.319354838709677 12.6147561070711 3 0 0 
1 910 12.4 18 0.498948106591865 0.63508064516129 3.50547003690666 3 0 0 
0 910 8.8 18 0.447947214076246 0.326612903225806 21.2292337553186 3 0 0 
1 920 12.4 18 0.570136852394917 0.503024193548387 4.38708888747419 3 0 0 
0 920 8.8 18 0.516129032258065 0.362903225806452 23.8686082321949 3 0 0 
1 930 12.4 19 0.467979127134725 0.501008064516129 15.3373627980378 3 1 0 
0 930 8.8 18 0.371117084826762 0.363709677419355 27.1657173778515 3 -1 0 
1 940 12.4 19 0.459879032258064 0.431451612903226 9.75583917021391 3 0 0 
0 940 8.8 19 0.400293255131965 0.370967741935484 27.6734795218125 3 0 0 
1 950 12.4 19 0.494106699751861 0.400806451612903 36.5166839915205 3 0 0 
0 950 8.8 19 0.41661866359447 0.412096774193548 22.4566266809789 3 0 0 
1 960 12.4 19 0.402915632754342 0.410483870967742 35.469969213946 3 0 0 
0 960 8.8 19 0.38991935483871 0.404032258064516 17.9209408765483 3 0 0 
1 970 12.4 19 0.363127240143369 0.416129032258065 26.4781220340213 3 0 0 
0 970 8.8 19 0.447890818858561 0.476612903225806 31.3363840039816 3 0 0 
1 980 12.4 19 0.464112903225806 0.478225806451613 24.635197453872 3 0 0 
0 980 8.8 19 0.470514112903226 0.495967741935484 31.7363423814162 3 0 0 
1 990 12.4 19 0.38054435483871 0.458064516129032 25.3790080593001 3 0 0 
0 990 8.8 19 0.405957336108221 0.515120967741936 31.5970496753767 3 0 0 
1 1000 12.4 20 0.393026565464896 0.426612903225806 10.2457800332406 3 1 0 
0 1000 8.8 19 0.447190426638918 0.516129032258065 36.3045092479275 3 -1 0 
1 1010 12.4 20 0.512096774193548 0.523387096774194 6.3242328695557 3 1 0 
0 1010 8.8 19 0.473303670745273 0.461693548387097 49.5706566428164 3 -1 0 
1 1020 12.4 20 0.41213921901528 0.569354838709677 6.39627374875308 3 0 0 
0 1020 8.8 20 0.487246811702926 0.445564516129032 43.1566912540802 3 0 0 
1 1030 12.4 20 0.361436950146628 0.498387096774194 21.5943826354284 3 0 0 
0 1030 8.8 20 0.525171065493646 0.645161290322581 0 3 0 0 
1 1040 12.4 20 0.495967741935484 0.47258064516129 33.7850933129185 3 0 0 
0 1040 8.8 20 0.56117230527144 0.625 0 3 0 0 
1 1050 12.4 20 0.408653846153846 0.454838709677419 37.2190030608548 3 0 0 
0 1050 8.8 20 0.50339558573854 0.336693548387097 37.8219512981549 3 0 0 
1 1060 12.4 20 0.474193548387097 0.480645161290323 31.7607703268877 3 0 0 
0 1060 8.8 20 0.505929791271347 0.336693548387097 37.8219512981549 3 0 0 
1 1070 12.4 21 0.520161290322581 0.5 26.8759101833133 3 1 0 
0 1070 8.8 20 0.500504032258065 0.254032258064516 36.6494590826125 3 -1 0 
1 1080 12.4 21 0.456378299120235 0.509677419354839 21.8097646357822 3 1 0 
0 1080 8.8 20 0.410991636798088 0.342741935483871 40.1668274750459 3 -1 0 
1 1090 12.4 21 0.370543293718166 0.579032258064516 27.0554450176422 3 1 0 
0 1090 8.8 20 0.344574780058651 0.325268817204301 29.6036533359466 3 -1 0 
1 1100 12.4 21 0.484396914446003 0.64247311827957 24.2027494282715 3 0 0 
0 1100 8.8 21 0.433312655086849 0.30241935483871 11.0614579857486 3 0 0 
1 1110 12.4 21 0.436264308012487 0.662634408602151 9.14933805748269 3 0 0 
0 1110 8.8 21 0.371517595307918 0.295362903225806 4.80969515728057 3 0 0 
1 1120 12.4 21 0.406451612903226 0.641129032258065 4.68440407380614 3 0 0 
0 1120 8.8 21 0.38802729528536 0.295698924731183 12.472164190903 3 0 0 
1 1130 12.4 21 0.514784946236559 0.685483870967742 5.439610169266 3 0 0 
0 1130 8.8 21 0.522429435483871 0.220766129032258 19.8037626506557 3 0 0 
1 1140 12.4 21 0.438634072580645 0.649193548387097 3.36343262431747 3 0 0 
0 1140 8.8 21 0.43473715651135 0.246975806451613 18.7854621854965 3 0 0 
1 1150 12.4 21 0.480062724014337 0.530913978494624 4.11017218082649 3 0 0 
0 1150 8.8 21 0.470722300140252 0.263104838709677 22.0976984279107 3 0 0 
1 1160 12.4 21 0.469422043010753 0.371975806451613 35.4558630247251 3 0 0 
0 1160 8.8 21 0.568373071528752 0.411290322580645 32.4236406353643 3 0 0 
1 1170 12.4 21 0.421274961597542 0.287903225806452 25.7186691821759 3 0 0 
0 1170 8.8 21 0.45148689516129 0.476814516129032 18.0463703750205 3 0 0 
1 1180 12.4 21 0.469639468690702 0.310483870967742 22.9450006539674 3 0 0 
0 1180 8.8 21 0.423203812316716 0.511088709677419 15.9004052876862 3 0 0 
1 1190 12.4 21 0.49773185483871 0.409677419354839 11.8250810819566 3 0 0 
0 1190 8.8 21 0.544975186104218 0.497311827956989 15.6523294476316 3 0 0 
1 1200 12.4 21 0.377791563275434 0.47741935483871 13.0869517332313 3 0 0 
0 1200 8.8 21 0.43991935483871 0.431451612903226 10.770329614269 3 0 0 
1 1210 12.4 21 0.392569124423963 0.504838709677419 13.9021300237697 3 -1 0 
0 1210 8.8 22 0.445564516129032 0.438172043010753 27.7910780212723 3 1 0 
1 1220 12.4 22 0.453522920203735 0.55 19.1677337005898 3 0 0 
0 1220 8.8 22 0.55241935483871 0.435483870967742 36.0260246970458 3 0 0 
1 1230 12.4 22 0.394284712482468 0.603225806451613 22.7448803457131 3 0 0 
0 1230 8.8 22 0.428859447004608 0.491935483870968 30.2696217353306 3 0 0 
1 1240 12.4 22 0.5 0.620161290322581 19.2719286532008 3 0 0 
0 1240 8.8 22 0.476478494623656 0.399193548387097 26.5706605111728 3 0 0 
1 1250 12.4 22 0.53734221598878 0.483064516129032 24.7482442958489 3 0 0 
0 1250 8.8 22 0.59005376344086 0.212365591397849 18.4536635464958 3 0 0 
1 1260 12.4 22 0.439838709677419 0.501612903225806 33.000994734921 3 0 0 
0 1260 8.8 22 0.37315188172043 0.266129032258065 16.0701586799882 3 0 0 
1 1270 12.4 22 0.527822580645161 0.503225806451613 33.806014614682 3 0 0 
0 1270 8.8 22 0.352534562211982 0.352150537634409 5.43256064615428 3 0 0 
1 1280 12.4 22 0.569052419354839 0.575806451612903 33.8137466510861 3 0 0 
0 1280 8.8 22 0.341129032258065 0.306451612903226 4.39031772435507 3 0 0 
1 1290 12.4 22 0.457142857142857 0.59758064516129 35.2519294146853 3 0 0 
0 1290 8.8 22 0.435887096774194 0.245967741935484 18.5855970992459 3 0 0 
1 1300 12.4 23 0.552083333333333 0.625806451612903 33.9104715085357 3 1 0 
0 1300 8.8 22 0.5 0.255376344086022 16.8614543531845 3 -1 0 
1 1310 12.4 23 0.635611205432937 0.670967741935484 18.108516097996 3 1 1 
0 1310 8.8 22 0.545967741935484 0.278225806451613 11.7197059457754 2 -1 -1 
1 1320 12.4 23 0.591514726507714 0.729032258064516 10.9679110940575 3 1 1 
0 1320 8.8 22 0.399617996604414 0.232862903225806 8.8487634493619 2 -1 -1 
1 1330 12.4 23 0.733582949308756 0.786290322580645 4.56498210290247 3 1 1 
0 1330 8.8 22 0.595046082949309 0.198588709677419 11.8443036866531 2 -1 -1 
1 1340 12.4 23 0.73934331797235 0.779032258064516 5.39366659323127 3 1 1 
0 1340 8.8 22 0.664314516129032 0.213709677419355 9.24409658890709 2 -1 -1 
