1 30 6.2 1 NaN 0.33046875 23.0160956586174 3 0 0 
0 30 5.8 1 NaN 0.25234375 23.8317677969401 3 0 0 
1 40 6.2 1 NaN 0.3265625 25.6107818717423 3 0 0 
0 40 5.8 1 NaN 0.26328125 24.8460418334084 3 0 0 
1 50 6.2 1 0.39453125 0.38125 30.8852762014957 3 0 0 
0 50 5.8 1 0.36328125 0.30703125 35.1823176662143 3 0 0 
1 60 6.2 1 0.39453125 0.5078125 36.5525748078579 3 0 0 
0 60 5.8 1 0.36328125 0.43828125 44.4574566304346 3 0 0 
1 70 6.2 1 0.446986607142857 0.4984375 34.9243578994742 3 0 0 
0 70 5.8 1 0.37744140625 0.4515625 42.4266527395441 3 0 0 
1 80 6.2 1 0.50341796875 0.50625 36.2081377724982 3 0 0 
0 80 5.8 1 0.453814338235294 0.4671875 47.4458506237297 3 0 0 
1 90 6.2 1 0.416616586538462 0.5125 38.386573410698 3 0 0 
0 90 5.8 1 0.375509510869565 0.4640625 46.5664052223719 3 0 0 
1 100 6.2 1 0.422384510869565 0.50546875 36.2505893207257 3 0 0 
0 100 5.8 1 0.375 0.45078125 37.2963314270997 3 0 0 
1 110 6.2 2 0.481770833333333 0.48828125 30.9215995894449 3 0 0 
0 110 5.8 2 0.451256793478261 0.45859375 34.039386508263 3 0 0 
1 120 6.2 2 0.41125 0.5046875 36.7969910555515 3 0 0 
0 120 5.8 2 0.409505208333333 0.47109375 35.0805660395497 3 0 0 
1 130 6.2 2 0.429517663043478 0.47578125 35.7970980428707 3 0 0 
0 130 5.8 2 0.394159226190476 0.46328125 34.5324760032787 3 0 0 
1 140 6.2 3 0.489366319444444 0.47109375 36.4194805973784 3 0 0 
0 140 5.8 3 0.4666015625 0.4580078125 39.7175350008612 3 0 0 
1 150 6.2 3 0.429865056818182 0.4796875 27.2826681783906 3 0 0 
0 150 5.8 3 0.396846064814815 0.4677734375 36.6576638628568 3 0 0 
1 160 6.2 3 0.402901785714286 0.496875 23.2197125616004 3 0 0 
0 160 5.8 3 0.375390625 0.3974609375 46.847131174128 3 0 0 
1 170 6.2 3 0.473889802631579 0.4984375 20.2998198568865 3 0 0 
0 170 5.8 3 0.447350543478261 0.39375 33.4464272749195 3 0 0 
1 180 6.2 4 0.430220170454545 0.4921875 11.4974157848068 3 0 0 
0 180 5.8 4 0.378743489583333 0.4203125 23.9645865483682 3 0 0 
1 190 6.2 4 0.402876420454545 0.5009765625 7.35089404105597 3 0 0 
0 190 5.8 4 0.40078125 0.4609375 18.1013206895321 3 0 0 
1 200 6.2 4 0.472265625 0.4265625 29.7132319475975 3 0 0 
0 200 5.8 4 0.4560546875 0.4546875 7.97702594344031 3 0 0 
1 210 6.2 4 0.423125 0.47734375 21.9171766657941 3 0 0 
0 210 5.8 4 0.409933035714286 0.46640625 4.21485895489602 3 0 0 
1 220 6.2 4 0.399181547619048 0.49453125 6.75661962702162 3 0 0 
0 220 5.8 4 0.415798611111111 0.48828125 3.54754274925742 3 0 0 
1 230 6.2 5 0.474014945652174 0.58359375 4.25658707403664 3 1 0 
0 230 5.8 4 0.464704241071429 0.37890625 9.1147116832935 3 -1 0 
1 240 6.2 5 0.433728448275862 0.5421875 19.9119185810996 3 1 0 
0 240 5.8 4 0.395052083333333 0.27734375 21.4998903877242 3 -1 0 
1 250 6.2 5 0.472908266129032 0.471875 37.3800626451623 3 0 0 
0 250 5.8 5 0.3755859375 0.3015625 28.4964469077546 3 0 0 
1 260 6.2 6 0.512073863636364 0.53828125 25.5785733450344 3 1 0 
0 260 5.8 5 0.427159926470588 0.38984375 33.6752924180836 3 -1 0 
1 270 6.2 6 0.434988839285714 0.52734375 25.4551118445467 3 1 0 
0 270 5.8 5 0.380533854166667 0.41640625 26.4886078448005 3 -1 0 
1 280 6.2 6 0.422247023809524 0.52734375 24.2959494039392 3 1 0 
0 280 5.8 5 0.369449013157895 0.44296875 21.977744862291 3 -1 0 
1 290 6.2 7 0.48388671875 0.48984375 27.231610014596 3 1 0 
0 290 5.8 6 0.447916666666667 0.4703125 4.27169031903102 3 -1 0 
1 300 6.2 7 0.454282407407407 0.4765625 33.6096672187309 3 1 0 
0 300 5.8 6 0.372767857142857 0.515625 3.8873721667162 3 -1 0 
1 310 6.2 7 0.414620535714286 0.5 37.3194793994918 3 1 0 
0 310 5.8 6 0.3853515625 0.51328125 3.23143311861617 3 -1 0 
1 320 6.2 7 0.420138888888889 0.43359375 52.7690148357287 3 1 0 
0 320 5.8 6 0.4165625 0.48359375 13.8165638045344 3 -1 0 
1 330 6.2 7 0.462594696969697 0.4501953125 44.5950325367012 3 1 0 
0 330 5.8 6 0.373408564814815 0.47734375 19.7255692617261 3 -1 0 
1 340 6.2 8 0.477957589285714 0.3984375 41.0297185756353 3 1 0 
0 340 5.8 7 0.3921875 0.44453125 34.0572790259725 3 -1 0 
1 350 6.2 8 0.5028125 0.45859375 42.9709363827818 3 1 0 
0 350 5.8 7 0.454427083333333 0.41484375 41.6338992301293 3 -1 0 
1 360 6.2 8 0.39453125 0.50625 28.5722932493839 3 1 0 
0 360 5.8 7 0.403556034482759 0.48125 41.5235891193351 3 -1 0 
1 370 6.2 8 0.399956597222222 0.47421875 29.0088933318422 3 1 0 
0 370 5.8 7 0.370349702380952 0.5234375 39.5314838211714 3 -1 0 
1 380 6.2 9 0.5146484375 0.52265625 37.8387446506453 3 1 0 
0 380 5.8 8 0.443444293478261 0.479166666666667 36.2891591970523 3 -1 0 
1 390 6.2 9 0.43287037037037 0.51640625 37.1599818645956 3 1 0 
0 390 5.8 8 0.379069010416667 0.41796875 43.8954170349638 3 -1 0 
1 400 6.2 9 0.413504464285714 0.44921875 27.9850444530698 3 1 0 
0 400 5.8 8 0.392153532608696 0.29453125 51.0021343961721 3 -1 0 
1 410 6.2 9 0.509486607142857 0.46484375 39.2370734896634 3 1 0 
0 410 5.8 8 0.463541666666667 0.37109375 44.0654731240952 3 -1 0 
1 420 6.2 10 0.448567708333333 0.50546875 38.3316720811523 3 2 0 
0 420 5.8 8 0.395474137931034 0.4140625 32.2060212064938 3 -2 0 
1 430 6.2 10 0.42640625 0.5140625 38.7738450532939 3 1 0 
0 430 5.8 9 0.36328125 0.440625 23.9182115119354 3 -1 0 
1 440 6.2 10 0.5111328125 0.43046875 30.8389017955617 3 1 0 
0 440 5.8 9 0.446501358695652 0.52109375 25.5589557964402 3 -1 0 
1 450 6.2 10 0.441824776785714 0.4734375 19.5641086730338 3 1 0 
0 450 5.8 9 0.389322916666667 0.49375 14.1664856048138 3 -1 0 
1 460 6.2 10 0.413213315217391 0.446875 16.6662505713168 3 1 0 
0 460 5.8 9 0.394870923913043 0.4921875 9.79670243965614 3 -1 0 
1 470 6.2 11 0.508429276315789 0.53125 13.5846136466116 3 2 0 
0 470 5.8 9 0.426618303571429 0.4072265625 10.7483201909106 3 -2 0 
1 480 6.2 11 0.4678125 0.5390625 24.6172883645237 3 2 0 
0 480 5.8 9 0.379245923913043 0.35546875 27.3466022063614 3 -2 0 
1 490 6.2 11 0.425426136363636 0.53359375 16.8155777952163 3 2 0 
0 490 5.8 9 0.371271306818182 0.35703125 15.9639566463775 3 -2 0 
1 500 6.2 11 0.470102163461538 0.5234375 18.5900679950742 3 2 0 
0 500 5.8 9 0.445518092105263 0.421875 17.3315853232374 3 -2 0 
1 510 6.2 11 0.458383413461538 0.55703125 25.7160342476982 3 2 0 
0 510 5.8 9 0.393098958333333 0.41796875 25.2983594419438 3 -2 0 
1 520 6.2 11 0.452615489130435 0.50625 28.3558596430727 3 2 0 
0 520 5.8 9 0.386875 0.471354166666667 41.3609480421135 3 -2 0 
1 530 6.2 12 0.478693181818182 0.48203125 30.5574301847607 3 2 0 
0 530 5.8 10 0.472123579545455 0.311197916666667 41.0473189608532 3 -2 0 
1 540 6.2 12 0.464154411764706 0.509375 28.613787158703 3 2 0 
0 540 5.8 10 0.39306640625 0.334635416666667 31.7915847344909 3 -2 0 
1 550 6.2 12 0.457157258064516 0.5234375 33.129825032603 3 2 0 
0 550 5.8 10 0.38671875 0.29453125 43.5058311494276 3 -2 0 
1 560 6.2 12 0.553622159090909 0.49296875 28.7804524092314 3 2 0 
0 560 5.8 10 0.41162109375 0.38203125 34.2589742193938 3 -2 0 
1 570 6.2 13 0.481770833333333 0.47265625 31.1422987666872 3 3 0 
0 570 5.8 10 0.419744318181818 0.475260416666667 16.275564044106 3 -3 0 
1 580 6.2 13 0.39453125 0.43671875 33.0905606172573 3 3 0 
0 580 5.8 10 0.437349759615385 0.52734375 4.16637785002397 3 -3 0 
1 590 6.2 13 0.430555555555556 0.4140625 18.9881731555255 3 2 0 
0 590 5.8 11 0.43070652173913 0.4404296875 46.6132325802845 3 -2 0 
1 600 6.2 13 0.45578125 0.45625 17.2607390104514 3 2 0 
0 600 5.8 11 0.401335685483871 0.37421875 35.8368251996468 3 -2 0 
1 610 6.2 13 0.44140625 0.528125 12.2562982990768 3 2 0 
0 610 5.8 11 0.36328125 0.36640625 10.0705266955153 3 -2 0 
1 620 6.2 14 0.499150815217391 0.5515625 18.1050437377368 3 3 0 
0 620 5.8 11 0.4296875 0.4359375 5.14829789880355 3 -3 0 
1 630 6.2 14 0.495959051724138 0.545572916666667 5.69427589428076 3 2 0 
0 630 5.8 12 0.36015625 0.4625 13.4837852548564 3 -2 0 
1 640 6.2 14 0.508442540322581 0.541666666666667 10.1552929513569 3 2 0 
0 640 5.8 12 0.360402960526316 0.49453125 8.44224570701383 3 -2 0 
1 650 6.2 14 0.564985795454545 0.515625 20.6746747144176 3 2 0 
0 650 5.8 12 0.409423828125 0.47421875 20.2077313864212 3 -2 0 
1 660 6.2 14 0.510974702380952 0.516927083333333 14.8108979251744 3 2 0 
0 660 5.8 12 0.341881793478261 0.4359375 20.6723151148029 3 -2 0 
1 670 6.2 14 0.486139112903226 0.41875 50.2906914251679 3 2 0 
0 670 5.8 12 0.387152777777778 0.40390625 12.3778706199873 3 -2 0 
1 680 6.2 14 0.596354166666667 0.425 36.0085168195005 3 2 0 
0 680 5.8 12 0.434442934782609 0.45859375 18.093064229193 3 -2 0 
1 690 6.2 15 0.489990234375 0.4625 23.2485819647833 3 3 0 
0 690 5.8 12 0.355 0.490234375 11.4847811291907 3 -3 0 
1 700 6.2 15 0.465422453703704 0.44921875 29.4907906080021 3 3 0 
0 700 5.8 12 0.370442708333333 0.4306640625 6.30969573755302 3 -3 0 
1 710 6.2 15 0.5658203125 0.5046875 19.2858229881364 3 3 0 
0 710 5.8 12 0.380126953125 0.3173828125 22.8172983804789 3 -3 0 
1 720 6.2 15 0.486328125 0.59296875 31.0784929362721 3 2 0 
0 720 5.8 13 0.352213541666667 0.26171875 23.1809745992857 3 -2 0 
1 730 6.2 15 0.485243055555556 0.61875 30.0649826618325 3 2 0 
0 730 5.8 13 0.372916666666667 0.3515625 22.1669814241327 3 -2 0 
1 740 6.2 16 0.57953125 0.5751953125 32.8143644143129 3 3 0 
0 740 5.8 13 0.375600961538462 0.39765625 17.2077256185299 3 -3 0 
1 750 6.2 16 0.532087053571429 0.541015625 34.1592499353515 3 3 0 
0 750 5.8 13 0.363692434210526 0.4111328125 9.13927908558863 3 -3 0 
1 760 6.2 16 0.461263020833333 0.4873046875 31.6439238376294 3 3 0 
0 760 5.8 13 0.37255859375 0.4375 10.8335653567769 3 -3 0 
1 770 6.2 16 0.448330965909091 0.533203125 19.9858879260825 3 2 0 
0 770 5.8 14 0.404715401785714 0.4296875 9.67873525103163 3 -2 0 
1 780 6.2 16 0.46109375 0.4671875 33.075376263512 3 2 0 
0 780 5.8 14 0.398563508064516 0.35 26.1463411246961 3 -2 0 
1 790 6.2 16 0.462805706521739 0.49921875 29.6264025886136 3 2 0 
0 790 5.8 14 0.39945652173913 0.32734375 20.738442180805 3 -2 0 
1 800 6.2 16 0.504111842105263 0.40625 46.8341393282922 3 2 0 
0 800 5.8 14 0.441611842105263 0.3796875 7.46103182410861 3 -2 0 
1 810 6.2 16 0.455859375 0.4734375 25.9349831249878 3 2 0 
0 810 5.8 14 0.413773148148148 0.38359375 17.3375941306206 3 -2 0 
1 820 6.2 16 0.39453125 0.4984375 18.565022632343 3 2 0 
0 820 5.8 14 0.419677734375 0.32421875 22.1589755050017 3 -2 0 
1 830 6.2 17 0.442447916666667 0.5375 21.1065039721802 3 3 0 
0 830 5.8 14 0.477473958333333 0.38828125 8.0831277674833 3 -3 0 
1 840 6.2 17 0.44091796875 0.54921875 42.2744477834652 3 3 0 
0 840 5.8 14 0.439385775862069 0.34375 21.1134423541094 3 -3 0 
1 850 6.2 17 0.424153645833333 0.52109375 41.0207246041324 3 3 0 
0 850 5.8 14 0.398897058823529 0.4091796875 12.7954507468033 3 -3 0 
1 860 6.2 17 0.476748511904762 0.53515625 21.8928742363739 3 3 0 
0 860 5.8 14 0.470572916666667 0.423828125 4.58655044512915 3 -3 0 
1 870 6.2 17 0.4810791015625 0.46875 35.9226832164247 3 3 0 
0 870 5.8 14 0.342862215909091 0.423828125 3.96944424076619 3 -3 0 
1 880 6.2 17 0.476058467741936 0.465625 27.250825946667 3 3 0 
0 880 5.8 14 0.372395833333333 0.41796875 8.0516393420079 3 -3 0 
1 890 6.2 18 0.523046875 0.46328125 16.1427541153302 3 4 0 
0 890 5.8 14 0.446180555555556 0.4046875 30.1867267203984 3 -4 0 
1 900 6.2 18 0.491659628378378 0.49921875 4.80539478139573 3 3 0 
0 900 5.8 15 0.315104166666667 0.404296875 21.3491609436525 3 -3 0 
1 910 6.2 18 0.502520161290323 0.55625 5.87915812558728 3 3 0 
0 910 5.8 15 0.371694711538462 0.389322916666667 3.89881462105983 3 -3 0 
1 920 6.2 18 0.588583669354839 0.58359375 9.01453339526869 3 3 0 
0 920 5.8 15 0.3921875 0.30078125 0 3 -3 0 
1 930 6.2 18 0.527616279069767 0.64296875 22.0663111632422 3 3 0 
0 930 5.8 15 0.318614130434783 0.234375 0 3 -3 0 
1 940 6.2 18 0.514914772727273 0.61484375 9.3669855534324 3 3 0 
0 940 5.8 15 0.299360795454545 0.2421875 0 3 -3 0 
1 950 6.2 18 0.611697635135135 0.5234375 41.8528445172665 3 3 0 
0 950 5.8 15 0.296006944444444 0.16796875 16.5214502013928 3 -3 0 
1 960 6.2 19 0.552645596590909 0.646484375 17.6757656515579 3 4 0 
0 960 5.8 15 0.286892361111111 0.2099609375 11.0691893916982 3 -4 0 
1 970 6.2 19 0.5115625 0.67890625 11.422795470099 3 4 0 
0 970 5.8 15 0.309210526315789 0.23046875 17.2066356938958 3 -4 0 
1 980 6.2 19 0.568953804347826 0.65859375 5.22815130780414 3 4 0 
0 980 5.8 15 0.311767578125 0.3109375 2.8137030193956 3 -4 0 
1 990 6.2 19 0.496330492424242 0.7001953125 9.9084925339126 3 3 0 
0 990 5.8 16 0.3515625 0.275 4.36583621148152 3 -3 0 
1 1000 6.2 19 0.407118055555556 0.6923828125 18.8862588058163 3 3 0 
0 1000 5.8 16 0.369673295454545 0.29296875 4.92443331303331 3 -3 0 
1 1010 6.2 19 0.561650815217391 0.6328125 30.9314211632529 3 3 0 
0 1010 5.8 16 0.388139204545455 0.30703125 13.4824565439486 3 -3 0 
1 1020 6.2 20 0.509114583333333 0.545572916666667 46.1790638685621 3 3 0 
0 1020 5.8 17 0.38265625 0.38984375 37.7794445853534 3 -3 0 
1 1030 6.2 20 0.44921875 0.565104166666667 43.3993481756605 3 3 0 
0 1030 5.8 17 0.371553308823529 0.31796875 30.2983968534604 3 -3 0 
1 1040 6.2 20 0.457331730769231 0.583333333333333 27.9617209598818 3 3 1 
0 1040 5.8 17 0.3625 0.2375 15.0351301345289 2 -3 -1 
1 1050 6.2 20 0.43994140625 0.522135416666667 9.37564349811806 3 3 1 
0 1050 5.8 17 0.392505787037037 0.3625 10.5879995138128 2 -3 -1 
1 1060 6.2 20 0.45 0.3759765625 24.6539438805538 3 3 1 
0 1060 5.8 17 0.426832932692308 0.475 5.03445784120094 2 -3 -1 
1 1070 6.2 20 0.589599609375 0.4169921875 10.1544202745402 3 3 1 
0 1070 5.8 17 0.446814903846154 0.5078125 8.37979471278485 2 -3 -1 
1 1080 6.2 20 0.48359375 0.490234375 8.67878893560937 3 3 1 
0 1080 5.8 17 0.423087284482759 0.4078125 7.8405852177259 2 -3 -1 
1 1090 6.2 20 0.39453125 0.38203125 24.9789214526228 3 3 1 
0 1090 5.8 17 0.435546875 0.34375 17.0880994875797 2 -3 -1 
1 1100 6.2 20 0.434895833333333 0.4234375 11.933023090011 3 3 1 
0 1100 5.8 17 0.480113636363636 0.3703125 21.3542021745248 2 -3 -1 
1 1110 6.2 20 0.468240489130435 0.528125 7.19201239766769 3 3 1 
0 1110 5.8 17 0.456452546296296 0.41875 18.0834005051524 2 -3 -1 
1 1120 6.2 20 0.434053308823529 0.50078125 7.36476626589725 3 3 1 
0 1120 5.8 17 0.361979166666667 0.4375 16.8411778840544 2 -3 -1 
1 1130 6.2 20 0.52671875 0.525 21.0261210631242 3 3 1 
0 1130 5.8 17 0.33984375 0.446875 9.28228589262562 2 -3 -1 
1 1140 6.2 20 0.516550164473684 0.4828125 20.1800803438939 3 2 1 
0 1140 5.8 18 0.43896484375 0.4462890625 8.09610850918658 2 -2 -1 
1 1150 6.2 21 0.524274553571429 0.4953125 20.9101203486028 3 3 1 
0 1150 5.8 18 0.347981770833333 0.400390625 10.3077640640442 2 -3 -1 
1 1160 6.2 21 0.547154017857143 0.5515625 20.2041981445889 3 3 1 
0 1160 5.8 18 0.341796875 0.345703125 10.5118980208143 2 -3 -1 
1 1170 6.2 21 0.48389862804878 0.52734375 25.6793605190051 3 3 1 
0 1170 5.8 18 0.444957386363636 0.271484375 12.747548783982 2 -3 -1 
1 1180 6.2 21 0.493990384615385 0.48125 25.7590741046379 3 3 1 
0 1180 5.8 18 0.370738636363636 0.27734375 17.0293863659264 2 -3 -1 
1 1190 6.2 21 0.591229838709677 0.5609375 22.928313706141 3 3 1 
0 1190 5.8 18 0.401633522727273 0.1953125 23.2658851256607 2 -3 -1 
1 1200 6.2 21 0.564603365384615 0.65 22.8894867115819 3 3 1 
0 1200 5.8 18 0.2890625 0.234375 31.2871887127924 2 -3 -1 
1 1210 6.2 21 0.534327651515151 0.725 7.0920349856876 3 3 2 
0 1210 5.8 18 0.340909090909091 0.203125 25.8300566417507 1 -3 -2 
1 1220 6.2 21 0.61328125 0.7953125 7.72616682695122 3 3 2 
0 1220 5.8 18 0.282552083333333 0.196875 17.3504132003152 1 -3 -2 
1 1230 6.2 21 0.643125 0.815625 6.06913457420234 3 3 2 
0 1230 5.8 18 0.237571022727273 0.18046875 6.70768259178952 1 -3 -2 
1 1240 6.2 21 0.704993206521739 0.796875 3.85958174524094 3 2 2 
0 1240 5.8 19 0.34765625 0.1734375 5.1803318692491 1 -2 -2 
1 1250 6.2 21 0.715353260869565 0.814453125 9.27618374903612 3 2 2 
0 1250 5.8 19 0.34765625 0.18046875 8.34932334950059 1 -2 -2 
