1 30 9.6 1 NaN 0.24453125 16.4420030722666 3 0 0 
0 30 5.6 1 NaN 0.19921875 23.7583716955255 3 0 0 
1 40 9.6 1 NaN 0.31796875 18.6223734509829 3 0 0 
0 40 5.6 1 NaN 0.251953125 26.5176911782941 3 0 0 
1 50 9.6 1 0.39453125 0.37578125 28.5691052843376 3 0 0 
0 50 5.6 1 0.36328125 0.30859375 32.8998751667996 3 0 0 
1 60 9.6 1 0.39453125 0.53671875 39.662828424987 3 0 0 
0 60 5.6 1 0.36328125 0.45078125 34.2896352194012 3 0 0 
1 70 9.6 1 0.41875 0.4921875 35.0792198268951 3 0 0 
0 70 5.6 1 0.36875 0.4421875 31.7400806986143 3 0 0 
1 80 9.6 1 0.493716032608696 0.4765625 38.4518721719122 3 0 0 
0 80 5.6 1 0.448893229166667 0.44296875 34.5633206240476 3 0 0 
1 90 9.6 1 0.436691810344828 0.52734375 34.9670906976251 3 0 0 
0 90 5.6 1 0.392717633928571 0.46328125 33.9733656202594 3 0 0 
1 100 9.6 1 0.443522135416667 0.525 36.1208541787639 3 0 0 
0 100 5.6 1 0.393002717391304 0.4328125 36.181883019613 3 0 0 
1 110 9.6 2 0.506569602272727 0.51328125 34.0888234886965 3 0 0 
0 110 5.6 2 0.455729166666667 0.46328125 37.0149203971625 3 0 0 
1 120 9.6 2 0.434244791666667 0.44921875 53.520269948006 3 0 0 
0 120 5.6 2 0.390299479166667 0.4359375 33.6221488613076 3 0 0 
1 130 9.6 2 0.406640625 0.45859375 49.427424253923 3 0 0 
0 130 5.6 2 0.395380434782609 0.4015625 37.245300398215 3 0 0 
1 140 9.6 2 0.500411184210526 0.4625 37.2287771476291 3 0 0 
0 140 5.6 2 0.462296195652174 0.353125 37.4464419727532 3 0 0 
1 150 9.6 3 0.417067307692308 0.48984375 20.115299429766 3 0 0 
0 150 5.6 3 0.418387276785714 0.45 25.6905850720444 3 0 0 
1 160 9.6 3 0.412202380952381 0.534375 24.8622769661186 3 0 0 
0 160 5.6 3 0.399338942307692 0.427734375 22.5631099034192 3 0 0 
1 170 9.6 3 0.487215909090909 0.5673828125 6.49281823786912 3 0 0 
0 170 5.6 3 0.46046875 0.439453125 23.6545594836027 3 0 0 
1 180 9.6 3 0.39453125 0.52734375 5.464248375479 3 0 0 
0 180 5.6 3 0.412446120689655 0.427734375 27.6786634166204 3 0 0 
1 190 9.6 3 0.401110197368421 0.5 16.0512207496606 3 -1 0 
0 190 5.6 4 0.39404296875 0.47421875 5.03836150366692 3 1 0 
1 200 9.6 3 0.481356534090909 0.5 15.5081685735045 3 -1 0 
0 200 5.6 4 0.462590144230769 0.4953125 4.46295921777867 3 1 0 
1 210 9.6 4 0.438401442307692 0.44609375 33.4266845903965 3 0 0 
0 210 5.6 4 0.422572544642857 0.5078125 24.7130435062767 3 0 0 
1 220 9.6 4 0.406455592105263 0.4671875 34.888275719994 3 0 0 
0 220 5.6 4 0.416521990740741 0.5109375 25.8074334015374 3 0 0 
1 230 9.6 5 0.468229166666667 0.4703125 36.4101551174384 3 1 0 
0 230 5.6 4 0.439198369565217 0.50703125 25.7332508189434 3 -1 0 
1 240 9.6 5 0.436365927419355 0.51953125 37.2692152500613 3 0 0 
0 240 5.6 5 0.41015625 0.48515625 34.885162524153 3 0 0 
1 250 9.6 5 0.426875 0.494140625 24.4588598145491 3 0 0 
0 250 5.6 5 0.390092329545455 0.47265625 41.9224778909728 3 0 0 
1 260 9.6 6 0.499837239583333 0.4970703125 21.645120722882 3 1 0 
0 260 5.6 5 0.43453125 0.4541015625 31.9011996212633 3 -1 0 
1 270 9.6 6 0.456227022058823 0.46171875 36.6011378393449 3 0 0 
0 270 5.6 6 0.400831653225806 0.43359375 27.8926535307848 3 0 0 
1 280 9.6 6 0.406640625 0.4515625 20.401486771716 3 0 0 
0 280 5.6 6 0.399739583333333 0.39375 39.5708241800294 3 0 0 
1 290 9.6 6 0.495907738095238 0.53984375 21.0600398107505 3 0 0 
0 290 5.6 6 0.447162828947368 0.41171875 23.8937574971085 3 0 0 
1 300 9.6 7 0.4287109375 0.51015625 22.0453129519241 3 1 0 
0 300 5.6 6 0.388972355769231 0.38515625 29.6235828497179 3 -1 0 
1 310 9.6 7 0.409090909090909 0.48828125 23.0508556316565 3 1 0 
0 310 5.6 6 0.412109375 0.4421875 27.3377059874897 3 -1 0 
1 320 9.6 7 0.476902173913043 0.51796875 35.5100687219015 3 1 0 
0 320 5.6 6 0.4715625 0.46171875 32.2640482865439 3 -1 0 
1 330 9.6 7 0.4462890625 0.50390625 37.1745260637723 3 0 0 
0 330 5.6 7 0.418387276785714 0.466796875 31.2810622152238 3 0 0 
1 340 9.6 7 0.437839673913043 0.49296875 31.5936522323706 3 0 0 
0 340 5.6 7 0.413917824074074 0.4560546875 27.1933917260802 3 0 0 
1 350 9.6 8 0.482328869047619 0.5453125 38.6640411054501 3 1 0 
0 350 5.6 7 0.451334635416667 0.4365234375 34.6180513859608 3 -1 0 
1 360 9.6 8 0.450907939189189 0.51875 38.7654866516343 3 1 0 
0 360 5.6 7 0.425271739130435 0.409375 46.6129851661857 3 -1 0 
1 370 9.6 8 0.424153645833333 0.5125 30.6598867562734 3 1 0 
0 370 5.6 7 0.40283203125 0.4234375 38.3411747978803 3 -1 0 
1 380 9.6 8 0.522135416666667 0.45625 45.1197597843319 3 1 0 
0 380 5.6 7 0.430772569444444 0.4171875 36.0154785492342 3 -1 0 
1 390 9.6 8 0.409986413043478 0.50234375 27.5149463994505 3 0 0 
0 390 5.6 8 0.411005434782609 0.4375 42.0274647275751 3 0 0 
1 400 9.6 8 0.39453125 0.51875 22.4465002601051 3 0 0 
0 400 5.6 8 0.387228260869565 0.396875 43.6796855185352 3 0 0 
1 410 9.6 9 0.488467261904762 0.52734375 14.6693735870171 3 1 0 
0 410 5.6 8 0.44429347826087 0.3953125 30.9318046554941 3 -1 0 
1 420 9.6 9 0.423967633928571 0.4984375 22.4249533664055 3 1 0 
0 420 5.6 8 0.401204427083333 0.44921875 25.2867954787206 3 -1 0 
1 430 9.6 9 0.408558238636364 0.45703125 7.39215908716381 3 1 0 
0 430 5.6 8 0.378566576086957 0.49296875 8.31178011156934 3 -1 0 
1 440 9.6 9 0.487601902173913 0.44375 16.3935612870057 3 1 0 
0 440 5.6 8 0.44921875 0.4921875 7.35869744850393 3 -1 0 
1 450 9.6 9 0.425130208333333 0.47265625 19.9107577722986 3 1 0 
0 450 5.6 8 0.4122314453125 0.4462890625 6.89985736453337 3 -1 0 
1 460 9.6 9 0.426199776785714 0.4990234375 12.7401862686436 3 0 0 
0 460 5.6 9 0.395182291666667 0.33984375 29.4811507694719 3 0 0 
1 470 9.6 10 0.482204861111111 0.525390625 17.2979835288715 3 1 0 
0 470 5.6 9 0.456597222222222 0.39609375 26.1207974557449 3 -1 0 
1 480 9.6 10 0.45703125 0.46875 23.6054123913428 3 1 0 
0 480 5.6 9 0.4140625 0.409375 35.3537607867631 3 -1 0 
1 490 9.6 10 0.448177083333333 0.45 32.2978183610992 3 1 0 
0 490 5.6 9 0.421875 0.42578125 28.7509525589671 3 -1 0 
1 500 9.6 10 0.49560546875 0.53046875 27.6525949937296 3 1 0 
0 500 5.6 9 0.447916666666667 0.4328125 29.9367940324537 3 -1 0 
1 510 9.6 11 0.464673913043478 0.57265625 32.4006650603699 3 1 0 
0 510 5.6 10 0.457275390625 0.435546875 28.1963115706118 3 -1 0 
1 520 9.6 11 0.3984375 0.59296875 23.6153624772921 3 1 0 
0 520 5.6 10 0.400045955882353 0.470703125 21.9838653931061 3 -1 0 
1 530 9.6 11 0.418489583333333 0.56484375 25.2352471412973 3 1 0 
0 530 5.6 10 0.436434659090909 0.425 33.6557041017047 3 -1 0 
1 540 9.6 11 0.439236111111111 0.50390625 19.2155784826132 3 1 0 
0 540 5.6 10 0.413773148148148 0.45546875 31.136804917949 3 -1 0 
1 550 9.6 11 0.441228693181818 0.5171875 16.1029499682143 3 0 0 
0 550 5.6 11 0.38525390625 0.46484375 15.4980028230295 3 0 0 
1 560 9.6 11 0.457201086956522 0.49609375 6.28577382999957 3 0 0 
0 560 5.6 11 0.436662946428571 0.4890625 7.60599516553508 3 0 0 
1 570 9.6 12 0.428255208333333 0.5185546875 7.92847299494744 3 1 0 
0 570 5.6 11 0.444773706896552 0.475260416666667 4.85864534740468 3 -1 0 
1 580 9.6 12 0.454861111111111 0.5015625 4.49880482313355 3 1 0 
0 580 5.6 11 0.39390625 0.42578125 16.2340134438395 3 -1 0 
1 590 9.6 12 0.47979525862069 0.4234375 11.6013192256142 3 1 0 
0 590 5.6 11 0.407670454545455 0.360677083333333 31.3077015906926 3 -1 0 
1 600 9.6 12 0.464210304054054 0.434375 21.0109868131629 3 1 0 
0 600 5.6 11 0.397265625 0.28125 38.130761557718 3 -1 0 
1 610 9.6 12 0.441550925925926 0.53046875 24.3567043368676 3 1 0 
0 610 5.6 11 0.381138392857143 0.34453125 30.3060046961317 3 -1 0 
1 620 9.6 12 0.4642578125 0.5546875 27.0604731570421 3 1 0 
0 620 5.6 11 0.421130952380952 0.409375 32.180922661688 3 -1 0 
1 630 9.6 12 0.483570772058823 0.59765625 23.2330838471609 3 1 0 
0 630 5.6 11 0.353515625 0.409375 18.1783687368765 3 -1 0 
1 640 9.6 13 0.476384943181818 0.659375 19.7385842381832 3 2 0 
0 640 5.6 11 0.35703125 0.31640625 17.5684012640676 3 -2 0 
1 650 9.6 13 0.5064453125 0.67734375 18.0112243499996 3 2 0 
0 650 5.6 11 0.380208333333333 0.2859375 3.70354252171927 3 -2 0 
1 660 9.6 13 0.514412715517241 0.68125 10.9891087999926 3 1 0 
0 660 5.6 12 0.35791015625 0.26953125 7.16180211272618 3 -1 0 
1 670 9.6 13 0.462002840909091 0.63984375 3.50878554125846 3 1 0 
0 670 5.6 12 0.36328125 0.357421875 11.6522821807369 3 -1 0 
1 680 9.6 14 0.474392361111111 0.5890625 4.81955350132161 3 2 0 
0 680 5.6 12 0.382582720588235 0.399739583333333 5.07392592339741 3 -2 0 
1 690 9.6 14 0.513427734375 0.56484375 9.9245570198636 3 2 0 
0 690 5.6 12 0.360491071428571 0.41015625 16.6470433519841 3 -2 0 
1 700 9.6 14 0.499674479166667 0.59765625 28.3526408307208 3 2 0 
0 700 5.6 12 0.36083984375 0.260416666666667 11.9872091549024 3 -2 0 
1 710 9.6 14 0.526227678571429 0.62734375 15.3585226412874 3 2 0 
0 710 5.6 12 0.383854166666667 0.23671875 20.7226928270661 3 -2 0 
1 720 9.6 14 0.483705357142857 0.653125 10.9454798974174 3 2 0 
0 720 5.6 12 0.340353260869565 0.290625 22.2080021479002 3 -2 0 
1 730 9.6 14 0.45601222826087 0.64765625 10.701552577262 3 2 0 
0 730 5.6 12 0.385074013157895 0.33984375 22.5273328310135 3 -2 0 
1 740 9.6 14 0.54453125 0.58828125 8.11287514667274 3 2 0 
0 740 5.6 12 0.421185661764706 0.38359375 25.7025825847018 3 -2 0 
1 750 9.6 15 0.516676682692308 0.4484375 21.2877048752844 3 2 0 
0 750 5.6 13 0.384375 0.3609375 35.6051179415096 3 -2 0 
1 760 9.6 15 0.459735576923077 0.365625 27.2079743314613 3 2 0 
0 760 5.6 13 0.405048076923077 0.353125 44.6281622460091 3 -2 0 
1 770 9.6 15 0.429501488095238 0.34609375 41.2413318344772 3 2 0 
0 770 5.6 13 0.434659090909091 0.44453125 37.1112310579988 3 -2 0 
1 780 9.6 15 0.4697265625 0.43515625 30.5301178306287 3 2 0 
0 780 5.6 13 0.455171130952381 0.4697265625 29.5774897350677 3 -2 0 
1 790 9.6 15 0.4990234375 0.5109375 28.0802042586222 3 2 0 
0 790 5.6 13 0.361328125 0.4677734375 24.094410783982 3 -2 0 
1 800 9.6 15 0.512532552083333 0.54609375 32.9526300753303 3 2 0 
0 800 5.6 13 0.3291015625 0.466796875 20.9916576137099 3 -2 0 
1 810 9.6 15 0.575047348484849 0.5015625 10.4371676894274 3 2 0 
0 810 5.6 13 0.363813920454545 0.21875 18.3847763108502 3 -2 0 
1 820 9.6 16 0.550130208333333 0.50703125 2.29285826582709 3 3 0 
0 820 5.6 13 0.37890625 0.232421875 21.2249852767911 3 -3 0 
1 830 9.6 16 0.571032072368421 0.475 10.0083706717552 3 2 0 
0 830 5.6 14 0.4833984375 0.279296875 16.985287751463 3 -2 0 
1 840 9.6 16 0.53980152027027 0.47890625 29.1861768948788 3 2 0 
0 840 5.6 14 0.306755514705882 0.2802734375 33.1648046281428 3 -2 0 
1 850 9.6 16 0.499302455357143 0.5234375 28.7556644693653 3 2 0 
0 850 5.6 14 0.359700520833333 0.29921875 25.5330741180071 3 -2 0 
1 860 9.6 16 0.574776785714286 0.58359375 28.2404557748171 3 2 0 
0 860 5.6 14 0.375651041666667 0.341145833333333 31.1866981525367 3 -2 0 
1 870 9.6 16 0.520353618421053 0.52578125 28.9569534512011 3 2 0 
0 870 5.6 14 0.325892857142857 0.353515625 30.0416377715996 3 -2 0 
1 880 9.6 16 0.478009259259259 0.56640625 39.6531506180859 3 2 0 
0 880 5.6 14 0.402901785714286 0.302734375 28.7445647036096 3 -2 0 
1 890 9.6 17 0.545847039473684 0.584375 20.5416371091512 3 3 0 
0 890 5.6 14 0.418701171875 0.233072916666667 40.3545258372706 3 -3 0 
1 900 9.6 17 0.534613715277778 0.58515625 27.9071347615003 3 2 0 
0 900 5.6 15 0.304904513888889 0.2763671875 30.1661015281403 3 -2 0 
1 910 9.6 17 0.508649553571429 0.6328125 37.7864115907677 3 2 0 
0 910 5.6 15 0.347301136363636 0.2875 18.4114425899331 3 -2 0 
1 920 9.6 17 0.571986607142857 0.6890625 22.4971146805771 3 2 0 
0 920 5.6 15 0.35234375 0.2609375 8.02880813214207 3 -2 0 
1 930 9.6 17 0.524356617647059 0.6421875 17.5599793651228 3 2 0 
0 930 5.6 15 0.29345703125 0.34140625 6.8392709129502 3 -2 0 
1 940 9.6 17 0.50453125 0.66171875 14.3869819418181 3 2 0 
0 940 5.6 15 0.304036458333333 0.29453125 4.18482051755922 3 -2 0 
1 950 9.6 18 0.603794642857143 0.6765625 5.25855864022393 3 3 0 
0 950 5.6 15 0.298046875 0.2796875 11.6220332092258 3 -3 0 
1 960 9.6 18 0.558902138157895 0.69921875 3.87661181462633 3 3 0 
0 960 5.6 15 0.290211397058824 0.234375 0 3 -3 0 
1 970 9.6 18 0.532438858695652 0.73203125 3.52094070456585 3 3 1 
0 970 5.6 15 0.275213068181818 0.23828125 0 2 -3 -1 
1 980 9.6 18 0.673697916666667 0.8125 7.41943013405226 3 3 1 
0 980 5.6 15 0.256138392857143 0.1640625 0 2 -3 -1 
1 990 9.6 19 0.675180288461538 0.8203125 5.01875035711678 3 4 1 
0 990 5.6 15 0.282858455882353 0.139322916666667 6.60196603243383 2 -4 -1 
1 1000 9.6 19 0.7490234375 0.82578125 3.81151160178959 3 4 1 
0 1000 5.6 15 NaN 0.17578125 2.28267775306996 2 -4 -1 
