1 30 7.4 1 NaN 0.384072580645161 36.4758674793945 3 0 0 
0 30 7.8 1 NaN 0.289314516129032 32.3283222463369 3 0 0 
1 40 7.4 1 NaN 0.383064516129032 34.3157878320136 3 0 0 
0 40 7.8 1 NaN 0.315322580645161 36.1950370937583 3 0 0 
1 50 7.4 1 0.383064516129032 0.409677419354839 32.6980834338783 3 0 0 
0 50 7.8 1 0.370967741935484 0.363709677419355 41.7901526263397 3 0 0 
1 60 7.4 1 0.375 0.457258064516129 34.5894279879203 3 0 0 
0 60 7.8 1 0.375 0.463709677419355 36.4332291501919 3 0 0 
1 70 7.4 1 0.380241935483871 0.482258064516129 34.9595699786979 3 0 0 
0 70 7.8 1 0.381048387096774 0.454838709677419 34.7590338739637 3 0 0 
1 80 7.4 1 0.452956989247312 0.486290322580645 39.2815123343847 3 0 0 
0 80 7.8 1 0.476356304985337 0.454838709677419 35.2833579119894 3 0 0 
1 90 7.4 1 0.407402073732719 0.497983870967742 33.6441824089734 3 0 0 
0 90 7.8 1 0.401732377538829 0.460483870967742 35.8914798386364 3 0 0 
1 100 7.4 1 0.438233137829912 0.481451612903226 37.7835021212822 3 0 0 
0 100 7.8 1 0.395527859237537 0.474193548387097 36.9154969051194 3 0 0 
1 110 7.4 2 0.487298387096774 0.463709677419355 33.8803495324767 3 0 0 
0 110 7.8 2 0.471572580645161 0.483064516129032 37.4252421589874 3 0 0 
1 120 7.4 2 0.398225806451613 0.473387096774194 35.3481817031987 3 0 0 
0 120 7.8 2 0.420362903225806 0.496774193548387 37.2541698378955 3 0 0 
1 130 7.4 2 0.39586255259467 0.446774193548387 33.0099121477883 3 0 0 
0 130 7.8 2 0.394109396914446 0.456451612903226 33.3253533457071 3 0 0 
1 140 7.4 3 0.480040322580645 0.482258064516129 22.3915957372201 3 1 0 
0 140 7.8 2 0.489314516129032 0.471774193548387 21.6174012891811 3 -1 0 
1 150 7.4 3 0.375201612903226 0.498655913978495 22.4199628496527 3 0 0 
0 150 7.8 3 0.397332506203474 0.436491935483871 11.6098765109151 3 0 0 
1 160 7.4 3 0.39007713884993 0.501344086021505 26.2272873246959 3 0 0 
0 160 7.8 3 0.38508064516129 0.415322580645161 22.0236915112314 3 0 0 
1 170 7.4 4 0.47799059139785 0.384677419354839 40.2635797439214 3 1 0 
0 170 7.8 3 0.478326612903226 0.441129032258065 13.0834014306667 3 -1 0 
1 180 7.4 4 0.406810035842294 0.374193548387097 39.1443968973639 3 1 0 
0 180 7.8 3 0.394657258064516 0.487096774193548 18.4423531566778 3 -1 0 
1 190 7.4 4 0.425558312655087 0.412096774193548 36.3368346333747 3 0 0 
0 190 7.8 4 0.389592933947773 0.475806451612903 26.121835836364 3 0 0 
1 200 7.4 4 0.484956575682382 0.446572580645161 36.4796850629072 3 0 0 
0 200 7.8 4 0.464410939691445 0.473387096774194 37.8465144792225 3 0 0 
1 210 7.4 5 0.400686977299881 0.420967741935484 33.5925065549566 3 0 0 
0 210 7.8 5 0.418490783410138 0.480645161290323 41.5729505305775 3 0 0 
1 220 7.4 5 0.407258064516129 0.425403225806452 30.54603380755 3 0 0 
0 220 7.8 5 0.3875 0.469354838709677 39.5919705758183 3 0 0 
1 230 7.4 5 0.46491935483871 0.425403225806452 35.1612460616241 3 -1 0 
0 230 7.8 6 0.492439516129032 0.466935483870968 35.7221500466071 3 1 0 
1 240 7.4 5 0.386921458625526 0.425403225806452 36.7626227404183 3 -1 0 
0 240 7.8 6 0.44 0.481451612903226 40.2568915548369 3 1 0 
1 250 7.4 6 0.386136712749616 0.438508064516129 35.1574961591681 3 0 0 
0 250 7.8 6 0.390360983102919 0.470161290322581 40.3436071281689 3 0 0 
1 260 7.4 6 0.465120967741935 0.40625 24.2030591090578 3 0 0 
0 260 7.8 6 0.456918505942275 0.485483870967742 42.6424196262732 3 0 0 
1 270 7.4 6 0.413225806451613 0.406451612903226 24.2981450292208 3 0 0 
0 270 7.8 6 0.416156840934372 0.455645161290323 48.0512200092969 3 0 0 
1 280 7.4 6 0.40284178187404 0.420967741935484 31.6831108307851 3 -1 0 
0 280 7.8 7 0.39866760168303 0.484677419354839 42.174079381044 3 1 0 
1 290 7.4 6 0.454233870967742 0.494354838709677 35.3465008606666 3 -1 0 
0 290 7.8 7 0.47241935483871 0.462096774193548 42.3780830085129 3 1 0 
1 300 7.4 7 0.407795698924731 0.463709677419355 30.3553501262267 3 0 0 
0 300 7.8 7 0.41747311827957 0.476612903225806 38.4140293357438 3 0 0 
1 310 7.4 7 0.424853372434018 0.431451612903226 28.757343655141 3 0 0 
0 310 7.8 7 0.39616935483871 0.479838709677419 42.6848524117687 3 0 0 
1 320 7.4 7 0.477016129032258 0.392741935483871 39.2534336771176 3 -1 0 
0 320 7.8 8 0.459101382488479 0.430645161290323 40.7342159391224 3 1 0 
1 330 7.4 7 0.400161290322581 0.405645161290323 48.7603372689533 3 -1 0 
0 330 7.8 8 0.420050055617353 0.426612903225806 41.3445100924848 3 1 0 
1 340 7.4 7 0.38991935483871 0.438508064516129 52.2490452581953 3 -1 0 
0 340 7.8 8 0.436033724340176 0.442741935483871 49.4890244799721 3 1 0 
1 350 7.4 7 0.46795415959253 0.461693548387097 34.0917878674616 3 -1 0 
0 350 7.8 8 0.482903225806452 0.474798387096774 30.5606787537668 3 1 0 
1 360 7.4 7 0.402649769585253 0.367943548387097 52.5743158391232 3 -1 0 
0 360 7.8 8 0.415012406947891 0.483870967741936 37.3682536049866 3 1 0 
1 370 7.4 7 0.390793010752688 0.312096774193548 50.3399991323148 3 -2 0 
0 370 7.8 9 0.445806451612903 0.404838709677419 63.5579863250532 3 2 0 
1 380 7.4 8 0.4466642228739 0.388709677419355 31.4363430481954 3 -1 0 
0 380 7.8 9 0.478452620967742 0.493548387096774 40.2097315194103 3 1 0 
1 390 7.4 8 0.379558204768583 0.420362903225806 34.3110206760311 3 -1 0 
0 390 7.8 9 0.454611248966088 0.458870967741936 37.5392911254338 3 1 0 
1 400 7.4 8 0.384475806451613 0.477822580645161 44.0019760081439 3 -1 0 
0 400 7.8 9 0.460685483870968 0.448924731182796 32.1395109871461 3 1 0 
1 410 7.4 9 0.428997194950912 0.459677419354839 39.6384874813222 3 -1 0 
0 410 7.8 10 0.517540322580645 0.524193548387097 14.7280593897304 3 1 0 
1 420 7.4 9 0.418922811059908 0.416129032258065 50.4157998567244 3 -1 0 
0 420 7.8 10 0.426915322580645 0.348387096774194 48.7697488664334 3 1 0 
1 430 7.4 9 0.413673020527859 0.453225806451613 45.3586551181698 3 -1 0 
0 430 7.8 10 0.374787775891341 0.346774193548387 44.7810472291383 3 1 0 
1 440 7.4 9 0.473588709677419 0.410282258064516 48.2570424522989 3 -1 0 
0 440 7.8 10 0.440020161290323 0.426612903225806 46.9585606905287 3 1 0 
1 450 7.4 10 0.415034562211982 0.404233870967742 43.6411058016518 3 -1 0 
0 450 7.8 11 0.418724798387097 0.511290322580645 43.6900429108226 3 1 0 
1 460 7.4 10 0.406158357771261 0.377016129032258 38.4458540791206 3 -1 0 
0 460 7.8 11 0.429939516129032 0.50241935483871 44.7676654039836 3 1 0 
1 470 7.4 10 0.440188172043011 0.336290322580645 36.8655498308669 3 -1 0 
0 470 7.8 11 0.501008064516129 0.515322580645161 33.6350596084719 3 1 0 
1 480 7.4 10 0.375201612903226 0.356451612903226 29.692609166511 3 -1 0 
0 480 7.8 11 0.452620967741936 0.485483870967742 38.064559974712 3 1 0 
1 490 7.4 10 0.400201612903226 0.438844086021505 33.1759313193937 3 -1 0 
0 490 7.8 11 0.398790322580645 0.462903225806452 41.9775326468301 3 1 0 
1 500 7.4 10 0.427755376344086 0.510483870967742 23.0367205416898 3 -2 0 
0 500 7.8 12 0.487536656891496 0.487096774193548 29.1026593528856 3 2 0 
1 510 7.4 11 0.391129032258065 0.583333333333333 18.7056376082937 3 -1 0 
0 510 7.8 12 0.457229262672811 0.493951612903226 34.8667602618631 3 1 0 
1 520 7.4 11 0.402492668621701 0.522177419354839 21.6910119634839 3 -1 0 
0 520 7.8 12 0.444950911640954 0.424395161290323 36.7907467574231 3 1 0 
1 530 7.4 11 0.447405329593268 0.497983870967742 10.9772492000501 3 -1 0 
0 530 7.8 12 0.488104838709677 0.480846774193548 15.9190006126717 3 1 0 
1 540 7.4 11 0.407903225806452 0.321774193548387 25.2999118003203 3 -1 0 
0 540 7.8 12 0.410570276497696 0.412096774193548 30.1530517749265 3 1 0 
1 550 7.4 11 0.414802289281998 0.391129032258065 28.5037237637556 3 -2 0 
0 550 7.8 13 0.414554531490015 0.47258064516129 15.7343555107074 3 2 0 
1 560 7.4 11 0.447163515016685 0.378024193548387 32.8983377822814 3 -2 0 
0 560 7.8 13 0.471054147465438 0.504032258064516 10.8280555731922 3 2 0 
1 570 7.4 11 0.421947004608295 0.437903225806452 35.047041268035 3 -2 0 
0 570 7.8 13 0.434371523915462 0.503225806451613 17.1121959592102 3 2 0 
1 580 7.4 11 0.412634408602151 0.476814516129032 37.4054255712468 3 -2 0 
0 580 7.8 13 0.458266129032258 0.450806451612903 40.1662886342176 3 2 0 
1 590 7.4 12 0.425806451612903 0.491935483870968 0 3 -2 0 
0 590 7.8 14 0.486111111111111 0.458064516129032 21.9918636254994 3 2 0 
1 600 7.4 12 0.411045943304008 0.372983870967742 20.6518764280634 3 -2 0 
0 600 7.8 14 0.438172043010753 0.488709677419355 36.6649609571158 3 2 0 
1 610 7.4 12 0.408033498759305 0.354838709677419 54.1871756045653 3 -2 0 
0 610 7.8 14 0.445276497695852 0.499193548387097 37.9810537312694 3 2 0 
1 620 7.4 12 0.448521505376344 0.335685483870968 40.7832170246583 3 -2 0 
0 620 7.8 14 0.45258064516129 0.49758064516129 26.5307033619132 3 2 0 
1 630 7.4 12 0.428368121442125 0.377016129032258 42.4292064256243 3 -2 0 
0 630 7.8 14 0.446329254727475 0.439516129032258 34.4161499494111 3 2 0 
1 640 7.4 12 0.464516129032258 0.443548387096774 34.6403735422735 3 -3 0 
0 640 7.8 15 0.497535842293907 0.435483870967742 38.5501183116845 3 3 0 
1 650 7.4 13 0.461021505376344 0.488911290322581 23.597332956989 3 -2 0 
0 650 7.8 15 0.51036866359447 0.436491935483871 44.8186635184646 3 2 0 
1 660 7.4 13 0.411473607038123 0.537298387096774 22.5275043694476 3 -2 0 
0 660 7.8 15 0.425877609108159 0.439516129032258 30.2402388889644 3 2 0 
1 670 7.4 13 0.410450268817204 0.490927419354839 18.7951155198545 3 -2 0 
0 670 7.8 15 0.392903225806452 0.361895161290323 40.3404299216528 3 2 0 
1 680 7.4 13 0.437903225806452 0.488911290322581 18.8179034999842 3 -2 0 
0 680 7.8 15 0.470238095238095 0.388440860215054 24.8687358565692 3 2 0 
1 690 7.4 14 0.441644265232975 0.454637096774194 38.263265558313 3 -1 0 
0 690 7.8 15 0.420595533498759 0.399193548387097 19.4919360770175 3 1 0 
1 700 7.4 14 0.440956221198157 0.461693548387097 39.584165057234 3 -1 0 
0 700 7.8 15 0.401297335203366 0.40625 35.7386119384366 3 1 0 
1 710 7.4 14 0.500576036866359 0.518817204301075 35.2205487451327 3 -1 0 
0 710 7.8 15 0.436185133239832 0.363709677419355 37.4068877679796 3 1 0 
1 720 7.4 14 0.438133640552995 0.512096774193548 4 3 -2 0 
0 720 7.8 16 0.375424448217318 0.416129032258064 36.9676472141971 3 2 0 
1 730 7.4 14 0.44249649368864 0.512096774193548 12.4394167475005 3 -2 0 
0 730 7.8 16 0.431048387096774 0.441129032258065 21.9943100874207 3 2 0 
1 740 7.4 14 0.55241935483871 0.513440860215054 12.4177949714625 3 -2 0 
0 740 7.8 16 0.454249379652605 0.475806451612903 24.2372095652609 3 2 0 
1 750 7.4 14 0.458478639930253 0.368951612903226 11.629703349613 3 -2 0 
0 750 7.8 16 0.398344651952462 0.414516129032258 13.8472827677196 3 2 0 
1 760 7.4 14 0.479838709677419 0.301075268817204 30.064922315012 3 -2 0 
0 760 7.8 16 0.441413662239089 0.379032258064516 25.2349351115062 3 2 0 
1 770 7.4 15 0.512096774193548 0.372311827956989 29.7831081969776 3 -1 0 
0 770 7.8 16 0.454385080645161 0.401612903225806 41.9315399968197 3 1 0 
1 780 7.4 15 0.458982202447164 0.389112903225806 27.1016604657353 3 -2 0 
0 780 7.8 17 0.386672325976231 0.358064516129032 19.0244580500708 3 2 0 
1 790 7.4 15 0.391830294530154 0.383064516129032 40.2527860537957 3 -2 0 
0 790 7.8 17 0.389643463497453 0.438709677419355 10.0068363104078 3 2 0 
1 800 7.4 15 0.426411290322581 0.431451612903226 13.5758455905261 3 -2 0 
0 800 7.8 17 0.41553480475382 0.510483870967742 17.0309049552996 3 2 0 
1 810 7.4 16 0.418346774193548 0.502688172043011 3.18263266770957 3 -1 0 
0 810 7.8 17 0.376536098310292 0.508064516129032 32.7091973673958 3 1 0 
1 820 7.4 16 0.411866359447005 0.141129032258065 0 3 -2 0 
0 820 7.8 18 0.438470728793309 0.483870967741936 26.6146584658908 3 2 0 
1 830 7.4 16 0.47865275142315 0.278225806451613 0 3 -2 0 
0 830 7.8 18 0.518145161290323 0.506720430107527 18.7255771220533 3 2 0 
1 840 7.4 16 0.361676016830295 0.338709677419355 0 3 -2 0 
0 840 7.8 18 0.447926267281106 0.420698924731183 37.7911484750442 3 2 0 
1 850 7.4 16 0.383374689826303 0.354838709677419 0 3 -2 0 
0 850 7.8 18 0.459677419354839 0.420698924731183 42.2244463044169 3 2 0 
1 860 7.4 16 0.393817204301075 0.227150537634409 22.0669493985789 3 -2 0 
0 860 7.8 18 0.533490143369176 0.395161290322581 56.1930717673449 3 2 0 
1 870 7.4 16 0.318548387096774 0.232862903225806 27.2175911492864 3 -2 0 
0 870 7.8 18 0.53275181040158 0.508870967741936 31.2678320566723 3 2 0 
1 880 7.4 16 0.34758064516129 0.320564516129032 17.7687505904062 3 -2 0 
0 880 7.8 18 0.507096774193548 0.546774193548387 21.2558903230875 3 2 0 
1 890 7.4 16 0.367223502304147 0.384072580645161 13.6505956143531 3 -2 0 
0 890 7.8 18 0.578181003584229 0.543548387096774 19.7830655322676 3 2 0 
1 900 7.4 17 0.376061120543294 0.461021505376344 24.1360685889211 3 -2 0 
0 900 7.8 19 0.499673060156931 0.475 15.4551801270549 3 2 0 
1 910 7.4 17 0.402956989247312 0.486559139784946 19.484720192696 3 -2 0 
0 910 7.8 19 0.462197580645161 0.518548387096774 14.6541587663551 3 2 0 
1 920 7.4 17 0.417626728110599 0.403225806451613 0 3 -2 0 
0 920 7.8 19 0.579417952314166 0.512096774193548 16.5716885431097 3 2 0 
1 930 7.4 17 0.376411290322581 0.411290322580645 0 3 -2 0 
0 930 7.8 19 0.481473408892764 0.534677419354839 35.7980067039892 3 2 0 
1 940 7.4 17 0.404089861751152 0.508064516129032 0 3 -2 0 
0 940 7.8 19 0.42758064516129 0.420161290322581 42.6834192426723 3 2 0 
1 950 7.4 17 0.434907834101383 0.245967741935484 0 3 -3 0 
0 950 7.8 20 0.590893817204301 0.504032258064516 53.5561395946962 3 3 0 
1 960 7.4 17 0.378360215053763 0.191532258064516 18.7416648139913 3 -3 0 
0 960 7.8 20 0.5 0.479032258064516 62.771537749602 3 3 0 
1 970 7.4 17 0.349146110056926 0.307795698924731 36.2312632648251 3 -3 0 
0 970 7.8 20 0.39454094292804 0.495161290322581 58.7543381699279 3 3 0 
1 980 7.4 17 0.418202764976959 0.286290322580645 0 3 -3 0 
0 980 7.8 20 0.575806451612903 0.504032258064516 65.4728221927045 3 3 0 
1 990 7.4 17 0.414193548387097 0.366935483870968 0 2 -3 -1 
0 990 7.8 20 0.460433467741936 0.535483870967742 58.6177482439726 3 3 1 
1 1000 7.4 17 0.396774193548387 0.278225806451613 19.4486503387767 2 -4 -1 
0 1000 7.8 21 0.478763440860215 0.514516129032258 57.8085235991306 3 4 1 
1 1010 7.4 17 0.41705069124424 0.30241935483871 20 2 -4 -1 
0 1010 7.8 21 0.581653225806452 0.515322580645161 37.9635217054011 3 4 1 
1 1020 7.4 18 0.455095307917889 0.336693548387097 3.04138126514911 2 -3 -1 
0 1020 7.8 21 0.464717741935484 0.516935483870968 34.8758196962597 3 3 1 
1 1030 7.4 18 0.465473790322581 0.266129032258065 13.7169192025951 2 -3 -1 
0 1030 7.8 21 0.441820276497696 0.584677419354839 30.0097035826757 3 3 1 
1 1040 7.4 18 0.564278937381404 0.316129032258065 21.0554539483718 2 -3 -1 
0 1040 7.8 21 0.499534739454094 0.504032258064516 18.8157649773357 3 3 1 
1 1050 7.4 18 0.465322580645161 0.356854838709677 5.3585366375089 2 -3 -1 
0 1050 7.8 21 0.461405529953917 0.525201612903226 32.5417647901517 3 3 1 
1 1060 7.4 19 0.451036866359447 0.453629032258065 5.81173298016274 2 -2 -1 
0 1060 7.8 21 0.51022465437788 0.502688172043011 39.0753232809389 3 2 1 
1 1070 7.4 19 0.40994623655914 0.46875 14.2754887560321 2 -2 -1 
0 1070 7.8 21 0.581797235023041 0.495967741935484 39.988234063014 3 2 1 
1 1080 7.4 19 0.332816377171216 0.368548387096774 36.8844779839039 2 -2 -1 
0 1080 7.8 21 0.476814516129032 0.491935483870968 41.8128015886042 3 2 1 
1 1090 7.4 19 0.409274193548387 0.451612903225806 35.2639577426581 2 -2 -1 
0 1090 7.8 21 0.515868886576483 0.416666666666667 52.2096871522521 3 2 1 
1 1100 7.4 19 0.483366935483871 0.442540322580645 27.9459128302772 2 -2 -1 
0 1100 7.8 21 0.639784946236559 0.549731182795699 36.7952588846075 3 2 1 
1 1110 7.4 19 0.339861751152074 0.430443548387097 24.446128248209 2 -2 -1 
0 1110 7.8 21 0.492424242424242 0.520161290322581 53.60588117215 3 2 1 
1 1120 7.4 20 0.383064516129032 0.410483870967742 23.2276271224636 2 -2 -1 
0 1120 7.8 22 0.504292403746098 0.529233870967742 48.7264385424108 3 2 1 
1 1130 7.4 20 0.494623655913979 0.391129032258065 17.9303000092089 2 -2 -1 
0 1130 7.8 22 0.605990783410138 0.315524193548387 29.843268968398 3 2 1 
1 1140 7.4 20 0.367409867172676 0.383064516129032 8.25702370928145 2 -2 -1 
0 1140 7.8 22 0.485513739545998 0.325604838709677 17.673823982791 3 2 1 
1 1150 7.4 20 0.383064516129032 0.310483870967742 30.6538690800292 2 -2 -1 
0 1150 7.8 22 0.499551971326165 0.34375 35.8408376494529 3 2 1 
1 1160 7.4 20 0.493663594470046 0.35383064516129 50.7908226714365 2 -2 -1 
0 1160 7.8 22 0.594864176570458 0.376008064516129 48.251753665414 3 2 1 
1 1170 7.4 20 0.398776418242492 0.428763440860215 42.3640809613589 2 -2 -1 
0 1170 7.8 22 0.435915898617512 0.422379032258065 35.0921911619774 3 2 1 
1 1180 7.4 21 0.406708211143695 0.46236559139785 38.9831639695651 0 -1 -3 
0 1180 7.8 22 0.379032258064516 0.466733870967742 21.8528757363213 3 1 3 
1 1190 7.4 21 0.517180925666199 0.526881720430108 37.3181892665365 0 -1 -3 
0 1190 7.8 22 0.428763440860215 0.495967741935484 25.4273654943782 3 1 3 
1 1200 7.4 21 0.466229838709677 0.475806451612903 39.963059135018 0 -1 -2 
0 1200 7.8 22 0.418817204301075 0.424193548387097 30.5106710525911 2 1 2 
1 1210 7.4 21 0.48045905707196 0.440524193548387 41.4864245143534 0 -1 -2 
0 1210 7.8 22 0.402822580645161 0.34758064516129 24.4683901720661 2 1 2 
1 1220 7.4 21 0.562855787476281 0.610483870967742 32.4977689663908 0 -1 -2 
0 1220 7.8 22 0.508736559139785 0.387096774193548 29.6118953850996 2 1 2 
1 1230 7.4 21 0.438620071684588 0.566129032258065 45.788337230143 0 -1 -2 
0 1230 7.8 22 0.4209229390681 0.298387096774194 13.0689224722245 2 1 2 
1 1240 7.4 22 0.459326788218794 0.636088709677419 10.6024090057569 0 0 -2 
0 1240 7.8 22 0.472926267281106 0.35752688172043 36.0240379423785 2 0 2 
1 1250 7.4 22 0.566397849462366 0.650201612903226 13.7343251252254 0 0 -2 
0 1250 7.8 22 0.431129032258064 0.360215053763441 35.3252236126858 2 0 2 
1 1260 7.4 22 0.484879032258065 0.766129032258065 12.8476084185789 0 -1 -2 
0 1260 7.8 23 0.482258064516129 0.370967741935484 54.5091735398731 2 1 2 
1 1270 7.4 22 0.629032258064516 0.773185483870968 4.85999738211812 0 -1 -2 
0 1270 7.8 23 0.579193548387097 0.185483870967742 7.15891053163818 2 1 2 
1 1280 7.4 22 NaN 0.805443548387097 5.77563548925076 0 -1 -1 
0 1280 7.8 23 0.579493087557604 0.189516129032258 6.08276253029822 1 1 1 
1 1290 7.4 22 0.318548387096774 0.800403225806452 1.48020240662047 0 -1 -1 
0 1290 7.8 23 0.716733870967742 0.178763440860215 10.6572922234835 1 1 1 
1 1300 7.4 22 NaN NaN NaN 0 -1 -1 
0 1300 7.8 23 NaN NaN NaN 1 1 1 
