1 30 7.6 1 NaN 0.246774193548387 15.2533403845272 3 0 0 
0 30 11.6 1 NaN 0.247983870967742 17.7875690546293 3 0 0 
1 40 7.6 1 NaN 0.271774193548387 19.128453527247 3 0 0 
0 40 11.6 1 NaN 0.279233870967742 27.5596308906832 3 0 0 
1 50 7.6 1 0.370967741935484 0.34758064516129 28.9654039126649 3 0 0 
0 50 11.6 1 0.370967741935484 0.345967741935484 27.119007209231 3 0 0 
1 60 7.6 1 0.368279569892473 0.470967741935484 32.3053254456005 3 0 0 
0 60 11.6 1 0.368279569892473 0.419354838709677 35.9955338681034 3 0 0 
1 70 7.6 1 0.374575551782682 0.475806451612903 33.1107050620974 3 0 0 
0 70 11.6 1 0.39573732718894 0.460483870967742 30.9089941516544 3 0 0 
1 80 7.6 1 0.48664314516129 0.478225806451613 29.6043974557541 3 0 0 
0 80 11.6 1 0.488140417457306 0.479838709677419 30.7595372870901 3 0 0 
1 90 7.6 1 0.395758661887694 0.475806451612903 30.5402379584732 3 0 0 
0 90 11.6 1 0.410543608124253 0.483870967741936 34.195075842174 3 0 0 
1 100 7.6 2 0.389025245441795 0.470967741935484 32.893843104375 3 1 0 
0 100 11.6 1 0.408225806451613 0.481854838709677 26.1511264742711 3 -1 0 
1 110 7.6 2 0.471774193548387 0.483870967741936 30.7202540597926 3 0 0 
0 110 11.6 2 0.470722300140252 0.477822580645161 27.9867784871891 3 0 0 
1 120 7.6 2 0.390625 0.495161290322581 36.6675161156035 3 0 0 
0 120 11.6 2 0.424217267552182 0.404838709677419 36.0537800629699 3 0 0 
1 130 7.6 2 0.373938879456706 0.494354838709677 30.2291766256689 3 0 0 
0 130 11.6 2 0.425029868578256 0.471774193548387 32.3165397996703 3 0 0 
1 140 7.6 3 0.48073476702509 0.458064516129032 30.3057095674407 3 0 0 
0 140 11.6 3 0.480006720430108 0.485483870967742 32.020674684478 3 0 0 
1 150 7.6 3 0.390973945409429 0.459677419354839 33.1797015136982 3 0 0 
0 150 11.6 3 0.410394265232975 0.491129032258064 31.113130148855 3 0 0 
1 160 7.6 3 0.374039938556068 0.453225806451613 26.2466360607378 3 0 0 
0 160 11.6 3 0.413123167155425 0.410483870967742 49.1461579304295 3 0 0 
1 170 7.6 3 0.480645161290323 0.454838709677419 15.9277060392401 3 0 0 
0 170 11.6 3 0.468672456575682 0.465322580645161 15.3679651058897 3 0 0 
1 180 7.6 3 0.383064516129032 0.445161290322581 11.5331636748699 3 -1 0 
0 180 11.6 4 0.423891129032258 0.49758064516129 10.3317468843822 3 1 0 
1 190 7.6 4 0.374039938556068 0.486290322580645 7.69223955835077 3 0 0 
0 190 11.6 4 0.439205955334988 0.471774193548387 6.26245343902577 3 0 0 
1 200 7.6 4 0.46831797235023 0.466733870967742 2.96361254868655 3 0 0 
0 200 11.6 4 0.485752688172043 0.491935483870968 5.74249342537024 3 0 0 
1 210 7.6 4 0.383400537634409 0.409677419354839 29.7783882512232 3 0 0 
0 210 11.6 4 0.433640552995392 0.487903225806452 6.00024103591627 3 0 0 
1 220 7.6 4 0.374231950844854 0.416935483870968 30.3845545278005 3 0 0 
0 220 11.6 4 0.440136476426799 0.372983870967742 18.6934362409126 3 0 0 
1 230 7.6 5 0.465322580645161 0.445967741935484 17.1603693230391 3 1 0 
0 230 11.6 4 0.498192436040044 0.375806451612903 38.491970211786 3 -1 0 
1 240 7.6 5 0.378330995792426 0.47258064516129 5.078903642698 3 0 0 
0 240 11.6 5 0.433406647116325 0.417741935483871 30.6953923765655 3 0 0 
1 250 7.6 5 0.399516129032258 0.454838709677419 8.528113964998 3 0 0 
0 250 11.6 5 0.44772465437788 0.451612903225806 33.3216751140318 3 0 0 
1 260 7.6 6 0.495161290322581 0.518548387096774 6.24318058600574 3 1 0 
0 260 11.6 5 0.505730050933786 0.438709677419355 34.070680291482 3 -1 0 
1 270 7.6 6 0.381837307152875 0.55 8.31671114671121 3 1 0 
0 270 11.6 5 0.404001240694789 0.42741935483871 33.229791190339 3 -1 0 
1 280 7.6 6 0.390603085553997 0.533064516129032 14.7705913596289 3 0 0 
0 280 11.6 6 0.367996604414261 0.444354838709677 35.163132005002 3 0 0 
1 290 7.6 6 0.507427843803056 0.554032258064516 7.12477564040744 3 0 0 
0 290 11.6 6 0.462436332767402 0.435483870967742 34.4078197797797 3 0 0 
1 300 7.6 6 0.423924731182796 0.475 15.3386220857428 3 0 0 
0 300 11.6 6 0.410095579450418 0.445967741935484 36.8763104216571 3 0 0 
1 310 7.6 6 0.388248847926267 0.405645161290323 31.7471450437158 3 0 0 
0 310 11.6 6 0.405241935483871 0.475 32.1246007723419 3 0 0 
1 320 7.6 7 0.457478005865103 0.424193548387097 31.0269900538365 3 0 0 
0 320 11.6 7 0.489439324116743 0.458870967741936 28.6354899113417 3 0 0 
1 330 7.6 7 0.389280913978495 0.445967741935484 27.7649769849941 3 0 0 
0 330 11.6 7 0.405167264038232 0.456451612903226 31.969514886897 3 0 0 
1 340 7.6 7 0.373079877112135 0.450806451612903 35.6900779798285 3 0 0 
0 340 11.6 7 0.401713709677419 0.45241935483871 33.3363863882344 3 0 0 
1 350 7.6 7 0.480990783410138 0.494959677419355 29.2307783274931 3 0 0 
0 350 11.6 7 0.466532258064516 0.45241935483871 37.872057746414 3 0 0 
1 360 7.6 8 0.417686318131257 0.496975806451613 25.0699217468175 3 1 0 
0 360 11.6 7 0.394441244239631 0.469354838709677 30.2943906547171 3 -1 0 
1 370 7.6 8 0.375 0.409677419354839 41.2449589357768 3 0 0 
0 370 11.6 8 0.388824884792627 0.488709677419355 33.2134958924734 3 0 0 
1 380 7.6 8 0.481602822580645 0.415322580645161 38.598070093206 3 0 0 
0 380 11.6 8 0.474890029325513 0.483064516129032 36.287269219857 3 0 0 
1 390 7.6 8 0.407407407407407 0.42741935483871 33.5259512073395 3 0 0 
0 390 11.6 8 0.39796633941094 0.52258064516129 38.3347383254157 3 0 0 
1 400 7.6 8 0.394611436950147 0.485483870967742 35.1587699084989 3 0 0 
0 400 11.6 8 0.429802052785924 0.463709677419355 5.75390142887804 3 0 0 
1 410 7.6 9 0.479838709677419 0.475 37.1900699316248 3 1 0 
0 410 11.6 8 0.467741935483871 0.513440860215054 4.44929136648858 3 -1 0 
1 420 7.6 9 0.425728407908429 0.490322580645161 26.4165883324713 3 1 0 
0 420 11.6 8 0.38508064516129 0.393145161290323 30.6421759242789 3 -1 0 
1 430 7.6 9 0.398689516129032 0.437903225806452 14.4187601216187 3 0 0 
0 430 11.6 9 0.423387096774194 0.35241935483871 46.3583925111966 3 0 0 
1 440 7.6 9 0.475806451612903 0.487903225806452 4.91468263678997 3 0 0 
0 440 11.6 9 0.455645161290323 0.462903225806452 12.9994560732269 3 0 0 
1 450 7.6 9 0.425806451612903 0.504032258064516 5.01818428175662 3 0 0 
0 450 11.6 9 0.416374474053296 0.331451612903226 49.8621070879228 3 0 0 
1 460 7.6 9 0.368145161290323 0.518145161290323 2.67341263511867 3 0 0 
0 460 11.6 9 0.422235023041475 0.324193548387097 45.6100363823687 3 0 0 
1 470 7.6 9 0.463343108504399 0.373655913978495 45.3440338314699 3 -1 0 
0 470 11.6 10 0.455645161290323 0.448387096774194 15.8452756738191 3 1 0 
1 480 7.6 9 0.40241935483871 0.340725806451613 35.5598087733891 3 -1 0 
0 480 11.6 10 0.422104105571848 0.537903225806452 9.35374994427915 3 1 0 
1 490 7.6 9 0.373717008797654 0.318548387096774 18.7882942280559 3 -1 0 
0 490 11.6 10 0.431977559607293 0.538709677419355 10.0952412353904 3 1 0 
1 500 7.6 10 0.460541474654378 0.212701612903226 33.1153485910112 3 0 0 
0 500 11.6 10 0.46741935483871 0.455645161290323 19.7851367927397 3 0 0 
1 510 7.6 10 0.421436004162331 0.291935483870968 24.3717357267276 3 0 0 
0 510 11.6 10 0.431451612903226 0.489516129032258 19.0992729974932 3 0 0 
1 520 7.6 10 0.379908835904628 0.375806451612903 13.0129386024216 3 -1 0 
0 520 11.6 11 0.420406732117812 0.500806451612903 5.45608158151312 3 1 0 
1 530 7.6 10 0.382168458781362 0.430645161290323 4.57729542590312 3 -1 0 
0 530 11.6 11 0.46265778401122 0.524193548387097 27.6476991981983 3 1 0 
1 540 7.6 10 0.377758913412564 0.473118279569892 6.08555788424757 3 -1 0 
0 540 11.6 11 0.438956093189964 0.481854838709677 35.2613634109864 3 1 0 
1 550 7.6 10 0.371723790322581 0.391129032258065 0 3 -2 0 
0 550 11.6 12 0.417674731182796 0.536290322580645 37.1696751054029 3 2 0 
1 560 7.6 10 0.414589442815249 0.125 0 3 -2 0 
0 560 11.6 12 0.461538461538462 0.550806451612903 50.0502499878157 3 2 0 
1 570 7.6 10 0.368663594470046 0.137096774193548 12.3172849230788 3 -2 0 
0 570 11.6 12 0.441905615292712 0.554838709677419 45.4075509067555 3 2 0 
1 580 7.6 10 0.368145161290323 0.203225806451613 29.0315140112983 3 -3 0 
0 580 11.6 13 0.428225806451613 0.614516129032258 35.1632370726561 3 3 0 
1 590 7.6 11 0.384072580645161 0.324193548387097 37.3515103916634 3 -2 0 
0 590 11.6 13 0.576209677419355 0.450806451612903 54.9725978249462 3 2 0 
1 600 7.6 11 0.373487903225806 0.403225806451613 20.3259393930914 3 -2 0 
0 600 11.6 13 0.444159335288368 0.393145161290323 36.4716674630728 3 2 0 
1 610 7.6 11 0.368145161290323 0.451612903225806 16.2459076980564 3 -2 0 
0 610 11.6 13 0.420806451612903 0.474462365591398 25.7277023711528 3 2 0 
1 620 7.6 12 0.432411674347158 0.471774193548387 24.4579891789223 3 -1 0 
0 620 11.6 13 0.461143695014663 0.502688172043011 29.6867472348355 3 1 0 
1 630 7.6 12 0.390198511166253 0.490322580645161 22.1643558313078 3 -1 0 
0 630 11.6 13 0.428590010405827 0.390120967741936 42.6393836894902 3 1 0 
1 640 7.6 12 0.402385752688172 0.439516129032258 20.4259300470299 3 -1 0 
0 640 11.6 13 0.431129032258064 0.375 31.5112517932337 3 1 0 
1 650 7.6 12 0.481241234221599 0.433870967741935 26.0055212195787 3 -1 0 
0 650 11.6 13 0.490783410138249 0.351612903225806 26.1838358130711 3 1 0 
1 660 7.6 12 0.443418314255983 0.508064516129032 23.2893938235223 3 -1 0 
0 660 11.6 13 0.367204301075269 0.384677419354839 12.5266570561769 3 1 0 
1 670 7.6 12 0.401041666666667 0.520161290322581 11.3484134771267 3 -2 0 
0 670 11.6 14 0.380184331797235 0.411290322580645 4.5337203284819 3 2 0 
1 680 7.6 12 0.469278033794163 0.497983870967742 5.22015325445528 3 -2 0 
0 680 11.6 14 0.44815668202765 0.463709677419355 4.49306921017908 3 2 0 
1 690 7.6 13 0.442362428842505 0.44758064516129 6.02079728939615 3 -1 0 
0 690 11.6 14 0.376282991202346 0.493951612903226 7.18595290075414 3 1 0 
1 700 7.6 13 0.445698924731183 0.258064516129032 46.5199706137988 3 -1 0 
0 700 11.6 14 0.375549853372434 0.485887096774194 6.36020060946043 3 1 0 
1 710 7.6 13 0.513944892473118 0.313709677419355 35.0621504215377 3 -1 0 
0 710 11.6 14 0.450806451612903 0.394354838709677 31.6425061210375 3 1 0 
1 720 7.6 13 0.4375 0.392741935483871 13.9963485792345 3 -1 0 
0 720 11.6 14 0.367831541218638 0.460483870967742 11.836062916469 3 1 0 
1 730 7.6 13 0.408064516129032 0.478225806451613 6.29712426725077 3 -1 0 
0 730 11.6 14 0.371517595307918 0.477822580645161 8.09052603956881 3 1 0 
1 740 7.6 13 0.49266862170088 0.42741935483871 10.3604941792736 3 -1 0 
0 740 11.6 14 0.457047685834502 0.529569892473118 4.64746248763825 3 1 0 
1 750 7.6 13 0.429523141654979 0.355645161290323 14.2707901878673 3 -2 0 
0 750 11.6 15 0.426930596285435 0.467741935483871 10.1983307044217 3 2 0 
1 760 7.6 13 0.402822580645161 0.305645161290323 19.9991623959348 3 -2 0 
0 760 11.6 15 0.443682795698925 0.423387096774194 42.3645942958042 3 2 0 
1 770 7.6 13 0.497067448680352 0.330645161290323 12.2000861686886 3 -2 0 
0 770 11.6 15 0.536290322580645 0.415322580645161 54.8769658203608 3 2 0 
1 780 7.6 14 0.428225806451613 0.383064516129032 8.51123238753534 3 -1 0 
0 780 11.6 15 0.463485663082437 0.433870967741935 36.8670417056144 3 1 0 
1 790 7.6 14 0.375576036866359 0.342741935483871 3.52489298530094 3 -1 0 
0 790 11.6 15 0.442741935483871 0.581451612903226 9.34777272799912 3 1 0 
1 800 7.6 14 0.418778801843318 0.35752688172043 4.90503682485421 3 -2 0 
0 800 11.6 16 0.527049731182796 0.566129032258065 24.1235073967113 3 2 0 
1 810 7.6 14 0.372143817204301 0.238911290322581 22.9067685128244 3 -2 0 
0 810 11.6 16 0.454749103942652 0.608870967741936 37.1281287006546 3 2 0 
1 820 7.6 14 0.366625310173697 0.195564516129032 13.6127875251455 3 -2 0 
0 820 11.6 16 0.419076751946607 0.618548387096774 22.0319801918689 3 2 0 
1 830 7.6 14 0.481182795698925 0.222782258064516 9.073872563881 3 -2 0 
0 830 11.6 16 0.498521505376344 0.565322580645161 15.8597974389986 3 2 0 
1 840 7.6 14 0.346986417657046 0.3 23.4237733037833 3 -2 0 
0 840 11.6 16 0.460685483870968 0.564516129032258 24.561542927526 3 2 0 
1 850 7.6 14 0.357862903225806 0.361290322580645 16.5139589642852 3 -2 0 
0 850 11.6 16 0.436081242532855 0.587903225806452 16.8699858597051 3 2 0 
1 860 7.6 15 0.432795698924731 0.405645161290323 6.57888110730802 3 -1 0 
0 860 11.6 16 0.560675883256528 0.565322580645161 12.0123136913072 3 1 0 
1 870 7.6 15 0.333944281524927 0.353225806451613 11.122468162476 3 -1 0 
0 870 11.6 16 0.50610599078341 0.429838709677419 16.2157736540954 3 1 0 
1 880 7.6 15 0.391129032258065 0.387903225806452 8.89839510514117 3 -1 0 
0 880 11.6 16 0.484543010752688 0.392741935483871 20.5385635460418 3 1 0 
1 890 7.6 15 0.473790322580645 0.411290322580645 9.1441587184086 3 -1 0 
0 890 11.6 16 0.547921836228288 0.466935483870968 14.4158759833104 3 1 0 
1 900 7.6 15 0.336469534050179 0.406451612903226 10.9291593756543 3 -1 0 
0 900 11.6 16 0.473471986417657 0.510483870967742 9.85813644889873 3 1 0 
1 910 7.6 15 0.366935483870968 0.401209677419355 20.3717545670135 3 -2 0 
0 910 11.6 17 0.478326612903226 0.537096774193548 7.08088926174064 3 2 0 
1 920 7.6 16 0.400403225806452 0.384408602150538 4.85147082413887 3 -1 0 
0 920 11.6 17 0.587243401759531 0.594758064516129 4.56407325735376 3 1 0 
1 930 7.6 16 0.303024193548387 0.376344086021505 4.59233591737513 3 -1 0 
0 930 11.6 17 0.51347623089983 0.578629032258065 4.06789847534898 3 1 0 
1 940 7.6 16 0.383064516129032 0.415322580645161 1.57394722895516 3 -1 0 
0 940 11.6 17 0.488636363636364 0.515120967741936 3.56546344728232 3 1 0 
1 950 7.6 16 0.44758064516129 0.313508064516129 34.9884458990473 3 -1 0 
0 950 11.6 17 0.604105571847507 0.513104838709677 8.04440383344174 3 1 0 
1 960 7.6 16 0.309677419354839 0.320967741935484 36.4372424638165 3 -1 0 
0 960 11.6 17 0.512197580645161 0.502016129032258 5.92757599341015 3 1 0 
1 970 7.6 16 0.364736070381232 0.388709677419355 28.0351011671949 3 -1 0 
0 970 11.6 17 0.524617996604414 0.366935483870968 34.9463392989079 3 1 0 
1 980 7.6 17 0.412903225806452 0.5 13.0372040373852 3 0 0 
0 980 11.6 17 0.620589717741936 0.362903225806452 30.5565120694375 3 0 0 
1 990 7.6 17 0.332805299539171 0.501612903225806 5.28957554800787 3 0 0 
0 990 11.6 17 0.478718637992832 0.443548387096774 20.1391576547753 3 0 0 
1 1000 7.6 17 0.35273492286115 0.492741935483871 4.80527317501044 3 -1 0 
0 1000 11.6 18 0.44115890083632 0.459677419354839 0 3 1 0 
1 1010 7.6 17 0.384925558312655 0.495967741935484 3.86177521733477 3 -1 0 
0 1010 11.6 18 0.580367074527252 NaN NaN 3 1 0 
1 1020 7.6 17 0.327798861480076 0.383870967741936 25.5611876701926 3 -1 0 
0 1020 11.6 18 0.497465437788018 0.193548387096774 0 3 1 0 
1 1030 7.6 18 0.347278225806452 0.318548387096774 31.7385510529479 3 0 0 
0 1030 11.6 18 0.469516129032258 0.30241935483871 42.9534631898291 3 0 0 
1 1040 7.6 18 0.34181141439206 0.361290322580645 16.0670633560484 3 0 0 
0 1040 11.6 18 0.603942652329749 0.358870967741936 28.1113855937412 3 0 0 
1 1050 7.6 18 0.379778972520908 0.365322580645161 12.528280425488 3 0 0 
0 1050 11.6 18 0.466820276497696 0.384408602150538 53.0926063292691 3 0 0 
1 1060 7.6 18 0.41 0.346774193548387 20.6108596057338 3 0 0 
0 1060 11.6 18 0.393057503506311 0.363911290322581 42.5631753179076 3 0 0 
1 1070 7.6 18 0.473790322580645 0.358064516129032 28.3494628334079 3 0 0 
0 1070 11.6 18 0.531158357771261 0.368548387096774 41.1498978745135 3 0 0 
1 1080 7.6 18 0.360448807854137 0.419354838709677 7.88786790105884 3 0 0 
0 1080 11.6 18 0.470334101382488 0.431451612903226 14.9385371533032 3 0 0 
1 1090 7.6 18 0.350604838709677 0.409677419354839 9.57320368013098 3 0 0 
0 1090 11.6 18 0.408387096774194 0.543346774193548 16.8338475461031 3 0 0 
1 1100 7.6 18 0.389296187683284 0.45241935483871 6.29545832298289 3 0 0 
0 1100 11.6 18 0.512272089761571 0.52116935483871 4.20328002696189 3 0 0 
1 1110 7.6 19 0.395681581685744 0.531451612903226 6.04922831102988 3 1 0 
0 1110 11.6 18 0.437247983870968 0.424395161290323 4.37433861107621 3 -1 0 
1 1120 7.6 19 0.439964157706093 0.516935483870968 8.55633040317275 3 1 0 
0 1120 11.6 18 0.381451612903226 0.378024193548387 13.3433140731085 3 -1 0 
1 1130 7.6 19 0.464112903225806 0.584677419354839 7.51819770992563 3 1 0 
0 1130 11.6 18 0.519736842105263 0.362903225806452 4.36129942330583 3 -1 0 
1 1140 7.6 19 0.422921836228288 0.576612903225806 9.58298567105703 3 1 0 
0 1140 11.6 18 0.452314165497896 0.411290322580645 20.6773653907914 3 -1 0 
1 1150 7.6 20 0.408870967741935 0.57258064516129 16.0635998630632 3 1 0 
0 1150 11.6 19 0.370967741935484 0.321572580645161 25.5348717560607 3 -1 0 
1 1160 7.6 20 0.474078341013825 0.425403225806452 43.3110483226927 3 1 0 
0 1160 11.6 19 0.433467741935484 0.39616935483871 10.6848801273668 3 -1 0 
1 1170 7.6 20 0.441997518610422 0.380040322580645 21.3371541062394 3 1 0 
0 1170 11.6 19 0.440860215053763 0.45866935483871 2.18724617131768 3 -1 0 
1 1180 7.6 20 0.421748991935484 0.426411290322581 12.0331738794735 3 1 0 
0 1180 11.6 19 0.3580220713073 0.451612903225806 9.61979470542424 3 -1 0 
1 1190 7.6 20 0.509072580645161 0.483870967741936 5.99802643959437 3 1 0 
0 1190 11.6 19 0.40581797235023 0.387096774193548 38.0513655575478 3 -1 0 
1 1200 7.6 20 0.452523413111342 0.538978494623656 3.77844202195079 3 1 0 
0 1200 11.6 19 0.405329593267882 0.332661290322581 30.2076149339864 3 -1 0 
1 1210 7.6 20 0.450492831541219 0.497983870967742 4.52769256906871 3 0 0 
0 1210 11.6 20 0.362096774193548 0.415322580645161 0 3 0 0 
1 1220 7.6 20 0.538530465949821 0.3125 49.3406526101956 3 0 0 
0 1220 11.6 20 0.431876061120543 0.463709677419355 0 3 0 0 
1 1230 7.6 20 0.492831541218638 0.405241935483871 26.0863949214912 3 0 0 
0 1230 11.6 20 0.395917338709677 NaN NaN 3 0 0 
1 1240 7.6 20 0.477610356536503 0.459677419354839 14.0801278403287 3 0 0 
0 1240 11.6 20 0.354127134724858 NaN NaN 3 0 0 
1 1250 7.6 21 0.57344470046083 0.502016129032258 5.02493781056045 3 1 0 
0 1250 11.6 20 0.428368121442125 NaN NaN 3 -1 0 
1 1260 7.6 21 0.50226814516129 0.310483870967742 40.4066189321991 3 1 0 
0 1260 11.6 20 0.345843672456576 0.131720430107527 4.66626325054389 3 -1 0 
1 1270 7.6 21 0.491446725317693 0.362903225806452 44.1648190622325 3 1 0 
0 1270 11.6 20 0.366625310173697 0.178427419354839 12.7218337617793 3 -1 0 
1 1280 7.6 21 0.616359447004608 0.337701612903226 26.9986305167814 3 1 0 
0 1280 11.6 20 0.390762463343108 0.202620967741935 7.68853993650312 3 -1 0 
1 1290 7.6 21 0.491223908918406 0.332258064516129 23.2223050409214 3 1 0 
0 1290 11.6 20 0.334057071960298 0.186290322580645 16.1610239871212 3 -1 0 
1 1300 7.6 21 0.473416965352449 0.354838709677419 24.9925664581145 3 1 0 
0 1300 11.6 20 0.366935483870968 0.201612903225806 13.8205285505814 3 -1 0 
1 1310 7.6 21 0.541508538899431 0.470161290322581 21.3433926967796 3 1 0 
0 1310 11.6 20 0.402859237536657 0.25 6.08249287624005 3 -1 0 
1 1320 7.6 21 0.480967741935484 0.478225806451613 20.8810171407181 3 1 0 
0 1320 11.6 20 0.369239631336406 0.334677419354839 12.3718722403495 3 -1 0 
1 1330 7.6 21 0.456391875746714 0.536290322580645 11.6213889675235 3 1 0 
0 1330 11.6 20 0.352292020373514 0.394354838709677 20.5766801244479 3 -1 0 
1 1340 7.6 21 0.512672811059908 0.567741935483871 5.76954491638055 3 1 0 
0 1340 11.6 20 0.39247311827957 0.390322580645161 13.1623656227495 3 -1 0 
1 1350 7.6 21 0.480687606112054 0.583870967741935 3.37687558186928 3 1 0 
0 1350 11.6 20 0.361088709677419 0.355645161290323 15.2867587128003 3 -1 0 
1 1360 7.6 21 0.470307917888563 0.607258064516129 4.06904827490583 3 0 0 
0 1360 11.6 21 0.381451612903226 0.298387096774194 19.1673150222417 3 0 0 
1 1370 7.6 21 0.579677419354839 0.554032258064516 10.0288053221639 3 0 0 
0 1370 11.6 21 0.466642228739003 0.364516129032258 14.7951028843263 3 0 0 
1 1380 7.6 22 0.472782258064516 0.521774193548387 6.9692730525745 3 1 0 
0 1380 11.6 21 0.376120071684588 0.394354838709677 17.0473823650219 3 -1 0 
1 1390 7.6 22 0.416408188585608 0.538709677419355 5.63867773594975 3 1 0 
0 1390 11.6 21 0.373847926267281 0.40241935483871 14.9719158398755 3 -1 0 
1 1400 7.6 22 0.500224014336918 0.637096774193548 1.55555115854586 3 1 0 
0 1400 11.6 21 0.432258064516129 0.389516129032258 17.4061806891379 3 -1 0 
1 1410 7.6 22 0.433225806451613 0.513709677419355 7.78861340312876 3 1 0 
0 1410 11.6 21 0.420848267622461 0.356451612903226 19.5769022407875 3 -1 0 
1 1420 7.6 22 0.368279569892473 0.517741935483871 6.26723355430655 3 1 0 
0 1420 11.6 21 0.437291434927697 0.395161290322581 21.2289683377553 3 -1 0 
1 1430 7.6 22 0.392137096774194 0.534677419354839 5.05195091305175 3 1 0 
0 1430 11.6 21 0.478598014888337 0.474798387096774 22.9776604453306 3 -1 0 
1 1440 7.6 22 0.440188172043011 0.592741935483871 6.10931744483538 3 1 0 
0 1440 11.6 21 0.444093286835222 0.364247311827957 3.9783629205015 3 -1 0 
1 1450 7.6 22 0.380600358422939 0.654032258064516 5.76544786058478 3 1 0 
0 1450 11.6 21 0.435771889400922 0.290322580645161 3.19841386020575 3 -1 0 
1 1460 7.6 22 0.47394540942928 0.598387096774194 18.8287409169404 3 1 0 
0 1460 11.6 21 0.57758064516129 0.294354838709677 4.4618227840999 3 -1 0 
1 1470 7.6 22 0.443164362519201 0.554032258064516 17.6557824179652 3 1 0 
0 1470 11.6 21 0.52847018572825 0.336021505376344 13.5637297475018 3 -1 0 
1 1480 7.6 22 0.396505376344086 0.512903225806452 6.8816754890657 3 0 0 
0 1480 11.6 22 0.516465053763441 0.352150537634409 2.07289418084468 3 0 0 
1 1490 7.6 22 0.438940092165899 0.515322580645161 3.86381850882653 3 0 0 
0 1490 11.6 22 0.584677419354839 0.370967741935484 33.0765725664325 3 0 0 
1 1500 7.6 22 0.347300140252454 0.508870967741936 5.59463225536568 3 0 0 
0 1500 11.6 22 0.536469534050179 0.378024193548387 23.1485760272517 3 0 0 
1 1510 7.6 22 0.382168458781362 0.540322580645161 6.23096535580003 3 0 0 
0 1510 11.6 22 0.436711079943899 0.338709677419355 25.3354134401293 3 0 0 
1 1520 7.6 22 0.590221774193548 0.640120967741936 6.16690567637183 3 0 0 
0 1520 11.6 22 0.5459229390681 0.311491935483871 11.0809150488018 3 0 0 
1 1530 7.6 23 0.388536866359447 0.670362903225806 4.88470116981389 3 1 0 
0 1530 11.6 22 0.496122828784119 0.280241935483871 7.17438415279095 3 -1 0 
1 1540 7.6 23 0.371277915632754 0.71875 3.9815363648359 3 1 0 
0 1540 11.6 22 0.461290322580645 0.243951612903226 6.37585777466728 3 -1 0 
1 1550 7.6 23 0.50733137829912 0.733870967741936 6.48072172377286 3 1 0 
0 1550 11.6 22 0.733198924731183 0.240927419354839 8.61527877801528 3 -1 0 
1 1560 7.6 23 0.399749721913237 0.773185483870968 9.00787352647076 3 1 1 
0 1560 11.6 22 0.533751493428913 0.205645161290323 3.89085704926969 2 -1 -1 
1 1570 7.6 23 0.443548387096774 0.789314516129032 5.5075722739987 3 1 1 
0 1570 11.6 22 0.416972140762463 0.178763440860215 4.00343697312609 2 -1 -1 
1 1580 7.6 23 0.550179211469534 0.67258064516129 57.6509809397199 3 1 1 
0 1580 11.6 22 0.505712365591398 0.143145161290323 10.3077640640442 2 -1 -1 
1 1590 7.6 23 0.407413151364764 0.719354838709677 41.0815716782841 3 1 1 
0 1590 11.6 22 0.48900293255132 0.153225806451613 5.72002893665654 2 -1 -1 
1 1600 7.6 23 0.397849462365591 0.703629032258065 35.4587101453518 3 1 1 
0 1600 11.6 22 0.478494623655914 NaN NaN 2 -1 -1 
1 1610 7.6 23 0.400604838709677 0.75 22.9488618385772 3 1 1 
0 1610 11.6 22 0.513104838709677 NaN NaN 2 -1 -1 
1 1620 7.6 23 0.427867383512545 0.838709677419355 7.43303437365925 3 1 1 
0 1620 11.6 22 0.196236559139785 NaN NaN 2 -1 -1 
