1 30 5 1 NaN 0.267741935483871 3.58790561374953 2 0 0 
0 30 6.2 1 NaN 0.258870967741935 2.46833816610348 2 0 0 
1 40 5 1 NaN 0.275806451612903 4.08381744330771 2 0 0 
0 40 6.2 1 NaN 0.291129032258064 17.0352671311294 2 0 0 
1 50 5 1 0.395161290322581 0.342741935483871 26.7675707244745 2 0 0 
0 50 6.2 1 0.387096774193548 0.380645161290323 26.3837793771694 2 0 0 
1 60 5 1 0.383064516129032 0.437096774193548 39.4789401211459 2 0 0 
0 60 6.2 1 0.383064516129032 0.478225806451613 35.2288354616449 2 0 0 
1 70 5 1 0.390264976958525 0.438709677419355 38.0468062208243 2 0 0 
0 70 6.2 1 0.401985111662531 0.493548387096774 38.8926202753628 2 0 0 
1 80 5 1 0.461693548387097 0.469354838709677 38.4119938941207 2 0 0 
0 80 6.2 1 0.487593052109181 0.469354838709677 40.5411984050942 2 0 0 
1 90 5 1 0.408918406072106 0.47258064516129 41.4158212163419 2 0 0 
0 90 6.2 1 0.383064516129032 0.47741935483871 39.3564503086831 2 0 0 
1 100 5 1 0.391749379652605 0.488709677419355 39.5255531897557 2 0 0 
0 100 6.2 1 0.392990074441687 0.478225806451613 41.1772118085922 2 0 0 
1 110 5 2 0.473655913978495 0.473387096774194 40.2671023333477 2 0 0 
0 110 6.2 2 0.470622119815668 0.487096774193548 36.2647755738096 2 0 0 
1 120 5 2 0.401713709677419 0.470967741935484 39.5041356360159 2 0 0 
0 120 6.2 2 0.389784946236559 0.496774193548387 39.1779325986934 2 0 0 
1 130 5 2 0.400124069478908 0.463709677419355 34.1493530484391 2 0 0 
0 130 6.2 2 0.395497311827957 0.455645161290323 38.6122898547504 2 0 0 
1 140 5 2 0.48622311827957 0.479838709677419 35.5671673687554 2 0 0 
0 140 6.2 2 0.48991935483871 0.443548387096774 38.9856579820258 2 0 0 
1 150 5 3 0.394354838709677 0.446774193548387 41.8321273233536 2 0 0 
0 150 6.2 3 0.394405241935484 0.479032258064516 33.6371552208239 2 0 0 
1 160 5 3 0.383064516129032 0.420161290322581 29.8123092616699 2 0 0 
0 160 6.2 3 0.383064516129032 0.463709677419355 23.1135855463202 2 0 0 
1 170 5 3 0.485111662531017 0.460483870967742 11.3617896693809 2 0 0 
0 170 6.2 3 0.480990783410138 0.488709677419355 3.46664399633645 2 0 0 
1 180 5 3 0.383064516129032 0.431451612903226 6.35027183008828 2 0 0 
0 180 6.2 3 0.410865874363328 0.473387096774194 7.46367345533134 2 0 0 
1 190 5 3 0.402973790322581 0.433064516129032 2.0197521670523 2 0 0 
0 190 6.2 3 0.399462365591398 0.442741935483871 2.65988796031746 2 0 0 
1 200 5 3 0.485215053763441 0.418548387096774 11.2002450773414 2 -1 0 
0 200 6.2 4 0.471102150537634 0.445161290322581 9.97288942882046 2 1 0 
1 210 5 4 0.400379506641366 0.354032258064516 35.052381386554 2 0 0 
0 210 6.2 4 0.421274961597542 0.47258064516129 26.724252122061 2 0 0 
1 220 5 4 0.413882488479263 0.485483870967742 27.167121555082 2 0 0 
0 220 6.2 4 0.424098671726755 0.453225806451613 25.4958552167215 2 0 0 
1 230 5 4 0.492511520737327 0.520967741935484 27.6938607450867 2 0 0 
0 230 6.2 4 0.518328445747801 0.429032258064516 28.1993233063262 2 0 0 
1 240 5 5 0.441532258064516 0.545161290322581 28.9402433811113 2 1 0 
0 240 6.2 4 0.383064516129032 0.404032258064516 31.4651836007446 2 -1 0 
1 250 5 5 0.422523041474654 0.489516129032258 25.8834781002339 2 0 0 
0 250 6.2 5 0.383064516129032 0.466129032258065 28.0155103582951 2 0 0 
1 260 5 5 0.505376344086022 0.476612903225806 26.1920585501254 2 0 0 
0 260 6.2 5 0.465149769585253 0.441129032258065 31.4423909580595 2 0 0 
1 270 5 5 0.412239089184061 0.537903225806452 28.4526564941531 2 -1 0 
0 270 6.2 6 0.407969639468691 0.423387096774194 34.0595697402483 2 1 0 
1 280 5 6 0.403763440860215 0.514516129032258 28.2579000810775 2 0 0 
0 280 6.2 6 0.38508064516129 0.441129032258065 35.1571822530641 2 0 0 
1 290 5 6 0.471505376344086 0.401612903225806 41.7195048193904 2 0 0 
0 290 6.2 6 0.474255583126551 0.493548387096774 34.6912650053814 2 0 0 
1 300 5 6 0.388978494623656 0.420967741935484 33.7018646400374 2 0 0 
0 300 6.2 6 0.44208211143695 0.512903225806452 36.417553445881 2 0 0 
1 310 5 6 0.387672811059908 0.469354838709677 26.0533827501395 2 0 0 
0 310 6.2 6 0.46465844402277 0.511290322580645 40.4929968264168 2 0 0 
1 320 5 6 0.473118279569892 0.458064516129032 28.5163270386177 2 0 0 
0 320 6.2 6 0.536290322580645 0.479838709677419 37.1271624708752 2 0 0 
1 330 5 6 0.443145161290323 0.498387096774194 41.9694887874578 2 -1 0 
0 330 6.2 7 0.408266129032258 0.448387096774194 36.6701292092913 2 1 0 
1 340 5 6 0.396505376344086 0.462096774193548 42.5186541168071 2 -1 0 
0 340 6.2 7 0.383064516129032 0.438709677419355 39.9798954212987 2 1 0 
1 350 5 7 0.48697270471464 0.400201612903226 38.3804520768444 2 0 0 
0 350 6.2 7 0.479838709677419 0.481451612903226 34.8909121090095 2 0 0 
1 360 5 7 0.402277039848197 0.389112903225806 19.8631804013493 2 0 0 
0 360 6.2 7 0.427052785923754 0.516935483870968 10.9049500074105 2 0 0 
1 370 5 7 0.383064516129032 0.372983870967742 24.9051043860512 2 0 0 
0 370 6.2 7 0.43477229601518 0.534274193548387 12.7901495809424 2 0 0 
1 380 5 7 0.456989247311828 0.379032258064516 10.437090256427 2 0 0 
0 380 6.2 7 0.518026565464896 0.55510752688172 8.25391867479692 2 0 0 
1 390 5 7 0.3984375 0.412096774193548 28.6086521339551 2 -1 0 
0 390 6.2 8 0.449677419354839 0.41633064516129 30.7901159768966 2 1 0 
1 400 5 7 0.388440860215054 0.503225806451613 24.4264298124701 2 -1 0 
0 400 6.2 8 0.44758064516129 0.433870967741935 31.0525032209097 2 1 0 
1 410 5 7 0.44024926686217 0.537903225806452 3.97318645839296 2 -1 0 
0 410 6.2 8 0.529233870967742 0.407258064516129 13.1009158753779 2 1 0 
1 420 5 7 0.383064516129032 0.46505376344086 6.41354073753192 2 -1 0 
0 420 6.2 8 0.468672456575682 0.482258064516129 8.38553283939673 2 1 0 
1 430 5 8 0.383995037220844 0.466397849462366 5.62718763453283 2 0 0 
0 430 6.2 8 0.40610599078341 0.510483870967742 3.5233529499349 2 0 0 
1 440 5 8 0.450372208436725 0.301612903225806 33.2599710989426 2 0 0 
0 440 6.2 8 0.509576612903226 0.57258064516129 23.705730559508 2 0 0 
1 450 5 8 0.402376910016978 0.27741935483871 36.7436058036098 2 -1 0 
0 450 6.2 9 0.423174872665535 0.516129032258065 26.8509349969258 2 1 0 
1 460 5 8 0.441028225806452 0.344354838709677 38.7930731635713 2 -1 0 
0 460 6.2 9 0.401985111662531 0.47741935483871 25.5739465915519 2 1 0 
1 470 5 9 0.488351254480287 0.442741935483871 36.4941391674975 2 0 0 
0 470 6.2 9 0.483870967741936 0.442741935483871 26.1383508910355 2 0 0 
1 480 5 9 0.454193548387097 0.486290322580645 40.8491446299628 2 0 0 
0 480 6.2 9 0.395917338709677 0.423387096774194 23.8305590589824 2 0 0 
1 490 5 9 0.424395161290323 0.493548387096774 33.6708009419559 2 -1 0 
0 490 6.2 10 0.395781637717122 0.470161290322581 25.0244688642534 2 1 0 
1 500 5 9 0.533770161290323 0.517741935483871 29.1826395836749 2 -1 0 
0 500 6.2 10 0.482404692082111 0.456451612903226 31.9865779174241 2 1 0 
1 510 5 9 0.409274193548387 0.479032258064516 30.0374407593904 2 -1 0 
0 510 6.2 10 0.39758064516129 0.484677419354839 29.5473978792232 2 1 0 
1 520 5 9 0.399193548387097 0.466935483870968 31.0342131700178 2 -1 0 
0 520 6.2 10 0.392569124423963 0.448387096774194 51.261202293262 2 1 0 
1 530 5 10 0.482078853046595 0.512903225806452 27.0803231442388 2 0 0 
0 530 6.2 10 0.462269585253456 0.442741935483871 41.9767012052652 2 0 0 
1 540 5 10 0.383995037220844 0.520967741935484 28.4395562853627 2 0 0 
0 540 6.2 10 0.412096774193548 0.5 42.1820028982523 2 0 0 
1 550 5 10 0.38599706744868 0.565322580645161 28.138155153776 2 -1 0 
0 550 6.2 11 0.386363636363636 0.514784946236559 41.0496333290776 2 1 0 
1 560 5 11 0.528225806451613 0.558870967741935 29.6688033205313 2 0 0 
0 560 6.2 11 0.513104838709677 0.469086021505376 35.4622520474759 2 0 0 
1 570 5 11 0.410282258064516 0.475806451612903 29.8707344769043 2 0 0 
0 570 6.2 11 0.410534274193548 0.359677419354839 53.1493968984127 2 0 0 
1 580 5 11 0.383064516129032 0.404838709677419 27.5713738381594 2 0 0 
0 580 6.2 11 0.39758064516129 0.406451612903226 46.154452322672 2 0 0 
1 590 5 11 0.501550868486352 0.396774193548387 18.9746481674673 2 0 0 
0 590 6.2 11 0.473325062034739 0.405645161290323 29.4823223298794 2 0 0 
1 600 5 11 0.433651026392962 0.394354838709677 15.547832751272 2 0 0 
0 600 6.2 11 0.43050284629981 0.466129032258065 17.8418447619656 2 0 0 
1 610 5 11 0.434535104364326 0.450604838709677 6.19567510088174 2 -1 0 
0 610 6.2 12 0.383995037220844 0.475806451612903 8.97841813942312 2 1 0 
1 620 5 11 0.520161290322581 0.490927419354839 4.20203856665156 2 -1 0 
0 620 6.2 12 0.447916666666667 0.48991935483871 2.51964928921555 2 1 0 
1 630 5 11 0.470806451612903 0.391129032258065 25.2114795428122 2 -1 0 
0 630 6.2 12 0.384792626728111 0.441935483870968 29.8526513137449 2 1 0 
1 640 5 12 0.462011884550085 0.404032258064516 22.0436059571849 2 0 0 
0 640 6.2 12 0.385263929618768 0.456451612903226 14.9387522753695 2 0 0 
1 650 5 12 0.602066532258065 0.485483870967742 14.2657314717542 2 0 0 
0 650 6.2 12 0.417338709677419 0.418548387096774 8.72932753072101 2 0 0 
1 660 5 12 0.509872080088988 0.501612903225806 3.8170275676241 2 0 0 
0 660 6.2 12 0.34094982078853 0.44758064516129 5.78524778719863 2 0 0 
1 670 5 12 0.458254269449715 0.386290322580645 19.505477401314 2 0 0 
0 670 6.2 12 0.395161290322581 0.520161290322581 6.12998841839133 2 0 0 
1 680 5 12 0.617223502304147 0.367943548387097 24.7434101498273 2 0 0 
0 680 6.2 12 0.436827956989247 0.520161290322581 5.59859550115096 2 0 0 
1 690 5 13 0.483064516129032 0.423387096774194 12.9747708758477 2 1 0 
0 690 6.2 12 0.348118279569893 0.546370967741936 5.02493781056045 2 -1 0 
1 700 5 13 0.469439728353141 0.455645161290323 4.84184724410177 2 1 0 
0 700 6.2 12 0.417521994134897 0.560483870967742 0 2 -1 0 
1 710 5 13 0.605075901328273 0.411290322580645 35.0088095818336 2 1 0 
0 710 6.2 12 0.456011730205279 0.323924731182796 33.7612117041608 2 -1 0 
1 720 5 13 0.511612903225806 0.410282258064516 25.2604887090443 2 1 0 
0 720 6.2 12 0.417741935483871 0.309139784946237 14.6178785541314 2 -1 0 
1 730 5 13 0.449148745519713 0.375 26.4969833342306 2 1 0 
0 730 6.2 12 0.459677419354839 0.330645161290323 32.1969929435301 2 -1 0 
1 740 5 13 0.578629032258065 0.509677419354839 14.0461905162402 2 0 0 
0 740 6.2 13 0.531947890818859 0.355846774193548 17.6050310009968 2 0 0 
1 750 5 13 0.50241935483871 0.511290322580645 11.6790548753788 2 0 0 
0 750 6.2 13 0.470223325062035 0.348387096774194 22.472018089473 2 0 0 
1 760 5 13 0.384274193548387 0.543010752688172 3.90962491464222 2 0 0 
0 760 6.2 13 0.452798861480076 0.383870967741935 10.2331215515854 2 0 0 
1 770 5 13 0.547983870967742 0.509408602150538 6.97643870337765 2 0 0 
0 770 6.2 13 0.549098671726755 0.446774193548387 7.02271048211339 2 0 0 
1 780 5 14 0.461405529953917 0.399193548387097 3.19841386020575 2 0 0 
0 780 6.2 14 0.485887096774194 0.560483870967742 4.49605080785966 2 0 0 
1 790 5 14 0.456541218637993 0.310483870967742 21.5518551578994 2 0 0 
0 790 6.2 14 0.386786600496278 0.520161290322581 5.63207626257639 2 0 0 
1 800 5 14 0.570564516129032 0.288709677419355 29.4067673114869 2 0 0 
0 800 6.2 14 0.512717121588089 0.504838709677419 23.7857826591425 2 0 0 
1 810 5 14 0.36766862170088 0.366129032258064 25.5973757459724 2 0 0 
0 810 6.2 14 0.448709677419355 0.47741935483871 31.2746772166775 2 0 0 
1 820 5 14 0.395161290322581 0.4 23.5449868065327 2 0 0 
0 820 6.2 14 0.425627240143369 0.558870967741935 24.1429685583141 2 0 0 
1 830 5 14 0.387096774193548 0.368548387096774 20.4918070653178 2 -1 0 
0 830 6.2 15 0.608064516129032 0.573387096774194 25.1650780994509 2 1 0 
1 840 5 14 0.330334987593052 0.360887096774194 8.54717406139435 2 -1 0 
0 840 6.2 15 0.498357228195938 0.600806451612903 22.1750629395498 2 1 0 
1 850 5 15 0.35752688172043 0.313508064516129 3.5671194845926 2 0 0 
0 850 6.2 15 0.460349462365591 0.643548387096774 19.5462025985121 2 0 0 
1 860 5 15 0.412634408602151 0.301411290322581 4.05800764216388 2 0 0 
0 860 6.2 15 0.630692599620493 0.565322580645161 27.6209075879643 2 0 0 
1 870 5 15 0.311059907834101 0.273185483870968 11.1394149612268 2 0 0 
0 870 6.2 15 0.503506311360449 0.50241935483871 25.6140614954773 2 0 0 
1 880 5 15 0.417803970223325 0.266935483870968 22.0699062766209 2 0 0 
0 880 6.2 15 0.494684750733138 0.429838709677419 32.6347230455019 2 0 0 
1 890 5 15 0.4212158808933 0.357258064516129 11.1956498801059 2 -1 0 
0 890 6.2 16 0.528225806451613 0.479838709677419 31.0395148577718 2 1 0 
1 900 5 16 0.390180265654649 0.37741935483871 5.80677137546296 2 0 0 
0 900 6.2 16 0.449046920821114 0.442540322580645 31.7124471367089 2 0 0 
1 910 5 16 0.383064516129032 0.406451612903226 9.70999867694793 2 0 0 
0 910 6.2 16 0.40625 0.399193548387097 21.6658124405091 2 0 0 
1 920 5 16 0.468108504398827 0.400806451612903 8.47839113517946 2 0 0 
0 920 6.2 16 0.514784946236559 0.411290322580645 20.0041568223809 2 0 0 
1 930 5 16 0.369354838709677 0.414516129032258 16.1911383911135 2 0 0 
0 930 6.2 16 0.476906158357771 0.461693548387097 36.8396842847976 2 0 0 
1 940 5 16 0.405913978494624 0.471774193548387 41.6996441767229 2 0 0 
0 940 6.2 16 0.383064516129032 0.4 42.6381554838021 2 0 0 
1 950 5 16 0.542338709677419 0.494354838709677 38.6973070886025 2 0 0 
0 950 6.2 16 0.420967741935484 0.363709677419355 28.285808816533 2 0 0 
1 960 5 16 0.477292020373514 0.483870967741936 6.07213595499958 2 0 0 
0 960 6.2 16 0.433064516129032 0.457258064516129 9.46705234124425 2 0 0 
1 970 5 16 0.499615975422427 0.495967741935484 4.51766997069535 2 0 0 
0 970 6.2 16 0.395161290322581 0.496774193548387 2.13986797735504 2 0 0 
1 980 5 16 0.597722960151803 0.425 5.74060442325402 2 0 0 
0 980 6.2 16 0.395161290322581 0.502016129032258 7.3346069175705 2 0 0 
1 990 5 17 0.48719165085389 0.454032258064516 7.63418749263572 2 1 0 
0 990 6.2 16 0.432711693548387 0.520161290322581 6.46770807914428 2 -1 0 
1 1000 5 17 0.426470588235294 0.439516129032258 7.62648458255011 2 1 0 
0 1000 6.2 16 0.395161290322581 0.431451612903226 37.0135110466435 2 -1 0 
1 1010 5 17 0.545614919354839 0.435483870967742 6.27756075110077 2 1 0 
0 1010 6.2 16 0.580645161290323 0.413306451612903 39.2237173149104 2 -1 0 
1 1020 5 17 0.469758064516129 0.467741935483871 7.2695859440264 2 1 0 
0 1020 6.2 16 0.394449715370019 0.30241935483871 33.4452340458902 2 -1 0 
1 1030 5 17 0.425851254480287 0.42258064516129 20.5648327931978 2 0 0 
0 1030 6.2 17 0.374327956989247 0.262096774193548 31.3177884431179 2 0 0 
1 1040 5 17 0.532258064516129 0.517741935483871 6.36378509674099 2 0 0 
0 1040 6.2 17 0.392641129032258 0.331451612903226 34.6101505945128 2 0 0 
1 1050 5 18 0.448790322580645 0.583870967741935 3.27383448024171 2 1 0 
0 1050 6.2 17 0.373207885304659 0.3125 25.5281029324624 2 -1 0 
1 1060 5 18 0.383064516129032 0.587903225806452 5.10004245841965 2 1 0 
0 1060 6.2 17 0.370679723502304 0.351814516129032 4.99557455103605 2 -1 0 
1 1070 5 18 0.604838709677419 0.686290322580645 4.94969992983707 2 1 0 
0 1070 6.2 17 0.370967741935484 0.285282258064516 4.75911939506917 2 -1 0 
1 1080 5 18 0.500597371565114 0.708064516129032 5.65115465317547 2 1 0 
0 1080 6.2 17 0.280913978494624 0.26747311827957 4.63723428011977 2 -1 0 
1 1090 5 19 0.422201138519924 0.743548387096774 4.49463427795571 2 2 1 
0 1090 6.2 17 0.358870967741936 0.254032258064516 5.7994456313195 1 -2 -1 
1 1100 5 19 0.635887096774194 0.667741935483871 6.47644008364083 2 2 1 
0 1100 6.2 17 0.378456221198157 0.217741935483871 11.9404726766854 1 -2 -1 
1 1110 5 19 0.4944743130227 0.525 19.4020512844835 2 2 1 
0 1110 6.2 17 0.338997695852535 0.278225806451613 20.6525990581816 1 -2 -1 
1 1120 5 19 0.447156196943973 0.420967741935484 25.5997053893468 2 2 1 
0 1120 6.2 17 0.407258064516129 0.306451612903226 26.4407128903876 1 -2 -1 
1 1130 5 19 0.51282991202346 0.37258064516129 37.2845070741792 2 1 1 
0 1130 6.2 18 0.440188172043011 0.411290322580645 31.0850623232678 1 -1 -1 
1 1140 5 19 0.413978494623656 0.395967741935484 38.0489069716649 2 1 1 
0 1140 6.2 18 0.415967741935484 0.411290322580645 53.0687469432193 1 -1 -1 
1 1150 5 19 0.383064516129032 0.466733870967742 36.068460850738 2 1 1 
0 1150 6.2 18 0.41044142614601 0.398185483870968 39.7337499175447 1 -1 -1 
1 1160 5 19 0.494959677419355 0.546370967741936 34.1317392607375 2 1 1 
0 1160 6.2 18 0.482597623089983 0.450604838709677 35.6129165947962 1 -1 -1 
1 1170 5 20 0.445816532258065 0.525537634408602 42.247300076003 2 2 1 
0 1170 6.2 18 0.458333333333333 0.423387096774194 31.2703214358705 1 -2 -1 
1 1180 5 20 0.421015180265655 0.425403225806452 30.2034766210779 2 1 1 
0 1180 6.2 19 0.455645161290323 0.5 33.181592969032 1 -1 -1 
1 1190 5 20 0.546082949308756 0.375 32.1403173599764 2 1 1 
0 1190 6.2 19 0.538306451612903 0.471774193548387 33.6340601176843 1 -1 -1 
1 1200 5 20 0.444424964936886 0.421370967741936 8.74642784226795 2 1 1 
0 1200 6.2 19 0.497219132369299 0.445564516129032 26.6692707061892 1 -1 -1 
1 1210 5 20 0.503528225806452 0.439516129032258 5.65685424949238 2 1 1 
0 1210 6.2 19 0.457258064516129 0.341397849462366 34.4908576568165 1 -1 -1 
1 1220 5 20 0.554301075268817 0.34005376344086 34.2200441662703 2 1 1 
0 1220 6.2 19 0.622759856630824 0.400537634408602 17.8589149840001 1 -1 -1 
1 1230 5 20 0.408724340175953 0.389784946236559 13.8859139167818 2 1 1 
0 1230 6.2 19 0.451375711574953 0.40625 32.9239933633439 1 -1 -1 
1 1240 5 20 0.428152492668622 0.365927419354839 29.2120834868538 2 1 1 
0 1240 6.2 19 0.406754032258065 0.456653225806452 21.3935558208539 1 -1 -1 
1 1250 5 20 0.460829493087558 0.360483870967742 26.6040183087182 2 1 1 
0 1250 6.2 19 0.611391129032258 0.436290322580645 30.3133789514185 1 -1 -1 
1 1260 5 20 0.318858560794045 0.446774193548387 17.8103522728599 2 1 1 
0 1260 6.2 19 0.436251920122888 0.40625 29.7607807514327 1 -1 -1 
1 1270 5 20 0.315322580645161 0.475806451612903 4.81016988041487 2 0 1 
0 1270 6.2 20 0.387096774193548 0.460685483870968 11.3604707027973 1 0 -1 
1 1280 5 20 0.315322580645161 0.44489247311828 3.33300321115654 2 0 1 
0 1280 6.2 20 0.51302729528536 0.529233870967742 5.10305580182346 1 0 -1 
1 1290 5 20 0.298963133640553 0.438172043010753 9.58642904015647 2 0 1 
0 1290 6.2 20 0.521337365591398 0.540322580645161 7.72313386354791 1 0 -1 
1 1300 5 20 0.443548387096774 0.396505376344086 16.6578311925476 2 0 1 
0 1300 6.2 20 0.494740532959327 0.504032258064516 6.97419524588189 1 0 -1 
1 1310 5 20 0.443548387096774 0.298387096774194 31.8474703786614 2 0 1 
0 1310 6.2 20 0.5875 0.58736559139785 3.53939104516427 1 0 -1 
1 1320 5 21 0.370743727598566 0.217741935483871 15.3782573346918 2 1 1 
0 1320 6.2 20 0.484879032258065 0.446572580645161 28.3849578843468 1 -1 -1 
1 1330 5 21 0.418682795698925 0.246975806451613 26.9999081742198 2 1 1 
0 1330 6.2 20 0.389784946236559 0.340725806451613 19.0049075245051 1 -1 -1 
1 1340 5 21 0.50739247311828 0.333064516129032 39.2747564922596 2 1 2 
0 1340 6.2 20 0.464605734767025 0.280241935483871 6.49420219255012 0 -1 -2 
1 1350 5 21 0.489381720430108 0.441129032258065 33.5730810574038 2 1 2 
0 1350 6.2 20 0.467741935483871 0.264112903225806 7.9341603137896 0 -1 -2 
1 1360 5 21 0.490927419354839 0.480645161290323 36.3676548521082 2 1 2 
0 1360 6.2 20 0.391129032258065 0.213709677419355 12.5780664556951 0 -1 -2 
1 1370 5 21 0.64758064516129 0.518548387096774 35.3798099112067 2 1 2 
0 1370 6.2 20 0.391129032258065 0.298387096774194 31.5889270084586 0 -1 -2 
1 1380 5 21 0.478870967741935 0.410483870967742 12.9259542774917 2 1 2 
0 1380 6.2 20 0.370967741935484 0.320161290322581 22.1896142293572 0 -1 -2 
1 1390 5 21 0.401209677419355 0.381451612903226 2.7260006176961 2 1 2 
0 1390 6.2 20 0.376099706744868 0.343548387096774 25.2319540175936 0 -1 -2 
1 1400 5 21 0.550537634408602 0.487096774193548 9.2221295665815 2 1 2 
0 1400 6.2 20 0.411290322580645 0.410483870967742 34.7599166211302 0 -1 -2 
1 1410 5 21 0.495967741935484 0.607258064516129 14.0699246749683 2 0 2 
0 1410 6.2 21 0.333126550868486 0.475806451612903 31.6770019675266 0 0 -2 
1 1420 5 21 0.465277777777778 0.692741935483871 8.82999399630937 2 0 2 
0 1420 6.2 21 0.370967741935484 0.38508064516129 22.9181518941307 0 0 -2 
1 1430 5 22 0.568785578747628 0.690322580645161 5.88368368294205 2 1 2 
0 1430 6.2 21 0.440188172043011 0.28125 21.2991935011343 0 -1 -2 
1 1440 5 22 0.512864823348694 0.720967741935484 10.7321664374443 2 1 2 
0 1440 6.2 21 0.393817204301075 0.23252688172043 3.59958359130167 0 -1 -2 
1 1450 5 22 0.509305210918114 0.740322580645161 3.74159161543049 2 1 2 
0 1450 6.2 21 0.370967741935484 0.223790322580645 5.70087712549569 0 -1 -2 
1 1460 5 22 0.635235732009926 0.785483870967742 4.62558417186697 2 1 2 
0 1460 6.2 21 0.370967741935484 0.167338709677419 1.58113883008419 0 -1 -2 
1 1470 5 22 0.651392961876833 0.764516129032258 5.50054572579771 2 1 2 
0 1470 6.2 21 0.306451612903226 0.155913978494624 5.76869137055813 0 -1 -2 
1 1480 5 22 0.681451612903226 0.773387096774194 6.21520198950758 2 1 2 
0 1480 6.2 21 0.294354838709677 0.19758064516129 5.09406893144954 0 -1 -2 
