1 30 7.8 1 NaN 0.337903225806452 32.3896131928911 2 0 0 
0 30 8.6 1 NaN 0.287903225806452 23.1060105297975 2 0 0 
1 40 7.8 1 NaN 0.354838709677419 36.610789794184 2 0 0 
0 40 8.6 1 NaN 0.307258064516129 26.4830492430065 2 0 0 
1 50 7.8 1 0.370967741935484 0.421774193548387 39.7146197782769 2 0 0 
0 50 8.6 1 0.370967741935484 0.370967741935484 33.2627717928688 2 0 0 
1 60 7.8 1 0.383064516129032 0.503225806451613 43.9452853789556 2 0 0 
0 60 8.6 1 0.383064516129032 0.487096774193548 37.8645072958168 2 0 0 
1 70 7.8 1 0.412730414746544 0.499193548387097 39.8836542955303 2 0 0 
0 70 8.6 1 0.403846153846154 0.47883064516129 29.0588991600412 2 0 0 
1 80 7.8 1 0.482190860215054 0.465322580645161 38.3703413164135 2 0 0 
0 80 8.6 1 0.474565756823821 0.442741935483871 48.6442598380968 2 0 0 
1 90 7.8 1 0.403225806451613 0.479838709677419 40.9090660608012 2 0 0 
0 90 8.6 1 0.402039848197344 0.433870967741935 48.9793771732822 2 0 0 
1 100 7.8 1 0.400057603686636 0.520161290322581 36.0047725005484 2 -1 0 
0 100 8.6 2 0.40136476426799 0.433467741935484 41.2607211953577 2 1 0 
1 110 7.8 2 0.487231182795699 0.362903225806452 44.0530468698074 2 0 0 
0 110 8.6 2 0.461021505376344 0.425 41.4949896640744 2 0 0 
1 120 7.8 2 0.393548387096774 0.407258064516129 36.3246293324973 2 0 0 
0 120 8.6 2 0.406309297912713 0.442741935483871 45.1851073689472 2 0 0 
1 130 7.8 2 0.409119106699752 0.441129032258065 39.1840937597102 2 0 0 
0 130 8.6 2 0.420218894009217 0.473387096774194 39.1877912027865 2 0 0 
1 140 7.8 2 0.489736070381232 0.465725806451613 42.795370204308 2 -1 0 
0 140 8.6 3 0.488636363636364 0.505645161290323 38.7784067630323 2 1 0 
1 150 7.8 3 0.394153225806452 0.453629032258065 35.9627130195506 2 0 0 
0 150 8.6 3 0.414136622390892 0.504032258064516 39.1450165112241 2 0 0 
1 160 7.8 3 0.383064516129032 0.329838709677419 42.620230319207 2 0 0 
0 160 8.6 3 0.396313364055299 0.487903225806452 14.2687154070432 2 0 0 
1 170 7.8 3 0.485551075268817 0.411290322580645 18.5087969320769 2 0 0 
0 170 8.6 3 0.479838709677419 0.503225806451613 5.66418833419217 2 0 0 
1 180 7.8 3 0.402039848197343 0.461290322580645 20.8936117788514 2 0 0 
0 180 8.6 3 0.40905017921147 0.516129032258065 6.24802278051983 2 0 0 
1 190 7.8 4 0.402988614800759 0.453225806451613 22.240712690414 2 1 0 
0 190 8.6 3 0.389578163771712 0.533266129032258 4.69655943623741 2 -1 0 
1 200 7.8 4 0.493447580645161 0.369959677419355 35.6742056934353 2 0 0 
0 200 8.6 4 0.48073476702509 0.417741935483871 30.0552132909257 2 0 0 
1 210 7.8 4 0.444950911640954 0.415322580645161 28.99716351195 2 0 0 
0 210 8.6 4 0.38508064516129 0.420967741935484 17.820332771394 2 0 0 
1 220 7.8 4 0.431003584229391 0.469354838709677 17.5002711205828 2 0 0 
0 220 8.6 4 0.383995037220844 0.421774193548387 15.1904095726911 2 0 0 
1 230 7.8 5 0.530241935483871 0.471774193548387 15.2753079295087 2 1 0 
0 230 8.6 4 0.437163978494624 0.448387096774194 16.9236039907243 2 -1 0 
1 240 7.8 5 0.45704094292804 0.468548387096774 27.922556831142 2 0 0 
0 240 8.6 5 0.400853889943074 0.463709677419355 13.2701975112546 2 0 0 
1 250 7.8 5 0.426686217008798 0.458064516129032 25.9286096929901 2 0 0 
0 250 8.6 5 0.45852534562212 0.460483870967742 19.4193846929991 2 0 0 
1 260 7.8 6 0.472983870967742 0.42741935483871 4.12321401234876 2 0 0 
0 260 8.6 6 0.519758064516129 0.519354838709677 33.7420196748164 2 0 0 
1 270 7.8 6 0.393010752688172 0.420362903225806 14.6005597246986 2 0 0 
0 270 8.6 6 0.383064516129032 0.532258064516129 40.8496407593496 2 0 0 
1 280 7.8 6 0.402361751152074 0.34375 29.1717981386061 2 0 0 
0 280 8.6 6 0.383995037220844 0.532258064516129 39.1775263340054 2 0 0 
1 290 7.8 6 0.476173020527859 0.400201612903226 22.1037453212873 2 0 0 
0 290 8.6 6 0.48991935483871 0.488911290322581 31.0572470914212 2 0 0 
1 300 7.8 6 0.383064516129032 0.411290322580645 31.4158730042133 2 0 0 
0 300 8.6 6 0.440092165898617 0.469354838709677 47.8082063531823 2 0 0 
1 310 7.8 6 0.383995037220844 0.408870967741935 36.3423053267118 2 0 0 
0 310 8.6 6 0.424827188940092 0.487903225806452 45.2373260439325 2 0 0 
1 320 7.8 6 0.444789081885856 0.446236559139785 32.3562813560282 2 -1 0 
0 320 8.6 7 0.508374689826303 0.507258064516129 40.4298085403949 2 1 0 
1 330 7.8 7 0.383064516129032 0.459677419354839 39.2521872934248 2 0 0 
0 330 8.6 7 0.405745967741936 0.496774193548387 43.174863998669 2 0 0 
1 340 7.8 7 0.395161290322581 0.365927419354839 43.0932710300227 2 0 0 
0 340 8.6 7 0.383064516129032 0.470161290322581 40.487059612364 2 0 0 
1 350 7.8 7 0.479334677419355 0.365591397849462 31.437200887666 2 -1 0 
0 350 8.6 8 0.49971198156682 0.512903225806452 40.6724559454167 2 1 0 
1 360 7.8 7 0.402126099706745 0.411290322580645 39.0512483795333 2 -1 0 
0 360 8.6 8 0.447931276297335 0.514112903225806 34.3433746485198 2 1 0 
1 370 7.8 7 0.383064516129032 0.395161290322581 38.6167062292993 2 -1 0 
0 370 8.6 8 0.439784946236559 0.498991935483871 37.9031377042716 2 1 0 
1 380 7.8 7 0.42741935483871 0.354838709677419 38.2369806746981 2 -1 0 
0 380 8.6 8 0.539170506912442 0.415322580645161 47.1054364570755 2 1 0 
1 390 7.8 8 0.383064516129032 0.276881720430108 12.6861592100554 2 -1 0 
0 390 8.6 9 0.470430107526882 0.456451612903226 29.9758800745252 2 1 0 
1 400 7.8 8 0.386520737327189 0.314516129032258 10 2 -1 0 
0 400 8.6 9 0.473655913978495 0.482258064516129 8.59328738156637 2 1 0 
1 410 7.8 8 0.424395161290323 0.459677419354839 0 2 -1 0 
0 410 8.6 9 0.524481566820276 0.486290322580645 5.0998262410598 2 1 0 
1 420 7.8 8 0.380040322580645 0.248655913978495 34.4014852717343 2 -1 0 
0 420 8.6 9 0.44758064516129 0.503225806451613 16.8883879733932 2 1 0 
1 430 7.8 8 0.385944700460829 0.245967741935484 27.9746546895473 2 -2 0 
0 430 8.6 10 0.454889112903226 0.512096774193548 12.2332230624191 2 2 0 
1 440 7.8 8 0.399193548387097 0.33366935483871 17.040972597662 2 -2 0 
0 440 8.6 10 0.55893300248139 0.500806451612903 18.9413774901557 2 2 0 
1 450 7.8 8 0.379765395894428 0.384072580645161 17.23009106707 2 -2 0 
0 450 8.6 10 0.452380952380952 0.534677419354839 24.5675649995196 2 2 0 
1 460 7.8 9 0.38508064516129 0.385752688172043 32.3542171338333 2 -1 0 
0 460 8.6 10 0.434907834101383 0.554435483870968 38.9889532003793 2 1 0 
1 470 7.8 9 0.391935483870968 0.42741935483871 38.6038365140045 2 -2 0 
0 470 8.6 11 0.518433179723502 0.539314516129032 38.5807997369798 2 2 0 
1 480 7.8 9 0.379838709677419 0.369959677419355 25.8742013558326 2 -2 0 
0 480 8.6 11 0.444556451612903 0.489516129032258 49.9104902815578 2 2 0 
1 490 7.8 9 0.373487903225806 0.298387096774194 31.8439744156696 2 -2 0 
0 490 8.6 11 0.501185958254269 0.524193548387097 50.6550868440434 2 2 0 
1 500 7.8 9 0.32258064516129 0.300806451612903 17.4119468609061 2 -3 0 
0 500 8.6 12 0.625 0.59758064516129 35.3420614765263 2 3 0 
1 510 7.8 10 0.305443548387097 0.303225806451613 18.2332287382762 2 -2 0 
0 510 8.6 12 0.492286115007013 0.65 24.3895203479047 2 2 0 
1 520 7.8 10 0.425691244239631 0.326612903225806 18.0990196678875 2 -2 0 
0 520 8.6 12 0.448840725806452 0.619354838709677 36.5586924678056 2 2 0 
1 530 7.8 11 0.425691244239631 0.314516129032258 11.0431267384931 2 -1 0 
0 530 8.6 12 0.542338709677419 0.625 44.3045758987402 2 1 0 
1 540 7.8 11 0.346198156682028 0.351814516129032 4.21952035386011 2 -1 0 
0 540 8.6 12 0.465909090909091 0.548387096774194 48.2830197895699 2 1 0 
1 550 7.8 11 0.415796963946869 0.305645161290323 20.1235990237833 2 -1 0 
0 550 8.6 12 0.411656891495601 0.395161290322581 26.0768096208106 2 1 0 
1 560 7.8 11 0.444354838709677 0.395967741935484 32.0941405690618 2 -1 0 
0 560 8.6 12 0.529233870967742 0.320564516129032 31.9333134276464 2 1 0 
1 570 7.8 11 0.451164874551971 0.500806451612903 33.5560870154833 2 -2 0 
0 570 8.6 13 0.383064516129032 0.305645161290323 25.6252266687778 2 2 0 
1 580 7.8 11 0.415559772296015 0.506048387096774 31.4425955584363 2 -2 0 
0 580 8.6 13 0.383064516129032 0.412903225806452 21.2812859364876 2 2 0 
1 590 7.8 12 0.513709677419355 0.443548387096774 27.2628081527337 2 -1 0 
0 590 8.6 13 0.462158808933002 0.469354838709677 41.037457651747 2 1 0 
1 600 7.8 12 0.373991935483871 0.364516129032258 37.4861370002199 2 -1 0 
0 600 8.6 13 0.457741935483871 0.473790322580645 30.5918440836723 2 1 0 
1 610 7.8 12 0.380272952853598 0.392741935483871 30.137425323496 2 -1 0 
0 610 8.6 13 0.422267025089606 0.475806451612903 19.4194220484748 2 1 0 
1 620 7.8 12 0.402721774193548 0.420698924731183 33.0837436231462 2 -2 0 
0 620 8.6 14 0.594086021505376 0.522177419354839 7.33578364739982 2 2 0 
1 630 7.8 12 0.369727047146402 0.407258064516129 31.0845620847391 2 -2 0 
0 630 8.6 14 0.493727598566308 0.451612903225806 31.0432605361014 2 2 0 
1 640 7.8 12 0.40994623655914 0.411290322580645 20.0997512422418 2 -2 0 
0 640 8.6 14 0.477918586789555 0.491129032258064 24.5161707499336 2 2 0 
1 650 7.8 13 0.467741935483871 0.276209677419355 34.4947152628625 2 -1 0 
0 650 8.6 14 0.595925297113752 0.510483870967742 13.0286086987398 2 1 0 
1 660 7.8 13 0.428056027164686 0.379032258064516 30.7471976776248 2 -1 0 
0 660 8.6 14 0.505117866004963 0.493548387096774 8.18099995829862 2 1 0 
1 670 7.8 13 0.395161290322581 0.429032258064516 28.1123397040404 2 -1 0 
0 670 8.6 14 0.451836917562724 0.475806451612903 12.8946464508695 2 1 0 
1 680 7.8 13 0.526881720430108 0.416935483870968 24.8654963068223 2 -1 0 
0 680 8.6 14 0.587449596774194 0.470967741935484 25.3450959353055 2 1 0 
1 690 7.8 13 0.416733870967742 0.358870967741936 49.0616296007381 2 -1 0 
0 690 8.6 14 0.447379032258064 0.539314516129032 35.1603848474784 2 1 0 
1 700 7.8 13 0.400744416873449 0.408266129032258 44.4834546015411 2 -2 0 
0 700 8.6 15 0.383064516129032 0.52116935483871 35.6359070353549 2 2 0 
1 710 7.8 14 0.487903225806452 0.363911290322581 29.3347629033841 2 -1 0 
0 710 8.6 15 0.55241935483871 0.481182795698925 11.150968138673 2 1 0 
1 720 7.8 14 0.349462365591398 0.257258064516129 19.0952956735098 2 -1 0 
0 720 8.6 15 0.49260752688172 0.5 11.6866916016596 2 1 0 
1 730 7.8 14 0.342741935483871 0.273387096774194 4.32603196784452 2 -1 0 
0 730 8.6 15 0.481324278438031 0.626344086021505 9.2079407474396 2 1 0 
1 740 7.8 14 NaN 0.284677419354839 4.29624998346362 2 -1 0 
0 740 8.6 15 0.623514431239389 0.673387096774194 17.3474234205868 2 1 0 
1 750 7.8 15 0.304147465437788 0.318548387096774 5.54948417110172 2 -1 0 
0 750 8.6 16 0.501872119815668 0.511088709677419 49.2809165100632 2 1 0 
1 760 7.8 15 0.387768817204301 0.330645161290323 5.62091114746407 2 -1 0 
0 760 8.6 16 0.450664136622391 0.549731182795699 45.6147507941271 2 1 0 
1 770 7.8 16 0.387768817204301 0.445564516129032 3.94544910005429 2 0 0 
0 770 8.6 16 0.56989247311828 0.483870967741936 0 2 0 0 
1 780 7.8 16 0.386136712749616 0.53125 10.3929499843031 2 0 0 
0 780 8.6 16 0.485719086021505 0.508064516129032 0 2 0 0 
1 790 7.8 16 0.448055028462998 0.479838709677419 42.2108336817877 2 0 0 
0 790 8.6 16 0.456653225806452 0.30241935483871 51.0392006206994 2 0 0 
1 800 7.8 16 0.529301075268817 0.465322580645161 51.914684491713 2 0 0 
0 800 8.6 16 0.661290322580645 0.241935483870968 25.5830914271003 2 0 0 
1 810 7.8 16 0.451935483870968 0.496774193548387 45.8752736269889 2 0 0 
0 810 8.6 16 0.391666666666667 0.290322580645161 25.4894264085132 2 0 0 
1 820 7.8 16 0.404648956356736 0.466129032258065 44.4078759959075 2 0 0 
0 820 8.6 16 0.408410138248848 0.262096774193548 23.3360318045534 2 0 0 
1 830 7.8 17 0.511340725806452 0.446774193548387 33.6805006522397 2 1 0 
0 830 8.6 16 0.460573476702509 0.366935483870968 11.1568407485048 2 -1 0 
1 840 7.8 17 0.423387096774194 0.425806451612903 19.7213082442694 2 1 0 
0 840 8.6 16 0.402777777777778 0.423387096774194 16.6430077148388 2 -1 0 
1 850 7.8 17 0.383064516129032 0.435483870967742 18.4707432968898 2 1 0 
0 850 8.6 16 0.408681214421252 0.501344086021505 4.45262575592144 2 -1 0 
1 860 7.8 17 0.453853046594982 0.533064516129032 10.1157901616827 2 1 0 
0 860 8.6 16 0.524430740037951 0.491935483870968 14.4031828355582 2 -1 0 
1 870 7.8 17 0.330645161290323 0.516129032258065 20.7199644149693 2 0 0 
0 870 8.6 17 0.499402628434886 0.48991935483871 3.53553390593274 2 0 0 
1 880 7.8 18 0.361559139784946 0.507056451612903 23.5098960073144 2 1 0 
0 880 8.6 17 0.495631720430108 0.471774193548387 0 2 -1 0 
1 890 7.8 18 0.361559139784946 0.537298387096774 27.8288799351823 2 1 0 
0 890 8.6 17 0.622087813620072 0.44758064516129 0 2 -1 0 
1 900 7.8 18 0.373879928315412 0.535282258064516 23.6871815505678 2 1 0 
0 900 8.6 17 0.514486260454002 0.139112903225806 2.12132034355964 2 -1 0 
1 910 7.8 18 0.431854838709677 0.522177419354839 21.2809933383761 2 1 0 
0 910 8.6 17 0.494623655913979 0.233870967741935 19.0358117347727 2 -1 0 
1 920 7.8 18 0.552995391705069 0.400806451612903 34.9106042971466 2 1 0 
0 920 8.6 17 0.648329493087558 0.349462365591398 23.4045465270008 2 -1 0 
1 930 7.8 18 0.385332661290323 0.405241935483871 32.612252388615 2 1 0 
0 930 8.6 17 0.47273425499232 0.36491935483871 34.2097466034884 2 -1 0 
1 940 7.8 18 0.370967741935484 0.491935483870968 14.6236354909858 2 0 0 
0 940 8.6 18 0.397849462365591 0.399193548387097 26.1398011305231 2 0 0 
1 950 7.8 18 0.497311827956989 0.415322580645161 0 2 0 0 
0 950 8.6 18 0.559297912713472 0.424193548387097 32.4854979064672 2 0 0 
1 960 7.8 19 0.354082661290323 0.30241935483871 0 2 1 0 
0 960 8.6 18 0.482221407624633 0.462903225806452 31.0233016220173 2 -1 0 
1 970 7.8 19 0.376152073732719 0.274193548387097 0 2 1 0 
0 970 8.6 18 0.450403225806452 0.50241935483871 15.054839836979 2 -1 0 
1 980 7.8 19 0.449020737327189 0.282258064516129 0 2 0 0 
0 980 8.6 19 0.525806451612903 0.385483870967742 39.359244722395 2 0 0 
1 990 7.8 19 0.354218362282878 0.205645161290323 12.144333818201 2 0 0 
0 990 8.6 19 0.495833333333333 0.451612903225806 35.9402952716267 2 0 0 
1 1000 7.8 19 0.362231182795699 0.236559139784946 10.6048494379248 2 0 0 
0 1000 8.6 19 0.551724137931035 0.589516129032258 28.7250896304286 2 0 0 
1 1010 7.8 19 0.268145161290323 0.232258064516129 15.4844830111521 0 0 -2 
0 1010 8.6 19 0.669056152927121 0.686290322580645 27.4817305075169 2 0 2 
1 1020 7.8 19 0.275744416873449 0.243548387096774 9.87620726775054 0 -1 -2 
0 1020 8.6 20 0.532258064516129 0.679435483870968 14.4340379955117 2 1 2 
1 1030 7.8 20 0.256048387096774 0.229838709677419 8.09534300635127 0 0 -2 
0 1030 8.6 20 0.460125448028674 0.766129032258065 5.77644200258353 2 0 2 
1 1040 7.8 20 0.228494623655914 0.179435483870968 11.5108644332213 0 0 -2 
0 1040 8.6 20 0.652217741935484 0.803763440860215 8.56921683516934 2 0 2 
1 1050 7.8 20 0.281182795698925 0.183467741935484 3.80788655293195 0 0 -2 
0 1050 8.6 20 0.513904338153504 0.795698924731183 6.41845451761677 2 0 2 
1 1060 7.8 20 0.296370967741936 0.165322580645161 0 0 0 -2 
0 1060 8.6 20 0.534354838709677 0.763440860215054 6.18680736310485 2 0 2 
1 1070 7.8 20 0.296370967741936 0.185483870967742 0 0 0 -2 
0 1070 8.6 20 0.67258064516129 0.522849462365591 65.4217840901404 2 0 2 
1 1080 7.8 20 0.2911866359447 0.262096774193548 0 0 0 -2 
0 1080 8.6 20 0.514112903225806 0.510752688172043 28.7257680215082 2 0 2 
1 1090 7.8 20 0.420967741935484 0.318548387096774 0 0 0 -2 
0 1090 8.6 20 0.487519201228879 0.362903225806452 31.8546727554167 2 0 2 
1 1100 7.8 20 0.420967741935484 0.272177419354839 7.90569415042095 0 0 -2 
0 1100 8.6 20 0.65668202764977 0.419354838709677 26.7795884696636 2 0 2 
1 1110 7.8 20 0.301267281105991 0.22883064516129 13.4465620216586 0 0 -2 
0 1110 8.6 20 0.508198924731183 0.436290322580645 49.6943955783466 2 0 2 
1 1120 7.8 20 0.317036290322581 0.270161290322581 24.5401732598678 0 -1 -2 
0 1120 8.6 21 0.461693548387097 0.540322580645161 37.2064319132251 2 1 2 
1 1130 7.8 20 0.33366935483871 0.279838709677419 13.8738189323317 0 -1 -2 
0 1130 8.6 21 0.626485568760611 0.679838709677419 18.9032182932638 2 1 2 
1 1140 7.8 20 0.276026392961877 0.266129032258065 9.39712004780209 0 -1 -2 
0 1140 8.6 21 0.526148582600196 0.703629032258065 14.3489914479462 2 1 2 
1 1150 7.8 21 NaN 0.272177419354839 13.8533119712197 0 0 -2 
0 1150 8.6 21 0.553139400921659 0.690860215053763 16.9550753257466 2 0 2 
1 1160 7.8 21 NaN 0.259072580645161 9.42103374691527 0 0 -2 
0 1160 8.6 21 0.665787841191067 0.685483870967742 16.4924225024706 2 0 2 
1 1170 7.8 21 0.29133064516129 0.244959677419355 14.5110886532213 0 0 -2 
0 1170 8.6 21 0.524823588709677 0.538306451612903 6.10327780786685 2 0 2 
1 1180 7.8 21 NaN 0.261088709677419 11.3472236527763 0 0 -2 
0 1180 8.6 21 0.523064516129032 0.42741935483871 1.4142135623731 2 0 2 
1 1190 7.8 21 NaN 0.29133064516129 7.39487808178806 0 0 -2 
0 1190 8.6 21 0.643049155145929 0.433467741935484 2.91547594742265 2 0 2 
1 1200 7.8 21 0.285483870967742 0.34375 20.5695065187179 0 0 -2 
0 1200 8.6 21 0.532624633431085 0.451612903225806 2.82842712474619 2 0 2 
1 1210 7.8 21 NaN 0.434475806451613 19.1872088600108 0 0 -2 
0 1210 8.6 21 0.522345430107527 0.316532258064516 43.6074109232644 2 0 2 
1 1220 7.8 21 NaN 0.445161290322581 30.6300387888287 0 0 -2 
0 1220 8.6 21 0.658770161290323 0.201612903225806 8.38152730712011 2 0 2 
1 1230 7.8 21 0.294930875576037 0.5 22.4630253317028 0 0 -2 
0 1230 8.6 21 0.514516129032258 0.291666666666667 24.3534557444945 2 0 2 
1 1240 7.8 22 0.35 0.487903225806452 22.3348042775304 0 1 -2 
0 1240 8.6 21 0.452060931899642 0.395161290322581 15.1057727682341 2 -1 2 
1 1250 7.8 22 0.35 0.497311827956989 12.0173139791111 0 1 -2 
0 1250 8.6 21 0.64616935483871 0.450268817204301 6.48939373251095 2 -1 2 
1 1260 7.8 22 0.311491935483871 0.455645161290323 0 0 0 -2 
0 1260 8.6 22 0.50083426028921 0.455645161290323 0 2 0 2 
1 1270 7.8 22 0.372983870967742 0.44758064516129 0 0 0 -2 
0 1270 8.6 22 0.495037220843672 0.451612903225806 0 2 0 2 
1 1280 7.8 22 0.372983870967742 0.254032258064516 0 0 0 -2 
0 1280 8.6 22 0.594941348973607 0.282258064516129 39.385911186616 2 0 2 
1 1290 7.8 22 0.296187683284457 0.455645161290323 0 0 0 -2 
0 1290 8.6 22 0.512096774193548 0.217741935483871 21.6919383932244 2 0 2 
1 1300 7.8 22 NaN 0.616935483870968 0 0 0 -2 
0 1300 8.6 22 0.588343108504399 0.294354838709677 4.2636554875992 2 0 2 
1 1310 7.8 22 NaN 0.372983870967742 59.4243216200236 0 0 -2 
0 1310 8.6 22 0.675645161290323 0.268817204301075 4.58355500898746 2 0 2 
1 1320 7.8 22 0.248387096774194 0.226612903225806 27.2072577173662 0 0 -2 
0 1320 8.6 22 0.557333669354839 0.298387096774194 35.4196123503442 2 0 2 
1 1330 7.8 22 0.363575268817204 0.233064516129032 10.0368190232617 0 0 -2 
0 1330 8.6 22 0.45776740237691 0.391935483870968 53.3638235241993 2 0 2 
1 1340 7.8 22 0.363575268817204 0.330645161290323 12.528655930791 0 0 -2 
0 1340 8.6 22 0.610383064516129 0.410483870967742 27.7716231393585 2 0 2 
1 1350 7.8 23 NaN 0.445161290322581 9.56519074495159 0 1 -2 
0 1350 8.6 22 0.498790322580645 0.411290322580645 6.02005903480985 2 -1 2 
1 1360 7.8 23 0.395161290322581 0.495161290322581 5.62087183249226 0 1 -2 
0 1360 8.6 22 0.498127880184332 0.395161290322581 13.1250025514483 2 -1 2 
1 1370 7.8 23 0.395161290322581 0.483870967741936 29.0435103903747 0 1 -2 
0 1370 8.6 22 0.587096774193548 0.401881720430108 4.37254110616222 2 -1 2 
1 1380 7.8 23 0.414898132427844 0.464717741935484 28.2281550398724 0 1 -2 
0 1380 8.6 22 0.546850998463902 0.401209677419355 4.03112887414927 2 -1 2 
1 1390 7.8 23 0.469941348973607 0.451612903225806 37.8811547308838 0 1 -2 
0 1390 8.6 22 0.525466893039049 0.334677419354839 0 2 -1 2 
1 1400 7.8 23 0.618768328445748 0.548387096774194 52.1413679586868 0 1 -2 
0 1400 8.6 22 0.629743833017078 0.30241935483871 0 2 -1 2 
1 1410 7.8 23 0.491935483870968 0.53494623655914 48.5227553908829 0 1 -2 
0 1410 8.6 22 0.508415147265077 0.254032258064516 33.0151480384384 2 -1 2 
1 1420 7.8 23 0.395161290322581 0.424731182795699 36.4854091422851 0 1 -2 
0 1420 8.6 22 0.446631878557875 0.227822580645161 23.7118114027588 2 -1 2 
1 1430 7.8 23 0.395161290322581 0.263440860215054 18.5423952368031 0 1 -2 
0 1430 8.6 22 0.540322580645161 0.272177419354839 21.5058131676066 2 -1 2 
1 1440 7.8 23 0.376423149905123 0.245967741935484 5.52606813628169 0 1 -2 
0 1440 8.6 22 0.478085553997195 0.366935483870968 12.052097266447 2 -1 2 
1 1450 7.8 23 0.395161290322581 0.289516129032258 30.4250796665924 0 0 -2 
0 1450 8.6 23 0.477990591397849 0.309139784946237 27.3858797340922 2 0 2 
1 1460 7.8 23 0.466397849462366 0.410483870967742 7.42128311418387 0 0 -2 
0 1460 8.6 23 0.592137096774194 0.359677419354839 19.9532873109934 2 0 2 
1 1470 7.8 23 0.330955334987593 0.47883064516129 13.4028211957062 0 0 -2 
0 1470 8.6 23 0.523673257023933 0.368279569892473 24.9569401792161 2 0 2 
1 1480 7.8 24 0.395161290322581 0.594758064516129 7.07106781186548 0 1 -2 
0 1480 8.6 23 0.45185009487666 0.32258064516129 0 2 -1 2 
1 1490 7.8 24 0.479838709677419 0.559475806451613 4.40017971271092 0 1 -2 
0 1490 8.6 23 0.586100569259962 NaN NaN 2 -1 2 
1 1500 7.8 24 0.361290322580645 0.55241935483871 2.25089303919503 0 1 -2 
0 1500 8.6 23 0.477667493796526 NaN NaN 2 -1 2 
1 1510 7.8 24 0.395161290322581 0.533266129032258 6.30099387445691 0 1 -2 
0 1510 8.6 23 0.433998302207131 NaN NaN 2 -1 2 
1 1520 7.8 24 0.445564516129032 0.443548387096774 15.058793772156 0 1 -2 
0 1520 8.6 23 0.592069892473118 NaN NaN 2 -1 2 
1 1530 7.8 24 NaN 0.4375 17.5477676498875 0 1 -2 
0 1530 8.6 23 0.512726814516129 NaN NaN 2 -1 2 
1 1540 7.8 24 0.331989247311828 0.417741935483871 30.7914284117126 0 1 -2 
0 1540 8.6 23 0.505117866004963 0.143817204301075 5.58692286691832 2 -1 2 
1 1550 7.8 24 0.331989247311828 0.462096774193548 30.4473790685014 0 1 -2 
0 1550 8.6 23 0.633239831697055 0.215725806451613 11.137514700711 2 -1 2 
1 1560 7.8 24 0.309475806451613 0.487903225806452 44.8008830323452 0 1 -2 
0 1560 8.6 23 0.537023460410557 0.248655913978495 22.7443407923932 2 -1 2 
1 1570 7.8 24 0.317204301075269 0.542741935483871 28.5667113781916 0 1 -2 
0 1570 8.6 23 0.508064516129032 0.304838709677419 15.2616529218331 2 -1 2 
1 1580 7.8 24 0.317204301075269 0.660483870967742 10.2752233560898 0 1 -2 
0 1580 8.6 23 0.554883512544803 0.290322580645161 4.20576980749894 2 -1 2 
1 1590 7.8 24 0.273521505376344 0.717741935483871 4.49082992184327 0 1 -2 
0 1590 8.6 23 0.410557184750733 0.27116935483871 4.72655647827962 2 -1 2 
1 1600 7.8 24 0.42741935483871 0.6875 8.5146931829632 0 1 -1 
0 1600 8.6 23 0.395161290322581 0.254032258064516 7.05846481653099 1 -1 1 
1 1610 7.8 25 0.42741935483871 0.707661290322581 2.69258240356725 0 2 -1 
0 1610 8.6 23 0.629032258064516 0.279233870967742 10.3097429075883 1 -2 1 
1 1620 7.8 25 0.308467741935484 0.534274193548387 3.90512483795333 0 2 -1 
0 1620 8.6 23 0.506598240469208 0.261088709677419 13.6067295338819 1 -2 1 
1 1630 7.8 25 0.395161290322581 0.268145161290323 7.15891053163818 0 2 -1 
0 1630 8.6 23 0.490285923753666 0.350806451612903 5.69802611487609 1 -2 1 
1 1640 7.8 25 0.309979838709677 0.193548387096774 5 0 2 -1 
0 1640 8.6 23 0.528225806451613 0.545362903225806 13.0503426427948 1 -2 1 
1 1650 7.8 25 0.363140417457306 0.224462365591398 10.4468492267954 0 1 -1 
0 1650 8.6 24 0.462976539589443 0.584677419354839 45.7605684855325 1 -1 1 
1 1660 7.8 25 0.30241935483871 0.185483870967742 7.96608542229356 0 1 -1 
0 1660 8.6 24 0.447004608294931 0.716129032258064 17.4076482905839 1 -1 1 
1 1670 7.8 25 0.292338709677419 0.176612903225806 7.68619518412763 0 1 -1 
0 1670 8.6 24 0.504536290322581 0.548387096774194 0 1 -1 1 
1 1680 7.8 25 0.278225806451613 0.382258064516129 17.4764117834498 0 1 -1 
0 1680 8.6 24 0.539222873900293 0.512096774193548 0 1 -1 1 
1 1690 7.8 25 0.389516129032258 0.551612903225806 15.5120823314471 0 1 -1 
0 1690 8.6 24 0.520872865275142 0.350806451612903 0 1 -1 1 
1 1700 7.8 25 0.389516129032258 0.617741935483871 26.3487386858662 0 1 -1 
0 1700 8.6 24 0.654174573055028 0.395161290322581 0 1 -1 1 
1 1710 7.8 25 0.25241935483871 0.679838709677419 43.347204462529 0 1 -1 
0 1710 8.6 24 0.563256048387097 NaN NaN 1 -1 1 
1 1720 7.8 25 NaN NaN NaN 0 1 -1 
0 1720 8.6 24 NaN NaN NaN 1 -1 1 
