1 30 6.4 1 NaN 0.251008064516129 10.7692187854987 3 0 0 
0 30 7.8 1 NaN 0.289516129032258 26.9309130244595 3 0 0 
1 40 6.4 1 NaN 0.259677419354839 25.6796848377953 3 0 0 
0 40 7.8 1 NaN 0.316129032258065 25.566280034813 3 0 0 
1 50 6.4 1 0.381720430107527 0.301612903225806 29.5495939418675 3 0 0 
0 50 7.8 1 0.381048387096774 0.37258064516129 29.2730173900887 3 0 0 
1 60 6.4 1 0.383064516129032 0.450604838709677 22.9876305651821 3 0 0 
0 60 7.8 1 0.382862903225806 0.492741935483871 35.7878968833425 3 0 0 
1 70 6.4 1 0.399193548387097 0.403225806451613 47.1587605247824 3 0 0 
0 70 7.8 1 0.446044546850998 0.520967741935484 34.427451414762 3 0 0 
1 80 6.4 1 0.455645161290323 0.426612903225806 45.1872335362701 3 0 0 
0 80 7.8 1 0.488453079178886 0.525 37.307780957205 3 0 0 
1 90 6.4 1 0.401774193548387 0.397177419354839 35.1218474337402 3 0 0 
0 90 7.8 1 0.407258064516129 0.488911290322581 28.59388616744 3 0 0 
1 100 6.4 1 0.425953079178886 0.403225806451613 39.8421737370807 3 0 0 
0 100 7.8 1 0.395967741935484 0.485887096774194 23.5111694154022 3 0 0 
1 110 6.4 1 0.474395161290323 0.390322580645161 51.1319468065685 3 -1 0 
0 110 7.8 2 0.472475455820477 0.420161290322581 44.482726306014 3 1 0 
1 120 6.4 2 0.400806451612903 0.429032258064516 23.3626969572705 3 0 0 
0 120 7.8 2 0.429505005561735 0.455645161290323 36.6266413351897 3 0 0 
1 130 6.4 2 0.403225806451613 0.42741935483871 21.7115025722333 3 0 0 
0 130 7.8 2 0.43778801843318 0.479838709677419 25.7517413241203 3 0 0 
1 140 6.4 2 0.456989247311828 0.445161290322581 24.1287912354221 3 -1 0 
0 140 7.8 3 0.487063172043011 0.510483870967742 26.8605062799315 3 1 0 
1 150 6.4 3 0.386363636363636 0.436290322580645 25.5104824354851 3 0 0 
0 150 7.8 3 0.424360400444939 0.533870967741936 27.2872374722289 3 0 0 
1 160 6.4 3 0.395797962648557 0.391935483870968 31.7935070521597 3 0 0 
0 160 7.8 3 0.406708211143695 0.536290322580645 30.2962603123198 3 0 0 
1 170 6.4 3 0.486717267552182 0.421774193548387 27.8543008750947 3 0 0 
0 170 7.8 3 0.468052109181141 0.497983870967742 26.1227045338772 3 0 0 
1 180 6.4 3 0.400645161290323 0.444354838709677 18.1567013843055 3 -1 0 
0 180 7.8 4 0.425472747497219 0.505040322580645 28.7895203647676 3 1 0 
1 190 6.4 4 0.383064516129032 0.444354838709677 18.3119543263166 3 0 0 
0 190 7.8 4 0.456797235023041 0.446774193548387 33.7743675245207 3 0 0 
1 200 6.4 4 0.471270161290323 0.457258064516129 19.7715711238427 3 0 0 
0 200 7.8 4 0.476722873900293 0.467741935483871 34.6512077060908 3 0 0 
1 210 6.4 5 0.399677419354839 0.459677419354839 21.4240474085224 3 1 0 
0 210 7.8 4 0.435093652445369 0.504032258064516 12.5693979589815 3 -1 0 
1 220 6.4 5 0.398588709677419 0.403225806451613 24.5951893674257 3 1 0 
0 220 7.8 4 0.436323924731183 0.517137096774194 15.0326410904491 3 -1 0 
1 230 6.4 5 0.480414746543779 0.443548387096774 24.4401409434821 3 0 0 
0 230 7.8 5 0.484447004608295 0.4 35.1880352358953 3 0 0 
1 240 6.4 5 0.410426267281106 0.446572580645161 20.2697928887797 3 0 0 
0 240 7.8 5 0.415994623655914 0.47741935483871 23.3927853298774 3 0 0 
1 250 6.4 6 0.402649769585253 0.468548387096774 23.0310085364184 3 1 0 
0 250 7.8 5 0.389016897081413 0.449596774193548 17.5003472148972 3 -1 0 
1 260 6.4 6 0.482468443197756 0.466935483870968 29.0478164954954 3 1 0 
0 260 7.8 5 0.47215821812596 0.466733870967742 23.8099769233679 3 -1 0 
1 270 6.4 6 0.418964620187305 0.464516129032258 20.7029535134842 3 0 0 
0 270 7.8 6 0.420992943548387 0.429032258064516 37.8430194787301 3 0 0 
1 280 6.4 6 0.405145929339478 0.455645161290323 25.4816029107437 3 0 0 
0 280 7.8 6 0.440036420395421 0.45241935483871 28.4124118039831 3 0 0 
1 290 6.4 6 0.478989813242784 0.465322580645161 24.6240002836647 3 0 0 
0 290 7.8 6 0.478578629032258 0.39758064516129 42.3941245815161 3 0 0 
1 300 6.4 6 0.406298003072197 0.434677419354839 29.9038483217042 3 0 0 
0 300 7.8 6 0.439981389578164 0.456451612903226 35.6326997830005 3 0 0 
1 310 6.4 6 0.407807917888563 0.471774193548387 18.7432757094521 3 0 0 
0 310 7.8 6 0.441377171215881 0.470967741935484 28.395626405257 3 0 0 
1 320 6.4 7 0.448976426799007 0.459677419354839 17.5723278953161 3 0 0 
0 320 7.8 7 0.466696535244922 0.40241935483871 40.186847586245 3 0 0 
1 330 6.4 7 0.418490783410138 0.423387096774194 34.0631363355342 3 0 0 
0 330 7.8 7 0.431916873449131 0.460483870967742 20.4089507652863 3 0 0 
1 340 6.4 7 0.433284457478006 0.45866935483871 33.4908127001693 3 0 0 
0 340 7.8 7 0.420757363253857 0.479838709677419 24.44738326926 3 0 0 
1 350 6.4 7 0.459914611005693 0.39758064516129 40.1538370822218 3 -1 0 
0 350 7.8 8 0.45083746898263 0.490322580645161 32.8511680548644 3 1 0 
1 360 6.4 7 0.381624423963134 0.340322580645161 39.8937085681633 3 -1 0 
0 360 7.8 8 0.465363937138131 0.545161290322581 32.5613051323615 3 1 0 
1 370 6.4 7 0.382215619694397 0.346774193548387 29.5482818649426 3 -1 0 
0 370 7.8 8 0.478326612903226 0.541935483870968 31.2634847131207 3 1 0 
1 380 6.4 8 0.401965725806452 0.378024193548387 33.4360455217771 3 -1 0 
0 380 7.8 9 0.507086999022483 0.551612903225806 25.7749977904337 3 1 0 
1 390 6.4 8 0.386247877758913 0.320967741935484 27.2433501731697 3 -1 0 
0 390 7.8 9 0.484677419354839 0.544354838709677 28.5136768639206 3 1 0 
1 400 6.4 8 0.407624633431085 0.359677419354839 17.7066479796071 3 -1 0 
0 400 7.8 9 0.523673257023933 0.554838709677419 24.4106296864802 3 1 0 
1 410 6.4 8 0.422766749379653 0.364516129032258 14.6115253216927 3 -1 0 
0 410 7.8 9 0.549777530589544 0.599193548387097 22.5116779385655 3 1 0 
1 420 6.4 8 0.351958525345622 0.355846774193548 20.0857781565645 3 -2 0 
0 420 7.8 10 0.477253928866832 0.565524193548387 19.7885199112723 3 2 0 
1 430 6.4 9 0.380292338709677 0.337701612903226 12.7784684214868 3 -1 0 
0 430 7.8 10 0.451948924731183 0.526209677419355 26.0523148145464 3 1 0 
1 440 6.4 9 0.388563049853372 0.27258064516129 30.7171557739086 3 -1 0 
0 440 7.8 10 0.592137096774194 0.528225806451613 17.8830174284259 3 1 0 
1 450 6.4 9 0.355021994134897 0.333870967741936 23.4810005278697 3 -1 0 
0 450 7.8 10 0.483996975806452 0.430645161290323 33.1729413848231 3 1 0 
1 460 6.4 9 0.374039938556068 0.395161290322581 21.1591542813446 3 -1 0 
0 460 7.8 10 0.471774193548387 0.440524193548387 17.1229207239408 3 1 0 
1 470 6.4 9 0.420400238948626 0.409677419354839 27.1432741656453 3 -1 0 
0 470 7.8 10 0.456541218637993 0.517741935483871 5.14614972564148 3 1 0 
1 480 6.4 9 0.406556802244039 0.414516129032258 15.1192134767637 3 -1 0 
0 480 7.8 10 0.45773596176822 0.538709677419355 6.20310389391624 3 1 0 
1 490 6.4 9 0.405680224403927 0.324596774193548 28.684628551025 3 -2 0 
0 490 7.8 11 0.477258064516129 0.556451612903226 8.29364632103733 3 2 0 
1 500 6.4 9 0.399193548387097 0.34375 17.7382898308294 3 -2 0 
0 500 7.8 11 0.495199692780338 0.531451612903226 23.6399712589798 3 2 0 
1 510 6.4 10 0.393241167434716 0.318548387096774 21.51955050243 3 -1 0 
0 510 7.8 11 0.474972191323693 0.558467741935484 21.6838405284034 3 1 0 
1 520 6.4 10 0.405017921146953 0.356451612903226 18.0685633223422 3 -1 0 
0 520 7.8 11 0.421594982078853 0.566532258064516 29.0845768736228 3 1 0 
1 530 6.4 10 0.431868743047831 0.460483870967742 21.3660361978085 3 -1 0 
0 530 7.8 11 0.434587813620072 0.474798387096774 27.9314560004857 3 1 0 
1 540 6.4 11 0.431129032258064 0.541129032258065 16.6425809743224 3 0 0 
0 540 7.8 11 0.432400379506641 0.354838709677419 34.6302238598665 3 0 0 
1 550 6.4 11 0.486842105263158 0.5 25.2006851866267 3 0 0 
0 550 7.8 11 0.404761904761905 0.373991935483871 17.4704061845743 3 0 0 
1 560 6.4 11 0.505952380952381 0.438508064516129 18.3735069007758 3 -1 0 
0 560 7.8 12 0.415689149560117 0.433467741935484 10.5949652424798 3 1 0 
1 570 6.4 11 0.422043010752688 0.440860215053763 28.5048861091112 3 -1 0 
0 570 7.8 12 0.41817876344086 0.404233870967742 18.1262904919629 3 1 0 
1 580 6.4 11 0.400369623655914 0.404569892473118 35.2405730358609 3 -1 0 
0 580 7.8 12 0.392045454545455 0.364516129032258 26.1500776906978 3 1 0 
1 590 6.4 12 0.473877980364656 0.344086021505376 26.6987652174665 3 0 0 
0 590 7.8 12 0.453473945409429 0.456451612903226 20.9538042994264 3 0 0 
1 600 6.4 12 0.422253024193548 0.376344086021505 27.0272954750692 3 0 0 
0 600 7.8 12 0.457409274193548 0.463709677419355 27.564362655465 3 0 0 
1 610 6.4 12 0.40625 0.380040322580645 34.8056592931286 3 0 0 
0 610 7.8 12 0.459212158808933 0.441129032258065 22.0457421220273 3 0 0 
1 620 6.4 12 0.475280504908836 0.411290322580645 19.5519052071128 3 -1 0 
0 620 7.8 13 0.475614439324117 0.423387096774194 24.4097364506914 3 1 0 
1 630 6.4 12 0.43098635235732 0.507056451612903 14.3417153063673 3 -1 0 
0 630 7.8 13 0.423195084485407 0.429032258064516 17.6547648902127 3 1 0 
1 640 6.4 12 0.410373900293255 0.507258064516129 8.00495126909929 3 -1 0 
0 640 7.8 13 0.408724340175953 0.45 11.637663683628 3 1 0 
1 650 6.4 12 0.467925219941349 NaN NaN 3 -2 0 
0 650 7.8 14 0.440860215053763 0.469354838709677 7.4687064880326 3 2 0 
1 660 6.4 12 0.421935483870968 0.290322580645161 0 3 -2 0 
0 660 7.8 14 0.451262272089762 0.505645161290323 4.26187596764086 3 2 0 
1 670 6.4 12 0.422491039426523 NaN NaN 3 -2 0 
0 670 7.8 14 0.446068548387097 0.512096774193548 14.674606875383 3 2 0 
1 680 6.4 12 0.444971537001898 0.155241935483871 3.83408016233356 3 -3 0 
0 680 7.8 15 0.45980749219563 0.563709677419355 23.3558553931703 3 3 0 
1 690 6.4 13 0.364023297491039 0.254032258064516 10.4394313102583 3 -2 0 
0 690 7.8 15 0.478942652329749 0.594354838709677 17.6642215974136 3 2 0 
1 700 6.4 13 0.392595307917889 0.417338709677419 5.22115172424684 3 -2 0 
0 700 7.8 15 0.532903225806452 0.559139784946237 12.3472938859363 3 2 0 
1 710 6.4 13 0.391129032258065 0.453629032258065 8.80146034483906 3 -2 0 
0 710 7.8 15 0.575189753320683 0.458333333333333 16.094694454128 3 2 0 
1 720 6.4 13 0.352928692699491 0.434475806451613 8.32867793541405 3 -2 0 
0 720 7.8 15 0.523941532258065 0.479838709677419 21.1258364731424 3 2 0 
1 730 6.4 14 0.5 0.362903225806452 19.9218118983248 3 -1 0 
0 730 7.8 15 0.494516129032258 0.477150537634409 14.1943924421011 3 1 0 
1 740 6.4 14 0.5 0.3125 26.7713429298985 3 -1 0 
0 740 7.8 15 0.594220430107527 0.452620967741936 42.5165724787918 3 1 0 
1 750 6.4 14 0.324915110356536 0.289314516129032 32.031915389078 3 -2 0 
0 750 7.8 16 0.539112903225806 0.461290322580645 51.3507286417329 3 2 0 
1 760 6.4 14 0.366666666666667 0.307795698924731 33.0968421344015 3 -2 0 
0 760 7.8 16 0.472826086956522 0.544354838709677 40.4509539109921 3 2 0 
1 770 6.4 14 0.374379652605459 0.291666666666667 29.1650981974162 3 -2 0 
0 770 7.8 16 0.519244868035191 0.612096774193548 35.5102418290913 3 2 0 
1 780 6.4 14 0.361205432937182 0.294354838709677 14.6253280364868 3 -2 0 
0 780 7.8 16 0.498847926267281 0.557258064516129 34.5847303616197 3 2 0 
1 790 6.4 14 0.372407834101383 0.368548387096774 25.5777150704146 3 -2 0 
0 790 7.8 16 0.454178885630499 0.55241935483871 16.365376227288 3 2 0 
1 800 6.4 14 0.386808755760369 0.433870967741935 25.1229889194132 3 -2 0 
0 800 7.8 16 0.493870967741936 0.429838709677419 6.62096336727957 3 2 0 
1 810 6.4 15 0.346537001897533 0.344758064516129 13.729530217746 3 -1 0 
0 810 7.8 16 0.467221644120708 0.463709677419355 8.01317946112661 3 1 0 
1 820 6.4 15 0.367691532258065 0.415322580645161 0 3 -2 0 
0 820 7.8 17 0.466468590831919 0.555443548387097 4.97463297522653 3 2 0 
1 830 6.4 15 0.328629032258065 0.314516129032258 0 3 -2 0 
0 830 7.8 17 0.556883640552995 0.631048387096774 8.27275653948083 3 2 0 
1 840 6.4 15 0.317943548387097 0.235215053763441 31.3168185458379 3 -2 0 
0 840 7.8 17 0.52705857385399 0.671370967741936 6.96504672739693 3 2 0 
1 850 6.4 15 0.323252688172043 0.243951612903226 22.3896909386947 3 -2 0 
0 850 7.8 17 0.461021505376344 0.733870967741936 4.85719811624569 3 2 0 
1 860 6.4 16 0.323252688172043 0.270161290322581 10.5613705950519 3 -1 0 
0 860 7.8 17 0.603225806451613 0.592741935483871 58.4516661054749 3 1 0 
1 870 6.4 16 0.327807646356033 0.320564516129032 15.4957595134677 3 -1 0 
0 870 7.8 17 0.502880184331797 0.445564516129032 37.1012129181783 3 1 0 
1 880 6.4 16 0.379838709677419 0.368951612903226 11.7540356053791 3 -1 0 
0 880 7.8 17 0.451774193548387 0.5 9.8488578017961 3 1 0 
1 890 6.4 17 0.380077658303465 0.397177419354839 17.1833707028877 3 0 0 
0 890 7.8 17 0.509305210918114 0.508064516129032 0 3 0 0 
1 900 6.4 17 0.426329555361813 0.372983870967742 35.8481080429474 3 0 0 
0 900 7.8 17 0.461129032258065 0.431451612903226 0 3 0 0 
1 910 6.4 17 0.461876832844575 0.378024193548387 32.3559954864928 3 0 0 
0 910 7.8 17 0.399395161290323 0.344758064516129 32.2063658303758 3 0 0 
1 920 6.4 17 0.46760752688172 0.44758064516129 19.0965044582593 3 0 0 
0 920 7.8 17 0.436185133239832 0.326612903225806 27.0127227917369 3 0 0 
1 930 6.4 17 0.404156327543424 0.508064516129032 5.24556436672747 3 -1 0 
0 930 7.8 18 0.459378733572282 0.336693548387097 29.2629826270394 3 1 0 
1 940 6.4 17 0.400420757363254 0.541666666666667 3.43031810940106 3 -1 0 
0 940 7.8 18 0.43394777265745 0.337701612903226 23.4149102123629 3 1 0 
1 950 6.4 17 0.436544991511036 0.560483870967742 6.63100406873496 3 -1 0 
0 950 7.8 18 0.451108870967742 0.324596774193548 20.9701927896817 3 1 0 
1 960 6.4 17 0.435300586510264 0.583333333333333 7.84557764302614 3 -1 0 
0 960 7.8 18 0.440020161290323 0.32258064516129 24.7559547877246 3 1 0 
1 970 6.4 18 0.41 0.580645161290323 6.64395063843086 3 0 0 
0 970 7.8 18 0.432368035190616 0.35383064516129 17.271471091202 3 0 0 
1 980 6.4 18 0.482862903225806 0.60383064516129 6.27365733591058 3 0 0 
0 980 7.8 18 0.446774193548387 0.376008064516129 15.6867022237387 3 0 0 
1 990 6.4 18 0.458246618106139 0.477822580645161 41.4981085764889 3 0 0 
0 990 7.8 18 0.441589861751152 0.349798387096774 15.5473411494982 3 0 0 
1 1000 6.4 18 0.456149193548387 0.442540322580645 32.2717633157318 3 0 0 
0 1000 7.8 18 0.485513739545998 0.323387096774194 28.9803629198529 3 0 0 
1 1010 6.4 18 0.470223325062035 0.382056451612903 8.39382275114036 3 -1 0 
0 1010 7.8 19 0.491743471582181 0.444354838709677 28.1870303689111 3 1 0 
1 1020 6.4 18 0.43494623655914 0.345161290322581 27.9358261845882 3 -1 0 
0 1020 7.8 19 0.4522238514174 0.494354838709677 25.1440745973512 3 1 0 
1 1030 6.4 19 0.414717741935484 0.38508064516129 29.3985053102566 3 0 0 
0 1030 7.8 19 0.43735599078341 0.498655913978495 14.4889729376243 3 0 0 
1 1040 6.4 19 0.428842504743833 0.467741935483871 14.9936563370146 3 0 0 
0 1040 7.8 19 0.528870967741935 0.455645161290323 4.49135612242844 3 0 0 
1 1050 6.4 19 0.425115207373272 0.563172043010753 8.88409150401494 3 0 0 
0 1050 7.8 19 0.473790322580645 0.399193548387097 7.87280477862105 3 0 0 
1 1060 6.4 19 0.39573732718894 0.5 8.35811794387614 3 0 0 
0 1060 7.8 19 0.401759530791789 0.431451612903226 7.56637297521078 3 0 0 
1 1070 6.4 19 0.425201612903226 0.411290322580645 21.0672737040214 3 0 0 
0 1070 7.8 19 0.505730050933786 0.425403225806452 2.91547594742265 3 0 0 
1 1080 6.4 19 0.414818548387097 0.354838709677419 33.2855622153689 3 0 0 
0 1080 7.8 19 0.488259013282732 0.445564516129032 2.12132034355964 3 0 0 
1 1090 6.4 19 0.390961021505376 0.33366935483871 38.6501069347227 3 0 0 
0 1090 7.8 19 0.446236559139785 0.350806451612903 41.612300887106 3 0 0 
1 1100 6.4 19 0.445060483870968 0.377016129032258 36.1303770671893 3 -1 0 
0 1100 7.8 20 0.47258064516129 0.40625 34.2934113997586 3 1 0 
1 1110 6.4 20 0.402721774193548 0.366129032258065 22.7846886757194 3 0 0 
0 1110 7.8 20 0.440092165898617 0.457661290322581 19.3809827645122 3 0 0 
1 1120 6.4 20 0.388148667601683 0.383064516129032 20.4208281305137 3 0 0 
0 1120 7.8 20 0.418804985337243 0.417741935483871 28.682722065442 3 0 0 
1 1130 6.4 20 0.427803379416283 0.430645161290323 22.3390896606593 3 0 0 
0 1130 7.8 20 0.477598566308244 0.479838709677419 20.2470076199862 3 0 0 
1 1140 6.4 20 0.387320788530466 0.431451612903226 26.5098933323859 3 0 0 
0 1140 7.8 20 0.451948924731183 0.46236559139785 18.4827422822188 3 0 0 
1 1150 6.4 20 0.396557071960298 0.457258064516129 19.398050236589 3 0 0 
0 1150 7.8 20 0.410923753665689 0.479838709677419 12.0415945787923 3 0 0 
1 1160 6.4 20 0.434677419354839 0.408064516129032 29.622212924844 3 0 0 
0 1160 7.8 20 0.471975806451613 0.44758064516129 0 3 0 0 
1 1170 6.4 20 0.370362903225806 0.4 32.3225045522834 3 0 0 
0 1170 7.8 20 0.49382560483871 0.391129032258065 0 3 0 0 
1 1180 6.4 20 0.381624423963134 0.393548387096774 28.156815423007 3 0 0 
0 1180 7.8 20 0.436414392059553 0.451612903225806 0 3 0 0 
1 1190 6.4 20 0.441426146010187 0.383870967741935 37.5213669140559 3 0 0 
0 1190 7.8 20 0.508387096774194 0.508064516129032 0 3 0 0 
1 1200 6.4 21 0.399529569892473 0.42741935483871 38.3300192060494 3 1 0 
0 1200 7.8 20 0.460349462365591 NaN NaN 3 -1 0 
1 1210 6.4 21 0.459502103786816 0.428225806451613 33.0071485172812 3 1 0 
0 1210 7.8 20 0.412023460410557 0.141129032258065 4.47213595499958 3 -1 0 
1 1220 6.4 21 0.466205837173579 0.469354838709677 31.8300378161741 3 1 0 
0 1220 7.8 20 0.398041474654378 0.22883064516129 25.9771900409295 3 -1 0 
1 1230 6.4 21 0.440767519466073 0.465322580645161 26.9457666896781 3 1 0 
0 1230 7.8 20 0.424596774193548 0.366935483870968 19.7095647551241 3 -1 0 
1 1240 6.4 21 0.436827956989247 0.395967741935484 33.4013261049389 3 1 0 
0 1240 7.8 20 0.391935483870968 0.432459677419355 15.9916007394156 3 -1 0 
1 1250 6.4 21 0.468827543424318 0.396774193548387 30.8042068299001 3 1 0 
0 1250 7.8 20 0.43380376344086 0.452620967741936 23.4573787668917 3 -1 0 
1 1260 6.4 21 0.487903225806452 0.520161290322581 17.6684907260575 3 1 0 
0 1260 7.8 20 0.359735023041475 0.329301075268817 23.6550739422362 3 -1 0 
1 1270 6.4 22 0.495007680491551 0.570967741935484 7.58896094225564 3 2 0 
0 1270 7.8 20 0.388104838709677 0.317204301075269 20.4769518708762 3 -2 0 
1 1280 6.4 22 0.556048387096774 0.583064516129032 4.93249748247042 3 2 0 
0 1280 7.8 20 0.379032258064516 0.340725806451613 15.4029218007494 3 -2 0 
1 1290 6.4 22 0.500910509885536 0.591129032258064 28.9122642794165 3 2 0 
0 1290 7.8 20 0.347926267281106 0.330645161290323 18.0277563773199 3 -2 0 
1 1300 6.4 22 0.40905017921147 0.685483870967742 4.42332120206233 3 2 0 
0 1300 7.8 20 0.369868035190616 0.284274193548387 17.1026313764871 3 -2 0 
1 1310 6.4 22 0.480787476280835 0.700604838709677 5.11969831394479 3 1 1 
0 1310 7.8 21 0.373319892473118 0.231854838709677 4.03112887414927 2 -1 -1 
1 1320 6.4 22 0.51008064516129 0.664314516129032 5.60287524924065 3 1 1 
0 1320 7.8 21 0.354838709677419 0.1875 20.9880918618154 2 -1 -1 
1 1330 6.4 22 0.458976157082749 0.746975806451613 4.44116869616741 3 1 1 
0 1330 7.8 21 0.387096774193548 0.162634408602151 12.1664432924826 2 -1 -1 
1 1340 6.4 22 0.478110599078341 0.73252688172043 5.22334097927392 3 1 1 
0 1340 7.8 21 0.39247311827957 0.233870967741935 12.3352640583506 2 -1 -1 
1 1350 6.4 22 0.517585125448029 0.724462365591398 2.49135612242844 3 1 1 
0 1350 7.8 21 0.341173835125448 0.190524193548387 12.2499773868183 2 -1 -1 
1 1360 6.4 22 0.47703366058906 0.561827956989247 13.6893456323654 3 1 1 
0 1360 7.8 21 0.409722222222222 0.224798387096774 20.148614156992 2 -1 -1 
1 1370 6.4 22 0.54388045540797 0.5 6.49561099350171 3 1 1 
0 1370 7.8 21 0.425521821631879 0.304435483870968 21.1053068826623 2 -1 -1 
1 1380 6.4 22 0.473790322580645 0.424731182795699 23.0091550200803 3 1 1 
0 1380 7.8 21 0.405176899063476 0.326612903225806 27.9270159808206 2 -1 -1 
1 1390 6.4 22 0.422146401985112 0.393817204301075 33.2331106868747 3 1 1 
0 1390 7.8 21 0.390603085553997 0.331451612903226 34.3190377722824 2 -1 -1 
1 1400 6.4 23 0.482173174872665 0.36491935483871 36.9092062351416 3 2 1 
0 1400 7.8 21 0.462793255131965 0.413709677419355 29.2577070440891 2 -2 -1 
1 1410 6.4 23 0.464008363201912 0.561827956989247 5.38179667864815 3 2 1 
0 1410 7.8 21 0.414746543778802 0.445161290322581 19.3361250462728 2 -2 -1 
1 1420 6.4 23 0.403729838709677 0.574596774193548 9.18213304120025 3 2 1 
0 1420 7.8 21 0.457373271889401 0.365322580645161 23.5134979792925 2 -2 -1 
1 1430 6.4 23 0.564112903225806 0.557459677419355 7.42037338188903 3 2 1 
0 1430 7.8 21 0.459987593052109 0.402217741935484 27.9641743743139 2 -2 -1 
1 1440 6.4 23 0.476612903225806 0.577620967741936 17.1602078213106 3 2 1 
0 1440 7.8 21 0.396246898263027 0.292338709677419 22.8022005597312 2 -2 -1 
1 1450 6.4 23 0.448414905450501 0.646505376344086 20.401178817657 3 1 1 
0 1450 7.8 22 0.409429280397022 0.296370967741936 21.452284088925 2 -1 -1 
1 1460 6.4 23 0.524617996604414 0.72883064516129 7.19282057006481 3 1 1 
0 1460 7.8 22 0.380929791271347 0.266129032258065 21.3611330425757 2 -1 -1 
1 1470 6.4 23 0.465479937057435 0.772849462365591 2.75677422610582 3 1 1 
0 1470 7.8 22 0.340927419354839 0.262096774193548 14.9113997591199 2 -1 -1 
1 1480 6.4 23 0.489594172736733 0.782258064516129 0 3 1 1 
0 1480 7.8 22 0.36989247311828 0.204301075268817 7.15511561543952 2 -1 -1 
1 1490 6.4 23 0.600967741935484 0.747983870967742 1.80277563773199 3 1 2 
0 1490 7.8 22 0.338472485768501 0.205645161290323 4.12310562561766 1 -1 -2 
1 1500 6.4 23 0.548112170087977 0.745967741935484 5.3851648071345 3 1 2 
0 1500 7.8 22 0.311379928315412 0.193548387096774 15.7362366202226 1 -1 -2 
1 1510 6.4 23 0.535309503051439 0.707661290322581 2.5 3 1 2 
0 1510 7.8 22 0.379480286738351 0.211021505376344 4.38537002340104 1 -1 -2 
1 1520 6.4 24 0.580813172043011 0.44489247311828 53.0397882965946 3 2 2 
0 1520 7.8 22 0.424395161290323 0.291666666666667 10.138961335292 1 -2 -2 
1 1530 6.4 24 0.49347158218126 0.462365591397849 21.8055012139916 3 2 2 
0 1530 7.8 22 0.362478777589134 0.330645161290323 9.59125382574064 1 -2 -2 
1 1540 6.4 24 0.484907834101383 0.431451612903226 32.7743923633456 3 2 2 
0 1540 7.8 22 0.388440860215054 0.369623655913979 19.058495266166 1 -2 -2 
1 1550 6.4 24 0.62527808676307 0.530241935483871 20.5048980496545 3 2 2 
0 1550 7.8 22 0.375 0.32258064516129 23.5352403301214 1 -2 -2 
1 1560 6.4 24 0.553702346041056 0.640120967741936 13.4398603170257 3 2 2 
0 1560 7.8 22 0.301994906621392 0.241935483870968 13.934163048629 1 -2 -2 
1 1570 6.4 24 0.576931239388795 0.653225806451613 7.93726896158896 3 2 2 
0 1570 7.8 22 0.311827956989247 0.278225806451613 15.7027374412043 1 -2 -2 
1 1580 6.4 24 0.643194335169158 0.650201612903226 5.24643836951166 3 2 2 
0 1580 7.8 22 0.310483870967742 0.330645161290323 8.45274449242894 1 -2 -2 
1 1590 6.4 24 0.526629704301075 0.665322580645161 1.15788936644066 3 1 2 
0 1590 7.8 23 0.284119106699752 0.313508064516129 21.6270062828219 1 -1 -2 
1 1600 6.4 24 0.553249525616698 0.670698924731183 2.30612292180506 3 1 2 
0 1600 7.8 23 0.30241935483871 0.275537634408602 11.819709617774 1 -1 -2 
1 1610 6.4 24 0.653931451612903 0.727150537634409 3.83144832932784 3 1 2 
0 1610 7.8 23 0.25 0.252688172043011 10.3551763246105 1 -1 -2 
1 1620 6.4 24 0.568173293323331 0.739247311827957 3.76888724538014 3 1 2 
0 1620 7.8 23 0.239247311827957 0.231182795698925 3.81770798625865 1 -1 -2 
1 1630 6.4 24 0.584987593052109 0.511088709677419 44.433643657024 3 1 2 
0 1630 7.8 23 0.314516129032258 0.237903225806452 3.59450348160089 1 -1 -2 
1 1640 6.4 24 0.634843453510436 0.439516129032258 27.6344623973978 3 1 2 
0 1640 7.8 23 0.314516129032258 0.220430107526882 14.8781650439581 1 -1 -2 
1 1650 6.4 24 0.515625 0.463709677419355 8.71927305871109 3 1 2 
0 1650 7.8 23 0.322311827956989 0.293010752688172 18.6469277903626 1 -1 -2 
1 1660 6.4 24 0.468010752688172 0.490927419354839 5.07034828299977 3 1 2 
0 1660 7.8 23 0.401965725806452 0.284274193548387 30.6870851075751 1 -1 -2 
1 1670 6.4 24 0.57624633431085 0.495967741935484 5.45020647293382 3 1 2 
0 1670 7.8 23 0.401965725806452 0.283870967741935 27.7155411105593 1 -1 -2 
1 1680 6.4 24 0.490469208211144 0.535282258064516 6.73071566516796 3 1 2 
0 1680 7.8 23 0.394153225806452 0.351612903225806 25.2998189364877 1 -1 -2 
1 1690 6.4 24 0.4815296566077 0.577620967741936 15.684777988599 3 1 2 
0 1690 7.8 23 0.362282878411911 0.355645161290323 23.6368019305708 1 -1 -2 
1 1700 6.4 24 0.595473465140479 0.588709677419355 16.3219844611865 3 1 3 
0 1700 7.8 23 0.32624633431085 0.29758064516129 20.93604029631 0 -1 -3 
1 1710 6.4 24 0.673936950146628 0.712903225806452 6.83902246766253 3 1 3 
0 1710 7.8 23 0.264231499051233 0.248387096774194 6.72015929078581 0 -1 -3 
1 1720 6.4 24 0.754838709677419 0.777217741935484 3.89858315055644 3 1 3 
0 1720 7.8 23 NaN 0.169354838709677 3.14775377654197 0 -1 -3 
1 1730 6.4 24 0.754838709677419 0.78494623655914 6.78564813720448 3 1 3 
0 1730 7.8 23 NaN 0.158064516129032 5.00154061726327 0 -1 -3 
