1 30 7 1 NaN 0.25859375 15.0414383012314 3 0 0 
0 30 6.2 1 NaN 0.26484375 13.505081496968 3 0 0 
1 40 7 1 NaN 0.2234375 15.4621931093291 3 0 0 
0 40 6.2 1 NaN 0.28984375 10.7138518284371 3 0 0 
1 50 7 1 NaN 0.31875 29.4713796718684 3 0 0 
0 50 6.2 1 0.39453125 0.36171875 20.5135863625936 3 0 0 
1 60 7 1 0.36328125 0.4296875 31.9846996593602 3 0 0 
0 60 6.2 1 0.39453125 0.44296875 34.1446011173831 3 0 0 
1 70 7 1 0.36328125 0.46328125 35.0515296631279 3 0 0 
0 70 6.2 1 0.433221726190476 0.525 35.4875348742661 3 0 0 
1 80 7 1 0.461123511904762 0.4515625 34.7863756722748 3 0 0 
0 80 6.2 1 0.49711277173913 0.50859375 33.5780498204109 3 0 0 
1 90 7 1 0.395052083333333 0.434375 36.831557341651 3 0 0 
0 90 6.2 1 0.43671875 0.51875 34.4848197164555 3 0 0 
1 100 7 1 0.373757102272727 0.4515625 35.972135779634 3 0 0 
0 100 6.2 1 0.437174479166667 0.52265625 33.8506534102897 3 0 0 
1 110 7 2 0.44819972826087 0.4515625 35.0834738657996 3 0 0 
0 110 6.2 2 0.499849759615385 0.48671875 32.8913848425021 3 0 0 
1 120 7 2 0.397181919642857 0.44765625 35.1471551732154 3 0 0 
0 120 6.2 2 0.438232421875 0.5109375 34.3081890056799 3 0 0 
1 130 7 2 0.4208984375 0.43515625 36.6873888210755 3 0 0 
0 130 6.2 2 0.42333984375 0.49140625 30.6116660336473 3 0 0 
1 140 7 3 0.48421875 0.4359375 28.9340110782671 3 0 0 
0 140 6.2 3 0.487458881578947 0.49375 22.7178738958642 3 0 0 
1 150 7 3 0.389756944444444 0.44921875 27.552846529974 3 0 0 
0 150 6.2 3 0.41171875 0.51875 25.1646650083801 3 0 0 
1 160 7 3 0.38796875 0.44140625 26.4227799088923 3 0 0 
0 160 6.2 3 0.431875 0.5234375 30.3664770558452 3 0 0 
1 170 7 3 0.4515625 0.41796875 28.441565478694 3 0 0 
0 170 6.2 3 0.510667067307692 0.521484375 38.597711148087 3 0 0 
1 180 7 4 0.384014423076923 0.4640625 29.0321131653379 3 1 0 
0 180 6.2 3 0.444196428571429 0.509114583333333 40.8310311031437 3 -1 0 
1 190 7 4 0.385360054347826 0.4515625 28.5967502100202 3 0 0 
0 190 6.2 4 0.425625 0.3564453125 32.8163403589876 3 0 0 
1 200 7 4 0.470618206521739 0.46015625 28.9528613013424 3 0 0 
0 200 6.2 4 0.50048828125 0.39375 29.5517235024348 3 0 0 
1 210 7 5 0.405997983870968 0.44765625 33.7492901578861 3 1 0 
0 210 6.2 4 0.442274305555556 0.43515625 36.6236639231595 3 -1 0 
1 220 7 5 0.405 0.4453125 40.7299863179176 3 1 0 
0 220 6.2 4 0.42431640625 0.47265625 42.0911020048254 3 -1 0 
1 230 7 5 0.448006465517241 0.44765625 42.8712422746764 3 0 0 
0 230 6.2 5 0.496651785714286 0.51796875 29.6706896352554 3 0 0 
1 240 7 5 0.419046336206897 0.4609375 39.0452648056053 3 0 0 
0 240 6.2 5 0.430288461538462 0.51640625 31.5698668153219 3 0 0 
1 250 7 6 0.42921875 0.43203125 31.4657392891747 3 1 0 
0 250 6.2 5 0.399739583333333 0.50390625 31.794529696171 3 -1 0 
1 260 7 6 0.467610677083333 0.47421875 27.0064431910936 3 1 0 
0 260 6.2 5 0.478949652777778 0.4912109375 32.336952345629 3 -1 0 
1 270 7 6 0.415956439393939 0.48125 28.4797082385461 3 1 0 
0 270 6.2 5 0.410807291666667 0.42109375 46.2630238390355 3 -1 0 
1 280 7 6 0.3984375 0.50859375 29.7999070883211 3 0 0 
0 280 6.2 6 0.426618303571429 0.474609375 28.9228953072173 3 0 0 
1 290 7 7 0.459635416666667 0.48828125 35.769457270911 3 1 0 
0 290 6.2 6 0.487379807692308 0.466796875 28.2847167177633 3 -1 0 
1 300 7 7 0.407602163461538 0.48984375 37.4293748446665 3 1 0 
0 300 6.2 6 0.455684267241379 0.47421875 40.3808172669466 3 -1 0 
1 310 7 7 0.393110795454545 0.490625 39.7838200176683 3 1 0 
0 310 6.2 6 0.4244140625 0.45859375 38.0330683062175 3 -1 0 
1 320 7 7 0.457775297619048 0.484375 37.0685402695163 3 1 0 
0 320 6.2 6 0.4671875 0.47109375 41.4641606406722 3 -1 0 
1 330 7 8 0.413180443548387 0.48046875 34.6840275881627 3 1 0 
0 330 6.2 7 0.430226293103448 0.5046875 46.8720126277626 3 -1 0 
1 340 7 8 0.388316761363636 0.45859375 35.4935778507418 3 1 0 
0 340 6.2 7 0.41796875 0.5015625 47.3186635518858 3 -1 0 
1 350 7 8 0.46875 0.42578125 37.2242669896991 3 1 0 
0 350 6.2 7 0.501608455882353 0.51484375 44.5346589188009 3 -1 0 
1 360 7 8 0.359604779411765 0.43515625 40.7288811303329 3 0 0 
0 360 6.2 8 0.459903492647059 0.5046875 45.9975222294445 3 0 0 
1 370 7 8 0.36328125 0.4421875 39.4121514260727 3 0 0 
0 370 6.2 8 0.440569196428571 0.471875 62.0093128548292 3 0 0 
1 380 7 8 0.436848958333333 0.40546875 40.1275787895073 3 0 0 
0 380 6.2 8 0.525745738636364 0.50859375 52.1534845247055 3 0 0 
1 390 7 9 0.380108173076923 0.3796875 36.031195350701 3 1 0 
0 390 6.2 8 0.470640120967742 0.5302734375 41.3129472403983 3 -1 0 
1 400 7 9 0.369233630952381 0.43046875 38.1294610402136 3 1 0 
0 400 6.2 8 0.43078125 0.529947916666667 22.7621574959607 3 -1 0 
1 410 7 9 0.438512731481481 0.45 31.6697011057979 3 0 0 
0 410 6.2 9 0.480318509615385 0.4697265625 42.7665804892945 3 0 0 
1 420 7 10 0.410021551724138 0.465625 26.4635884201399 3 1 0 
0 420 6.2 9 0.453529094827586 0.396875 50.2152305511485 3 -1 0 
1 430 7 10 0.435625 0.5078125 28.6822452037975 3 1 0 
0 430 6.2 9 0.431385869565217 0.4734375 37.0589956894693 3 -1 0 
1 440 7 10 0.502130681818182 0.45234375 26.1998677854674 3 1 0 
0 440 6.2 9 0.464409722222222 0.40703125 42.3416043585341 3 -1 0 
1 450 7 10 0.428385416666667 0.48359375 37.778577698009 3 1 0 
0 450 6.2 9 0.422309027777778 0.45234375 33.2601062742024 3 -1 0 
1 460 7 11 0.381569602272727 0.4640625 33.0578107307429 3 1 0 
0 460 6.2 10 0.4080078125 0.48203125 27.0777016087797 3 -1 0 
1 470 7 11 0.455788352272727 0.45546875 30.087571581965 3 1 0 
0 470 6.2 10 0.496484375 0.49140625 35.9814126363448 3 -1 0 
1 480 7 11 0.404651988636364 0.46484375 37.328860192409 3 1 0 
0 480 6.2 10 0.4371337890625 0.51328125 38.508668517927 3 -1 0 
1 490 7 11 0.393643465909091 0.45859375 39.6948882382726 3 1 0 
0 490 6.2 10 0.430588942307692 0.5046875 40.6666221576295 3 -1 0 
1 500 7 11 0.437065972222222 0.44921875 34.7260728742169 3 1 0 
0 500 6.2 10 0.518012152777778 0.5283203125 40.8074564458932 3 -1 0 
1 510 7 12 0.425455729166667 0.4765625 33.635417737977 3 1 0 
0 510 6.2 11 0.453725961538462 0.4013671875 52.3966316249855 3 -1 0 
1 520 7 12 0.395951704545455 0.4828125 36.2537946785605 3 1 0 
0 520 6.2 11 0.403409090909091 0.36796875 51.6539592424883 3 -1 0 
1 530 7 12 0.452039930555556 0.4671875 30.2293570429171 3 1 0 
0 530 6.2 11 0.479867788461538 0.45625 36.2587889003698 3 -1 0 
1 540 7 12 0.41515625 0.36796875 39.8323727850534 3 1 0 
0 540 6.2 11 0.4303125 0.4953125 30.6957829985881 3 -1 0 
1 550 7 12 0.40726902173913 0.3734375 37.5148340927399 3 1 0 
0 550 6.2 11 0.411221590909091 0.53828125 30.7741504314095 3 -1 0 
1 560 7 12 0.434132543103448 0.4326171875 34.3741052182539 3 1 0 
0 560 6.2 11 0.473195043103448 0.5439453125 5.64514270945407 3 -1 0 
1 570 7 13 0.421875 0.47109375 35.2102566490423 3 2 0 
0 570 6.2 11 0.425925925925926 0.5556640625 5.80685492354093 3 -2 0 
1 580 7 13 0.464453125 0.4828125 28.1577735936078 3 2 0 
0 580 6.2 11 0.411376953125 0.513671875 20.390894517138 3 -2 0 
1 590 7 13 0.502025462962963 0.50234375 12.6688635898578 3 1 0 
0 590 6.2 12 0.481702302631579 0.4078125 27.1300506049275 3 -1 0 
1 600 7 13 0.404947916666667 0.58125 8.39186844133189 3 1 0 
0 600 6.2 12 0.418782552083333 0.40703125 32.0473069873981 3 -1 0 
1 610 7 13 0.407505580357143 0.64453125 6.8456612265836 3 1 0 
0 610 6.2 12 0.428013392857143 0.4109375 34.7503964810911 3 -1 0 
1 620 7 13 0.511858258928571 0.709375 8.55778889457442 3 1 0 
0 620 6.2 12 0.452473958333333 0.3984375 48.0390181611503 3 -1 0 
1 630 7 14 0.429057459677419 0.72890625 5.73305142832042 3 2 0 
0 630 6.2 12 0.422554347826087 0.3916015625 43.6215979141522 3 -2 0 
1 640 7 14 0.367373511904762 0.7234375 3.216076152025 3 2 0 
0 640 6.2 12 0.462425595238095 0.3662109375 35.7860786700809 3 -2 0 
1 650 7 14 0.530208333333333 0.74609375 5.46911338918633 3 2 0 
0 650 6.2 12 0.492838541666667 0.30859375 35.7159473356786 3 -2 0 
1 660 7 15 0.473115808823529 0.721875 5.70476397034814 3 2 0 
0 660 6.2 13 0.479947916666667 0.326822916666667 42.9091116343093 3 -2 0 
1 670 7 15 0.50546875 0.728125 2.89419138212865 3 2 0 
0 670 6.2 13 0.480769230769231 0.384114583333333 54.4903375453917 3 -2 0 
1 680 7 15 0.77734375 0.61953125 51.7100303342575 3 2 1 
0 680 6.2 13 0.554517663043478 0.302734375 48.0511317308371 2 -2 -1 
1 690 7 15 0.428645833333333 0.6140625 42.4761715314216 3 2 1 
0 690 6.2 13 0.533457880434783 0.3125 42.7429954383753 2 -2 -1 
1 700 7 15 0.42734375 0.466796875 37.9853204783882 3 1 1 
0 700 6.2 14 0.584339488636364 0.37578125 48.4168033397764 2 -1 -1 
1 710 7 15 0.489149305555556 0.46484375 28.082486689553 3 1 1 
0 710 6.2 14 0.57494212962963 0.43984375 35.5826768432207 2 -1 -1 
1 720 7 15 0.416852678571429 0.48046875 32.2802685027463 3 1 1 
0 720 6.2 14 0.499383223684211 0.44140625 16.9369989347065 2 -1 -1 
1 730 7 16 0.4340625 0.38671875 51.2249938994628 3 1 1 
0 730 6.2 15 0.55328125 0.48046875 17.5840147172789 2 -1 -1 
1 740 7 16 0.463541666666667 0.3671875 49.6412127168545 3 1 1 
0 740 6.2 15 0.56359375 0.493489583333333 16.6429199952212 2 -1 -1 
1 750 7 16 0.45 0.299479166666667 40.3299844310577 3 1 1 
0 750 6.2 15 0.457254464285714 0.4658203125 45.611265235967 2 -1 -1 
1 760 7 16 0.444260817307692 0.391927083333333 29.9325114726522 3 1 1 
0 760 6.2 15 0.4619140625 0.48828125 47.936980526955 2 -1 -1 
1 770 7 16 0.451388888888889 0.3642578125 22.9855547470873 3 1 1 
0 770 6.2 15 0.505642361111111 0.552734375 8.31143377148293 2 -1 -1 
1 780 7 16 0.467881944444444 0.31328125 29.1344170609988 3 1 1 
0 780 6.2 15 0.440848214285714 0.42109375 27.0399382638227 2 -1 -1 
1 790 7 16 0.48359375 0.42265625 19.0511343089319 3 1 1 
0 790 6.2 15 0.436662946428571 0.38671875 24.0532615118734 2 -1 -1 
1 800 7 17 0.519909274193548 0.49296875 15.2803946632959 3 2 1 
0 800 6.2 15 0.452566964285714 0.4296875 7.06427980057692 2 -2 -1 
1 810 7 17 0.494754464285714 0.56328125 8.29756848477984 3 2 1 
0 810 6.2 15 0.4400390625 0.411458333333333 4.03022044463599 2 -2 -1 
1 820 7 17 0.454036458333333 0.55625 9.62745105386416 3 1 1 
0 820 6.2 16 0.414963942307692 0.40234375 0 2 -1 -1 
1 830 7 17 0.528599330357143 0.5765625 3.96081221614807 3 1 1 
0 830 6.2 16 0.39453125 0.3046875 0 2 -1 -1 
1 840 7 18 0.484279725609756 0.64921875 6.79031056288905 3 2 1 
0 840 6.2 16 0.369977678571429 0.27734375 17.6705970470723 2 -2 -1 
1 850 7 18 0.466737689393939 0.6375 12.2838138314149 3 2 1 
0 850 6.2 16 0.381944444444444 0.25 21.0164988340222 2 -2 -1 
1 860 7 18 0.545151654411765 0.583984375 14.5294820593423 3 2 1 
0 860 6.2 16 0.4765625 0.253125 15.3518665156884 2 -2 -1 
1 870 7 18 0.48125 0.60546875 14.6617378714833 3 2 1 
0 870 6.2 16 0.312239583333333 0.31171875 17.9927644072994 2 -2 -1 
1 880 7 18 0.469341856060606 0.572265625 9.53491810423057 3 2 1 
0 880 6.2 16 0.359700520833333 0.3671875 20.2254477565902 2 -2 -1 
1 890 7 18 0.589620535714286 0.541015625 6.2077257836271 3 2 1 
0 890 6.2 16 0.342881944444444 0.4375 13.296533401252 2 -2 -1 
1 900 7 18 0.499335106382979 0.4140625 30.2323365154145 3 2 1 
0 900 6.2 16 0.297475961538462 0.416015625 4.89114939533708 2 -2 -1 
1 910 7 18 0.510910560344828 0.39453125 37.9105737257461 3 1 1 
0 910 6.2 17 0.374162946428571 0.4677734375 9.83966758890978 2 -1 -1 
1 920 7 18 0.60710685483871 0.411458333333333 10.1562804353327 3 1 1 
0 920 6.2 17 0.374162946428571 0.50390625 14.8159224042591 2 -1 -1 
1 930 7 18 0.530421401515151 0.286458333333333 28.7585465988746 3 1 1 
0 930 6.2 17 0.384765625 0.39609375 29.6716615691503 2 -1 -1 
1 940 7 18 0.515324519230769 0.3583984375 36.2548580005726 3 1 1 
0 940 6.2 17 0.498224431818182 0.3640625 34.5849721223799 2 -1 -1 
1 950 7 18 0.53671875 0.357421875 21.0361447455833 3 0 1 
0 950 6.2 18 0.54328125 0.4859375 19.5520481398709 2 0 -1 
1 960 7 18 0.468927556818182 0.4609375 15.6014082771809 3 0 1 
0 960 6.2 18 0.492522321428571 0.49453125 6.81037847088005 2 0 -1 
1 970 7 19 0.502377717391304 0.364583333333333 45.6658870696305 3 1 1 
0 970 6.2 18 0.558799342105263 0.54609375 6.92250151214477 2 -1 -1 
1 980 7 19 0.58203125 0.381510416666667 34.778730862757 3 1 1 
0 980 6.2 18 0.575032552083333 0.5703125 16.3351645175416 2 -1 -1 
1 990 7 19 0.446022727272727 0.40625 28.2518593670868 3 1 1 
0 990 6.2 18 0.486895161290323 0.5921875 22.2353303912269 2 -1 -1 
1 1000 7 19 0.501644736842105 0.475260416666667 35.8848457195465 3 0 1 
0 1000 6.2 19 0.594282670454545 0.5875 24.5189612224995 2 0 -1 
1 1010 7 19 0.58125 0.532552083333333 47.7785535583004 3 0 1 
0 1010 6.2 19 0.675603693181818 0.51484375 36.2653839249955 2 0 -1 
1 1020 7 19 0.419704861111111 0.400390625 59.5751222999452 3 0 1 
0 1020 6.2 19 0.680752840909091 0.4078125 59.7451821688397 2 0 -1 
1 1030 7 19 0.546645220588235 0.35546875 48.1837356138182 3 0 1 
0 1030 6.2 19 0.611019736842105 0.38359375 42.8571115021752 2 0 -1 
1 1040 7 19 0.638427734375 0.3466796875 34.741416802215 3 0 1 
0 1040 6.2 19 0.630580357142857 0.396875 33.8120787482297 2 0 -1 
1 1050 7 20 0.460227272727273 0.45 28.3660249569364 3 1 1 
0 1050 6.2 19 0.4736328125 0.33828125 26.1246788244768 2 -1 -1 
1 1060 7 20 0.461388221153846 0.41640625 32.661811933708 3 1 1 
0 1060 6.2 19 0.521935096153846 0.44375 29.5374937047688 2 -1 -1 
1 1070 7 20 0.534877232142857 0.46171875 21.8517957972047 3 1 1 
0 1070 6.2 19 0.545099431818182 0.4599609375 27.2091359681296 2 -1 -1 
1 1080 7 20 0.438020833333333 0.44140625 41.1799501169778 3 1 1 
0 1080 6.2 19 0.505078125 0.4775390625 31.7569019167103 2 -1 -1 
1 1090 7 20 0.786458333333333 0.40234375 31.1906800046463 3 0 1 
0 1090 6.2 20 0.490141369047619 0.49609375 27.8042016718881 2 0 -1 
1 1100 7 20 0.786458333333333 0.378125 22.0029113081308 3 0 1 
0 1100 6.2 20 0.525607638888889 0.60546875 13.4859229426312 2 0 -1 
1 1110 7 20 0.3234375 0.310546875 8.65997191684252 3 0 1 
0 1110 6.2 20 0.494081439393939 0.671875 17.9185694365767 2 0 -1 
1 1120 7 20 0.37890625 0.359375 6.40312423743285 3 0 1 
0 1120 6.2 20 0.553571428571429 0.608072916666667 4.93477165431369 2 0 -1 
1 1130 7 20 NaN 0.37109375 2.82842712474619 3 0 1 
0 1130 6.2 20 0.577473958333333 0.572916666666667 3.43260555571316 2 0 -1 
1 1140 7 20 0.389927455357143 0.368489583333333 30.6029232721998 3 0 1 
0 1140 6.2 20 0.549269153225806 0.19921875 21.2279019809239 2 0 -1 
1 1150 7 20 0.407924107142857 0.40234375 44.3818510553918 3 0 1 
0 1150 6.2 20 0.56182650862069 0.28515625 28.7271648444464 2 0 -1 
1 1160 7 20 0.453480113636364 0.306640625 25.831182706179 3 -1 1 
0 1160 6.2 21 0.519301470588235 0.390625 43.5574885036185 2 1 -1 
1 1170 7 20 0.423295454545455 0.38671875 41.7612260356422 3 -1 1 
0 1170 6.2 21 0.489783653846154 0.43359375 46.2342740599835 2 1 -1 
1 1180 7 20 0.36811755952381 0.325520833333333 51.5560972046142 3 -1 1 
0 1180 6.2 21 0.445518092105263 0.3890625 38.2191228100636 2 1 -1 
1 1190 7 20 0.390869140625 0.25390625 33.3922522524144 3 -1 1 
0 1190 6.2 21 0.49984375 0.5421875 22.7399855542284 2 1 -1 
1 1200 7 21 0.360587284482759 0.2763671875 12.964814746724 3 0 1 
0 1200 6.2 21 0.480594758064516 0.64296875 17.3695343147335 2 0 -1 
1 1210 7 21 0.444010416666667 0.25390625 10.3147347983449 3 0 1 
0 1210 6.2 21 0.4306640625 0.7041015625 11.3506197760599 2 0 -1 
1 1220 7 21 0.540625 0.239583333333333 6.35221535136776 3 0 1 
0 1220 6.2 21 0.5197265625 0.7333984375 3.90378157130254 2 0 -1 
1 1230 7 21 0.464499080882353 0.239583333333333 8.79581593135715 3 0 1 
0 1230 6.2 21 0.535993303571429 0.6943359375 4.60659389140035 2 0 -1 
1 1240 7 21 0.48509837962963 0.22265625 5.69016730871234 3 0 1 
0 1240 6.2 21 0.44140625 0.7119140625 3.56499253353436 2 0 -1 
1 1250 7 21 0.590277777777778 0.25 0 3 0 1 
0 1250 6.2 21 0.5078125 0.7236328125 3.96750102202528 2 0 -1 
1 1260 7 21 0.494283536585366 0.50390625 52.7375577743225 3 0 1 
0 1260 6.2 21 0.439098011363636 0.6279296875 12.9715938661996 2 0 -1 
1 1270 7 21 0.525579637096774 0.5078125 54.1202365109392 3 -1 1 
0 1270 6.2 22 0.688802083333333 0.5390625 50.1636372304138 2 1 -1 
1 1280 7 21 0.649784482758621 0.315104166666667 66.161949090262 2 -1 0 
0 1280 6.2 22 0.550260416666667 0.583984375 48.8794638109589 2 1 0 
1 1290 7 21 0.547144396551724 0.171875 18.2026036900773 2 -1 0 
0 1290 6.2 22 0.4599609375 0.564453125 52.2303650977939 2 1 0 
1 1300 7 22 0.527180989583333 0.22265625 7.0178344238091 2 0 0 
0 1300 6.2 22 0.693892045454545 0.4375 47.8243763873978 2 0 0 
1 1310 7 22 0.631747159090909 0.19140625 13.4073057953165 2 0 0 
0 1310 6.2 22 0.5640625 0.43359375 46.162073152292 2 0 0 
1 1320 7 22 0.499621975806452 0.25390625 11.036250970221 2 0 0 
0 1320 6.2 22 0.390625 0.446614583333333 48.7237634098925 2 0 0 
1 1330 7 22 0.51077178030303 0.3330078125 8.83983697965346 2 0 0 
0 1330 6.2 22 0.409555288461538 0.470052083333333 36.6332751348469 2 0 0 
1 1340 7 22 0.589504076086957 0.3857421875 2.42165258712292 2 0 0 
0 1340 6.2 22 0.433837890625 0.369140625 30.1192017937387 2 0 0 
1 1350 7 22 0.516015625 0.4150390625 8.96203328315505 2 0 0 
0 1350 6.2 22 0.345170454545455 0.435546875 34.033354107241 2 0 0 
1 1360 7 22 0.472426470588235 0.427734375 14.1059121534626 2 0 0 
0 1360 6.2 22 0.40478515625 0.474609375 32.1408232853219 2 0 0 
1 1370 7 22 0.563100961538462 0.43984375 28.8272168159111 2 0 0 
0 1370 6.2 22 0.440340909090909 0.41484375 41.5218621722968 2 0 0 
1 1380 7 22 0.46015625 0.43671875 22.3864364798112 2 -1 0 
0 1380 6.2 23 0.34663722826087 0.453125 30.7979736404916 2 1 0 
1 1390 7 22 0.474088541666667 0.515625 19.6120385456549 2 -1 0 
0 1390 6.2 23 0.365885416666667 0.42734375 31.22945119126 2 1 0 
1 1400 7 22 0.616338315217391 0.61484375 22.892439163909 2 -1 1 
0 1400 6.2 23 0.31884765625 0.39296875 26.2982718372927 1 1 -1 
1 1410 7 22 0.5458984375 0.70390625 19.8628386782837 2 -1 1 
0 1410 6.2 23 0.325439453125 0.284375 19.1439481507049 1 1 -1 
1 1420 7 22 0.52436755952381 0.7578125 8.27199574773664 2 -1 1 
0 1420 6.2 23 0.420247395833333 0.228125 4.58022916398503 1 1 -1 
1 1430 7 23 0.590928819444444 0.75546875 7.62369019978104 2 0 1 
0 1430 6.2 23 0.386474609375 0.4140625 49.0229538073748 1 0 -1 
1 1440 7 23 0.515854779411765 0.7625 7.81652711901167 2 0 1 
0 1440 6.2 23 0.4060546875 0.404296875 51.5024271272724 1 0 -1 
1 1450 7 23 NaN NaN NaN 2 0 1 
0 1450 6.2 23 NaN NaN NaN 1 0 -1 
