1 30 6.4 1 NaN 0.116129032258065 4.74518332927281 3 0 0 
0 30 6.4 1 NaN 0.187903225806452 4.93658447523728 3 0 0 
1 40 6.4 1 NaN 0.191935483870968 12.4979003478325 3 0 0 
0 40 6.4 1 NaN 0.275806451612903 9.45187990113446 3 0 0 
1 50 6.4 1 0.383064516129032 0.310483870967742 23.0851595940794 3 0 0 
0 50 6.4 1 0.383064516129032 0.329838709677419 24.6449852272554 3 0 0 
1 60 6.4 1 0.375 0.454032258064516 28.1147886759253 3 0 0 
0 60 6.4 1 0.375424448217318 0.466129032258065 42.5752324222511 3 0 0 
1 70 6.4 1 0.380645161290323 0.499193548387097 35.1945717436567 3 0 0 
0 70 6.4 1 0.379881154499151 0.483870967741936 43.4453367184283 3 0 0 
1 80 6.4 1 0.462741935483871 0.500806451612903 33.9450855604131 3 0 0 
0 80 6.4 1 0.457325268817204 0.489516129032258 44.8465897521473 3 0 0 
1 90 6.4 1 0.425877609108159 0.495967741935484 32.7540283829955 3 0 0 
0 90 6.4 1 0.417803970223325 0.483870967741936 46.0809990065244 3 0 0 
1 100 6.4 2 0.476736972704715 0.500806451612903 35.2998320449643 3 1 0 
0 100 6.4 1 0.39616935483871 0.474193548387097 46.3427569822242 3 -1 0 
1 110 6.4 2 0.501861042183623 0.495161290322581 33.2582898702273 3 0 0 
0 110 6.4 2 0.434811827956989 0.482258064516129 44.0582730820054 3 0 0 
1 120 6.4 2 0.413162442396313 0.508870967741936 33.4124449890796 3 -1 0 
0 120 6.4 3 0.414796633941094 0.464516129032258 36.5376709864392 3 1 0 
1 130 6.4 2 0.382661290322581 0.479032258064516 35.6902598792337 3 -1 0 
0 130 6.4 3 0.38508064516129 0.470161290322581 34.045860012042 3 1 0 
1 140 6.4 3 0.470288624787776 0.466935483870968 38.492374752123 3 0 0 
0 140 6.4 3 0.450551782682513 0.489516129032258 30.7816501993346 3 0 0 
1 150 6.4 3 0.402956989247312 0.465725806451613 23.9554427450423 3 0 0 
0 150 6.4 3 0.434811827956989 0.501612903225806 27.8598127038748 3 0 0 
1 160 6.4 3 0.379032258064516 0.502016129032258 19.1018537804407 3 -1 0 
0 160 6.4 4 0.403548387096774 0.483064516129032 19.0377724159183 3 1 0 
1 170 6.4 3 0.469319775596073 0.406451612903226 35.0354529090564 3 -1 0 
0 170 6.4 4 0.46060794044665 0.516935483870968 12.5080298173804 3 1 0 
1 180 6.4 4 0.386424731182796 0.424193548387097 24.2931085372557 3 0 0 
0 180 6.4 4 0.440668202764977 0.512903225806452 11.5453071481757 3 0 0 
1 190 6.4 4 0.389448924731183 0.440322580645161 17.5985452846235 3 0 0 
0 190 6.4 4 0.425140252454418 0.49758064516129 10.2009729180634 3 0 0 
1 200 6.4 4 0.4460197710718 0.476612903225806 21.620581709441 3 -1 0 
0 200 6.4 5 0.459509408602151 0.490322580645161 6.02987530153686 3 1 0 
1 210 6.4 4 0.433198924731183 0.534677419354839 21.8381470347465 3 -1 0 
0 210 6.4 5 0.408004778972521 0.446774193548387 4.65611310196911 3 1 0 
1 220 6.4 5 0.468522372528616 0.489516129032258 17.4681215704579 3 0 0 
0 220 6.4 5 0.414554531490015 0.442741935483871 10.1580627175378 3 0 0 
1 230 6.4 5 0.495430107526882 0.491935483870968 23.7538085560094 3 0 0 
0 230 6.4 5 0.431663837011885 0.476612903225806 18.7045609458443 3 0 0 
1 240 6.4 5 0.437825182101977 0.476814516129032 36.5912458582587 3 -1 0 
0 240 6.4 6 0.394657258064516 0.533064516129032 22.9388653983835 3 1 0 
1 250 6.4 5 0.380152329749104 0.415322580645161 52.5160654825252 3 -1 0 
0 250 6.4 6 0.417943548387097 0.529838709677419 25.366246128471 3 1 0 
1 260 6.4 6 0.454584040747029 0.358064516129032 59.8937041891659 3 0 0 
0 260 6.4 6 0.490927419354839 0.490322580645161 32.5562909109799 3 0 0 
1 270 6.4 6 0.411962365591398 0.406451612903226 57.4225187931577 3 0 0 
0 270 6.4 6 0.442801672640382 0.5 29.9630563481714 3 0 0 
1 280 6.4 6 0.403042521994135 0.448387096774194 45.1821637469361 3 0 0 
0 280 6.4 6 0.423387096774194 0.47258064516129 30.4381214367674 3 0 0 
1 290 6.4 6 0.481079404466501 0.510483870967742 35.9146229556297 3 -1 0 
0 290 6.4 7 0.482610887096774 0.478225806451613 25.5842242351822 3 1 0 
1 300 6.4 7 0.413882488479263 0.508064516129032 24.7982570528298 3 0 0 
0 300 6.4 7 0.387272089761571 0.462096774193548 22.3562836811263 3 0 0 
1 310 6.4 7 0.394460028050491 0.433467741935484 27.7025346630835 3 0 0 
0 310 6.4 7 0.390252454417952 0.475 25.052438942852 3 0 0 
1 320 6.4 7 0.466229838709677 0.366129032258064 49.7055502927445 3 0 0 
0 320 6.4 7 0.466935483870968 0.458064516129032 29.6219078073875 3 0 0 
1 330 6.4 7 0.417075736325386 0.366935483870968 32.3526548728699 3 0 0 
0 330 6.4 7 0.469966629588432 0.460483870967742 40.7412042227483 3 0 0 
1 340 6.4 7 0.431451612903226 0.37741935483871 44.8376725346812 3 0 0 
0 340 6.4 7 0.416972140762463 0.470967741935484 33.1849514885782 3 0 0 
1 350 6.4 8 0.454151732377539 0.454838709677419 36.2882558294426 3 0 0 
0 350 6.4 8 0.422903225806452 0.499193548387097 11.4453764856302 3 0 0 
1 360 6.4 8 0.426478494623656 0.42741935483871 38.7125040002179 3 0 0 
0 360 6.4 8 0.42997311827957 0.542741935483871 3.53152511095996 3 0 0 
1 370 6.4 8 0.452508960573477 0.410282258064516 38.0931021667638 3 0 0 
0 370 6.4 8 0.434017595307918 0.514516129032258 4.59604363872 3 0 0 
1 380 6.4 8 0.470343392299688 0.393548387096774 43.3737776826943 3 0 0 
0 380 6.4 8 0.44489247311828 0.503225806451613 9.76495592279115 3 0 0 
1 390 6.4 8 0.448511166253102 0.424193548387097 25.1444619730223 3 -1 0 
0 390 6.4 9 0.414032258064516 0.471774193548387 18.1527849440772 3 1 0 
1 400 6.4 9 0.468637992831541 0.520967741935484 15.3714223532461 3 0 0 
0 400 6.4 9 0.437903225806452 0.40994623655914 23.0719604236475 3 0 0 
1 410 6.4 9 0.485513739545998 0.586290322580645 5.96212400024954 3 0 0 
0 410 6.4 9 0.439012096774194 0.350806451612903 2.74472566582152 3 0 0 
1 420 6.4 9 0.466200189753321 0.629032258064516 4.65990579816481 3 0 0 
0 420 6.4 9 0.418438416422287 0.348118279569893 20.5719080093049 3 0 0 
1 430 6.4 10 0.488163371488033 0.639516129032258 3.93098384211407 3 1 0 
0 430 6.4 9 0.432258064516129 0.254032258064516 26.6848993241456 3 -1 0 
1 440 6.4 10 0.524847428073234 0.599193548387097 3.88520851851411 3 1 0 
0 440 6.4 9 0.451825127334465 0.32258064516129 16.7145610056016 3 -1 0 
1 450 6.4 10 0.456706281833616 0.567741935483871 8.32801350522532 3 1 0 
0 450 6.4 9 0.365449915110357 0.354838709677419 11.5063260397044 3 -1 0 
1 460 6.4 10 0.457591768631813 0.544354838709677 7.66531330119386 3 1 0 
0 460 6.4 9 0.365469208211144 0.419354838709677 5.52763461437336 3 -1 0 
1 470 6.4 11 0.525940860215054 0.624193548387097 3.66183994592207 3 2 0 
0 470 6.4 9 0.431003584229391 0.336021505376344 4.21945265040009 3 -2 0 
1 480 6.4 11 0.486402850712678 0.614516129032258 5.47959339091238 3 1 0 
0 480 6.4 10 0.344854070660522 0.277217741935484 18.9515410922153 3 -1 0 
1 490 6.4 11 0.496399769585253 0.578225806451613 22.3490830969715 3 1 0 
0 490 6.4 10 0.386148007590133 0.271774193548387 23.8925196455414 3 -1 0 
1 500 6.4 11 0.582111436950147 0.567741935483871 23.2623521316375 3 1 0 
0 500 6.4 10 0.409408602150538 0.379032258064516 33.1127345337939 3 -1 0 
1 510 6.4 11 0.458426028921023 0.469354838709677 27.3617635457724 3 1 0 
0 510 6.4 10 0.386859582542694 0.453225806451613 25.4294917870631 3 -1 0 
1 520 6.4 11 0.437903225806452 0.475806451612903 29.4661363882628 3 0 0 
0 520 6.4 11 0.371471774193548 0.491935483870968 11.0055713627179 3 0 0 
1 530 6.4 11 0.504207573632539 0.459677419354839 34.3190829872944 3 0 0 
0 530 6.4 11 0.458333333333333 0.526612903225806 5.91164917986331 3 0 0 
1 540 6.4 11 0.474126344086022 0.415322580645161 35.7945526581909 3 0 0 
0 540 6.4 11 0.374663978494624 0.576612903225806 8.76265588307743 3 0 0 
1 550 6.4 12 0.456885856079404 0.33736559139785 48.4631166546936 3 1 0 
0 550 6.4 11 0.387852822580645 0.523387096774194 11.7493116446135 3 -1 0 
1 560 6.4 12 0.544965786901271 0.279838709677419 38.9936965704669 3 0 0 
0 560 6.4 12 0.477229601518027 0.45241935483871 23.1190448606899 3 0 0 
1 570 6.4 12 0.461693548387097 0.291129032258065 26.8954210381903 3 0 0 
0 570 6.4 12 0.409193548387097 0.416935483870968 27.8648248596045 3 0 0 
1 580 6.4 12 0.439964157706093 0.366129032258064 15.6311899081024 3 0 0 
0 580 6.4 12 0.373588709677419 0.474193548387097 26.0365568485997 3 0 0 
1 590 6.4 12 0.489439324116743 0.359677419354839 5.24995123421857 3 0 0 
0 590 6.4 12 0.443181818181818 0.479032258064516 28.449913156782 3 0 0 
1 600 6.4 12 0.403709677419355 0.384677419354839 13.0508769021288 3 -1 0 
0 600 6.4 13 0.421612903225806 0.478225806451613 34.6409184042992 3 1 0 
1 610 6.4 12 0.375 0.468548387096774 13.848194549121 3 -1 0 
0 610 6.4 13 0.404325513196481 0.373387096774194 21.5218816545361 3 1 0 
1 620 6.4 12 0.452263267429761 0.516935483870968 22.1051623798514 3 -1 0 
0 620 6.4 13 0.446528751753156 0.383870967741935 26.7875900913868 3 1 0 
1 630 6.4 13 0.465869815668203 0.538709677419355 24.520329835097 3 0 0 
0 630 6.4 13 0.419215795328142 0.434677419354839 27.879587486469 3 0 0 
1 640 6.4 13 0.480571847507331 0.533870967741936 8.11104975704366 3 0 0 
0 640 6.4 13 0.433393070489845 0.453225806451613 33.771050138758 3 0 0 
1 650 6.4 13 0.473998887652948 0.550403225806452 1.58113883008419 3 0 0 
0 650 6.4 13 0.482718894009217 0.42741935483871 21.0433979302203 3 0 0 
1 660 6.4 13 0.459005376344086 0.620967741935484 0 3 -1 0 
0 660 6.4 14 0.463440860215054 0.463709677419355 12.5419278521534 3 1 0 
1 670 6.4 13 0.462941628264209 0.516129032258065 0 3 -1 0 
0 670 6.4 14 0.472782258064516 0.471774193548387 19.1216806459699 3 1 0 
1 680 6.4 13 0.485273492286115 0.185483870967742 0 3 -1 0 
0 680 6.4 14 0.514400921658986 0.513709677419355 22.0515512321822 3 1 0 
1 690 6.4 13 0.388272849462366 0.166666666666667 19.8932398303939 3 -2 0 
0 690 6.4 15 0.514336917562724 0.557258064516129 33.2128777301856 3 2 0 
1 700 6.4 13 0.381384408602151 0.273185483870968 26.8302411735021 3 -2 0 
0 700 6.4 15 0.51954094292804 0.504032258064516 28.3190026043778 3 2 0 
1 710 6.4 13 0.439278937381404 0.363911290322581 32.2156084388521 3 -2 0 
0 710 6.4 15 0.548387096774194 0.507258064516129 29.6050069200511 3 2 0 
1 720 6.4 14 0.38599706744868 0.345161290322581 39.1020243410472 3 -1 0 
0 720 6.4 15 0.472254224270353 0.491935483870968 29.387874431002 3 1 0 
1 730 6.4 14 0.388148667601683 0.415322580645161 25.8245386554425 3 -1 0 
0 730 6.4 15 0.466733870967742 0.354032258064516 50.2062897460402 3 1 0 
1 740 6.4 14 0.430602716468591 0.431451612903226 28.4179121868963 3 -1 0 
0 740 6.4 15 0.576015531660693 0.441935483870968 25.5760848561352 3 1 0 
1 750 6.4 14 0.375483870967742 0.418346774193548 40.9255316762205 3 -1 0 
0 750 6.4 15 0.49531737773153 0.494354838709677 12.2389082378284 3 1 0 
1 760 6.4 14 0.352534562211982 0.372311827956989 42.1137404077473 3 -2 0 
0 760 6.4 16 0.481854838709677 0.495161290322581 8.5887249115933 3 2 0 
1 770 6.4 14 0.400089605734767 0.336021505376344 32.4192985082461 3 -2 0 
0 770 6.4 16 0.557492195629553 0.536290322580645 9.17101257936111 3 2 0 
1 780 6.4 14 0.343709677419355 0.346774193548387 22.6255169887408 3 -2 0 
0 780 6.4 16 0.473626852659111 0.487903225806452 11.2291526183139 3 2 0 
1 790 6.4 14 0.359122983870968 0.267137096774194 18.0440840505573 3 -2 0 
0 790 6.4 16 0.484115347018573 0.512903225806452 9.89479477658709 3 2 0 
1 800 6.4 14 0.337141577060932 0.279032258064516 24.2537428918855 3 -3 0 
0 800 6.4 17 0.58151700087184 0.648387096774194 22.0819422194656 3 3 0 
1 810 6.4 15 0.317372311827957 0.279838709677419 9.21900600667324 3 -2 0 
0 810 6.4 17 0.534486417657046 0.645161290322581 13.648919382544 3 2 0 
1 820 6.4 15 0.403729838709677 0.329838709677419 17.0384284717733 3 -2 0 
0 820 6.4 17 0.547091013824885 0.633064516129032 9.64048734004916 3 2 0 
1 830 6.4 15 0.422235023041475 0.335483870967742 7.74020023009041 3 -2 0 
0 830 6.4 17 0.58494623655914 0.617943548387097 3.17276097124833 3 2 0 
1 840 6.4 15 0.365161290322581 0.379838709677419 7.22806005193948 3 -2 0 
0 840 6.4 17 0.497857862903226 0.567540322580645 5.30760167513403 3 2 0 
1 850 6.4 15 0.403438030560272 0.430645161290323 5.53918753992546 3 -2 0 
0 850 6.4 17 0.446975806451613 0.425403225806452 8.61888761268778 3 2 0 
1 860 6.4 16 0.427785923753666 0.436290322580645 22.380348646288 3 -1 0 
0 860 6.4 17 0.488863287250384 0.375 5.51811672923394 3 1 0 
1 870 6.4 16 0.418010752688172 0.391935483870968 17.4116391812427 3 -1 0 
0 870 6.4 17 0.430901759530792 0.375 27.5309301851907 3 1 0 
1 880 6.4 16 0.433542413381123 0.358064516129032 2.47329967206799 3 -1 0 
0 880 6.4 17 0.391532258064516 0.360483870967742 33.7878077741475 3 1 0 
1 890 6.4 16 0.498422159887798 0.368548387096774 27.2531354962592 3 -1 0 
0 890 6.4 17 0.440020161290323 0.404032258064516 31.9161903988521 3 1 0 
1 900 6.4 16 0.420161290322581 0.412096774193548 23.4774300173373 3 -1 0 
0 900 6.4 17 0.414874551971326 0.501612903225806 19.6158373609722 3 1 0 
1 910 6.4 16 0.428931451612903 0.429838709677419 9.65413388885517 3 -1 0 
0 910 6.4 17 0.377932551319648 0.536290322580645 9.00575401448266 3 1 0 
1 920 6.4 16 0.491039426523297 0.454032258064516 6.47706916692781 3 -1 0 
0 920 6.4 17 0.506231671554252 0.549395161290323 7.85330098601985 3 1 0 
1 930 6.4 17 0.401528013582343 0.460483870967742 7.00684514699003 3 0 0 
0 930 6.4 17 0.440860215053763 NaN NaN 3 0 0 
1 940 6.4 18 0.426747311827957 0.518548387096774 7.53237866414482 3 0 0 
0 940 6.4 18 0.458064516129032 NaN NaN 3 0 0 
1 950 6.4 18 0.546572580645161 0.498387096774194 13.5304079211654 3 0 0 
0 950 6.4 18 0.541233090530697 NaN NaN 3 0 0 
1 960 6.4 18 0.497208436724566 0.50241935483871 18.6236208290502 3 0 0 
0 960 6.4 18 0.466733870967742 NaN NaN 3 0 0 
1 970 6.4 19 0.543718166383701 0.479838709677419 22.7306032065413 3 1 1 
0 970 6.4 18 0.471102150537634 0.169354838709677 0 2 -1 -1 
1 980 6.4 19 0.587833099579243 0.443548387096774 31.1489793782853 3 1 1 
0 980 6.4 18 0.472177419354839 0.175806451612903 13.0751537537302 2 -1 -1 
1 990 6.4 19 0.457506203473945 0.440322580645161 22.6171308343214 3 1 2 
0 990 6.4 18 0.429783092324805 0.264516129032258 12.7277969302072 1 -1 -2 
1 1000 6.4 19 0.398460410557185 0.495161290322581 4.54959695975725 3 1 2 
0 1000 6.4 18 0.467573924731183 0.35 13.4398400067134 1 -1 -2 
1 1010 6.4 19 0.46008064516129 0.515322580645161 4.0327331329298 3 1 2 
0 1010 6.4 18 0.557258064516129 0.45241935483871 12.4028747722306 1 -1 -2 
1 1020 6.4 19 0.443808532778356 0.567741935483871 5.92976476328406 3 1 2 
0 1020 6.4 18 0.450645161290323 0.341935483870968 3.95731762836851 1 -1 -2 
1 1030 6.4 20 0.401135005973716 0.44758064516129 19.3126188445002 3 2 2 
0 1030 6.4 18 0.438814866760168 0.384677419354839 9.32482298682077 1 -2 -2 
1 1040 6.4 20 0.458246618106139 0.439516129032258 6.31683591946245 3 2 2 
0 1040 6.4 18 0.416873449131514 0.464516129032258 8.99607297885973 1 -2 -2 
1 1050 6.4 20 0.479075850043592 0.503024193548387 5.70204059032141 3 1 2 
0 1050 6.4 19 0.421774193548387 0.463709677419355 5.71725340453309 1 -1 -2 
1 1060 6.4 20 0.519428152492669 0.508064516129032 8.06225774829855 3 1 2 
0 1060 6.4 19 0.390841013824885 0.487903225806452 11.1018016555873 1 -1 -2 
1 1070 6.4 20 0.532364176570458 0.544354838709677 5.5 3 1 2 
0 1070 6.4 19 0.41179435483871 0.401209677419355 5.40832691319598 1 -1 -2 
1 1080 6.4 20 0.528839410939691 0.5625 6.02079728939615 3 1 2 
0 1080 6.4 19 0.369354838709677 0.413306451612903 4.5 1 -1 -2 
1 1090 6.4 20 0.552321007081038 0.631048387096774 5.1478150704935 3 0 2 
0 1090 6.4 20 0.361111111111111 0.30241935483871 0 1 0 -2 
1 1100 6.4 20 0.563486616334935 0.647177419354839 7.77817459305202 3 0 2 
0 1100 6.4 20 0.395967741935484 0.17741935483871 0 1 0 -2 
1 1110 6.4 20 0.517415923129719 0.546370967741936 18.5607111932706 3 0 2 
0 1110 6.4 20 0.311491935483871 0.159274193548387 4.60977222864644 1 0 -2 
1 1120 6.4 20 0.538668320926386 0.377688172043011 43.8889378152019 3 0 2 
0 1120 6.4 20 0.370967741935484 0.178427419354839 11.0462108812146 1 0 -2 
1 1130 6.4 21 0.592741935483871 0.290322580645161 49.1326183780689 3 1 2 
0 1130 6.4 20 0.377688172043011 0.232862903225806 16.5894052429204 1 -1 -2 
1 1140 6.4 21 0.475582437275986 0.37258064516129 52.6538596852162 3 1 2 
0 1140 6.4 20 0.329877112135177 0.332661290322581 13.5622362979269 1 -1 -2 
1 1150 6.4 21 0.484261186264308 0.439516129032258 55.0628354759693 3 1 2 
0 1150 6.4 20 0.393695014662757 0.389516129032258 33.0565351603413 1 -1 -2 
1 1160 6.4 21 0.538479262672811 0.470967741935484 37.5415904188697 2 1 2 
0 1160 6.4 20 0.517281105990783 0.44758064516129 28.1662706676809 0 -1 -2 
1 1170 6.4 21 0.52570564516129 0.433870967741935 26.7482765801254 2 1 2 
0 1170 6.4 20 0.42241935483871 0.487903225806452 11.6457022136754 0 -1 -2 
1 1180 6.4 21 0.546252371916509 0.467741935483871 17.5284185234248 2 0 2 
0 1180 6.4 21 0.429147465437788 0.501612903225806 9.71107955711398 0 0 -2 
1 1190 6.4 21 0.566935483870968 0.475 19.2343472255959 2 0 2 
0 1190 6.4 21 0.440136476426799 0.495967741935484 9.64376913210028 0 0 -2 
1 1200 6.4 21 0.580228031145718 0.526881720430108 35.0510123450578 2 0 2 
0 1200 6.4 21 0.335685483870968 0.493548387096774 7.50169152964436 0 0 -2 
1 1210 6.4 21 0.55510752688172 0.598790322580645 55.0567888638631 2 0 2 
0 1210 6.4 21 0.42002688172043 0.530645161290323 16.9888086020792 0 0 -2 
1 1220 6.4 21 0.584677419354839 0.526209677419355 59.9353818708115 2 0 2 
0 1220 6.4 21 0.459677419354839 0.343548387096774 32.8548041122617 0 0 -2 
1 1230 6.4 21 0.631989247311828 0.554435483870968 40.0562105047395 2 0 2 
0 1230 6.4 21 NaN 0.199193548387097 2.63364546939909 0 0 -2 
1 1240 6.4 21 0.617338709677419 0.598790322580645 47.46841054849 2 0 2 
0 1240 6.4 21 0.457661290322581 0.203225806451613 2.53976406593015 0 0 -2 
