1 30 9.4 1 NaN 0.231854838709677 10.8271867724315 3 0 0 
0 30 7 1 NaN 0.178225806451613 6.93677683140749 3 0 0 
1 40 9.4 1 NaN 0.270161290322581 15.2779555622713 3 0 0 
0 40 7 1 NaN 0.241935483870968 18.8658957911179 3 0 0 
1 50 9.4 1 0.368279569892473 0.359677419354839 30.2475208391024 3 0 0 
0 50 7 1 0.367741935483871 0.330645161290323 29.0121403579577 3 0 0 
1 60 9.4 1 0.364247311827957 0.432258064516129 31.7644039955567 3 0 0 
0 60 7 1 0.364247311827957 0.442741935483871 34.8261554520143 3 0 0 
1 70 9.4 1 0.441426146010187 0.475 27.5872249490272 3 0 0 
0 70 7 1 0.416383701188455 0.499193548387097 28.6999395780828 3 0 0 
1 80 9.4 1 0.469086021505376 0.493548387096774 27.3573825760929 3 0 0 
0 80 7 1 0.451444892473118 0.487903225806452 27.6298088475258 3 0 0 
1 90 9.4 1 0.389354838709677 0.498387096774194 25.8768842549848 3 0 0 
0 90 7 1 0.395006203473945 0.498387096774194 28.8695817150339 3 0 0 
1 100 9.4 1 0.431451612903226 0.47741935483871 24.1719454310767 3 0 0 
0 100 7 1 0.409457478005865 0.486290322580645 30.4863233653772 3 0 0 
1 110 9.4 2 0.468475073313783 0.513709677419355 16.8939019486804 3 0 0 
0 110 7 2 0.472782258064516 0.475 31.4281665244475 3 0 0 
1 120 9.4 2 0.390818858560794 0.466935483870968 35.3295839607654 3 0 0 
0 120 7 2 0.414412070759625 0.492741935483871 32.2950364351118 3 0 0 
1 130 9.4 2 0.400806451612903 0.428225806451613 49.9074316033782 3 0 0 
0 130 7 2 0.392281105990783 0.474193548387097 40.8068504485694 3 0 0 
1 140 9.4 3 0.454493087557604 0.450268817204301 15.497437144892 3 0 0 
0 140 7 3 0.456077188940092 0.48991935483871 53.1041993721959 3 0 0 
1 150 9.4 3 0.3915770609319 0.40625 41.1398526386781 3 0 0 
0 150 7 3 0.401881720430108 0.401209677419355 53.9522208881225 3 0 0 
1 160 9.4 3 0.425403225806452 0.366935483870968 48.3936340234578 3 0 0 
0 160 7 3 0.43460729312763 0.422379032258065 42.846096730484 3 0 0 
1 170 9.4 3 0.464045698924731 0.433064516129032 31.927480169778 3 -1 0 
0 170 7 4 0.469966629588432 0.391935483870968 40.7818215977183 3 1 0 
1 180 9.4 4 0.395609318996416 0.445161290322581 34.0734968853085 3 0 0 
0 180 7 4 0.398596176821983 0.45 41.9482921894648 3 0 0 
1 190 9.4 4 0.462197580645161 0.49758064516129 36.2396943630259 3 0 0 
0 190 7 4 0.429838709677419 0.467741935483871 37.2116361022033 3 0 0 
1 200 9.4 5 0.474228611500701 0.504838709677419 29.0867184119187 3 1 0 
0 200 7 4 0.449970131421744 0.469758064516129 38.2239786059682 3 -1 0 
1 210 9.4 5 0.392741935483871 0.509677419354839 30.5434386799423 3 0 0 
0 210 7 5 0.403945852534562 0.420161290322581 44.0969678308903 3 0 0 
1 220 9.4 5 0.424596774193548 0.486290322580645 32.8120361258784 3 0 0 
0 220 7 5 0.442396313364055 0.415322580645161 55.0911759063119 3 0 0 
1 230 9.4 6 0.445564516129032 0.443548387096774 34.9630451581222 3 1 0 
0 230 7 5 0.470934139784946 0.401881720430108 49.2406533723037 3 -1 0 
1 240 9.4 6 0.403855846774194 0.455645161290323 53.9351530578028 3 1 0 
0 240 7 5 0.39 0.327620967741936 48.8933483937796 3 -1 0 
1 250 9.4 6 0.455645161290323 0.508064516129032 40.6242745025875 3 0 0 
0 250 7 6 0.394585253456221 0.374193548387097 40.1776896224097 3 0 0 
1 260 9.4 6 0.477753058954394 0.503225806451613 39.8840102896052 3 0 0 
0 260 7 6 0.444724462365591 0.421370967741936 35.9879500537382 3 0 0 
1 270 9.4 7 0.411038306451613 0.524193548387097 38.363393912038 3 1 0 
0 270 7 6 0.397401433691756 0.46236559139785 15.8423371995106 3 -1 0 
1 280 9.4 7 0.436217008797654 0.492741935483871 32.2802618531074 3 1 0 
0 280 7 6 0.425403225806452 0.404233870967742 34.2428148685679 3 -1 0 
1 290 9.4 7 0.483064516129032 0.505040322580645 18.0139208890315 3 1 0 
0 290 7 6 0.465967741935484 0.358870967741936 37.7007436996097 3 -1 0 
1 300 9.4 7 0.432207661290323 0.510752688172043 23.4865632811526 3 0 0 
0 300 7 7 0.391612903225807 0.45241935483871 15.1673000001329 3 0 0 
1 310 9.4 7 0.427995391705069 0.370967741935484 37.6314679747611 3 0 0 
0 310 7 7 0.405040322580645 0.508064516129032 16.5609080489277 3 0 0 
1 320 9.4 8 0.447890818858561 0.325 31.2136287684458 3 1 0 
0 320 7 7 0.451612903225806 0.515120967741936 21.1096148838225 3 -1 0 
1 330 9.4 8 0.421296296296296 0.370967741935484 29.0046956295246 3 1 0 
0 330 7 7 0.418574401664932 0.522177419354839 25.1351320422098 3 -1 0 
1 340 9.4 8 0.451804915514593 0.487903225806452 21.6908561635928 3 1 0 
0 340 7 7 0.415483870967742 0.425806451612903 34.7013411507585 3 -1 0 
1 350 9.4 8 0.457223001402525 0.501612903225806 28.0613265392455 3 1 0 
0 350 7 7 0.461213517665131 0.409677419354839 32.3648246542005 3 -1 0 
1 360 9.4 9 0.409469302809573 0.5 30.7071419024339 3 1 0 
0 360 7 8 0.390973945409429 0.433064516129032 21.7249450219964 3 -1 0 
1 370 9.4 9 0.414170506912442 0.507056451612903 23.7841333444893 3 1 0 
0 370 7 8 0.399032258064516 0.465322580645161 35.4409229373802 3 -1 0 
1 380 9.4 9 0.467309907834101 0.488911290322581 21.6475348926396 3 1 0 
0 380 7 8 0.45704094292804 0.417741935483871 35.9266017832532 3 -1 0 
1 390 9.4 9 0.394696029776675 0.394354838709677 34.7538100913962 3 0 0 
0 390 7 9 0.418704474505723 0.455645161290323 35.1191057386864 3 0 0 
1 400 9.4 9 0.399193548387097 0.425 38.8135227174963 3 0 0 
0 400 7 9 0.41321044546851 0.446572580645161 35.9558817885398 3 0 0 
1 410 9.4 9 0.46008064516129 0.448387096774194 37.7883123465423 3 0 0 
0 410 7 9 0.455779569892473 0.418548387096774 46.5282759528738 3 0 0 
1 420 9.4 10 0.369868035190616 0.493548387096774 30.1437564328038 3 1 0 
0 420 7 9 0.414345063538612 0.445161290322581 38.332834943837 3 -1 0 
1 430 9.4 10 0.421283309957924 0.491129032258064 26.2592174802584 3 1 0 
0 430 7 9 0.406196943972835 0.448387096774194 23.5583296401356 3 -1 0 
1 440 9.4 10 0.47147550776583 0.523387096774194 17.1783620143217 3 1 0 
0 440 7 9 0.448991935483871 0.429435483870968 12.6616811793344 3 -1 0 
1 450 9.4 11 0.400483870967742 0.504838709677419 23.0372943969632 3 1 0 
0 450 7 10 0.384354838709677 0.331653225806452 26.3365457051845 3 -1 0 
1 460 9.4 11 0.432963709677419 0.509677419354839 34.4781207703227 3 1 0 
0 460 7 10 0.405529953917051 0.400201612903226 31.0214017972517 3 -1 0 
1 470 9.4 11 0.459543010752688 0.520967741935484 45.6493811604447 3 1 0 
0 470 7 10 0.43460729312763 0.429435483870968 21.0410503264183 3 -1 0 
1 480 9.4 11 0.432333669354839 0.535282258064516 28.8166900221163 3 1 0 
0 480 7 10 0.38182382133995 0.434475806451613 24.6771770615167 3 -1 0 
1 490 9.4 11 0.482809847198642 0.505376344086022 16.2195787537518 3 0 0 
0 490 7 11 0.407991202346041 0.397177419354839 31.669134663748 3 0 0 
1 500 9.4 12 0.504881154499151 0.508064516129032 0 3 1 0 
0 500 7 11 0.449764784946237 0.429435483870968 36.1968406537591 3 -1 0 
1 510 9.4 12 0.399658808933002 0.298387096774194 51 3 1 0 
0 510 7 11 0.375322580645161 0.45866935483871 27.9188490255781 3 -1 0 
1 520 9.4 12 0.401497695852535 0.350806451612903 46.8401247498809 3 1 0 
0 520 7 11 0.411816269284712 0.399193548387097 44.0381750731122 3 -1 0 
1 530 9.4 12 0.483870967741936 0.378024193548387 39.4138062648041 3 0 0 
0 530 7 12 0.471153846153846 0.401612903225806 34.9912196523512 3 0 0 
1 540 9.4 12 0.372087813620072 0.476612903225806 23.0030981040158 3 0 0 
0 540 7 12 0.43841642228739 0.469354838709677 30.6232101871718 3 0 0 
1 550 9.4 12 0.375403225806452 0.536290322580645 2.07847571172066 3 0 0 
0 550 7 12 0.411290322580645 0.470161290322581 30.4259858583248 3 0 0 
1 560 9.4 12 0.431129032258064 0.538978494623656 11.242898518427 3 0 0 
0 560 7 12 0.47883064516129 0.488911290322581 28.2877665610444 3 0 0 
1 570 9.4 13 0.405046826222685 0.483870967741936 5.15486539142489 3 0 0 
0 570 7 13 0.422757056451613 0.469086021505376 17.5836046969994 3 0 0 
1 580 9.4 13 0.423219086021505 0.37741935483871 48.8643743389471 3 0 0 
0 580 7 13 0.373938879456706 0.46236559139785 14.0795774650325 3 0 0 
1 590 9.4 13 0.470806451612903 0.421774193548387 42.7534924810792 3 0 0 
0 590 7 13 0.462307152875175 0.391129032258065 38.6970101787656 3 0 0 
1 600 9.4 13 0.40255376344086 0.439516129032258 27.0647311530139 3 0 0 
0 600 7 13 0.411542338709677 0.354838709677419 36.1959256185383 3 0 0 
1 610 9.4 13 0.432627688172043 0.491129032258064 17.3820738754352 3 0 0 
0 610 7 13 0.434553349875931 0.466397849462366 25.0802007826489 3 0 0 
1 620 9.4 14 0.473521505376344 0.519354838709677 5.51259231917988 3 1 0 
0 620 7 13 0.455794504181601 0.421370967741936 25.4017715917611 3 -1 0 
1 630 9.4 14 0.418242491657397 0.482258064516129 13.8419961451261 3 1 0 
0 630 7 13 0.391749379652605 0.350806451612903 46.8242347492668 3 -1 0 
1 640 9.4 14 0.451900921658986 0.525 34.1880598311603 3 1 0 
0 640 7 13 0.406708211143695 0.303427419354839 38.9803402062105 3 -1 0 
1 650 9.4 14 0.48252688172043 0.518548387096774 17.7354883985462 3 0 0 
0 650 7 14 0.452150537634409 0.354032258064516 39.2764068599841 3 0 0 
1 660 9.4 15 0.419493882091212 0.52741935483871 33.2849463897846 3 1 0 
0 660 7 14 0.38241935483871 0.390322580645161 25.6143803359847 3 -1 0 
1 670 9.4 15 0.459677419354839 0.590322580645161 25.7177384566354 3 1 0 
0 670 7 14 0.384856630824373 0.37741935483871 14.9483758780862 3 -1 0 
1 680 9.4 15 0.496451612903226 0.621975806451613 17.905494416125 3 1 0 
0 680 7 14 0.458064516129032 0.348387096774194 15.6537082315293 3 -1 0 
1 690 9.4 15 0.437231182795699 0.623991935483871 17.9723020148161 3 1 0 
0 690 7 14 0.382903225806452 0.358870967741936 7.63031101667678 3 -1 0 
1 700 9.4 16 0.445228494623656 0.564516129032258 22.1502655856008 3 2 0 
0 700 7 14 0.416834677419355 0.392741935483871 13.7738054478847 3 -2 0 
1 710 9.4 16 0.551290322580645 0.571236559139785 18.7404469996694 3 1 0 
0 710 7 15 0.429802052785924 0.438709677419355 17.8237084652404 3 -1 0 
1 720 9.4 16 0.453503024193548 0.533266129032258 48.4065947044797 3 1 0 
0 720 7 15 0.407536151279199 0.377016129032258 16.6347784659165 3 -1 0 
1 730 9.4 16 0.394838709677419 0.533602150537634 40.0793242160834 3 1 0 
0 730 7 15 0.440272177419355 0.330645161290323 21.7161098557395 3 -1 0 
1 740 9.4 16 0.501529477196885 0.579301075268817 14.8004178304221 3 1 0 
0 740 7 15 0.475604838709677 0.320564516129032 9.45351258981777 3 -1 0 
1 750 9.4 16 0.448016564952049 0.467741935483871 44.2284943754236 3 1 0 
0 750 7 15 0.37758064516129 0.372983870967742 6.544729835949 3 -1 0 
1 760 9.4 17 0.470766129032258 0.473118279569893 24.4244737851571 3 1 0 
0 760 7 16 0.461559139784946 0.318548387096774 21.7846827128298 3 -1 0 
1 770 9.4 17 0.509808195292066 0.397177419354839 35.398505871233 3 1 0 
0 770 7 16 0.444758064516129 0.32258064516129 24.0313020217739 3 -1 0 
1 780 9.4 17 0.484756097560976 0.405241935483871 34.5313567153212 3 1 0 
0 780 7 16 0.344086021505376 0.330645161290323 30.3754613587559 3 -1 0 
1 790 9.4 17 0.529508797653959 0.449596774193548 24.1545418763272 3 1 0 
0 790 7 16 0.375 0.31989247311828 29.8890734425167 3 -1 0 
1 800 9.4 17 0.498294044665012 0.491129032258064 35.2740928887019 3 1 0 
0 800 7 16 0.387320788530466 0.258064516129032 33.6663900659087 3 -1 0 
1 810 9.4 17 0.431854838709677 0.520161290322581 37.0488493024805 3 1 0 
0 810 7 16 0.377837514934289 0.315322580645161 33.367185307778 3 -1 0 
1 820 9.4 17 0.462557603686636 0.579637096774194 12.7375133367844 3 0 0 
0 820 7 17 0.387447405329593 0.386088709677419 38.6852748754079 3 0 0 
1 830 9.4 18 0.484468339307049 0.579032258064516 8.82413199350099 3 1 0 
0 830 7 17 0.434256661991585 0.428427419354839 31.9217366958025 3 -1 0 
1 840 9.4 18 0.414170506912442 0.654569892473118 10.2647449797028 3 1 0 
0 840 7 17 0.407096774193548 0.410282258064516 18.5539051177492 3 -1 0 
1 850 9.4 18 0.434139784946237 0.702956989247312 8.06334998702497 3 1 0 
0 850 7 17 0.443336162988115 0.350806451612903 26.7276136274694 3 -1 0 
1 860 9.4 18 0.511935483870968 0.657258064516129 16.6433169770932 3 1 0 
0 860 7 17 0.465860215053763 0.297043010752688 18.1184162789427 3 -1 0 
1 870 9.4 18 0.432171658986175 0.452956989247312 60.2728823893922 3 1 0 
0 870 7 17 0.427159209157128 0.261088709677419 21.7884054186355 3 -1 0 
1 880 9.4 19 0.458548387096774 0.344758064516129 53.0330085889911 3 1 0 
0 880 7 18 0.436290322580645 0.287634408602151 28.7243306640094 3 -1 0 
1 890 9.4 19 0.516129032258065 0.433467741935484 46.3303356344415 3 1 0 
0 890 7 18 0.46594982078853 0.330645161290323 11.4146970475194 3 -1 0 
1 900 9.4 19 0.435066740823137 0.475806451612903 30.9071189210512 3 1 0 
0 900 7 18 0.460464201416208 0.35383064516129 35.7130205911775 3 -1 0 
1 910 9.4 19 0.39758064516129 0.330645161290323 36.4910548542006 3 1 0 
0 910 7 18 0.478110599078341 0.443548387096774 32.7132630237277 3 -1 0 
1 920 9.4 19 0.453917050691244 0.304435483870968 35.9003705992535 3 1 0 
0 920 7 18 0.459127565982405 0.473790322580645 33.1056852874617 3 -1 0 
1 930 9.4 19 0.38241935483871 0.440668202764977 12.6856566541765 3 1 0 
0 930 7 18 0.386262513904338 0.441129032258065 41.9405491412453 3 -1 0 
1 940 9.4 20 0.41705069124424 0.410483870967742 26.6779314313402 3 2 0 
0 940 7 18 0.426192145862553 0.418010752688172 16.1135795645483 3 -2 0 
1 950 9.4 20 0.470645161290323 0.377688172043011 33.0389563271568 3 1 0 
0 950 7 19 0.460806451612903 0.440860215053763 1.63247784405553 3 -1 0 
1 960 9.4 20 0.401433691756272 0.458333333333333 27.2853558803809 3 1 0 
0 960 7 19 0.417101518026565 0.504032258064516 5.3851648071345 3 -1 0 
1 970 9.4 20 0.417242703533026 0.508064516129032 19.1049731745428 3 1 0 
0 970 7 19 0.417096774193548 0.522177419354839 0.707106781186548 3 -1 0 
1 980 9.4 20 0.460853494623656 0.5 19.1376592090046 3 1 0 
0 980 7 19 0.490292712066906 0.459677419354839 0 3 -1 0 
1 990 9.4 20 0.39159429280397 0.55241935483871 32.9734741875951 3 1 0 
0 990 7 19 0.435138248847926 0.278225806451613 41.0396150079408 3 -1 0 
1 1000 9.4 20 0.411626344086022 0.51008064516129 24.5051015096857 3 1 0 
0 1000 7 19 0.402675953079179 0.173387096774194 12.0415945787923 3 -1 0 
1 1010 9.4 20 0.448231009365245 0.383064516129032 39.8473962936138 3 1 0 
0 1010 7 19 0.483520336605891 0.304435483870968 16.9189243156886 3 -1 0 
1 1020 9.4 20 0.418255131964809 0.348790322580645 44.5701693961331 3 1 0 
0 1020 7 19 0.396745391705069 0.449596774193548 25.2239965112589 3 -1 0 
1 1030 9.4 20 0.484318996415771 0.433467741935484 39.6559261517112 3 0 0 
0 1030 7 20 0.357862903225806 0.33736559139785 38.279697491634 3 0 0 
1 1040 9.4 21 0.521465844402277 0.533064516129032 37.7300587830252 3 1 0 
0 1040 7 20 0.432347670250896 0.285282258064516 28.8441537734316 3 -1 0 
1 1050 9.4 21 0.454749103942652 0.601612903225806 26.9307999082239 3 1 0 
0 1050 7 20 0.398344651952462 0.285282258064516 36.5171816648033 3 -1 0 
1 1060 9.4 21 0.485364396654719 0.688508064516129 8.32004745490166 3 1 0 
0 1060 7 20 0.386808755760369 0.277217741935484 31.3228910380532 3 -1 0 
1 1070 9.4 21 0.548617511520737 0.731854838709677 3.64005494464026 3 1 1 
0 1070 7 20 0.421370967741936 0.297379032258065 18.3670714939962 2 -1 -1 
1 1080 9.4 21 0.511065266316579 0.705645161290323 0 3 1 1 
0 1080 7 20 0.380272952853598 0.307459677419355 2.43862239673019 2 -1 -1 
1 1090 9.4 21 0.525345622119816 0.524193548387097 0 3 0 1 
0 1090 7 21 0.411910669975186 0.347782258064516 20.1583153257815 2 0 -1 
1 1100 9.4 21 0.570510026155187 0.314516129032258 0 3 0 1 
0 1100 7 21 0.423020527859238 0.407258064516129 28.3174503828922 2 0 -1 
1 1110 9.4 21 0.461290322580645 0.439516129032258 0 3 0 1 
0 1110 7 21 0.399044205495818 0.414314516129032 30.7863594750441 2 0 -1 
1 1120 9.4 21 0.471464019851117 0.399193548387097 0 3 0 1 
0 1120 7 21 0.44105222734255 0.438508064516129 30.3992086941735 2 0 -1 
1 1130 9.4 21 0.481048387096774 0.282258064516129 37.589892258425 3 0 1 
0 1130 7 21 0.482809847198642 0.384677419354839 31.348699431167 2 0 -1 
1 1140 9.4 21 0.400686977299881 0.305443548387097 29.7505953474101 3 0 1 
0 1140 7 21 0.431048387096774 0.421774193548387 16.3505916574869 2 0 -1 
1 1150 9.4 21 0.380568356374808 0.355846774193548 15.4267257140688 3 0 1 
0 1150 7 21 0.390725806451613 0.439516129032258 19.6247156882942 2 0 -1 
1 1160 9.4 21 0.447004608294931 0.432258064516129 23.1273286537416 3 0 1 
0 1160 7 21 0.462049335863378 0.512096774193548 8.11202481448245 2 0 -1 
1 1170 9.4 21 0.404868578255675 0.461290322580645 21.0261250526725 3 0 1 
0 1170 7 21 0.415600667408231 0.505645161290323 10.2994788011872 2 0 -1 
1 1180 9.4 21 0.437762973352034 0.509216589861751 13.0294382157797 3 0 1 
0 1180 7 21 0.430483870967742 0.500806451612903 6.12021655534993 2 0 -1 
1 1190 9.4 22 0.453629032258065 0.495967741935484 17.8557088747073 3 0 1 
0 1190 7 22 0.504981024667932 0.515120967741936 5.55665052539149 2 0 -1 
1 1200 9.4 22 0.449535679374389 0.423387096774194 0 3 0 1 
0 1200 7 22 0.434179316888046 0.540322580645161 3.83135080435438 2 0 -1 
1 1210 9.4 22 0.523596176821983 0.32258064516129 0 3 0 1 
0 1210 7 22 0.450967741935484 0.57258064516129 6.66900672776856 2 0 -1 
1 1220 9.4 22 0.57078853046595 0.407258064516129 0 3 0 1 
0 1220 7 22 0.55241935483871 0.537298387096774 23.3209968493891 2 0 -1 
1 1230 9.4 22 0.520336605890603 0.407258064516129 0 3 0 1 
0 1230 7 22 0.476280834914611 0.496975806451613 34.7599938887025 2 0 -1 
1 1240 9.4 22 0.478345280764636 NaN NaN 3 0 1 
0 1240 7 22 0.429099462365591 0.513104838709677 43.3825553210452 2 0 -1 
1 1250 9.4 22 0.412692847124825 0.155241935483871 4.27200187265877 3 0 1 
0 1250 7 22 0.428349875930521 0.534274193548387 40.0136321192293 2 0 -1 
1 1260 9.4 22 0.392706872370267 0.28494623655914 16.4722369647723 3 -1 1 
0 1260 7 23 0.438959955506118 0.469354838709677 47.4867341651207 2 1 -1 
1 1270 9.4 22 0.362007168458781 0.362903225806452 2.70924309543358 3 -1 1 
0 1270 7 23 0.428955453149002 0.568548387096774 26.2211020539462 2 1 -1 
1 1280 9.4 22 0.357718894009217 0.329637096774194 13.2207791423248 3 -1 1 
0 1280 7 23 0.537541713014461 0.631451612903226 13.1373866049322 2 1 -1 
1 1290 9.4 22 0.324596774193548 0.332661290322581 12.6176243203741 3 -1 1 
0 1290 7 23 0.49734461054288 0.637903225806452 12.7584537817371 2 1 -1 
1 1300 9.4 22 0.415322580645161 0.390120967741936 13.7408794193412 3 -1 1 
0 1300 7 23 0.510005973715651 0.637096774193548 20.1047194933672 2 1 -1 
1 1310 9.4 22 0.4 0.425 31.2354778586241 3 -1 1 
0 1310 7 23 0.59652981427175 0.592741935483871 36.5213280964167 2 1 -1 
1 1320 9.4 22 0.313364055299539 0.549193548387097 34.6001249543806 3 -1 1 
0 1320 7 23 0.505040322580645 0.565860215053763 41.5826273791525 2 1 -1 
1 1330 9.4 22 0.514976958525346 0.668548387096774 39.5551436000183 3 -1 1 
0 1330 7 23 0.485887096774194 0.321236559139785 49.0397281458038 2 1 -1 
1 1340 9.4 22 0.568212365591398 0.689516129032258 52.1972558142709 3 -1 1 
0 1340 7 23 0.605040322580645 0.263440860215054 27.255489427318 2 1 -1 
1 1350 9.4 23 0.452895894428152 0.691532258064516 33.9397632626185 3 0 1 
0 1350 7 23 0.476918798665184 0.205645161290323 2.69258240356725 2 0 -1 
1 1360 9.4 23 0.491431451612903 0.694556451612903 6.31844073294012 3 0 1 
0 1360 7 23 0.591935483870968 0.252016129032258 8.74642784226795 2 0 -1 
1 1370 9.4 23 0.399865591397849 0.63508064516129 44.0596187001204 3 -1 1 
0 1370 7 24 0.679435483870968 0.137096774193548 3.16227766016838 2 1 -1 
1 1380 9.4 23 NaN NaN NaN 3 -1 1 
0 1380 7 24 0.229032258064516 0.213709677419355 3.16227766016838 2 1 -1 
