1 30 5 1 NaN 0.280241935483871 18.1074277374811 2 0 0 
0 30 6 1 NaN 0.205645161290323 7.19948438774721 2 0 0 
1 40 5 1 NaN 0.285282258064516 18.4040787597379 2 0 0 
0 40 6 1 NaN 0.22883064516129 6.42948076198689 2 0 0 
1 50 5 1 0.370967741935484 0.360887096774194 28.513851623537 2 0 0 
0 50 6 1 0.370967741935484 0.296370967741936 14.9156204824192 2 0 0 
1 60 5 1 0.383064516129032 0.45866935483871 38.7959896588702 2 0 0 
0 60 6 1 0.383064516129032 0.409274193548387 25.7623641858272 2 0 0 
1 70 5 1 0.394825268817204 0.475806451612903 37.9706491704074 2 0 0 
0 70 6 1 0.408698156682028 0.456653225806452 29.6928150238352 2 0 0 
1 80 5 1 0.49260752688172 0.491129032258064 38.8644818742006 2 0 0 
0 80 6 1 0.453853046594982 0.481854838709677 32.9721340178144 2 0 0 
1 90 5 1 0.414373814041746 0.493548387096774 39.8844391957605 2 0 0 
0 90 6 1 0.411926994906621 0.479838709677419 29.2821255161859 2 0 0 
1 100 5 1 0.398883374689826 0.491129032258064 38.9388290535491 2 0 0 
0 100 6 1 0.426075268817204 0.482862903225806 29.0412039486961 2 0 0 
1 110 5 2 0.460433467741936 0.485483870967742 38.2254961581083 2 1 0 
0 110 6 1 0.485887096774194 0.487903225806452 28.3120543433488 2 -1 0 
1 120 5 2 0.42883064516129 0.512096774193548 38.5023730565787 2 0 0 
0 120 6 2 0.394657258064516 0.470766129032258 28.96539602231 2 0 0 
1 130 5 2 0.431739631336406 0.510483870967742 40.415310499689 2 0 0 
0 130 6 2 0.390264976958525 0.431451612903226 28.2534551739152 2 0 0 
1 140 5 2 0.501861042183623 0.398387096774194 48.1643410429785 2 0 0 
0 140 6 2 0.47394540942928 0.488911290322581 29.9184727862755 2 0 0 
1 150 5 2 0.41913082437276 0.473790322580645 39.5413909016169 2 0 0 
0 150 6 2 0.419171554252199 0.464717741935484 29.3351893325605 2 0 0 
1 160 5 3 0.407258064516129 0.480645161290323 33.1612278324382 2 0 0 
0 160 6 3 0.383064516129032 0.494959677419355 24.6329087703048 2 0 0 
1 170 5 3 0.477822580645161 0.489516129032258 16.5450507903024 2 0 0 
0 170 6 3 0.497119815668203 0.461693548387097 4.71437851097259 2 0 0 
1 180 5 3 0.383064516129032 0.495967741935484 6.69262665881949 2 0 0 
0 180 6 3 0.420415959252971 0.46875 3.55411300195057 2 0 0 
1 190 5 3 0.397177419354839 0.484677419354839 7.18432589178576 2 0 0 
0 190 6 3 0.405241935483871 0.467741935483871 6.7247536730712 2 0 0 
1 200 5 3 0.47955069124424 0.461290322580645 5.66233606789681 2 0 0 
0 200 6 3 0.498991935483871 0.443548387096774 7.09041946791862 2 0 0 
1 210 5 3 0.402988614800759 0.458064516129032 10.3611967881269 2 0 0 
0 210 6 3 0.423387096774194 0.420362903225806 35.3025005117935 2 0 0 
1 220 5 4 0.383064516129032 0.464516129032258 8.45973291873877 2 1 0 
0 220 6 3 0.391417050691244 0.459677419354839 17.7303024360001 2 -1 0 
1 230 5 4 0.452087286527514 0.503225806451613 19.9996437881988 2 1 0 
0 230 6 3 0.488978494623656 0.455645161290323 8.02253879383428 2 -1 0 
1 240 5 4 0.422470674486804 0.464516129032258 35.4077981065455 2 0 0 
0 240 6 4 0.395161290322581 0.469354838709677 6.37796826998508 2 0 0 
1 250 5 5 0.47599846390169 0.479032258064516 27.0189001501583 2 1 0 
0 250 6 4 0.390841013824885 0.469354838709677 12.9208200863394 2 -1 0 
1 260 5 5 0.532894736842105 0.482258064516129 36.667620344556 2 1 0 
0 260 6 4 0.460685483870968 0.414516129032258 9.29862530131057 2 -1 0 
1 270 5 6 0.465 0.468548387096774 43.9377181559313 2 2 0 
0 270 6 4 0.383995037220844 0.344758064516129 22.3289436498913 2 -2 0 
1 280 5 6 0.467741935483871 0.491129032258064 36.1094001647019 2 1 0 
0 280 6 5 0.383064516129032 0.359677419354839 21.0452536193722 2 -1 0 
1 290 5 6 0.543951612903226 0.49758064516129 27.8265741404115 2 1 0 
0 290 6 5 0.415322580645161 0.414516129032258 13.9085894921408 2 -1 0 
1 300 5 6 0.459310850439883 0.545967741935484 25.8554966049348 2 1 0 
0 300 6 5 0.388440860215054 0.438709677419355 6.28401711611932 2 -1 0 
1 310 5 6 0.423387096774194 0.509677419354839 25.9348213274245 2 1 0 
0 310 6 5 0.405577956989247 0.440322580645161 5.29967728702518 2 -1 0 
1 320 5 7 0.530791788856305 0.528225806451613 25.4602722889085 2 2 0 
0 320 6 5 0.436693548387097 0.392741935483871 25.0603906884566 2 -2 0 
1 330 5 7 0.410282258064516 0.574596774193548 8.38374441617289 2 1 0 
0 330 6 6 0.361463133640553 0.391129032258065 27.6752817113318 2 -1 0 
1 340 5 7 0.383064516129032 0.578629032258065 19.5913666523271 2 1 0 
0 340 6 6 0.383512544802867 0.42741935483871 28.6609223141923 2 -1 0 
1 350 5 8 0.532258064516129 0.482258064516129 37.5701756911249 2 2 0 
0 350 6 6 0.40994623655914 0.460685483870968 15.8263816096988 2 -2 0 
1 360 5 8 0.469032258064516 0.468548387096774 43.2796839750326 2 2 0 
0 360 6 6 0.358870967741936 0.471774193548387 7.6040150042466 2 -2 0 
1 370 5 8 0.453629032258065 0.595161290322581 38.2143112524104 2 2 0 
0 370 6 6 0.386166253101737 0.414516129032258 23.6658303172723 2 -2 0 
1 380 5 8 0.51747311827957 0.570161290322581 33.9448971065267 2 2 0 
0 380 6 6 0.478629032258065 0.441935483870968 36.9830249014085 2 -2 0 
1 390 5 8 0.434072580645161 0.526612903225806 16.9916276394653 2 1 0 
0 390 6 7 0.388104838709677 0.458870967741935 32.2618283987957 2 -1 0 
1 400 5 8 0.45794930875576 0.559677419354839 10.9354777270152 2 1 0 
0 400 6 7 0.397952853598015 0.458870967741935 26.612821194163 2 -1 0 
1 410 5 8 0.509408602150538 0.575806451612903 4.52817295226371 2 1 0 
0 410 6 7 0.456575682382134 0.435483870967742 23.8336976742251 2 -1 0 
1 420 5 8 0.445099255583127 0.55241935483871 6.59552534840037 2 1 0 
0 420 6 7 0.409139784946237 0.445967741935484 23.9233011499101 2 -1 0 
1 430 5 8 0.437163978494624 0.568548387096774 12.428234193507 2 1 0 
0 430 6 7 0.425 0.435483870967742 22.6228007846239 2 -1 0 
1 440 5 8 0.484237536656892 0.524193548387097 8.76982172518481 2 1 0 
0 440 6 7 0.475806451612903 0.408064516129032 23.8942674986848 2 -1 0 
1 450 5 9 0.41875 0.490322580645161 9.26082055669138 2 2 0 
0 450 6 7 0.383064516129032 0.436827956989247 14.5239017734271 2 -2 0 
1 460 5 9 0.404989919354839 0.460483870967742 15.9404845349223 2 2 0 
0 460 6 7 0.398521505376344 0.467741935483871 16.3331800629649 2 -2 0 
1 470 5 9 0.493010752688172 0.495967741935484 12.7713410462866 2 2 0 
0 470 6 7 0.470588235294118 0.420362903225806 17.4569456877904 2 -2 0 
1 480 5 10 0.439516129032258 0.54758064516129 33.2429482434289 2 3 0 
0 480 6 7 0.392137096774194 0.347782258064516 19.1808490976603 2 -3 0 
1 490 5 10 0.422201138519924 0.568548387096774 25.1126222532415 2 2 0 
0 490 6 8 0.383064516129032 0.355846774193548 26.2551259346112 2 -2 0 
1 500 5 10 0.579459203036053 0.596774193548387 25.5109094714767 2 2 0 
0 500 6 8 0.446428571428571 0.344354838709677 11.6336166113402 2 -2 0 
1 510 5 11 0.512096774193548 0.666129032258065 24.538628886782 2 3 0 
0 510 6 8 0.327284946236559 0.300806451612903 6.2128061099562 2 -3 0 
1 520 5 11 0.51932123655914 0.529838709677419 47.4983055336199 2 3 0 
0 520 6 8 0.354838709677419 0.286290322580645 8.21993753911751 2 -3 0 
1 530 5 11 0.646001344086021 0.45866935483871 49.9127511114607 2 3 0 
0 530 6 8 0.294354838709677 0.307258064516129 8.31461768400224 2 -3 0 
1 540 5 11 0.505616359447005 0.578629032258065 32.6333355333705 2 3 0 
0 540 6 8 0.289874551971326 0.272177419354839 4.76214211028158 2 -3 0 
1 550 5 11 0.465831918505942 0.598387096774194 19.206005241304 2 2 0 
0 550 6 9 0.310483870967742 0.292741935483871 12.9835035932761 2 -2 0 
1 560 5 12 0.625756048387097 0.562096774193548 25.9707844512329 2 3 0 
0 560 6 9 0.310483870967742 0.308064516129032 20.2606111272929 2 -3 0 
1 570 5 12 0.5 0.485483870967742 46.1071912156984 2 3 0 
0 570 6 9 0.309223790322581 0.359677419354839 14.2824801386003 2 -3 0 
1 580 5 12 0.501008064516129 0.54758064516129 40.491029847223 2 3 0 
0 580 6 9 0.360337243401759 0.370161290322581 12.7337017750417 2 -3 0 
1 590 5 12 0.613140417457306 0.640322580645161 31.2564545783274 2 3 0 
0 590 6 9 0.345046082949309 0.35 19.6676024394156 2 -3 0 
1 600 5 12 0.491263440860215 0.661290322580645 23.5848093634409 2 2 0 
0 600 6 10 0.306989247311828 0.357862903225806 8.73824517657118 2 -2 0 
1 610 5 12 0.435483870967742 0.685483870967742 29.4639439484884 2 2 0 
0 610 6 10 0.366039426523297 0.330645161290323 4.19654691461328 2 -2 0 
1 620 5 13 0.627016129032258 0.667338709677419 32.7030753853714 2 3 1 
0 620 6 10 0.348790322580645 0.334677419354839 28.5113941965143 1 -3 -1 
1 630 5 13 0.506272401433692 0.65625 32.0790618547905 2 3 1 
0 630 6 10 0.316868279569892 0.313508064516129 27.3920461092522 1 -3 -1 
1 640 5 13 0.501099706744868 0.550806451612903 52.310923957417 2 3 1 
0 640 6 10 0.326612903225806 0.273387096774194 27.1258941090398 1 -3 -1 
1 650 5 13 0.641935483870968 0.558064516129032 29.6746073458174 2 2 1 
0 650 6 11 0.326612903225806 0.294354838709677 26.7050633578663 1 -2 -1 
1 660 5 13 0.507369299221357 0.457661290322581 19.0850800968871 2 2 1 
0 660 6 11 0.305521091811414 0.377016129032258 33.2952316216937 1 -2 -1 
1 670 5 13 0.420614919354839 0.441532258064516 1.95265409807929 2 2 1 
0 670 6 11 0.328225806451613 0.383870967741936 33.3760662448664 1 -2 -1 
1 680 5 13 0.616935483870968 0.441532258064516 3.04252183136457 2 2 1 
0 680 6 11 0.328225806451613 0.382258064516129 33.5438564730904 1 -2 -1 
1 690 5 13 0.5 0.520967741935484 12.1710527447076 2 2 1 
0 690 6 11 0.331905241935484 0.455645161290323 22.3306681088782 1 -2 -1 
1 700 5 13 0.386827956989247 0.546774193548387 9.27791641294271 2 2 1 
0 700 6 11 0.348325062034739 0.47741935483871 28.5656504740544 1 -2 -1 
1 710 5 14 0.534274193548387 0.575 15.4260777188264 2 3 1 
0 710 6 11 0.348325062034739 0.472782258064516 33.7670780198782 1 -3 -1 
1 720 5 14 0.478225806451613 0.512903225806452 38.815418302283 2 3 1 
0 720 6 11 0.374231950844854 0.467741935483871 35.3992752753945 1 -3 -1 
1 730 5 14 0.447379032258064 0.558064516129032 31.3030228321899 2 3 1 
0 730 6 11 0.37589605734767 0.429435483870968 40.8717506353716 1 -3 -1 
1 740 5 14 0.548811544991511 0.535483870967742 44.4306205012494 2 3 1 
0 740 6 11 0.417521994134897 0.277217741935484 26.2999918792875 1 -3 -1 
1 750 5 15 0.505967741935484 0.658870967741936 34.5856071075088 2 3 1 
0 750 6 12 0.321572580645161 0.231854838709677 14.5828341597304 1 -3 -1 
1 760 5 15 0.557382133995037 0.71236559139785 19.2679237794509 2 3 2 
0 760 6 12 0.362903225806452 0.244623655913978 3.44372253875569 0 -3 -2 
1 770 5 15 0.665322580645161 0.716935483870968 15.5946898747338 2 3 2 
0 770 6 12 0.244623655913978 0.241935483870968 13.4536240470737 0 -3 -2 
1 780 5 16 0.668346774193548 0.710483870967742 22.5941853862826 2 4 2 
0 780 6 12 0.241935483870968 0.233870967741935 4.60977222864644 0 -4 -2 
1 790 5 16 0.773617511520737 0.782258064516129 5.85609932707393 2 4 2 
0 790 6 12 NaN 0.153225806451613 0 0 -4 -2 
1 800 5 16 0.773617511520737 0.806451612903226 8.17022862858297 2 4 2 
0 800 6 12 NaN 0.17741935483871 0 0 -4 -2 
