1 30 7 1 NaN 0.653225806451613 23.0705439901187 2 0 0 
0 30 7.4 1 NaN 0.240927419354839 15.3978208290057 2 0 0 
1 40 7 1 NaN 0.645967741935484 35.43969693497 2 0 0 
0 40 7.4 1 NaN 0.305443548387097 24.8149278875074 2 0 0 
1 50 7 1 0.395161290322581 0.62258064516129 34.9508375705201 2 0 0 
0 50 7.4 1 0.395161290322581 0.346774193548387 27.786749344691 2 0 0 
1 60 7 1 0.383064516129032 0.555645161290323 37.7392621215799 2 0 0 
0 60 7.4 1 0.383064516129032 0.475806451612903 34.4291071760693 2 0 0 
1 70 7 1 0.397465437788018 0.541129032258065 37.3189407998642 2 0 0 
0 70 7.4 1 0.390552995391705 0.487096774193548 35.6827078475891 2 0 0 
1 80 7 1 0.476670506912442 0.529838709677419 38.6122391715529 2 0 0 
0 80 7.4 1 0.454385080645161 0.491935483870968 29.9418878528325 2 0 0 
1 90 7 1 0.401461693548387 0.519354838709677 39.2496700604464 2 0 0 
0 90 7.4 1 0.393279569892473 0.497983870967742 32.5233554495757 2 0 0 
1 100 7 1 0.397753456221198 0.528225806451613 39.0086747544566 2 0 0 
0 100 7.4 1 0.414986559139785 0.475806451612903 28.1960258932341 2 0 0 
1 110 7 2 0.483064516129032 0.525806451612903 35.716512480421 2 1 0 
0 110 7.4 1 0.488636363636364 0.487903225806452 34.4469769921793 2 -1 0 
1 120 7 2 0.416808149405772 0.51008064516129 30.4353409916981 2 0 0 
0 120 7.4 2 0.401328273244782 0.474798387096774 43.0504006611058 2 0 0 
1 130 7 2 0.399503722084367 0.596774193548387 46.9162910302199 2 0 0 
0 130 7.4 2 0.401075268817204 0.414516129032258 48.6794740290274 2 0 0 
1 140 7 2 0.475806451612903 0.575 37.4542642448024 2 0 0 
0 140 7.4 2 0.505376344086022 0.47258064516129 40.558556430615 2 0 0 
1 150 7 3 0.383064516129032 0.567741935483871 37.3915691563517 2 0 0 
0 150 7.4 3 0.441348973607038 0.512096774193548 30.6291191013837 2 0 0 
1 160 7 3 0.383064516129032 0.562903225806452 34.1053388862469 2 0 0 
0 160 7.4 3 0.383995037220844 0.511290322580645 17.2038723383974 2 0 0 
1 170 7 3 0.485111662531017 0.559677419354839 21.6167136557527 2 0 0 
0 170 7.4 3 0.488523573200993 0.488709677419355 21.4155709152624 2 0 0 
1 180 7 3 0.403673835125448 0.542741935483871 13.9217510430906 2 0 0 
0 180 7.4 3 0.424798387096774 0.503225806451613 17.6279819644872 2 0 0 
1 190 7 3 0.402277039848197 0.587903225806452 18.7874993336253 2 0 0 
0 190 7.4 3 0.395665322580645 0.503225806451613 11.7359253187816 2 0 0 
1 200 7 4 0.478326612903226 0.570967741935484 12.1378693012299 2 1 0 
0 200 7.4 3 0.496774193548387 0.472782258064516 7.71746883176602 2 -1 0 
1 210 7 4 0.390860215053763 0.561290322580645 11.4182494761867 2 1 0 
0 210 7.4 3 0.417869269949066 0.394354838709677 26.5036659266625 2 -1 0 
1 220 7 4 0.414202508960573 0.573387096774194 15.7301515964753 2 0 0 
0 220 7.4 4 0.38508064516129 0.412903225806452 23.803206099716 2 0 0 
1 230 7 4 0.469153225806452 0.609677419354839 28.8389642639436 2 0 0 
0 230 7.4 4 0.490384615384615 0.403225806451613 39.6574067628211 2 0 0 
1 240 7 5 0.394623655913978 0.581653225806452 46.1633643995713 2 0 0 
0 240 7.4 5 0.398689516129032 0.418548387096774 39.6618280819042 2 0 0 
1 250 7 5 0.445099255583127 0.520967741935484 30.9807904640443 2 0 0 
0 250 7.4 5 0.404737903225806 0.368548387096774 34.3606229980869 2 0 0 
1 260 7 5 0.512096774193548 0.614516129032258 42.2975665912145 2 0 0 
0 260 7.4 5 0.446428571428571 0.409677419354839 38.0502851149116 2 0 0 
1 270 7 5 0.383064516129032 0.574193548387097 30.3529108474338 2 0 0 
0 270 7.4 5 0.408681214421252 0.47741935483871 28.0199469156434 2 0 0 
1 280 7 6 0.389688940092166 0.55241935483871 39.0021325079166 2 1 0 
0 280 7.4 5 0.399193548387097 0.488709677419355 23.2368282854704 2 -1 0 
1 290 7 6 0.471774193548387 0.532258064516129 40.3095303050596 2 0 0 
0 290 7.4 6 0.498559907834101 0.500806451612903 24.5357145960174 2 0 0 
1 300 7 6 0.383064516129032 0.562096774193548 39.3182999463742 2 0 0 
0 300 7.4 6 0.400453629032258 0.433870967741935 49.1446435784895 2 0 0 
1 310 7 6 0.407258064516129 0.525806451612903 41.3603701240808 2 0 0 
0 310 7.4 6 0.383064516129032 0.42258064516129 44.4577410489109 2 0 0 
1 320 7 6 0.46491935483871 0.570161290322581 40.9011992537279 2 0 0 
0 320 7.4 6 0.495391705069124 0.455645161290323 30.3091023106166 2 0 0 
1 330 7 6 0.400142314990512 0.575806451612903 38.3790511655622 2 0 0 
0 330 7.4 6 0.416890681003584 0.457258064516129 37.6013408667519 2 0 0 
1 340 7 6 0.404665898617512 0.550806451612903 39.1749076163689 2 0 0 
0 340 7.4 6 0.383064516129032 0.411290322580645 27.4535656078615 2 0 0 
1 350 7 7 0.490469208211144 0.508870967741936 47.4728704059493 2 0 0 
0 350 7.4 7 0.479032258064516 0.45241935483871 31.1233486654557 2 0 0 
1 360 7 7 0.383064516129032 0.551612903225806 38.8760409134332 2 0 0 
0 360 7.4 7 0.426209677419355 0.463709677419355 35.4787257231289 2 0 0 
1 370 7 7 0.383995037220844 0.559677419354839 32.6745580415358 2 0 0 
0 370 7.4 7 0.414566532258065 0.485887096774194 31.1826448646074 2 0 0 
1 380 7 7 0.477150537634409 0.568548387096774 20.5680548953532 2 0 0 
0 380 7.4 7 0.497208436724566 0.465725806451613 30.2955863624549 2 0 0 
1 390 7 7 0.383064516129032 0.57741935483871 16.7575463522907 2 0 0 
0 390 7.4 7 0.433266129032258 0.486290322580645 22.0241711331926 2 0 0 
1 400 7 8 0.383995037220844 0.580645161290323 24.3673069785629 2 0 0 
0 400 7.4 8 0.383995037220844 0.487903225806452 16.7260976013672 2 0 0 
1 410 7 8 0.466129032258065 0.580645161290323 25.3179778023443 2 0 0 
0 410 7.4 8 0.51008064516129 0.575 6.76149210267692 2 0 0 
1 420 7 8 0.407706093189964 0.715725806451613 30.0394760712972 2 0 0 
0 420 7.4 8 0.4375 0.54758064516129 13.5497613937534 2 0 0 
1 430 7 8 0.420303605313093 0.705645161290323 27.1432129994569 2 -1 0 
0 430 7.4 9 0.421947004608295 0.507258064516129 19.2229641028478 2 1 0 
1 440 7 8 0.493279569892473 0.613709677419355 34.6352258428277 2 -1 0 
0 440 7.4 9 0.473973607038123 0.461290322580645 42.7728685954473 2 1 0 
1 450 7 9 0.392857142857143 0.606451612903226 33.8523343704591 2 0 0 
0 450 7.4 9 0.419829222011385 0.484879032258065 35.8329160037681 2 0 0 
1 460 7 9 0.383064516129032 0.590322580645161 37.3010809687393 2 -1 0 
0 460 7.4 10 0.490874363327674 0.510752688172043 37.0469452060776 2 1 0 
1 470 7 9 0.466589861751152 0.598387096774194 31.0550969555053 2 -1 0 
0 470 7.4 10 0.548135080645161 0.543010752688172 36.4189963784439 2 1 0 
1 480 7 10 0.39005376344086 0.619354838709677 42.5623740195509 2 0 0 
0 480 7.4 10 0.423599320882852 0.419354838709677 51.2357184942535 2 0 0 
1 490 7 10 0.383064516129032 0.616129032258065 42.9456655561198 2 0 0 
0 490 7.4 10 0.408444022770398 0.433870967741935 29.4989407600865 2 0 0 
1 500 7 10 0.484879032258065 0.565322580645161 33.7606159451723 2 0 0 
0 500 7.4 10 0.503101736972705 0.494354838709677 26.5281626810655 2 0 0 
1 510 7 10 0.373271889400922 0.603225806451613 31.5174105846722 2 -1 0 
0 510 7.4 11 0.463709677419355 0.583064516129032 24.4362919492368 2 1 0 
1 520 7 10 0.373655913978495 0.643817204301075 39.7571309520355 2 -1 0 
0 520 7.4 11 0.394873271889401 0.569556451612903 20.5962442941315 2 1 0 
1 530 7 10 0.482142857142857 0.631720430107527 38.8818145238959 2 -1 0 
0 530 7.4 11 0.5 0.553427419354839 38.6909389338238 2 1 0 
1 540 7 11 0.3919779286927 0.615591397849462 32.3823287567614 2 0 0 
0 540 7.4 11 0.463534361851332 0.50241935483871 38.058506460526 2 0 0 
1 550 7 11 0.393481182795699 0.716935483870968 40.5760245498777 2 -1 0 
0 550 7.4 12 0.437618595825427 0.496774193548387 45.5471339657774 2 1 0 
1 560 7 11 0.417626728110599 0.679838709677419 31.8578557222671 2 -1 0 
0 560 7.4 12 0.574193548387097 0.503225806451613 46.4375416834373 2 1 0 
1 570 7 11 0.378780241935484 0.629838709677419 36.9017855132777 2 -1 0 
0 570 7.4 12 0.471774193548387 0.540322580645161 43.0684811588948 2 1 0 
1 580 7 11 0.411290322580645 0.628225806451613 33.5662491484507 2 -1 0 
0 580 7.4 12 0.407834101382488 0.513104838709677 30.6795647851727 2 1 0 
1 590 7 11 0.444700460829493 0.584677419354839 26.7698947397204 2 -1 0 
0 590 7.4 12 0.53405017921147 0.501008064516129 25.8662032093341 2 1 0 
1 600 7 11 0.384792626728111 0.566935483870968 8.22247174062376 2 -1 0 
0 600 7.4 12 0.457748948106592 0.512096774193548 14.2305298106072 2 1 0 
1 610 7 11 0.383995037220844 0.544354838709677 18.3037949479022 2 -1 0 
0 610 7.4 12 0.420218894009217 0.519153225806452 5.80577774934061 2 1 0 
1 620 7 12 0.417002688172043 0.560483870967742 18.7825303382989 2 0 0 
0 620 7.4 12 0.536962365591398 0.510752688172043 4.56743784998911 2 0 0 
1 630 7 12 0.386088709677419 0.508064516129032 3.74118121964536 2 0 0 
0 630 7.4 12 0.439516129032258 0.506048387096774 7.90569415042095 2 0 0 
1 640 7 12 0.386827956989247 0.435483870967742 4.81366547903438 2 0 0 
0 640 7.4 12 0.419066820276498 0.344086021505376 39.9116165580385 2 0 0 
1 650 7 12 0.421658986175115 0.460685483870968 6.064994209865 2 0 0 
0 650 7.4 12 0.542562724014337 0.44489247311828 24.4726184387227 2 0 0 
1 660 7 12 0.407258064516129 0.493951612903226 9.49445385841387 2 -1 0 
0 660 7.4 13 0.418406072106262 0.379032258064516 32.0347389585418 2 1 0 
1 670 7 13 0.415747028862479 0.632056451612903 30.2425864705651 2 0 0 
0 670 7.4 13 0.395967741935484 0.415322580645161 24.1937107485078 2 0 0 
1 680 7 13 0.48163082437276 0.611895161290323 26.3007637511245 2 0 0 
0 680 7.4 13 0.487903225806452 0.467741935483871 8.8260996835216 2 0 0 
1 690 7 13 0.428519061583578 0.616935483870968 14.2682711959891 2 0 0 
0 690 7.4 13 0.383064516129032 0.505645161290323 13.7299049444489 2 0 0 
1 700 7 13 0.42831541218638 0.599798387096774 17.0230314956569 2 0 0 
0 700 7.4 13 0.383995037220844 0.465322580645161 12.0491422238286 2 0 0 
1 710 7 13 0.542338709677419 0.588709677419355 38.8689398362389 2 0 0 
0 710 7.4 13 0.448924731182796 0.433064516129032 6.37920127142442 2 0 0 
1 720 7 13 0.397043010752688 0.55 44.1865191535911 2 0 0 
0 720 7.4 13 0.430178268251273 0.420967741935484 18.3061886371831 2 0 0 
1 730 7 13 0.383064516129032 0.541129032258065 40.4397661867394 2 0 0 
0 730 7.4 13 0.412046370967742 0.400806451612903 26.7145186043647 2 0 0 
1 740 7 14 0.491359447004608 0.511290322580645 34.3758189771944 2 0 0 
0 740 7.4 14 0.489583333333333 0.419354838709677 29.2600621867056 2 0 0 
1 750 7 14 0.415098566308244 0.496975806451613 34.0464604728578 2 0 0 
0 750 7.4 14 0.4176944971537 0.487903225806452 36.9086565855329 2 0 0 
1 760 7 14 0.383064516129032 0.490927419354839 30.3632800332612 2 0 0 
0 760 7.4 14 0.383995037220844 0.519153225806452 31.7216555630929 2 0 0 
1 770 7 14 0.568548387096774 0.503024193548387 35.3417970300682 2 0 0 
0 770 7.4 14 0.629032258064516 0.525201612903226 33.8108272963175 2 0 0 
1 780 7 14 0.380645161290323 0.47883064516129 33.1085544889367 2 0 0 
0 780 7.4 14 0.466397849462366 0.529569892473118 42.2136630576773 2 0 0 
1 790 7 15 0.395161290322581 0.419354838709677 29.1647711137824 2 0 0 
0 790 7.4 15 0.431703629032258 0.411290322580645 51.311966545381 2 0 0 
1 800 7 15 0.629032258064516 0.456653225806452 35.4049231810793 2 0 0 
0 800 7.4 15 0.605645161290323 0.360215053763441 38.1852407320743 2 0 0 
1 810 7 15 0.459914611005693 0.606451612903226 34.0733405835511 2 0 0 
0 810 7.4 15 0.436491935483871 0.415322580645161 26.9092356982921 2 0 0 
1 820 7 16 0.395161290322581 0.594758064516129 10.7941836552759 2 1 0 
0 820 7.4 15 0.422811059907834 0.375 33.274102314768 2 -1 0 
1 830 7 16 NaN 0.568548387096774 14.97591924244 2 1 0 
0 830 7.4 15 0.528225806451613 0.434475806451613 26.1983882940823 2 -1 0 
1 840 7 16 0.406621392190153 0.580645161290323 11.9366991385459 2 1 0 
0 840 7.4 15 0.46889400921659 0.486559139784946 13.5737084091356 2 -1 0 
1 850 7 16 0.37133431085044 0.549731182795699 3.98135316845431 2 1 0 
0 850 7.4 15 0.385752688172043 0.4375 28.6923334708071 2 -1 0 
1 860 7 16 0.329637096774194 0.44758064516129 8.67921223380549 2 1 0 
0 860 7.4 15 0.420866935483871 0.431451612903226 5 2 -1 0 
1 870 7 16 0.465221774193548 0.475806451612903 20.9939295164112 2 1 0 
0 870 7.4 15 0.478494623655914 0.262096774193548 33.8415425180354 2 -1 0 
1 880 7 16 0.421489563567362 0.486559139784946 7.99783876427666 2 1 0 
0 880 7.4 15 0.397849462365591 0.356182795698925 36.6068304689796 2 -1 0 
1 890 7 16 0.491935483870968 0.591733870967742 27.3876269226734 2 1 0 
0 890 7.4 15 0.370967741935484 0.320967741935484 42.2125672445915 2 -1 0 
1 900 7 17 0.417540322580645 0.615927419354839 24.6092874118378 2 1 0 
0 900 7.4 16 0.420066413662239 0.42258064516129 24.1442127373914 2 -1 0 
1 910 7 17 0.436491935483871 0.625 27.0101269432945 2 1 0 
0 910 7.4 16 0.391129032258065 0.445967741935484 21.5749336716072 2 -1 0 
1 920 7 17 0.48252688172043 0.498991935483871 21.7708053311794 2 1 0 
0 920 7.4 16 0.477150537634409 0.446774193548387 18.8691623861924 2 -1 0 
1 930 7 17 0.465638148667602 0.443548387096774 7.54468954983059 2 1 0 
0 930 7.4 16 0.371236559139785 0.41633064516129 35.3699512333495 2 -1 0 
1 940 7 18 0.401433691756272 0.40625 16.2692519495181 2 2 0 
0 940 7.4 16 0.451612903225806 0.405241935483871 40.9082046903837 2 -2 0 
1 950 7 18 0.615423387096774 0.362903225806452 25.0007435816537 2 2 0 
0 950 7.4 16 0.529953917050691 0.390120967741936 41.2902778306257 2 -2 0 
1 960 7 18 0.43991935483871 0.380645161290323 36.6318092005391 2 2 1 
0 960 7.4 16 0.450716845878136 0.359879032258065 35.2176934277064 1 -2 -1 
1 970 7 19 0.457437275985663 0.45 55.1778710505734 2 2 1 
0 970 7.4 17 0.370967741935484 0.316532258064516 33.8381463093887 1 -2 -1 
1 980 7 19 0.501152073732719 0.49758064516129 48.5877735352453 2 2 1 
0 980 7.4 17 0.562096774193548 0.315524193548387 30.2390812291302 1 -2 -1 
1 990 7 19 0.453548387096774 0.471774193548387 25.3381673706136 2 2 1 
0 990 7.4 17 0.351058467741936 0.28125 17.9644011806714 1 -2 -1 
1 1000 7 19 0.409629981024668 0.521774193548387 26.4886591742894 2 2 1 
0 1000 7.4 17 0.359543010752688 0.30241935483871 18.4126768901132 1 -2 -1 
1 1010 7 19 0.575100806451613 0.556451612903226 24.4102077795259 2 2 1 
0 1010 7.4 17 0.362399193548387 0.363911290322581 9.19232248026149 1 -2 -1 
1 1020 7 19 0.518080124869927 0.588709677419355 20.1984543718447 2 2 1 
0 1020 7.4 17 0.366647465437788 0.368951612903226 9.82665662731479 1 -2 -1 
1 1030 7 19 0.474462365591398 0.497983870967742 8.55776900535189 2 2 1 
0 1030 7.4 17 0.405017921146953 0.352150537634409 11.9038055610104 1 -2 -1 
1 1040 7 19 0.591275659824047 0.479838709677419 16.6270866538578 2 1 1 
0 1040 7.4 18 0.471774193548387 0.357258064516129 35.6305682852458 1 -1 -1 
1 1050 7 19 0.484932088285229 0.515322580645161 23.6495948206818 2 1 1 
0 1050 7.4 18 0.423387096774194 0.391129032258065 43.2436600994397 1 -1 -1 
1 1060 7 20 0.381720430107527 0.533064516129032 12.2929134030582 2 2 1 
0 1060 7.4 18 0.417338709677419 0.397849462365591 43.3324828633276 1 -2 -1 
1 1070 7 20 0.368279569892473 0.475806451612903 4.24676499864167 2 2 1 
0 1070 7.4 18 0.469941348973607 0.391129032258065 21.9740734825067 1 -2 -1 
1 1080 7 20 0.309587813620072 0.524193548387097 35.8549054401077 2 2 1 
0 1080 7.4 18 0.45241935483871 0.446236559139785 15.2494746157239 1 -2 -1 
1 1090 7 20 0.37410394265233 0.581653225806452 17.8894284658192 2 2 1 
0 1090 7.4 18 0.411290322580645 0.438172043010753 12.0271420403831 1 -2 -1 
1 1100 7 20 0.381048387096774 0.632056451612903 10.5178316686559 2 2 1 
0 1100 7.4 18 0.620463709677419 0.5 17.3700880823035 1 -2 -1 
1 1110 7 20 0.36141765704584 0.563508064516129 7.79009872675556 2 2 1 
0 1110 7.4 18 0.489369501466276 0.473118279569893 26.1176798188776 1 -2 -1 
1 1120 7 20 0.393887945670628 0.507056451612903 3.79661584569663 2 2 1 
0 1120 7.4 18 0.383064516129032 0.446236559139785 16.8020478446961 1 -2 -1 
1 1130 7 20 0.426994906621392 0.540322580645161 8.56689728755917 2 2 1 
0 1130 7.4 18 0.480846774193548 0.361895161290323 27.3605621227791 1 -2 -1 
1 1140 7 20 0.456295525494277 0.52741935483871 6.04361663058253 2 2 1 
0 1140 7.4 18 0.433243727598566 0.45241935483871 14.9094788855936 1 -2 -1 
1 1150 7 20 0.491647465437788 0.575806451612903 20.794330839824 2 2 1 
0 1150 7.4 18 0.395161290322581 0.506048387096774 4.23798304872975 1 -2 -1 
1 1160 7 20 0.578008684863524 0.575806451612903 22.2897012915778 2 2 1 
0 1160 7.4 18 0.48991935483871 0.506720430107527 6.25441348155045 1 -2 -1 
1 1170 7 20 0.510680034873583 0.536290322580645 12.5926612474146 2 2 1 
0 1170 7.4 18 0.333781362007168 0.44758064516129 17.0992170189721 1 -2 -1 
1 1180 7 21 0.476310483870968 0.519153225806452 19.1228403883042 2 2 1 
0 1180 7.4 19 0.395161290322581 0.393817204301075 17.1945853847229 1 -2 -1 
1 1190 7 21 0.604202037351443 0.492943548387097 38.9049618142744 2 2 1 
0 1190 7.4 19 0.291935483870968 0.32258064516129 16.5093067670976 1 -2 -1 
1 1200 7 21 0.523803329864724 0.444556451612903 41.2189415363499 2 2 1 
0 1200 7.4 19 0.309139784946237 0.316532258064516 7.19689425386424 1 -2 -1 
1 1210 7 21 0.508640552995392 0.366129032258065 29.2899168176388 2 2 1 
0 1210 7.4 19 0.358870967741936 0.27741935483871 17.8579705697168 1 -2 -1 
1 1220 7 21 0.674507168458781 0.268548387096774 10.0894244326508 2 2 1 
0 1220 7.4 19 0.283870967741935 0.25 9.50575795569612 1 -2 -1 
1 1230 7 21 0.626075268817204 0.298387096774194 18.6967789030576 2 2 2 
0 1230 7.4 19 0.278561827956989 0.238911290322581 7.2574008495425 0 -2 -2 
1 1240 7 21 0.685987903225806 0.287298387096774 3.31418158171323 2 2 2 
0 1240 7.4 19 0.266129032258065 0.240591397849462 4.52031169154283 0 -2 -2 
1 1250 7 21 0.711693548387097 0.25 6.09600961440188 2 2 2 
0 1250 7.4 19 NaN 0.213709677419355 0 0 -2 -2 
1 1260 7 21 0.743663594470046 0.206653225806452 4.82309578767989 2 2 2 
0 1260 7.4 19 0.227822580645161 NaN NaN 0 -2 -2 
