1 30 8.2 1 NaN 0.315524193548387 10.9380877171673 3 0 0 
0 30 8 1 NaN 0.278225806451613 16.1944818272197 3 0 0 
1 40 8.2 1 NaN 0.304435483870968 11.7572332164932 3 0 0 
0 40 8 1 NaN 0.313709677419355 8.12461834233871 3 0 0 
1 50 8.2 1 0.380040322580645 0.338709677419355 31.7494233267038 3 0 0 
0 50 8 1 0.377016129032258 0.356451612903226 6.8221606494196 3 0 0 
1 60 8.2 1 0.375201612903226 0.419354838709677 42.4599811298267 3 0 0 
0 60 8 1 0.375 0.491935483870968 12.6589480058921 3 0 0 
1 70 8.2 1 0.391341256366723 0.426612903225806 33.9329310317775 3 0 0 
0 70 8 1 0.381366723259762 0.545967741935484 6.64542678436191 3 0 0 
1 80 8.2 1 0.478494623655914 0.454838709677419 29.6492587217874 3 0 0 
0 80 8 1 0.456612903225806 0.50241935483871 13.1152693062599 3 0 0 
1 90 8.2 1 0.411155913978495 0.395161290322581 46.511899387572 3 0 0 
0 90 8 1 0.40610599078341 0.484677419354839 23.9934441259909 3 0 0 
1 100 8.2 1 0.399865591397849 0.378024193548387 38.4377998457387 3 -1 0 
0 100 8 2 0.416422287390029 0.509677419354839 33.6842588145906 3 1 0 
1 110 8.2 2 0.494047619047619 0.420967741935484 37.8373633347288 3 0 0 
0 110 8 2 0.457047685834502 0.475806451612903 33.0991401451027 3 0 0 
1 120 8.2 2 0.4275494276795 0.413709677419355 36.797928300837 3 0 0 
0 120 8 2 0.405017921146953 0.478225806451613 23.6190866185645 3 0 0 
1 130 8.2 2 0.381336405529954 0.458870967741936 26.1334423235254 3 0 0 
0 130 8 2 0.403225806451613 0.449193548387097 31.8194577324021 3 0 0 
1 140 8.2 3 0.484787390029326 0.49758064516129 27.2859898800164 3 0 0 
0 140 8 3 0.47883064516129 0.475806451612903 20.3824405961204 3 0 0 
1 150 8.2 3 0.405552109181141 0.475806451612903 26.2617392991724 3 0 0 
0 150 8 3 0.389784946236559 0.485887096774194 10.1354425376372 3 0 0 
1 160 8.2 3 0.384714076246334 0.466935483870968 17.4126359276065 3 0 0 
0 160 8 3 0.423387096774194 0.35241935483871 42.6675486488033 3 0 0 
1 170 8.2 4 0.470674486803519 0.470967741935484 14.8968203946747 3 1 0 
0 170 8 3 0.495441795231417 0.38508064516129 29.9789958535705 3 -1 0 
1 180 8.2 4 0.404089861751152 0.441129032258065 16.5474651898285 3 1 0 
0 180 8 3 0.411012235817575 0.420362903225806 7.50924760547054 3 -1 0 
1 190 8.2 4 0.385869565217391 0.495967741935484 16.01617659618 3 0 0 
0 190 8 4 0.380376344086022 0.420161290322581 31.2137604459786 3 0 0 
1 200 8.2 5 0.489831697054698 0.487096774193548 20.826211813919 3 1 0 
0 200 8 4 0.477089442815249 0.406451612903226 21.0213433308437 3 -1 0 
1 210 8.2 5 0.40818858560794 0.487903225806452 31.4889989959072 3 1 0 
0 210 8 4 0.395645161290323 0.479838709677419 15.2259198299542 3 -1 0 
1 220 8.2 5 0.394489247311828 0.480846774193548 40.6585233023803 3 1 0 
0 220 8 4 0.398387096774194 0.46875 7.61019184524454 3 -1 0 
1 230 8.2 5 0.475455820476858 0.488911290322581 38.5341164721556 3 1 0 
0 230 8 4 0.489055299539171 0.465725806451613 4.78032372519035 3 -1 0 
1 240 8.2 6 0.429909867172676 0.348790322580645 43.4218031384434 3 1 0 
0 240 8 5 0.39247311827957 0.461290322580645 34.6610662457043 3 -1 0 
1 250 8.2 6 0.392137096774194 0.340725806451613 35.5634731782395 3 1 0 
0 250 8 5 0.385944700460829 0.426612903225806 24.4883363773679 3 -1 0 
1 260 8.2 6 0.481942496493689 0.345967741935484 40.4233783414768 3 1 0 
0 260 8 5 0.465437788018433 0.433064516129032 27.9285381387671 3 -1 0 
1 270 8.2 6 0.411424731182796 0.406451612903226 37.6126130655434 3 0 0 
0 270 8 6 0.413654060066741 0.493548387096774 32.0430514501908 3 0 0 
1 280 8.2 6 0.387480798771121 0.425 33.4126643394434 3 0 0 
0 280 8 6 0.401497695852535 0.475806451612903 38.0837949091842 3 0 0 
1 290 8.2 7 0.477504244482173 0.510483870967742 39.2416269986313 3 1 0 
0 290 8 6 0.477374551971326 0.419354838709677 37.6405444617933 3 -1 0 
1 300 8.2 7 0.419489247311828 0.487096774193548 38.525424746929 3 1 0 
0 300 8 6 0.395 0.425 34.0226616358276 3 -1 0 
1 310 8.2 7 0.41817876344086 0.512903225806452 43.9431165554662 3 1 0 
0 310 8 6 0.379416282642089 0.399193548387097 40.6096209056219 3 -1 0 
1 320 8.2 7 0.490694789081886 0.516935483870968 45.1915587358583 3 0 0 
0 320 8 7 0.439091680814941 0.387096774193548 41.8140000536506 3 0 0 
1 330 8.2 8 0.465783410138249 0.529032258064516 38.0054254119981 3 1 0 
0 330 8 7 0.385694249649369 0.375806451612903 42.4433082614485 3 -1 0 
1 340 8.2 8 0.444354838709677 0.554838709677419 34.3893291193787 3 1 0 
0 340 8 7 0.405241935483871 0.390322580645161 35.9717576884479 3 -1 0 
1 350 8.2 8 0.472300140252454 0.525806451612903 32.9874782231103 3 1 0 
0 350 8 7 0.433266129032258 0.317741935483871 43.8536523662716 3 -1 0 
1 360 8.2 8 0.432096774193548 0.491935483870968 39.3588241583229 3 1 0 
0 360 8 7 0.39258064516129 0.376612903225806 32.436871864919 3 -1 0 
1 370 8.2 8 0.445014662756598 0.513709677419355 52.7256471963791 3 0 0 
0 370 8 8 0.387622720897616 0.405645161290323 20.2388675157378 3 0 0 
1 380 8.2 8 0.476157082748948 0.490927419354839 48.6097793714349 3 0 0 
0 380 8 8 0.45866935483871 0.47741935483871 3.35323807579381 3 0 0 
1 390 8.2 9 0.409274193548387 0.439516129032258 37.6844428984956 3 1 0 
0 390 8 8 0.427671370967742 0.503225806451613 7.36497828776224 3 -1 0 
1 400 8.2 9 0.434475806451613 0.406451612903226 53.63696644286 3 1 0 
0 400 8 8 0.440725806451613 0.504032258064516 8.75346719787668 3 -1 0 
1 410 8.2 9 0.458616298811545 0.403225806451613 30.6922956108235 3 0 0 
0 410 8 9 0.474313022700119 0.520161290322581 8.1826882241205 3 0 0 
1 420 8.2 9 0.411674347158218 0.372983870967742 19.2679302016886 3 0 0 
0 420 8 9 0.452205882352941 0.520161290322581 6.03328364438334 3 0 0 
1 430 8.2 9 0.448807854137447 0.41633064516129 14.339105812135 3 0 0 
0 430 8 9 0.420967741935484 0.433870967741935 11.033976578314 3 0 0 
1 440 8.2 9 0.460043988269795 0.398387096774194 31.1684683050981 3 0 0 
0 440 8 9 0.452725250278087 0.413709677419355 10.3806794315868 3 0 0 
1 450 8.2 10 0.3841642228739 0.398387096774194 33.7086758037447 3 0 0 
0 450 8 10 0.433111954459203 0.453225806451613 16.0002651131346 3 0 0 
1 460 8.2 10 0.387096774193548 0.425 25.0191280015664 3 0 0 
0 460 8 10 0.462003722084367 0.478225806451613 13.4807648571346 3 0 0 
1 470 8.2 10 0.478494623655914 0.458870967741936 37.6740731713803 3 0 0 
0 470 8 10 0.496143057503506 0.516935483870968 19.6344302208184 3 0 0 
1 480 8.2 10 0.435613943808533 0.444354838709677 32.7971061356473 3 0 0 
0 480 8 10 0.408309957924264 0.55 16.672905113008 3 0 0 
1 490 8.2 11 0.430645161290323 0.474193548387097 34.7057353465383 3 1 0 
0 490 8 10 0.395967741935484 0.512903225806452 17.7067818567846 3 -1 0 
1 500 8.2 11 0.478398617511521 0.493951612903226 41.3888872835582 3 0 0 
0 500 8 11 0.438709677419355 0.413709677419355 39.780142571312 3 0 0 
1 510 8.2 11 0.443697729988053 0.513104838709677 34.1783090627565 3 0 0 
0 510 8 11 0.437980030721966 0.395161290322581 40.0034125648897 3 0 0 
1 520 8.2 11 0.387096774193548 0.501008064516129 31.8386625831072 3 0 0 
0 520 8 11 0.431854838709677 0.354838709677419 27.7050034750822 3 0 0 
1 530 8.2 11 0.487266553480475 0.383064516129032 35.7933932555263 3 0 0 
0 530 8 11 0.461245519713262 0.458870967741935 17.4885107645071 3 0 0 
1 540 8.2 11 0.464861751152074 0.393548387096774 24.8705587693179 3 0 0 
0 540 8 11 0.389643463497453 0.515322580645161 24.0686908429321 3 0 0 
1 550 8.2 11 0.428931451612903 0.413709677419355 24.9370522255402 3 0 0 
0 550 8 11 0.402937788018433 0.433870967741935 29.8998393629649 3 0 0 
1 560 8.2 12 0.554435483870968 0.487096774193548 30.9132275963938 3 0 0 
0 560 8 12 0.437903225806452 0.408266129032258 26.2787199810984 3 0 0 
1 570 8.2 12 0.456023185483871 0.495161290322581 25.9479604998236 3 0 0 
0 570 8 12 0.411962365591398 0.47883064516129 11.1756675678108 3 0 0 
1 580 8.2 12 0.44205495818399 0.492741935483871 25.8259779658805 3 0 0 
0 580 8 12 0.396572580645161 0.459677419354839 4.06682654982937 3 0 0 
1 590 8.2 13 0.568800403225806 0.488709677419355 26.2943435023236 3 1 0 
0 590 8 12 0.428955453149002 0.348387096774194 35.2817443937054 3 -1 0 
1 600 8.2 13 0.453881048387097 0.533064516129032 22.3685556703387 3 1 0 
0 600 8 12 0.399059139784946 0.37741935483871 35.7823020242723 3 -1 0 
1 610 8.2 13 0.410557184750733 0.520967741935484 24.7359799962914 3 1 0 
0 610 8 12 0.405017921146953 0.42258064516129 21.5908077452668 3 -1 0 
1 620 8.2 13 0.463153503893215 0.478225806451613 18.4344185145328 3 1 0 
0 620 8 12 0.453629032258065 0.439516129032258 5.23532060944859 3 -1 0 
1 630 8.2 14 0.426523297491039 0.448387096774194 26.6191448479479 3 2 0 
0 630 8 12 0.417876344086022 0.434475806451613 26.8185988252222 3 -2 0 
1 640 8.2 14 0.452138849929874 0.410483870967742 37.575431975786 3 2 0 
0 640 8 12 0.41258064516129 0.346774193548387 19.1090370572659 3 -2 0 
1 650 8.2 14 0.477512406947891 0.473387096774194 23.3127096509122 3 1 0 
0 650 8 13 0.457661290322581 0.375806451612903 18.2694571161033 3 -1 0 
1 660 8.2 14 0.379765395894428 0.50241935483871 20.5279171741096 3 1 0 
0 660 8 13 0.42090570719603 0.348387096774194 21.0108623263658 3 -1 0 
1 670 8.2 14 0.451008064516129 0.533064516129032 26.4676801912696 3 1 0 
0 670 8 13 0.406030855539972 0.360483870967742 10.27934179201 3 -1 0 
1 680 8.2 14 0.498938879456706 0.524193548387097 34.9902675094358 3 1 0 
0 680 8 13 0.392281105990783 0.355645161290323 10.4258089289393 3 -1 0 
1 690 8.2 15 0.444516129032258 0.530645161290323 22.4477765829661 3 2 0 
0 690 8 13 0.438844086021505 0.428427419354839 6.44114793827177 3 -2 0 
1 700 8.2 15 0.394393241167435 0.457258064516129 21.3030666053439 3 2 0 
0 700 8 13 0.396859083191851 0.533266129032258 3.65987981132638 3 -2 0 
1 710 8.2 15 0.514976958525346 0.538709677419355 20.0916579967419 3 2 0 
0 710 8 13 0.376099706744868 0.425403225806452 4.8322097483502 3 -2 0 
1 720 8.2 15 0.468613775065388 0.557258064516129 15.3327624086675 3 2 0 
0 720 8 13 0.392096774193548 0.394153225806452 5.90703790696318 3 -2 0 
1 730 8.2 15 0.46875 0.460483870967742 19.4003657273499 3 2 0 
0 730 8 13 0.391885080645161 0.291935483870968 18.7964713063085 3 -2 0 
1 740 8.2 15 0.577620967741936 0.453225806451613 15.5674306223148 3 1 0 
0 740 8 14 0.456451612903226 0.304032258064516 25.3570310124492 3 -1 0 
1 750 8.2 16 0.465221774193548 0.510483870967742 7.81818375205209 3 2 0 
0 750 8 14 0.345010080645161 0.391129032258065 17.5615767187195 3 -2 0 
1 760 8.2 16 0.384024577572965 0.514516129032258 11.2990627467183 3 2 0 
0 760 8 14 0.362428842504744 0.431451612903226 9.04708686995372 3 -2 0 
1 770 8.2 16 0.525604838709677 0.508064516129032 8.63115554366599 3 2 0 
0 770 8 14 0.405123339658444 0.471774193548387 4.35577476172375 3 -2 0 
1 780 8.2 16 0.457535282258065 0.515322580645161 4.71824814919747 3 2 0 
0 780 8 14 0.3860513739546 0.459677419354839 4.68440407380614 3 -2 0 
1 790 8.2 17 0.389112903225806 0.566935483870968 15.2914689499817 3 3 0 
0 790 8 14 0.374495967741936 0.379032258064516 0 3 -3 0 
1 800 8.2 17 0.512096774193548 0.651612903225806 31.5153060960795 3 3 0 
0 800 8 14 0.400161290322581 NaN NaN 3 -3 0 
1 810 8.2 17 0.467741935483871 0.575806451612903 16.7314379938927 3 3 0 
0 810 8 14 0.408986175115207 0.157258064516129 0 3 -3 0 
1 820 8.2 17 0.430645161290323 0.510483870967742 4.23711601451679 3 3 0 
0 820 8 14 0.428392658509455 0.15994623655914 10.0933409292959 3 -3 0 
1 830 8.2 17 0.554183467741936 0.49758064516129 3.28857846915123 3 3 0 
0 830 8 14 0.44786866359447 0.196236559139785 15.8097275077054 3 -3 0 
1 840 8.2 17 0.478739002932551 0.536290322580645 19.0316510460818 3 3 0 
0 840 8 14 0.423020527859238 0.279032258064516 27.6227695569339 3 -3 0 
1 850 8.2 17 0.438120347394541 0.549193548387097 20.0143183972103 3 3 0 
0 850 8 14 0.397440392706872 0.303225806451613 16.3101776825325 3 -3 0 
1 860 8.2 17 0.540848527349229 0.678225806451613 7.62612774114464 3 2 0 
0 860 8 15 0.427096774193548 0.25241935483871 3.35361368753167 3 -2 0 
1 870 8.2 18 0.465524193548387 0.734677419354839 7.02621936347288 3 3 1 
0 870 8 15 0.413754480286738 0.20866935483871 3.67796618404454 2 -3 -1 
1 880 8.2 18 0.453310696095076 0.798387096774194 4.71058132801523 3 3 1 
0 880 8 15 0.419786866359447 0.149193548387097 4.60977222864644 2 -3 -1 
1 890 8.2 18 0.516439205955335 0.845161290322581 4.79513799708463 3 3 1 
0 890 8 15 0.436711079943899 0.141129032258065 1.80277563773199 2 -3 -1 
1 900 8.2 18 0.584677419354839 0.82741935483871 4.00492724113865 3 3 1 
0 900 8 15 0.423542183622829 0.13508064516129 6.5 2 -3 -1 
1 910 8.2 18 0.370967741935484 0.80510752688172 6.3355740042719 3 3 1 
0 910 8 15 0.612903225806452 0.141129032258065 13.4629120178363 2 -3 -1 
