1 30 11.2 1 NaN 0.24921875 20.1488010758705 1 0 1 
0 30 7.2 1 NaN 0.31640625 20.4178156775603 0 0 -1 
1 40 11.2 1 NaN 0.2875 32.603880192485 1 0 1 
0 40 7.2 1 0.36328125 0.31875 20.0878676428686 0 0 -1 
1 50 11.2 1 0.5078125 0.40703125 30.1270922479127 1 0 1 
0 50 7.2 1 0.36328125 0.36953125 23.9115775398203 0 0 -1 
1 60 11.2 1 0.505022321428571 0.44375 46.230596066505 1 0 1 
0 60 7.2 1 0.457868303571429 0.459375 25.6908986505982 0 0 -1 
1 70 11.2 1 0.5078125 0.4541015625 50.527155793422 1 0 1 
0 70 7.2 1 0.46640625 0.465625 24.4948288919436 0 0 -1 
1 80 11.2 1 0.508877840909091 0.47890625 41.5955605917923 1 0 1 
0 80 7.2 1 0.434053308823529 0.484375 36.6377987640196 0 0 -1 
1 90 11.2 1 0.5087890625 0.46875 38.8694825243128 1 0 1 
0 90 7.2 1 0.448299632352941 0.4578125 31.7564687565523 0 0 -1 
1 100 11.2 2 0.513671875 0.4640625 39.1212568327681 1 0 1 
0 100 7.2 2 0.459134615384615 0.4578125 30.6804447341052 0 0 -1 
1 110 11.2 2 0.51171875 0.502604166666667 39.8622852735886 1 0 1 
0 110 7.2 2 0.432942708333333 0.478125 41.7666273037656 0 0 -1 
1 120 11.2 2 0.516335227272727 0.4912109375 41.0871406618688 1 0 1 
0 120 7.2 2 0.429427083333333 0.50703125 48.8674330259843 0 0 -1 
1 130 11.2 2 0.5109375 0.40625 43.4949495862631 1 -1 1 
0 130 7.2 3 0.478271484375 0.43828125 41.195505140925 0 1 -1 
1 140 11.2 3 0.501736111111111 0.44921875 40.9562677299502 1 0 1 
0 140 7.2 3 0.443274456521739 0.47265625 39.9438464817846 0 0 -1 
1 150 11.2 3 0.49609375 0.47734375 34.0971369705394 1 0 1 
0 150 7.2 3 0.459558823529412 0.43984375 38.7560228748422 0 0 -1 
1 160 11.2 3 0.510817307692308 0.47578125 25.1886311990144 1 -1 1 
0 160 7.2 4 0.478400735294118 0.475 26.7141489501866 0 1 -1 
1 170 11.2 3 0.511328125 0.484375 21.0989590156041 1 -1 1 
0 170 7.2 4 0.437677556818182 0.44609375 14.0710486826454 0 1 -1 
1 180 11.2 3 0.470128676470588 0.48515625 21.827447746552 1 -1 1 
0 180 7.2 4 0.456341911764706 0.46640625 6.34346177639622 0 1 -1 
1 190 11.2 4 0.486049107142857 0.489583333333333 25.6043284651349 1 0 1 
0 190 7.2 4 0.487458881578947 0.4765625 5.32143591468898 0 0 -1 
1 200 11.2 4 0.48671875 0.4365234375 26.6056479122239 1 -1 1 
0 200 7.2 5 0.461588541666667 0.42578125 27.5317812139155 0 1 -1 
1 210 11.2 4 0.5109375 0.3828125 29.3099815157235 1 -1 1 
0 210 7.2 5 0.462239583333333 0.40234375 25.5830755243144 0 1 -1 
1 220 11.2 5 0.502103365384615 0.4390625 27.5731786952684 1 0 1 
0 220 7.2 5 0.455357142857143 0.46875 33.5992824281127 0 0 -1 
1 230 11.2 5 0.520833333333333 0.486328125 29.6939507955215 1 -1 1 
0 230 7.2 6 0.44384765625 0.47578125 33.7432048263409 0 1 -1 
1 240 11.2 5 0.478236607142857 0.490234375 35.9588592287975 1 -1 1 
0 240 7.2 6 0.447380514705882 0.4794921875 30.1670124597865 0 1 -1 
1 250 11.2 6 0.530208333333333 0.51640625 38.5241840229641 1 0 1 
0 250 7.2 6 0.460693359375 0.458984375 29.9455577065747 0 0 -1 
1 260 11.2 6 0.533954326923077 0.48984375 33.6729830164351 1 0 1 
0 260 7.2 6 0.435649671052632 0.4046875 46.2237487776139 0 0 -1 
1 270 11.2 6 0.482142857142857 0.4546875 33.6847809750776 1 0 1 
0 270 7.2 6 0.449951171875 0.39765625 51.8853863896311 0 0 -1 
1 280 11.2 6 0.5095703125 0.39453125 43.4885475221908 1 0 1 
0 280 7.2 6 0.482638888888889 0.4265625 44.4495604990022 0 0 -1 
1 290 11.2 6 0.507595486111111 0.46875 37.6290873052445 1 -1 1 
0 290 7.2 7 0.422776442307692 0.4421875 39.402730417157 0 1 -1 
1 300 11.2 7 0.4970703125 0.4521484375 30.2896041002689 1 0 1 
0 300 7.2 7 0.438368055555556 0.465625 43.0546838852568 0 0 -1 
1 310 11.2 7 0.491015625 0.4453125 21.9906936663278 1 0 1 
0 310 7.2 7 0.4746875 0.46171875 43.4789747264108 0 0 -1 
1 320 11.2 7 0.4765625 0.4734375 29.1168530580388 1 -1 1 
0 320 7.2 8 0.4746875 0.4703125 37.7029995325026 0 1 -1 
1 330 11.2 7 0.53515625 0.46328125 28.3506593247265 1 -1 1 
0 330 7.2 8 0.456473214285714 0.4421875 23.4088764731331 0 1 -1 
1 340 11.2 8 0.559326171875 0.503125 25.0049348837932 1 0 1 
0 340 7.2 8 0.434151785714286 0.45078125 19.4237672993036 0 0 -1 
1 350 11.2 8 0.563895089285714 0.52421875 33.5743340375663 1 0 1 
0 350 7.2 8 0.390625 0.4390625 21.3782917306913 0 0 -1 
1 360 11.2 8 0.531960227272727 0.49140625 31.15452417263 1 0 1 
0 360 7.2 8 0.42138671875 0.4560546875 5.40048010800219 0 0 -1 
1 370 11.2 8 0.535714285714286 0.51484375 26.122875733836 1 0 1 
0 370 7.2 8 0.4546875 0.455078125 6.03549916067746 0 0 -1 
1 380 11.2 8 0.535714285714286 0.509765625 31.1145040961363 1 0 1 
0 380 7.2 8 0.425603693181818 0.462890625 5.23571578636674 0 0 -1 
1 390 11.2 8 0.52978515625 0.505859375 30.8872166362697 1 -1 1 
0 390 7.2 9 0.423650568181818 0.39296875 28.6209852792198 0 1 -1 
1 400 11.2 9 0.540482954545455 0.4359375 42.9592256009934 1 0 1 
0 400 7.2 9 0.468017578125 0.4296875 36.5600993084439 0 0 -1 
1 410 11.2 9 0.539772727272727 0.47109375 44.3574922709519 1 0 1 
0 410 7.2 9 0.439615885416667 0.432291666666667 41.2051456501409 0 0 -1 
1 420 11.2 9 0.483154296875 0.47578125 20.7046103579367 1 0 1 
0 420 7.2 9 0.462535511363636 0.32421875 53.0364810602192 0 0 -1 
1 430 11.2 9 0.487239583333333 0.359375 36.826933287694 1 0 1 
0 430 7.2 9 0.530381944444444 0.36171875 48.4359853415254 0 0 -1 
1 440 11.2 10 0.491796875 0.44140625 29.9977472388056 1 0 1 
0 440 7.2 10 0.482096354166667 0.4671875 37.5593045713595 0 0 -1 
1 450 11.2 10 0.505859375 0.43828125 31.6824955914552 1 0 1 
0 450 7.2 10 0.444754464285714 0.48828125 25.8770191788372 0 0 -1 
1 460 11.2 10 0.503580729166667 0.45625 25.1707304948336 1 0 1 
0 460 7.2 10 0.486572265625 0.4625 15.4168525746613 0 0 -1 
1 470 11.2 10 0.492466517857143 0.471875 15.9952712790563 1 0 1 
0 470 7.2 10 0.452947443181818 0.49375 17.5481876522818 0 0 -1 
1 480 11.2 11 0.470947265625 0.48828125 10.7387596612498 1 1 1 
0 480 7.2 10 0.442925347222222 0.484375 25.0798724079689 0 -1 -1 
1 490 11.2 11 0.532451923076923 0.53515625 2.08113883008419 1 0 1 
0 490 7.2 11 0.488882211538462 0.375 44.9014523611313 0 0 -1 
1 500 11.2 11 0.532451923076923 0.55078125 13.0764568647649 1 0 1 
0 500 7.2 11 0.453584558823529 0.2890625 42.4066417799823 0 0 -1 
1 510 11.2 11 0.488932291666667 0.48203125 29.4951743419874 1 0 1 
0 510 7.2 11 0.436414930555556 0.275390625 40.6936280451338 0 0 -1 
1 520 11.2 11 0.500689338235294 0.5 20.8161780539021 1 0 1 
0 520 7.2 11 0.475260416666667 0.3662109375 31.4462095437942 0 0 -1 
1 530 11.2 11 0.5 0.484375 13.9486307617701 1 0 1 
0 530 7.2 11 0.443266369047619 0.41640625 19.8335088558843 0 0 -1 
1 540 11.2 12 0.479352678571429 0.4892578125 9.19152921716632 1 1 1 
0 540 7.2 11 0.439887152777778 0.43515625 21.1384853214378 0 -1 -1 
1 550 11.2 12 0.497916666666667 0.5171875 3.8529855386965 1 1 1 
0 550 7.2 11 0.497295673076923 0.45546875 6.95577219175485 0 -1 -1 
1 560 11.2 12 0.497916666666667 0.537760416666667 6.96229505663708 1 0 1 
0 560 7.2 12 0.450390625 0.419921875 4.73975967330924 0 0 -1 
1 570 11.2 12 0.53515625 0.53515625 5.8309518948453 1 0 1 
0 570 7.2 12 0.425091911764706 0.4326171875 10.4465067719557 0 0 -1 
1 580 11.2 12 0.523995535714286 0.5078125 6.40312423743285 1 0 1 
0 580 7.2 12 0.489149305555556 0.3349609375 34.146946244044 0 0 -1 
1 590 11.2 13 0.5251953125 0.3203125 45.333588859171 1 1 1 
0 590 7.2 12 0.429166666666667 0.42578125 36.3255487388249 0 -1 -1 
1 600 11.2 13 0.560329861111111 0.3564453125 27.3643372565836 1 1 1 
0 600 7.2 12 0.386067708333333 0.3935546875 15.8959595867384 0 -1 -1 
1 610 11.2 13 0.546657986111111 0.3125 26.812612040183 1 1 1 
0 610 7.2 12 0.475852272727273 0.37578125 27.6683208052825 0 -1 -1 
1 620 11.2 13 0.547607421875 0.4111328125 14.1873507449247 1 1 1 
0 620 7.2 12 0.433423913043478 0.39453125 30.4292487496465 0 -1 -1 
1 630 11.2 13 0.5421875 0.5171875 11.3973172529409 1 0 1 
0 630 7.2 13 0.4287109375 0.4208984375 36.5852695187407 0 0 -1 
1 640 11.2 13 0.531494140625 0.516927083333333 13.6421530203649 1 0 1 
0 640 7.2 13 0.434678819444444 0.3193359375 34.403772008665 0 0 -1 
1 650 11.2 13 0.526041666666667 0.528125 21.794002179974 1 0 1 
0 650 7.2 13 0.435202205882353 0.3310546875 20.6768889309601 0 0 -1 
1 660 11.2 14 0.54345703125 0.544921875 27.0416345659799 1 1 1 
0 660 7.2 13 0.435431985294118 0.35078125 28.3880482214264 0 -1 -1 
1 670 11.2 14 0.527064732142857 0.46484375 12.6589889011722 1 1 1 
0 670 7.2 13 0.450407608695652 0.425 8.44510611798084 0 -1 -1 
1 680 11.2 14 0.516927083333333 0.466796875 11.5433963806152 1 0 1 
0 680 7.2 14 0.44677734375 0.4640625 14.1106022520505 0 0 -1 
1 690 11.2 14 0.500837053571429 0.357421875 25.7730479377197 1 0 1 
0 690 7.2 14 0.393415178571429 0.41796875 34.9212461394031 0 0 -1 
1 700 11.2 14 0.546142578125 0.314453125 33.6681969186756 1 0 1 
0 700 7.2 14 0.4619140625 0.46171875 30.9886924307064 0 0 -1 
1 710 11.2 14 0.546142578125 0.380859375 10.5582838591647 1 0 1 
0 710 7.2 14 0.4619140625 0.5126953125 28.5141078342384 0 0 -1 
1 720 11.2 15 0.462239583333333 0.477864583333333 4.84489247721557 1 1 1 
0 720 7.2 14 0.435416666666667 0.4765625 20.0002071869403 0 -1 -1 
1 730 11.2 15 0.544921875 0.524739583333333 6.96877484934674 1 1 1 
0 730 7.2 14 0.45361328125 0.4169921875 24.4992743395871 0 -1 -1 
1 740 11.2 15 0.545200892857143 0.4736328125 19.4102051298646 1 1 1 
0 740 7.2 14 0.448709239130435 0.43359375 16.0007405508144 0 -1 -1 
1 750 11.2 15 0.524586397058824 0.44140625 19.4022236571073 1 1 1 
0 750 7.2 14 0.432373046875 0.34921875 35.7885486875467 0 -1 -1 
1 760 11.2 15 0.505859375 0.4697265625 14.9349927501624 1 0 1 
0 760 7.2 15 0.449609375 0.42109375 32.8972239191292 0 0 -1 
1 770 11.2 15 0.515625 0.4453125 7.30474436373158 1 0 1 
0 770 7.2 15 0.438349184782609 0.45 22.0325259371816 0 0 -1 
1 780 11.2 15 0.453725961538462 0.48046875 18.3715827689734 1 0 1 
0 780 7.2 15 0.483525815217391 0.46171875 31.5722422454125 0 0 -1 
1 790 11.2 15 0.5 0.5595703125 3.02768260619842 1 0 1 
0 790 7.2 15 0.470052083333333 0.428125 36.6724141332089 0 0 -1 
1 800 11.2 16 0.5 0.509765625 2.29186121946572 1 1 1 
0 800 7.2 15 0.464613970588235 0.41328125 37.4978142453482 0 -1 -1 
1 810 11.2 16 0.503348214285714 0.5361328125 12.6249833650666 1 0 1 
0 810 7.2 16 0.434326171875 0.43046875 34.8209384701191 0 0 -1 
1 820 11.2 16 0.513363486842105 0.57421875 9.98706380411442 1 0 1 
0 820 7.2 16 0.466077302631579 0.43359375 29.0166348353547 0 0 -1 
1 830 11.2 16 0.513363486842105 0.5634765625 4.3079779787299 1 0 1 
0 830 7.2 16 0.466077302631579 0.4296875 22.7072631330893 0 0 -1 
1 840 11.2 16 0.4921875 0.5484375 4.48481733708635 1 0 1 
0 840 7.2 16 0.438720703125 0.399739583333333 21.606103303579 0 0 -1 
1 850 11.2 16 0.542258522727273 0.41953125 49.9004877599126 1 0 1 
0 850 7.2 16 0.451622596153846 0.360677083333333 16.5499815494351 0 0 -1 
1 860 11.2 16 0.531455592105263 0.48046875 20.8144076104335 1 0 1 
0 860 7.2 16 0.424862132352941 0.368489583333333 2.6874152754742 0 0 -1 
1 870 11.2 17 0.502604166666667 0.4873046875 13.0114843747904 1 1 1 
0 870 7.2 16 0.413602941176471 0.236979166666667 39.5332841527774 0 -1 -1 
1 880 11.2 17 0.5205078125 0.5109375 11.5851661949291 1 1 1 
0 880 7.2 16 0.452256944444444 0.2578125 29.4350089703812 0 -1 -1 
1 890 11.2 17 0.519345238095238 0.45078125 7.94549141209567 1 1 1 
0 890 7.2 16 0.432914402173913 0.373697916666667 16.2100173838261 0 -1 -1 
1 900 11.2 17 0.510416666666667 0.517578125 15.4691494384534 1 1 1 
0 900 7.2 16 0.4443359375 0.4921875 21.5232432500309 0 -1 -1 
1 910 11.2 17 0.562855113636364 0.572265625 12.026138896058 1 1 1 
0 910 7.2 16 0.437220982142857 0.416015625 29.3001706479672 0 -1 -1 
1 920 11.2 18 0.562855113636364 0.544921875 7.29882347174986 1 1 1 
0 920 7.2 17 0.438616071428571 0.2890625 45.4520057597344 0 -1 -1 
1 930 11.2 18 0.45 0.55859375 12.1085153275051 1 1 1 
0 930 7.2 17 0.447610294117647 0.357421875 42.3693593476491 0 -1 -1 
1 940 11.2 18 0.52734375 0.517578125 4.19975549307556 1 1 1 
0 940 7.2 17 0.427479619565217 0.4296875 28.6152447752107 0 -1 -1 
1 950 11.2 18 0.538707386363636 0.5107421875 9.39031540311154 1 1 1 
0 950 7.2 17 0.427479619565217 0.3935546875 32.8547484249936 0 -1 -1 
1 960 11.2 18 0.526442307692308 0.5 19.0824723372158 1 1 1 
0 960 7.2 17 0.435032894736842 0.4130859375 25.2562675685384 0 -1 -1 
1 970 11.2 18 0.5373046875 0.5224609375 6.8194965554238 1 1 1 
0 970 7.2 17 0.43310546875 0.4228515625 21.36359466368 0 -1 -1 
1 980 11.2 19 0.5373046875 0.509765625 7.39538245793141 1 2 1 
0 980 7.2 17 0.40625 0.43359375 11.2059488269968 0 -2 -1 
1 990 11.2 19 0.557477678571429 0.5703125 2.29923004000392 1 2 1 
0 990 7.2 17 0.413143382352941 0.416015625 10.9658560997307 0 -2 -1 
1 1000 11.2 19 0.576472355769231 0.5556640625 7.48481634651066 1 2 1 
0 1000 7.2 17 0.394252232142857 0.4765625 0 0 -2 -1 
1 1010 11.2 19 0.571451822916667 0.55703125 37.4790627667241 1 2 1 
0 1010 7.2 17 0.386363636363636 0.227864583333333 36.149187982178 0 -2 -1 
1 1020 11.2 20 0.567908653846154 0.56484375 41.0920249935143 1 3 1 
0 1020 7.2 17 0.3955078125 0.27734375 42.6510841886567 0 -3 -1 
1 1030 11.2 20 0.561147836538462 0.5 12.9598061591118 1 2 1 
0 1030 7.2 18 0.42578125 0.3359375 51.0733279013435 0 -2 -1 
1 1040 11.2 20 0.5621875 0.466796875 11.0849992389918 1 2 1 
0 1040 7.2 18 0.42578125 0.34375 32.1174943927186 0 -2 -1 
1 1050 11.2 20 0.523137019230769 0.4599609375 36.7854714897431 1 2 1 
0 1050 7.2 18 0.419642857142857 0.3203125 36.192292605605 0 -2 -1 
1 1060 11.2 20 0.58203125 0.5380859375 24.2861365359437 1 2 1 
0 1060 7.2 18 0.543619791666667 0.396875 37.2978971789498 0 -2 -1 
1 1070 11.2 20 0.640625 0.58984375 11.4893939283989 1 2 1 
0 1070 7.2 18 0.495572916666667 0.4228515625 27.1664253651774 0 -2 -1 
1 1080 11.2 20 0.492804276315789 0.6015625 16.2006313931598 1 1 1 
0 1080 7.2 19 0.3779296875 0.4228515625 25.3401681508264 0 -1 -1 
1 1090 11.2 20 0.536305147058824 0.646484375 8.97263136017436 1 1 1 
0 1090 7.2 19 0.505859375 0.3740234375 17.5473302221902 0 -1 -1 
1 1100 11.2 20 0.536305147058824 0.6103515625 10.5811526531274 1 1 1 
0 1100 7.2 19 0.505859375 0.416015625 15.6560673237349 0 -1 -1 
1 1110 11.2 20 0.565504807692308 0.55859375 4.12553593775641 1 1 1 
0 1110 7.2 19 0.4052734375 0.341145833333333 29.8723849092526 0 -1 -1 
1 1120 11.2 20 0.55126953125 0.515625 10.9327743532103 1 1 1 
0 1120 7.2 19 0.5 0.37890625 40.7744203121058 0 -1 -1 
1 1130 11.2 20 0.55126953125 0.572265625 8.94208416417308 1 1 1 
0 1130 7.2 19 0.5 0.345703125 33.1400474686248 0 -1 -1 
1 1140 11.2 20 0.581298828125 0.5654296875 10.3761588487975 1 1 1 
0 1140 7.2 19 0.328125 0.3701171875 32.0558200813665 0 -1 -1 
1 1150 11.2 21 0.585787259615385 0.578125 11.2156233357092 1 2 1 
0 1150 7.2 19 0.47734375 0.305989583333333 13.8190740644726 0 -2 -1 
1 1160 11.2 21 0.585787259615385 0.6279296875 6.41474722529304 1 2 1 
0 1160 7.2 19 0.47734375 0.325520833333333 5.19775256036236 0 -2 -1 
1 1170 11.2 21 0.609114583333333 0.5439453125 19.0014035458446 1 2 1 
0 1170 7.2 19 0.345424107142857 0.3515625 0 0 -2 -1 
1 1180 11.2 21 NaN 0.62109375 0 1 2 1 
0 1180 7.2 19 NaN NaN NaN 0 -2 -1 
