1 30 9.4 1 NaN 0.275806451612903 19.4356375038256 3 0 0 
0 30 6 1 NaN 0.233064516129032 18.1535144444842 3 0 0 
1 40 9.4 1 NaN 0.29758064516129 23.1065036180306 3 0 0 
0 40 6 1 NaN 0.231451612903226 9.2011642006563 3 0 0 
1 50 9.4 1 0.369354838709677 0.348387096774194 27.5507116239892 3 0 0 
0 50 6 1 0.368548387096774 0.354032258064516 17.9742526889207 3 0 0 
1 60 9.4 1 0.364247311827957 0.466129032258065 37.0427736771837 3 0 0 
0 60 6 1 0.364247311827957 0.470161290322581 24.2839343526026 3 0 0 
1 70 9.4 1 0.399430740037951 0.495161290322581 33.5470730044741 3 0 0 
0 70 6 1 0.408955857385399 0.474193548387097 22.7449168660737 3 0 0 
1 80 9.4 1 0.454362170087977 0.478225806451613 36.2447001521136 3 0 0 
0 80 6 1 0.437695109261186 0.507258064516129 32.2048584828801 3 0 0 
1 90 9.4 1 0.407536151279199 0.486290322580645 35.6420430334748 3 0 0 
0 90 6 1 0.405311457174639 0.480645161290323 27.6685978926865 3 0 0 
1 100 9.4 2 0.411542338709677 0.503225806451613 35.7481230110779 3 1 0 
0 100 6 1 0.443996415770609 0.470766129032258 25.3495843160394 3 -1 0 
1 110 9.4 2 0.453024193548387 0.496774193548387 37.0956875445166 3 0 0 
0 110 6 2 0.47304753820034 0.475806451612903 23.4065696823334 3 0 0 
1 120 9.4 3 0.412402669632925 0.519354838709677 36.6210945903268 3 1 0 
0 120 6 2 0.388548387096774 0.393145161290323 33.8644961768683 3 -1 0 
1 130 9.4 3 0.449596774193548 0.505040322580645 44.236040227726 3 1 0 
0 130 6 2 0.394949066213922 0.387903225806452 39.7478491191748 3 -1 0 
1 140 9.4 3 0.463844086021505 0.4375 57.9282490861242 3 0 0 
0 140 6 3 0.42831541218638 0.45241935483871 32.281501006238 3 0 0 
1 150 9.4 4 0.415994623655914 0.420362903225806 53.3434178875149 3 1 0 
0 150 6 3 0.394585253456221 0.483870967741936 34.6879894078629 3 -1 0 
1 160 9.4 4 0.437403993855607 0.417741935483871 51.1181709400606 3 1 0 
0 160 6 3 0.458709677419355 0.453225806451613 31.8746048050573 3 -1 0 
1 170 9.4 4 0.494399641577061 0.475806451612903 49.8034428165194 3 1 0 
0 170 6 3 0.473454301075269 0.473387096774194 38.4136302885387 3 -1 0 
1 180 9.4 5 0.393985215053763 0.489516129032258 38.0829468477976 3 1 0 
0 180 6 4 0.396557071960298 0.504032258064516 41.8902127675467 3 -1 0 
1 190 9.4 5 0.405645161290323 0.475806451612903 38.3282488017839 3 1 0 
0 190 6 4 0.443548387096774 0.468548387096774 46.7962982512617 3 -1 0 
1 200 9.4 5 0.471942204301075 0.491129032258064 43.8592063074821 3 1 0 
0 200 6 4 0.456697054698457 0.425 42.3441775278175 3 -1 0 
1 210 9.4 5 0.428030303030303 0.486290322580645 48.2470614030223 3 0 0 
0 210 6 5 0.382056451612903 0.463709677419355 38.7154947534223 3 0 0 
1 220 9.4 5 0.393738140417457 0.504032258064516 43.8793599815394 3 0 0 
0 220 6 5 0.415322580645161 0.479838709677419 39.1050777505598 3 0 0 
1 230 9.4 6 0.434643817204301 0.476612903225806 39.5744218832972 3 1 0 
0 230 6 5 0.448178016726404 0.466129032258065 36.6743418797054 3 -1 0 
1 240 9.4 6 0.394153225806452 0.492741935483871 38.3021448807755 3 1 0 
0 240 6 5 0.412402669632925 0.441129032258065 38.1529315006642 3 -1 0 
1 250 9.4 6 0.463073005093379 0.491935483870968 36.726975051321 3 0 0 
0 250 6 6 0.41084229390681 0.375806451612903 36.5079694146658 3 0 0 
1 260 9.4 6 0.47037841191067 0.514516129032258 41.3693534825529 3 0 0 
0 260 6 6 0.439940577249576 0.412903225806452 31.7997941197965 3 0 0 
1 270 9.4 6 0.399968982630273 0.508064516129032 38.3945093069751 3 0 0 
0 270 6 6 0.385806451612903 0.473387096774194 32.7110751012999 3 0 0 
1 280 9.4 7 0.442631964809384 0.470766129032258 28.4876229174884 3 1 0 
0 280 6 6 0.43452380952381 0.505645161290323 24.7477566345415 3 -1 0 
1 290 9.4 7 0.473622311827957 0.384677419354839 39.4601562194973 3 1 0 
0 290 6 6 0.449333800841515 0.512096774193548 22.0974326316567 3 -1 0 
1 300 9.4 7 0.421236559139785 0.32741935483871 37.3754898183552 3 0 0 
0 300 6 7 0.385902031063321 0.425 44.3620862538137 3 0 0 
1 310 9.4 7 0.415322580645161 0.396774193548387 30.5874984860759 3 0 0 
0 310 6 7 0.399544179523142 0.4 42.8511491008181 3 0 0 
1 320 9.4 7 0.477918586789555 0.488709677419355 23.4827077019002 3 0 0 
0 320 6 7 0.466035980148883 0.439516129032258 28.3522479209539 3 0 0 
1 330 9.4 8 0.379733520336606 0.504838709677419 32.60476564889 3 1 0 
0 330 6 7 0.418094758064516 0.426411290322581 32.8286491291817 3 -1 0 
1 340 9.4 8 0.38863287250384 0.468548387096774 31.8395227762172 3 1 0 
0 340 6 7 0.397707979626486 0.435483870967742 31.2590560049054 3 -1 0 
1 350 9.4 8 0.450806451612903 0.508064516129032 28.9956123576784 3 0 0 
0 350 6 8 0.453008684863524 0.392741935483871 45.9283270603302 3 0 0 
1 360 9.4 8 0.427822580645161 0.462701612903226 27.931528308946 3 0 0 
0 360 6 8 0.398883374689826 0.45 33.7286484137481 3 0 0 
1 370 9.4 8 0.479202037351443 0.430645161290323 42.838367257627 3 0 0 
0 370 6 8 0.42415514592934 0.449193548387097 30.9198996811904 3 0 0 
1 380 9.4 9 0.476722873900293 0.454032258064516 30.1361916104292 3 1 0 
0 380 6 8 0.453181003584229 0.47258064516129 33.5319039885351 3 -1 0 
1 390 9.4 9 0.391633064516129 0.458870967741935 22.5122174061121 3 0 0 
0 390 6 9 0.379382889200561 0.481451612903226 30.48505094185 3 0 0 
1 400 9.4 9 0.402801358234295 0.494354838709677 19.583125137482 3 0 0 
0 400 6 9 0.389643463497453 0.451612903225806 26.8425443992446 3 0 0 
1 410 9.4 9 0.446650124069479 0.456451612903226 30.1827307134312 3 0 0 
0 410 6 9 0.44786866359447 0.493951612903226 29.1915229237824 3 0 0 
1 420 9.4 10 0.391129032258065 0.519354838709677 28.2860568293485 3 1 0 
0 420 6 9 0.389423076923077 0.453629032258065 24.8279356445079 3 -1 0 
1 430 9.4 10 0.466129032258065 0.463709677419355 43.165078640247 3 1 0 
0 430 6 9 0.381048387096774 0.35383064516129 39.6765437714434 3 -1 0 
1 440 9.4 11 0.490539702233251 0.492741935483871 27.5769506369613 3 2 0 
0 440 6 9 0.423387096774194 0.317540322580645 22.90614303596 3 -2 0 
1 450 9.4 11 0.389032258064516 0.585483870967742 18.1914725794775 3 2 0 
0 450 6 9 0.364247311827957 0.313709677419355 22.5531794076564 3 -2 0 
1 460 9.4 11 0.46008064516129 0.608064516129032 20.7887995965106 3 2 0 
0 460 6 9 0.386476426799007 0.331451612903226 16.6697308108548 3 -2 0 
1 470 9.4 11 0.502903225806452 0.616935483870968 23.878784541207 3 1 0 
0 470 6 10 0.457196029776675 0.325 13.7726909287843 3 -1 0 
1 480 9.4 11 0.423099078341014 0.566532258064516 20.5583462537925 3 1 0 
0 480 6 10 0.383225806451613 0.366935483870968 16.8068673420751 3 -1 0 
1 490 9.4 11 0.410887096774194 0.472782258064516 20.3124358085549 3 1 0 
0 490 6 10 0.380824372759857 0.417741935483871 24.2842987771027 3 -1 0 
1 500 9.4 12 0.450478830645161 0.458064516129032 26.161881991081 3 2 0 
0 500 6 10 0.453015427769986 0.520967741935484 29.2815004591555 3 -2 0 
1 510 9.4 12 0.410426267281106 0.510483870967742 20.202924020372 3 2 0 
0 510 6 10 0.388272849462366 0.407258064516129 32.6674112415706 3 -2 0 
1 520 9.4 12 0.495441795231417 0.519354838709677 29.6792674680917 3 1 0 
0 520 6 11 0.387701612903226 0.37741935483871 15.2818810700196 3 -1 0 
1 530 9.4 12 0.502688172043011 0.574193548387097 25.3559320271948 3 1 0 
0 530 6 11 0.411502546689304 0.405645161290323 28.2028482798489 3 -1 0 
1 540 9.4 13 0.418608124253286 0.520161290322581 30.8876212113459 3 2 0 
0 540 6 11 0.387096774193548 0.434139784946237 30.7041157542829 3 -2 0 
1 550 9.4 13 0.436693548387097 0.511088709677419 43.6261578208452 3 2 0 
0 550 6 11 0.429637096774194 0.473790322580645 24.667792767088 3 -2 0 
1 560 9.4 13 0.442481024667932 0.491935483870968 27.3413922515114 3 2 0 
0 560 6 11 0.436659946236559 0.389112903225806 19.6022957839127 3 -2 0 
1 570 9.4 13 0.455645161290323 0.479838709677419 19.3574667277371 3 2 0 
0 570 6 11 0.363671274961598 0.19758064516129 14.6751566819416 3 -2 0 
1 580 9.4 13 0.541055718475073 0.387096774193548 38.5530692056575 3 1 0 
0 580 6 12 0.379032258064516 0.311491935483871 35.9553254818107 3 -1 0 
1 590 9.4 13 0.497775305895439 0.384072580645161 31.6315278655428 3 1 0 
0 590 6 12 0.407795698924731 0.314516129032258 32.8778917639635 3 -1 0 
1 600 9.4 13 0.415466589861751 0.388709677419355 40.199855275765 3 1 0 
0 600 6 12 0.403375149342891 0.388709677419355 34.356349489921 3 -1 0 
1 610 9.4 14 0.445931085043988 0.471774193548387 43.9213767455572 3 2 0 
0 610 6 12 0.39247311827957 0.446572580645161 34.7503443520535 3 -2 0 
1 620 9.4 14 0.512096774193548 0.52258064516129 42.7331503940174 3 2 0 
0 620 6 12 0.435035842293907 0.486895161290323 10.9750193761893 3 -2 0 
1 630 9.4 14 0.419498847926267 0.548387096774194 42.5644615498856 3 1 0 
0 630 6 13 0.401209677419355 0.485887096774194 13.3153782950761 3 -1 0 
1 640 9.4 15 0.387308998302207 0.525 37.0658861844323 3 2 0 
0 640 6 13 0.439180107526882 0.432258064516129 36.1204335665426 3 -2 0 
1 650 9.4 15 0.493047830923248 0.467741935483871 26.6733476210011 3 2 0 
0 650 6 13 0.44489247311828 0.443548387096774 22.9505986446999 3 -2 0 
1 660 9.4 15 0.47294142614601 0.503225806451613 15.0945054680258 3 2 0 
0 660 6 13 0.349320882852292 0.435483870967742 17.9413873321141 3 -2 0 
1 670 9.4 15 0.452764976958525 0.532258064516129 7.09633452178987 3 2 0 
0 670 6 13 0.378780241935484 0.430443548387097 16.4857934553532 3 -2 0 
1 680 9.4 15 0.534629981024668 0.58366935483871 5.19508429784423 3 2 0 
0 680 6 13 0.377688172043011 0.331989247311828 16.0053438723257 3 -2 0 
1 690 9.4 16 0.486290322580645 0.509408602150538 47.1748361115381 3 2 0 
0 690 6 14 0.32716275659824 0.240591397849462 19.4342101969173 3 -2 0 
1 700 9.4 16 0.49133064516129 0.556451612903226 27.1875487854836 3 2 0 
0 700 6 14 0.335829493087558 0.263440860215054 10.4566429424291 3 -2 0 
1 710 9.4 16 0.58273596176822 0.661290322580645 13.4840277888909 3 2 0 
0 710 6 14 0.370493358633776 0.235887096774194 8.68159481593858 3 -2 0 
1 720 9.4 16 0.471299810246679 0.564516129032258 52.5883948213873 3 2 0 
0 720 6 14 0.35567876344086 0.244959677419355 12.663875832092 3 -2 0 
1 730 9.4 16 0.45687237026648 0.647177419354839 22.6646856131122 3 2 0 
0 730 6 14 0.419623655913978 0.258064516129032 25.4175529169352 3 -2 0 
1 740 9.4 17 0.522177419354839 0.525806451612903 44.7733453890759 3 3 0 
0 740 6 14 0.417155425219941 0.296370967741936 24.2181279462143 3 -3 0 
1 750 9.4 17 0.468077956989247 0.486290322580645 28.1862537596359 3 3 0 
0 750 6 14 0.369815668202765 0.28494623655914 31.8644209952897 3 -3 0 
1 760 9.4 17 0.45437181663837 0.512096774193548 32.6276511382846 3 3 0 
0 760 6 14 0.453629032258065 0.353494623655914 20.5861167087673 3 -3 0 
1 770 9.4 17 0.547849462365591 0.562096774193548 22.0573951883589 3 2 0 
0 770 6 15 0.505472350230415 0.275201612903226 13.621965252033 3 -2 0 
1 780 9.4 17 0.472350230414747 0.595967741935484 18.2011084353075 3 2 0 
0 780 6 15 0.339112903225806 0.293346774193548 4.64620864908283 3 -2 0 
1 790 9.4 17 0.508784562211982 0.598387096774194 14.7185654843112 3 2 0 
0 790 6 15 0.365927419354839 0.3 11.0713981831487 3 -2 0 
1 800 9.4 18 0.557062561094819 0.611290322580645 7.87355910658652 3 3 0 
0 800 6 15 0.426319648093842 0.326612903225806 14.1923510956769 3 -3 0 
1 810 9.4 18 0.507444168734491 0.666129032258065 6.12231175228268 3 3 0 
0 810 6 15 0.282661290322581 0.294354838709677 18.0043808556409 3 -3 0 
1 820 9.4 18 0.505227001194743 0.691935483870968 4.57449211293846 3 3 0 
0 820 6 15 0.274193548387097 0.25 13.7173862145096 3 -3 0 
1 830 9.4 18 0.524193548387097 0.692741935483871 4.78293534080517 3 3 1 
0 830 6 15 0.274193548387097 0.258064516129032 10.1301351218681 2 -3 -1 
1 840 9.4 19 0.484237536656892 0.65241935483871 13.6882723660308 3 4 1 
0 840 6 15 0.315188172043011 0.243951612903226 13.4100963683484 2 -4 -1 
1 850 9.4 19 0.485023041474654 0.633870967741935 22.9828432208238 3 3 1 
0 850 6 16 0.335483870967742 0.262096774193548 16.8774021686688 2 -3 -1 
1 860 9.4 19 0.584203036053131 0.594354838709677 36.326371322864 3 3 1 
0 860 6 16 0.306115591397849 0.294354838709677 25.9931891950341 2 -3 -1 
1 870 9.4 19 0.523118279569892 0.659677419354839 36.2384524769794 3 3 1 
0 870 6 16 0.288172043010753 0.266129032258065 0 2 -3 -1 
1 880 9.4 19 0.530465949820788 0.660483870967742 31.0562844442652 3 3 1 
0 880 6 16 0.276713709677419 0.18010752688172 13.3516075961112 2 -3 -1 
1 890 9.4 20 0.655058651026393 0.75241935483871 17.9784758421533 3 4 2 
0 890 6 16 0.26099706744868 0.211021505376344 5.02512875183013 1 -4 -2 
1 900 9.4 20 0.649894810659187 0.770161290322581 15.2955709103237 3 4 2 
0 900 6 16 0.263440860215054 0.173387096774194 8.53314540655069 1 -4 -2 
1 910 9.4 20 0.743121442125237 0.735215053763441 5.4964340798296 3 4 2 
0 910 6 16 0.270161290322581 0.158266129032258 7.61017715226536 1 -4 -2 
1 920 9.4 20 0.759576612903226 0.78494623655914 4.31589321974243 3 4 2 
0 920 6 16 NaN 0.165322580645161 5 1 -4 -2 
