1 30 8.2 1 NaN 0.153125 6.7967698026853 3 0 0 
0 30 8 1 NaN 0.2802734375 17.1642017139599 3 0 0 
1 40 8.2 1 NaN 0.1796875 11.8831691280206 3 0 0 
0 40 8 1 NaN 0.25546875 22.1566568111782 3 0 0 
1 50 8.2 1 0.36328125 0.27734375 22.871631608928 3 0 0 
0 50 8 1 0.39453125 0.334375 38.4850669855688 3 0 0 
1 60 8.2 1 0.368489583333333 0.42109375 43.0536142393157 3 0 0 
0 60 8 1 0.402777777777778 0.425 51.6730316886407 3 0 0 
1 70 8.2 1 0.3873046875 0.46953125 43.1470783176417 3 0 0 
0 70 8 1 0.4185546875 0.4640625 39.5902704083262 3 0 0 
1 80 8.2 1 0.446986607142857 0.46015625 38.6267901716879 3 0 0 
0 80 8 1 0.468005952380952 0.50625 40.4322526248783 3 0 0 
1 90 8.2 1 0.422247023809524 0.4775390625 49.567747414672 3 0 0 
0 90 8 1 0.443125 0.51015625 30.7770097742688 3 0 0 
1 100 8.2 2 0.37890625 0.3890625 57.9079641840628 3 1 0 
0 100 8 1 0.431743421052632 0.53203125 34.8774558506298 3 -1 0 
1 110 8.2 2 0.418323863636364 0.39765625 55.0714057800728 3 0 0 
0 110 8 2 0.468580163043478 0.50390625 41.0177873949396 3 0 0 
1 120 8.2 2 0.4034375 0.4453125 48.4254644312954 3 0 0 
0 120 8 2 0.443714488636364 0.52109375 40.287410700617 3 0 0 
1 130 8.2 3 0.408627717391304 0.4890625 44.2011271105061 3 1 0 
0 130 8 2 0.423735119047619 0.46171875 40.0370870930463 3 -1 0 
1 140 8.2 3 0.455228365384615 0.51171875 45.6573188151894 3 0 0 
0 140 8 3 0.432105654761905 0.4640625 40.28139456648 3 0 0 
1 150 8.2 3 0.422279094827586 0.496875 44.1070892339966 3 0 0 
0 150 8 3 0.434709821428571 0.47578125 41.5658555779297 3 0 0 
1 160 8.2 4 0.426491477272727 0.44921875 35.5445302891331 3 1 0 
0 160 8 3 0.4373046875 0.53671875 41.8688292747896 3 -1 0 
1 170 8.2 4 0.471235795454545 0.4716796875 38.5296741198212 3 1 0 
0 170 8 3 0.428013392857143 0.5203125 39.2049757727887 3 -1 0 
1 180 8.2 4 0.39453125 0.3994140625 47.9524137222922 3 0 0 
0 180 8 4 0.46484375 0.49921875 39.1883560369164 3 0 0 
1 190 8.2 5 0.394191576086957 0.39296875 41.3208024553855 3 1 0 
0 190 8 4 0.4375 0.4984375 43.7745056255497 3 -1 0 
1 200 8.2 5 0.444754464285714 0.43125 33.3043135957248 3 1 0 
0 200 8 4 0.456801470588235 0.5265625 46.383219379656 3 -1 0 
1 210 8.2 5 0.420200892857143 0.48359375 36.5105338509351 3 0 0 
0 210 8 5 0.443142361111111 0.46953125 35.5209250332561 3 0 0 
1 220 8.2 6 0.416165865384615 0.48671875 39.5322903882932 3 1 0 
0 220 8 5 0.406808035714286 0.47734375 22.1634851161255 3 -1 0 
1 230 8.2 6 0.4783203125 0.4833984375 43.2386291114943 3 1 0 
0 230 8 5 0.45546875 0.5068359375 7.84856934706665 3 -1 0 
1 240 8.2 6 0.441136853448276 0.478515625 46.2308180750742 3 1 0 
0 240 8 5 0.4333984375 0.4912109375 8.04572990091252 3 -1 0 
1 250 8.2 6 0.432081653225806 0.484375 49.6824813040523 3 0 0 
0 250 8 6 0.418478260869565 0.44375 37.0444037753841 3 0 0 
1 260 8.2 7 0.4962158203125 0.40703125 56.2357156257504 3 1 0 
0 260 8 6 0.4578125 0.475 26.5516957035471 3 -1 0 
1 270 8.2 7 0.487742456896552 0.42578125 65.0691939399898 3 1 0 
0 270 8 6 0.420166015625 0.45703125 36.1303254184221 3 -1 0 
1 280 8.2 7 0.475852272727273 0.471354166666667 54.2145220876071 3 1 0 
0 280 8 6 0.425370065789474 0.4853515625 40.369556503959 3 -1 0 
1 290 8.2 7 0.512073863636364 0.4248046875 51.8919588643837 3 0 0 
0 290 8 7 0.459635416666667 0.3953125 49.4186347951613 3 0 0 
1 300 8.2 7 0.448640046296296 0.35 43.0101320497842 3 0 0 
0 300 8 7 0.410900297619048 0.43203125 44.3097607669586 3 0 0 
1 310 8.2 7 0.418113425925926 0.4140625 14.8635163871432 3 0 0 
0 310 8 7 0.412543402777778 0.5068359375 24.7154745557583 3 0 0 
1 320 8.2 8 0.473790322580645 0.49765625 13.0076538749368 3 1 0 
0 320 8 7 0.446056547619048 0.486328125 19.6473171553479 3 -1 0 
1 330 8.2 8 0.454296875 0.52734375 6.64562542859044 3 1 0 
0 330 8 7 0.405436197916667 0.34296875 32.8997495403805 3 -1 0 
1 340 8.2 8 0.42626953125 0.58046875 27.8622691082406 3 1 0 
0 340 8 7 0.386488970588235 0.3662109375 25.6388625121146 3 -1 0 
1 350 8.2 8 0.475661057692308 0.51875 22.9177517039943 3 1 0 
0 350 8 7 0.421669407894737 0.4169921875 31.6307110987683 3 -1 0 
1 360 8.2 9 0.4794921875 0.53359375 22.1769736487128 3 2 0 
0 360 8 7 0.383370535714286 0.38046875 39.376901354652 3 -2 0 
1 370 8.2 9 0.423990885416667 0.5578125 22.3546640412503 3 1 0 
0 370 8 8 0.3990234375 0.421875 23.0619491844203 3 -1 0 
1 380 8.2 9 0.42138671875 0.515625 26.417082983696 3 1 0 
0 380 8 8 0.412977430555556 0.40078125 22.4677844401665 3 -1 0 
1 390 8.2 9 0.4345703125 0.447265625 32.0471070499011 3 1 0 
0 390 8 8 0.427036830357143 0.49921875 20.85953227405 3 -1 0 
1 400 8.2 9 0.393851902173913 0.4306640625 25.5566677322141 3 1 0 
0 400 8 8 0.4381103515625 0.50625 36.0617158336219 3 -1 0 
1 410 8.2 9 0.433837890625 0.400390625 33.9313487516798 3 0 0 
0 410 8 9 0.464342948717949 0.50390625 51.5850993604005 3 0 0 
1 420 8.2 10 0.403872282608696 0.4734375 26.0332186099969 3 1 0 
0 420 8 9 0.496727195945946 0.533203125 52.4292398215118 3 -1 0 
1 430 8.2 10 0.405570652173913 0.4890625 25.147537907687 3 1 0 
0 430 8 9 0.434895833333333 0.58203125 50.9924935360702 3 -1 0 
1 440 8.2 10 0.447063577586207 0.509375 38.6004236358415 3 1 0 
0 440 8 9 0.463341346153846 0.47734375 63.8433312962559 3 -1 0 
1 450 8.2 11 0.479166666666667 0.51484375 34.5323172043399 3 1 0 
0 450 8 10 0.465234375 0.5380859375 38.5024859193335 3 -1 0 
1 460 8.2 11 0.447716346153846 0.53125 36.4287576812057 3 1 0 
0 460 8 10 0.4228515625 0.482421875 30.1635363529381 3 -1 0 
1 470 8.2 11 0.4744140625 0.5015625 29.4387986808228 3 1 0 
0 470 8 10 0.436848958333333 0.41796875 17.8650140751777 3 -1 0 
1 480 8.2 11 0.485064338235294 0.5341796875 32.8603694773078 3 1 0 
0 480 8 10 0.393229166666667 0.375 22.3726291080159 3 -1 0 
1 490 8.2 12 0.41015625 0.546875 43.6251535785356 3 1 0 
0 490 8 11 0.396484375 0.416015625 14.3478542377604 3 -1 0 
1 500 8.2 12 0.489501953125 0.401041666666667 63.3832104616437 3 1 0 
0 500 8 11 0.396935096153846 0.4716796875 9.46648562964962 3 -1 0 
1 510 8.2 12 0.508072916666667 0.353515625 56.8176909069702 3 1 0 
0 510 8 11 0.384207589285714 0.5068359375 8.17287025528871 3 -1 0 
1 520 8.2 12 0.420138888888889 0.3359375 48.8200512836342 3 1 0 
0 520 8 11 0.444424715909091 0.40625 28.5951093821155 3 -1 0 
1 530 8.2 12 0.47802734375 0.194010416666667 23.8388650269873 3 0 0 
0 530 8 12 0.451766304347826 0.3984375 24.1182573107027 3 0 0 
1 540 8.2 12 0.474516369047619 0.24375 22.3182753968933 3 0 0 
0 540 8 12 0.463169642857143 0.4171875 28.6440137658116 3 0 0 
1 550 8.2 12 0.428205818965517 0.3515625 25.6063309101623 3 0 0 
0 550 8 12 0.4140625 0.43984375 15.6302556976174 3 0 0 
1 560 8.2 12 0.461341594827586 0.4109375 13.5142748029796 3 0 0 
0 560 8 12 0.4296875 0.546875 9.07810477674579 3 0 0 
1 570 8.2 13 0.47734375 0.4248046875 14.508326995675 3 1 0 
0 570 8 12 0.438858695652174 0.53359375 5.40076009131266 3 -1 0 
1 580 8.2 13 0.454511088709677 0.4296875 12.1695281221263 3 1 0 
0 580 8 12 0.4103515625 0.54296875 11.7535434856274 3 -1 0 
1 590 8.2 13 0.510061553030303 0.3740234375 7.77974700893295 3 1 0 
0 590 8 12 0.478352864583333 0.572265625 7.02102245147366 3 -1 0 
1 600 8.2 13 0.501813616071429 0.3671875 11.8995412242484 3 0 0 
0 600 8 13 0.474042338709677 0.580078125 3.51951514074372 3 0 0 
1 610 8.2 13 0.4208984375 0.30625 23.9246041849236 3 0 0 
0 610 8 13 0.523607336956522 0.4619140625 22.0861731955617 3 0 0 
1 620 8.2 13 0.53515625 0.37109375 22.2682283935585 3 0 0 
0 620 8 13 0.551513671875 0.3484375 35.8327867592237 3 0 0 
1 630 8.2 14 0.446940104166667 0.415625 25.99115584237 3 1 0 
0 630 8 13 0.4408203125 0.384375 30.5720712599698 3 -1 0 
1 640 8.2 14 0.3994140625 0.44453125 23.26372609332 3 1 0 
0 640 8 13 0.382401315789474 0.42265625 14.9315037316112 3 -1 0 
1 650 8.2 14 0.479352678571429 0.42421875 11.1090248426553 3 1 0 
0 650 8 13 0.436941964285714 0.4125 13.0815935554796 3 -1 0 
1 660 8.2 14 0.462688577586207 0.40625 2.94458019160099 3 0 0 
0 660 8 14 0.41546875 0.434375 27.9603689125617 3 0 0 
1 670 8.2 14 0.436487268518519 0.45078125 16.8678008020619 3 0 0 
0 670 8 14 0.4076171875 0.5015625 29.8358231569342 3 0 0 
1 680 8.2 14 0.482282366071429 0.4625 31.0792997780824 3 0 0 
0 680 8 14 0.40625 0.47734375 21.4198559118008 3 0 0 
1 690 8.2 14 0.491753472222222 0.534375 51.5955395805951 3 0 0 
0 690 8 14 0.4091796875 0.37578125 20.55555821295 3 0 0 
1 700 8.2 15 0.473307291666667 0.57578125 59.788455662951 3 1 0 
0 700 8 14 0.4150390625 0.22890625 11.3486097216855 3 -1 0 
1 710 8.2 15 0.541796875 0.62265625 56.8078426228965 3 1 0 
0 710 8 14 0.38515625 0.23828125 5.74481529245986 3 -1 0 
1 720 8.2 15 0.49609375 0.63203125 43.098471464389 3 1 0 
0 720 8 14 0.37578125 0.2671875 7.49976397073214 3 -1 0 
1 730 8.2 15 0.492660984848485 0.6689453125 38.7441248308472 3 0 0 
0 730 8 15 0.38515625 0.303125 7.78151458427444 3 0 0 
1 740 8.2 16 0.484114583333333 0.6015625 45.5311779401208 3 1 0 
0 740 8 15 0.388671875 0.28828125 12.7819797801229 3 -1 0 
1 750 8.2 16 0.490423387096774 0.4765625 25.4459883858891 3 1 0 
0 750 8 15 0.362444196428571 0.31484375 21.4477474016527 3 -1 0 
1 760 8.2 16 0.477746212121212 0.4375 24.3926526744116 3 1 0 
0 760 8 15 0.43896484375 0.43125 13.7589013336474 3 -1 0 
1 770 8.2 16 0.53265625 0.3421875 35.0724231080599 3 1 0 
0 770 8 15 0.430078125 0.559375 4.32847469474145 3 -1 0 
1 780 8.2 16 0.498383620689655 0.38671875 31.2813183114101 3 1 0 
0 780 8 15 0.36376953125 0.55859375 15.0118577296491 3 -1 0 
1 790 8.2 16 0.451912715517241 0.384375 11.2087249182593 3 0 0 
0 790 8 16 0.370028409090909 0.51328125 20.6073892098748 3 0 0 
1 800 8.2 16 0.4921875 0.48125 12.0069973023046 3 0 0 
0 800 8 16 0.377604166666667 0.42265625 9.17212336734742 3 0 0 
1 810 8.2 17 0.541276041666667 0.528125 6.3550148469212 3 1 0 
0 810 8 16 0.361979166666667 0.34375 21.2441458583586 3 -1 0 
1 820 8.2 17 0.497135416666667 0.6046875 1.90794678574183 3 1 0 
0 820 8 16 0.38203125 0.341145833333333 1.02084452531818 3 -1 0 
1 830 8.2 17 0.51953125 0.6453125 16.0404030685641 3 1 0 
0 830 8 16 0.401988636363636 0.30859375 14.4313459554508 3 -1 0 
1 840 8.2 17 0.524594907407407 0.640625 21.5593907113944 3 1 0 
0 840 8 16 0.369243421052632 0.303385416666667 7.08461482442423 3 -1 0 
1 850 8.2 17 0.517578125 0.60859375 20.7398858710694 3 1 0 
0 850 8 16 0.376953125 0.2958984375 18.584265869454 3 -1 0 
1 860 8.2 17 0.531510416666667 0.55078125 17.4266683894293 3 1 0 
0 860 8 16 0.357638888888889 0.2484375 18.2808590307375 3 -1 0 
1 870 8.2 17 0.518329326923077 0.50546875 22.5472767445409 3 1 0 
0 870 8 16 0.355769230769231 0.321875 14.5594204335353 3 -1 0 
1 880 8.2 18 0.472196691176471 0.5125 8.5522091226136 3 2 0 
0 880 8 16 0.393446180555556 0.42578125 9.3725644292044 3 -2 0 
1 890 8.2 18 0.547417534722222 0.520833333333333 5.67002780471849 3 1 0 
0 890 8 17 0.393446180555556 0.453125 5.38110452055117 3 -1 0 
1 900 8.2 18 0.502604166666667 0.442708333333333 11.1398246503599 3 1 0 
0 900 8 17 0.364979619565217 0.4931640625 7.34855448114642 3 -1 0 
1 910 8.2 18 0.456351902173913 0.458984375 20.4083316319586 3 1 0 
0 910 8 17 0.452938988095238 0.479166666666667 9.32315885234201 3 -1 0 
1 920 8.2 18 0.651141826923077 0.4140625 20.0949295036091 3 1 0 
0 920 8 17 0.4609375 0.513020833333333 13.6046469911235 3 -1 0 
1 930 8.2 18 0.51171875 0.348958333333333 20.702747945369 3 1 0 
0 930 8 17 0.515869140625 0.604166666666667 5.02219681027255 3 -1 0 
1 940 8.2 18 0.38671875 0.278645833333333 38.5837425740204 3 0 0 
0 940 8 18 0.5379638671875 0.5244140625 45.782008482763 3 0 0 
1 950 8.2 19 0.38671875 0.25625 42.6443490624447 3 1 0 
0 950 8 18 0.55 0.536458333333333 45.480132661838 3 -1 0 
1 960 8.2 19 0.2763671875 0.3640625 35.157762735658 3 1 0 
0 960 8 18 0.558061079545455 0.28515625 37.8549864614954 3 -1 0 
1 970 8.2 19 NaN 0.48828125 27.0474772654252 3 1 0 
0 970 8 18 0.573029891304348 0.24609375 0 3 -1 0 
1 980 8.2 20 NaN 0.53515625 19.9649794199566 3 2 0 
0 980 8 18 0.588423295454545 0.28515625 0 3 -2 0 
1 990 8.2 20 0.293154761904762 0.54453125 16.0861109324877 3 2 0 
0 990 8 18 0.503689236111111 0.30078125 0 3 -2 0 
1 1000 8.2 20 0.3408203125 0.565625 4.37390663821314 3 2 0 
0 1000 8 18 0.454477163461538 0.3203125 0 3 -2 0 
1 1010 8.2 20 0.38134765625 0.50546875 28.8773614842859 3 2 0 
0 1010 8 18 0.499782986111111 0.283203125 31.100643080168 3 -2 0 
1 1020 8.2 20 0.441731770833333 0.50546875 35.0319160727577 3 2 0 
0 1020 8 18 0.485727163461538 0.2724609375 31.7899859928151 3 -2 0 
1 1030 8.2 20 0.407552083333333 0.4765625 39.0992485980521 3 2 0 
0 1030 8 18 0.494010416666667 0.29453125 17.0707793341316 3 -2 0 
1 1040 8.2 20 0.434952445652174 0.371875 26.7154147854989 3 2 0 
0 1040 8 18 0.552556818181818 0.26953125 12.9023851350056 3 -2 0 
1 1050 8.2 20 0.486067708333333 0.36015625 31.6804757978386 3 2 0 
0 1050 8 18 0.416193181818182 0.33046875 10.1213774712099 3 -2 0 
1 1060 8.2 20 0.478146114864865 0.41640625 22.975799169831 3 2 0 
0 1060 8 18 0.38671875 0.39921875 16.1389102187137 3 -2 0 
1 1070 8.2 20 0.516493055555556 0.42421875 10.1374535206283 3 2 0 
0 1070 8 18 0.411024305555556 0.525 10.9934841603321 3 -2 0 
1 1080 8.2 20 0.533296130952381 0.43671875 15.104625738819 3 2 0 
0 1080 8 18 0.37548828125 0.54453125 4.99983535355426 3 -2 0 
1 1090 8.2 20 0.519616168478261 0.4638671875 4.80851233612226 3 1 0 
0 1090 8 19 0.392427884615385 0.502604166666667 4.03855127458555 3 -1 0 
1 1100 8.2 21 0.5634375 0.49140625 17.2584420835923 3 2 0 
0 1100 8 19 0.413628472222222 NaN NaN 3 -2 0 
1 1110 8.2 21 0.541294642857143 0.546875 6.04841764830324 3 2 0 
0 1110 8 19 0.31201171875 NaN NaN 3 -2 0 
1 1120 8.2 21 0.56953125 0.4046875 5.28047779233437 3 2 1 
0 1120 8 19 0.359375 NaN NaN 2 -2 -1 
1 1130 8.2 21 0.590127840909091 0.40234375 2.9688909954712 3 2 1 
0 1130 8 19 0.345424107142857 NaN NaN 2 -2 -1 
1 1140 8.2 21 0.601084183673469 0.49140625 10.2907514122773 3 2 1 
0 1140 8 19 0.282087053571429 NaN NaN 2 -2 -1 
1 1150 8.2 21 0.585092905405405 0.6265625 14.9353855342772 3 2 1 
0 1150 8 19 0.272135416666667 NaN NaN 2 -2 -1 
1 1160 8.2 21 0.624198717948718 0.75 10.7841223084855 3 2 1 
0 1160 8 19 0.244791666666667 0.166666666666667 3.61555878558754 2 -2 -1 
1 1170 8.2 22 0.673527644230769 0.76015625 8.62273788344302 3 3 3 
0 1170 8 19 0.2421875 0.2021484375 13.6320417506583 0 -3 -3 
1 1180 8.2 22 0.6689453125 0.72421875 5.73685442108182 3 3 3 
0 1180 8 19 0.2177734375 0.17578125 8.66722098596895 0 -3 -3 
1 1190 8.2 22 0.73193359375 0.77890625 4.04488509042605 3 3 3 
0 1190 8 19 0.2177734375 0.19921875 6.25407107463137 0 -3 -3 
1 1200 8.2 22 0.76171875 0.796875 3.56248383190267 3 3 3 
0 1200 8 19 0.232700892857143 0.203125 8.13941029804985 0 -3 -3 
