1 30 8.6 1 NaN 0.200604838709677 23.9386106605626 3 0 0 
0 30 5.4 1 NaN 0.348387096774194 33.1900364929188 3 0 0 
1 40 8.6 1 NaN 0.210483870967742 22.4034526920096 3 0 0 
0 40 5.4 1 NaN 0.346774193548387 33.4679789540339 3 0 0 
1 50 8.6 1 0.370967741935484 0.280645161290323 28.4535048001298 3 0 0 
0 50 5.4 1 0.370967741935484 0.409677419354839 34.503672476908 3 0 0 
1 60 8.6 1 0.368279569892473 0.437903225806452 32.6576276950532 3 0 0 
0 60 5.4 1 0.368548387096774 0.491129032258064 34.8132651150203 3 0 0 
1 70 8.6 1 0.380846774193548 0.44758064516129 28.5391029417276 3 0 0 
0 70 5.4 1 0.381653225806452 0.496774193548387 35.4614316432217 3 0 0 
1 80 8.6 1 0.463159824046921 0.481451612903226 32.5714923192522 3 0 0 
0 80 5.4 1 0.471129032258065 0.493951612903226 34.5060976746978 3 0 0 
1 90 8.6 1 0.400672043010753 0.488709677419355 37.0770563310024 3 0 0 
0 90 5.4 1 0.425230414746544 0.487903225806452 36.6760856418912 3 0 0 
1 100 8.6 2 0.400537634408602 0.47741935483871 34.985426305554 3 1 0 
0 100 5.4 1 0.424937965260546 0.47883064516129 36.1282231477835 3 -1 0 
1 110 8.6 2 0.480189340813464 0.503225806451613 33.8769773475618 3 0 0 
0 110 5.4 2 0.460806451612903 0.461290322580645 41.9271672889129 3 0 0 
1 120 8.6 2 0.404719235364397 0.498387096774194 32.930600795634 3 0 0 
0 120 5.4 2 0.401641705069124 0.473387096774194 38.9102027919809 3 0 0 
1 130 8.6 3 0.405645161290323 0.528225806451613 31.2485468242826 3 1 0 
0 130 5.4 2 0.395929339477727 0.467741935483871 40.2154652302016 3 -1 0 
1 140 8.6 3 0.491086587436333 0.468548387096774 34.9169326392933 3 0 0 
0 140 5.4 3 0.480062724014337 0.471774193548387 34.5601749342225 3 0 0 
1 150 8.6 3 0.421445639187575 0.424193548387097 40.2176342999875 3 0 0 
0 150 5.4 3 0.384744623655914 0.463709677419355 31.6639072330134 3 0 0 
1 160 8.6 3 0.393817204301075 0.416935483870968 43.4561568810517 3 0 0 
0 160 5.4 3 0.386520737327189 0.450806451612903 34.0990636917992 3 0 0 
1 170 8.6 4 0.465437788018433 0.435483870967742 25.9006002167444 3 1 0 
0 170 5.4 3 0.472379032258065 0.444354838709677 41.7398373161913 3 -1 0 
1 180 8.6 4 0.42278972520908 0.480645161290323 5.68554965654372 3 0 0 
0 180 5.4 4 0.400166852057842 0.441532258064516 28.5091986623022 3 0 0 
1 190 8.6 4 0.389479472140762 0.516935483870968 3.11606820527512 3 0 0 
0 190 5.4 4 0.404193548387097 0.418346774193548 6.05211673183636 3 0 0 
1 200 8.6 4 0.464717741935484 0.483064516129032 5.35029817720174 3 0 0 
0 200 5.4 4 0.470491202346041 0.391129032258065 33.6620364110963 3 0 0 
1 210 8.6 5 0.431841831425598 0.482258064516129 8.51624504686401 3 1 0 
0 210 5.4 4 0.392990074441687 0.412096774193548 26.0120146677998 3 -1 0 
1 220 8.6 5 0.413381123058542 0.499193548387097 4.99735194799785 3 1 0 
0 220 5.4 4 0.39247311827957 0.454032258064516 11.5598140695186 3 -1 0 
1 230 8.6 5 0.464285714285714 0.44758064516129 7.3214513297601 3 0 0 
0 230 5.4 5 0.464885752688172 0.503225806451613 5.72649109325876 3 0 0 
1 240 8.6 5 0.44089558573854 0.428763440860215 4.67752931923198 3 0 0 
0 240 5.4 5 0.395578420467186 0.480846774193548 5.41642746092571 3 0 0 
1 250 8.6 5 0.403592375366569 0.330645161290323 45.807773495367 3 0 0 
0 250 5.4 5 0.40136476426799 0.497983870967742 6.5830277334082 3 0 0 
1 260 8.6 6 0.468010752688172 0.386290322580645 33.7874440544141 3 1 0 
0 260 5.4 5 0.477741935483871 0.361895161290323 36.13026695728 3 -1 0 
1 270 8.6 6 0.409899888765295 0.499193548387097 36.4865044483669 3 0 0 
0 270 5.4 6 0.392258064516129 0.326612903225806 27.6340123773475 3 0 0 
1 280 8.6 6 0.409712482468443 0.562096774193548 32.2064824825628 3 0 0 
0 280 5.4 6 0.368279569892473 0.358870967741936 5.69115748209325 3 0 0 
1 290 8.6 7 0.52865025466893 0.618548387096774 32.2461772639576 3 1 0 
0 290 5.4 6 0.451612903225806 0.291129032258064 23.8937171902777 3 -1 0 
1 300 8.6 7 0.474539170506912 0.584677419354839 34.1361209128927 3 1 0 
0 300 5.4 6 0.368279569892473 0.318548387096774 22.4792111323193 3 -1 0 
1 310 8.6 7 0.41549059139785 0.463709677419355 39.10448607076 3 1 0 
0 310 5.4 6 0.379704301075269 0.411290322580645 29.6033420501283 3 -1 0 
1 320 8.6 7 0.477066532258065 0.420161290322581 30.5210647297994 3 1 0 
0 320 5.4 6 0.44968443197756 0.478225806451613 31.3020393158 3 -1 0 
1 330 8.6 8 0.40668202764977 0.431451612903226 31.9746215494131 3 1 0 
0 330 5.4 7 0.432834101382489 0.488709677419355 31.7182420761923 3 -1 0 
1 340 8.6 8 0.401881720430108 0.432258064516129 40.9344913913427 3 1 0 
0 340 5.4 7 0.435819892473118 0.464717741935484 35.1321274542229 3 -1 0 
1 350 8.6 8 0.461143695014663 0.425806451612903 28.6527225199435 3 1 0 
0 350 5.4 7 0.495967741935484 0.456653225806452 29.6708052823064 3 -1 0 
1 360 8.6 8 0.426537298387097 0.416935483870968 23.36214049936 3 1 0 
0 360 5.4 7 0.434193548387097 0.444556451612903 23.6119680100566 3 -1 0 
1 370 8.6 8 0.425776583034648 0.455645161290323 21.4889206648091 3 1 0 
0 370 5.4 7 0.407258064516129 0.446774193548387 15.6738757243689 3 -1 0 
1 380 8.6 9 0.530577956989247 0.482258064516129 18.0833335928792 3 2 0 
0 380 5.4 7 0.431199596774194 0.468548387096774 12.1196466128432 3 -2 0 
1 390 8.6 9 0.459677419354839 0.521774193548387 18.6730993703487 3 2 0 
0 390 5.4 7 0.369354838709677 0.417741935483871 15.2212617005392 3 -2 0 
1 400 8.6 9 0.387480798771121 0.536290322580645 19.5001920443529 3 1 0 
0 400 5.4 8 0.366551459293395 0.437903225806452 18.2632994611184 3 -1 0 
1 410 8.6 9 0.494815668202765 0.641129032258065 14.7796118187883 3 1 0 
0 410 5.4 8 0.401528013582343 0.401612903225806 10.20294476564 3 -1 0 
1 420 8.6 10 0.467069892473118 0.632056451612903 1.77096645944898 3 2 0 
0 420 5.4 8 0.372914349276974 0.346774193548387 7.69756962340544 3 -2 0 
1 430 8.6 10 0.451015531660693 0.557459677419355 6.2847967373295 3 2 0 
0 430 5.4 8 0.383467741935484 0.397177419354839 17.0823247978735 3 -2 0 
1 440 8.6 10 0.566426146010187 0.419354838709677 50.1738218159288 3 2 0 
0 440 5.4 8 0.442741935483871 0.401612903225806 15.4325146704892 3 -2 0 
1 450 8.6 10 0.443678459937565 0.393145161290323 26.8138141552045 3 1 0 
0 450 5.4 9 0.399332591768632 0.425 21.8116001514428 3 -1 0 
1 460 8.6 10 0.411290322580645 0.438508064516129 13.6409724525574 3 1 0 
0 460 5.4 9 0.426814516129032 0.495161290322581 10.2904158331647 3 -1 0 
1 470 8.6 11 0.497673697270471 0.490927419354839 8.38293748512281 3 2 0 
0 470 5.4 9 0.480286738351255 0.485215053763441 14.0851678146342 3 -2 0 
1 480 8.6 11 0.463248847926267 0.409274193548387 37.988728494627 3 2 0 
0 480 5.4 9 0.443703473945409 0.512096774193548 8.20060973342836 3 -2 0 
1 490 8.6 11 0.498192436040044 0.445564516129032 18.9211194961853 3 2 0 
0 490 5.4 9 0.370967741935484 0.341397849462366 34.8040279667231 3 -2 0 
1 500 8.6 11 0.544220430107527 0.39758064516129 34.4608435690543 3 2 0 
0 500 5.4 9 0.38239247311828 0.266129032258065 38.2319301285194 3 -2 0 
1 510 8.6 12 0.473387096774194 0.425806451612903 38.9503094281476 3 2 0 
0 510 5.4 10 0.397058823529412 0.310483870967742 27.5294607312527 3 -2 0 
1 520 8.6 12 0.473118279569892 0.528225806451613 31.4766318346412 3 2 0 
0 520 5.4 10 0.373207885304659 0.341733870967742 14.2734907302042 3 -2 0 
1 530 8.6 12 0.555510752688172 0.582258064516129 9.45310714546564 3 2 0 
0 530 5.4 10 0.371471774193548 0.342741935483871 6.02079728939615 3 -2 0 
1 540 8.6 13 0.473014888337469 0.644354838709677 7.76314439495751 3 3 0 
0 540 5.4 10 0.364717741935484 0.203629032258065 24.8243831746128 3 -3 0 
1 550 8.6 13 0.419354838709677 0.667741935483871 11.1010318225103 3 3 0 
0 550 5.4 10 0.370967741935484 0.221774193548387 20.7452234038029 3 -3 0 
1 560 8.6 13 0.548268500948767 0.595967741935484 7.61102813504209 3 3 0 
0 560 5.4 10 0.489055299539171 0.225 17.1809495651749 3 -3 0 
1 570 8.6 13 0.500806451612903 0.534677419354839 8.42590071913449 3 2 0 
0 570 5.4 11 0.314278937381404 0.291935483870968 18.0098959039443 3 -2 0 
1 580 8.6 13 0.493279569892473 0.481451612903226 9.87253087205725 3 2 0 
0 580 5.4 11 0.388013196480938 0.358870967741936 13.9978658926503 3 -2 0 
1 590 8.6 13 0.581605222734255 0.426612903225806 8.82285586783388 3 2 0 
0 590 5.4 11 0.38741935483871 0.370161290322581 14.1930304108348 3 -2 0 
1 600 8.6 13 0.468484719864177 0.466129032258065 7.8573208539577 3 2 0 
0 600 5.4 11 0.399063475546306 0.419354838709677 33.1083149610165 3 -2 0 
1 610 8.6 13 0.398617511520737 0.566129032258065 10.1944270109537 3 2 0 
0 610 5.4 11 0.414170506912442 0.405241935483871 34.3419329297715 3 -2 0 
1 620 8.6 14 0.484591013824885 0.619354838709677 14.3013356542739 3 3 0 
0 620 5.4 11 0.507444168734491 0.360215053763441 5.09072136786195 3 -3 0 
1 630 8.6 14 0.435782556750299 0.669354838709677 5.0386702317047 3 2 0 
0 630 5.4 12 0.408266129032258 0.334677419354839 8.93271636246814 3 -2 0 
1 640 8.6 14 0.3828125 0.649193548387097 6.41937450967515 3 2 0 
0 640 5.4 12 0.384632616487455 0.309139784946237 5.80722359421285 3 -2 0 
1 650 8.6 14 0.475806451612903 0.67258064516129 12.4978120919383 3 2 0 
0 650 5.4 12 0.394556451612903 0.263104838709677 13.9886648427088 3 -2 0 
1 660 8.6 14 0.417013527575442 0.716935483870968 7.79526148972977 3 2 0 
0 660 5.4 12 0.357785359801489 0.230645161290323 16.0937183842383 3 -2 0 
1 670 8.6 14 0.440161290322581 0.737903225806452 3.94719744134665 3 2 0 
0 670 5.4 12 0.402150537634409 0.270161290322581 23.5183525222706 3 -2 0 
1 680 8.6 15 0.474672379032258 0.67741935483871 7.13613972107269 3 3 0 
0 680 5.4 12 0.419354838709677 0.295362903225806 26.7611775061698 3 -3 0 
1 690 8.6 15 0.409274193548387 0.629032258064516 11.2756995836245 3 3 0 
0 690 5.4 12 0.381336405529954 0.407258064516129 34.4419801985891 3 -3 0 
1 700 8.6 15 0.521968854282536 0.679032258064516 18.232031919298 3 3 0 
0 700 5.4 12 0.379456706281834 0.201612903225806 0 3 -3 0 
1 710 8.6 15 0.584799608993157 0.668548387096774 38.4308449257337 3 3 0 
0 710 5.4 12 0.391312316715542 0.147177419354839 11.7686022959398 3 -3 0 
1 720 8.6 16 0.484677419354839 0.62741935483871 54.6278860512344 3 4 1 
0 720 5.4 12 0.376753155680224 0.172043010752688 11.594302182564 2 -4 -1 
1 730 8.6 16 0.522033410138249 0.666935483870968 37.3415226617812 3 4 1 
0 730 5.4 12 0.415706605222734 0.162298387096774 13.2818845279593 2 -4 -1 
1 740 8.6 16 0.570060483870968 0.601612903225806 27.0072149291465 3 3 1 
0 740 5.4 13 0.453494623655914 0.1875 3.35651328240503 2 -3 -1 
1 750 8.6 16 0.475576036866359 0.541935483870968 12.3632668766322 3 3 1 
0 750 5.4 13 0.363429172510519 0.254032258064516 25.671503647672 2 -3 -1 
1 760 8.6 16 0.476640711902113 0.537903225806452 12.0940172132311 3 3 1 
0 760 5.4 13 0.383400537634409 0.283266129032258 17.4281874999616 2 -3 -1 
1 770 8.6 16 0.587701612903226 0.604838709677419 9.22148325902974 3 3 1 
0 770 5.4 13 0.360752688172043 0.291935483870968 16.7487897907566 2 -3 -1 
1 780 8.6 16 0.486042183622829 0.687903225806452 6.06540184098605 3 3 1 
0 780 5.4 13 0.326108870967742 0.232258064516129 21.6660344911966 2 -3 -1 
1 790 8.6 17 0.492084826762246 0.74758064516129 5.96389874787729 3 4 1 
0 790 5.4 13 0.291834677419355 0.22741935483871 12.2946912519424 2 -4 -1 
1 800 8.6 17 0.656701890989989 0.810483870967742 4.17787401318352 3 4 1 
0 800 5.4 13 0.291834677419355 0.194354838709677 12.1903708489848 2 -4 -1 
1 810 8.6 17 0.542106079404466 0.826612903225806 5.62544844633228 3 4 1 
0 810 5.4 13 0.303763440860215 0.145161290322581 7.70034014655495 2 -4 -1 
1 820 8.6 17 0.546489563567362 0.831451612903226 4.42891363274619 3 4 2 
0 820 5.4 13 NaN 0.121774193548387 5.69349369692746 1 -4 -2 
1 830 8.6 17 0.645161290322581 0.828225806451613 3.81830947424929 3 4 2 
0 830 5.4 13 0.18010752688172 0.15994623655914 9.70876867437349 1 -4 -2 
1 840 8.6 18 0.603917050691244 0.831653225806452 8.50814114929538 3 4 2 
0 840 5.4 14 0.230174731182796 0.120967741935484 0 1 -4 -2 
1 850 8.6 18 0.745234604105572 0.838709677419355 3.52076375942367 3 4 2 
0 850 5.4 14 0.166666666666667 0.129032258064516 0 1 -4 -2 
1 860 8.6 18 0.714247311827957 0.851814516129032 7.25074572508361 3 4 2 
0 860 5.4 14 0.174193548387097 0.127016129032258 1.58113883008419 1 -4 -2 
1 870 8.6 18 0.664516129032258 0.838709677419355 7.10650815333981 3 3 2 
0 870 5.4 15 0.195060483870968 0.125 2.82404531833319 1 -3 -2 
1 880 8.6 18 NaN 0.820564516129032 2.91547594742265 3 3 2 
0 880 5.4 15 0.209677419354839 0.151209677419355 10.3204596016495 1 -3 -2 
