1 30 7.8 1 NaN 0.216733870967742 19.898633982829 3 0 0 
0 30 8 1 NaN 0.204032258064516 18.7465615113528 3 0 0 
1 40 7.8 1 NaN 0.30241935483871 23.4927788443267 3 0 0 
0 40 8 1 NaN 0.263709677419355 22.1625445130383 3 0 0 
1 50 7.8 1 0.383064516129032 0.37741935483871 25.0070790557658 3 0 0 
0 50 8 1 0.380376344086022 0.346774193548387 24.7865275026959 3 0 0 
1 60 7.8 1 0.383064516129032 0.468548387096774 25.8082242135493 3 0 0 
0 60 8 1 0.383064516129032 0.42741935483871 24.8745989647842 3 0 0 
1 70 7.8 1 0.401008064516129 0.454032258064516 25.7870486920848 3 0 0 
0 70 8 1 0.412563667232598 0.478225806451613 32.4499480329889 3 0 0 
1 80 7.8 1 0.46690188172043 0.479838709677419 26.729408523615 3 0 0 
0 80 8 1 0.462833099579243 0.475 31.296327404155 3 0 0 
1 90 7.8 1 0.425078043704474 0.479838709677419 28.5939248670938 3 0 0 
0 90 8 1 0.407556750298686 0.491935483870968 35.2771064755735 3 0 0 
1 100 7.8 1 0.443064516129032 0.433870967741935 19.53214853605 3 0 0 
0 100 8 1 0.403225806451613 0.478225806451613 25.5938924365925 3 0 0 
1 110 7.8 2 0.488269794721408 0.44758064516129 27.5274414235771 3 0 0 
0 110 8 2 0.457181259600614 0.490322580645161 24.3340169426795 3 0 0 
1 120 7.8 2 0.426638917793965 0.464516129032258 29.3280122870564 3 0 0 
0 120 8 2 0.398185483870968 0.47741935483871 26.9047100533233 3 0 0 
1 130 7.8 2 0.394312393887946 0.466935483870968 26.7401170525917 3 0 0 
0 130 8 2 0.42467008797654 0.465322580645161 28.2706055273405 3 0 0 
1 140 7.8 2 0.462701612903226 0.470766129032258 24.0531692774165 3 -1 0 
0 140 8 3 0.48471986417657 0.454032258064516 37.6863754010307 3 1 0 
1 150 7.8 3 0.409354838709677 0.482862903225806 25.1372745676235 3 0 0 
0 150 8 3 0.409274193548387 0.443548387096774 33.192452324144 3 0 0 
1 160 7.8 3 0.421554252199413 0.411290322580645 48.4178466227773 3 0 0 
0 160 8 3 0.383064516129032 0.445161290322581 23.5888260701331 3 0 0 
1 170 7.8 3 0.483870967741936 0.412298387096774 30.710081376763 3 0 0 
0 170 8 3 0.483321114369501 0.498991935483871 16.186301020765 3 0 0 
1 180 7.8 3 0.408122119815668 0.400806451612903 38.0480003081655 3 -1 0 
0 180 8 4 0.418010752688172 0.467741935483871 20.2632216619954 3 1 0 
1 190 7.8 4 0.39656381486676 0.416129032258064 30.170880399772 3 0 0 
0 190 8 4 0.400537634408602 0.382258064516129 45.1059731648431 3 0 0 
1 200 7.8 4 0.453003337041157 0.425 25.1718437789319 3 0 0 
0 200 8 4 0.481241234221599 0.394354838709677 29.2863972460277 3 0 0 
1 210 7.8 4 0.419614984391259 0.458064516129032 26.7789353829557 3 0 0 
0 210 8 4 0.411887694145759 0.470161290322581 18.870665025771 3 0 0 
1 220 7.8 4 0.438676075268817 0.475 23.9077093896037 3 0 0 
0 220 8 4 0.413594470046083 0.466129032258065 19.7796153584754 3 0 0 
1 230 7.8 5 0.486895161290323 0.474193548387097 28.3574122949893 3 0 0 
0 230 8 5 0.469495091164095 0.431451612903226 25.004607418352 3 0 0 
1 240 7.8 5 0.418817204301075 0.483870967741936 25.592283927613 3 0 0 
0 240 8 5 0.390395894428152 0.473387096774194 21.2121771001374 3 0 0 
1 250 7.8 5 0.387701612903226 0.465725806451613 22.1991824016493 3 0 0 
0 250 8 5 0.406653225806452 0.476612903225806 24.056456927684 3 0 0 
1 260 7.8 6 0.481048387096774 0.461693548387097 22.2654385634318 3 0 0 
0 260 8 6 0.473973607038123 0.488709677419355 26.5900542866311 3 0 0 
1 270 7.8 6 0.411578341013825 0.454637096774194 24.4093445800852 3 0 0 
0 270 8 6 0.420189098998888 0.464516129032258 22.8819884212608 3 0 0 
1 280 7.8 6 0.388104838709677 0.45 23.8927804808741 3 0 0 
0 280 8 6 0.427227342549923 0.504838709677419 21.5255166616394 3 0 0 
1 290 7.8 6 0.452188940092166 0.437903225806452 23.1735262426775 3 0 0 
0 290 8 6 0.481686827956989 0.491129032258064 25.3482205604964 3 0 0 
1 300 7.8 6 0.421696149843913 0.462701612903226 28.7755450667294 3 0 0 
0 300 8 6 0.413138440860215 0.487096774193548 20.0954335102334 3 0 0 
1 310 7.8 6 0.432171658986175 0.45241935483871 28.3844638160603 3 0 0 
0 310 8 6 0.443548387096774 0.439516129032258 25.0333771906168 3 0 0 
1 320 7.8 7 0.47011385199241 0.469354838709677 23.9079636809817 3 1 0 
0 320 8 6 0.457478005865103 0.433870967741935 16.4495857122106 3 -1 0 
1 330 7.8 7 0.394009216589862 0.418548387096774 24.6814369786395 3 0 0 
0 330 8 7 0.391129032258065 0.481451612903226 20.6064636560611 3 0 0 
1 340 7.8 7 0.383064516129032 0.34375 28.3321835696355 3 0 0 
0 340 8 7 0.449500768049155 0.491935483870968 11.3622850016738 3 0 0 
1 350 7.8 7 0.435483870967742 0.386088709677419 15.9683673659981 3 0 0 
0 350 8 7 0.505796370967742 0.533064516129032 23.7958670846117 3 0 0 
1 360 7.8 7 0.386592741935484 0.362096774193548 27.9762852464834 3 0 0 
0 360 8 7 0.455346475507766 0.533870967741936 24.8356041329711 3 0 0 
1 370 7.8 7 0.405443548387097 0.376612903225806 22.5313986406746 3 -1 0 
0 370 8 8 0.418778801843318 0.52258064516129 28.6440407856291 3 1 0 
1 380 7.8 7 0.448700716845878 0.40625 28.9624650963154 3 -1 0 
0 380 8 8 0.459310850439883 0.485483870967742 34.6153993435868 3 1 0 
1 390 7.8 8 0.414188508064516 0.443548387096774 34.0913480425181 3 0 0 
0 390 8 8 0.419838709677419 0.457258064516129 28.8139092627583 3 0 0 
1 400 7.8 8 0.407930107526882 0.441532258064516 34.4022326109237 3 0 0 
0 400 8 8 0.41304347826087 0.393548387096774 31.5163718933438 3 0 0 
1 410 7.8 8 0.488429172510519 0.452956989247312 37.5657673466707 3 -1 0 
0 410 8 9 0.470564516129032 0.379838709677419 29.3814089278681 3 1 0 
1 420 7.8 8 0.442428315412186 0.431451612903226 37.2864139839585 3 -1 0 
0 420 8 9 0.383064516129032 0.468548387096774 28.3165855162909 3 1 0 
1 430 7.8 8 0.414838709677419 0.4375 30.2876649771819 3 -1 0 
0 430 8 9 0.405241935483871 0.467741935483871 27.6766865402369 3 1 0 
1 440 7.8 8 0.480645161290323 0.412903225806452 30.4572550698208 3 -1 0 
0 440 8 9 0.475403225806452 0.460483870967742 22.6991299413423 3 1 0 
1 450 7.8 8 0.399032258064516 0.438709677419355 28.2273944668952 3 -1 0 
0 450 8 9 0.405073924731183 0.479838709677419 5.7677966379199 3 1 0 
1 460 7.8 8 0.404508797653959 0.456451612903226 22.9925016626324 3 -2 0 
0 460 8 10 0.404953917050691 0.451612903225806 17.5800534164403 3 2 0 
1 470 7.8 9 0.464410939691445 0.461693548387097 35.2874188131146 3 -1 0 
0 470 8 10 0.492831541218638 0.458870967741935 21.8484405852592 3 1 0 
1 480 7.8 9 0.416873449131514 0.446572580645161 32.5958639659203 3 -1 0 
0 480 8 10 0.438172043010753 0.443548387096774 32.077012969636 3 1 0 
1 490 7.8 9 0.415898617511521 0.436491935483871 33.6352826197728 3 -1 0 
0 490 8 10 0.405058651026393 0.47741935483871 20.5399682030754 3 1 0 
1 500 7.8 9 0.483234295415959 0.398387096774194 39.2810790861037 3 -2 0 
0 500 8 11 0.447412634408602 0.446774193548387 19.9039268693518 3 2 0 
1 510 7.8 9 0.418970814132104 0.45 34.5436452970941 3 -2 0 
0 510 8 11 0.431268328445748 0.466129032258065 20.566934258063 3 2 0 
1 520 7.8 10 0.395797962648557 0.435483870967742 21.0167942580495 3 -1 0 
0 520 8 11 0.445197947214076 0.464717741935484 24.053887322377 3 1 0 
1 530 7.8 10 0.438676075268817 0.407258064516129 12.8746579301688 3 -1 0 
0 530 8 11 0.493346774193548 0.460685483870968 30.5540170480933 3 1 0 
1 540 7.8 10 0.4293659621802 0.430443548387097 19.259565075062 3 -1 0 
0 540 8 11 0.390961021505376 0.411290322580645 32.7538422593552 3 1 0 
1 550 7.8 10 0.438455008488964 0.419354838709677 29.6297946505101 3 -1 0 
0 550 8 11 0.389479472140762 0.42258064516129 27.5829063935942 3 1 0 
1 560 7.8 11 0.460887096774194 0.431451612903226 27.6085886385135 3 -1 0 
0 560 8 12 0.449791883454735 0.479838709677419 21.1199833526141 3 1 0 
1 570 7.8 11 0.415322580645161 0.437903225806452 29.2698905872657 3 -1 0 
0 570 8 12 0.428349875930521 0.507258064516129 12.8767572292867 3 1 0 
1 580 7.8 11 0.403225806451613 0.404032258064516 30.4339252763261 3 -1 0 
0 580 8 12 0.503528225806452 0.545967741935484 14.398785849207 3 1 0 
1 590 7.8 11 0.457258064516129 0.417741935483871 32.4680374316146 3 -1 0 
0 590 8 12 0.504962779156327 0.519153225806452 16.82965451293 3 1 0 
1 600 7.8 11 0.442502986857826 0.432258064516129 27.8687181047909 3 -1 0 
0 600 8 12 0.435051843317972 0.529233870967742 24.6548913175833 3 1 0 
1 610 7.8 12 0.413754480286738 0.411290322580645 18.8325376306464 3 -1 0 
0 610 8 13 0.419546850998464 0.487903225806452 21.509168546769 3 1 0 
1 620 7.8 12 0.468862007168459 0.346774193548387 25.9563641477129 3 -1 0 
0 620 8 13 0.49615975422427 0.393145161290323 35.4107863566836 3 1 0 
1 630 7.8 12 0.405577956989247 0.346774193548387 13.3525394636955 3 -1 0 
0 630 8 13 0.399894810659187 0.456653225806452 25.0036265632177 3 1 0 
1 640 7.8 12 0.402524544179523 0.387096774193548 8.33628828211572 3 -1 0 
0 640 8 13 0.417170698924731 0.507056451612903 16.6201083096379 3 1 0 
1 650 7.8 12 0.449677419354839 0.294354838709677 23.3781500789813 3 -1 0 
0 650 8 13 0.487593052109181 0.404032258064516 32.3651815687953 3 1 0 
1 660 7.8 12 0.402450372208437 0.407258064516129 16.5550981566545 3 -1 0 
0 660 8 13 0.415477667493797 0.429838709677419 20.3779911902865 3 1 0 
1 670 7.8 13 0.44573252688172 0.47883064516129 22.7939345423656 3 0 0 
0 670 8 13 0.402822580645161 0.426411290322581 15.3935762721036 3 0 0 
1 680 7.8 13 0.5 0.445564516129032 25.3664016825006 3 0 0 
0 680 8 13 0.474523460410557 0.452620967741936 15.6755924338249 3 0 0 
1 690 7.8 13 0.41241935483871 0.418346774193548 17.5083788264018 3 -1 0 
0 690 8 14 0.437741935483871 0.450268817204301 2.62910042107674 3 1 0 
1 700 7.8 13 0.413810483870968 0.453629032258065 15.6397611005239 3 -1 0 
0 700 8 14 0.393026565464896 0.467741935483871 8.06225774829855 3 1 0 
1 710 7.8 13 0.480924317617866 0.397849462365591 22.6500163150248 3 -1 0 
0 710 8 14 0.451612903225806 0.403225806451613 53.5251285716083 3 1 0 
1 720 7.8 14 0.474681170292573 0.434139784946237 20.668762276484 3 0 0 
0 720 8 14 0.388440860215054 0.395161290322581 32.1675524288489 3 0 0 
1 730 7.8 14 0.482862903225806 0.432459677419355 26.4064103027336 3 0 0 
0 730 8 14 0.383276740237691 0.260752688172043 35.071496331017 3 0 0 
1 740 7.8 15 0.539833822091887 0.480846774193548 33.394892386349 3 1 0 
0 740 8 14 0.380376344086022 0.254032258064516 31.7797431738414 3 -1 0 
1 750 7.8 15 0.500366568914956 0.520161290322581 16.0853425403981 3 1 0 
0 750 8 14 0.368279569892473 0.363911290322581 16.2263452493571 3 -1 0 
1 760 7.8 15 0.513196480938416 0.549395161290323 7.64868134897251 3 1 0 
0 760 8 14 0.400806451612903 0.372983870967742 19.1940821362255 3 -1 0 
1 770 7.8 15 0.539314516129032 0.513104838709677 6.0341632393021 3 0 0 
0 770 8 15 0.477150537634409 0.333064516129032 24.2624657300011 3 0 0 
1 780 7.8 15 0.469921534437663 0.52116935483871 9.8527698037681 3 0 0 
0 780 8 15 0.370967741935484 0.331451612903226 14.0544116570026 3 0 0 
1 790 7.8 15 0.434256661991585 0.518145161290323 5.74449094471825 3 0 0 
0 790 8 15 0.40994623655914 0.354838709677419 20.8986317609497 3 0 0 
1 800 7.8 16 0.493331265508685 0.550403225806452 8.78856712793131 3 1 0 
0 800 8 15 0.469758064516129 0.360215053763441 12.5944779491386 3 -1 0 
1 810 7.8 16 0.456500488758553 0.568548387096774 17.0750352799446 3 1 0 
0 810 8 15 0.392249103942652 0.353494623655914 10.2079460259272 3 -1 0 
1 820 7.8 16 0.445132488479263 0.560483870967742 7.07087988831376 3 1 0 
0 820 8 15 0.401008064516129 0.383064516129032 0 3 -1 0 
1 830 7.8 16 0.495037220843672 0.604032258064516 9.11139094800122 3 1 0 
0 830 8 15 0.429618768328446 NaN NaN 3 -1 0 
1 840 7.8 17 0.469052419354839 0.516935483870968 15.8635538012235 3 2 0 
0 840 8 15 0.386460101867572 0.155241935483871 1.80277563773199 3 -2 0 
1 850 7.8 17 0.498991935483871 0.508064516129032 27.2563590834982 3 2 0 
0 850 8 15 0.385398981324278 0.300403225806452 14.9164338901763 3 -2 0 
1 860 7.8 17 0.608220603537981 0.566532258064516 29.9059514364676 3 1 0 
0 860 8 16 0.330645161290323 0.272849462365591 26.430088537121 3 -1 0 
1 870 7.8 17 0.538004032258065 0.649193548387097 21.6370542223477 3 1 0 
0 870 8 16 0.301971326164875 0.230645161290323 21.3653492535992 3 -1 0 
1 880 7.8 18 0.568442275042445 0.693548387096774 25.5608078607116 3 2 0 
0 880 8 16 0.310483870967742 0.292741935483871 13.8316589095787 3 -2 0 
1 890 7.8 18 0.648469809760132 0.685483870967742 31.184094905601 3 2 0 
0 890 8 16 NaN 0.286290322580645 17.8639910439436 3 -2 0 
1 900 7.8 18 0.533724340175953 0.655241935483871 33.4252898267165 3 1 0 
0 900 8 17 0.27665770609319 0.290322580645161 32.9990231715255 3 -1 0 
1 910 7.8 18 0.509360599078341 0.516129032258065 0 3 1 0 
0 910 8 17 0.300907258064516 0.323387096774194 32.0503460733025 3 -1 0 
1 920 7.8 18 0.575901328273245 0.520161290322581 0 3 1 0 
0 920 8 17 0.300907258064516 0.333870967741935 13.8951651448334 3 -1 0 
1 930 7.8 18 0.523056244830438 0.491935483870968 0 3 1 0 
0 930 8 17 0.341164095371669 0.399193548387097 18.7653647657877 3 -1 0 
1 940 7.8 18 0.523283038501561 0.504032258064516 0 3 1 0 
0 940 8 17 0.418682795698925 0.412903225806452 20.9262077154344 3 -1 0 
1 950 7.8 18 0.555406212664277 0.296370967741936 48.7083155118302 3 1 0 
0 950 8 17 0.449820788530466 0.408064516129032 28.4737214965052 3 -1 0 
1 960 7.8 18 0.453433922996878 0.331989247311828 20.5651161642222 3 1 0 
0 960 8 17 0.402721774193548 0.4 24.9821532886843 3 -1 0 
1 970 7.8 18 0.439361042183623 0.293346774193548 27.6291536481536 3 0 0 
0 970 8 18 0.435867895545315 0.351612903225806 23.7804419925477 3 0 0 
1 980 7.8 19 0.535 0.413306451612903 17.5778435323629 3 1 0 
0 980 8 18 0.491223908918406 0.313709677419355 26.7545674581067 3 -1 0 
1 990 7.8 19 0.449462365591398 0.453225806451613 20.9143183386552 3 1 0 
0 990 8 18 0.383431085043988 0.42258064516129 31.6174471645882 3 -1 0 
1 1000 7.8 19 0.446404569892473 0.497311827956989 16.3628375172212 3 1 0 
0 1000 8 18 0.389592933947773 0.484677419354839 28.3811348306256 3 -1 0 
1 1010 7.8 19 0.486559139784946 0.455645161290323 5.78519228379982 3 1 0 
0 1010 8 18 0.521505376344086 0.47258064516129 13.6211371817386 3 -1 0 
1 1020 7.8 19 0.451437587657784 0.51747311827957 11.7672018961156 3 0 0 
0 1020 8 19 0.444521690767519 0.380645161290323 22.0429618270958 3 0 0 
1 1030 7.8 19 0.471198156682028 0.462365591397849 19.252566150223 3 0 0 
0 1030 8 19 0.451444892473118 0.357258064516129 14.2487968759493 3 0 0 
1 1040 7.8 19 0.518610421836228 0.31989247311828 7.72448454147656 3 0 0 
0 1040 8 19 0.508064516129032 0.443548387096774 17.5776715509635 3 0 0 
1 1050 7.8 19 0.395161290322581 0.318548387096774 16.5069435464729 3 0 0 
0 1050 8 19 0.49317617866005 0.482258064516129 18.1008575925821 3 0 0 
1 1060 7.8 19 0.396975806451613 0.295362903225806 29.9405836048854 3 0 0 
0 1060 8 19 0.450652841781874 0.473387096774194 5.43183798022341 3 0 0 
1 1070 7.8 19 0.425691244239631 0.401209677419355 18.2226861510977 3 0 0 
0 1070 8 19 0.499266862170088 0.486290322580645 12.702973731054 3 0 0 
1 1080 7.8 19 0.413225806451613 0.454032258064516 22.0602166964406 3 0 0 
0 1080 8 19 0.424677419354839 0.474193548387097 8.07504963963042 3 0 0 
1 1090 7.8 19 0.440356182795699 0.405913978494624 30.3995082823954 3 0 0 
0 1090 8 19 0.401823281907433 0.288709677419355 14.9064762212607 3 0 0 
1 1100 7.8 20 0.478686635944701 0.459677419354839 37.6913038647744 3 1 0 
0 1100 8 19 0.485732009925558 0.27258064516129 10.4917684132685 3 -1 0 
1 1110 7.8 20 0.485887096774194 0.501008064516129 22.4241276361239 3 1 0 
0 1110 8 19 0.368699596774194 0.355645161290323 13.6454316630669 3 -1 0 
1 1120 7.8 20 0.4834229390681 0.484879032258065 32.2104308915134 3 1 0 
0 1120 8 19 0.371588089330025 0.419354838709677 18.2720972348733 3 -1 0 
1 1130 7.8 20 0.555155529953917 0.432459677419355 34.8715041954792 3 1 0 
0 1130 8 19 0.418424317617866 0.431451612903226 16.8898488443116 3 -1 0 
1 1140 7.8 20 0.474539170506912 0.502016129032258 17.1656877695087 3 0 0 
0 1140 8 20 0.350569259962049 0.340725806451613 28.4757684136683 3 0 0 
1 1150 7.8 20 0.448387096774194 0.509072580645161 14.9625339444459 3 0 0 
0 1150 8 20 0.424731182795699 0.248991935483871 32.4441320939527 3 0 0 
1 1160 7.8 20 0.489130434782609 0.523185483870968 5.00611041093531 3 0 0 
0 1160 8 20 0.432795698924731 0.325604838709677 18.3883376960955 3 0 0 
1 1170 7.8 20 0.5 0.533266129032258 6.17917255836616 3 0 0 
0 1170 8 20 0.359094982078853 0.357862903225806 17.7148037821857 3 0 0 
1 1180 7.8 20 0.518225806451613 0.588709677419355 14.8711519141669 3 0 0 
0 1180 8 20 0.40165770609319 0.310483870967742 24.5024228493247 3 0 0 
1 1190 7.8 20 0.552558398220245 0.591397849462366 6.55071372176186 3 0 0 
0 1190 8 20 0.421034946236559 0.307258064516129 19.9744575483358 3 0 0 
1 1200 7.8 20 0.481748726655348 0.600806451612903 16.2968069718168 3 0 0 
0 1200 8 20 0.325100806451613 0.316129032258065 17.4702484468255 3 0 0 
1 1210 7.8 20 0.491612903225806 0.602150537634409 4.85756741233238 3 0 0 
0 1210 8 20 0.417338709677419 0.312096774193548 15.2274380277034 3 0 0 
1 1220 7.8 20 0.60258064516129 0.616935483870968 6.02079728939615 3 -1 0 
0 1220 8 21 0.436827956989247 0.358064516129032 7.69300606572907 3 1 0 
1 1230 7.8 20 0.545410906298003 0.399193548387097 26.7441582406327 3 -1 0 
0 1230 8 21 0.315524193548387 0.406451612903226 11.1952914280101 3 1 0 
1 1240 7.8 20 0.526565464895636 NaN NaN 3 -1 0 
0 1240 8 21 0.389578163771712 0.466129032258065 22.2374364715595 3 1 0 
1 1250 7.8 21 0.611935483870968 NaN NaN 3 0 1 
0 1250 8 21 0.388608870967742 0.469354838709677 21.5800910009154 2 0 -1 
1 1260 7.8 21 0.496723790322581 0.169354838709677 0 3 0 1 
0 1260 8 21 0.333491461100569 0.425806451612903 27.4702380851092 2 0 -1 
1 1270 7.8 21 0.490630929791271 0.358870967741936 0 3 0 1 
0 1270 8 21 0.477928692699491 0.475 28.2460185648008 2 0 -1 
1 1280 7.8 21 0.564314516129032 0.358870967741936 0 3 0 1 
0 1280 8 21 0.514976958525346 0.499193548387097 32.4990016040659 2 0 -1 
1 1290 7.8 21 0.440211345939933 0.216397849462366 27.7788607238017 3 0 1 
0 1290 8 21 0.403091397849462 0.529032258064516 23.2519019388283 2 0 -1 
1 1300 7.8 21 0.468159065628476 0.336693548387097 13.7468687623912 3 0 1 
0 1300 8 21 0.422675521821632 0.504838709677419 29.0290356321636 2 0 -1 
1 1310 7.8 21 0.570254342431762 0.400201612903226 18.4635794843378 3 0 1 
0 1310 8 21 0.474462365591398 0.395161290322581 35.2130220372444 2 0 -1 
1 1320 7.8 21 0.45148689516129 0.44758064516129 18.4989190580775 3 0 1 
0 1320 8 21 0.393232819074334 0.380645161290323 34.9067432405264 2 0 -1 
1 1330 7.8 21 0.383266129032258 0.442540322580645 14.5180185742436 3 0 1 
0 1330 8 21 0.428427419354839 0.479838709677419 35.1757804556057 2 0 -1 
1 1340 7.8 21 0.433349146110057 0.426612903225806 19.3772316907235 3 0 1 
0 1340 8 21 0.561290322580645 0.582258064516129 27.099071313024 2 0 -1 
1 1350 7.8 21 0.393878299120235 0.356854838709677 13.1731336815275 3 -1 1 
0 1350 8 22 0.452956989247312 0.576612903225806 34.2926589834752 2 1 -1 
1 1360 7.8 21 0.404711375212224 0.308467741935484 17.4831646379655 3 -1 1 
0 1360 8 22 0.407642089093702 0.461693548387097 17.0472948187631 2 1 -1 
1 1370 7.8 21 0.409429280397022 0.348790322580645 7.52970042723673 3 -1 1 
0 1370 8 22 0.452543424317618 0.496975806451613 5.76181084016406 2 1 -1 
1 1380 7.8 21 0.399361559139785 0.384072580645161 15.1675710850973 3 -1 1 
0 1380 8 22 0.459522332506204 0.469758064516129 10.9645364328773 2 1 -1 
1 1390 7.8 22 0.427867383512545 0.376008064516129 19.9846379941798 3 0 1 
0 1390 8 22 0.430947580645161 0.390120967741936 22.1071487232999 2 0 -1 
1 1400 7.8 22 0.491599462365591 0.453629032258065 25.325636984626 3 0 1 
0 1400 8 22 0.482190860215054 0.325604838709677 9.77033037388509 2 0 -1 
1 1410 7.8 22 0.457186907020873 0.488911290322581 11.7774182088866 3 0 1 
0 1410 8 22 0.39005376344086 0.379032258064516 12.7061652002672 2 0 -1 
1 1420 7.8 22 0.439655172413793 0.45 36.4447068315582 3 0 1 
0 1420 8 22 0.381048387096774 0.384677419354839 25.2140694313811 2 0 -1 
1 1430 7.8 22 0.516290322580645 0.576612903225806 6.26256752292228 3 0 1 
0 1430 8 22 0.410049627791563 0.313172043010753 34.7470744440429 2 0 -1 
1 1440 7.8 22 0.494477559607293 0.579032258064516 13.1446658799141 3 0 1 
0 1440 8 22 0.323476702508961 0.264784946236559 10.2842821027094 2 0 -1 
1 1450 7.8 22 0.540524193548387 0.517137096774194 8.35496416972144 3 0 1 
0 1450 8 22 0.379032258064516 0.346774193548387 20.0424912232 2 0 -1 
1 1460 7.8 22 0.629659498207885 0.498991935483871 5.55471357683922 3 0 1 
0 1460 8 22 0.379032258064516 0.407258064516129 39.1733343641358 2 0 -1 
1 1470 7.8 22 0.537080961416825 0.48991935483871 6.49161302287349 3 0 1 
0 1470 8 22 0.29247311827957 0.344086021505376 32.4536470448544 2 0 -1 
1 1480 7.8 22 0.57355816226784 0.5 23.1286561873466 3 0 1 
0 1480 8 22 0.282258064516129 0.260752688172043 19.4163510532875 2 0 -1 
1 1490 7.8 22 0.670576735092864 0.58366935483871 23.9567027085482 3 0 1 
0 1490 8 22 0.282258064516129 0.211290322580645 19.289740131717 2 0 -1 
1 1500 7.8 22 0.528609831029186 0.560483870967742 19.4067746459226 3 0 1 
0 1500 8 22 0.247407834101382 0.226612903225806 20.0544819746585 2 0 -1 
1 1510 7.8 23 0.518271169354839 0.613911290322581 19.122830133678 3 1 2 
0 1510 8 22 0.336469534050179 0.27258064516129 17.805613816649 1 -1 -2 
1 1520 7.8 23 0.661290322580645 0.69758064516129 10.6937804460503 3 1 2 
0 1520 8 22 0.347278225806452 0.28125 9.07836912344512 1 -1 -2 
1 1530 7.8 23 0.525719267654752 0.730645161290323 6.75652107325117 3 0 2 
0 1530 8 23 0.30695564516129 0.262096774193548 7.63216876123687 1 0 -2 
1 1540 7.8 23 0.494797086368366 0.522177419354839 45.4120028186382 3 0 2 
0 1540 8 23 0.361175115207373 0.213709677419355 0 1 0 -2 
1 1550 7.8 23 0.606014784946237 0.443548387096774 45.2769256906871 3 0 2 
0 1550 8 23 0.370967741935484 0.318548387096774 0 1 0 -2 
1 1560 7.8 23 0.516917952314166 0.504032258064516 33.4701359423591 3 0 2 
0 1560 8 23 0.296236559139785 0.213709677419355 0 1 0 -2 
1 1570 7.8 23 0.524641577060932 0.542338709677419 6.5 3 0 2 
0 1570 8 23 0.326612903225806 0.213709677419355 0 1 0 -2 
1 1580 7.8 23 0.629859387923904 0.695564516129032 1.58113883008419 3 0 3 
0 1580 8 23 0.302995391705069 0.229838709677419 0 0 0 -3 
1 1590 7.8 23 0.553079178885631 0.705645161290323 8.06225774829855 3 0 3 
0 1590 8 23 0.268300248138958 0.205645161290323 12.296977827946 0 0 -3 
1 1600 7.8 23 0.638907175773535 0.473118279569893 54.1023327515529 3 0 3 
0 1600 8 23 NaN 0.214717741935484 4.96023520118096 0 0 -3 
1 1610 7.8 23 0.699516129032258 0.481854838709677 50.0637896294366 3 0 3 
0 1610 8 23 NaN 0.203225806451613 10.2400049620238 0 0 -3 
1 1620 7.8 24 0.542086693548387 0.44758064516129 42.2444512181824 3 1 3 
0 1620 8 23 0.288306451612903 0.238709677419355 14.618582709605 0 -1 -3 
1 1630 7.8 24 0.494146722164412 0.477822580645161 40.0062298221206 3 1 3 
0 1630 8 23 0.389784946236559 0.294354838709677 10.6350313808383 0 -1 -3 
1 1640 7.8 24 0.641479663394109 0.431451612903226 37.4179592176802 3 1 3 
0 1640 8 23 0.389784946236559 0.242741935483871 15.3939715335963 0 -1 -3 
1 1650 7.8 24 0.517943548387097 0.430443548387097 23.0989703873832 3 1 3 
0 1650 8 23 0.303605313092979 0.205645161290323 11.0093251559799 0 -1 -3 
1 1660 7.8 24 0.50139043381535 0.58366935483871 20.8182575854237 3 1 3 
0 1660 8 23 0.294354838709677 0.278225806451613 14.1251988566424 0 -1 -3 
1 1670 7.8 24 0.618236212278876 0.688172043010753 21.4647314055819 3 0 3 
0 1670 8 24 0.294354838709677 0.264112903225806 27.9508497187474 0 0 -3 
1 1680 7.8 24 0.545641729581332 0.541666666666667 48.4657367963787 3 0 3 
0 1680 8 24 0.256720430107527 0.271505376344086 20.0973883506781 0 0 -3 
1 1690 7.8 24 0.582233626588465 0.608870967741936 27.0185121722126 3 0 3 
0 1690 8 24 NaN 0.247311827956989 12.0963261199687 0 0 -3 
1 1700 7.8 24 0.65794930875576 0.629032258064516 5.65685424949238 3 0 3 
0 1700 8 24 NaN 0.248655913978495 2.96907099301319 0 0 -3 
1 1710 7.8 24 0.526118035190616 0.659274193548387 10.5948100502085 3 0 3 
0 1710 8 24 0.286866359447005 0.200268817204301 13.9792686894418 0 0 -3 
1 1720 7.8 24 0.588098729227762 0.641129032258065 5 3 0 3 
0 1720 8 24 NaN 0.278225806451613 18.3847763108502 0 0 -3 
1 1730 7.8 24 0.654052936311001 0.705645161290323 4.5 3 0 3 
0 1730 8 24 0.23991935483871 0.259408602150538 19.2459025020871 0 0 -3 
1 1740 7.8 24 0.576451612903226 0.557258064516129 47.7661119225918 3 0 3 
0 1740 8 24 0.23991935483871 0.183064516129032 10.2355760215001 0 0 -3 
1 1750 7.8 24 0.624257215619694 0.541129032258065 35.9918663306119 3 0 3 
0 1750 8 24 NaN 0.224193548387097 10.6989728504831 0 0 -3 
1 1760 7.8 24 0.706281833616299 0.563709677419355 17.8246338164896 3 0 3 
0 1760 8 24 NaN 0.238709677419355 10.7654659300972 0 0 -3 
1 1770 7.8 24 0.559475806451613 0.533266129032258 18.4749184661096 3 0 3 
0 1770 8 24 0.263709677419355 0.216129032258065 4.40436190393678 0 0 -3 
1 1780 7.8 24 0.483114919354839 0.448588709677419 25.9031343526136 3 0 3 
0 1780 8 24 0.351310483870968 0.283064516129032 13.4978521443672 0 0 -3 
1 1790 7.8 24 0.592741935483871 0.457661290322581 21.2720473861826 3 -1 3 
0 1790 8 25 0.351310483870968 0.403225806451613 20.9177146747387 0 1 -3 
1 1800 7.8 24 0.531891495601173 0.471774193548387 0 3 -1 3 
0 1800 8 25 0.31524926686217 0.462096774193548 20.1398906086031 0 1 -3 
1 1810 7.8 24 0.509907834101383 0.395161290322581 0 3 -1 3 
0 1810 8 25 0.351814516129032 0.535483870967742 9.25509764939383 0 1 -3 
1 1820 7.8 24 0.595728793309439 0.254032258064516 4.12310562561766 3 -1 3 
0 1820 8 25 0.351814516129032 0.625 5.87876508519488 0 1 -3 
1 1830 7.8 24 0.467741935483871 0.227822580645161 2.91547594742265 3 -1 3 
0 1830 8 25 0.347485768500949 0.698387096774194 6.64146816672166 0 1 -3 
1 1840 7.8 24 0.376344086021505 0.25 8.73212459828649 2 -1 2 
0 1840 8 25 0.415658602150538 0.654838709677419 15.6583511200561 0 1 -2 
1 1850 7.8 24 0.415632754342432 0.189516129032258 0 2 -1 2 
0 1850 8 25 0.443548387096774 0.72741935483871 12.4360622658812 0 1 -2 
1 1860 7.8 25 0.330645161290323 0.152217741935484 4.38752125636242 2 0 2 
0 1860 8 25 0.411693548387097 0.661290322580645 18.2178924917702 0 0 -2 
1 1870 7.8 25 0.375806451612903 0.210685483870968 14.2308195325022 2 0 2 
0 1870 8 25 0.452452956989247 0.455645161290323 50.2202587173198 0 0 -2 
1 1880 7.8 25 0.38508064516129 0.324596774193548 14.8744317688016 2 0 2 
0 1880 8 25 0.546737536656892 0.416666666666667 26.1165891151136 0 0 -2 
1 1890 7.8 25 0.394449715370019 0.461693548387097 16.4420833966396 2 0 2 
0 1890 8 25 0.486895161290323 0.362903225806452 26.2778773545275 0 0 -2 
1 1900 7.8 25 0.549853372434018 0.670967741935484 17.7967216906496 2 0 2 
0 1900 8 25 0.428885630498534 0.221774193548387 3.04138126514911 0 0 -2 
1 1910 7.8 25 0.549853372434018 0.769354838709677 8.99331963406062 2 0 2 
0 1910 8 25 0.460181451612903 0.207661290322581 4.94974746830583 0 0 -2 
