1 30 7.2 1 NaN 0.196875 4.3900488294005 1 0 1 
0 30 4 1 NaN 0.248697916666667 2.79765466222421 0 0 -1 
1 40 7.2 1 NaN 0.25234375 13.4423815235438 1 0 1 
0 40 4 1 NaN 0.24609375 13.3857734045518 0 0 -1 
1 50 7.2 1 NaN 0.35078125 23.9440413224709 1 0 1 
0 50 4 1 0.37890625 0.29375 24.8671910841552 0 0 -1 
1 60 7.2 1 0.474826388888889 0.459375 31.9569771493561 1 0 1 
0 60 4 1 0.44775390625 0.37265625 40.6121332716098 0 0 -1 
1 70 7.2 1 0.493421052631579 0.4890625 30.9965266015886 1 0 1 
0 70 4 1 0.50390625 0.446875 24.7364923707553 0 0 -1 
1 80 7.2 1 0.495008680555556 0.46875 33.3630241066557 1 0 1 
0 80 4 1 0.502485795454545 0.49140625 32.5826207865982 0 0 -1 
1 90 7.2 1 0.471153846153846 0.434375 31.3595551260675 1 0 1 
0 90 4 1 0.505729166666667 0.5078125 31.4596968430742 0 0 -1 
1 100 7.2 2 0.475167410714286 0.4140625 38.7017042504407 1 1 1 
0 100 4 1 0.524876644736842 0.4890625 30.9800232195877 0 -1 -1 
1 110 7.2 2 0.4775390625 0.4484375 32.4798985105338 1 0 1 
0 110 4 2 0.472098214285714 0.5048828125 44.4476387418974 0 0 -1 
1 120 7.2 2 0.482421875 0.446875 32.9677421378382 1 0 1 
0 120 4 2 0.456691576086957 0.50234375 43.7276700936651 0 0 -1 
1 130 7.2 3 0.500260416666667 0.47421875 25.4165595191784 1 1 1 
0 130 4 2 0.444010416666667 0.47578125 36.974499347632 0 -1 -1 
1 140 7.2 3 0.499479166666667 0.4953125 23.8925806940375 1 1 1 
0 140 4 2 0.444010416666667 0.4638671875 38.3033900561675 0 -1 -1 
1 150 7.2 3 0.4921875 0.4875 32.6307566910217 1 1 1 
0 150 4 2 0.49140625 0.390625 39.0078839942465 0 -1 -1 
1 160 7.2 4 0.4931640625 0.43046875 40.6778129067065 1 1 1 
0 160 4 3 0.494010416666667 0.4091796875 40.8386132931664 0 -1 -1 
1 170 7.2 4 0.491629464285714 0.44609375 26.5825649507185 1 1 1 
0 170 4 3 0.474158653846154 0.4814453125 28.8730463966598 0 -1 -1 
1 180 7.2 4 0.496995192307692 0.49375 12.7092175968993 1 1 1 
0 180 4 3 0.448153409090909 0.40078125 38.108614191932 0 -1 -1 
1 190 7.2 4 0.499699519230769 0.49140625 6.32734626286763 1 1 1 
0 190 4 3 0.4755859375 0.412109375 39.2953514111478 0 -1 -1 
1 200 7.2 4 0.499699519230769 0.5 8.51082482538368 1 1 1 
0 200 4 3 0.50703125 0.4521484375 18.6121823025844 0 -1 -1 
1 210 7.2 5 0.475060096153846 0.49609375 15.4824216631096 1 1 1 
0 210 4 4 0.504317434210526 0.3837890625 35.1942949460263 0 -1 -1 
1 220 7.2 5 0.513556985294118 0.47734375 18.9351851698976 1 1 1 
0 220 4 4 0.465183423913043 0.41796875 27.7682044588355 0 -1 -1 
1 230 7.2 6 0.513556985294118 0.490625 27.3678621090925 1 2 1 
0 230 4 4 0.440487132352941 0.3828125 30.8601535935496 0 -2 -1 
1 240 7.2 6 0.503196022727273 0.51328125 30.3529746126106 1 1 1 
0 240 4 5 0.462993421052632 0.42734375 27.4776550362872 0 -1 -1 
1 250 7.2 6 0.502790178571429 0.490625 31.8460301941859 1 1 1 
0 250 4 5 0.459239130434783 0.4546875 39.3303019731656 0 -1 -1 
1 260 7.2 6 0.500600961538462 0.478125 33.7594235611568 1 1 1 
0 260 4 5 0.447482638888889 0.4921875 33.6440026983555 0 -1 -1 
1 270 7.2 7 0.462109375 0.4546875 37.9956120742137 1 1 1 
0 270 4 6 0.51171875 0.48828125 34.0634383384948 0 -1 -1 
1 280 7.2 7 0.476332720588235 0.45625 37.2382315178897 1 1 1 
0 280 4 6 0.505580357142857 0.46875 28.907040835305 0 -1 -1 
1 290 7.2 7 0.476806640625 0.49921875 25.5453569923362 1 1 1 
0 290 4 6 0.4609375 0.412109375 29.8305406494127 0 -1 -1 
1 300 7.2 7 0.4953125 0.45703125 23.3144780007894 1 1 1 
0 300 4 6 0.43828125 0.470703125 4.77251420968848 0 -1 -1 
1 310 7.2 7 0.495492788461538 0.446875 12.4129671799328 1 1 1 
0 310 4 6 0.482306985294118 0.4578125 27.5751854482645 0 -1 -1 
1 320 7.2 7 0.495768229166667 0.4609375 12.6776841083985 1 1 1 
0 320 4 6 0.486443014705882 0.4703125 16.3719684409939 0 -1 -1 
1 330 7.2 8 0.467548076923077 0.45703125 17.7819215688666 1 2 1 
0 330 4 6 0.5078125 0.4638671875 20.3487454078036 0 -2 -1 
1 340 7.2 8 0.467447916666667 0.490625 16.149032160719 1 2 1 
0 340 4 6 0.51655505952381 0.4794921875 15.7397297722308 0 -2 -1 
1 350 7.2 8 0.482700892857143 0.4796875 13.3688343432157 1 1 1 
0 350 4 7 0.484224759615385 0.463541666666667 24.3384355936405 0 -1 -1 
1 360 7.2 8 0.49755859375 0.45078125 16.3847985328952 1 1 1 
0 360 4 7 0.4873046875 0.3974609375 32.318487887923 0 -1 -1 
1 370 7.2 9 0.517795138888889 0.49453125 28.9179657531659 1 2 1 
0 370 4 7 0.457248263888889 0.40625 23.6742952463388 0 -2 -1 
1 380 7.2 9 0.5130859375 0.4892578125 38.7904182680879 1 2 1 
0 380 4 7 0.404947916666667 0.47109375 25.0431404409011 0 -2 -1 
1 390 7.2 9 0.503004807692308 0.45703125 30.900762072535 1 2 1 
0 390 4 7 0.4625 0.4828125 12.4071508790173 0 -2 -1 
1 400 7.2 9 0.484675480769231 0.41015625 36.465334037427 1 1 1 
0 400 4 8 0.508928571428571 0.490625 18.5405653470254 0 -1 -1 
1 410 7.2 9 0.479631696428571 0.403125 21.5021968530965 1 1 1 
0 410 4 8 0.486902573529412 0.52734375 16.700384116341 0 -1 -1 
1 420 7.2 9 0.4765625 0.35078125 31.1321144513089 1 1 1 
0 420 4 8 0.454427083333333 0.4859375 21.7425809998551 0 -1 -1 
1 430 7.2 10 0.473805147058824 0.40625 38.2441820358046 1 2 1 
0 430 4 8 0.492897727272727 0.484375 22.7286586043869 0 -2 -1 
1 440 7.2 10 0.476207386363636 0.4296875 23.6813551452764 1 2 1 
0 440 4 8 0.512939453125 0.51171875 20.8158392829233 0 -2 -1 
1 450 7.2 10 0.471153846153846 0.45234375 25.596211328546 1 1 1 
0 450 4 9 0.508713942307692 0.5 24.7013271246927 0 -1 -1 
1 460 7.2 10 0.4765625 0.475 21.7764515273418 1 1 1 
0 460 4 9 0.50439453125 0.4365234375 29.7198724294856 0 -1 -1 
1 470 7.2 10 0.4765625 0.4375 15.4152557538417 1 1 1 
0 470 4 9 0.466202445652174 0.4873046875 24.5013673653589 0 -1 -1 
1 480 7.2 11 0.474076704545455 0.50703125 15.1980142042632 1 2 1 
0 480 4 9 0.470052083333333 0.3662109375 38.0145093812929 0 -2 -1 
1 490 7.2 11 0.500279017857143 0.5046875 6.11415233624226 1 2 1 
0 490 4 9 0.5009765625 0.34765625 26.902991126461 0 -2 -1 
1 500 7.2 11 0.49609375 0.51875 9.9427738857765 1 2 1 
0 500 4 9 0.472478693181818 0.38515625 27.9433730510709 0 -2 -1 
1 510 7.2 11 0.472916666666667 0.52421875 20.9359983866472 1 2 1 
0 510 4 9 0.46044921875 0.421875 40.5159594005666 0 -2 -1 
1 520 7.2 11 0.479383680555556 0.4640625 13.4174611302288 1 1 1 
0 520 4 10 0.504971590909091 0.44921875 27.4364000713197 0 -1 -1 
1 530 7.2 12 0.485064338235294 0.503125 17.637073224298 1 2 1 
0 530 4 10 0.448046875 0.482421875 8.13941029804985 0 -2 -1 
1 540 7.2 12 0.513237847222222 0.38828125 36.084403452088 1 2 1 
0 540 4 10 0.4369140625 0.4375 20.3700588600193 0 -2 -1 
1 550 7.2 12 0.537913602941177 0.4625 39.761631695641 1 2 1 
0 550 4 10 0.469184027777778 0.35 39.8799019339191 0 -2 -1 
1 560 7.2 12 0.536865234375 0.49296875 42.7793936191208 1 2 1 
0 560 4 10 0.41015625 0.403125 19.863339242913 0 -2 -1 
1 570 7.2 12 0.521205357142857 0.4671875 43.3842751241555 1 2 1 
0 570 4 10 0.43656994047619 0.5328125 11.6529222484143 0 -2 -1 
1 580 7.2 13 0.564453125 0.478125 32.6557984740834 1 3 1 
0 580 4 10 0.4296875 0.5107421875 3.43305968147186 0 -3 -1 
1 590 7.2 13 0.564453125 0.52421875 33.5272349129712 1 3 1 
0 590 4 10 0.399038461538462 0.4814453125 4.00088265607674 0 -3 -1 
1 600 7.2 13 0.471484375 0.51640625 34.2751808002774 1 3 1 
0 600 4 10 0.45703125 0.498046875 3.43236841690611 0 -3 -1 
1 610 7.2 13 0.51953125 0.45234375 44.8930820220183 1 3 1 
0 610 4 10 0.52421875 0.4203125 26.9788427790116 0 -3 -1 
1 620 7.2 13 0.533854166666667 0.38828125 40.4835577619838 1 2 1 
0 620 4 11 0.49078125 0.49921875 8.93512089815734 0 -2 -1 
1 630 7.2 14 0.544921875 0.36796875 29.5179202181901 1 3 1 
0 630 4 11 0.471011513157895 0.4875 13.5329298749679 0 -3 -1 
1 640 7.2 14 0.516015625 0.4091796875 19.6953230313782 1 3 1 
0 640 4 11 0.532670454545455 0.505859375 7.01993962894522 0 -3 -1 
1 650 7.2 14 0.547175480769231 0.3564453125 28.7951012942246 1 3 1 
0 650 4 11 0.52890625 0.541015625 5.10796229423786 0 -3 -1 
1 660 7.2 14 0.557154605263158 0.4228515625 12.3498090024517 1 3 1 
0 660 4 11 0.467310855263158 0.4833984375 9.07584396595493 0 -3 -1 
1 670 7.2 14 0.561472039473684 0.470703125 20.8708893349047 1 3 1 
0 670 4 11 0.473493303571429 0.37109375 3.30272356549412 0 -3 -1 
1 680 7.2 15 0.562686011904762 0.45625 43.934403510806 1 4 1 
0 680 4 11 0.392299107142857 0.384114583333333 5.02146381969199 0 -4 -1 
1 690 7.2 15 0.6005859375 0.509375 36.065855598622 1 3 1 
0 690 4 12 0.393880208333333 0.364583333333333 6.15099100351956 0 -3 -1 
1 700 7.2 15 0.570556640625 0.5171875 23.1347503388441 1 3 1 
0 700 4 12 0.405016447368421 0.2953125 34.9280977975327 0 -3 -1 
1 710 7.2 15 0.570556640625 0.534375 23.0089685049638 1 3 1 
0 710 4 12 0.407986111111111 0.35703125 25.1898659517629 0 -3 -1 
1 720 7.2 15 0.572265625 0.53203125 17.0740072783929 1 3 1 
0 720 4 12 0.41796875 0.38203125 20.4735438243504 0 -3 -1 
1 730 7.2 15 0.522748161764706 0.555989583333333 17.3063161431981 1 2 1 
0 730 4 13 0.429865056818182 0.375 21.3843870393791 0 -2 -1 
1 740 7.2 15 0.522748161764706 0.498697916666667 19.2939783906465 1 2 1 
0 740 4 13 0.427989130434783 0.454427083333333 3.97622493471219 0 -2 -1 
1 750 7.2 16 0.506510416666667 0.473958333333333 15.0950087426456 1 3 1 
0 750 4 13 0.4595703125 0.467447916666667 7.66028088898829 0 -3 -1 
1 760 7.2 16 0.517578125 0.44921875 15.2804471031524 1 3 1 
0 760 4 13 0.480113636363636 0.38515625 43.773930788854 0 -3 -1 
1 770 7.2 16 0.513494318181818 0.36953125 56.7611897698836 1 2 1 
0 770 4 14 0.455684267241379 0.3875 38.8011215057375 0 -2 -1 
1 780 7.2 16 0.448567708333333 0.41171875 49.4150462710569 1 2 1 
0 780 4 14 0.496228448275862 0.46015625 37.1994034984059 0 -2 -1 
1 790 7.2 16 0.447088068181818 0.40703125 35.6911519896063 1 2 1 
0 790 4 14 0.548130580357143 0.52265625 24.6363236488221 0 -2 -1 
1 800 7.2 16 0.450892857142857 0.434375 35.3902036371331 1 2 1 
0 800 4 14 0.547688802083333 0.53203125 5.08718735339841 0 -2 -1 
1 810 7.2 16 0.484895833333333 0.46171875 34.380997305933 1 2 1 
0 810 4 14 0.497209821428571 0.515625 8.46480043469422 0 -2 -1 
1 820 7.2 16 0.547743055555556 0.4421875 29.0865176747068 1 2 1 
0 820 4 14 0.469815340909091 0.53984375 7.06216879801445 0 -2 -1 
1 830 7.2 17 0.565625 0.45859375 17.0675134537711 1 3 1 
0 830 4 14 0.449462890625 0.521875 8.3471050292571 0 -3 -1 
1 840 7.2 17 0.557477678571429 0.453125 5.72713883810554 1 2 1 
0 840 4 15 0.44189453125 0.497395833333333 5.43968943396933 0 -2 -1 
1 850 7.2 17 0.526692708333333 0.4423828125 6.69391453020169 1 2 1 
0 850 4 15 0.435329861111111 0.520833333333333 4.08725561589266 0 -2 -1 
1 860 7.2 17 0.530790441176471 0.453125 10.5906768497834 1 2 1 
0 860 4 15 0.432360197368421 0.51953125 3.29954638726117 0 -2 -1 
1 870 7.2 17 0.50390625 0.4638671875 14.0137758146692 1 2 1 
0 870 4 15 0.438020833333333 0.4013671875 31.4179684841973 0 -2 -1 
1 880 7.2 17 0.5201171875 0.5322265625 7.22505361910576 1 2 1 
0 880 4 15 0.476996527777778 0.317708333333333 24.2985089569133 0 -2 -1 
1 890 7.2 17 0.5201171875 0.46484375 35.9810277510642 1 2 1 
0 890 4 15 0.454026442307692 0.36328125 18.1981224986417 0 -2 -1 
1 900 7.2 17 0.535590277777778 0.48359375 18.2910445011637 1 2 1 
0 900 4 15 0.425618489583333 0.4423828125 8.9623990766477 0 -2 -1 
1 910 7.2 17 0.538690476190476 0.4859375 17.6440406013677 1 2 1 
0 910 4 15 0.434375 0.462890625 5.51073758013569 0 -2 -1 
1 920 7.2 18 0.538690476190476 0.49296875 14.6146279442343 1 3 1 
0 920 4 15 0.442274305555556 0.40390625 27.1376384026013 0 -3 -1 
1 930 7.2 18 0.51953125 0.47890625 15.6745984250478 1 3 1 
0 930 4 15 0.439174107142857 0.447265625 25.1245917726793 0 -3 -1 
1 940 7.2 18 0.5298828125 0.48515625 3.20998332815736 1 3 1 
0 940 4 15 0.431477864583333 0.477864583333333 10.4868472033446 0 -3 -1 
1 950 7.2 18 0.534539473684211 0.515625 13.1957346875815 1 3 1 
0 950 4 15 0.419270833333333 0.41796875 0 0 -3 -1 
1 960 7.2 18 0.555013020833333 0.58828125 23.6274015221916 1 3 1 
0 960 4 15 0.422619047619048 0.3671875 0 0 -3 -1 
1 970 7.2 19 0.5888671875 0.51015625 38.3934143356546 1 4 1 
0 970 4 15 0.425180288461538 0.3671875 0 0 -4 -1 
1 980 7.2 19 0.5888671875 0.528125 39.1158047985093 1 3 1 
0 980 4 16 0.37890625 0.3125 23.43074902772 0 -3 -1 
1 990 7.2 19 0.556640625 0.540625 34.7492732177671 1 3 1 
0 990 4 16 0.409830729166667 0.376953125 20.0062490237426 0 -3 -1 
1 1000 7.2 19 0.520909926470588 0.490625 27.236831016611 1 3 1 
0 1000 4 16 0.463169642857143 0.2421875 19.7783204412882 0 -3 -1 
1 1010 7.2 19 0.524126838235294 0.49765625 26.2608530403383 1 3 1 
0 1010 4 16 0.449819711538462 0.353515625 18.5067555233217 0 -3 -1 
1 1020 7.2 19 0.52734375 0.5546875 33.9905910675972 1 3 1 
0 1020 4 16 0.444163602941177 0.435546875 25.3475837112732 0 -3 -1 
1 1030 7.2 20 0.489583333333333 0.540364583333333 6.49144973157575 1 4 1 
0 1030 4 16 NaN 0.416015625 23.1354706025185 0 -4 -1 
