1 30 9.6 1 NaN 0.3109375 23.2667214605563 1 0 0 
0 30 10.6 1 NaN 0.24609375 15.1781710705103 1 0 0 
1 40 9.6 1 0.36328125 0.309375 24.6994211405379 1 0 0 
0 40 10.6 1 0.39453125 0.29140625 18.0269593208143 1 0 0 
1 50 9.6 1 0.36328125 0.3515625 27.6878817232851 1 0 0 
0 50 10.6 1 0.41796875 0.34296875 27.9825320495281 1 0 0 
1 60 9.6 1 0.437239583333333 0.44296875 31.7579822900798 1 0 0 
0 60 10.6 1 0.471571180555556 0.4234375 49.1442543410639 1 0 0 
1 70 9.6 1 0.484933035714286 0.484375 34.3148328887278 1 0 0 
0 70 10.6 1 0.508042279411765 0.474609375 40.8925319720557 1 0 0 
1 80 9.6 1 0.484700520833333 0.4859375 33.8996897878302 1 0 0 
0 80 10.6 1 0.507486979166667 0.49609375 41.7461561120207 1 0 0 
1 90 9.6 1 0.453342013888889 0.453125 31.7358102677781 1 0 0 
0 90 10.6 1 0.517903645833333 0.43203125 46.2340671761808 1 0 0 
1 100 9.6 2 0.41748046875 0.471875 24.8895318125641 1 0 0 
0 100 10.6 2 0.524639423076923 0.4265625 47.5095065968754 1 0 0 
1 110 9.6 2 0.405208333333333 0.48125 36.0800614471455 1 0 0 
0 110 10.6 2 0.482244318181818 0.484375 37.3255141107949 1 0 0 
1 120 9.6 2 0.445772058823529 0.46171875 32.464490918165 1 0 0 
0 120 10.6 2 0.480902777777778 0.490625 35.5864695535428 1 0 0 
1 130 9.6 3 0.427631578947368 0.465625 33.9420846585832 1 1 0 
0 130 10.6 2 0.480143229166667 0.47890625 34.7657490917841 1 -1 0 
1 140 9.6 3 0.42578125 0.496875 34.9110729469609 1 0 0 
0 140 10.6 3 0.4763671875 0.47890625 35.7835685107105 1 0 0 
1 150 9.6 3 0.438802083333333 0.4515625 35.0556004016602 1 0 0 
0 150 10.6 3 0.530517578125 0.47421875 35.0397366314436 1 0 0 
1 160 9.6 4 0.472886029411765 0.4484375 20.1620525147246 1 1 0 
0 160 10.6 3 0.541466346153846 0.41015625 25.4213386748855 1 -1 0 
1 170 9.6 4 0.44091796875 0.4578125 7.93655493754294 1 1 0 
0 170 10.6 3 0.486636513157895 0.4734375 22.6255988507019 1 -1 0 
1 180 9.6 4 0.413373161764706 0.47578125 5.05252009138936 1 1 0 
0 180 10.6 3 0.4642578125 0.48203125 19.4191268123674 1 -1 0 
1 190 9.6 4 0.485026041666667 0.47890625 4.11460993423772 1 1 0 
0 190 10.6 3 0.54296875 0.467447916666667 28.1838462311525 1 -1 0 
1 200 9.6 4 0.485026041666667 0.49296875 8.30289419058673 1 0 0 
0 200 10.6 4 0.54296875 0.345052083333333 45.4956479303533 1 0 0 
1 210 9.6 5 0.465494791666667 0.440625 16.0791263190598 1 1 0 
0 210 10.6 4 0.490767045454545 0.3076171875 45.0377840029373 1 -1 0 
1 220 9.6 5 0.460677083333333 0.375 50.0699711494848 1 1 0 
0 220 10.6 4 0.492745535714286 0.43359375 39.611082394327 1 -1 0 
1 230 9.6 6 0.437717013888889 0.415625 42.0643581731206 1 2 0 
0 230 10.6 4 0.463324652777778 0.4328125 45.0649167221324 1 -2 0 
1 240 9.6 6 0.452864583333333 0.4640625 41.6949010898533 1 1 0 
0 240 10.6 5 0.45458984375 0.45078125 48.1160619523072 1 -1 0 
1 250 9.6 6 0.456208881578947 0.47421875 42.078189113214 1 1 0 
0 250 10.6 5 0.480096726190476 0.46484375 38.1920638780992 1 -1 0 
1 260 9.6 6 0.4345703125 0.43828125 43.5770343121527 1 0 0 
0 260 10.6 6 0.480078125 0.48125 41.762850228966 1 0 0 
1 270 9.6 6 0.427001953125 0.4421875 38.5352170656753 1 0 0 
0 270 10.6 6 0.514322916666667 0.45859375 31.1815079801542 1 0 0 
1 280 9.6 6 0.438988095238095 0.44453125 41.8645892404199 1 0 0 
0 280 10.6 6 0.494419642857143 0.44921875 32.2002161300687 1 0 0 
1 290 9.6 7 0.442255434782609 0.46796875 34.0498373936543 1 1 0 
0 290 10.6 6 0.456801470588235 0.453125 29.5602436405356 1 -1 0 
1 300 9.6 7 0.459635416666667 0.44609375 24.914085512516 1 1 0 
0 300 10.6 6 0.458180147058823 0.50390625 27.63508825016 1 -1 0 
1 310 9.6 7 0.472222222222222 0.44921875 23.8454879108354 1 0 0 
0 310 10.6 7 0.519120065789474 0.49140625 30.140908158125 1 0 0 
1 320 9.6 7 0.469401041666667 0.43125 13.2324687518886 1 0 0 
0 320 10.6 7 0.52109375 0.41796875 33.9699103499542 1 0 0 
1 330 9.6 7 0.4193359375 0.419921875 8.72556399341649 1 0 0 
0 330 10.6 7 0.520833333333333 0.47421875 29.1008708909087 1 0 0 
1 340 9.6 7 0.425071022727273 0.41875 7.18539140101134 1 0 0 
0 340 10.6 7 0.525390625 0.47578125 28.6838994187121 1 0 0 
1 350 9.6 7 0.40859375 0.45234375 5.54679098622055 1 0 0 
0 350 10.6 7 0.501201923076923 0.53359375 28.7733341941463 1 0 0 
1 360 9.6 8 0.41609375 0.44609375 14.9545561916541 1 1 0 
0 360 10.6 7 0.505208333333333 0.4859375 25.3879365754827 1 -1 0 
1 370 9.6 8 0.456521739130435 0.46015625 21.8582929201654 1 1 0 
0 370 10.6 7 0.489889705882353 0.48125 20.1632679142361 1 -1 0 
1 380 9.6 8 0.438639322916667 0.44375 25.0742069594469 1 1 0 
0 380 10.6 7 0.480224609375 0.5171875 21.7103902763398 1 -1 0 
1 390 9.6 8 0.461979166666667 0.4421875 28.2204464294649 1 0 0 
0 390 10.6 8 0.485894097222222 0.48359375 22.6572477153097 1 0 0 
1 400 9.6 9 0.490579044117647 0.475 24.0194254657099 1 1 0 
0 400 10.6 8 0.482886904761905 0.47109375 33.7330618399541 1 -1 0 
1 410 9.6 9 0.448846726190476 0.48984375 24.689435065803 1 1 0 
0 410 10.6 8 0.446461397058823 0.4580078125 34.0413780006918 1 -1 0 
1 420 9.6 9 0.459161931818182 0.49453125 22.4099456937164 1 1 0 
0 420 10.6 8 0.45859375 0.4716796875 28.9248486018203 1 -1 0 
1 430 9.6 9 0.516015625 0.478515625 26.2377914584103 1 0 0 
0 430 10.6 9 0.500651041666667 0.4265625 39.3063563988497 1 0 0 
1 440 9.6 10 0.518446180555556 0.3828125 45.0036542829568 1 1 0 
0 440 10.6 9 0.494357638888889 0.409375 34.0783861288553 1 -1 0 
1 450 9.6 10 0.494944852941176 0.32890625 37.5127976441327 1 1 0 
0 450 10.6 9 0.463758680555556 0.42734375 32.3372817783208 1 -1 0 
1 460 9.6 10 0.50390625 0.3984375 26.4377433282026 1 1 0 
0 460 10.6 9 0.474354619565217 0.46015625 33.082654057948 1 -1 0 
1 470 9.6 10 0.455859375 0.41796875 36.5011960032145 1 0 0 
0 470 10.6 10 0.468240489130435 0.46015625 36.0704830386395 1 0 0 
1 480 9.6 10 0.419566761363636 0.4482421875 26.1768996799772 1 0 0 
0 480 10.6 10 0.4884765625 0.45078125 35.6706238505746 1 0 0 
1 490 9.6 10 0.454545454545455 0.4404296875 37.3572753835462 1 0 0 
0 490 10.6 10 0.503534226190476 0.47421875 37.9324702010649 1 0 0 
1 500 9.6 11 0.447699652777778 0.3734375 49.241307142496 1 1 0 
0 500 10.6 10 0.484049479166667 0.51796875 35.4666362753413 1 -1 0 
1 510 9.6 11 0.449776785714286 0.4171875 37.6820616078795 1 1 0 
0 510 10.6 10 0.459765625 0.5908203125 3.18395841485098 1 -1 0 
1 520 9.6 11 0.454273897058824 0.46015625 35.4683034739906 1 0 0 
0 520 10.6 11 0.47265625 0.48203125 32.2534944635289 1 0 0 
1 530 9.6 11 0.454273897058824 0.48984375 31.8489349124602 1 0 0 
0 530 10.6 11 0.454833984375 0.43046875 28.8785694229327 1 0 0 
1 540 9.6 11 0.472355769230769 0.48671875 33.4518787571573 1 0 0 
0 540 10.6 11 0.465992647058823 0.41640625 37.2984108237904 1 0 0 
1 550 9.6 12 0.528459821428571 0.44765625 33.4380660256573 1 1 0 
0 550 10.6 11 0.522409539473684 0.46171875 49.984626324142 1 -1 0 
1 560 9.6 12 0.544270833333333 0.42265625 35.020848952465 1 1 0 
0 560 10.6 11 0.511259191176471 0.462890625 57.3356160312986 1 -1 0 
1 570 9.6 12 0.43359375 0.46796875 30.7980613874792 1 1 0 
0 570 10.6 11 0.486979166666667 0.4609375 51.9482790821021 1 -1 0 
1 580 9.6 12 0.428538602941176 0.48984375 28.8087005165075 1 0 0 
0 580 10.6 12 0.52578125 0.485677083333333 29.0789348414841 1 0 0 
1 590 9.6 12 0.428538602941176 0.4859375 9.61594525019233 1 0 0 
0 590 10.6 12 0.484019886363636 0.360677083333333 32.3025084143857 1 0 0 
1 600 9.6 12 0.445963541666667 0.48046875 13.9499954185701 1 0 0 
0 600 10.6 12 0.502527573529412 0.415364583333333 30.0944247473396 1 0 0 
1 610 9.6 12 0.447395833333333 0.44921875 24.9657945633531 1 0 0 
0 610 10.6 12 0.471923828125 0.4921875 8.75175177076117 1 0 0 
1 620 9.6 13 0.433376736111111 0.46953125 19.5787614378062 1 1 0 
0 620 10.6 12 0.471923828125 0.396484375 31.0445237316937 1 -1 0 
1 630 9.6 13 0.461647727272727 0.49609375 4.3517558866221 1 1 0 
0 630 10.6 12 0.487444196428571 0.44140625 40.2417688150383 1 -1 0 
1 640 9.6 13 0.455378605769231 0.47734375 24.3170079186229 1 1 0 
0 640 10.6 12 0.510416666666667 0.501302083333333 5.1553811467401 1 -1 0 
1 650 9.6 13 0.455378605769231 0.4375 26.1440659558793 1 1 0 
0 650 10.6 12 0.4779296875 0.505208333333333 8.16854079661154 1 -1 0 
1 660 9.6 13 0.446340460526316 0.39609375 39.1672640930566 1 1 0 
0 660 10.6 12 0.495849609375 0.4677734375 44.0634735166204 1 -1 0 
1 670 9.6 13 0.461538461538462 0.39296875 33.2299766211201 1 0 0 
0 670 10.6 13 0.529871323529412 0.48046875 45.300687405175 1 0 0 
1 680 9.6 13 0.463778409090909 0.4328125 40.3731117803421 1 0 0 
0 680 10.6 13 0.527113970588235 0.5125 31.6817138090133 1 0 0 
1 690 9.6 14 0.442434210526316 0.40859375 42.0477718575101 1 1 0 
0 690 10.6 13 0.529622395833333 0.57578125 36.059680721462 1 -1 0 
1 700 9.6 14 0.427837171052632 0.39375 39.3881796801849 1 1 0 
0 700 10.6 13 0.5357421875 0.6005859375 43.4446406150284 1 -1 0 
1 710 9.6 14 0.432904411764706 0.3953125 39.9048098240204 1 1 0 
0 710 10.6 13 0.4951171875 0.6171875 46.6714157618516 1 -1 0 
1 720 9.6 14 0.3828125 0.453125 23.9054224469729 1 0 0 
0 720 10.6 14 0.489095052083333 0.526041666666667 38.2781302858974 1 0 0 
1 730 9.6 14 0.432477678571429 0.509375 24.2983483236911 1 0 0 
0 730 10.6 14 0.549547697368421 0.479166666666667 48.9465551465899 1 0 0 
1 740 9.6 14 0.42431640625 0.4248046875 7.3243901320625 1 0 0 
0 740 10.6 14 0.528941761363636 0.39453125 59.8390748133264 1 0 0 
1 750 9.6 14 0.386328125 0.35703125 27.2062024684385 1 0 0 
0 750 10.6 14 0.547619047619048 0.4267578125 43.2131718046261 1 0 0 
1 760 9.6 15 0.383072916666667 0.36953125 33.22548653061 1 1 0 
0 760 10.6 14 0.568953804347826 0.4326171875 45.6125246023541 1 -1 0 
1 770 9.6 15 0.383072916666667 0.41796875 32.2324100600932 1 1 0 
0 770 10.6 14 0.522629310344828 0.465625 28.4158899535638 1 -1 0 
1 780 9.6 15 0.393914473684211 0.4375 16.7031937933378 1 1 0 
0 780 10.6 14 0.522194602272727 0.505859375 8.52270069438726 1 -1 0 
1 790 9.6 15 0.4140625 0.428125 26.7720614878524 1 1 0 
0 790 10.6 14 0.568050986842105 0.498697916666667 3.62009059050029 1 -1 0 
1 800 9.6 16 0.4140625 0.51328125 27.830100733443 1 2 0 
0 800 10.6 14 0.566176470588235 0.4609375 0 1 -2 0 
1 810 9.6 16 0.4732421875 0.5140625 22.5564108952631 1 2 0 
0 810 10.6 14 0.50390625 0.4765625 0 1 -2 0 
1 820 9.6 16 0.50515625 0.4875 33.3948641391798 1 2 0 
0 820 10.6 14 0.464384191176471 0.353515625 25.5440795488896 1 -2 0 
1 830 9.6 16 0.47265625 0.46171875 33.5613901846419 1 1 0 
0 830 10.6 15 0.44091796875 0.403645833333333 32.4547491585436 1 -1 0 
1 840 9.6 16 0.476748511904762 0.46015625 29.874300425248 1 1 0 
0 840 10.6 15 0.450041118421053 0.3330078125 35.3416530274917 1 -1 0 
1 850 9.6 16 0.5029296875 0.47734375 23.5758954736568 1 1 0 
0 850 10.6 15 0.447380514705882 0.4228515625 27.3487770656983 1 -1 0 
1 860 9.6 17 0.4837890625 0.5140625 26.7552579462034 1 2 0 
0 860 10.6 15 0.41796875 0.4306640625 24.3102548956329 1 -2 0 
1 870 9.6 17 0.475260416666667 0.5234375 30.5954031318521 1 1 0 
0 870 10.6 16 0.464111328125 0.4423828125 28.1729633818953 1 -1 0 
1 880 9.6 17 0.544771634615385 0.455078125 38.0705674321121 1 1 0 
0 880 10.6 16 0.441840277777778 0.4267578125 38.393836616444 1 -1 0 
1 890 9.6 17 0.487870065789474 0.5078125 42.7450376773451 1 1 0 
0 890 10.6 16 0.416015625 0.48359375 32.0224850530194 1 -1 0 
1 900 9.6 17 0.405729166666667 0.474609375 34.8669340666975 1 1 0 
0 900 10.6 16 0.454861111111111 0.4546875 42.881158142543 1 -1 0 
1 910 9.6 17 0.475060096153846 0.46875 17.1063238347708 1 1 0 
0 910 10.6 16 0.504807692307692 0.49609375 23.2851624122242 1 -1 0 
1 920 9.6 18 0.482954545454545 0.4345703125 13.8900403412786 1 2 0 
0 920 10.6 16 0.500651041666667 0.52734375 32.4284940757606 1 -2 0 
1 930 9.6 18 0.45703125 0.4 38.532754278914 1 1 0 
0 930 10.6 17 0.535456730769231 0.51953125 4.03112887414927 1 -1 0 
1 940 9.6 18 0.439670138888889 0.43515625 25.8995358226133 1 1 0 
0 940 10.6 17 0.555836397058824 0.49609375 3.60555127546399 1 -1 0 
1 950 9.6 18 0.439670138888889 0.47734375 7.07897328245598 1 1 0 
0 950 10.6 17 0.49927662037037 0.47265625 0 1 -1 0 
1 960 9.6 18 0.433072916666667 0.5125 11.4835885270312 1 1 0 
0 960 10.6 17 0.495982142857143 0.3828125 0 1 -1 0 
1 970 9.6 18 0.5400390625 0.46328125 44.668752505816 1 1 0 
0 970 10.6 17 0.547334558823529 0.3671875 0 1 -1 0 
1 980 9.6 19 0.433984375 0.52578125 42.4557508251462 1 2 0 
0 980 10.6 17 0.504415760869565 0.23828125 31.2562487165291 1 -2 0 
1 990 9.6 19 0.409288194444444 0.52109375 45.4965430125909 1 2 0 
0 990 10.6 17 0.467141544117647 0.3125 25.3976230364285 1 -2 0 
1 1000 9.6 19 0.482421875 0.48828125 36.106737264946 1 2 0 
0 1000 10.6 17 0.541324013157895 0.3640625 21.7288124349748 1 -2 0 
1 1010 9.6 19 0.434678819444444 0.4228515625 35.8579131360787 1 1 0 
0 1010 10.6 18 0.541324013157895 0.4736328125 17.2527441445369 1 -1 0 
1 1020 9.6 19 0.421142578125 0.4203125 23.3293309601216 1 1 0 
0 1020 10.6 18 0.448508522727273 0.4140625 22.0912727890799 1 -1 0 
1 1030 9.6 20 0.528262867647059 0.44375 16.9313563334144 0 2 -1 
0 1030 10.6 18 0.468955592105263 0.3935546875 4.05657913055595 1 -2 1 
1 1040 9.6 20 0.520559210526316 0.4140625 8.85013287372793 0 2 -1 
0 1040 10.6 18 0.430588942307692 0.458984375 9.71930053711025 1 -2 1 
1 1050 9.6 20 0.442447916666667 0.453125 8.36899865890595 0 2 -1 
0 1050 10.6 18 0.459201388888889 0.509765625 9.53881542233935 1 -2 1 
1 1060 9.6 20 0.460286458333333 0.4169921875 7.65552177105467 0 2 -1 
0 1060 10.6 18 0.495404411764706 0.5205078125 5.48738133857587 1 -2 1 
1 1070 9.6 20 0.460286458333333 0.41015625 4.46622740610624 0 2 -1 
0 1070 10.6 18 0.453804347826087 0.579427083333333 8.97181437704333 1 -2 1 
1 1080 9.6 20 0.3759765625 0.4578125 2.25717943973276 0 1 -1 
0 1080 10.6 19 0.4990234375 0.541015625 14.7054411698527 1 -1 1 
1 1090 9.6 20 0.448016826923077 0.475 21.3013205389241 0 1 -1 
0 1090 10.6 19 0.554036458333333 0.4140625 15.6524758424985 1 -1 1 
1 1100 9.6 20 0.428079044117647 0.49609375 38.4264830449701 0 1 -1 
0 1100 10.6 19 0.516927083333333 0.20703125 0 1 -1 1 
1 1110 9.6 20 0.427978515625 0.44921875 39.4975971332507 0 1 -1 
0 1110 10.6 19 0.529119318181818 0.30859375 0 1 -1 1 
1 1120 9.6 20 0.493055555555556 0.425 41.4612831609369 0 1 -1 
0 1120 10.6 19 0.52578125 0.4296875 0 1 -1 1 
1 1130 9.6 20 0.45166015625 0.453125 20.0490125261002 0 1 -1 
0 1130 10.6 19 0.472873263888889 0.268229166666667 26.2840083057417 1 -1 1 
1 1140 9.6 21 0.423958333333333 0.484375 2.6611019167141 0 2 -1 
0 1140 10.6 19 0.461100260416667 0.42578125 19.0935577970214 1 -2 1 
1 1150 9.6 21 0.5171875 0.49140625 17.8202595956533 0 2 -1 
0 1150 10.6 19 0.5009765625 0.438802083333333 16.7756414481593 1 -2 1 
1 1160 9.6 21 0.5126953125 0.4671875 23.3427504967643 0 2 -1 
0 1160 10.6 19 0.525 0.4375 20.806938912824 1 -2 1 
1 1170 9.6 21 0.4384765625 0.46953125 36.8873237038174 0 2 -1 
0 1170 10.6 19 0.5314453125 0.45703125 23.7519216547894 1 -2 1 
1 1180 9.6 21 0.506204044117647 0.46640625 34.8482375666485 0 1 -1 
0 1180 10.6 20 0.545166015625 0.496875 19.3957368344853 1 -1 1 
1 1190 9.6 21 0.46328125 0.44375 30.9356067424472 0 1 -1 
0 1190 10.6 20 0.486902573529412 0.5322265625 22.1240765195787 1 -1 1 
1 1200 9.6 21 0.404747596153846 0.44296875 19.1410065345027 0 1 -1 
0 1200 10.6 20 0.441051136363636 0.5166015625 25.9417718781097 1 -1 1 
1 1210 9.6 21 0.486458333333333 0.453125 19.3047036019218 0 1 -1 
0 1210 10.6 20 0.495863970588235 0.4609375 15.9960596717755 1 -1 1 
1 1220 9.6 21 0.486458333333333 0.4765625 17.1832303992365 0 1 -1 
0 1220 10.6 20 0.470128676470588 0.446614583333333 7.36935479691765 1 -1 1 
1 1230 9.6 21 0.49921875 0.49765625 8.62076385809589 0 1 -1 
0 1230 10.6 20 0.39453125 0.4453125 8.23417699746457 1 -1 1 
