1 30 9.8 1 NaN 0.297379032258065 9.66806401937989 3 0 0 
0 30 7.2 1 NaN 0.242741935483871 24.6848475811578 3 0 0 
1 40 9.8 1 NaN 0.387096774193548 21.6548000525726 3 0 0 
0 40 7.2 1 NaN 0.244354838709677 28.3460935659833 3 0 0 
1 50 9.8 1 0.368279569892473 0.410483870967742 18.5018849299625 3 0 0 
0 50 7.2 1 0.366263440860215 0.334677419354839 35.2936725362205 3 0 0 
1 60 9.8 1 0.364247311827957 0.471774193548387 17.3434677949339 3 0 0 
0 60 7.2 1 0.364247311827957 0.479838709677419 28.649492394782 3 0 0 
1 70 9.8 1 0.420161290322581 0.466935483870968 21.2674500444026 3 0 0 
0 70 7.2 1 0.408064516129032 0.4 41.0459934036309 3 0 0 
1 80 9.8 1 0.454151732377539 0.480645161290323 23.0653563364977 3 0 0 
0 80 7.2 1 0.451979472140762 0.411290322580645 39.8593676456276 3 0 0 
1 90 9.8 1 0.403364849833148 0.479838709677419 25.533416308568 3 0 0 
0 90 7.2 1 0.374474053295933 0.469354838709677 29.1975217760335 3 0 0 
1 100 9.8 2 0.441444600280505 0.462903225806452 22.1225529691002 3 1 0 
0 100 7.2 1 0.385584677419355 0.494354838709677 30.7862521613447 3 -1 0 
1 110 9.8 2 0.470483870967742 0.471774193548387 25.6049046577541 3 0 0 
0 110 7.2 2 0.449395161290323 0.471774193548387 30.3820266829909 3 0 0 
1 120 9.8 2 0.403801843317972 0.489516129032258 29.8012900715333 3 0 0 
0 120 7.2 2 0.394153225806452 0.47258064516129 20.2135307179131 3 0 0 
1 130 9.8 2 0.42372311827957 0.468548387096774 35.3673256545203 3 0 0 
0 130 7.2 2 0.403629032258065 0.467741935483871 23.941340345494 3 0 0 
1 140 9.8 3 0.472350230414747 0.487903225806452 43.0605783290295 3 0 0 
0 140 7.2 3 0.446087216248507 0.479838709677419 30.9430814146837 3 0 0 
1 150 9.8 3 0.405176899063476 0.507056451612903 43.1370365379965 3 0 0 
0 150 7.2 3 0.400489631336406 0.473387096774194 29.065209046246 3 0 0 
1 160 9.8 3 0.426136363636364 0.480645161290323 33.3285015845693 3 0 0 
0 160 7.2 3 0.423570381231672 0.470161290322581 29.519078937479 3 0 0 
1 170 9.8 4 0.467021889400922 0.47741935483871 37.835546523789 3 1 0 
0 170 7.2 3 0.464717741935484 0.481451612903226 38.5642670158552 3 -1 0 
1 180 9.8 4 0.429223259762309 0.47741935483871 37.3391075307952 3 1 0 
0 180 7.2 3 0.386166253101737 0.475806451612903 28.8617393793236 3 -1 0 
1 190 9.8 4 0.45400238948626 0.47741935483871 34.3982763446867 3 0 0 
0 190 7.2 4 0.394949066213922 0.42741935483871 46.5 3 0 0 
1 200 9.8 5 0.472684703433923 0.441129032258065 37.4990388129249 3 1 0 
0 200 7.2 4 0.442972350230415 0.299395161290323 50.4499325362898 3 -1 0 
1 210 9.8 5 0.421798631476051 0.426411290322581 35.9072712024602 3 0 0 
0 210 7.2 5 0.395161290322581 0.324193548387097 38.279072606186 3 0 0 
1 220 9.8 5 0.414362519201229 0.491935483870968 48.4449512622795 3 0 0 
0 220 7.2 5 0.408467741935484 0.354838709677419 35.827342002439 3 0 0 
1 230 9.8 6 0.451612903225806 0.512096774193548 38.9481902106789 3 1 0 
0 230 7.2 5 0.469670406732118 0.444556451612903 25.883851347039 3 -1 0 
1 240 9.8 6 0.428110599078341 0.488911290322581 31.2914216358819 3 1 0 
0 240 7.2 5 0.398498331479422 0.391935483870968 31.4231925815981 3 -1 0 
1 250 9.8 6 0.46258064516129 0.471774193548387 28.3986221498712 3 0 0 
0 250 7.2 6 0.416725105189341 0.431451612903226 30.152508530406 3 0 0 
1 260 9.8 6 0.486851332398317 0.46875 31.0120268881521 3 0 0 
0 260 7.2 6 0.45794930875576 0.479032258064516 33.2417887558809 3 0 0 
1 270 9.8 6 0.403657834101383 0.453629032258065 30.8164876385985 3 0 0 
0 270 7.2 6 0.383904569892473 0.483870967741936 39.24821721233 3 0 0 
1 280 9.8 7 0.403033794162826 0.336290322580645 44.4381098824118 3 1 0 
0 280 7.2 6 0.430443548387097 0.491935483870968 39.3328750413873 3 -1 0 
1 290 9.8 7 0.454249379652605 0.406451612903226 34.3237652613051 3 0 0 
0 290 7.2 7 0.461612903225806 0.463709677419355 44.1280798627283 3 0 0 
1 300 9.8 7 0.4105098855359 0.458064516129032 36.3929012475295 3 0 0 
0 300 7.2 7 0.40653801843318 0.457258064516129 38.2709556294053 3 0 0 
1 310 9.8 7 0.403225806451613 0.5 36.2024703797262 3 0 0 
0 310 7.2 7 0.413306451612903 0.432459677419355 40.816789890421 3 0 0 
1 320 9.8 7 0.453405017921147 0.485887096774194 31.2946217003859 3 0 0 
0 320 7.2 7 0.477089442815249 0.42741935483871 24.3271992421203 3 0 0 
1 330 9.8 8 0.40497311827957 0.489516129032258 27.9098841781233 3 1 0 
0 330 7.2 7 0.408736559139785 0.459677419354839 25.1062995597076 3 -1 0 
1 340 9.8 8 0.417075736325386 0.475 26.0509066112652 3 1 0 
0 340 7.2 7 0.385436432637571 0.379032258064516 39.7121704819742 3 -1 0 
1 350 9.8 8 0.461559139784946 0.492741935483871 29.7387140860608 3 0 0 
0 350 7.2 8 0.477941176470588 0.45241935483871 35.89682218833 3 0 0 
1 360 9.8 8 0.423387096774194 0.482258064516129 26.7620757882452 3 0 0 
0 360 7.2 8 0.385806451612903 0.485887096774194 36.2604015880892 3 0 0 
1 370 9.8 9 0.407661290322581 0.481854838709677 28.7554740251724 3 1 0 
0 370 7.2 8 0.401576246334311 0.435483870967742 21.0237960416286 3 -1 0 
1 380 9.8 9 0.446068548387097 0.513104838709677 33.9692273463825 3 1 0 
0 380 7.2 8 0.469926075268817 0.348118279569893 39.1981158253506 3 -1 0 
1 390 9.8 9 0.402947719688543 0.433064516129032 34.5518937779435 3 1 0 
0 390 7.2 8 0.40531660692951 0.363911290322581 37.8672062028874 3 -1 0 
1 400 9.8 10 0.455995792426367 0.39758064516129 38.7134980853345 3 1 0 
0 400 7.2 9 0.394585253456221 0.331451612903226 39.5704053718839 3 -1 0 
1 410 9.8 10 0.475950460829493 0.474193548387097 27.7206714214057 3 1 0 
0 410 7.2 9 0.465277777777778 0.414516129032258 17.7950680263652 3 -1 0 
1 420 9.8 10 0.423907388137357 0.533266129032258 13.9847492442765 3 1 0 
0 420 7.2 9 0.371151026392962 0.444556451612903 10.1171889634781 3 -1 0 
1 430 9.8 11 0.438172043010753 0.475806451612903 18.1313167592228 3 2 0 
0 430 7.2 9 0.393145161290323 0.469086021505376 23.9460003912481 3 -2 0 
1 440 9.8 11 0.47883064516129 0.516129032258065 19.5672164760907 3 1 0 
0 440 7.2 10 0.443996415770609 0.487903225806452 18.4458667456967 3 -1 0 
1 450 9.8 11 0.394032258064516 0.456653225806452 46.5168260768258 3 1 0 
0 450 7.2 10 0.410483870967742 0.384408602150538 39.502737231092 3 -1 0 
1 460 9.8 11 0.409072580645161 0.323588709677419 43.8896875304363 3 1 0 
0 460 7.2 10 0.435483870967742 0.320564516129032 44.2488886406215 3 -1 0 
1 470 9.8 11 0.468378607809847 0.413978494623656 28.4932593470684 3 0 0 
0 470 7.2 11 0.450500556173526 0.361895161290323 31.2000385349353 3 0 0 
1 480 9.8 12 0.407407407407407 0.509408602150538 15.7473821349722 3 1 0 
0 480 7.2 11 0.416422287390029 0.432459677419355 25.6186427860646 3 -1 0 
1 490 9.8 12 0.413412563667233 0.475806451612903 27.1897856000753 3 1 0 
0 490 7.2 11 0.453629032258065 0.503024193548387 13.3070406550827 3 -1 0 
1 500 9.8 12 0.446572580645161 0.316532258064516 47.0512091915536 3 1 0 
0 500 7.2 11 0.469838709677419 0.467741935483871 36.119927280646 3 -1 0 
1 510 9.8 12 0.415461624026696 0.383064516129032 33.3555841690074 3 1 0 
0 510 7.2 11 0.425611790878754 0.479838709677419 34.6395619185708 3 -1 0 
1 520 9.8 12 0.424507168458781 0.413978494623656 20.1795007686129 3 0 0 
0 520 7.2 12 0.438306451612903 0.470766129032258 15.2689244676244 3 0 0 
1 530 9.8 13 0.442487266553481 0.514784946236559 30.1897482018016 3 1 0 
0 530 7.2 12 0.482221407624633 0.480645161290323 28.334957635147 3 -1 0 
1 540 9.8 13 0.384193548387097 0.497311827956989 30.0777318285221 3 1 0 
0 540 7.2 12 0.380434782608696 0.484677419354839 23.6738842295402 3 -1 0 
1 550 9.8 13 0.400345622119816 0.409677419354839 33.9659519676264 3 1 0 
0 550 7.2 12 0.377688172043011 0.49758064516129 21.283750674206 3 -1 0 
1 560 9.8 13 0.488306451612903 0.383064516129032 24.2372477423422 3 1 0 
0 560 7.2 12 0.466458944281525 0.483064516129032 13.6826001761522 3 -1 0 
1 570 9.8 13 0.389934289127838 0.430443548387097 25.7110787996176 3 1 0 
0 570 7.2 12 0.401209677419355 0.516935483870968 20.4921104281746 3 -1 0 
1 580 9.8 13 0.385447214076246 0.472782258064516 28.9876957368189 3 1 0 
0 580 7.2 12 0.430535190615836 0.511088709677419 25.2347383827566 3 -1 0 
1 590 9.8 13 0.457398316970547 0.450604838709677 29.3113763546006 3 0 0 
0 590 7.2 13 0.474410669975186 0.485887096774194 42.440793602735 3 0 0 
1 600 9.8 14 0.385 0.426411290322581 39.0506651740402 3 1 0 
0 600 7.2 13 0.415322580645161 0.491935483870968 39.0206841902273 3 -1 0 
1 610 9.8 14 0.388104838709677 0.445564516129032 33.7555973989452 3 1 0 
0 610 7.2 13 0.475256598240469 0.469758064516129 36.1270692840323 3 -1 0 
1 620 9.8 14 0.427969208211144 0.422379032258065 40.2202336199294 3 1 0 
0 620 7.2 13 0.503506311360449 0.362903225806452 43.6881298404251 3 -1 0 
1 630 9.8 14 0.387694145758662 0.430443548387097 43.5357994629432 3 1 0 
0 630 7.2 13 0.404868578255675 0.418346774193548 37.0719074695256 3 -1 0 
1 640 9.8 14 0.417776998597475 0.452620967741936 38.7526878085412 3 1 0 
0 640 7.2 13 0.387571157495256 0.487903225806452 4.10337402150692 3 -1 0 
1 650 9.8 14 0.445186491935484 0.501008064516129 40.6998323976561 3 1 0 
0 650 7.2 13 0.456989247311828 0.382258064516129 44.9419610248733 3 -1 0 
1 660 9.8 15 0.414412070759625 0.495967741935484 46.8203720457452 3 1 0 
0 660 7.2 14 0.399641577060932 0.43010752688172 46.0104095384478 3 -1 0 
1 670 9.8 15 0.457661290322581 0.470430107526882 43.2103552721981 3 1 0 
0 670 7.2 14 0.425403225806452 0.451612903225806 47.5631159618459 3 -1 0 
1 680 9.8 16 0.462903225806452 0.373655913978495 48.9080016852194 3 2 0 
0 680 7.2 14 0.462749615975422 0.419354838709677 0 3 -2 0 
1 690 9.8 16 0.398915461624027 0.448924731182796 34.1379386565992 3 2 0 
0 690 7.2 14 0.37869623655914 0.284274193548387 37.9011873164945 3 -2 0 
1 700 9.8 16 0.439981389578164 0.512096774193548 21.3886562065318 3 2 0 
0 700 7.2 14 0.370256166982922 0.323924731182796 31.3915360339633 3 -2 0 
1 710 9.8 16 0.455414746543779 0.42741935483871 41.6568567593245 3 2 0 
0 710 7.2 14 0.441970546984572 0.305645161290323 42.9567999118338 3 -2 0 
1 720 9.8 16 0.437034739454094 0.446572580645161 37.9402013206024 3 2 0 
0 720 7.2 14 0.364388794567063 0.363911290322581 42.0715943694384 3 -2 0 
1 730 9.8 17 0.447156196943973 0.409274193548387 42.1058300950832 3 2 0 
0 730 7.2 15 0.38328853046595 0.411290322580645 27.9909245611017 3 -2 0 
1 740 9.8 17 0.45241935483871 0.533064516129032 23.4828638174462 3 2 0 
0 740 7.2 15 0.442741935483871 0.411290322580645 27.7113808160142 3 -2 0 
1 750 9.8 17 0.384992987377279 0.537096774193548 19.7472432171713 3 2 0 
0 750 7.2 15 0.402329749103943 0.40994623655914 34.134474021832 3 -2 0 
1 760 9.8 17 0.464381720430108 0.620967741935484 14.2856224413872 3 2 0 
0 760 7.2 15 0.431653225806452 0.329637096774194 39.4932224490721 3 -2 0 
1 770 9.8 18 0.511774193548387 0.664314516129032 13.1377744091089 3 2 0 
0 770 7.2 16 0.494758064516129 0.411290322580645 39.7955646642792 3 -2 0 
1 780 9.8 18 0.463853686635945 0.591733870967742 8.55473443702639 3 2 0 
0 780 7.2 16 0.39616935483871 0.408266129032258 33.2100299505085 3 -2 0 
1 790 9.8 18 0.489314516129032 0.555443548387097 21.7524563753004 3 2 0 
0 790 7.2 16 0.418906810035842 0.366935483870968 32.759551140599 3 -2 0 
1 800 9.8 18 0.509733036707453 0.466733870967742 21.118318163451 3 2 0 
0 800 7.2 16 0.426747311827957 0.386088709677419 18.3304792679942 3 -2 0 
1 810 9.8 18 0.469809760132341 0.5 32.9343230615079 3 2 0 
0 810 7.2 16 0.346966205837174 0.372983870967742 21.6616288001402 3 -2 0 
1 820 9.8 18 0.451796187683284 0.462701612903226 26.0726180225197 3 2 0 
0 820 7.2 16 0.365986717267552 0.376008064516129 8.15513689198174 3 -2 0 
1 830 9.8 18 0.501061120543294 0.450604838709677 24.5242267839608 3 2 0 
0 830 7.2 16 0.390360983102919 0.461693548387097 5.20991894704631 3 -2 0 
1 840 9.8 18 0.453510436432638 0.451612903225806 26.8106413314052 3 2 0 
0 840 7.2 16 0.363201911589008 0.435483870967742 39.5725527938904 3 -2 0 
1 850 9.8 19 0.461917562724014 0.366935483870968 40.7204294219409 3 2 0 
0 850 7.2 17 0.359627016129032 0.456653225806452 37.5435281241706 3 -2 0 
1 860 9.8 19 0.511859582542694 0.46236559139785 29.8023700319736 3 2 0 
0 860 7.2 17 0.396505376344086 0.464717741935484 31.9608856352656 3 -2 0 
1 870 9.8 19 0.416816009557945 0.506720430107527 14.4591939944913 3 2 0 
0 870 7.2 17 0.402760545905707 0.455645161290323 27.7828946259659 3 -2 0 
1 880 9.8 19 0.394969278033794 0.509408602150538 3.52700095921514 3 2 0 
0 880 7.2 17 0.477910238429173 0.390120967741936 48.2342152391719 3 -2 0 
1 890 9.8 19 0.432071960297767 0.489247311827957 5.77490856747569 3 2 0 
0 890 7.2 17 0.499516129032258 0.405241935483871 41.5567660318713 3 -2 0 
1 900 9.8 19 0.422921836228288 0.378024193548387 37.3461951699795 3 2 0 
0 900 7.2 17 0.428392658509455 0.494959677419355 25.6534293919436 3 -2 0 
1 910 9.8 19 0.420614919354839 0.439516129032258 32.8772732156901 3 1 0 
0 910 7.2 18 0.385332661290323 0.532258064516129 29.4839387222407 3 -1 0 
1 920 9.8 19 0.458728652751423 0.433467741935484 37.2556916719671 3 1 0 
0 920 7.2 18 0.471357063403782 0.439516129032258 47.3838981293776 3 -1 0 
1 930 9.8 20 0.366095430107527 0.469758064516129 40.6840576678657 3 2 0 
0 930 7.2 18 0.43195564516129 0.40625 47.6495896204136 3 -2 0 
1 940 9.8 20 0.408770161290323 0.446572580645161 39.7876897006519 3 2 0 
0 940 7.2 18 0.469516129032258 0.432459677419355 35.5059660846014 3 -2 0 
1 950 9.8 20 0.43366935483871 0.502688172043011 36.6784410752 3 2 0 
0 950 7.2 18 0.493021091811414 0.436491935483871 27.445184105352 3 -2 0 
1 960 9.8 20 0.385603345280765 0.477150537634409 28.9350224855463 3 1 0 
0 960 7.2 19 0.403823178016726 0.409274193548387 30.4110471428713 3 -1 0 
1 970 9.8 20 0.433371735791091 0.497311827956989 24.3633326737428 3 1 0 
0 970 7.2 19 0.384024577572965 0.473790322580645 29.9542356565828 3 -1 0 
1 980 9.8 20 0.499525616698292 0.471774193548387 2.82842712474619 3 1 0 
0 980 7.2 19 0.465542521994135 0.510752688172043 20.60912419849 3 -1 0 
1 990 9.8 20 0.373514431239389 0.445564516129032 3.20156211871642 3 1 0 
0 990 7.2 19 0.416363163371488 0.370967741935484 38.5020329472097 3 -1 0 
1 1000 9.8 20 0.375636672325976 0.524193548387097 16.6207701385947 3 1 0 
0 1000 7.2 19 0.427611367127496 0.469086021505376 33.0384559509247 3 -1 0 
1 1010 9.8 21 0.403775659824047 0.522177419354839 26.8793601114312 3 2 0 
0 1010 7.2 19 0.544162826420891 0.483870967741936 46.5295604965274 3 -2 0 
1 1020 9.8 21 0.391495601173021 0.365591397849462 42.4298507968594 3 2 0 
0 1020 7.2 19 0.462286527514232 0.556451612903226 46.3249392876019 3 -2 0 
1 1030 9.8 21 0.462648556876061 0.381720430107527 34.7807368851453 3 1 0 
0 1030 7.2 20 0.381496415770609 0.508064516129032 0 3 -1 0 
1 1040 9.8 21 0.482587976539589 0.481182795698925 35.9035967854536 3 1 0 
0 1040 7.2 20 0.574848790322581 NaN NaN 3 -1 0 
1 1050 9.8 21 0.418866080156403 0.386088709677419 41.0628685263679 3 1 0 
0 1050 7.2 20 0.425259216589862 0.182795698924731 19.1319763298198 3 -1 0 
1 1060 9.8 21 0.465821812596006 0.463709677419355 28.9761514644213 3 1 0 
0 1060 7.2 20 0.364471326164875 0.360215053763441 38.1532865918372 3 -1 0 
1 1070 9.8 21 0.472926267281106 0.491935483870968 29.5841617375564 3 1 0 
0 1070 7.2 20 0.52134724857685 0.34375 35.88015346764 3 -1 0 
1 1080 9.8 21 0.41818418314256 0.514112903225806 18.0087386259462 3 1 0 
0 1080 7.2 20 0.448751300728408 0.33366935483871 29.9480147636717 3 -1 0 
1 1090 9.8 21 0.497227822580645 0.556451612903226 15.5426070697672 3 1 0 
0 1090 7.2 20 0.361042183622829 0.370967741935484 23.4283286935528 3 -1 0 
1 1100 9.8 21 0.556451612903226 0.580645161290323 10.1774541544687 3 1 0 
0 1100 7.2 20 0.609375 0.440860215053763 17.0156349275556 3 -1 0 
1 1110 9.8 22 0.432795698924731 0.628024193548387 6.718265539812 3 2 0 
0 1110 7.2 20 0.451180875576037 0.321236559139785 29.8036946996828 3 -2 0 
1 1120 9.8 22 0.539202508960574 0.644354838709677 9.33961963252657 3 2 0 
0 1120 7.2 20 0.498463901689708 0.327956989247312 11.4596685671691 3 -2 0 
1 1130 9.8 22 0.601129032258065 0.618951612903226 15.6512136579239 3 2 0 
0 1130 7.2 20 0.583717357910906 0.365591397849462 14.0971637717187 3 -2 0 
1 1140 9.8 22 0.472695852534562 0.668548387096774 19.8016851679925 3 2 0 
0 1140 7.2 20 0.450866188769415 0.280241935483871 4.27200187265877 3 -2 0 
1 1150 9.8 22 0.531970046082949 0.724798387096774 2.87369256897514 3 2 0 
0 1150 7.2 20 0.473973607038123 0.221774193548387 17.9094547050675 3 -2 0 
1 1160 9.8 22 0.59389400921659 0.73991935483871 5.34301961594309 3 2 0 
0 1160 7.2 20 0.587269585253456 0.19758064516129 15.1327459504216 3 -2 0 
1 1170 9.8 23 0.450716845878136 0.784274193548387 3.76256153339905 3 3 1 
0 1170 7.2 20 0.411290322580645 0.229838709677419 11.6748229917113 2 -3 -1 
1 1180 9.8 23 0.459453405017921 0.701612903225806 3.2208239192623 3 2 1 
0 1180 7.2 21 0.344982078853047 0.270161290322581 3.16227766016838 2 -2 -1 
1 1190 9.8 23 0.539956011730205 0.672379032258065 3.2198570930565 3 2 1 
0 1190 7.2 21 0.344982078853047 0.206989247311828 10.1243288199116 2 -2 -1 
1 1200 9.8 23 0.449760244115083 0.51008064516129 15.3820179919455 3 2 1 
0 1200 7.2 21 0.344153225806452 0.267137096774194 19.5558576057071 2 -2 -1 
1 1210 9.8 23 0.460314091680815 0.389112903225806 15.4860250915819 3 2 1 
0 1210 7.2 21 0.449596774193548 0.388104838709677 37.1294409231447 2 -2 -1 
1 1220 9.8 23 0.495234604105572 0.38508064516129 15.5169565368976 3 2 1 
0 1220 7.2 21 0.433870967741935 0.487903225806452 40.8201105576843 2 -2 -1 
1 1230 9.8 23 0.364247311827957 0.384072580645161 9.18116123235524 3 2 1 
0 1230 7.2 21 0.380583126550869 0.493951612903226 3.20156211871642 2 -2 -1 
1 1240 9.8 23 0.381912442396313 0.491935483870968 12.4481586041367 3 2 1 
0 1240 7.2 21 0.405241935483871 0.329301075268817 35.7599073902866 2 -2 -1 
1 1250 9.8 23 0.477208976157083 0.48252688172043 16.93838096363 3 2 1 
0 1250 7.2 21 0.445084485407066 0.268145161290323 31.7529526186149 2 -2 -1 
1 1260 9.8 23 0.46229293809939 0.456989247311828 24.2626761648977 3 2 1 
0 1260 7.2 21 0.392190152801358 0.372983870967742 25.7001945517928 2 -2 -1 
1 1270 9.8 23 0.475105189340813 0.513440860215054 12.7698985035071 3 2 1 
0 1270 7.2 21 0.402126099706745 0.4375 4.60977222864644 2 -2 -1 
1 1280 9.8 23 0.543145161290323 0.510752688172043 33.2777623669964 3 2 1 
0 1280 7.2 21 0.436104218362283 0.362903225806452 3.16227766016838 2 -2 -1 
1 1290 9.8 23 0.51065668202765 0.489247311827957 42.8523662380687 3 1 1 
0 1290 7.2 22 0.351958525345622 0.377016129032258 6.80073525436772 2 -1 -1 
1 1300 9.8 23 0.523803329864724 0.495967741935484 36.8162525272389 3 1 1 
0 1300 7.2 22 0.363767281105991 0.241935483870968 16.1880786224542 2 -1 -1 
1 1310 9.8 24 0.606112054329372 0.502016129032258 43.8908638310438 3 2 1 
0 1310 7.2 22 0.337096774193548 0.199193548387097 13.523287978847 2 -2 -1 
1 1320 9.8 24 0.507804370447451 0.689516129032258 7.38256260250754 3 2 1 
0 1320 7.2 22 0.314990512333966 0.206653225806452 9.00987508076341 2 -2 -1 
1 1330 9.8 24 0.452543424317618 0.721774193548387 13.7124294763078 3 2 1 
0 1330 7.2 22 0.358137829912023 0.184139784946237 7.70384653978049 2 -2 -1 
1 1340 9.8 24 0.663306451612903 0.727822580645161 21.6448608219134 3 2 1 
0 1340 7.2 22 0.380865102639296 0.19758064516129 2.5 2 -2 -1 
1 1350 9.8 24 0.617741935483871 0.794354838709677 6.40312423743285 3 2 1 
0 1350 7.2 22 0.255760368663594 0.220430107526882 13.4547201062193 2 -2 -1 
1 1360 9.8 24 NaN 0.810483870967742 0 3 2 1 
0 1360 7.2 22 NaN 0.205645161290323 0 2 -2 -1 
