1 30 10.4 1 NaN 0.287109375 40.7985138941445 3 0 0 
0 30 8.2 1 NaN 0.2939453125 26.5952545868534 3 0 0 
1 40 10.4 1 NaN 0.3203125 36.0404335701586 3 0 0 
0 40 8.2 1 NaN 0.3125 22.8180037833982 3 0 0 
1 50 10.4 1 NaN 0.35546875 34.061765667976 3 0 0 
0 50 8.2 1 0.39306640625 0.34765625 28.6005295062465 3 0 0 
1 60 10.4 1 0.473958333333333 0.45703125 34.5851868124781 3 0 0 
0 60 8.2 1 0.452665441176471 0.4453125 29.8309315457919 3 0 0 
1 70 10.4 1 0.501233552631579 0.4640625 32.6847568446565 3 0 0 
0 70 8.2 1 0.50859375 0.48515625 28.7111953388497 3 0 0 
1 80 10.4 1 0.504136029411765 0.48203125 30.9264203734965 3 0 0 
0 80 8.2 1 0.445591517857143 0.49296875 24.5642722732569 3 0 0 
1 90 10.4 1 0.477678571428571 0.4921875 31.764884263551 3 0 0 
0 90 8.2 1 0.4611328125 0.46953125 28.9953461547986 3 0 0 
1 100 10.4 2 0.483963815789474 0.47109375 34.9699906635738 3 0 0 
0 100 8.2 2 0.513822115384615 0.48515625 31.4824106371441 3 0 0 
1 110 10.4 2 0.484375 0.4703125 36.6998063195749 3 0 0 
0 110 8.2 2 0.451171875 0.50390625 35.6412177892614 3 0 0 
1 120 10.4 3 0.462673611111111 0.48203125 29.7590710812361 3 1 0 
0 120 8.2 2 0.440848214285714 0.4931640625 31.4156016460877 3 -1 0 
1 130 10.4 3 0.509033203125 0.5046875 38.6954133736641 3 0 0 
0 130 8.2 3 0.411272321428571 0.4796875 39.1497466596211 3 0 0 
1 140 10.4 3 0.520733173076923 0.503125 39.1253310656258 3 0 0 
0 140 8.2 3 0.454326923076923 0.48203125 48.9214857224398 3 0 0 
1 150 10.4 4 0.487847222222222 0.4328125 35.7046734581007 3 1 0 
0 150 8.2 3 0.435014204545455 0.4296875 53.8681311637267 3 -1 0 
1 160 10.4 4 0.529947916666667 0.43203125 33.6491991808254 3 1 0 
0 160 8.2 3 0.462890625 0.365625 49.3031116281297 3 -1 0 
1 170 10.4 4 0.535386029411765 0.446875 18.0167376809386 3 1 0 
0 170 8.2 3 0.4140625 0.431640625 23.5924784164233 3 -1 0 
1 180 10.4 4 0.507486979166667 0.50078125 7.36625665244557 3 0 0 
0 180 8.2 4 0.428571428571429 0.4638671875 12.4227669083366 3 0 0 
1 190 10.4 5 0.526692708333333 0.48828125 9.77609258312209 3 1 0 
0 190 8.2 4 0.465144230769231 0.361979166666667 41.2334956873319 3 -1 0 
1 200 10.4 5 0.526692708333333 0.5171875 22.5819037646268 3 1 0 
0 200 8.2 4 0.427389705882353 0.3828125 28.5305914299502 3 -1 0 
1 210 10.4 6 0.508854166666667 0.46953125 16.2249954510844 3 2 0 
0 210 8.2 4 0.4259765625 0.376953125 43.3695357852789 3 -2 0 
1 220 10.4 6 0.539595170454545 0.45703125 28.4419004051596 3 2 0 
0 220 8.2 4 0.448102678571429 0.35625 38.256842621495 3 -2 0 
1 230 10.4 6 0.536675347222222 0.50546875 32.450781277106 3 1 0 
0 230 8.2 5 0.405381944444444 0.4296875 30.930009838219 3 -1 0 
1 240 10.4 6 0.501420454545455 0.50546875 38.7518248356471 3 1 0 
0 240 8.2 5 0.449908088235294 0.4677734375 27.3303313335411 3 -1 0 
1 250 10.4 7 0.485416666666667 0.4677734375 34.6501974909096 3 1 0 
0 250 8.2 6 0.503125 0.4892578125 27.3117765972754 3 -1 0 
1 260 10.4 7 0.4927734375 0.4638671875 34.3075552243982 3 1 0 
0 260 8.2 6 0.455078125 0.39609375 48.064333143967 3 -1 0 
1 270 10.4 7 0.489583333333333 0.4443359375 50.9508039530039 3 1 0 
0 270 8.2 6 0.454644097222222 0.42578125 34.2490367264565 3 -1 0 
1 280 10.4 7 0.484375 0.3921875 41.6459908828466 3 1 0 
0 280 8.2 6 0.528971354166667 0.4828125 27.6208610722053 3 -1 0 
1 290 10.4 7 0.483774038461538 0.4328125 40.8340717811006 3 1 0 
0 290 8.2 6 0.505301339285714 0.51171875 33.5284869143808 3 -1 0 
1 300 10.4 7 0.486653645833333 0.4421875 33.8248737348846 3 1 0 
0 300 8.2 6 0.44775390625 0.47109375 36.5342542598626 3 -1 0 
1 310 10.4 8 0.491365131578947 0.45859375 21.4159834505153 3 1 0 
0 310 8.2 7 0.435997596153846 0.5078125 20.6159920146643 3 -1 0 
1 320 10.4 8 0.500217013888889 0.42421875 16.5371724700908 3 1 0 
0 320 8.2 7 0.444475446428571 0.544270833333333 12.3709278801146 3 -1 0 
1 330 10.4 8 0.511101973684211 0.45546875 17.455018524444 3 1 0 
0 330 8.2 7 0.437040441176471 0.3359375 28.2890569879072 3 -1 0 
1 340 10.4 8 0.515252976190476 0.50859375 9.46265984659969 3 1 0 
0 340 8.2 7 0.441964285714286 0.282552083333333 29.809713934057 3 -1 0 
1 350 10.4 8 0.515252976190476 0.486979166666667 23.9016012393774 3 1 0 
0 350 8.2 7 0.418269230769231 0.3408203125 19.3048052530481 3 -1 0 
1 360 10.4 9 0.516059027777778 0.4365234375 21.1567990486335 3 2 0 
0 360 8.2 7 0.441034226190476 0.3740234375 23.9450252512648 3 -2 0 
1 370 10.4 9 0.545006793478261 0.423828125 39.809173322895 3 2 0 
0 370 8.2 7 0.4828125 0.373697916666667 18.1736953290469 3 -2 0 
1 380 10.4 9 0.545006793478261 0.451171875 27.9136093999586 3 1 0 
0 380 8.2 8 0.404474431818182 0.396484375 7.64852927038918 3 -1 0 
1 390 10.4 9 0.576497395833333 0.43671875 35.569467056145 3 1 0 
0 390 8.2 8 0.4041015625 0.315625 30.7315456463959 3 -1 0 
1 400 10.4 9 0.558984375 0.47734375 25.293546237367 3 1 0 
0 400 8.2 8 0.41845703125 0.3796875 15.1711740335505 3 -1 0 
1 410 10.4 10 0.560267857142857 0.41953125 14.3421700906759 3 2 0 
0 410 8.2 8 0.4 0.41328125 19.6336035003577 3 -2 0 
1 420 10.4 10 0.547794117647059 0.4609375 26.6082209275651 3 2 0 
0 420 8.2 8 0.423270089285714 0.39375 27.8526180728823 3 -2 0 
1 430 10.4 11 0.547265625 0.4796875 27.9247560956601 3 3 0 
0 430 8.2 8 NaN 0.4375 30.1572354086225 3 -3 0 
1 440 10.4 11 0.553977272727273 0.505859375 32.2732879989328 3 2 0 
0 440 8.2 9 0.38671875 0.44921875 0 3 -2 0 
1 450 10.4 11 0.6103515625 0.548828125 26.9861015511223 3 2 0 
0 450 8.2 9 0.407670454545455 0.35546875 38.0525951808809 3 -2 0 
1 460 10.4 11 0.612079326923077 0.5546875 17.5547567186856 3 2 0 
0 460 8.2 9 0.431640625 0.2470703125 26.9196659892692 3 -2 0 
1 470 10.4 11 0.606889204545455 0.4796875 43.2051805988205 3 2 0 
0 470 8.2 9 0.396484375 0.26171875 28.8415391618768 3 -2 0 
1 480 10.4 12 0.5908203125 0.46484375 24.6418364796626 3 2 0 
0 480 8.2 10 0.4140625 0.3578125 31.5434867000738 3 -2 0 
1 490 10.4 12 0.58125 0.4775390625 19.840862789048 3 2 0 
0 490 8.2 10 0.484375 0.40546875 25.9746003040214 3 -2 0 
1 500 10.4 12 0.588448660714286 0.540364583333333 5.52770470134247 3 1 0 
0 500 8.2 11 0.469866071428571 0.35703125 18.8804863859451 3 -1 0 
1 510 10.4 12 0.607244318181818 0.3955078125 37.0045137336292 3 1 0 
0 510 8.2 11 0.39013671875 0.45390625 16.486585455661 3 -1 0 
1 520 10.4 12 0.583984375 0.4091796875 32.5263180686372 3 1 0 
0 520 8.2 11 0.39208984375 0.46328125 18.5409372244873 3 -1 0 
1 530 10.4 13 0.584909539473684 0.39140625 38.3442263657825 3 2 0 
0 530 8.2 11 0.381975446428571 0.44140625 25.6315811312893 3 -2 0 
1 540 10.4 13 0.55859375 0.4125 27.9109725942425 3 1 0 
0 540 8.2 12 0.41748046875 0.447916666666667 21.6782441853409 3 -1 0 
1 550 10.4 13 0.5048828125 0.45234375 14.683139089633 3 1 0 
0 550 8.2 12 0.471354166666667 0.403645833333333 26.4572616921885 3 -1 0 
1 560 10.4 13 0.503069196428571 0.4984375 17.5690292028797 3 1 0 
0 560 8.2 12 0.455180921052632 0.279296875 28.2020318722533 3 -1 0 
1 570 10.4 13 0.53125 0.49296875 24.1087067890646 3 1 0 
0 570 8.2 12 0.449519230769231 0.3544921875 30.9822045206507 3 -1 0 
1 580 10.4 14 0.533296130952381 0.47890625 32.7953490288046 3 2 0 
0 580 8.2 12 0.548177083333333 0.45703125 30.3861564269091 3 -2 0 
1 590 10.4 14 0.552159926470588 0.4859375 30.0052236720905 3 2 0 
0 590 8.2 12 0.5390625 0.36328125 23.3470913598046 3 -2 0 
1 600 10.4 14 0.529296875 0.47890625 30.5964539328407 3 2 0 
0 600 8.2 12 0.44091796875 0.35625 23.2236598772077 3 -2 0 
1 610 10.4 15 0.547135416666667 0.51484375 27.3186382289466 3 2 0 
0 610 8.2 13 0.483940972222222 0.40703125 32.6692964416704 3 -2 0 
1 620 10.4 15 0.586143092105263 0.57109375 27.8603463003877 3 2 0 
0 620 8.2 13 0.42578125 0.4423828125 16.5354594927677 3 -2 0 
1 630 10.4 15 0.556332236842105 0.5458984375 18.9156639233483 3 2 0 
0 630 8.2 13 0.367621527777778 0.38359375 22.6276045837639 3 -2 0 
1 640 10.4 15 0.568359375 0.5140625 18.752537443475 3 2 0 
0 640 8.2 13 0.483072916666667 0.37421875 41.8160395579975 3 -2 0 
1 650 10.4 15 0.556361607142857 0.5375 18.9465687087785 3 1 0 
0 650 8.2 14 0.426983173076923 0.4015625 45.0851456068684 3 -1 0 
1 660 10.4 16 0.570963541666667 0.50703125 24.6953929408768 3 2 0 
0 660 8.2 14 0.400390625 0.4203125 50.0164255754631 3 -2 0 
1 670 10.4 16 0.525607638888889 0.4375 11.1127725567975 3 2 0 
0 670 8.2 14 0.454900568181818 0.377604166666667 3.29896724660731 3 -2 0 
1 680 10.4 16 0.519775390625 0.47265625 12.9162784300988 3 2 0 
0 680 8.2 14 0.437199519230769 0.471354166666667 12.8504570316981 3 -2 0 
1 690 10.4 16 0.4921875 0.481770833333333 11.0991531620955 3 1 0 
0 690 8.2 15 0.375434027777778 0.470703125 11.71537451386 3 -1 0 
1 700 10.4 16 0.516666666666667 0.4560546875 15.7283967565086 3 1 0 
0 700 8.2 15 0.440234375 0.376953125 28.2179021190449 3 -1 0 
1 710 10.4 16 0.516666666666667 0.4833984375 23.5043682279901 3 1 0 
0 710 8.2 15 0.422712053571429 0.28515625 27.9824210759633 3 -1 0 
1 720 10.4 17 0.535615808823529 0.51171875 39.4123700909097 3 2 0 
0 720 8.2 15 0.431396484375 0.303125 32.0678290119279 3 -2 0 
1 730 10.4 17 0.539876302083333 0.486328125 40.5119780208179 3 2 0 
0 730 8.2 15 0.483723958333333 0.33984375 32.3484364753233 3 -2 0 
1 740 10.4 17 0.545454545454545 0.39140625 48.56853614586 3 2 0 
0 740 8.2 15 0.424386160714286 0.3935546875 34.2770670309043 3 -2 0 
1 750 10.4 17 0.556857638888889 0.47109375 32.7207940163089 3 1 0 
0 750 8.2 16 0.421657986111111 0.3994140625 37.1202035713869 3 -1 0 
1 760 10.4 17 0.561434659090909 0.525 18.9753299962529 3 1 0 
0 760 8.2 16 0.451822916666667 0.4150390625 33.5738331729762 3 -1 0 
1 770 10.4 18 0.56171875 0.5537109375 21.4699129862686 3 2 0 
0 770 8.2 16 0.37890625 0.3623046875 33.3294493670611 3 -2 0 
1 780 10.4 18 0.49853515625 0.54921875 25.0384291285598 3 2 0 
0 780 8.2 16 0.421185661764706 0.36015625 25.3019908814392 3 -2 0 
1 790 10.4 18 0.497829861111111 0.490625 26.0312009327727 3 2 0 
0 790 8.2 16 0.4453125 0.41875 17.2256677441091 3 -2 0 
1 800 10.4 18 0.491038602941176 0.427734375 38.3861976717359 3 1 0 
0 800 8.2 17 0.446814903846154 0.4951171875 30.0687904058943 3 -1 0 
1 810 10.4 18 0.466264204545455 0.4267578125 33.9403674622656 3 1 0 
0 810 8.2 17 0.405539772727273 0.48671875 37.460136779607 3 -1 0 
1 820 10.4 18 0.497802734375 0.416666666666667 16.2267638449575 3 1 0 
0 820 8.2 17 0.5185546875 0.4833984375 19.5309898909149 3 -1 0 
1 830 10.4 19 0.516225961538462 0.42578125 9.86154146165801 3 2 0 
0 830 8.2 17 0.453385416666667 0.533854166666667 27.9239059552601 3 -2 0 
1 840 10.4 19 0.587890625 0.48828125 4.12310562561766 3 2 0 
0 840 8.2 17 0.37744140625 0.529296875 24.6221445044903 3 -2 0 
1 850 10.4 19 0.504206730769231 NaN NaN 3 1 0 
0 850 8.2 18 0.472330729166667 0.494140625 4.74341649025257 3 -1 0 
1 860 10.4 19 0.504206730769231 0.26953125 38.5519130524025 3 1 0 
0 860 8.2 18 0.465144230769231 0.521484375 10.5118980208143 3 -1 0 
1 870 10.4 19 0.53515625 0.41796875 22.9401394939089 3 1 0 
0 870 8.2 18 0.423483455882353 0.453125 5.8309518948453 3 -1 0 
1 880 10.4 19 0.550611413043478 0.348958333333333 37.2749617573135 2 1 -1 
0 880 8.2 18 0.430989583333333 0.29296875 27.6230240571536 3 -1 1 
1 890 10.4 19 0.548314144736842 0.3232421875 49.2430881792653 2 1 -1 
0 890 8.2 18 0.43984375 0.34609375 22.2924364084278 3 -1 1 
1 900 10.4 19 0.496803977272727 0.395833333333333 27.7641524535133 2 0 -1 
0 900 8.2 19 0.446501358695652 0.4015625 32.6927189037576 3 0 1 
1 910 10.4 20 0.534375 0.3828125 33.8459117150815 2 1 -1 
0 910 8.2 19 0.436197916666667 0.4375 24.6987505511302 3 -1 1 
1 920 10.4 20 0.534375 0.416015625 30.0157562690511 2 1 -1 
0 920 8.2 19 0.445723684210526 0.5205078125 26.1209038467047 3 -1 1 
1 930 10.4 20 0.480034722222222 0.46875 32.5666671691906 2 1 -1 
0 930 8.2 19 0.416573660714286 0.4951171875 29.1886160333796 3 -1 1 
1 940 10.4 20 0.474392361111111 0.411458333333333 21.2723839518263 2 0 -1 
0 940 8.2 20 0.475074404761905 0.526041666666667 9.58884767915769 3 0 1 
1 950 10.4 20 0.47412109375 0.43359375 13.3324320956287 2 0 -1 
0 950 8.2 20 0.527157738095238 0.48046875 26.9352658675476 3 0 1 
1 960 10.4 20 0.454026442307692 0.407552083333333 21.0564124115584 2 0 -1 
0 960 8.2 20 0.438802083333333 0.5146484375 20.7107798424042 3 0 1 
1 970 10.4 20 0.474609375 0.365885416666667 19.5758283048185 2 0 -1 
0 970 8.2 20 0.470703125 0.4421875 41.8535371959271 3 0 1 
1 980 10.4 20 0.477430555555556 0.41796875 29.7944682030892 2 0 -1 
0 980 8.2 20 0.4578125 0.475 27.5726911092581 3 0 1 
1 990 10.4 20 0.434283088235294 0.46484375 24.0724954752595 2 0 -1 
0 990 8.2 20 0.476973684210526 0.5361328125 15.9728680076649 3 0 1 
1 1000 10.4 20 0.447591145833333 0.462890625 35.7246413557925 2 0 -1 
0 1000 8.2 20 0.525669642857143 0.6015625 10.9520478269526 3 0 1 
1 1010 10.4 21 0.447591145833333 0.31640625 29.5838324264757 2 1 -1 
0 1010 8.2 20 0.476748511904762 0.640625 0 3 -1 1 
1 1020 10.4 21 0.4638671875 0.389322916666667 18.8640153181223 2 1 -1 
0 1020 8.2 20 0.479166666666667 0.28125 0 3 -1 1 
1 1030 10.4 21 0.451904296875 0.4140625 9.66841353880851 2 1 -1 
0 1030 8.2 20 0.470052083333333 0.41796875 0 3 -1 1 
1 1040 10.4 21 0.451904296875 0.34375 28.0402375769465 2 1 -1 
0 1040 8.2 20 0.480298913043478 NaN NaN 3 -1 1 
1 1050 10.4 21 0.477678571428571 0.3818359375 23.7740293195989 2 1 -1 
0 1050 8.2 20 0.446180555555556 0.4140625 0 3 -1 1 
1 1060 10.4 21 0.528409090909091 0.470703125 36.5640024516389 2 1 -1 
0 1060 8.2 20 0.504464285714286 0.255208333333333 28.4721963987474 3 -1 1 
1 1070 10.4 21 0.5459375 0.4140625 53.7219090100807 2 1 -1 
0 1070 8.2 20 0.4921875 0.264322916666667 19.1229453331802 3 -1 1 
1 1080 10.4 21 0.59453125 0.4515625 43.2886408825667 2 0 -1 
0 1080 8.2 21 0.465401785714286 0.3466796875 29.9551949581643 3 0 1 
1 1090 10.4 22 0.636067708333333 0.39296875 37.2637717902409 2 1 -1 
0 1090 8.2 21 0.4578125 0.3453125 30.889403189179 3 -1 1 
1 1100 10.4 22 0.62890625 0.503125 32.8260880124349 2 1 -1 
0 1100 8.2 21 NaN 0.40390625 14.2759330829754 3 -1 1 
1 1110 10.4 22 0.592303240740741 0.532552083333333 25.1445980415048 2 1 -1 
0 1110 8.2 21 0.390213815789474 0.384375 19.5356855712082 3 -1 1 
1 1120 10.4 22 0.6203125 0.45703125 7.2183490236448 2 1 -1 
0 1120 8.2 21 0.364397321428571 0.3828125 36.7652477839397 3 -1 1 
1 1130 10.4 22 0.62109375 0.4921875 6.07269945763551 2 1 -1 
0 1130 8.2 21 0.405078125 0.3359375 38.2082896237157 3 -1 1 
1 1140 10.4 22 0.523737980769231 0.5 15.412333159075 1 0 -2 
0 1140 8.2 22 0.417131696428571 0.34375 31.038773157441 3 0 2 
1 1150 10.4 22 0.55517578125 0.498697916666667 24.9079529186796 1 0 -2 
0 1150 8.2 22 NaN 0.3935546875 34.5401027901982 3 0 2 
1 1160 10.4 22 0.60390625 0.377604166666667 49.720012952422 1 0 -2 
0 1160 8.2 22 0.37890625 0.419921875 28.7201324693833 3 0 2 
1 1170 10.4 22 0.561197916666667 0.3701171875 55.1330841480321 0 0 -3 
0 1170 8.2 22 0.4072265625 0.3369140625 35.2035959549395 3 0 3 
1 1180 10.4 22 0.494357638888889 0.3076171875 36.7364036703965 0 0 -3 
0 1180 8.2 22 0.426081730769231 0.3857421875 39.6420062815856 3 0 3 
1 1190 10.4 22 0.494357638888889 0.447265625 43.6309617885744 0 0 -3 
0 1190 8.2 22 0.432942708333333 0.333333333333333 30.2587596236368 3 0 3 
1 1200 10.4 22 0.492513020833333 0.486328125 33.9236135867185 0 0 -3 
0 1200 8.2 22 0.433933423913043 0.369791666666667 41.2180791357036 3 0 3 
1 1210 10.4 22 NaN 0.53515625 10.3077640640442 0 0 -3 
0 1210 8.2 22 0.407151442307692 0.3828125 0 3 0 3 
