1 30 9.8 1 NaN 0.3876953125 38.1711988050533 3 0 0 
0 30 9 1 NaN 0.2265625 22.3788340231038 3 0 0 
1 40 9.8 1 NaN 0.39375 32.9564821193049 3 0 0 
0 40 9 1 NaN 0.27578125 23.8858693611363 3 0 0 
1 50 9.8 1 0.39453125 0.39765625 29.2256141681302 3 0 0 
0 50 9 1 0.36328125 0.35703125 33.6234025113302 3 0 0 
1 60 9.8 1 0.400275735294118 0.4716796875 27.0503852203836 3 0 0 
0 60 9 1 0.366666666666667 0.415625 33.0568652373216 3 0 0 
1 70 9.8 1 0.420703125 0.5126953125 22.029249876997 3 0 0 
0 70 9 1 0.38046875 0.45859375 36.6315462295336 3 0 0 
1 80 9.8 1 0.469184027777778 0.41875 34.0089632459324 3 0 0 
0 80 9 1 0.43359375 0.45078125 37.6782742698885 3 0 0 
1 90 9.8 1 0.4471875 0.46484375 31.8539417089796 3 0 0 
0 90 9 1 0.402521306818182 0.48359375 28.4038286659241 3 0 0 
1 100 9.8 1 0.421875 0.471875 32.327133420365 3 -1 0 
0 100 9 2 0.399739583333333 0.475 29.6167046630937 3 1 0 
1 110 9.8 2 0.44921875 0.4671875 28.5472170368951 3 0 0 
0 110 9 2 0.447860054347826 0.484375 28.6198311367252 3 0 0 
1 120 9.8 2 0.442274305555556 0.49453125 32.0246910531726 3 0 0 
0 120 9 2 0.40328125 0.47734375 34.2883460357837 3 0 0 
1 130 9.8 2 0.4166015625 0.48125 32.3599878508548 3 0 0 
0 130 9 2 0.387090773809524 0.4484375 39.095310664043 3 0 0 
1 140 9.8 3 0.472123579545455 0.5109375 28.3866533736201 3 0 0 
0 140 9 3 0.441569010416667 0.45546875 42.6459113216616 3 0 0 
1 150 9.8 3 0.439302884615385 0.50078125 30.9549265783864 3 0 0 
0 150 9 3 0.409830729166667 0.43671875 38.7192358700809 3 0 0 
1 160 9.8 3 0.409722222222222 0.4734375 31.7249372924055 3 0 0 
0 160 9 3 0.396391369047619 0.4390625 29.1070913384998 3 0 0 
1 170 9.8 3 0.4740234375 0.47890625 31.3265588233582 3 -1 0 
0 170 9 4 0.437911184210526 0.459375 36.19935802439 3 1 0 
1 180 9.8 4 0.445929276315789 0.49765625 45.4831612045576 3 0 0 
0 180 9 4 0.404036458333333 0.4625 43.0289720640094 3 0 0 
1 190 9.8 4 0.4353515625 0.45703125 39.8045487432096 3 0 0 
0 190 9 4 0.397758152173913 0.45390625 41.0657717465394 3 0 0 
1 200 9.8 4 0.457217261904762 0.4734375 32.5001580901955 3 0 0 
0 200 9 4 0.452435661764706 0.4453125 29.8378572116625 3 0 0 
1 210 9.8 4 0.463541666666667 0.49140625 14.612145938101 3 0 0 
0 210 9 4 0.403192934782609 0.46875 19.4707778599027 3 0 0 
1 220 9.8 4 0.443359375 0.4619140625 19.4923470430491 3 -1 0 
0 220 9 5 0.385904947916667 0.4875 7.37868959039233 3 1 0 
1 230 9.8 5 0.463020833333333 0.474609375 13.3060865620442 3 0 0 
0 230 9 5 0.427827380952381 0.49140625 7.23884047861664 3 0 0 
1 240 9.8 5 0.461495535714286 0.38046875 35.040228807558 3 0 0 
0 240 9 5 0.406087239583333 0.478125 9.55043882697549 3 0 0 
1 250 9.8 5 0.45875 0.43984375 43.4300737414081 3 0 0 
0 250 9 5 0.382982336956522 0.4015625 30.9073544764368 3 0 0 
1 260 9.8 6 0.457728794642857 0.45859375 43.9262981523762 3 0 0 
0 260 9 6 0.4376953125 0.4521484375 40.5525416617773 3 0 0 
1 270 9.8 6 0.458333333333333 0.50703125 39.689847716285 3 0 0 
0 270 9 6 0.408797554347826 0.4150390625 41.2161191644519 3 0 0 
1 280 9.8 6 0.45601222826087 0.47734375 40.3983596155622 3 0 0 
0 280 9 6 0.370876736111111 0.38203125 45.3626356784764 3 0 0 
1 290 9.8 6 0.477272727272727 0.48125 38.6105795150793 3 0 0 
0 290 9 6 0.439453125 0.35859375 39.4150122672639 3 0 0 
1 300 9.8 7 0.463040865384615 0.50390625 28.8348092508418 3 1 0 
0 300 9 6 0.390324519230769 0.4171875 37.0085548266999 3 -1 0 
1 310 9.8 7 0.429008152173913 0.5265625 37.0213250222168 3 0 0 
0 310 9 7 0.3701171875 0.42578125 33.0150000872924 3 0 0 
1 320 9.8 7 0.476171875 0.521875 38.7903952729784 3 0 0 
0 320 9 7 0.412828947368421 0.4515625 38.4320308058598 3 0 0 
1 330 9.8 7 0.449652777777778 0.56796875 35.9890256847388 3 0 0 
0 330 9 7 0.417258522727273 0.4169921875 28.7351555478617 3 0 0 
1 340 9.8 7 0.43822337962963 0.55703125 35.4179046991148 3 0 0 
0 340 9 7 0.382472826086957 0.434895833333333 20.8394426049994 3 0 0 
1 350 9.8 7 0.457942708333333 0.55703125 35.0665378836317 3 0 0 
0 350 9 7 0.428385416666667 0.33984375 37.6926521694561 3 0 0 
1 360 9.8 8 0.477013221153846 0.54453125 32.1434878797109 3 1 0 
0 360 9 7 0.4119140625 0.3876953125 17.7700525887106 3 -1 0 
1 370 9.8 8 0.453776041666667 0.53515625 34.0852520452354 3 1 0 
0 370 9 7 0.3701171875 0.34921875 29.7254062297594 3 -1 0 
1 380 9.8 8 0.460379464285714 0.4921875 46.4119311151358 3 1 0 
0 380 9 7 0.413034539473684 0.39765625 9.7741807587764 3 -1 0 
1 390 9.8 8 0.472521551724138 0.528645833333333 46.1717142718771 3 0 0 
0 390 9 8 0.399925595238095 0.4265625 4.5998053757859 3 0 0 
1 400 9.8 8 0.441875 0.501302083333333 57.1631369896921 3 0 0 
0 400 9 8 0.378736413043478 0.45625 20.4406754256964 3 0 0 
1 410 9.8 8 0.469637784090909 0.36484375 58.7810701356386 3 0 0 
0 410 9 8 0.416316105769231 0.4453125 32.2216786126255 3 0 0 
1 420 9.8 9 0.472377232142857 0.46953125 59.3434723130739 3 1 0 
0 420 9 8 0.429315476190476 0.44453125 38.9576803876402 3 -1 0 
1 430 9.8 9 0.430338541666667 0.490625 49.4498982151495 3 1 0 
0 430 9 8 0.418138586956522 0.471875 44.3601890150681 3 -1 0 
1 440 9.8 9 0.451069078947368 0.48671875 29.7363123426213 3 0 0 
0 440 9 9 0.43359375 0.42421875 39.9729903027039 3 0 0 
1 450 9.8 10 0.476236979166667 0.4953125 33.0210779290359 3 1 0 
0 450 9 9 0.383700284090909 0.3828125 42.3487200480629 3 -1 0 
1 460 9.8 10 0.418501420454545 0.49921875 42.5933337441261 3 1 0 
0 460 9 9 0.385529891304348 0.434375 33.9758453687768 3 -1 0 
1 470 9.8 10 0.451286764705882 0.51875 42.4060411087739 3 1 0 
0 470 9 9 0.43677662037037 0.45546875 39.9724680051639 3 -1 0 
1 480 9.8 10 0.445913461538462 0.4828125 40.3920450206446 3 1 0 
0 480 9 9 0.42265625 0.4625 39.5040958112338 3 -1 0 
1 490 9.8 10 0.4013671875 0.45703125 25.8393577658584 3 0 0 
0 490 9 10 0.413671875 0.478125 30.7970249739946 3 0 0 
1 500 9.8 10 0.4458984375 0.4482421875 16.1058751987884 3 0 0 
0 500 9 10 0.431547619047619 0.49453125 30.5762337412958 3 0 0 
1 510 9.8 11 0.452985491071429 0.4794921875 6.08129435188495 3 1 0 
0 510 9 10 0.423076923076923 0.505208333333333 22.5483030847371 3 -1 0 
1 520 9.8 11 0.425180288461538 0.42265625 22.2208196197338 3 1 0 
0 520 9 10 0.392578125 0.518229166666667 12.8365340441311 3 -1 0 
1 530 9.8 11 0.464192708333333 0.43046875 21.6868706091209 3 1 0 
0 530 9 10 0.410970052083333 0.388671875 37.6961687581111 3 -1 0 
1 540 9.8 11 0.5059375 0.43515625 16.0813025941205 3 1 0 
0 540 9 10 0.425037202380952 0.33203125 44.0730407080938 3 -1 0 
1 550 9.8 11 0.487903225806452 0.4625 23.3309798561635 3 1 0 
0 550 9 10 0.388586956521739 0.34453125 21.9004467042198 3 -1 0 
1 560 9.8 12 0.491319444444444 0.50390625 32.5960401319982 3 1 0 
0 560 9 11 0.404166666666667 0.37578125 39.9301929534543 3 -1 0 
1 570 9.8 12 0.470269097222222 0.5125 32.593864849341 3 1 0 
0 570 9 11 0.397280092592593 0.3453125 52.9652305337316 3 -1 0 
1 580 9.8 12 0.414453125 0.4875 40.7247730351389 3 1 0 
0 580 9 11 0.3701171875 0.38203125 49.2263501332721 3 -1 0 
1 590 9.8 12 0.442626953125 0.515625 43.1226813288473 3 1 0 
0 590 9 11 0.447048611111111 0.4046875 46.1831702704005 3 -1 0 
1 600 9.8 12 0.487890625 0.496875 46.6029133647171 3 1 0 
0 600 9 11 0.378069196428571 0.41484375 41.1702423029013 3 -1 0 
1 610 9.8 12 0.42671130952381 0.50390625 45.9604456961891 3 1 0 
0 610 9 11 0.369791666666667 0.466796875 15.5128741745066 3 -1 0 
1 620 9.8 13 0.43851902173913 0.4775390625 43.5302572029031 3 1 0 
0 620 9 12 0.425164473684211 0.53125 4.84199469315703 3 -1 0 
1 630 9.8 13 0.463961693548387 0.4521484375 38.8235965124158 3 1 0 
0 630 9 12 0.400390625 0.47109375 34.8530099172258 3 -1 0 
1 640 9.8 13 0.45630787037037 0.3953125 46.3208032720253 3 1 0 
0 640 9 12 0.374813988095238 0.4796875 24.9502050637974 3 -1 0 
1 650 9.8 13 0.485795454545455 0.409375 31.720541977864 3 1 0 
0 650 9 12 0.406412760416667 0.51640625 20.0582266297386 3 -1 0 
1 660 9.8 13 0.441611842105263 0.3546875 40.4304804994779 3 1 0 
0 660 9 12 0.479403409090909 0.5296875 10.7805564454491 3 -1 0 
1 670 9.8 13 0.408025568181818 0.42578125 34.1186786902296 3 1 0 
0 670 9 12 0.474479166666667 0.58203125 12.4681911920394 3 -1 0 
1 680 9.8 13 0.40234375 0.4853515625 36.8104791321558 3 1 0 
0 680 9 12 0.471454326923077 0.5185546875 14.9984671466147 3 -1 0 
1 690 9.8 14 0.4328125 0.482421875 35.694830918715 3 1 0 
0 690 9 13 0.478326612903226 0.454427083333333 45.2774800489195 3 -1 0 
1 700 9.8 14 0.41796875 0.4462890625 45.2016713551531 3 1 0 
0 700 9 13 0.517314189189189 0.3671875 44 3 -1 0 
1 710 9.8 14 NaN 0.458984375 41.1526776006503 3 1 0 
0 710 9 13 0.557749155405405 0.31640625 51.4867610190245 3 -1 0 
1 720 9.8 14 0.367745535714286 0.36953125 34.6848627303656 3 1 0 
0 720 9 13 0.505089962121212 0.415364583333333 32.9240350897268 3 -1 0 
1 730 9.8 15 0.3896484375 0.39453125 27.679696944278 3 2 0 
0 730 9 13 0.403053977272727 0.3583984375 39.9557348955498 3 -2 0 
1 740 9.8 15 0.437717013888889 0.4375 38.0916018965893 3 2 0 
0 740 9 13 0.423713235294118 0.36484375 38.393245228782 3 -2 0 
1 750 9.8 15 0.440104166666667 0.435546875 45.8632293521654 3 2 0 
0 750 9 13 0.462775735294118 0.47734375 23.262048814811 3 -2 0 
1 760 9.8 15 0.449898097826087 0.359375 29.5742656805004 3 1 0 
0 760 9 14 0.417550223214286 0.51953125 14.7467896492466 3 -1 0 
1 770 9.8 15 0.46703125 0.393229166666667 12.9189026195325 3 1 0 
0 770 9 14 0.4328125 0.54375 9.70479164318424 3 -1 0 
1 780 9.8 15 0.466222426470588 0.375 11.8641484661179 3 1 0 
0 780 9 14 0.483695652173913 0.55859375 5.24363827825731 3 -1 0 
1 790 9.8 15 0.447428385416667 0.3505859375 29.7891348459381 3 1 0 
0 790 9 14 0.436197916666667 0.4875 11.520710712856 3 -1 0 
1 800 9.8 15 0.44233630952381 0.458984375 36.8528407757455 3 1 0 
0 800 9 14 0.4482421875 0.4265625 8.91821250781117 3 -1 0 
1 810 9.8 16 0.421440972222222 0.42734375 48.2948892123191 3 1 0 
0 810 9 15 0.455078125 0.3125 13.5035979232975 3 -1 0 
1 820 9.8 16 0.458647629310345 0.4484375 31.4276431550772 3 1 0 
0 820 9 15 0.387276785714286 0.3779296875 7.52711521318601 3 -1 0 
1 830 9.8 16 0.487877155172414 0.5068359375 26.9079949201885 3 1 0 
0 830 9 15 0.390980113636364 0.3916015625 17.9959248710681 3 -1 0 
1 840 9.8 16 0.521223958333333 0.545572916666667 26.9433964877928 3 1 0 
0 840 9 15 0.388221153846154 0.40234375 18.4988233469019 3 -1 0 
1 850 9.8 16 0.491950757575758 0.529947916666667 21.7188008289751 3 0 0 
0 850 9 16 0.384662828947368 0.3859375 44.8977058890511 3 0 0 
1 860 9.8 17 0.486582880434783 0.563802083333333 26.214210112848 3 1 0 
0 860 9 16 0.392020089285714 0.375 52.882517006141 3 -1 0 
1 870 9.8 17 0.506138392857143 0.4951171875 47.2726202788458 3 1 0 
0 870 9 16 0.399522569444444 0.38203125 40.0866296891555 3 -1 0 
1 880 9.8 17 0.455378605769231 0.428385416666667 24.7574013727355 3 1 0 
0 880 9 16 0.3689453125 0.390625 23.0419103857162 3 -1 0 
1 890 9.8 17 0.460258152173913 0.271484375 35.2029828281639 3 0 0 
0 890 9 17 0.4095703125 0.4228515625 4.51795469811925 3 0 0 
1 900 9.8 17 0.474469866071429 0.53125 59.3043000127309 3 0 0 
0 900 9 17 0.391314338235294 0.4658203125 7.72115077961108 3 0 0 
1 910 9.8 17 0.44140625 0.60546875 0 3 0 0 
0 910 9 17 0.404079861111111 0.51953125 6.70534628446778 3 0 0 
1 920 9.8 17 0.479248046875 0.609375 0 3 0 0 
0 920 9 17 0.4353125 0.5126953125 7.14096437183279 3 0 0 
1 930 9.8 17 0.481282552083333 0.421875 61.1739323568462 3 0 0 
0 930 9 17 0.491796875 0.5283203125 20.2389266032684 3 0 0 
1 940 9.8 18 0.447265625 0.30078125 51.3597665448304 3 1 0 
0 940 9 17 0.431361607142857 0.43984375 47.0713564698077 3 -1 0 
1 950 9.8 18 0.517578125 0.3603515625 29.857374036032 3 1 0 
0 950 9 17 0.421657986111111 0.43828125 30.9159017550877 3 -1 0 
1 960 9.8 18 0.475484913793103 0.35390625 33.81527974651 3 0 0 
0 960 9 18 0.414473684210526 0.43125 21.965782013476 3 0 0 
1 970 9.8 18 0.452690972222222 0.36328125 34.2807828389664 3 0 0 
0 970 9 18 0.3845703125 0.47109375 11.9368304563452 3 0 0 
1 980 9.8 19 0.510416666666667 0.4091796875 18.8347143141536 3 1 0 
0 980 9 18 0.389382102272727 0.537760416666667 6.51586240778511 3 -1 0 
1 990 9.8 19 0.511858258928571 0.4130859375 29.2560915661319 3 1 0 
0 990 9 18 0.367897727272727 0.537109375 1.58113883008419 3 -1 0 
1 1000 9.8 20 0.4832763671875 0.372395833333333 36.4198652649682 3 2 0 
0 1000 9 18 0.370814732142857 NaN NaN 3 -2 0 
1 1010 9.8 20 0.533203125 0.446614583333333 13.8515096486335 3 2 0 
0 1010 9 18 0.4189453125 NaN NaN 3 -2 0 
1 1020 9.8 20 0.495404411764706 0.59375 29.5351796350306 3 2 0 
0 1020 9 18 0.335018382352941 NaN NaN 3 -2 0 
1 1030 9.8 20 0.561319040697674 0.5146484375 50.1825020352451 3 2 0 
0 1030 9 18 0.373497596153846 NaN NaN 3 -2 0 
1 1040 9.8 20 0.612554505813953 0.60546875 47.8187286006319 3 2 1 
0 1040 9 18 0.359809027777778 0.15234375 8.04428304473668 2 -2 -1 
1 1050 9.8 20 0.546329941860465 0.6005859375 33.8336609930246 3 2 1 
0 1050 9 18 0.300480769230769 0.19140625 9.69763277650162 2 -2 -1 
1 1060 9.8 20 0.55859375 0.5140625 41.1096560701366 3 1 1 
0 1060 9 19 0.371961805555556 0.25078125 23.2395915855114 2 -1 -1 
1 1070 9.8 20 0.615948932926829 0.48359375 36.0527472709618 3 1 1 
0 1070 9 19 0.388454861111111 0.30390625 32.5923132890559 2 -1 -1 
1 1080 9.8 20 0.575380067567568 0.39921875 40.2624152581749 3 1 1 
0 1080 9 19 0.322265625 0.36484375 37.1945424471705 2 -1 -1 
1 1090 9.8 20 0.566722972972973 0.39765625 28.7264641098987 3 1 1 
0 1090 9 19 0.3603515625 0.28984375 31.3244112358591 2 -1 -1 
1 1100 9.8 20 0.602430555555556 0.50390625 20.3449880597025 3 1 1 
0 1100 9 19 0.38671875 0.31171875 29.3484938289841 2 -1 -1 
1 1110 9.8 21 0.534933035714286 0.56640625 14.6628421052332 3 2 1 
0 1110 9 19 0.26953125 0.32421875 18.08922920685 2 -2 -1 
1 1120 9.8 21 0.568462171052632 0.565625 14.4725667131428 3 2 1 
0 1120 9 19 0.316015625 0.369140625 20.1800006682413 2 -2 -1 
1 1130 9.8 21 0.600133384146341 0.6078125 22.3305896472769 3 2 1 
0 1130 9 19 0.323918269230769 0.326822916666667 22.539182666631 2 -2 -1 
1 1140 9.8 21 0.633613782051282 0.62890625 19.6477426426092 3 2 1 
0 1140 9 19 0.348307291666667 0.29296875 28.0401497856199 2 -2 -1 
1 1150 9.8 21 0.733226102941176 0.6875 14.3945821633676 3 1 1 
0 1150 9 20 0.1884765625 0.21484375 19.704060495238 2 -1 -1 
1 1160 9.8 22 0.71796875 0.79140625 13.9695649274553 3 2 2 
0 1160 9 20 0.1884765625 0.228515625 12.9807549857472 1 -2 -2 
1 1170 9.8 22 0.755208333333333 0.790625 14.8725143572391 3 2 2 
0 1170 9 20 0.1796875 0.248046875 18.5607111932706 1 -2 -2 
1 1180 9.8 22 NaN NaN NaN 3 2 2 
0 1180 9 20 NaN NaN NaN 1 -2 -2 
