1 30 7.4 1 NaN 0.122983870967742 3.85449089596925 3 0 0 
0 30 7 1 NaN 0.245161290322581 2.93449804534779 3 0 0 
1 40 7.4 1 NaN 0.205645161290323 23.4057376614241 3 0 0 
0 40 7 1 NaN 0.184677419354839 5.24706440260631 3 0 0 
1 50 7.4 1 0.383064516129032 0.331451612903226 24.0708354538956 3 0 0 
0 50 7 1 0.381048387096774 0.337903225806452 17.5341308826825 3 0 0 
1 60 7.4 1 0.383064516129032 0.453225806451613 28.8998696228545 3 0 0 
0 60 7 1 0.383064516129032 0.478225806451613 15.9815150507985 3 0 0 
1 70 7.4 1 0.394959677419355 0.455645161290323 25.6511130530662 3 0 0 
0 70 7 1 0.394758064516129 0.481451612903226 19.9876686479726 3 0 0 
1 80 7.4 1 0.481653225806452 0.460685483870968 31.3835620740012 3 0 0 
0 80 7 1 0.474053295932679 0.508870967741936 22.4018999653524 3 0 0 
1 90 7.4 1 0.419102822580645 0.429435483870968 32.2729810998182 3 0 0 
0 90 7 1 0.415466589861751 0.499193548387097 21.3332331760818 3 0 0 
1 100 7.4 1 0.387298387096774 0.391935483870968 41.4670477328829 3 0 0 
0 100 7 1 0.453797043010753 0.504838709677419 23.701229111251 3 0 0 
1 110 7.4 2 0.465725806451613 0.41633064516129 29.0667608196682 3 0 0 
0 110 7 2 0.500183284457478 0.526209677419355 9.69063480156695 3 0 0 
1 120 7.4 2 0.403070719602978 0.414314516129032 15.9115191103328 3 0 0 
0 120 7 2 0.404677419354839 0.521505376344086 6.88516383141233 3 0 0 
1 130 7.4 2 0.421633941093969 0.388104838709677 37.6174882707637 3 0 0 
0 130 7 2 0.397727272727273 0.344354838709677 42.7887056029302 3 0 0 
1 140 7.4 2 0.475955794504182 0.450604838709677 33.8385819169019 3 0 0 
0 140 7 2 0.47883064516129 0.380645161290323 35.9126372370138 3 0 0 
1 150 7.4 3 0.43721198156682 0.471774193548387 30.21063307806 3 0 0 
0 150 7 3 0.396290322580645 0.454032258064516 25.2309527020218 3 0 0 
1 160 7.4 3 0.445228494623656 0.499193548387097 33.9775179500666 3 0 0 
0 160 7 3 0.390552995391705 0.458870967741936 28.6877449848325 3 0 0 
1 170 7.4 3 0.491451612903226 0.456451612903226 32.7454066539564 3 0 0 
0 170 7 3 0.462096774193548 0.391935483870968 42.246420512096 3 0 0 
1 180 7.4 3 0.431451612903226 0.494354838709677 32.9793351865111 3 0 0 
0 180 7 3 0.392977150537634 0.413306451612903 26.9544989433365 3 0 0 
1 190 7.4 4 0.452096774193548 0.512096774193548 28.7737148724248 3 0 0 
0 190 7 4 0.383064516129032 0.354838709677419 36.4246297129556 3 0 0 
1 200 7.4 4 0.49281206171108 0.490927419354839 15.7740441439375 3 0 0 
0 200 7 4 0.451996927803379 0.373991935483871 40.763963121154 3 0 0 
1 210 7.4 4 0.419210829493088 0.44758064516129 27.518501128678 3 0 0 
0 210 7 4 0.410244922341697 0.391129032258065 40.6610389579975 3 0 0 
1 220 7.4 5 0.434643817204301 0.470161290322581 25.9240112800295 3 1 0 
0 220 7 4 0.415147265077139 0.440322580645161 35.6261916999315 3 -1 0 
1 230 7.4 5 0.486175115207373 0.461290322580645 24.7269151542243 3 0 0 
0 230 7 5 0.4834229390681 0.480645161290323 32.8524040387239 3 0 0 
1 240 7.4 5 0.436981566820277 0.465322580645161 32.5688511312137 3 0 0 
0 240 7 5 0.388196480938416 0.486290322580645 29.3970674209609 3 0 0 
1 250 7.4 5 0.429939516129032 0.404838709677419 34.9487621161653 3 0 0 
0 250 7 5 0.383064516129032 0.470161290322581 25.4964552366814 3 0 0 
1 260 7.4 6 0.476478494623656 0.426612903225806 30.5309039638271 3 1 0 
0 260 7 5 0.473886328725038 0.475806451612903 17.5897456291307 3 -1 0 
1 270 7.4 6 0.418937708565072 0.475806451612903 33.9239056608364 3 0 0 
0 270 7 6 0.417338709677419 0.470161290322581 18.7899988074964 3 0 0 
1 280 7.4 6 0.444959677419355 0.474798387096774 31.9552220001229 3 0 0 
0 280 7 6 0.387096774193548 0.479032258064516 24.63514312952 3 0 0 
1 290 7.4 6 0.485887096774194 0.504032258064516 26.7475786213929 3 0 0 
0 290 7 6 0.466532258064516 0.473387096774194 26.6271456720748 3 0 0 
1 300 7.4 6 0.421505376344086 0.460685483870968 23.8453122954338 3 0 0 
0 300 7 6 0.41087319243604 0.487903225806452 19.6558971113119 3 0 0 
1 310 7.4 6 0.418548387096774 0.452620967741936 30.7740282503174 3 0 0 
0 310 7 6 0.409677419354839 0.449596774193548 24.5167287061885 3 0 0 
1 320 7.4 7 0.477150537634409 0.380645161290323 42.7186818359835 3 1 0 
0 320 7 6 0.472096774193548 0.337701612903226 35.0159774128237 3 -1 0 
1 330 7.4 7 0.419489247311828 0.441129032258065 28.5675643862772 3 0 0 
0 330 7 7 0.419614984391259 0.403225806451613 25.821722829699 3 0 0 
1 340 7.4 7 0.434838709677419 0.475806451612903 23.1066035499561 3 0 0 
0 340 7 7 0.423709677419355 0.379032258064516 34.4698461196678 3 0 0 
1 350 7.4 7 0.481854838709677 0.470766129032258 20.7788522576368 3 0 0 
0 350 7 7 0.474579242636746 0.442540322580645 25.1311748742471 3 0 0 
1 360 7.4 8 0.410394265232975 0.436827956989247 21.9156539785977 3 0 0 
0 360 7 8 0.414026497695852 0.509072580645161 21.6876631290919 3 0 0 
1 370 7.4 8 0.416666666666667 0.365591397849462 42.6962527744188 3 0 0 
0 370 7 8 0.396505376344086 0.442540322580645 15.4378873595728 3 0 0 
1 380 7.4 8 0.487353372434018 0.379032258064516 41.6419687936703 3 0 0 
0 380 7 8 0.472873900293255 0.382258064516129 30.5007551851574 3 0 0 
1 390 7.4 8 0.425338189386056 0.392741935483871 34.4679458538971 3 0 0 
0 390 7 8 0.397009408602151 0.416129032258064 17.9549682192683 3 0 0 
1 400 7.4 8 0.413709677419355 0.45241935483871 29.859227701254 3 0 0 
0 400 7 8 0.393346774193548 0.37258064516129 32.9108180033333 3 0 0 
1 410 7.4 8 0.485993208828523 0.451612903225806 24.5374484559046 3 0 0 
0 410 7 8 0.456885856079405 0.471774193548387 24.5904242300151 3 0 0 
1 420 7.4 9 0.419820099255583 0.47883064516129 19.8401778134497 3 0 0 
0 420 7 9 0.415173237753883 0.45 31.36568987373 3 0 0 
1 430 7.4 9 0.411656891495601 0.446774193548387 18.5683920753131 3 0 0 
0 430 7 9 0.460918114143921 0.475806451612903 23.7078139515733 3 0 0 
1 440 7.4 9 0.469439728353141 0.46875 22.6551722820088 3 0 0 
0 440 7 9 0.491545265348595 0.474462365591398 15.9932512095707 3 0 0 
1 450 7.4 9 0.409274193548387 0.428427419354839 23.7407322328533 3 0 0 
0 450 7 9 0.43210197710718 0.495967741935484 29.8578670677116 3 0 0 
1 460 7.4 10 0.409796893667861 0.382258064516129 35.535963397235 3 1 0 
0 460 7 9 0.460729312762973 0.357258064516129 48.9864624371378 3 -1 0 
1 470 7.4 10 0.452308120133482 0.415994623655914 34.3724341250129 3 0 0 
0 470 7 10 0.452284946236559 0.424193548387097 27.4720905266891 3 0 0 
1 480 7.4 11 0.453683522231909 0.460483870967742 27.0224207948227 3 1 0 
0 480 7 10 0.399193548387097 0.431451612903226 26.8846161356273 3 -1 0 
1 490 7.4 11 0.485400444938821 0.512903225806452 25.0556231327391 3 1 0 
0 490 7 10 0.386786600496278 0.461693548387097 18.3371208208922 3 -1 0 
1 500 7.4 11 0.51282991202346 0.504032258064516 31.0076763256806 3 1 0 
0 500 7 10 0.418988269794721 0.471774193548387 0 3 -1 0 
1 510 7.4 12 0.474899193548387 0.570564516129032 31.2835773431043 3 2 0 
0 510 7 10 0.384817671809257 0.316532258064516 49.8823616120969 3 -2 0 
1 520 7.4 12 0.519969278033794 0.578629032258065 34.7298790249587 3 2 0 
0 520 7 10 0.394873271889401 0.268145161290323 38.8727389911569 3 -2 0 
1 530 7.4 12 0.551508844953174 0.536290322580645 24.870684116428 3 2 0 
0 530 7 10 0.477822580645161 0.340725806451613 34.3376473956778 3 -2 0 
1 540 7.4 13 0.495755517826825 0.533266129032258 22.6746767749681 3 3 0 
0 540 7 10 0.350604838709677 0.369959677419355 23.9091607838548 3 -3 0 
1 550 7.4 13 0.487903225806452 0.502016129032258 25.5266005213542 3 2 0 
0 550 7 11 0.378528225806452 0.392137096774194 30.2339375044857 3 -2 0 
1 560 7.4 13 0.459929435483871 0.503024193548387 18.8730698748914 3 2 0 
0 560 7 11 0.397401433691756 0.349193548387097 39.1609137083809 3 -2 0 
1 570 7.4 13 0.466957885304659 0.550403225806452 14.9161849250187 3 2 0 
0 570 7 11 0.387672811059908 0.387903225806452 19.8738099069479 3 -2 0 
1 580 7.4 13 0.444124423963134 0.57258064516129 17.8545487193785 3 2 0 
0 580 7 11 0.389846041055719 0.37258064516129 16.0778407500525 3 -2 0 
1 590 7.4 13 0.515860215053763 0.402217741935484 36.9082172945819 3 2 0 
0 590 7 11 0.428955453149002 0.416935483870968 25.4372564537729 3 -2 0 
1 600 7.4 13 0.43010752688172 0.418346774193548 33.7410465857419 3 2 0 
0 600 7 11 0.423536439665472 0.435483870967742 20.0112846545604 3 -2 0 
1 610 7.4 13 0.387701612903226 0.422379032258065 17.1429013128627 3 1 0 
0 610 7 12 0.406290322580645 0.453225806451613 13.1896126424991 3 -1 0 
1 620 7.4 14 0.455897177419355 0.477150537634409 14.5275279037244 3 2 0 
0 620 7 12 0.464381720430108 0.491935483870968 10.2307461953102 3 -2 0 
1 630 7.4 14 0.44968443197756 0.497983870967742 18.3439363278441 3 2 0 
0 630 7 12 0.413489736070381 0.462365591397849 7.41629097828177 3 -2 0 
1 640 7.4 14 0.427068723702665 0.384408602150538 50.6753599865644 3 2 0 
0 640 7 12 0.387463343108504 0.393817204301075 12.477890381071 3 -2 0 
1 650 7.4 14 0.448387096774194 0.33366935483871 39.3080248871855 3 2 0 
0 650 7 12 0.427016129032258 0.362903225806452 29.4152789734938 3 -2 0 
1 660 7.4 14 0.4829604578564 0.380376344086022 24.5085419487307 3 2 0 
0 660 7 12 0.390645161290323 0.331653225806452 28.5285186715394 3 -2 0 
1 670 7.4 14 0.479838709677419 0.497311827956989 16.468580281226 3 1 0 
0 670 7 13 0.399193548387097 0.409274193548387 17.7535339390935 3 -1 0 
1 680 7.4 14 0.516129032258065 0.474462365591398 11.5476521412513 3 1 0 
0 680 7 13 0.431899641577061 0.386088709677419 4.68562390510702 3 -1 0 
1 690 7.4 15 0.429783092324805 0.495967741935484 23.3135874543878 3 2 0 
0 690 7 13 0.417700578990902 0.359677419354839 30.1816749412283 3 -2 0 
1 700 7.4 15 0.39028013582343 0.445161290322581 43.4964458187872 3 2 0 
0 700 7 13 0.447043010752688 0.389516129032258 26.6631177777632 3 -2 0 
1 710 7.4 15 0.483159392789374 0.426411290322581 28.8201908694936 3 2 0 
0 710 7 13 0.49860956618465 0.403225806451613 36.9289231656788 3 -2 0 
1 720 7.4 15 0.398185483870968 0.509072580645161 27.14917299319 3 2 0 
0 720 7 13 0.4506320836966 0.425403225806452 22.0203032908846 3 -2 0 
1 730 7.4 15 0.396370967741935 0.505376344086022 21.8952793605181 3 1 0 
0 730 7 14 0.405745967741936 0.418346774193548 14.3408196303419 3 -1 0 
1 740 7.4 15 0.468092566619916 0.513440860215054 18.4860604914182 3 1 0 
0 740 7 14 0.480040322580645 0.362903225806452 39.35069923224 3 -1 0 
1 750 7.4 16 0.428494623655914 0.460685483870968 13.484914795414 3 2 0 
0 750 7 14 0.402376910016978 0.378024193548387 40.9305035102594 3 -2 0 
1 760 7.4 16 0.438870967741936 0.524193548387097 7.41496537993442 3 2 0 
0 760 7 14 0.39866760168303 0.470430107526882 36.0350941282578 3 -2 0 
1 770 7.4 16 0.506048387096774 0.392137096774194 36.152115397872 3 2 0 
0 770 7 14 0.458191850594227 0.417338709677419 46.2307293810855 3 -2 0 
1 780 7.4 16 0.482127288578901 0.426411290322581 23.8835111115808 3 2 0 
0 780 7 14 0.407258064516129 0.384072580645161 39.8412830667213 3 -2 0 
1 790 7.4 16 0.441436251920123 0.449596774193548 27.8061978181665 3 2 0 
0 790 7 14 0.403462998102467 0.358870967741936 34.6241031691326 3 -2 0 
1 800 7.4 16 0.506366723259762 0.502016129032258 21.7652671150128 3 1 0 
0 800 7 15 0.448924731182796 0.376612903225806 34.6742311696882 3 -1 0 
1 810 7.4 16 0.443404377880184 0.450806451612903 36.855166340746 3 1 0 
0 810 7 15 0.418734491315136 0.387096774193548 21.3786740049643 3 -1 0 
1 820 7.4 17 0.426612903225806 0.501008064516129 27.792817330496 3 2 0 
0 820 7 15 0.394758064516129 0.412634408602151 29.7395742801265 3 -2 0 
1 830 7.4 17 0.47614247311828 0.530913978494624 2.64571764560801 3 2 0 
0 830 7 15 0.462941628264209 0.44489247311828 14.7732267683919 3 -2 0 
1 840 7.4 17 0.473729227761486 0.520161290322581 10.9599008100837 3 1 0 
0 840 7 16 0.375948766603416 0.459677419354839 0 3 -1 0 
1 850 7.4 17 0.522897465437788 0.501344086021505 25.4502563499219 3 1 0 
0 850 7 16 0.37869623655914 0.387096774193548 0 3 -1 0 
1 860 7.4 17 0.598720800889878 0.61491935483871 8.5146931829632 3 1 0 
0 860 7 16 0.383064516129032 0.193548387096774 14.9528442705189 3 -1 0 
1 870 7.4 18 0.526881720430108 0.639112903225806 14.5773797371133 3 2 0 
0 870 7 16 0.264784946236559 0.227150537634409 9.92927082566914 3 -2 0 
1 880 7.4 18 0.558870967741935 0.391129032258065 56.5154846037792 3 2 0 
0 880 7 16 NaN 0.273185483870968 15.2570207213385 3 -2 0 
1 890 7.4 18 0.628289473684211 0.329301075268817 33.6901743313884 3 2 0 
0 890 7 16 NaN 0.254032258064516 15.6424966797141 3 -2 0 
1 900 7.4 18 0.519623655913979 0.457661290322581 34.5388992390462 3 2 0 
0 900 7 16 0.284274193548387 0.268548387096774 26.3023637642544 3 -2 0 
1 910 7.4 18 0.512528801843318 0.501344086021505 19.9938264082391 3 1 0 
0 910 7 17 0.384856630824373 0.291129032258064 34.0275185145088 3 -1 0 
1 920 7.4 18 0.583274894810659 0.510752688172043 5.1979588163842 3 1 0 
0 920 7 17 0.384856630824373 0.359879032258065 27.5912975372368 3 -1 0 
1 930 7.4 18 0.492857142857143 0.486559139784946 8.47827523751288 3 1 0 
0 930 7 17 0.382661290322581 0.382056451612903 22.5578350416323 3 -1 0 
1 940 7.4 19 0.43394777265745 0.401209677419355 44.8631525754809 3 2 0 
0 940 7 17 0.405241935483871 0.371975806451613 20.9331636238786 3 -2 0 
1 950 7.4 19 0.519153225806452 0.51008064516129 39.3846456873328 3 2 0 
0 950 7 17 0.42925219941349 0.32258064516129 10.6361225151453 3 -2 0 
1 960 7.4 19 0.484077750206783 0.511088709677419 17.980295658531 3 2 0 
0 960 7 17 0.368387096774194 0.366935483870968 2.86001446832827 3 -2 0 
1 970 7.4 19 0.462216248506571 0.400806451612903 35.4950670641029 3 2 0 
0 970 7 17 0.386340725806452 0.332661290322581 29.153695288837 3 -2 0 
1 980 7.4 19 0.546370967741936 0.399193548387097 14.9041499514518 3 1 0 
0 980 7 18 0.439264112903226 0.369959677419355 20.6834361167935 3 -1 0 
1 990 7.4 19 0.479578563995838 0.436491935483871 15.2383445142429 3 1 0 
0 990 7 18 0.388013196480938 0.408266129032258 20.4087376520386 3 -1 0 
1 1000 7.4 19 0.436323924731183 0.448588709677419 7.37362948922036 3 1 0 
0 1000 7 18 0.384677419354839 0.35241935483871 15.3127946169156 3 -1 0 
1 1010 7.4 19 0.44489247311828 0.511290322580645 21.8779194993195 3 1 0 
0 1010 7 18 0.441129032258065 0.358064516129032 15.5014434020112 3 -1 0 
1 1020 7.4 20 0.480241935483871 0.518145161290323 35.054982498038 3 2 0 
0 1020 7 18 0.373924731182796 0.428225806451613 9.04039977518766 3 -2 0 
1 1030 7.4 20 0.459502103786816 0.508064516129032 34.1983576501991 3 2 0 
0 1030 7 18 0.381451612903226 0.40994623655914 13.5617756185592 3 -2 0 
1 1040 7.4 20 0.521037868162693 0.594086021505376 6.7230073740743 3 2 0 
0 1040 7 18 0.389431239388795 0.368279569892473 46.2991830095318 3 -2 0 
1 1050 7.4 20 0.498048907388137 0.611559139784946 17.6552085565392 3 2 0 
0 1050 7 18 0.406653225806452 0.337365591397849 32.6131635464002 3 -2 0 
1 1060 7.4 20 0.492461430575035 0.610215053763441 25.9355600963702 3 2 0 
0 1060 7 18 0.389643463497453 0.217741935483871 9.21954445729289 3 -2 0 
1 1070 7.4 20 0.529894327030033 0.657258064516129 20.6571809785028 3 2 1 
0 1070 7 18 0.405493951612903 0.233870967741935 8.5 2 -2 -1 
1 1080 7.4 20 0.490591397849462 0.475806451612903 41.3089617243975 3 1 1 
0 1080 7 19 0.372628083491461 0.266129032258065 4.03112887414927 2 -1 -1 
1 1090 7.4 20 0.415927419354839 0.391129032258065 28.4171933333681 3 1 1 
0 1090 7 19 0.394611436950147 0.25 17.4132491321992 2 -1 -1 
1 1100 7.4 20 0.478565365025467 0.456653225806452 16.3346447100197 3 1 1 
0 1100 7 19 0.417776998597475 0.326612903225806 18.6726244242863 2 -1 -1 
1 1110 7.4 20 0.468189964157706 0.515120967741936 9.51087859000021 3 1 1 
0 1110 7 19 0.409712482468443 0.366935483870968 31.9973116639922 2 -1 -1 
1 1120 7.4 20 0.447030791788856 0.496774193548387 34.6462646164784 3 1 1 
0 1120 7 19 0.417114695340502 0.40625 31.2279069274025 2 -1 -1 
1 1130 7.4 21 0.530322580645161 0.47741935483871 23.1730381876214 3 2 1 
0 1130 7 19 0.443709677419355 0.498991935483871 29.5674904680795 2 -2 -1 
1 1140 7.4 21 0.498726655348048 0.532258064516129 16.913074737252 3 2 1 
0 1140 7 19 0.429339477726575 0.462365591397849 43.1887855341227 2 -2 -1 
1 1150 7.4 21 0.490962180200222 0.586693548387097 36.446742428685 3 2 1 
0 1150 7 19 0.406922043010753 0.358870967741936 42.0119030752 2 -2 -1 
1 1160 7.4 21 0.578866223908918 0.497983870967742 30.8094249509189 3 1 2 
0 1160 7 20 0.458467741935484 0.326612903225806 42.2018956920184 1 -1 -2 
1 1170 7.4 21 0.538172043010753 0.472782258064516 10.7636914807395 3 1 2 
0 1170 7 20 0.331149193548387 0.252016129032258 17.3349358233597 1 -1 -2 
1 1180 7.4 21 0.595248474280732 0.528225806451613 10.7133733804354 3 1 2 
0 1180 7 20 0.363911290322581 0.201612903225806 2.23606797749979 1 -1 -2 
1 1190 7.4 21 0.620123780945236 0.589717741935484 9.63102273000625 3 1 2 
0 1190 7 20 0.320852534562212 0.1875 5.70087712549569 1 -1 -2 
1 1200 7.4 22 0.583976157082749 0.699596774193548 12.8476016505808 3 2 2 
0 1200 7 20 0.265654648956357 0.19489247311828 9.00981580698148 1 -2 -2 
1 1210 7.4 22 0.59304435483871 0.714717741935484 9.60240933608454 3 2 2 
0 1210 7 20 0.27116935483871 0.208064516129032 12.3572940297517 1 -2 -2 
1 1220 7.4 22 0.634096024006002 0.710685483870968 13.1795263654903 3 2 2 
0 1220 7 20 NaN 0.233064516129032 8.97818391295848 1 -2 -2 
1 1230 7.4 22 0.538540885221305 0.61491935483871 8.77982536731048 3 2 2 
0 1230 7 20 0.242338709677419 0.34375 8.17414855817389 1 -2 -2 
1 1240 7.4 22 0.575921658986175 0.644153225806452 17.0271493424703 3 2 2 
0 1240 7 20 0.253225806451613 0.36491935483871 3.04138126514911 1 -2 -2 
1 1250 7.4 22 0.680831265508685 0.695564516129032 18.9352289572887 3 2 2 
0 1250 7 20 0.244623655913978 0.459677419354839 0 1 -2 -2 
1 1260 7.4 22 0.654978962131837 0.707661290322581 26.169752486544 3 2 2 
0 1260 7 20 0.233582949308756 0.455645161290323 0 1 -2 -2 
1 1270 7.4 22 0.769489247311828 0.691532258064516 23.2731496894402 3 2 2 
0 1270 7 20 0.225806451612903 0.278225806451613 0 1 -2 -2 
1 1280 7.4 22 0.769489247311828 0.688508064516129 21.0662840652676 3 2 2 
0 1280 7 20 0.225806451612903 0.286290322580645 0 1 -2 -2 
1 1290 7.4 22 0.764112903225806 0.650537634408602 29.1622577864698 3 2 2 
0 1290 7 20 0.231854838709677 0.326612903225806 0 1 -2 -2 
