1 30 6 1 NaN 0.221875 2.03724286409634 3 0 2 
0 30 5.6 1 NaN 0.248046875 2.35170446044796 1 0 -2 
1 40 6 1 NaN 0.196875 7.83024753784818 3 0 2 
0 40 5.6 1 0.39453125 0.287109375 15.020394021047 1 0 -2 
1 50 6 1 0.458333333333333 0.31796875 18.9624298592288 3 0 2 
0 50 5.6 1 0.388020833333333 0.3681640625 23.5505186268747 1 0 -2 
1 60 6 1 0.459263392857143 0.43125 27.9613912161162 3 0 2 
0 60 5.6 1 0.444196428571429 0.49140625 22.4652257885421 1 0 -2 
1 70 6 1 0.482204861111111 0.47734375 19.0318002886412 3 0 2 
0 70 5.6 1 0.467051630434783 0.496875 11.4555067483062 1 0 -2 
1 80 6 1 0.482204861111111 0.48046875 19.7465842806929 3 0 2 
0 80 5.6 1 0.44921875 0.505208333333333 21.6536948399337 1 0 -2 
1 90 6 1 0.45703125 0.5078125 19.6203333613055 3 0 2 
0 90 5.6 1 0.457236842105263 0.515625 12.0513420929087 1 0 -2 
1 100 6 2 0.502261513157895 0.515625 21.7215446611271 3 1 2 
0 100 5.6 1 0.478298611111111 0.390625 29.424057232565 1 -1 -2 
1 110 6 2 0.495442708333333 0.5046875 28.0168712194567 3 0 2 
0 110 5.6 2 0.4296875 0.4453125 37.371993254945 1 0 -2 
1 120 6 2 0.468377976190476 0.4859375 25.7592502409945 3 0 2 
0 120 5.6 2 0.456287202380952 0.484375 34.4045833765979 1 0 -2 
1 130 6 3 0.460069444444444 0.48203125 24.914289631967 3 1 2 
0 130 5.6 2 0.493722098214286 0.49453125 35.7383021212503 1 -1 -2 
1 140 6 3 0.4638671875 0.465625 23.1441666455249 3 0 2 
0 140 5.6 3 0.470525568181818 0.50546875 36.0073504270843 1 0 -2 
1 150 6 3 0.473524305555556 0.4171875 27.2721285328018 3 0 2 
0 150 5.6 3 0.44140625 0.5234375 29.1624631137811 1 0 -2 
1 160 6 3 0.47109375 0.42578125 19.3509201365374 3 0 2 
0 160 5.6 3 0.4544921875 0.52421875 19.7148632384284 1 0 -2 
1 170 6 3 0.4697265625 0.4234375 15.7255555994691 3 0 2 
0 170 5.6 3 0.443576388888889 0.51328125 9.18645071528688 1 0 -2 
1 180 6 4 0.448299632352941 0.4736328125 6.50321471912502 3 0 2 
0 180 5.6 4 0.476384943181818 0.50078125 4.69188691130515 1 0 -2 
1 190 6 4 0.453814338235294 0.50390625 4.10495702571631 3 0 2 
0 190 5.6 4 0.48335597826087 0.4267578125 4.83973211370387 1 0 -2 
1 200 6 4 0.453814338235294 0.38203125 36.3187788185434 3 0 2 
0 200 5.6 4 0.45458984375 0.4130859375 39.3591334896849 1 0 -2 
1 210 6 4 0.4671875 0.4365234375 39.2924225733773 3 0 2 
0 210 5.6 4 0.4623046875 0.4326171875 30.5386945892799 1 0 -2 
1 220 6 5 0.48095703125 0.4443359375 39.695461044954 3 1 2 
0 220 5.6 4 0.473188920454545 0.52265625 26.3578053638008 1 -1 -2 
1 230 6 5 0.4794921875 0.36328125 52.578133990529 3 0 2 
0 230 5.6 5 0.439753605769231 0.46328125 29.2205046224693 1 0 -2 
1 240 6 5 0.528180803571429 0.43046875 41.6430411070653 3 0 2 
0 240 5.6 5 0.440696022727273 0.45859375 31.0568002409122 1 0 -2 
1 250 6 5 0.531510416666667 0.47421875 26.1422397108366 3 0 2 
0 250 5.6 5 0.465364583333333 0.4453125 27.4227723160186 1 0 -2 
1 260 6 6 0.522265625 0.48359375 22.4350414565359 3 1 2 
0 260 5.6 5 0.437127976190476 0.4265625 25.2832392460742 1 -1 -2 
1 270 6 6 0.502130681818182 0.5109375 23.3247064757155 3 0 2 
0 270 5.6 6 0.429315476190476 0.4171875 31.6671475930326 1 0 -2 
1 280 6 6 0.499267578125 0.50859375 20.527108511187 3 0 2 
0 280 5.6 6 0.484730113636364 0.45078125 28.0673413505731 1 0 -2 
1 290 6 7 0.499674479166667 0.52578125 23.8104504740277 3 1 2 
0 290 5.6 6 0.423295454545455 0.4921875 45.7971993698905 1 -1 -2 
1 300 6 7 0.467447916666667 0.48046875 27.1246047644981 3 1 2 
0 300 5.6 6 0.427619485294118 0.506510416666667 43.53839884473 1 -1 -2 
1 310 6 7 0.479549632352941 0.4953125 23.8011358578032 3 1 2 
0 310 5.6 6 0.503162202380952 0.4052734375 50.0959808767436 1 -1 -2 
1 320 6 7 0.480208333333333 0.48203125 14.2382800608286 3 0 2 
0 320 5.6 7 0.455228365384615 0.4359375 32.0682504281801 1 0 -2 
1 330 6 7 0.473345588235294 0.42578125 25.8524523806271 3 0 2 
0 330 5.6 7 0.473214285714286 0.47421875 20.9275938842476 1 0 -2 
1 340 6 7 0.466552734375 0.421875 42.3776493332978 3 0 2 
0 340 5.6 7 0.504166666666667 0.52578125 10.8141597239925 1 0 -2 
1 350 6 8 0.466145833333333 0.34375 48.8652549110058 3 1 2 
0 350 5.6 7 0.444463315217391 0.546875 7.23619267937471 1 -1 -2 
1 360 6 8 0.498263888888889 0.31484375 47.8129917967535 3 1 2 
0 360 5.6 7 0.445845170454545 0.5625 6.38056799005787 1 -1 -2 
1 370 6 8 0.522569444444444 0.38046875 36.2741605598802 3 0 2 
0 370 5.6 8 0.486328125 0.503125 22.7592370660043 1 0 -2 
1 380 6 8 0.5578125 0.4736328125 35.5456170923165 3 0 2 
0 380 5.6 8 0.46875 0.521484375 27.1224706330225 1 0 -2 
1 390 6 9 0.480034722222222 0.5234375 26.4108525822014 3 1 2 
0 390 5.6 8 0.448317307692308 0.486328125 23.5935938087629 1 -1 -2 
1 400 6 9 0.509207589285714 0.365234375 46.6801141564873 3 1 2 
0 400 5.6 8 0.4609375 0.4375 34.7689041729395 1 -1 -2 
1 410 6 9 0.514322916666667 0.3837890625 42.455789541358 3 0 2 
0 410 5.6 9 0.445667613636364 0.38046875 31.2576467185807 1 0 -2 
1 420 6 9 0.489908854166667 0.4091796875 40.063323211906 3 0 2 
0 420 5.6 9 0.441569010416667 0.3974609375 38.2502579004671 1 0 -2 
1 430 6 9 0.515024038461538 0.4171875 50.9965953875981 3 0 2 
0 430 5.6 9 0.44875 0.471875 34.9096608054312 1 0 -2 
1 440 6 10 0.508112980769231 0.42890625 30.8462072467638 3 1 2 
0 440 5.6 9 0.439583333333333 0.52734375 24.8751952242003 1 -1 -2 
1 450 6 10 0.4765625 0.40390625 17.8490747270902 3 1 2 
0 450 5.6 9 0.4580078125 0.57265625 23.6417455129509 1 -1 -2 
1 460 6 10 0.463641826923077 0.39296875 8.45772444636487 3 1 2 
0 460 5.6 9 0.477120535714286 0.5546875 15.519020786675 1 -1 -2 
1 470 6 10 0.463641826923077 0.4734375 12.0447179681902 3 0 2 
0 470 5.6 10 0.457477678571429 0.482421875 12.6799631454918 1 0 -2 
1 480 6 10 0.458806818181818 0.52265625 15.5351456261398 3 0 2 
0 480 5.6 10 0.489420572916667 0.334375 21.3129610942103 1 0 -2 
1 490 6 10 0.485440340909091 0.41484375 25.1488336885893 3 0 2 
0 490 5.6 10 0.506022135416667 0.40390625 33.7703890121579 1 0 -2 
1 500 6 11 0.478732638888889 0.37734375 29.5705362842092 3 1 2 
0 500 5.6 10 0.477570564516129 0.453125 25.2537940908646 1 -1 -2 
1 510 6 11 0.4677734375 0.43203125 26.6728465716238 3 1 2 
0 510 5.6 10 0.47734375 0.490625 11.4720138406521 1 -1 -2 
1 520 6 11 0.481026785714286 0.4546875 28.3456190070989 3 1 2 
0 520 5.6 10 0.466552734375 0.47890625 14.9279822348221 1 -1 -2 
1 530 6 11 0.481026785714286 0.4921875 34.5754813640979 3 1 2 
0 530 5.6 10 0.429315476190476 0.44609375 13.2838974298336 1 -1 -2 
1 540 6 11 0.476356907894737 0.4912109375 32.1222660548096 3 0 2 
0 540 5.6 11 0.429129464285714 0.4734375 12.4037646190371 1 0 -2 
1 550 6 11 0.525493421052632 0.4638671875 31.3027186809492 3 0 2 
0 550 5.6 11 0.471354166666667 0.55 9.18590243502371 1 0 -2 
1 560 6 12 0.560267857142857 0.44140625 32.9451555070087 3 1 2 
0 560 5.6 11 0.416903409090909 0.54375 16.2410901171731 1 -1 -2 
1 570 6 12 0.541015625 0.380859375 47.5938464437474 3 1 2 
0 570 5.6 11 0.396484375 0.52578125 19.6827209920981 1 -1 -2 
1 580 6 12 0.510498046875 0.4189453125 35.0444871031346 3 1 2 
0 580 5.6 11 0.453369140625 0.541015625 14.8217643234599 1 -1 -2 
1 590 6 12 0.513802083333333 0.462239583333333 16.9605940020355 3 0 2 
0 590 5.6 12 0.430803571428571 0.5458984375 10.1679137078871 1 0 -2 
1 600 6 12 0.513786764705882 0.307291666666667 32.5968086224717 3 0 2 
0 600 5.6 12 0.4326171875 0.5390625 13.3764545863031 1 0 -2 
1 610 6 12 0.506770833333333 0.350260416666667 25.2925794455901 3 0 2 
0 610 5.6 12 0.446986607142857 0.45078125 36.6449216363735 1 0 -2 
1 620 6 13 0.506770833333333 0.3544921875 39.211930637524 3 1 2 
0 620 5.6 12 0.437752016129032 0.38671875 33.2967513430829 1 -1 -2 
1 630 6 13 0.488451086956522 0.3953125 29.7790017063323 3 1 2 
0 630 5.6 12 0.4375 0.430989583333333 29.7063575867552 1 -1 -2 
1 640 6 13 0.534801136363636 0.40703125 20.6302004951657 3 1 2 
0 640 5.6 12 0.467936197916667 0.477864583333333 5.85177942926937 1 -1 -2 
1 650 6 13 0.534801136363636 0.44921875 19.8185512640444 3 0 2 
0 650 5.6 13 0.449869791666667 0.423177083333333 41.4222583909329 1 0 -2 
1 660 6 14 0.503385416666667 0.463541666666667 0.65403883526363 3 1 2 
0 660 5.6 13 0.443033854166667 0.3984375 51.6236379965612 1 -1 -2 
1 670 6 14 0.522395833333333 0.4404296875 28.0768260826452 3 1 2 
0 670 5.6 13 0.4453125 0.45703125 18.3575597506858 1 -1 -2 
1 680 6 14 0.523193359375 0.41875 25.4936993552768 3 1 2 
0 680 5.6 13 0.422200520833333 0.40625 42.4686239466883 1 -1 -2 
1 690 6 14 0.5439453125 0.43046875 34.6403933629421 3 1 2 
0 690 5.6 13 0.412533967391304 0.3369140625 45.3928734067333 1 -1 -2 
1 700 6 14 0.504365808823529 0.45078125 32.3596716568963 3 1 2 
0 700 5.6 13 0.468070652173913 0.4 35.9971720202258 1 -1 -2 
1 710 6 15 0.482271634615385 0.4873046875 29.229759822877 3 1 2 
0 710 5.6 14 0.43431712962963 0.46171875 29.373850701191 1 -1 -2 
1 720 6 15 0.433293269230769 0.4296875 23.6579180129399 3 1 2 
0 720 5.6 14 0.466077302631579 0.5203125 37.0571760891095 1 -1 -2 
1 730 6 15 0.434151785714286 0.380208333333333 40.8563252170637 3 1 2 
0 730 5.6 14 0.542708333333333 0.5810546875 38.1995870747419 1 -1 -2 
1 740 6 15 0.4453125 0.3505859375 50.0295642293353 3 0 2 
0 740 5.6 15 0.485188802083333 0.55078125 36.0933626280206 1 0 -2 
1 750 6 15 0.420479910714286 0.3759765625 38.2132386249656 3 0 2 
0 750 5.6 15 0.440972222222222 0.5421875 21.0131110309485 1 0 -2 
1 760 6 15 0.45234375 0.4052734375 12.2267583533877 3 0 2 
0 760 5.6 15 0.510279605263158 0.546875 7.72695399482108 1 0 -2 
1 770 6 15 0.45234375 0.35 28.7954298342895 3 0 2 
0 770 5.6 15 0.4671630859375 0.541015625 10.4478417505878 1 0 -2 
1 780 6 16 0.440538194444444 0.37578125 20.0435022749658 3 1 2 
0 780 5.6 15 0.46375 0.549479166666667 10.4105045442613 1 -1 -2 
1 790 6 16 0.438100961538462 0.39140625 3.8314395623923 3 1 2 
0 790 5.6 15 0.52641369047619 0.53125 12.1426347246639 1 -1 -2 
1 800 6 16 0.438100961538462 0.4453125 30.3259247981478 3 1 2 
0 800 5.6 15 0.481350806451613 0.44921875 2.85883040751382 1 -1 -2 
1 810 6 16 0.46484375 0.48984375 10.0963865885286 3 1 2 
0 810 5.6 15 0.450657894736842 0.430989583333333 10.6842198557187 1 -1 -2 
1 820 6 16 0.48895474137931 0.4359375 27.9968580990087 3 1 2 
0 820 5.6 15 0.50078125 0.35625 42.4520252445114 1 -1 -2 
1 830 6 16 0.482758620689655 0.49375 32.8961881222045 3 1 2 
0 830 5.6 15 0.431278935185185 0.38828125 14.875648439527 1 -1 -2 
1 840 6 16 0.546484375 0.4765625 37.0499387011771 3 1 2 
0 840 5.6 15 0.394965277777778 0.36875 27.8397041030155 1 -1 -2 
1 850 6 16 0.5625 0.5078125 38.9309386530396 3 0 2 
0 850 5.6 16 0.57265625 0.427734375 37.5470963289222 1 0 -2 
1 860 6 17 0.590745192307692 0.53828125 44.1563097513664 3 1 2 
0 860 5.6 16 0.450737847222222 0.5244140625 25.0165862758813 1 -1 -2 
1 870 6 17 0.643880208333333 0.4515625 43.5729015298797 3 1 2 
0 870 5.6 16 0.391369047619048 0.47265625 36.5258488946887 1 -1 -2 
1 880 6 17 0.560724431818182 0.48828125 23.1565880207729 3 1 2 
0 880 5.6 16 0.4296875 0.45625 33.4957590313795 1 -1 -2 
1 890 6 17 0.557725694444444 0.53359375 24.0419861340707 3 1 2 
0 890 5.6 16 0.387620192307692 0.4208984375 29.9275781177598 1 -1 -2 
1 900 6 18 0.565104166666667 0.55859375 19.2570691648206 3 2 2 
0 900 5.6 16 0.402126736111111 0.463541666666667 17.4682776411266 1 -2 -2 
1 910 6 18 0.62890625 0.53359375 25.4047863121558 3 2 2 
0 910 5.6 16 0.45078125 0.48828125 7.0166252070403 1 -2 -2 
1 920 6 18 0.636160714285714 0.42421875 39.435813689342 3 2 2 
0 920 5.6 16 0.413411458333333 0.481770833333333 6.66756375448497 1 -2 -2 
1 930 6 18 0.566145833333333 0.44921875 21.0966300506157 3 2 2 
0 930 5.6 16 0.404017857142857 0.305989583333333 24.9830439810919 1 -2 -2 
1 940 6 18 0.546875 0.46875 16.8937313998737 3 1 2 
0 940 5.6 17 0.466238839285714 0.275390625 25.9947282389303 1 -1 -2 
1 950 6 19 0.558072916666667 0.5328125 18.0023330982811 2 2 1 
0 950 5.6 17 0.417236328125 0.3828125 32.3798860062554 1 -2 -1 
1 960 6 19 0.612362132352941 0.565625 21.1525282375353 2 2 1 
0 960 5.6 17 0.368336397058823 0.3740234375 33.8220283858952 1 -2 -1 
1 970 6 19 0.5783203125 0.575 24.6827281716409 2 2 1 
0 970 5.6 17 0.440848214285714 0.3234375 32.2523799707529 1 -2 -1 
1 980 6 19 0.563100961538462 0.56796875 8.20007061352105 2 2 1 
0 980 5.6 17 0.419270833333333 0.34375 18.0281711292431 1 -2 -1 
1 990 6 20 0.590169270833333 0.6005859375 11.0951643326011 2 2 1 
0 990 5.6 18 0.3544921875 0.34765625 0 1 -2 -1 
1 1000 6 20 0.563020833333333 0.615234375 7.1237016992105 2 2 1 
0 1000 5.6 18 0.453125 0.3828125 0 1 -2 -1 
1 1010 6 20 0.569270833333333 0.486328125 12.7835786866812 2 2 1 
0 1010 5.6 18 0.453125 0.3828125 0 1 -2 -1 
1 1020 6 20 0.594270833333333 0.4853515625 36.4628940739205 2 2 1 
0 1020 5.6 18 0.391183035714286 0.296875 0 1 -2 -1 
1 1030 6 20 0.590060763888889 0.509765625 34.7386307454993 2 2 1 
0 1030 5.6 18 0.41015625 0.33984375 0 1 -2 -1 
1 1040 6 20 0.592041015625 0.5556640625 38.6827412279998 2 2 1 
0 1040 5.6 18 0.37890625 0.3046875 34.4419801985891 1 -2 -1 
1 1050 6 20 0.607244318181818 0.623697916666667 37.4444395778812 2 2 1 
0 1050 5.6 18 0.3740234375 0.35546875 0 1 -2 -1 
1 1060 6 20 NaN NaN NaN 2 2 1 
0 1060 5.6 18 NaN NaN NaN 1 -2 -1 
