1 30 10.2 1 NaN 0.3265625 20.5741484684791 0 0 0 
0 30 6.8 1 NaN 0.21640625 8.81855569216512 0 0 0 
1 40 10.2 1 NaN 0.35390625 27.1192612948993 0 0 0 
0 40 6.8 1 NaN 0.246875 12.8223137116924 0 0 0 
1 50 10.2 1 0.50390625 0.38359375 23.4176613162655 0 0 0 
0 50 6.8 1 0.46875 0.346875 23.167049998038 0 0 0 
1 60 10.2 1 0.50390625 0.50078125 26.6629827699893 0 0 0 
0 60 6.8 1 0.471788194444444 0.44296875 34.3665117329649 0 0 0 
1 70 10.2 1 0.51171875 0.48828125 26.8504751131607 0 0 0 
0 70 6.8 1 0.486049107142857 0.475 34.098171724825 0 0 0 
1 80 10.2 1 0.496651785714286 0.51875 33.8631275994578 0 0 0 
0 80 6.8 1 0.48203125 0.459375 34.0802307249587 0 0 0 
1 90 10.2 1 0.520132211538462 0.4734375 35.7276810137936 0 0 0 
0 90 6.8 1 0.440848214285714 0.440625 32.85125359572 0 0 0 
1 100 10.2 2 0.517233455882353 0.4892578125 41.4606441565011 0 0 0 
0 100 6.8 2 0.47119140625 0.45703125 31.4895832048669 0 0 0 
1 110 10.2 2 0.520951704545455 0.515625 40.3242629170554 0 0 0 
0 110 6.8 2 0.4765625 0.4671875 29.9404668725644 0 0 0 
1 120 10.2 2 0.508522727272727 0.41953125 39.130167114383 0 0 0 
0 120 6.8 2 0.466796875 0.46015625 34.7481208362856 0 0 0 
1 130 10.2 3 0.51328125 0.465625 33.6032248276487 0 0 0 
0 130 6.8 3 0.469587053571429 0.45859375 33.750636551567 0 0 0 
1 140 10.2 3 0.5205078125 0.49140625 25.694034895703 0 0 0 
0 140 6.8 3 0.4736328125 0.446875 34.0194748358334 0 0 0 
1 150 10.2 3 0.505078125 0.4734375 28.0322910086894 0 0 0 
0 150 6.8 3 0.4578125 0.4234375 28.0167105914112 0 0 0 
1 160 10.2 3 0.505022321428571 0.4953125 16.8565182427364 0 -1 0 
0 160 6.8 4 0.473575367647059 0.44921875 24.1145356445707 0 1 0 
1 170 10.2 3 0.506610576923077 0.4734375 16.2839085347839 0 -1 0 
0 170 6.8 4 0.473273026315789 0.4421875 18.3364328642558 0 1 0 
1 180 10.2 4 0.511997767857143 0.490625 33.040226719931 0 0 0 
0 180 6.8 4 0.459114583333333 0.4484375 27.7661316354682 0 0 0 
1 190 10.2 4 0.533333333333333 0.4796875 25.4389973996547 0 0 0 
0 190 6.8 4 0.473557692307692 0.4697265625 25.0467267490153 0 0 0 
1 200 10.2 5 0.540690104166667 0.48515625 21.8153820288346 0 0 0 
0 200 6.8 5 0.469951923076923 0.49609375 22.2222222222222 0 0 0 
1 210 10.2 5 0.517578125 0.4541015625 30.2872786055128 0 0 0 
0 210 6.8 5 0.455322265625 0.3623046875 31.1618058212535 0 0 0 
1 220 10.2 6 0.546875 0.5263671875 38.0307691894278 0 1 0 
0 220 6.8 5 0.449869791666667 0.39609375 28.4988724228031 0 -1 0 
1 230 10.2 6 0.543402777777778 0.45078125 48.0303367345491 0 0 0 
0 230 6.8 6 NaN 0.4046875 37.3504162726089 0 0 0 
1 240 10.2 6 0.543836805555556 0.43671875 25.5497709444769 0 0 0 
0 240 6.8 6 0.466796875 0.4234375 33.6173095179284 0 0 0 
1 250 10.2 6 0.504971590909091 0.38359375 27.8065903554187 0 0 0 
0 250 6.8 6 0.467329545454545 0.43515625 34.9104966478109 0 0 0 
1 260 10.2 6 0.505078125 0.4296875 17.0742705237222 0 0 0 
0 260 6.8 6 0.467329545454545 0.44609375 22.2039658899891 0 0 0 
1 270 10.2 6 0.525065104166667 0.4734375 31.4572375702929 0 0 0 
0 270 6.8 6 0.448988970588235 0.46484375 15.5038594170722 0 0 0 
1 280 10.2 7 0.530598958333333 0.48828125 19.1072602252258 0 1 0 
0 280 6.8 6 0.45703125 0.4921875 23.3901503800724 0 -1 0 
1 290 10.2 7 0.534375 0.5015625 23.2697232404592 0 0 0 
0 290 6.8 7 0.454241071428571 0.4638671875 26.2557662390564 0 0 0 
1 300 10.2 7 0.52734375 0.501953125 26.8680598512111 0 0 0 
0 300 6.8 7 0.444091796875 0.453125 6.80073525436772 0 0 0 
1 310 10.2 7 0.545572916666667 0.5400390625 15.9642361595052 0 0 0 
0 310 6.8 7 0.442626953125 0.341145833333333 39.4510673812519 0 0 0 
1 320 10.2 8 0.54609375 0.44375 34.8194738275525 0 1 0 
0 320 6.8 7 0.442626953125 0.29296875 36.7657587964311 0 -1 0 
1 330 10.2 8 0.516357421875 0.4671875 30.8196134252296 0 1 0 
0 330 6.8 7 0.452690972222222 0.33828125 33.3551458479556 0 -1 0 
1 340 10.2 8 0.514787946428571 0.40078125 23.8403726544824 0 0 0 
0 340 6.8 8 0.456770833333333 0.43046875 23.6361349087531 0 0 0 
1 350 10.2 8 0.52001953125 0.44375 32.5924338621352 0 0 0 
0 350 6.8 8 0.456752232142857 0.4734375 24.1206781568732 0 0 0 
1 360 10.2 8 0.506138392857143 0.4796875 30.6447571975225 0 0 0 
0 360 6.8 8 0.465745192307692 0.46953125 20.3389909893751 0 0 0 
1 370 10.2 9 0.504206730769231 0.490625 36.4511405128889 0 1 0 
0 370 6.8 8 0.49609375 0.45546875 31.7988589366985 0 -1 0 
1 380 10.2 9 0.503125 0.4984375 37.8584324764769 0 1 0 
0 380 6.8 8 0.497395833333333 0.4658203125 36.7346344486604 0 -1 0 
1 390 10.2 9 0.505681818181818 0.49296875 35.1188655434951 0 1 0 
0 390 6.8 8 0.487926136363636 0.4208984375 37.2356306713614 0 -1 0 
1 400 10.2 10 0.51953125 0.478125 31.7883965905048 0 1 0 
0 400 6.8 9 0.483940972222222 0.40859375 51.1690471170812 0 -1 0 
1 410 10.2 10 0.519831730769231 0.515625 33.9249588610411 0 1 0 
0 410 6.8 9 0.488932291666667 0.39375 45.371824443685 0 -1 0 
1 420 10.2 10 0.50390625 0.4828125 23.1963289898372 0 1 0 
0 420 6.8 9 0.47265625 0.36953125 31.1583510430046 0 -1 0 
1 430 10.2 10 0.5078125 0.47578125 18.8249111105385 0 1 0 
0 430 6.8 9 0.500616776315789 0.4375 35.8079230243165 0 -1 0 
1 440 10.2 10 0.515625 0.49453125 11.3287439928825 0 0 0 
0 440 6.8 10 0.501085069444444 0.47890625 40.3748445387834 0 0 0 
1 450 10.2 10 0.484654017857143 0.50390625 7.39314953233824 0 0 0 
0 450 6.8 10 0.474330357142857 0.4541015625 18.4110395943769 0 0 0 
1 460 10.2 11 0.512044270833333 0.529296875 3.53553390593274 0 1 0 
0 460 6.8 10 0.464488636363636 0.45703125 6.77093364680493 0 -1 0 
1 470 10.2 11 0.513822115384615 0.326171875 51.1712810080029 0 0 0 
0 470 6.8 11 0.464488636363636 0.4677734375 9.94368850831466 0 0 0 
1 480 10.2 11 0.514723557692308 0.1787109375 1.38477347973657 0 0 0 
0 480 6.8 11 0.477864583333333 0.3828125 36.7488167869993 0 0 0 
1 490 10.2 11 0.509765625 0.27734375 21.7776656829317 0 0 0 
0 490 6.8 11 0.4765625 0.3953125 23.8067319104043 0 0 0 
1 500 10.2 11 0.503700657894737 0.43359375 23.8410045689249 0 0 0 
0 500 6.8 11 0.475390625 0.42421875 22.8277562486408 0 0 0 
1 510 10.2 11 0.466796875 0.47265625 30.7746945113374 0 -1 0 
0 510 6.8 12 0.50078125 0.47421875 30.1885100118396 0 1 0 
1 520 10.2 12 0.536328125 0.4890625 39.1601708913381 0 0 0 
0 520 6.8 12 0.5234375 0.44453125 32.6092640192184 0 0 0 
1 530 10.2 12 0.534090909090909 0.521875 46.443630394853 0 0 0 
0 530 6.8 12 NaN 0.388671875 32.5029167005504 0 0 0 
1 540 10.2 12 0.525173611111111 0.47734375 36.2784762204161 0 0 0 
0 540 6.8 12 0.474609375 0.412109375 30.222620468723 0 0 0 
1 550 10.2 12 0.553977272727273 0.501953125 33.4848818047903 0 0 0 
0 550 6.8 12 0.47265625 0.4560546875 24.9166811555782 0 0 0 
1 560 10.2 12 0.553977272727273 0.4921875 22.1193192102064 0 0 0 
0 560 6.8 12 0.470703125 0.37734375 32.3238345486748 0 0 0 
1 570 10.2 12 0.51171875 0.5009765625 12.7973501539132 0 0 0 
0 570 6.8 12 0.470424107142857 0.4171875 20.3896929743718 0 0 0 
1 580 10.2 12 0.520833333333333 0.46953125 38.1656829058023 0 0 0 
0 580 6.8 12 0.455228365384615 0.44453125 6.03592820031723 0 0 0 
1 590 10.2 13 0.521158854166667 0.4423828125 32.1257739128474 0 0 0 
0 590 6.8 13 0.455228365384615 0.419921875 8.44441486877802 0 0 0 
1 600 10.2 13 0.507352941176471 NaN NaN 0 -1 0 
0 600 6.8 14 0.465401785714286 0.443359375 14.9164338901763 0 1 0 
1 610 10.2 13 0.506138392857143 NaN NaN 0 -1 0 
0 610 6.8 14 0.4908203125 0.478515625 8.13941029804985 0 1 0 
1 620 10.2 13 0.498372395833333 0.1796875 0 0 -1 0 
0 620 6.8 14 0.4908203125 0.361979166666667 45.3690081553496 0 1 0 
1 630 10.2 13 0.469791666666667 0.296875 30.6101623733633 0 -1 0 
0 630 6.8 14 0.509915865384615 0.3515625 49.1549843165107 0 1 0 
1 640 10.2 13 0.474934895833333 0.3203125 28.0026642370554 0 -1 0 
0 640 6.8 14 0.521728515625 0.353125 39.4053025488055 0 1 0 
1 650 10.2 14 0.462053571428571 0.41015625 22.0001850799648 0 -1 0 
0 650 6.8 15 0.521728515625 0.4359375 34.6773958752262 0 1 0 
1 660 10.2 14 0.515234375 0.48671875 31.6268282304232 0 -1 0 
0 660 6.8 15 0.472098214285714 0.475 31.0835592593745 0 1 0 
1 670 10.2 14 0.51015625 0.514322916666667 29.7052006572441 0 -1 0 
0 670 6.8 15 0.461588541666667 0.45859375 19.2498494902776 0 1 0 
1 680 10.2 14 0.506373355263158 0.56640625 0 0 -1 0 
0 680 6.8 15 0.461588541666667 0.4390625 20.241699066304 0 1 0 
1 690 10.2 14 0.501395089285714 NaN NaN 0 -2 0 
0 690 6.8 16 0.487109375 0.4140625 26.6045802637867 0 2 0 
1 700 10.2 14 0.50390625 0.2421875 0 0 -2 0 
0 700 6.8 16 0.503720238095238 0.4375 33.6785016391103 0 2 0 
1 710 10.2 14 0.460336538461538 0.1953125 8.95693898075294 0 -2 0 
0 710 6.8 16 0.503720238095238 0.46796875 22.3756550593961 0 2 0 
1 720 10.2 15 0.42578125 0.31328125 24.0091190368237 0 -1 0 
0 720 6.8 16 0.53515625 0.48828125 14.555435271078 0 1 0 
1 730 10.2 15 0.445963541666667 0.44375 16.1181243318285 0 -1 0 
0 730 6.8 16 0.540178571428571 0.5322265625 4.04775012317898 0 1 0 
1 740 10.2 15 0.45068359375 0.46796875 8.64319707101093 0 -1 0 
0 740 6.8 16 0.548725328947368 0.4912109375 5.17148157544843 0 1 0 
1 750 10.2 15 0.439453125 0.3701171875 16.2196989565256 0 -2 0 
0 750 6.8 17 0.557291666666667 0.52734375 7.3838834925084 0 2 0 
1 760 10.2 15 0.438058035714286 0.3720703125 17.1557774200132 0 -2 0 
0 760 6.8 17 0.554893092105263 0.537760416666667 3.4569664858009 0 2 0 
1 770 10.2 16 0.45654296875 0.4365234375 4.44086745853105 0 -1 0 
0 770 6.8 17 0.555304276315789 0.39453125 41.0122051982564 0 1 0 
1 780 10.2 16 0.438671875 0.4775390625 8.69254028956468 0 -1 0 
0 780 6.8 17 0.49609375 0.438802083333333 32.6122714867625 0 1 0 
1 790 10.2 16 0.489453125 0.38359375 29.6667716179426 0 -1 0 
0 790 6.8 17 0.4875 0.462239583333333 30.8370422550867 0 1 0 
1 800 10.2 16 0.491477272727273 0.47421875 41.8708072149062 0 -1 0 
0 800 6.8 17 0.485243055555556 0.458984375 24.667792767088 0 1 0 
1 810 10.2 16 0.520833333333333 0.490625 37.7320765970448 0 -1 0 
0 810 6.8 17 0.451171875 0.359375 45.1172344183848 0 1 0 
1 820 10.2 17 0.5439453125 0.52265625 28.1095344301787 0 0 0 
0 820 6.8 17 0.455859375 0.29296875 35.9172643096138 0 0 0 
1 830 10.2 17 0.539713541666667 0.5140625 18.7053192534741 0 0 0 
0 830 6.8 17 0.45556640625 0.3544921875 22.1284810388875 0 0 0 
1 840 10.2 17 0.504774305555556 0.47421875 15.9611178535443 0 -1 0 
0 840 6.8 18 0.477399553571429 0.41015625 19.2167262273359 0 1 0 
1 850 10.2 17 0.5046875 0.46328125 10.1030813614522 0 -1 0 
0 850 6.8 18 0.479600694444444 0.3828125 27.9728747336293 0 1 0 
1 860 10.2 17 0.514756944444444 0.49296875 18.317512963067 0 -1 0 
0 860 6.8 18 0.47109375 0.38359375 19.8888306637166 0 1 0 
1 870 10.2 17 0.485546875 0.515625 20.5339310764566 0 -1 0 
0 870 6.8 18 0.486979166666667 0.428125 8.40948341927646 0 1 0 
1 880 10.2 17 0.499644886363636 0.478125 6.7179347133658 0 -1 0 
0 880 6.8 18 0.486328125 0.475260416666667 8.32618614668201 0 1 0 
1 890 10.2 18 0.499644886363636 0.47578125 8.436766673212 0 0 0 
0 890 6.8 18 0.486328125 0.4609375 0 0 0 0 
1 900 10.2 18 0.493389423076923 0.49609375 8.73785792920591 0 0 0 
0 900 6.8 18 0.472330729166667 0.375 0 0 0 0 
1 910 10.2 18 0.550618489583333 0.525 22.9768274653894 0 0 0 
0 910 6.8 18 0.450954861111111 0.3828125 0 0 0 0 
1 920 10.2 18 0.550618489583333 0.53125 23.2718555803001 0 0 0 
0 920 6.8 18 0.45703125 0.47265625 0 0 0 0 
1 930 10.2 19 0.576822916666667 0.50625 34.6193043510666 0 1 0 
0 930 6.8 18 0.42529296875 0.4140625 0 0 -1 0 
1 940 10.2 19 0.605168269230769 0.509375 33.0541937132343 0 1 0 
0 940 6.8 18 0.49169921875 0.22265625 35.2848737271504 0 -1 0 
1 950 10.2 19 0.599051339285714 0.5703125 34.709267966404 0 1 0 
0 950 6.8 18 0.478298611111111 0.2734375 34.1251878306247 0 -1 0 
1 960 10.2 19 0.532118055555556 0.5359375 34.4660001973892 0 0 0 
0 960 6.8 19 0.405691964285714 0.37109375 23.9865193917927 0 0 0 
1 970 10.2 19 0.516544117647059 0.515625 14.8567322494848 0 0 0 
0 970 6.8 19 0.4541015625 0.45390625 5.53678765007849 0 0 0 
1 980 10.2 19 0.522288602941176 0.5166015625 5.73259105415404 0 0 0 
0 980 6.8 19 0.4541015625 0.45078125 7.89447105213233 0 0 0 
1 990 10.2 20 0.530133928571429 0.475260416666667 11.886169763047 0 1 0 
0 990 6.8 19 0.456163194444444 0.423828125 5.59016994374947 0 -1 0 
1 1000 10.2 20 0.551953125 0.520833333333333 3.25753567369737 0 1 0 
0 1000 6.8 19 0.457589285714286 0.43359375 2.5 0 -1 0 
1 1010 10.2 20 0.551953125 0.567708333333333 11.5266289822624 0 1 0 
0 1010 6.8 19 0.457589285714286 0.314453125 10.3077640640442 0 -1 0 
1 1020 10.2 20 0.520833333333333 0.618489583333333 2.98729642327154 0 1 0 
0 1020 6.8 19 0.41650390625 0.359375 6.10327780786685 0 -1 0 
1 1030 10.2 20 0.522518382352941 0.583333333333333 14.5537542092132 0 1 0 
0 1030 6.8 19 0.452256944444444 0.22265625 0 0 -1 0 
1 1040 10.2 20 0.522518382352941 0.4736328125 37.7228313166029 0 1 0 
0 1040 6.8 19 0.452256944444444 0.16796875 0 0 -1 0 
1 1050 10.2 20 0.555989583333333 0.4736328125 18.026997919268 0 1 0 
0 1050 6.8 19 0.459449404761905 0.26171875 6.40312423743285 0 -1 0 
1 1060 10.2 20 0.511935763888889 0.41796875 37.0530760463006 0 0 0 
0 1060 6.8 20 0.487941576086957 0.337890625 24.6272207120495 0 0 0 
1 1070 10.2 20 0.511935763888889 0.5234375 4.03112887414927 0 0 0 
0 1070 6.8 20 0.487941576086957 0.46484375 0 0 0 0 
