1 30 8 1 NaN 0.270967741935484 11.6795463033652 3 0 0 
0 30 5.6 1 NaN 0.285282258064516 35.8759255265199 3 0 0 
1 40 8 1 NaN 0.288709677419355 15.5771374182579 3 0 0 
0 40 5.6 1 NaN 0.317741935483871 39.7798554979119 3 0 0 
1 50 8 1 0.370967741935484 0.370967741935484 29.9169463647118 3 0 0 
0 50 5.6 1 0.364247311827957 0.361290322580645 34.8397825766985 3 0 0 
1 60 8 1 0.364247311827957 0.483870967741936 38.0844503296319 3 0 0 
0 60 5.6 1 0.364247311827957 0.482258064516129 37.84090136159 3 0 0 
1 70 8 1 0.405560271646859 0.471774193548387 34.3895874831288 3 0 0 
0 70 5.6 1 0.442362428842505 0.492741935483871 35.9407141992375 3 0 0 
1 80 8 1 0.471407624633431 0.508064516129032 32.4125161991043 3 0 0 
0 80 5.6 1 0.446297653958944 0.479838709677419 36.8923780283308 3 0 0 
1 90 8 1 0.40531660692951 0.515322580645161 37.1091159767581 3 0 0 
0 90 5.6 1 0.383870967741935 0.465322580645161 40.2369704421944 3 0 0 
1 100 8 1 0.390008960573477 0.47741935483871 37.5349074587903 3 0 0 
0 100 5.6 1 0.436443932411674 0.461290322580645 37.3213631481144 3 0 0 
1 110 8 2 0.467357910906298 0.485483870967742 37.2986724450987 3 0 0 
0 110 5.6 2 0.460424133811231 0.473387096774194 35.5887103374638 3 0 0 
1 120 8 2 0.3971027479092 0.453225806451613 35.7518592760428 3 0 0 
0 120 5.6 2 0.39889486260454 0.482258064516129 34.0639554766477 3 0 0 
1 130 8 2 0.371679316888046 0.489516129032258 45.0042801203512 3 0 0 
0 130 5.6 2 0.444098240469208 0.473387096774194 37.2878973103364 3 0 0 
1 140 8 2 0.466532258064516 0.521774193548387 47.5074419897697 3 -1 0 
0 140 5.6 3 0.467046718576196 0.464516129032258 43.0945978160316 3 1 0 
1 150 8 3 0.398418114143921 0.503225806451613 41.0962260445655 3 0 0 
0 150 5.6 3 0.386011166253102 0.462096774193548 38.3626100947689 3 0 0 
1 160 8 3 0.403225806451613 0.503225806451613 37.4381981839508 3 0 0 
0 160 5.6 3 0.418145161290323 0.448387096774194 37.5905761918616 3 0 0 
1 170 8 3 0.453197004608295 0.482258064516129 38.5919689448168 3 -1 0 
0 170 5.6 4 0.451612903225806 0.480645161290323 36.0428160997813 3 1 0 
1 180 8 4 0.397753456221198 0.493951612903226 35.9632906497988 3 0 0 
0 180 5.6 4 0.375525946704067 0.487903225806452 35.2376225903403 3 0 0 
1 190 8 4 0.418804985337243 0.405645161290323 35.3183616251632 3 0 0 
0 190 5.6 4 0.465988779803647 0.489516129032258 31.1747031097049 3 0 0 
1 200 8 4 0.462141577060932 0.416935483870968 31.8766213537808 3 -1 0 
0 200 5.6 5 0.47258064516129 0.430645161290323 28.4169515713692 3 1 0 
1 210 8 4 0.395011947431302 0.437096774193548 29.3941288224523 3 -1 0 
0 210 5.6 5 0.385584677419355 0.465322580645161 35.7454517547097 3 1 0 
1 220 8 5 0.406833616298812 0.496774193548387 31.1434577300042 3 0 0 
0 220 5.6 5 0.399193548387097 0.471774193548387 39.052032473334 3 0 0 
1 230 8 5 0.460181451612903 0.482258064516129 35.3513374695081 3 0 0 
0 230 5.6 5 0.444124423963134 0.490322580645161 40.0922879660204 3 0 0 
1 240 8 5 0.399641577060932 0.453225806451613 31.4280605546786 3 -1 0 
0 240 5.6 6 0.397401433691756 0.480645161290323 39.2756403548211 3 1 0 
1 250 8 5 0.437144212523719 0.428225806451613 33.8934206255041 3 -1 0 
0 250 5.6 6 0.448387096774194 0.481451612903226 35.8478554973151 3 1 0 
1 260 8 6 0.462941628264209 0.465322580645161 33.7799370988579 3 0 0 
0 260 5.6 6 0.467741935483871 0.457258064516129 33.2882195079752 3 0 0 
1 270 8 6 0.390353598014888 0.47741935483871 33.3257364760661 3 0 0 
0 270 5.6 6 0.3912841191067 0.418548387096774 35.9644789808955 3 0 0 
1 280 8 6 0.416422287390029 0.484677419354839 37.6702147994975 3 0 0 
0 280 5.6 6 0.395564516129032 0.417338709677419 22.8381521832245 3 0 0 
1 290 8 6 0.450664136622391 0.411290322580645 49.6338322179829 3 -1 0 
0 290 5.6 7 0.455645161290323 0.476814516129032 30.055650363311 3 1 0 
1 300 8 7 0.399888765294772 0.434677419354839 40.6848464026126 3 0 0 
0 300 5.6 7 0.379368279569893 0.400806451612903 36.3231761356842 3 0 0 
1 310 8 7 0.49673579109063 0.494354838709677 29.6215213458272 3 0 0 
0 310 5.6 7 0.397920203735144 0.456451612903226 27.3583512544754 3 0 0 
1 320 8 7 0.462468982630273 0.501612903225806 28.822412668589 3 0 0 
0 320 5.6 7 0.430049088359046 0.489516129032258 33.540000482614 3 0 0 
1 330 8 7 0.381598240469208 0.506451612903226 28.251986430046 3 0 0 
0 330 5.6 7 0.414602534562212 0.483870967741936 39.0791713013958 3 0 0 
1 340 8 8 0.436693548387097 0.505645161290323 28.0199242309987 3 0 0 
0 340 5.6 8 0.430602716468591 0.466733870967742 29.8665451492858 3 0 0 
1 350 8 8 0.445041816009558 0.503225806451613 29.7596791878661 3 0 0 
0 350 5.6 8 0.452150537634409 0.470766129032258 30.3002511407969 3 0 0 
1 360 8 8 0.421236559139785 0.487096774193548 34.8247732560589 3 0 0 
0 360 5.6 8 0.42669930875576 0.388709677419355 44.6059148282655 3 0 0 
1 370 8 9 0.469208211143695 0.469354838709677 44.0386076635101 3 1 0 
0 370 5.6 8 0.436827956989247 0.426612903225806 34.9938328115857 3 -1 0 
1 380 8 9 0.477390552995392 0.482258064516129 41.4786224463254 3 0 0 
0 380 5.6 9 0.457056451612903 0.445161290322581 30.9269243980263 3 0 0 
1 390 8 9 0.431048387096774 0.478225806451613 42.9067329605538 3 0 0 
0 390 5.6 9 0.375183284457478 0.428225806451613 28.6819214984938 3 0 0 
1 400 8 9 0.468658357771261 0.443548387096774 40.3598778549459 3 0 0 
0 400 5.6 9 0.400201612903226 0.395967741935484 30.0153236333786 3 0 0 
1 410 8 10 0.484054252199414 0.465725806451613 44.6994800576489 3 0 0 
0 410 5.6 10 0.433333333333333 0.441129032258065 19.5994818215057 3 0 0 
1 420 8 10 0.387768817204301 0.51008064516129 43.862524408471 3 0 0 
0 420 5.6 10 0.399769585253456 0.50241935483871 18.2544712021719 3 0 0 
1 430 8 10 0.417657045840407 0.420161290322581 49.4429026538314 3 0 0 
0 430 5.6 10 0.438844086021505 0.511290322580645 15.1977726059181 3 0 0 
1 440 8 11 0.454115684093437 0.44758064516129 40.8550399428035 3 1 0 
0 440 5.6 10 0.406708211143695 0.482258064516129 35.3882636785388 3 -1 0 
1 450 8 11 0.420189098998888 0.458064516129032 35.197648222257 3 1 0 
0 450 5.6 10 0.364247311827957 0.484677419354839 40.5210063910787 3 -1 0 
1 460 8 11 0.479502688172043 0.489516129032258 42.0473281150595 3 1 0 
0 460 5.6 10 0.423624288425047 0.429838709677419 42.27219724098 3 -1 0 
1 470 8 11 0.476223581757508 0.47258064516129 39.413376606576 3 0 0 
0 470 5.6 11 0.417540322580645 0.463709677419355 31.7334792729736 3 0 0 
1 480 8 11 0.421802995391705 0.448387096774194 44.1908607391242 3 0 0 
0 480 5.6 11 0.414127837514934 0.468548387096774 30.6780774595369 3 0 0 
1 490 8 11 0.475201612903226 0.52258064516129 46.5144518912464 3 0 0 
0 490 5.6 11 0.440927419354839 0.508064516129032 36.274940485534 3 0 0 
1 500 8 11 0.467375366568915 0.491935483870968 42.7530327662745 3 0 0 
0 500 5.6 11 0.457748948106592 0.508870967741936 44.0608590079093 3 0 0 
1 510 8 12 0.406063321385902 0.492741935483871 47.9155197471283 3 1 0 
0 510 5.6 11 0.397258064516129 0.47741935483871 39.5650210615829 3 -1 0 
1 520 8 12 0.473973607038123 0.474193548387097 42.0272716774187 3 1 0 
0 520 5.6 11 0.431451612903226 0.47258064516129 38.6531830540253 3 -1 0 
1 530 8 12 0.472206221198157 0.431451612903226 39.9581587721807 3 1 0 
0 530 5.6 11 0.462941628264209 0.521774193548387 44.4333945378304 3 -1 0 
1 540 8 12 0.387258064516129 0.436290322580645 39.5740804109901 3 0 0 
0 540 5.6 12 0.399838709677419 0.518548387096774 35.4026884848332 3 0 0 
1 550 8 12 0.406502016129032 0.410483870967742 31.1032244324102 3 0 0 
0 550 5.6 12 0.433101173020528 0.542741935483871 31.7779491246036 3 0 0 
1 560 8 12 0.415927419354839 0.429032258064516 11.6178221188619 3 0 0 
0 560 5.6 12 0.464193548387097 0.536290322580645 21.0151891844635 3 0 0 
1 570 8 13 0.363671274961598 0.444354838709677 12.5833880924002 3 1 0 
0 570 5.6 12 0.426747311827957 0.534677419354839 19.7303506863018 3 -1 0 
1 580 8 13 0.418598790322581 0.392741935483871 26.6788204074207 3 0 0 
0 580 5.6 13 0.437403993855607 0.474193548387097 42.4047189459386 3 0 0 
1 590 8 13 0.44119623655914 0.462903225806452 38.8698437165285 3 0 0 
0 590 5.6 13 0.476382488479263 0.441129032258065 35.6258613034891 3 0 0 
1 600 8 13 0.391439205955335 0.465322580645161 34.6009572940596 3 0 0 
0 600 5.6 13 0.422505040322581 0.474193548387097 32.4216351133968 3 0 0 
1 610 8 13 0.406556802244039 0.435483870967742 26.7960445821208 3 0 0 
0 610 5.6 13 0.444464809384164 0.5 31.7791390139612 3 0 0 
1 620 8 13 0.452895894428152 0.398387096774194 41.2331350280812 3 0 0 
0 620 5.6 13 0.484543010752688 0.465322580645161 30.772095192967 3 0 0 
1 630 8 14 0.405728587319244 0.455645161290323 34.3573930847841 3 1 0 
0 630 5.6 13 0.395645161290323 0.455645161290323 20.6060242140064 3 -1 0 
1 640 8 14 0.389400921658986 0.418010752688172 17.4315467898229 3 0 0 
0 640 5.6 14 0.395833333333333 0.494354838709677 35.7585558185675 3 0 0 
1 650 8 14 0.44758064516129 0.443548387096774 35.8148829252659 3 0 0 
0 650 5.6 14 0.444668458781362 0.542741935483871 31.1788779485336 3 0 0 
1 660 8 14 0.414236972704715 0.341733870967742 36.5150136387646 3 0 0 
0 660 5.6 14 0.407413151364764 0.54758064516129 28.2965673795972 3 0 0 
1 670 8 14 0.396841397849462 0.339516129032258 35.9960233721694 3 -1 0 
0 670 5.6 15 0.464134125636672 0.495161290322581 29.6096702412276 3 1 0 
1 680 8 14 0.416397849462366 0.333064516129032 32.4788716794257 3 -1 0 
0 680 5.6 15 0.470288624787776 0.55241935483871 37.842125801637 3 1 0 
1 690 8 15 0.351190476190476 0.371774193548387 26.8857258723171 3 0 0 
0 690 5.6 15 0.459084440227704 0.541129032258065 27.416100355714 3 0 0 
1 700 8 15 0.381182795698925 0.363709677419355 32.1618743328342 3 0 0 
0 700 5.6 15 0.48067876344086 0.589516129032258 20.8012433464844 3 0 0 
1 710 8 15 0.392943548387097 0.4 31.5753953570023 3 0 0 
0 710 5.6 15 0.48 0.484677419354839 24.2347415809432 3 0 0 
1 720 8 15 0.369047619047619 0.420161290322581 12.8327238623793 3 0 0 
0 720 5.6 15 0.422413793103448 0.444556451612903 26.2331709588078 3 0 0 
1 730 8 16 0.456653225806452 0.488709677419355 15.2352180901275 3 1 0 
0 730 5.6 15 0.401985111662531 0.456989247311828 28.9375236170044 3 -1 0 
1 740 8 16 0.473001402524544 0.474193548387097 23.5270530759669 3 1 0 
0 740 5.6 15 0.475358422939068 0.46505376344086 23.6804737608607 3 -1 0 
1 750 8 16 0.442876344086022 0.493548387096774 26.2151280228676 3 0 0 
0 750 5.6 16 0.393145161290323 0.4375 25.2833937595411 3 0 0 
1 760 8 16 0.440860215053763 0.501612903225806 16.1337582003773 3 0 0 
0 760 5.6 16 0.394061583577713 0.352150537634409 34.1228593709406 3 0 0 
1 770 8 17 0.532096774193548 0.528225806451613 17.3482757871199 3 1 0 
0 770 5.6 16 0.414746543778802 0.356182795698925 31.1894195746476 3 -1 0 
1 780 8 17 0.479631927212572 0.546774193548387 22.0762649573666 3 1 0 
0 780 5.6 16 0.358870967741936 0.356854838709677 29.4154883382377 3 -1 0 
1 790 8 17 0.456989247311828 0.598387096774194 21.4684316665616 3 1 0 
0 790 5.6 16 0.365591397849462 0.35383064516129 8.69552148491895 3 -1 0 
1 800 8 17 0.57741935483871 0.612096774193548 21.9966194536667 3 1 0 
0 800 5.6 16 0.313172043010753 0.288306451612903 25.3625402737822 3 -1 0 
1 810 8 18 0.48641765704584 0.654838709677419 14.9009508720226 3 2 0 
0 810 5.6 16 0.30791788856305 0.314516129032258 6.94711014551922 3 -2 0 
1 820 8 18 0.493145161290323 0.641129032258065 12.633382245725 3 2 0 
0 820 5.6 16 NaN 0.307459677419355 7.6297812651394 3 -2 0 
1 830 8 18 0.563092979127135 0.620967741935484 11.8137221224812 3 2 0 
0 830 5.6 16 NaN 0.344086021505376 7.58213320952669 3 -2 0 
1 840 8 18 0.491004962779156 0.591935483870968 14.2806800456203 3 2 0 
0 840 5.6 16 0.302923387096774 0.388104838709677 6.34844376386004 3 -2 0 
1 850 8 19 0.512864823348694 0.654838709677419 12.4560795275221 3 3 0 
0 850 5.6 16 NaN 0.265322580645161 14.7525431740136 3 -3 0 
1 860 8 19 0.615351382488479 0.587903225806452 12.55775418158 3 2 0 
0 860 5.6 17 0.370967741935484 0.290322580645161 11.1454029205061 3 -2 0 
1 870 8 19 0.474193548387097 0.580645161290323 17.2105797811169 3 2 0 
0 870 5.6 17 0.3390603085554 0.305645161290323 11.9195946043528 3 -2 0 
1 880 8 19 0.458027859237537 0.466129032258065 22.1972200543989 3 2 0 
0 880 5.6 17 0.402801358234295 0.32258064516129 21.9920396325001 3 -2 0 
1 890 8 19 0.485719086021505 0.462903225806452 26.9711965943059 3 2 0 
0 890 5.6 17 0.409130184331797 0.372983870967742 23.0729959278531 3 -2 0 
1 900 8 19 0.448885199240987 0.508064516129032 18.1195100094305 3 2 0 
0 900 5.6 17 0.373487903225806 0.398185483870968 11.9243645722625 3 -2 0 
1 910 8 20 0.454233870967742 0.548387096774194 13.0594689362934 3 3 0 
0 910 5.6 17 0.394825268817204 0.371975806451613 14.0165229033254 3 -3 0 
1 920 8 20 0.524376832844575 0.586693548387097 15.3046661566728 3 2 0 
0 920 5.6 18 0.507168458781362 0.358870967741936 8.18051387153618 3 -2 0 
1 930 8 20 0.470766129032258 0.580645161290323 6.62464058182891 3 2 0 
0 930 5.6 18 0.395 0.401881720430108 8.27626943530986 3 -2 0 
1 940 8 20 0.411290322580645 0.644153225806452 7.19252906838409 3 2 0 
0 940 5.6 18 0.450901328273245 0.254032258064516 22.1321059951842 3 -2 0 
1 950 8 20 0.547096774193548 0.734879032258065 4.95786684713288 3 2 0 
0 950 5.6 18 0.551267281105991 0.193548387096774 14.3221064795127 3 -2 0 
1 960 8 20 0.461290322580645 0.639784946236559 14.4899027123332 3 2 0 
0 960 5.6 18 0.454007056451613 0.245967741935484 18.076364789902 3 -2 0 
1 970 8 20 0.524503722084367 0.510752688172043 44.3166711535605 3 1 0 
0 970 5.6 19 0.497434017595308 0.363911290322581 27.630592275475 3 -1 0 
1 980 8 20 0.551470588235294 0.392137096774194 54.4913284869748 3 1 0 
0 980 5.6 19 0.598057184750733 0.418346774193548 37.545391536684 3 -1 0 
1 990 8 20 0.438306451612903 0.426411290322581 50.6839343289545 3 1 0 
0 990 5.6 19 0.456242532855436 0.452620967741936 45.4518557441741 3 -1 0 
1 1000 8 20 0.412531017369727 0.424395161290323 50.2455513057633 3 1 0 
0 1000 5.6 19 0.380568356374808 0.349193548387097 50.1065451455974 3 -1 0 
1 1010 8 20 0.470967741935484 0.5 45.7054752939003 3 1 0 
0 1010 5.6 19 0.391451612903226 0.39616935483871 37.9409075072583 3 -1 0 
1 1020 8 21 0.438004032258065 0.481854838709677 40.0709668729274 3 2 0 
0 1020 5.6 19 0.386385199240987 0.398185483870968 33.6357630807038 3 -2 0 
1 1030 8 21 0.446847507331378 0.408870967741935 55.3762931509573 3 2 0 
0 1030 5.6 19 0.438966275659824 0.439516129032258 9.39414711402797 3 -2 0 
1 1040 8 21 0.552096774193548 0.513709677419355 41.1252575420645 3 2 0 
0 1040 5.6 19 0.447132616487455 0.323924731182796 36.7737370799576 3 -2 0 
1 1050 8 21 0.471986417657046 0.506451612903226 35.7383591293625 3 2 0 
0 1050 5.6 19 0.423709677419355 0.353494623655914 24.8400681264109 3 -2 0 
1 1060 8 21 0.477892102335929 0.554838709677419 26.4599664960322 3 2 1 
0 1060 5.6 19 0.423655913978495 0.411290322580645 0 2 -2 -1 
1 1070 8 21 0.558815350389321 0.525 16.159212942902 3 2 1 
0 1070 5.6 19 0.415034562211982 0.5 0 2 -2 -1 
1 1080 8 21 0.480241935483871 0.482258064516129 16.7169326306306 3 2 1 
0 1080 5.6 19 0.346522177419355 0.491935483870968 3.90512483795333 2 -2 -1 
1 1090 8 21 0.482404692082111 0.464717741935484 30.6517135388939 3 2 1 
0 1090 5.6 19 0.377171215880893 0.416666666666667 41.4847885355621 2 -2 -1 
1 1100 8 22 0.534498207885305 0.471774193548387 31.5308366588359 3 3 1 
0 1100 5.6 19 0.397273425499232 0.237903225806452 0 2 -3 -1 
1 1110 8 22 0.488747186796699 0.505645161290323 36.8983334820809 3 3 1 
0 1110 5.6 19 0.341690042075736 0.211693548387097 17.6776695296637 2 -3 -1 
1 1120 8 22 0.535379812695109 0.566129032258065 33.0174806288172 3 2 1 
0 1120 5.6 20 0.377912186379928 0.240927419354839 24.0115461012565 2 -2 -1 
1 1130 8 22 0.562434963579605 0.629838709677419 14.3538530284497 3 2 1 
0 1130 5.6 20 0.368663594470046 0.288306451612903 27.7611073325371 2 -2 -1 
1 1140 8 22 0.471198156682028 0.710483870967742 10.3783376501795 3 2 1 
0 1140 5.6 20 0.30994623655914 0.303427419354839 22.9471793110542 2 -2 -1 
1 1150 8 22 0.457565284178187 0.704637096774194 7.56485351281786 3 2 2 
0 1150 5.6 20 0.331048387096774 0.245967741935484 10.7182384553694 1 -2 -2 
1 1160 8 22 0.599686379928315 0.70866935483871 1.91412342733599 3 2 2 
0 1160 5.6 20 0.383064516129032 0.254032258064516 6.99210592376068 1 -2 -2 
1 1170 8 22 0.500187546886722 0.716397849462366 8.37876217531457 3 2 2 
0 1170 5.6 20 0.281970046082949 0.205645161290323 8.09026766474202 1 -2 -2 
1 1180 8 22 0.543951612903226 0.723790322580645 13.2098448136229 3 2 2 
0 1180 5.6 20 0.359677419354839 0.224462365591398 5.42889614784554 1 -2 -2 
1 1190 8 23 0.633271298593879 0.719758064516129 13.9014387744578 3 2 3 
0 1190 5.6 21 0.354838709677419 0.235215053763441 3.4569664858009 0 -2 -3 
1 1200 8 23 0.522765456989247 0.655241935483871 23.0705439901187 3 2 3 
0 1200 5.6 21 0.293458781362007 0.30241935483871 2.0326516756918 0 -2 -3 
1 1210 8 23 0.543870967741935 0.578629032258065 12.747548783982 3 2 3 
0 1210 5.6 21 0.389784946236559 0.272849462365591 7.4862144451412 0 -2 -3 
1 1220 8 23 0.620331069609508 0.46505376344086 44.2181023425817 3 2 3 
0 1220 5.6 21 0.389784946236559 0.210685483870968 10.1901476817364 0 -2 -3 
1 1230 8 23 0.510722140762463 0.355846774193548 48.575665023677 3 2 3 
0 1230 5.6 21 0.307163187855788 0.208064516129032 13.5291707009022 0 -2 -3 
1 1240 8 23 0.50089605734767 0.410282258064516 35.7562642433102 3 2 3 
0 1240 5.6 21 0.337096774193548 0.285483870967742 17.5950236945655 0 -2 -3 
1 1250 8 23 0.574291300097752 0.368548387096774 36.4105173946616 3 2 3 
0 1250 5.6 21 0.337096774193548 0.361290322580645 27.0688275112291 0 -2 -3 
1 1260 8 23 0.50994623655914 0.446774193548387 29.3626177766641 3 2 3 
0 1260 5.6 21 0.314717741935484 0.318548387096774 17.7682077215108 0 -2 -3 
1 1270 8 23 0.482293127629733 0.578225806451613 19.4933322663625 3 2 3 
0 1270 5.6 21 0.416666666666667 0.304838709677419 15.6342845660071 0 -2 -3 
1 1280 8 23 0.563387096774194 0.665322580645161 11.3099886455147 3 2 3 
0 1280 5.6 21 0.429032258064516 0.294354838709677 14.0478098217518 0 -2 -3 
1 1290 8 23 0.525394646533974 0.654032258064516 2.91750131958863 3 2 3 
0 1290 5.6 21 0.310483870967742 0.254032258064516 10.2954864184722 0 -2 -3 
1 1300 8 23 0.509176863181313 0.594354838709677 10.4329374959324 3 1 3 
0 1300 5.6 22 0.354838709677419 0.254838709677419 11.8562007060352 0 -1 -3 
1 1310 8 23 0.561569478908189 0.480645161290323 27.6476287804369 3 1 3 
0 1310 5.6 22 0.36491935483871 0.27258064516129 8.49010494635439 0 -1 -3 
1 1320 8 23 0.468334914611006 0.501612903225806 29.9953798301225 3 1 3 
0 1320 5.6 22 0.354070660522273 0.35 16.5513709053809 0 -1 -3 
1 1330 8 23 0.483438940092166 0.555645161290323 24.7437365348875 3 1 3 
0 1330 5.6 22 0.36945564516129 0.395161290322581 24.6980540181464 0 -1 -3 
1 1340 8 23 0.622551843317972 0.666129032258065 23.1892076095776 3 1 3 
0 1340 5.6 22 0.344758064516129 0.225 8.83393998615863 0 -1 -3 
1 1350 8 23 0.672766749379653 0.721774193548387 22.7469109255746 3 1 3 
0 1350 5.6 22 0.295967741935484 0.198387096774194 8.24258334260078 0 -1 -3 
1 1360 8 23 0.776881720430108 0.753024193548387 10.9549358650892 3 1 3 
0 1360 5.6 22 0.225806451612903 0.204637096774194 3.22285378280844 0 -1 -3 
1 1370 8 23 0.776881720430108 0.786290322580645 4.10337402150692 3 1 3 
0 1370 5.6 22 0.229838709677419 0.184475806451613 6.49732210336024 0 -1 -3 
1 1380 8 23 NaN 0.770161290322581 4.27244593326865 3 1 3 
0 1380 5.6 22 0.229838709677419 0.207661290322581 3.73674131949803 0 -1 -3 
