1 30 7.6 1 NaN 0.2587890625 15.4662567156036 3 0 0 
0 30 8.6 1 NaN 0.2666015625 19.358554910287 3 0 0 
1 40 7.6 1 NaN 0.302734375 5.1895868044981 3 0 0 
0 40 8.6 1 NaN 0.24453125 21.3510658662142 3 0 0 
1 50 7.6 1 0.38671875 0.2880859375 24.6147603349873 3 0 0 
0 50 8.6 1 NaN 0.28671875 32.0435081613944 3 0 0 
1 60 7.6 1 0.37421875 0.43203125 38.0655847583104 3 0 0 
0 60 8.6 1 0.365119485294118 0.41015625 29.5349226104098 3 0 0 
1 70 7.6 1 0.376488095238095 0.50546875 38.6630084963728 3 0 0 
0 70 8.6 1 0.36328125 0.45390625 24.710833058005 3 0 0 
1 80 7.6 1 0.455729166666667 0.50546875 32.7137539630103 3 0 0 
0 80 8.6 1 0.467578125 0.46171875 27.0701521916877 3 0 0 
1 90 7.6 1 0.447337962962963 0.50859375 33.9051794171562 3 0 0 
0 90 8.6 1 0.413932291666667 0.470703125 32.8104353697754 3 0 0 
1 100 7.6 1 0.41375 0.50859375 27.2643715906502 3 0 0 
0 100 8.6 1 0.370916193181818 0.4515625 30.8607305039075 3 0 0 
1 110 7.6 2 0.453125 0.51640625 15.8970536726996 3 1 0 
0 110 8.6 1 0.456845238095238 0.45546875 22.3844059511256 3 -1 0 
1 120 7.6 2 0.434172453703704 0.505208333333333 4.42090563074729 3 0 0 
0 120 8.6 2 0.415625 0.4578125 16.6003630718105 3 0 0 
1 130 7.6 2 0.409635416666667 0.485677083333333 3.80424291129001 3 0 0 
0 130 8.6 2 0.380625 0.4890625 19.0787019848227 3 0 0 
1 140 7.6 2 0.456280048076923 0.396875 29.9472717833895 3 0 0 
0 140 8.6 2 0.450067934782609 0.45625 24.7066006750549 3 0 0 
1 150 7.6 2 0.421614583333333 0.453125 17.9068207599223 3 -1 0 
0 150 8.6 3 0.420127467105263 0.44609375 25.3911634979985 3 1 0 
1 160 7.6 3 0.423270089285714 0.4931640625 19.6113000343254 3 0 0 
0 160 8.6 3 0.3878125 0.466796875 26.2665489876431 3 0 0 
1 170 7.6 3 0.493861607142857 0.517578125 18.5443144198674 3 0 0 
0 170 8.6 3 0.455357142857143 0.4599609375 20.3174955745197 3 0 0 
1 180 7.6 4 0.435105846774194 0.45234375 38.3682475726738 3 0 0 
0 180 8.6 4 0.41171875 0.4 34.6579464073653 3 0 0 
1 190 7.6 4 0.39828125 0.48671875 36.9183701208335 3 0 0 
0 190 8.6 4 0.398274739583333 0.4609375 29.0740313019075 3 0 0 
1 200 7.6 4 0.488813920454545 0.50625 35.288618176663 3 0 0 
0 200 8.6 4 0.475142045454545 0.44296875 27.5321543866159 3 0 0 
1 210 7.6 5 0.441261574074074 0.48203125 30.3210460677629 3 1 0 
0 210 8.6 4 0.430245535714286 0.47890625 32.332373290939 3 -1 0 
1 220 7.6 5 0.407752403846154 0.47734375 30.1970708959191 3 0 0 
0 220 8.6 5 0.3828125 0.446875 28.8159391326744 3 0 0 
1 230 7.6 5 0.460477941176471 0.5015625 31.1383939349115 3 0 0 
0 230 8.6 5 0.431919642857143 0.4390625 30.4940341450284 3 0 0 
1 240 7.6 5 0.440972222222222 0.50234375 31.7729346169272 3 0 0 
0 240 8.6 5 0.412560096153846 0.41484375 33.9224695667969 3 0 0 
1 250 7.6 6 0.400240384615385 0.5390625 31.9071737715135 3 0 0 
0 250 8.6 6 0.375355113636364 0.434375 31.9132686746277 3 0 0 
1 260 7.6 6 0.461447010869565 0.5046875 30.1106747577171 3 0 0 
0 260 8.6 6 0.449573863636364 0.4625 29.524736191437 3 0 0 
1 270 7.6 6 0.441964285714286 0.48515625 33.6539944583285 3 0 0 
0 270 8.6 6 0.418269230769231 0.45546875 33.4642283935369 3 0 0 
1 280 7.6 6 0.409143518518518 0.48203125 29.94771013491 3 0 0 
0 280 8.6 6 0.382982336956522 0.4931640625 30.2185367744161 3 0 0 
1 290 7.6 6 0.510633680555556 0.50234375 28.6327812450661 3 0 0 
0 290 8.6 6 0.457845052083333 0.453125 33.2002561603792 3 0 0 
1 300 7.6 7 0.443080357142857 0.53203125 28.21965983877 3 1 0 
0 300 8.6 6 0.394097222222222 0.4423828125 33.4128569227816 3 -1 0 
1 310 7.6 7 0.429183467741936 0.525 32.6935891209503 3 0 0 
0 310 8.6 7 0.364346590909091 0.4765625 42.5915039359069 3 0 0 
1 320 7.6 7 0.55180027173913 0.45703125 41.1670461961611 3 0 0 
0 320 8.6 7 0.436767578125 0.39140625 45.6356882128698 3 0 0 
1 330 7.6 7 0.476680871212121 0.46015625 34.9670536053086 3 -1 0 
0 330 8.6 8 0.36328125 0.4484375 32.4904476340163 3 1 0 
1 340 7.6 7 0.424164870689655 0.46953125 32.9556061074645 3 -1 0 
0 340 8.6 8 0.38296875 0.41171875 34.2667722317835 3 1 0 
1 350 7.6 7 0.444444444444444 0.46875 30.1971822162475 3 -1 0 
0 350 8.6 8 0.472995923913043 0.42890625 38.207093538014 3 1 0 
1 360 7.6 8 0.423532196969697 0.47265625 29.5671586071403 3 0 0 
0 360 8.6 8 0.426320043103448 0.484375 32.6168275377142 3 0 0 
1 370 7.6 8 0.41455078125 0.48828125 33.4372721324356 3 0 0 
0 370 8.6 8 0.37109375 0.43828125 22.5124251041012 3 0 0 
1 380 7.6 8 0.470947265625 0.50078125 29.8040367940555 3 -1 0 
0 380 8.6 9 0.443684895833333 0.4775390625 11.4727871923556 3 1 0 
1 390 7.6 8 0.451388888888889 0.51484375 40.4849742466046 3 -1 0 
0 390 8.6 9 0.430930397727273 0.43359375 41.0631873925301 3 1 0 
1 400 7.6 8 0.414388020833333 0.48046875 35.842717049385 3 -1 0 
0 400 8.6 9 0.373757102272727 0.44140625 39.3037035470192 3 1 0 
1 410 7.6 9 0.44921875 0.49453125 34.0796226388882 3 0 0 
0 410 8.6 9 0.434621710526316 0.43828125 51.3302476695271 3 0 0 
1 420 7.6 9 0.440398185483871 0.4421875 30.9477118593747 3 0 0 
0 420 8.6 9 0.409375 0.453125 38.0182495174598 3 0 0 
1 430 7.6 9 0.414760044642857 0.5 22.739610540268 3 0 0 
0 430 8.6 9 0.374813988095238 0.45703125 25.3842757203438 3 0 0 
1 440 7.6 9 0.493106617647059 0.50703125 23.3949713670934 3 0 0 
0 440 8.6 9 0.428538602941176 0.45625 23.2737701657024 3 0 0 
1 450 7.6 9 0.446928879310345 0.48046875 11.8449263312406 3 -1 0 
0 450 8.6 10 0.375 0.4375 24.5485325708918 3 1 0 
1 460 7.6 10 0.423356681034483 0.4658203125 5.57376546453282 3 0 0 
0 460 8.6 10 0.36328125 0.501953125 27.4278954953025 3 0 0 
1 470 7.6 10 0.51796875 0.4765625 4.74452994916409 3 0 0 
0 470 8.6 10 0.44765625 0.4453125 28.2926535846432 3 0 0 
1 480 7.6 10 0.447991071428571 0.41484375 22.8657769074304 3 0 0 
0 480 8.6 10 0.411458333333333 0.44921875 13.3583601798766 3 0 0 
1 490 7.6 10 0.433719758064516 0.45703125 23.0174452492834 3 0 0 
0 490 8.6 10 0.384765625 0.392578125 39.1064737034964 3 0 0 
1 500 7.6 10 0.509375 0.494140625 28.1844746245887 3 -1 0 
0 500 8.6 11 0.443576388888889 0.3515625 35.5924068307293 3 1 0 
1 510 7.6 11 0.47974537037037 0.5375 40.1896091844759 3 0 0 
0 510 8.6 11 0.425595238095238 0.3701171875 20.1818162515553 3 0 0 
1 520 7.6 11 0.450520833333333 0.5546875 32.3432022281077 3 0 0 
0 520 8.6 11 0.373972039473684 0.3701171875 5.99585982607716 3 0 0 
1 530 7.6 12 0.500450721153846 0.5322265625 31.6148724341548 3 1 0 
0 530 8.6 11 0.396354166666667 0.37109375 29.4941657437342 3 -1 0 
1 540 7.6 12 0.513975694444444 0.5203125 12.5595686420136 3 1 0 
0 540 8.6 11 0.357421875 0.3916015625 31.7148168128864 3 -1 0 
1 550 7.6 12 0.501897321428571 0.5515625 6.89767298351142 3 1 0 
0 550 8.6 11 0.342075892857143 0.372395833333333 8.70304333534192 3 -1 0 
1 560 7.6 12 0.622979525862069 0.55546875 13.0953005577019 3 1 0 
0 560 8.6 11 0.33837890625 0.360677083333333 7.68090933730299 3 -1 0 
1 570 7.6 12 0.561484375 0.409375 11.8336915304454 3 1 0 
0 570 8.6 11 0.310825892857143 0.284375 38.7914532131365 3 -1 0 
1 580 7.6 12 0.528819444444445 0.37734375 17.1710156682435 3 1 0 
0 580 8.6 11 0.35546875 0.33984375 33.3205850127825 3 -1 0 
1 590 7.6 13 0.623733108108108 0.47890625 23.3441214805287 3 2 0 
0 590 8.6 11 0.484375 0.42890625 23.8438516885776 3 -2 0 
1 600 7.6 13 0.52452761627907 0.50703125 23.6844913442203 3 2 0 
0 600 8.6 11 0.297697368421053 0.423828125 23.4613080298579 3 -2 0 
1 610 7.6 13 0.465317234848485 0.52578125 10.0649393689471 3 2 0 
0 610 8.6 11 0.309244791666667 0.44140625 11.8788011687871 3 -2 0 
1 620 7.6 13 0.6259765625 0.51875 3.984859146588 3 2 0 
0 620 8.6 11 0.310546875 0.408854166666667 23.9616413667817 3 -2 0 
1 630 7.6 14 0.540301067073171 0.5517578125 8.0447458140297 3 2 0 
0 630 8.6 12 0.279166666666667 0.244140625 31.2929704566377 3 -2 0 
1 640 7.6 14 0.489620535714286 0.5966796875 14.0155833186414 3 2 0 
0 640 8.6 12 0.305859375 0.30078125 7.43303437365925 3 -2 0 
1 650 7.6 14 0.6052734375 0.6640625 10.3767312396501 3 2 0 
0 650 8.6 12 0.3125 0.264322916666667 21.6965500637554 3 -2 0 
1 660 7.6 14 0.532393292682927 0.57265625 33.7223300134284 3 2 0 
0 660 8.6 12 0.286057692307692 0.1859375 28.9262600847887 3 -2 0 
1 670 7.6 14 0.482881433823529 0.478515625 24.1354056221852 3 2 0 
0 670 8.6 12 0.330422794117647 0.23984375 29.9600650755527 3 -2 0 
1 680 7.6 14 0.64599609375 0.5205078125 16.5263608648724 3 1 0 
0 680 8.6 13 0.330882352941176 0.3015625 34.352091845055 3 -1 0 
1 690 7.6 14 0.509375 0.5171875 17.9761638981025 3 1 0 
0 690 8.6 13 0.35546875 0.3484375 21.4824239143288 3 -1 0 
1 700 7.6 14 0.401633522727273 0.5359375 13.6445937065654 3 1 0 
0 700 8.6 13 0.38125 0.4078125 7.12749881569093 3 -1 0 
1 710 7.6 15 0.512109375 0.6078125 16.6272804738692 3 2 0 
0 710 8.6 13 0.407001201923077 0.4609375 10.9174362866248 3 -2 0 
1 720 7.6 15 0.514143318965517 0.68125 29.9627422946785 3 2 1 
0 720 8.6 13 0.471774193548387 0.42890625 15.599976468524 2 -2 -1 
1 730 7.6 15 0.477370689655172 0.69609375 36.4393557869914 3 2 1 
0 730 8.6 13 0.484966856060606 0.334375 7.86830530446189 2 -2 -1 
1 740 7.6 16 0.560081845238095 0.68359375 39.6211190307815 3 2 1 
0 740 8.6 14 0.513230846774194 0.2197265625 2.41010372062203 2 -2 -1 
1 750 7.6 16 0.466264204545455 0.6142578125 35.9786149365072 3 2 1 
0 750 8.6 14 0.44423828125 0.296875 2.1416588439367 2 -2 -1 
1 760 7.6 16 0.45609375 0.462890625 2.5 3 2 1 
0 760 8.6 14 0.421875 0.408854166666667 3.91898437965089 2 -2 -1 
1 770 7.6 16 0.521267361111111 0.392578125 7.15891053163818 3 2 1 
0 770 8.6 14 0.459099264705882 0.34765625 32.5135068166333 2 -2 -1 
1 780 7.6 16 0.4521875 0.27734375 26.6511166029486 3 2 1 
0 780 8.6 14 0.401646205357143 0.3505859375 6.42260742829071 2 -2 -1 
1 790 7.6 16 0.43359375 0.334635416666667 39.7396589286446 3 2 1 
0 790 8.6 14 0.369140625 0.4234375 25.7444245265999 2 -2 -1 
1 800 7.6 16 0.521784855769231 0.32421875 39.4065243481459 3 1 1 
0 800 8.6 15 0.396839488636364 0.52578125 17.9111913329341 2 -1 -1 
1 810 7.6 16 0.466567095588235 0.317708333333333 25.6307598229641 3 1 1 
0 810 8.6 15 0.377115885416667 0.5265625 10.6628084557032 2 -1 -1 
1 820 7.6 16 0.448745265151515 0.3671875 19.1331482358446 3 1 1 
0 820 8.6 15 0.363991477272727 0.49375 12.770176369875 2 -1 -1 
1 830 7.6 16 0.498697916666667 0.353515625 14.8703438260041 3 1 1 
0 830 8.6 15 0.357935855263158 0.41171875 26.835636743187 2 -1 -1 
1 840 7.6 16 0.465382543103448 0.43359375 9.53603064860622 3 0 1 
0 840 8.6 16 0.381734913793103 0.4078125 34.5464708666327 2 0 -1 
1 850 7.6 17 0.423221982758621 0.3916015625 32.3706337145471 3 1 1 
0 850 8.6 16 0.37625 0.39765625 27.8749773051668 2 -1 -1 
1 860 7.6 17 0.479391163793103 0.3642578125 15.0208450526088 3 1 1 
0 860 8.6 16 0.439290364583333 0.42265625 13.6521209315625 2 -1 -1 
1 870 7.6 17 0.48046875 0.47890625 11.4309134804903 3 1 1 
0 870 8.6 16 0.472833806818182 0.47109375 12.4863353877602 2 -1 -1 
1 880 7.6 17 0.491887019230769 0.5015625 3.94555688758157 3 1 1 
0 880 8.6 16 0.369574652777778 0.46875 13.6548638442836 2 -1 -1 
1 890 7.6 17 0.5509033203125 0.509375 3.69462577122916 3 1 1 
0 890 8.6 16 0.395089285714286 0.465625 14.9144552897979 2 -1 -1 
1 900 7.6 17 0.56640625 0.50703125 5.41185697170046 3 1 1 
0 900 8.6 16 0.37515625 0.475260416666667 5.49015300425767 2 -1 -1 
1 910 7.6 17 0.538014481707317 0.4953125 9.84335776988297 3 1 1 
0 910 8.6 16 0.35546875 0.489583333333333 2.97988148230532 2 -1 -1 
1 920 7.6 17 0.614464962121212 0.53515625 6.31689655240487 3 1 1 
0 920 8.6 16 NaN 0.421875 10.3298952111178 2 -1 -1 
1 930 7.6 18 0.590701219512195 0.54921875 21.3767678856956 3 1 1 
0 930 8.6 17 0.393708881578947 0.294270833333333 21.641494200405 2 -1 -1 
1 940 7.6 18 0.495289522058823 0.51640625 21.7876605591092 3 1 1 
0 940 8.6 17 0.35009765625 0.2421875 12.0912250986395 2 -1 -1 
1 950 7.6 18 0.590303308823529 0.49375 25.4932379055771 3 1 2 
0 950 8.6 17 0.571875 0.16796875 10.5971854985225 1 -1 -2 
1 960 7.6 18 0.534333881578947 0.5146484375 39.0960730065338 3 1 2 
0 960 8.6 17 0.351004464285714 0.1875 4.05957302102336 1 -1 -2 
1 970 7.6 18 0.478515625 0.50390625 23.8438035409787 3 1 2 
0 970 8.6 17 0.317908653846154 0.21796875 10.9384428474101 1 -1 -2 
1 980 7.6 18 0.532421875 0.48828125 12.2962691049955 3 1 2 
0 980 8.6 17 0.274088541666667 0.33359375 12.789329986932 1 -1 -2 
1 990 7.6 18 0.512276785714286 0.4873046875 12.5072362046451 3 0 2 
0 990 8.6 18 0.367487980769231 0.45859375 10.1113464313724 1 0 -2 
1 1000 7.6 18 0.470291940789474 0.5244140625 14.1805191281356 3 0 2 
0 1000 8.6 18 0.297526041666667 0.47734375 6.53183907378165 1 0 -2 
1 1010 7.6 18 0.577872983870968 0.483072916666667 25.4923615872607 3 0 2 
0 1010 8.6 18 0.21640625 0.57578125 11.20525767827 1 0 -2 
1 1020 7.6 19 0.526640625 0.502604166666667 56.5392989520535 3 1 2 
0 1020 8.6 18 0.339133522727273 0.6015625 22.6653559447892 1 -1 -2 
1 1030 7.6 19 0.46885016025641 0.50390625 54.0454157912731 3 1 2 
0 1030 8.6 18 0.301983173076923 0.5796875 26.9620753768601 1 -1 -2 
1 1040 7.6 19 0.574974798387097 0.55078125 35.8461632195015 3 1 2 
0 1040 8.6 18 0.2685546875 0.58359375 33.5566261288993 1 -1 -2 
1 1050 7.6 19 0.53093112244898 0.34375 34.5391781279297 3 0 2 
0 1050 8.6 19 0.313009510869565 0.4265625 24.0287368035651 1 0 -2 
1 1060 7.6 19 0.546112804878049 0.371875 40.6162093816491 3 0 2 
0 1060 8.6 19 0.3515625 0.32421875 29.7826062968881 1 0 -2 
1 1070 7.6 19 0.578459821428571 0.4203125 36.2097832487369 3 0 2 
0 1070 8.6 19 0.416294642857143 0.2796875 29.3109729132631 1 0 -2 
1 1080 7.6 19 0.5390625 0.49140625 32.5664929406957 3 0 2 
0 1080 8.6 19 0.326622596153846 0.26875 33.7705294669381 1 0 -2 
1 1090 7.6 19 0.510992005813953 0.5453125 14.6444966165712 3 0 2 
0 1090 8.6 19 0.338040865384615 0.29609375 23.2877453929102 1 0 -2 
1 1100 7.6 19 0.587818287037037 0.5859375 7.23948977293243 3 0 3 
0 1100 8.6 19 0.337713068181818 0.3421875 20.3368355614335 0 0 -3 
1 1110 7.6 20 0.551171875 0.67890625 6.13856875607219 3 1 3 
0 1110 8.6 19 0.332682291666667 0.28671875 10.7135916450943 0 -1 -3 
1 1120 7.6 20 0.528201219512195 0.71953125 3.54330114453934 3 0 3 
0 1120 8.6 20 NaN 0.21796875 9.33743015538376 0 0 -3 
1 1130 7.6 20 0.63291266025641 0.73125 10.5144529293282 3 0 3 
0 1130 8.6 20 0.227864583333333 0.1884765625 10.3415066804788 0 0 -3 
1 1140 7.6 20 0.589680989583333 0.7078125 9.81317362042339 3 0 3 
0 1140 8.6 20 0.236572265625 0.259765625 7.02152178995746 0 0 -3 
1 1150 7.6 20 0.609301297169811 0.80078125 7.14857128170042 3 0 3 
0 1150 8.6 20 0.19140625 0.182291666666667 6.62408778772681 0 0 -3 
1 1160 7.6 20 0.70610119047619 0.8453125 4.38279690950664 3 0 3 
0 1160 8.6 20 0.18359375 0.16015625 6.5 0 0 -3 
1 1170 7.6 20 0.59125664893617 0.80078125 5.96715046996094 3 0 3 
0 1170 8.6 20 0.1953125 0.1455078125 10.4282021302867 0 0 -3 
1 1180 7.6 20 0.559774709302326 0.7158203125 24.7398364166575 3 0 3 
0 1180 8.6 20 NaN 0.1767578125 10.2315749692546 0 0 -3 
1 1190 7.6 20 0.706182065217391 0.6015625 15.3751565026252 3 0 3 
0 1190 8.6 20 NaN 0.2119140625 14.1964430231754 0 0 -3 
1 1200 7.6 20 0.577839176829268 0.5439453125 10.3593096507105 3 0 3 
0 1200 8.6 20 0.241071428571429 0.25078125 25.8267071851345 0 0 -3 
1 1210 7.6 20 0.526134672619048 0.559895833333333 9.63510761336032 3 0 3 
0 1210 8.6 20 0.221354166666667 0.303125 24.084422024422 0 0 -3 
1 1220 7.6 20 0.63310546875 0.505859375 5.1478150704935 3 -1 3 
0 1220 8.6 21 0.221354166666667 0.37734375 20.5491681065622 0 1 -3 
1 1230 7.6 20 0.593989158163265 0.529947916666667 9.20863421149679 3 -1 3 
0 1230 8.6 21 0.228170955882353 0.431640625 13.9065484763685 0 1 -3 
1 1240 7.6 20 0.589436848958333 0.15625 0 3 -1 3 
0 1240 8.6 21 NaN 0.5634765625 17.274372629073 0 1 -3 
1 1250 7.6 20 0.692125822368421 0.3515625 0 3 -1 3 
0 1250 8.6 21 NaN 0.52734375 5.31761079996718 0 1 -3 
1 1260 7.6 20 0.604717548076923 0.328125 0 3 -1 3 
0 1260 8.6 21 0.22265625 0.4619140625 19.2415622254208 0 1 -3 
1 1270 7.6 21 0.577530570652174 0.328125 0 3 0 3 
0 1270 8.6 21 NaN 0.3818359375 36.330181672405 0 0 -3 
1 1280 7.6 21 0.671535326086957 0.328125 0 3 0 3 
0 1280 8.6 21 NaN 0.3544921875 46.1404902577469 0 0 -3 
1 1290 7.6 21 0.554799107142857 0.24609375 25.0798724079689 3 0 3 
0 1290 8.6 21 0.241943359375 0.29375 36.1530045433695 0 0 -3 
1 1300 7.6 21 0.503289473684211 0.307291666666667 15.1897787867337 3 -1 3 
0 1300 8.6 22 0.225260416666667 0.3 28.2156975023386 0 1 -3 
1 1310 7.6 21 0.614501953125 0.2646484375 14.9046657315577 3 -1 3 
0 1310 8.6 22 0.225260416666667 0.34921875 20.3497295903407 0 1 -3 
1 1320 7.6 21 0.600954861111111 0.3818359375 11.9624578065563 3 -1 3 
0 1320 8.6 22 0.240668402777778 0.41484375 35.858333348931 0 1 -3 
1 1330 7.6 21 0.5703125 0.48828125 9.10489155847042 3 -1 3 
0 1330 8.6 22 0.393229166666667 0.41328125 31.4225273021325 0 1 -3 
1 1340 7.6 21 0.65087890625 0.5390625 4.16371776003829 3 -1 3 
0 1340 8.6 22 0.393229166666667 0.4306640625 18.383183690455 0 1 -3 
1 1350 7.6 21 0.618589743589744 0.4697265625 8.33320237519902 3 -1 3 
0 1350 8.6 22 0.25732421875 0.450520833333333 4.9427865292177 0 1 -3 
1 1360 7.6 21 0.636588541666667 0.4296875 9.6592479185562 3 -1 3 
0 1360 8.6 22 0.2109375 0.572916666666667 0.863092103959154 0 1 -3 
1 1370 7.6 21 0.689453125 0.41015625 10.5273931501184 3 -1 3 
0 1370 8.6 22 0.2109375 0.5546875 8.28960431870267 0 1 -3 
1 1380 7.6 21 0.636008522727273 0.3681640625 17.3194076978669 3 -1 3 
0 1380 8.6 22 0.25234375 0.638671875 5.70087712549569 0 1 -3 
1 1390 7.6 21 0.701009114583333 0.34375 16.4210209777031 3 -1 3 
0 1390 8.6 22 NaN 0.671875 0 0 1 -3 
1 1400 7.6 21 0.703776041666667 0.3896484375 3.61278996000746 3 -1 3 
0 1400 8.6 22 NaN 0.5546875 0 0 1 -3 
