1 30 10.2 1 NaN 0.264112903225806 16.0760612890369 3 0 0 
0 30 8.8 1 NaN 0.243548387096774 26.1960451652151 3 0 0 
1 40 10.2 1 NaN 0.307459677419355 24.5210565230164 3 0 0 
0 40 8.8 1 NaN 0.306451612903226 25.6483509515787 3 0 0 
1 50 10.2 1 0.383064516129032 0.377016129032258 24.3730533853736 3 0 0 
0 50 8.8 1 0.377016129032258 0.366935483870968 26.3101618184155 3 0 0 
1 60 10.2 1 0.375 0.491935483870968 10.4679937045679 3 0 0 
0 60 8.8 1 0.375 0.445161290322581 41.310676271305 3 0 0 
1 70 10.2 1 0.387521222410866 0.45241935483871 26.7673212379955 3 0 0 
0 70 8.8 1 0.399830220713073 0.457661290322581 35.381817548465 3 0 0 
1 80 10.2 1 0.491935483870968 0.45 28.9882071370813 3 0 0 
0 80 8.8 1 0.454469086021505 0.500806451612903 32.3485334227629 3 0 0 
1 90 10.2 1 0.400238948626045 0.469354838709677 29.3089752360078 3 0 0 
0 90 8.8 1 0.408724340175953 0.497983870967742 38.0247927775087 3 0 0 
1 100 10.2 2 0.405745967741936 0.475806451612903 25.9899796537271 3 1 0 
0 100 8.8 1 0.415524193548387 0.504032258064516 31.9508175854556 3 -1 0 
1 110 10.2 2 0.468092566619916 0.456451612903226 23.6128294390645 3 0 0 
0 110 8.8 2 0.443548387096774 0.404838709677419 40.0380313406143 3 0 0 
1 120 10.2 2 0.399865591397849 0.487096774193548 38.0911586967159 3 0 0 
0 120 8.8 2 0.418242491657397 0.426411290322581 22.7971019821624 3 0 0 
1 130 10.2 3 0.395545314900154 0.476612903225806 43.8795596768747 3 1 0 
0 130 8.8 2 0.398809523809524 0.466733870967742 16.4894720648486 3 -1 0 
1 140 10.2 3 0.44758064516129 0.487903225806452 22.3284706262962 3 0 0 
0 140 8.8 3 0.468548387096774 0.423387096774194 33.05660730621 3 0 0 
1 150 10.2 3 0.431115591397849 0.486895161290323 14.8000967198867 3 0 0 
0 150 8.8 3 0.415023894862605 0.460685483870968 17.1660986518803 3 0 0 
1 160 10.2 3 0.404628330995792 0.381720430107527 39.9662187259021 3 0 0 
0 160 8.8 3 0.374596774193548 0.400806451612903 33.1449278198264 3 0 0 
1 170 10.2 3 0.450161290322581 0.361895161290323 28.6548256330027 3 -1 0 
0 170 8.8 4 0.457661290322581 0.428225806451613 32.4275641177672 3 1 0 
1 180 10.2 4 0.426612903225806 0.362903225806452 31.8452961997277 3 0 0 
0 180 8.8 4 0.429183467741936 0.448387096774194 26.1919568189168 3 0 0 
1 190 10.2 4 0.38179117147708 0.415322580645161 21.0632158191133 3 0 0 
0 190 8.8 4 0.43741935483871 0.413709677419355 32.1557675877452 3 0 0 
1 200 10.2 4 0.438804554079696 0.48991935483871 23.7537662595799 3 -1 0 
0 200 8.8 5 0.489439324116743 0.433467741935484 23.638153453293 3 1 0 
1 210 10.2 5 0.420740927419355 0.486895161290323 24.2379376600266 3 0 0 
0 210 8.8 5 0.389726507713885 0.428427419354839 11.8763774634524 3 0 0 
1 220 10.2 5 0.398141654978962 0.451612903225806 26.4030142062084 3 0 0 
0 220 8.8 5 0.39616935483871 0.303427419354839 40.7854660732454 3 0 0 
1 230 10.2 6 0.469677419354839 0.462701612903226 29.6844327104376 3 1 0 
0 230 8.8 5 0.474228611500701 0.278225806451613 8.38152730712011 3 -1 0 
1 240 10.2 6 0.4275494276795 0.456989247311828 15.4470494461002 3 0 0 
0 240 8.8 6 0.414426523297491 0.384408602150538 11.2071510734426 3 0 0 
1 250 10.2 6 0.429618768328446 0.423387096774194 41.3666476172321 3 0 0 
0 250 8.8 6 0.405086848635236 0.299731182795699 33.7883223198632 3 0 0 
1 260 10.2 6 0.481591865357644 0.338709677419355 39.1286660100324 3 0 0 
0 260 8.8 6 0.443260368663594 0.393145161290323 25.8037224500563 3 0 0 
1 270 10.2 6 0.375201612903226 0.396774193548387 28.7485041025098 3 0 0 
0 270 8.8 6 0.434628543499511 0.367741935483871 38.5049146446191 3 0 0 
1 280 10.2 7 0.391513056835638 0.439516129032258 16.9361750614756 3 1 0 
0 280 8.8 6 0.44758064516129 0.431451612903226 37.7622443000944 3 -1 0 
1 290 10.2 7 0.46892789373814 0.479032258064516 18.2992106246636 3 1 0 
0 290 8.8 6 0.511648745519713 0.480645161290323 35.5618870453766 3 -1 0 
1 300 10.2 7 0.394657258064516 0.467741935483871 31.5395142330285 3 0 0 
0 300 8.8 7 0.417183622828784 0.508064516129032 35.7299264810268 3 0 0 
1 310 10.2 7 0.38508064516129 0.462701612903226 42.8865508429151 3 0 0 
0 310 8.8 7 0.407258064516129 0.466129032258065 38.6367783633508 3 0 0 
1 320 10.2 7 0.463921901528014 0.473118279569893 24.0500397923117 3 0 0 
0 320 8.8 7 0.464235624123422 0.484677419354839 40.8549089749738 3 0 0 
1 330 10.2 8 0.387463343108504 0.399193548387097 36.1515866499133 3 0 0 
0 330 8.8 8 0.41676267281106 0.461021505376344 42.8493371277735 3 0 0 
1 340 10.2 8 0.3875 0.363709677419355 27.2487313883457 3 0 0 
0 340 8.8 8 0.408986175115207 0.479838709677419 29.5750886047676 3 0 0 
1 350 10.2 8 0.471966205837174 0.441129032258065 31.4229196369063 3 0 0 
0 350 8.8 8 0.48125 0.40625 42.7079185264034 3 0 0 
1 360 10.2 8 0.425140252454418 0.475 27.6218050367469 3 0 0 
0 360 8.8 8 0.398387096774194 0.405241935483871 38.1419432594251 3 0 0 
1 370 10.2 8 0.408835904628331 0.500806451612903 45.3524848221024 3 0 0 
0 370 8.8 8 0.379608294930876 0.371975806451613 32.5431037994738 3 0 0 
1 380 10.2 9 0.468378607809847 0.483870967741936 25.4900120839204 3 1 0 
0 380 8.8 8 0.465120967741935 0.414314516129032 28.2784514604078 3 -1 0 
1 390 10.2 9 0.404719235364397 0.479032258064516 13.7507696210984 3 0 0 
0 390 8.8 9 0.406482630272953 0.477822580645161 13.2853302555864 3 0 0 
1 400 10.2 9 0.381336405529954 0.490927419354839 6.6539505687003 3 0 0 
0 400 8.8 9 0.391774193548387 0.493951612903226 2.69258240356725 3 0 0 
1 410 10.2 9 0.482587976539589 0.444556451612903 7.82222543778235 3 0 0 
0 410 8.8 9 0.465462833099579 0.536290322580645 0 3 0 0 
1 420 10.2 10 0.410618279569893 0.482862903225806 8.47794934506129 3 1 0 
0 420 8.8 9 0.419477028347996 0.248655913978495 50.3613038418009 3 -1 0 
1 430 10.2 10 0.379838709677419 0.442741935483871 42.6494283682846 3 1 0 
0 430 8.8 9 0.397022332506204 0.318548387096774 18.6557172305755 3 -1 0 
1 440 10.2 10 0.463911290322581 0.475 25.1653851141602 3 1 0 
0 440 8.8 9 0.461290322580645 0.364247311827957 16.9436818757908 3 -1 0 
1 450 10.2 11 0.414071190211346 0.536290322580645 12.4896615635399 3 2 0 
0 450 8.8 9 0.427809573361082 0.439516129032258 1.80277563773199 3 -2 0 
1 460 10.2 11 0.455645161290323 0.521774193548387 8.19307450668057 3 2 0 
0 460 8.8 9 0.448709677419355 0.334677419354839 47.0803252265819 3 -2 0 
1 470 10.2 11 0.529569892473118 0.476612903225806 13.9652334575893 3 1 0 
0 470 8.8 10 0.475631136044881 0.318548387096774 47.6974428645298 3 -1 0 
1 480 10.2 11 0.424221357063404 0.431451612903226 22.3927217314534 3 1 0 
0 480 8.8 10 0.375201612903226 0.396774193548387 44.105693238394 3 -1 0 
1 490 10.2 11 0.394201228878648 0.466733870967742 34.8045694724271 3 1 0 
0 490 8.8 10 0.400345622119816 0.445967741935484 37.9924052772203 3 -1 0 
1 500 10.2 11 0.475073313782991 0.449596774193548 37.8973751424746 3 0 0 
0 500 8.8 11 0.444700460829493 0.479032258064516 32.1734671390241 3 0 0 
1 510 10.2 12 0.400771388499299 0.308064516129032 44.9138956951158 3 1 0 
0 510 8.8 11 0.419516129032258 0.523387096774194 33.2586435591593 3 -1 0 
1 520 10.2 12 0.463325652841782 0.383064516129032 52.364001771752 3 1 0 
0 520 8.8 11 0.38348896434635 0.52258064516129 36.2449042330124 3 -1 0 
1 530 10.2 12 0.488671274961598 0.459677419354839 50.949104623662 3 1 0 
0 530 8.8 11 0.44208211143695 0.486290322580645 37.6122339420902 3 -1 0 
1 540 10.2 12 0.425259216589862 0.469086021505376 31.8450355509428 3 0 0 
0 540 8.8 12 0.387264784946237 0.46875 40.5578821083439 3 0 0 
1 550 10.2 13 0.44299853372434 0.369623655913978 53.2817233152019 3 1 0 
0 550 8.8 12 0.378072196620584 0.494623655913979 48.448388920775 3 -1 0 
1 560 10.2 13 0.510813782991202 0.469086021505376 25.6723109895367 3 1 0 
0 560 8.8 12 0.467979127134725 0.40994623655914 28.2147422438697 3 -1 0 
1 570 10.2 13 0.436134235171696 0.41633064516129 42.3274278378394 3 1 0 
0 570 8.8 12 0.375672043010753 0.306451612903226 44.5785823013698 3 -1 0 
1 580 10.2 13 0.391312316715542 0.39758064516129 42.9626866613411 3 1 0 
0 580 8.8 12 0.374596774193548 0.34375 35.5830375607991 3 -1 0 
1 590 10.2 13 0.502150537634409 0.412903225806452 34.0403349966485 3 1 0 
0 590 8.8 12 0.442396313364055 0.378024193548387 29.991935861676 3 -1 0 
1 600 10.2 14 0.446198156682028 0.481451612903226 28.9243436715619 3 2 0 
0 600 8.8 12 0.405689964157706 0.390120967741936 35.0146552519301 3 -2 0 
1 610 10.2 14 0.419354838709677 0.504032258064516 8.13420703626345 3 1 0 
0 610 8.8 13 0.413489736070381 0.494959677419355 39.1520891938877 3 -1 0 
1 620 10.2 14 0.50111234705228 0.5 16.4499992338304 3 1 0 
0 620 8.8 13 0.437855787476281 0.461693548387097 37.0419783915055 3 -1 0 
1 630 10.2 14 0.459023539668701 0.528225806451613 22.8039616759072 3 1 0 
0 630 8.8 13 0.401823281907433 0.413306451612903 31.6528484717558 3 -1 0 
1 640 10.2 15 0.422962648556876 0.375 34.2865749067835 3 2 0 
0 640 8.8 13 0.373938879456706 0.393145161290323 37.3719885507615 3 -2 0 
1 650 10.2 15 0.52258064516129 0.380040322580645 34.3890811957327 3 1 0 
0 650 8.8 14 0.440918653576438 0.451612903225806 40.3651717036306 3 -1 0 
1 660 10.2 15 0.4456340378198 0.411290322580645 15.6745609991373 3 1 0 
0 660 8.8 14 0.443238213399504 0.48991935483871 25.8798149432207 3 -1 0 
1 670 10.2 15 0.479699666295884 0.452956989247312 26.5341184587677 3 1 0 
0 670 8.8 14 0.386872759856631 0.526209677419355 29.6513495830325 3 -1 0 
1 680 10.2 15 0.572735732009926 0.407258064516129 33.4870451746271 3 1 0 
0 680 8.8 14 0.424098671726755 0.506048387096774 16.5731983821145 3 -1 0 
1 690 10.2 16 0.487073055028463 0.430443548387097 32.3258526299151 3 2 0 
0 690 8.8 14 0.405376344086022 0.475806451612903 28.6329080244713 3 -2 0 
1 700 10.2 16 0.391553480475382 0.488911290322581 23.864350968041 3 1 0 
0 700 8.8 15 0.373726655348048 0.342741935483871 0 3 -1 0 
1 710 10.2 17 0.503072196620584 0.475 43.2716871001744 3 2 0 
0 710 8.8 15 0.397849462365591 0.346774193548387 0 3 -2 0 
1 720 10.2 17 0.459677419354839 0.495161290322581 17.4065418730993 3 2 0 
0 720 8.8 15 0.363429172510519 0.439516129032258 0 3 -2 0 
1 730 10.2 17 0.469319775596073 0.499193548387097 7.15286834666846 3 2 0 
0 730 8.8 15 0.416508538899431 0.42741935483871 0 3 -2 0 
1 740 10.2 17 0.52486559139785 0.487096774193548 3.79117927941566 3 2 0 
0 740 8.8 15 0.465591397849462 0.239247311827957 33.2626296279535 3 -2 0 
1 750 10.2 17 0.474048800661704 0.473387096774194 20.4145939240474 3 2 0 
0 750 8.8 15 0.35573476702509 0.219758064516129 25.4492287412304 3 -2 0 
1 760 10.2 17 0.496898263027295 0.523387096774194 24.6864895293094 3 2 0 
0 760 8.8 15 0.342993951612903 0.326612903225806 12.1488217643911 3 -2 0 
1 770 10.2 17 0.588079637096774 0.590322580645161 20.2153876884473 3 2 0 
0 770 8.8 15 0.347140762463343 0.32258064516129 14.7054411698527 3 -2 0 
1 780 10.2 18 0.506687647521637 0.650806451612903 21.8837016084592 3 3 0 
0 780 8.8 15 0.324110122358176 0.278225806451613 5.65685424949238 3 -3 0 
1 790 10.2 18 0.524492234169654 0.704838709677419 12.011181095217 3 3 0 
0 790 8.8 15 0.347722960151803 0.262096774193548 0 3 -3 0 
1 800 10.2 18 0.597124824684432 0.721774193548387 18.1296760710666 3 3 1 
0 800 8.8 15 0.325604838709677 0.159274193548387 15.0083310198036 2 -3 -1 
1 810 10.2 19 0.50390625 0.676612903225806 32.2367849491006 3 3 1 
0 810 8.8 16 0.345262096774194 0.162634408602151 11.4613008415342 2 -3 -1 
1 820 10.2 19 0.537680756395996 0.654032258064516 41.1101880977793 3 3 1 
0 820 8.8 16 0.399193548387097 0.209677419354839 14.190531685553 2 -3 -1 
1 830 10.2 19 0.572729988052569 0.565524193548387 37.2519352074508 3 3 1 
0 830 8.8 16 0.429435483870968 0.198588709677419 24.8700532396514 2 -3 -1 
1 840 10.2 20 0.474014336917563 0.53125 33.4296768228984 3 4 1 
0 840 8.8 16 0.362903225806452 0.23252688172043 9.56592746642017 2 -4 -1 
1 850 10.2 20 0.44758064516129 0.455645161290323 33.3861330686802 3 4 1 
0 850 8.8 16 0.423570381231672 0.310483870967742 10.7022139730581 2 -4 -1 
1 860 10.2 20 0.534754224270353 0.484879032258065 20.7900766489831 3 4 1 
0 860 8.8 16 0.411066308243728 0.368279569892473 13.5442558763864 2 -4 -1 
1 870 10.2 20 0.476094470046083 0.501344086021505 7.79376933938634 3 3 1 
0 870 8.8 17 0.346774193548387 0.391129032258065 0 2 -3 -1 
1 880 10.2 20 0.449740783410138 0.525537634408602 3.41508216030674 3 3 1 
0 880 8.8 17 0.392314990512334 0.304435483870968 33.1549393002008 2 -3 -1 
1 890 10.2 20 0.536887694145759 0.430443548387097 37.0677346457607 3 3 1 
0 890 8.8 17 0.46562980030722 0.229838709677419 15.7922299632853 2 -3 -1 
1 900 10.2 20 0.471418406072106 0.506048387096774 9.11583967465817 3 3 1 
0 900 8.8 17 0.378882915173238 0.310483870967742 7.51347216947906 2 -3 -1 
1 910 10.2 20 0.494021134593993 0.540322580645161 24.2317294771821 3 3 1 
0 910 8.8 17 0.405376344086022 0.316532258064516 5.40832691319598 2 -3 -1 
1 920 10.2 20 0.610023041474654 0.555443548387097 51.7671495064506 3 3 1 
0 920 8.8 17 0.477639296187683 0.247983870967742 1.11803398874989 2 -3 -1 
1 930 10.2 20 0.501955034213099 0.45 52.5734214654238 3 3 1 
0 930 8.8 17 0.366584852734923 0.23252688172043 20.3766575747055 2 -3 -1 
1 940 10.2 21 0.507804370447451 0.491935483870968 42.8806093159834 3 4 1 
0 940 8.8 17 0.388440860215054 0.306451612903226 0 2 -4 -1 
1 950 10.2 21 0.620478983382209 0.544354838709677 27.5342835339107 3 3 1 
0 950 8.8 18 0.342165898617512 0.330645161290323 0 2 -3 -1 
1 960 10.2 21 0.532258064516129 0.643145161290323 16.3622653675725 3 3 1 
0 960 8.8 18 0.288899430740038 0.235215053763441 24.9237239735294 2 -3 -1 
1 970 10.2 21 0.535408266129032 0.659274193548387 12.4760712494341 3 3 1 
0 970 8.8 18 0.320564516129032 0.21505376344086 26.4181597706154 2 -3 -1 
1 980 10.2 21 0.651515151515151 0.604838709677419 31.4873693187429 3 3 1 
0 980 8.8 18 0.327620967741936 0.26747311827957 7.96981236524901 2 -3 -1 
1 990 10.2 21 0.520711143695015 0.527217741935484 37.6328343338771 3 3 1 
0 990 8.8 18 0.229502688172043 0.225806451612903 11.9576190139204 2 -3 -1 
1 1000 10.2 21 0.538064516129032 0.530241935483871 39.6951717906735 3 2 3 
0 1000 8.8 19 0.368951612903226 0.276612903225806 13.1795684894801 0 -2 -3 
1 1010 10.2 21 0.606586021505376 0.537298387096774 32.0557007312111 3 2 3 
0 1010 8.8 19 0.368951612903226 0.325806451612903 18.0339558011599 0 -2 -3 
1 1020 10.2 21 0.492715920915713 0.462903225806452 37.2363154970436 3 2 3 
0 1020 8.8 19 0.348118279569892 0.325806451612903 38.6097181192256 0 -2 -3 
1 1030 10.2 21 0.517797552836485 0.462096774193548 22.2735767253696 3 2 3 
0 1030 8.8 19 0.391633064516129 0.378225806451613 41.5634297671051 0 -2 -3 
1 1040 10.2 22 0.589755077658303 0.561290322580645 9.89623488805196 3 3 3 
0 1040 8.8 19 0.372311827956989 0.330645161290323 15.5966092340865 0 -3 -3 
1 1050 10.2 22 0.565236175115207 0.670161290322581 4.22343166107583 3 3 3 
0 1050 8.8 19 0.307571684587814 0.280913978494624 15.0710196444179 0 -3 -3 
1 1060 10.2 22 0.645609318996416 0.720161290322581 16.2882329198924 3 3 3 
0 1060 8.8 19 0.264516129032258 0.282258064516129 0 0 -3 -3 
1 1070 10.2 22 0.674596774193548 0.721774193548387 18.4301843680911 3 3 3 
0 1070 8.8 19 0.253528225806452 NaN NaN 0 -3 -3 
1 1080 10.2 22 0.735887096774194 0.77258064516129 9.77411856560383 3 3 3 
0 1080 8.8 19 0.240423387096774 NaN NaN 0 -3 -3 
1 1090 10.2 22 0.770665322580645 0.84005376344086 6.02243995266129 3 3 3 
0 1090 8.8 19 0.233870967741935 NaN NaN 0 -3 -3 
