1 30 7 1 NaN 0.307459677419355 25.2967228373715 2 0 0 
0 30 11.6 1 NaN 0.293548387096774 23.8908901104145 2 0 0 
1 40 7 1 NaN 0.325806451612903 24.46722337051 2 0 0 
0 40 11.6 1 NaN 0.37258064516129 35.0092272535601 2 0 0 
1 50 7 1 0.379032258064516 0.416129032258065 39.2320569070814 2 0 0 
0 50 11.6 1 NaN 0.407258064516129 42.2712140699749 2 0 0 
1 60 7 1 0.383064516129032 0.442741935483871 39.7101426457422 2 0 0 
0 60 11.6 1 0.383064516129032 0.471774193548387 42.9879191963484 2 0 0 
1 70 7 1 0.404377880184332 0.482862903225806 35.8826814950776 2 0 0 
0 70 11.6 1 0.383064516129032 0.523387096774194 41.3846406973783 2 0 0 
1 80 7 1 0.455645161290323 0.431451612903226 45.8664563963115 2 0 0 
0 80 11.6 1 0.482630272952854 0.5 32.0189692812094 2 0 0 
1 90 7 1 0.383064516129032 0.411290322580645 42.7250849731845 2 0 0 
0 90 11.6 1 0.41823476702509 0.458870967741936 45.4660180214326 2 0 0 
1 100 7 1 0.412531017369727 0.446774193548387 37.0495961340728 2 0 0 
0 100 11.6 1 0.415034562211982 0.464516129032258 35.5004838465793 2 0 0 
1 110 7 2 0.45752688172043 0.508870967741936 35.9070784419703 2 0 0 
0 110 11.6 2 0.47429435483871 0.533266129032258 38.0020717539771 2 0 0 
1 120 7 2 0.389247311827957 0.44758064516129 37.4390370745626 2 0 0 
0 120 11.6 2 0.414898132427844 0.498991935483871 37.1542505235225 2 0 0 
1 130 7 2 0.411002304147465 0.464516129032258 34.4055935070319 2 0 0 
0 130 11.6 2 0.409408602150538 0.412903225806452 42.6275095057921 2 0 0 
1 140 7 2 0.464809384164223 0.448387096774194 32.7997475693258 2 -1 0 
0 140 11.6 3 0.503744239631336 0.445967741935484 45.7313750049681 2 1 0 
1 150 7 3 0.39247311827957 0.443548387096774 37.4574022451081 2 0 0 
0 150 11.6 3 0.407969639468691 0.475 36.8578614091982 2 0 0 
1 160 7 3 0.397465437788018 0.456451612903226 22.9862206273705 2 0 0 
0 160 11.6 3 0.383064516129032 0.423387096774194 32.2169638222883 2 0 0 
1 170 7 3 0.484181141439206 0.464516129032258 17.7111576536886 2 0 0 
0 170 11.6 3 0.48991935483871 0.457258064516129 23.3693976724627 2 0 0 
1 180 7 3 0.418586789554531 0.475 10.3982400839157 2 0 0 
0 180 11.6 3 0.428379416282642 0.467741935483871 10.4076433175 2 0 0 
1 190 7 3 0.390322580645161 0.491129032258064 17.7188339770207 2 0 0 
0 190 11.6 3 0.383995037220844 0.4375 25.3489845980554 2 0 0 
1 200 7 3 0.484139784946237 0.492741935483871 19.4422539410579 2 0 0 
0 200 11.6 3 0.490591397849462 0.363709677419355 26.7111730305851 2 0 0 
1 210 7 4 0.432219662058372 0.479838709677419 20.6643941474679 2 0 0 
0 210 11.6 4 0.409722222222222 0.406451612903226 10.1093057115996 2 0 0 
1 220 7 4 0.407568238213399 0.460685483870968 20.3694807733728 2 0 0 
0 220 11.6 4 0.383064516129032 0.424395161290323 11.0039465139789 2 0 0 
1 230 7 4 0.494416873449131 0.308064516129032 37.8538896441426 2 0 0 
0 230 11.6 4 0.479838709677419 0.423387096774194 13.9472322135417 2 0 0 
1 240 7 4 0.409592529711375 0.469354838709677 31.2047476005863 2 0 0 
0 240 11.6 4 0.409168081494058 0.325806451612903 33.8434636126679 2 0 0 
1 250 7 5 0.452561669829222 0.492741935483871 33.0022423535535 2 0 0 
0 250 11.6 5 0.410030241935484 0.45 38.7414879511889 2 0 0 
1 260 7 5 0.519297235023041 0.525806451612903 32.9114124239985 2 0 0 
0 260 11.6 5 0.459987593052109 0.443548387096774 39.4107784942052 2 0 0 
1 270 7 6 0.395698924731183 0.533064516129032 33.2647176649718 2 1 0 
0 270 11.6 5 0.40625 0.462096774193548 41.7672905073939 2 -1 0 
1 280 7 6 0.390552995391705 0.504838709677419 33.9129491249648 2 1 0 
0 280 11.6 5 0.436635944700461 0.467741935483871 37.7850237284336 2 -1 0 
1 290 7 6 0.488440860215054 0.521774193548387 30.7342065055714 2 0 0 
0 290 11.6 6 0.490423387096774 0.380645161290323 28.2684214939092 2 0 0 
1 300 7 6 0.44758064516129 0.545161290322581 30.1361683403436 2 0 0 
0 300 11.6 6 0.395917338709677 0.39758064516129 20.9892644388394 2 0 0 
1 310 7 6 0.440412186379928 0.515120967741936 31.0694666723715 2 0 0 
0 310 11.6 6 0.383064516129032 0.41633064516129 32.3546786863685 2 0 0 
1 320 7 7 0.501466275659824 0.519153225806452 27.5859815985916 2 1 0 
0 320 11.6 6 0.483582949308756 0.454637096774194 36.3990622757999 2 -1 0 
1 330 7 7 0.402217741935484 0.401612903225806 47.6546178491444 2 0 0 
0 330 11.6 7 0.393279569892473 0.460685483870968 43.4026759839895 2 0 0 
1 340 7 7 0.383995037220844 0.366935483870968 40.822605240132 2 0 0 
0 340 11.6 7 0.383064516129032 0.417741935483871 51.8700164661892 2 0 0 
1 350 7 7 0.4625 0.40241935483871 23.6919661634183 2 0 0 
0 350 11.6 7 0.518145161290323 0.475 49.2928852582228 2 0 0 
1 360 7 7 0.406810035842294 0.405645161290323 27.4791578906123 2 0 0 
0 360 11.6 7 0.401965725806452 0.520161290322581 44.7579758518039 2 0 0 
1 370 7 7 0.397753456221198 0.438709677419355 37.6559413094429 2 0 0 
0 370 11.6 7 0.401965725806452 0.495161290322581 44.583216325689 2 0 0 
1 380 7 8 0.484879032258065 0.458870967741935 38.2748473829255 2 1 0 
0 380 11.6 7 0.482320099255583 0.493548387096774 35.4148600893103 2 -1 0 
1 390 7 8 0.426209677419355 0.470967741935484 27.2918738763747 2 0 0 
0 390 11.6 8 0.389247311827957 0.508064516129032 28.5983352568779 2 0 0 
1 400 7 8 0.409429280397022 0.475 28.3915370227201 2 0 0 
0 400 11.6 8 0.38508064516129 0.487903225806452 22.1939944686428 2 0 0 
1 410 7 8 0.504032258064516 0.460685483870968 26.0899043887544 2 0 0 
0 410 11.6 8 0.458064516129032 0.530241935483871 7.88558580534989 2 0 0 
1 420 7 8 0.409526209677419 0.445564516129032 20.05128601496 2 0 0 
0 420 11.6 8 0.423891129032258 0.527217741935484 8.03992972154919 2 0 0 
1 430 7 8 0.381964809384164 0.32258064516129 32.1953775797029 2 0 0 
0 430 11.6 8 0.405645161290323 0.348790322580645 35.8295578893387 2 0 0 
1 440 7 9 0.430443548387097 0.419354838709677 26.3868934467789 2 1 0 
0 440 11.6 8 0.490591397849462 0.433467741935484 20.8654389671227 2 -1 0 
1 450 7 9 0.410394265232975 0.470967741935484 25.9373144038207 2 1 0 
0 450 11.6 8 0.407495256166983 0.401612903225806 26.8571681793447 2 -1 0 
1 460 7 9 0.383064516129032 0.512903225806452 25.8941986058359 2 1 0 
0 460 11.6 8 0.383064516129032 0.417338709677419 26.071288002056 2 -1 0 
1 470 7 10 0.51008064516129 0.524193548387097 21.8557383560495 2 2 0 
0 470 11.6 8 0.465437788018433 0.421370967741936 14.0890028036054 2 -2 0 
1 480 7 10 0.439180107526882 0.463709677419355 27.0095247957532 2 2 0 
0 480 11.6 8 0.383064516129032 0.495967741935484 18.4390889145858 2 -2 0 
1 490 7 10 0.400453629032258 0.426612903225806 32.469716956825 2 2 0 
0 490 11.6 8 0.383064516129032 0.368951612903226 31.8278779769326 2 -2 0 
1 500 7 10 0.511340725806452 0.488709677419355 15.7070323438672 2 1 0 
0 500 11.6 9 0.464285714285714 0.344354838709677 30.3510682041769 2 -1 0 
1 510 7 10 0.446129032258065 0.498991935483871 12.6650163940806 2 1 0 
0 510 11.6 9 0.389247311827957 0.421370967741936 21.4149591861084 2 -1 0 
1 520 7 11 0.434475806451613 0.505376344086022 5.05519748452449 2 2 0 
0 520 11.6 9 0.383064516129032 0.473118279569893 14.8982426838655 2 -2 0 
1 530 7 11 0.526344086021505 0.419354838709677 18.4294392521163 2 2 0 
0 530 11.6 9 0.452284946236559 0.404233870967742 31.8591896580959 2 -2 0 
1 540 7 11 0.476640711902113 0.356854838709677 35.6127267377953 2 2 0 
0 540 11.6 9 0.389784946236559 0.452620967741936 43.4252017505994 2 -2 0 
1 550 7 11 0.430740037950664 0.441532258064516 35.7387313103791 2 1 0 
0 550 11.6 10 0.383995037220844 0.368548387096774 37.8751670592445 2 -1 0 
1 560 7 11 0.533357771260997 0.475806451612903 28.5250176856407 2 1 0 
0 560 11.6 10 0.37741935483871 0.409677419354839 34.0533616928371 2 -1 0 
1 570 7 11 0.431663837011885 0.530241935483871 19.6594805052657 2 1 0 
0 570 11.6 10 0.391666666666667 0.416129032258064 31.3635668391123 2 -1 0 
1 580 7 12 0.396774193548387 0.509072580645161 8.80974210847043 2 1 0 
0 580 11.6 11 0.399193548387097 0.429435483870968 29.1507778938332 2 -1 0 
1 590 7 12 0.499423963133641 0.560483870967742 10.645827371725 2 1 0 
0 590 11.6 11 0.458813364055299 0.423387096774194 12.6666666666667 2 -1 0 
1 600 7 12 0.449193548387097 0.494354838709677 48.4420566560494 2 1 0 
0 600 11.6 11 0.405560271646859 0.366935483870968 3.16227766016838 2 -1 0 
1 610 7 12 0.447817836812144 0.539314516129032 40.2067139962188 2 1 0 
0 610 11.6 11 0.369287634408602 0.245967741935484 20.4187429857635 2 -1 0 
1 620 7 12 0.538594470046083 0.592741935483871 30.7114566890012 2 1 0 
0 620 11.6 11 0.498847926267281 0.245161290322581 15.3795131019542 2 -1 0 
1 630 7 13 0.475961538461538 0.561491935483871 36.1196465529119 2 2 0 
0 630 11.6 11 0.361042183622829 0.34375 34.907755048032 2 -2 0 
1 640 7 13 0.475806451612903 0.511088709677419 33.5242642502558 2 2 0 
0 640 11.6 11 0.40610599078341 0.439516129032258 18.1096192054063 2 -2 0 
1 650 7 13 0.553679435483871 0.488911290322581 28.0634556403342 2 2 0 
0 650 11.6 11 0.425219941348974 0.401209677419355 45.7828975945479 2 -2 0 
1 660 7 13 0.447964669738863 0.492943548387097 36.6263715930018 2 2 0 
0 660 11.6 11 0.412186379928315 0.382056451612903 42.4697233388762 2 -2 0 
1 670 7 14 0.383064516129032 0.519153225806452 39.6601244717212 2 3 0 
0 670 11.6 11 0.413754480286738 0.362903225806452 29.6278957684189 2 -3 0 
1 680 7 14 0.560771889400922 0.535282258064516 35.5357332203466 2 2 0 
0 680 11.6 12 0.378584229390681 0.361895161290323 12.1990772852271 2 -2 0 
1 690 7 14 0.487437965260546 0.546370967741936 40.5625077647701 2 2 0 
0 690 11.6 12 0.352667493796526 0.405241935483871 7.36583619131528 2 -2 0 
1 700 7 14 0.383064516129032 0.556451612903226 40.1627420854856 2 2 0 
0 700 11.6 12 0.372759856630824 0.411290322580645 26.9804228284271 2 -2 0 
1 710 7 14 0.557184750733138 0.474798387096774 26.22012994591 2 2 0 
0 710 11.6 12 0.54133064516129 0.544354838709677 9.54612375273801 2 -2 0 
1 720 7 14 0.46505376344086 0.42741935483871 20.8347119379906 2 2 0 
0 720 11.6 12 0.350806451612903 0.553225806451613 8.79616049392829 2 -2 0 
1 730 7 15 0.383064516129032 0.448924731182796 23.7936187279565 2 2 0 
0 730 11.6 13 0.370967741935484 0.533870967741936 16.155490250719 2 -2 0 
1 740 7 15 0.553427419354839 0.383064516129032 32.2756691780736 2 2 0 
0 740 11.6 13 0.463709677419355 0.449193548387097 32.5053663040653 2 -2 0 
1 750 7 15 0.46505376344086 0.323924731182796 20.9786821237353 2 2 0 
0 750 11.6 13 0.407034050179212 0.47741935483871 22.9884891640448 2 -2 0 
1 760 7 15 0.434297912713472 0.442204301075269 17.4699137641939 2 2 0 
0 760 11.6 13 0.440322580645161 0.486290322580645 12.7751840033763 2 -2 0 
1 770 7 15 0.567036290322581 0.453629032258065 11.2805141726785 2 2 0 
0 770 11.6 13 0.536290322580645 0.512096774193548 10.2714498326074 2 -2 0 
1 780 7 15 0.501008064516129 0.421370967741936 2.12132034355964 2 1 0 
0 780 11.6 14 0.424335863377609 0.530241935483871 6.39686297159212 2 -1 0 
1 790 7 15 0.463497453310696 0.354838709677419 21.0324131806562 2 1 0 
0 790 11.6 14 0.462701612903226 0.450268817204301 25.8002335237928 2 -1 0 
1 800 7 15 0.574820788530466 0.344758064516129 27.1707563383871 2 1 0 
0 800 11.6 14 0.557123655913979 0.513440860215054 5.23369844696135 2 -1 0 
1 810 7 15 0.485887096774194 0.338709677419355 40.8847358685944 2 1 0 
0 810 11.6 14 0.439516129032258 0.389112903225806 32.2039325250229 2 -1 0 
1 820 7 15 0.450044802867384 0.34375 37.8429900612541 2 1 0 
0 820 11.6 14 0.417842741935484 0.359879032258065 34.416453511472 2 -1 0 
1 830 7 16 0.569086021505376 0.441532258064516 19.496707408732 2 2 0 
0 830 11.6 14 0.529377880184332 0.356854838709677 24.4636468678395 2 -2 0 
1 840 7 16 0.481854838709677 0.492943548387097 18.5295641465076 2 2 0 
0 840 11.6 14 0.412563667232598 0.421370967741936 20.7615023766726 2 -2 0 
1 850 7 16 0.44758064516129 0.507056451612903 12.6590660023107 2 2 0 
0 850 11.6 14 0.401985111662531 0.415322580645161 17.1317248183527 2 -2 0 
1 860 7 16 0.481304985337243 0.507056451612903 5.5927976125636 2 2 0 
0 860 11.6 14 0.481671554252199 0.431451612903226 16.8242398826143 2 -2 0 
1 870 7 16 0.429329371816638 0.48991935483871 10.4557937951874 2 1 0 
0 870 11.6 15 0.4109396914446 0.390322580645161 26.6348239581067 2 -1 0 
1 880 7 17 0.405834914611006 0.520967741935484 39.5859202985567 2 2 0 
0 880 11.6 15 0.402859237536657 0.3125 31.3937409531608 2 -2 0 
1 890 7 17 0.512333965844402 0.571572580645161 37.919678698241 2 2 0 
0 890 11.6 15 0.465725806451613 0.286290322580645 21.972252508589 2 -2 0 
1 900 7 17 0.528629032258064 0.636088709677419 21.4081854344999 2 2 0 
0 900 11.6 15 0.307891705069124 0.290322580645161 3.48748976295101 2 -2 0 
1 910 7 17 0.497800586510264 0.663306451612903 6.13263196107081 2 2 0 
0 910 11.6 15 0.32258064516129 0.325268817204301 3.65033143107046 2 -2 0 
1 920 7 18 0.646774193548387 0.674395161290323 5.17175464846946 2 3 0 
0 920 11.6 15 0.289650537634409 0.263104838709677 17.8644474757936 2 -3 0 
1 930 7 18 0.508208525345622 0.710685483870968 5.00983940996441 2 3 0 
0 930 11.6 15 0.278958944281525 0.219758064516129 12.6106861960362 2 -3 0 
1 940 7 18 0.512864823348694 0.674395161290323 5.78615340862101 2 3 0 
0 940 11.6 15 NaN 0.23252688172043 12.4759688291803 2 -3 0 
1 950 7 18 0.629788306451613 0.645161290322581 6.01922500150857 2 3 0 
0 950 11.6 15 NaN 0.267137096774194 17.6003528068436 2 -3 0 
1 960 7 18 0.501440092165899 0.623991935483871 33.336258987965 2 2 0 
0 960 11.6 16 0.311923963133641 0.344086021505376 5.92417595996229 2 -2 0 
1 970 7 18 0.478427419354839 0.581989247311828 2.70924309543358 2 2 0 
0 970 11.6 16 0.467165898617512 0.349462365591398 12.6689889446372 2 -2 0 
1 980 7 18 0.601814516129032 0.481854838709677 3.53553390593274 2 2 0 
0 980 11.6 16 0.476958525345622 0.506720430107527 10.8148111947303 2 -2 0 
1 990 7 18 0.469926075268817 0.43010752688172 61.5518084591762 2 2 0 
0 990 11.6 16 0.374731182795699 0.217741935483871 26.8924891604865 2 -2 0 
1 1000 7 19 0.429883512544803 0.494623655913979 54.3934060911367 2 3 0 
0 1000 11.6 16 0.361803519061584 0.255040322580645 26.2798541200547 2 -3 0 
1 1010 7 19 0.571068548387097 0.44758064516129 49.5209684043682 2 2 0 
0 1010 11.6 17 0.423387096774194 0.301411290322581 33.9489326802216 2 -2 0 
1 1020 7 19 0.478046594982079 0.544354838709677 0 2 2 0 
0 1020 11.6 17 0.351702508960573 0.325604838709677 21.6778030184765 2 -2 0 
1 1030 7 19 0.438455008488964 0.448924731182796 62.8717865477642 2 2 0 
0 1030 11.6 17 0.404793906810036 0.279032258064516 15.337714469388 2 -2 0 
1 1040 7 19 0.47363523573201 0.493279569892473 47.770742515715 2 2 0 
0 1040 11.6 17 0.443760611205433 0.369354838709677 30.9814229001954 2 -2 0 
1 1050 7 19 0.450062034739454 0.461021505376344 28.42047462575 2 2 0 
0 1050 11.6 17 0.415747028862479 0.376612903225806 29.3475934613145 2 -2 0 
1 1060 7 19 0.430390492359932 0.483870967741936 22.2568700158676 2 2 0 
0 1060 11.6 17 0.411926994906621 0.446774193548387 23.3753962887668 2 -2 0 
1 1070 7 19 0.541935483870968 0.360483870967742 26.6676046676209 2 2 0 
0 1070 11.6 17 0.464184060721063 0.52741935483871 11.805000925069 2 -2 0 
1 1080 7 19 0.475302419354839 0.391129032258065 6.59088378617913 2 1 0 
0 1080 11.6 18 0.457661290322581 0.566129032258065 9.15009199016019 2 -1 0 
1 1090 7 19 0.469574780058651 0.366935483870968 43.0334852585068 2 1 0 
0 1090 11.6 18 0.38049853372434 0.605645161290323 9.50722750656881 2 -1 0 
1 1100 7 19 0.566820276497696 0.422379032258065 34.2693908577798 2 1 0 
0 1100 11.6 18 0.421875 0.458333333333333 2.29655670578704 2 -1 0 
1 1110 7 20 0.508844953173777 0.323924731182796 3.65625204564209 2 2 0 
0 1110 11.6 18 0.365783410138249 0.439516129032258 3.90512483795333 2 -2 0 
1 1120 7 20 0.519230769230769 0.401881720430108 16.8210429260474 2 2 1 
0 1120 11.6 18 0.370967741935484 0.356854838709677 16.5302752548165 1 -2 -1 
1 1130 7 20 0.605342741935484 0.428763440860215 21.8813795993629 2 2 1 
0 1130 11.6 18 0.495391705069124 0.32258064516129 41.3672575837461 1 -2 -1 
1 1140 7 20 0.492741935483871 0.378024193548387 32.1123201945834 2 2 1 
0 1140 11.6 18 0.320409429280397 0.362903225806452 22.7328467990259 1 -2 -1 
1 1150 7 20 0.498655913978495 0.434475806451613 6.4945624042459 2 2 1 
0 1150 11.6 18 0.352318548387097 0.42741935483871 18.5081047007226 1 -2 -1 
1 1160 7 20 0.621442125237192 0.487096774193548 30.5062450161275 2 2 1 
0 1160 11.6 18 0.473286290322581 0.323387096774194 40.8665869829372 1 -2 -1 
1 1170 7 20 0.471935483870968 0.510483870967742 29.3705446211406 2 1 1 
0 1170 11.6 19 0.338997695852535 0.334677419354839 28.2379358162969 1 -1 -1 
1 1180 7 20 0.493783602150538 0.539516129032258 15.8783484292993 2 1 1 
0 1180 11.6 19 0.367302052785924 0.325 26.143169012614 1 -1 -1 
1 1190 7 20 0.620967741935484 0.561491935483871 20.1902908374294 2 1 1 
0 1190 11.6 19 0.332157258064516 0.316935483870968 24.5423902386757 1 -1 -1 
1 1200 7 21 0.514698231009365 0.654233870967742 4.62972283113137 2 2 1 
0 1200 11.6 19 0.308002481389578 0.301075268817204 19.3489152613653 1 -2 -1 
1 1210 7 21 0.490285923753666 0.712701612903226 2.67820500405244 2 2 1 
0 1210 11.6 19 0.294858870967742 0.284274193548387 27.1154937259125 1 -2 -1 
1 1220 7 21 0.639016897081413 0.747983870967742 3.87317234426563 2 2 2 
0 1220 11.6 19 0.277217741935484 0.284274193548387 29.3470611816584 0 -2 -2 
1 1230 7 21 0.51008064516129 0.769153225806452 3.06471824388063 2 2 2 
0 1230 11.6 19 0.295506912442396 0.223790322580645 11.0113577727726 0 -2 -2 
1 1240 7 21 0.52296633941094 0.790322580645161 3.06253357595455 2 2 2 
0 1240 11.6 19 NaN 0.1875 5.31507290636733 0 -2 -2 
1 1250 7 21 0.665322580645161 0.762096774193548 2.5 2 1 2 
0 1250 11.6 20 NaN 0.213709677419355 0 0 -1 -2 
1 1260 7 21 0.515322580645161 0.423387096774194 74.3790965258385 2 1 2 
0 1260 11.6 20 0.241487455197133 0.186827956989247 14.6481527861786 0 -1 -2 
1 1270 7 21 0.529737903225806 0.366935483870968 57.2712842531054 2 1 2 
0 1270 11.6 20 0.286290322580645 0.198588709677419 10.1057806815901 0 -1 -2 
1 1280 7 21 0.642921146953405 0.42741935483871 12.5299640861417 2 1 2 
0 1280 11.6 20 0.286290322580645 0.251008064516129 13.9157229293579 0 -1 -2 
1 1290 7 21 0.514934289127838 0.391129032258065 0.5 2 1 2 
0 1290 11.6 20 0.297811059907834 0.326612903225806 21.6555395984353 0 -1 -2 
1 1300 7 21 0.539874551971326 0.375 5.59016994374947 2 1 2 
0 1300 11.6 20 NaN 0.356854838709677 12.8754149881334 0 -1 -2 
1 1310 7 21 0.698118279569892 0.269153225806452 34.1590941909034 2 1 2 
0 1310 11.6 20 NaN 0.482862903225806 5.51251170757007 0 -1 -2 
1 1320 7 22 0.521745391705069 0.244354838709677 23.3738107766632 2 2 2 
0 1320 11.6 20 0.251792114695341 0.498387096774194 35.2225596412387 0 -2 -2 
1 1330 7 22 0.510806451612903 0.42258064516129 14.24564635791 2 2 2 
0 1330 11.6 20 NaN 0.399193548387097 35.1745646739231 0 -2 -2 
1 1340 7 22 0.61491935483871 0.486290322580645 3.32526848891632 2 2 2 
0 1340 11.6 20 0.241935483870968 0.270161290322581 0 0 -2 -2 
1 1350 7 22 0.488779803646564 0.569556451612903 8.05168031943838 2 2 2 
0 1350 11.6 20 0.259615384615385 0.262096774193548 0 0 -2 -2 
1 1360 7 22 0.514016897081413 0.599798387096774 19.9517135248142 2 2 2 
0 1360 11.6 20 0.227822580645161 0.205645161290323 0 0 -2 -2 
1 1370 7 22 0.702476958525346 0.582661290322581 24.2461506371264 2 2 2 
0 1370 11.6 20 0.233870967741935 0.225806451612903 0 0 -2 -2 
1 1380 7 22 0.516654978962132 0.570564516129032 27.3542368957315 2 2 2 
0 1380 11.6 20 0.266935483870968 NaN NaN 0 -2 -2 
1 1390 7 22 0.478189149560117 0.611290322580645 29.7193997331482 2 1 2 
0 1390 11.6 21 0.356854838709677 0.165322580645161 0 0 -1 -2 
1 1400 7 22 0.610887096774194 0.704838709677419 14.3885614419863 2 1 2 
0 1400 11.6 21 0.337096774193548 0.145161290322581 0 0 -1 -2 
1 1410 7 23 0.625 0.720766129032258 13.2624299145145 2 2 2 
0 1410 11.6 21 0.295454545454545 NaN NaN 0 -2 -2 
1 1420 7 23 0.654286926994907 0.786290322580645 3.16227766016838 2 2 2 
0 1420 11.6 21 NaN NaN NaN 0 -2 -2 
