1 30 8.4 1 NaN 0.266129032258065 9.98747687217518 3 0 0 
0 30 8.4 1 NaN 0.311290322580645 22.3959651707774 3 0 0 
1 40 8.4 1 NaN 0.295161290322581 18.3058059253504 3 0 0 
0 40 8.4 1 NaN 0.313709677419355 22.3777908249999 3 0 0 
1 50 8.4 1 0.382258064516129 0.385483870967742 26.4796129533901 3 0 0 
0 50 8.4 1 0.381048387096774 0.370161290322581 23.1838049968897 3 0 0 
1 60 8.4 1 0.383064516129032 0.47741935483871 26.8064315021908 3 0 0 
0 60 8.4 1 0.383064516129032 0.470161290322581 21.3234358484297 3 0 0 
1 70 8.4 1 0.406621392190153 0.463709677419355 24.4541145815686 3 0 0 
0 70 8.4 1 0.390232974910394 0.495161290322581 19.171082589694 3 0 0 
1 80 8.4 1 0.456989247311828 0.486290322580645 22.8527173269171 3 0 0 
0 80 8.4 1 0.471966205837174 0.471774193548387 25.4275277319028 3 0 0 
1 90 8.4 1 0.420967741935484 0.494354838709677 24.5415141585199 3 0 0 
0 90 8.4 1 0.410244922341697 0.454838709677419 25.332595273604 3 0 0 
1 100 8.4 1 0.435850439882698 0.487903225806452 18.2447711306601 3 0 0 
0 100 8.4 1 0.421633941093969 0.448387096774194 21.9882394848688 3 0 0 
1 110 8.4 2 0.484237536656892 0.503225806451613 23.8488976471701 3 0 0 
0 110 8.4 2 0.472248576850095 0.479032258064516 25.3607883294412 3 0 0 
1 120 8.4 2 0.417626728110599 0.503225806451613 20.5048691027654 3 0 0 
0 120 8.4 2 0.40758064516129 0.44758064516129 27.2556414380128 3 0 0 
1 130 8.4 2 0.396859083191851 0.507258064516129 19.0030223171125 3 0 0 
0 130 8.4 2 0.389560931899642 0.44758064516129 23.0376308010549 3 0 0 
1 140 8.4 2 0.488709677419355 0.512096774193548 22.0545418006061 3 0 0 
0 140 8.4 2 0.464346349745331 0.432258064516129 25.9228502835047 3 0 0 
1 150 8.4 3 0.420218894009217 0.504032258064516 24.564242047416 3 0 0 
0 150 8.4 3 0.396841397849462 0.417338709677419 29.473385985066 3 0 0 
1 160 8.4 3 0.388440860215054 0.491935483870968 23.8727540601719 3 0 0 
0 160 8.4 3 0.409498207885305 0.446572580645161 25.1022821299478 3 0 0 
1 170 8.4 3 0.459965437788018 0.500806451612903 15.3936223412411 3 0 0 
0 170 8.4 3 0.491129032258064 0.416129032258065 26.4647484661659 3 0 0 
1 180 8.4 4 0.437227550130776 0.507056451612903 16.1252513658728 3 1 0 
0 180 8.4 3 0.403380893300248 0.412903225806452 12.7447855816783 3 -1 0 
1 190 8.4 4 0.451129032258065 0.513104838709677 17.8744633386961 3 0 0 
0 190 8.4 4 0.383276740237691 0.435483870967742 16.0983542679115 3 0 0 
1 200 8.4 4 0.51018675721562 0.474193548387097 25.0869194336467 3 0 0 
0 200 8.4 4 0.456928152492669 0.433064516129032 22.8234581896733 3 0 0 
1 210 8.4 4 0.41719470046083 0.474798387096774 27.7569004039685 3 0 0 
0 210 8.4 4 0.411160249739854 0.456451612903226 25.2911841177307 3 0 0 
1 220 8.4 4 0.424395161290323 0.516129032258065 25.0037485567985 3 -1 0 
0 220 8.4 5 0.400679117147708 0.466935483870968 22.2534219432766 3 1 0 
1 230 8.4 5 0.472614247311828 0.419354838709677 38.140545838413 3 0 0 
0 230 8.4 5 0.464669738863287 0.464516129032258 19.5697266942596 3 0 0 
1 240 8.4 5 0.422043010752688 0.485483870967742 22.4435214302791 3 0 0 
0 240 8.4 5 0.400161290322581 0.479838709677419 18.5022411561413 3 0 0 
1 250 8.4 5 0.41164095371669 0.454838709677419 23.887672532843 3 0 0 
0 250 8.4 5 0.409168081494058 0.47258064516129 23.3752229630364 3 0 0 
1 260 8.4 5 0.465359237536657 0.49758064516129 19.711989067468 3 -1 0 
0 260 8.4 6 0.484447004608295 0.480645161290323 20.7912326778556 3 1 0 
1 270 8.4 6 0.415461624026696 0.459677419354839 28.6751504683287 3 0 0 
0 270 8.4 6 0.416042626728111 0.461290322580645 23.3694368413569 3 0 0 
1 280 8.4 6 0.406341642228739 0.485483870967742 20.8633129262133 3 0 0 
0 280 8.4 6 0.402329749103943 0.449193548387097 21.5155597637515 3 0 0 
1 290 8.4 6 0.488429172510519 0.494354838709677 24.9014086617421 3 0 0 
0 290 8.4 6 0.478942652329749 0.450806451612903 28.1231125101864 3 0 0 
1 300 8.4 6 0.425655241935484 0.450806451612903 26.8430192384983 3 0 0 
0 300 8.4 6 0.422311827956989 0.468548387096774 26.3628482175374 3 0 0 
1 310 8.4 6 0.401305683563748 0.492741935483871 14.1992770022748 3 0 0 
0 310 8.4 6 0.403592375366569 0.498387096774194 22.3461067397746 3 0 0 
1 320 8.4 7 0.48125 0.499193548387097 11.0199020861496 3 0 0 
0 320 8.4 7 0.467144563918757 0.475806451612903 23.2663890887066 3 0 0 
1 330 8.4 7 0.421639784946237 0.512096774193548 3.6185268113422 3 0 0 
0 330 8.4 7 0.431191467221644 0.470766129032258 29.9509578262772 3 0 0 
1 340 8.4 7 0.40440188172043 0.501612903225806 11.1470676821755 3 0 0 
0 340 8.4 7 0.439940577249576 0.411290322580645 33.8859327171174 3 0 0 
1 350 8.4 7 0.44022770398482 0.50241935483871 17.7298636730379 3 0 0 
0 350 8.4 7 0.457661290322581 0.394153225806452 24.6927369376752 3 0 0 
1 360 8.4 8 0.430555555555556 0.515322580645161 32.7755401584222 3 1 0 
0 360 8.4 7 0.394978005865103 0.431451612903226 12.2048008148011 3 -1 0 
1 370 8.4 8 0.497800586510264 0.533064516129032 34.5289537008801 3 1 0 
0 370 8.4 7 0.390395894428152 0.385483870967742 31.4091518911679 3 -1 0 
1 380 8.4 8 0.512768817204301 0.562903225806452 35.7241845545996 3 0 0 
0 380 8.4 8 0.414314516129032 0.385483870967742 27.7814832834565 3 0 0 
1 390 8.4 8 0.417952314165498 0.568548387096774 26.7925076102673 3 0 0 
0 390 8.4 8 0.383064516129032 0.398387096774194 28.6015071627083 3 0 0 
1 400 8.4 8 0.452840112201964 0.532258064516129 29.2702513448351 3 0 0 
0 400 8.4 8 0.383776091081594 0.416935483870968 30.1452993257847 3 0 0 
1 410 8.4 9 0.458709677419355 0.449193548387097 36.4367686612523 3 1 0 
0 410 8.4 8 0.43494623655914 0.453225806451613 35.1884901229603 3 -1 0 
1 420 8.4 9 0.42964404894327 0.488709677419355 17.2338853491155 3 1 0 
0 420 8.4 8 0.420848267622461 0.479838709677419 28.8896239408042 3 -1 0 
1 430 8.4 9 0.47703366058906 0.490322580645161 20.8818140183324 3 1 0 
0 430 8.4 8 0.426488833746898 0.483064516129032 23.2507058247718 3 -1 0 
1 440 8.4 9 0.497263824884793 0.513709677419355 21.9716498436693 3 0 0 
0 440 8.4 9 0.448529411764706 0.448387096774194 25.651598038634 3 0 0 
1 450 8.4 9 0.426028921023359 0.483064516129032 20.6558091766025 3 0 0 
0 450 8.4 9 0.406158357771261 0.454032258064516 27.5287363887944 3 0 0 
1 460 8.4 10 0.417338709677419 0.479838709677419 27.3785736061616 3 1 0 
0 460 8.4 9 0.410138248847926 0.451612903225806 23.8428748410543 3 -1 0 
1 470 8.4 10 0.465524193548387 0.501612903225806 17.6044430036417 3 1 0 
0 470 8.4 9 0.469292803970223 0.471774193548387 29.2148138186875 3 -1 0 
1 480 8.4 10 0.432678821879383 0.482258064516129 23.8047380040942 3 0 0 
0 480 8.4 10 0.398141654978962 0.504838709677419 37.3711658493024 3 0 0 
1 490 8.4 10 0.435291858678955 0.446774193548387 27.5857652095686 3 0 0 
0 490 8.4 10 0.409011220196353 0.511290322580645 35.6320340086174 3 0 0 
1 500 8.4 10 0.454889112903226 0.437903225806452 32.293502927787 3 0 0 
0 500 8.4 10 0.480594758064516 0.495161290322581 27.5370645227795 3 0 0 
1 510 8.4 11 0.414026497695852 0.467741935483871 30.8682829634749 3 1 0 
0 510 8.4 10 0.426523297491039 0.487903225806452 24.730825371992 3 -1 0 
1 520 8.4 11 0.414986559139785 0.441129032258065 30.6775837592142 3 1 0 
0 520 8.4 10 0.408602150537634 0.5 24.8083425680302 3 -1 0 
1 530 8.4 11 0.461848635235732 0.469354838709677 21.8676393463737 3 0 0 
0 530 8.4 11 0.456941244239631 0.485887096774194 25.2083434166155 3 0 0 
1 540 8.4 11 0.412130376344086 0.500806451612903 9.24869951889515 3 0 0 
0 540 8.4 11 0.433548387096774 0.442204301075269 18.5410157642515 3 0 0 
1 550 8.4 11 0.445967741935484 0.567741935483871 4.55346990534869 3 0 0 
0 550 8.4 11 0.465725806451613 0.418010752688172 22.9066479283679 3 0 0 
1 560 8.4 12 0.467405913978495 0.604032258064516 5.12793161276221 3 1 0 
0 560 8.4 11 0.475631136044881 0.330645161290323 17.5047247975848 3 -1 0 
1 570 8.4 12 0.393695014662757 0.579838709677419 7.71440822071354 3 1 0 
0 570 8.4 11 0.456779233870968 0.295967741935484 19.1254654428204 3 -1 0 
1 580 8.4 12 0.421370967741936 0.466935483870968 13.2952405328143 3 1 0 
0 580 8.4 11 0.418478260869565 0.366129032258064 19.2232243432892 3 -1 0 
1 590 8.4 12 0.466733870967742 0.469354838709677 13.849803658535 3 1 0 
0 590 8.4 11 0.469153225806452 0.469354838709677 9.68670581164425 3 -1 0 
1 600 8.4 12 0.394657258064516 0.471774193548387 7.40696001203827 3 1 0 
0 600 8.4 11 0.425161290322581 0.47741935483871 6.63637565426406 3 -1 0 
1 610 8.4 12 0.415322580645161 0.457258064516129 6.43369152879787 3 1 0 
0 610 8.4 11 0.429062126642772 0.494354838709677 17.329962830738 3 -1 0 
1 620 8.4 13 0.45497311827957 0.488911290322581 11.7452724582298 3 1 0 
0 620 8.4 12 0.467741935483871 0.461693548387097 4.30116263352131 3 -1 0 
1 630 8.4 13 0.399032258064516 0.524193548387097 8.44218979142306 3 1 0 
0 630 8.4 12 0.433971774193548 0.44758064516129 0 3 -1 0 
1 640 8.4 13 0.466589861751152 0.533266129032258 15.6218185439126 3 1 0 
0 640 8.4 12 0.450513196480938 0.379032258064516 0 3 -1 0 
1 650 8.4 13 0.499059139784946 0.461290322580645 42.3389675483312 3 1 0 
0 650 8.4 12 0.478415559772296 0.220766129032258 25.2156961982999 3 -1 0 
1 660 8.4 13 0.505241935483871 0.429838709677419 36.3915909124226 3 1 0 
0 660 8.4 12 0.436360448807854 0.238709677419355 23.6815302275209 3 -1 0 
1 670 8.4 13 0.473416965352449 0.455645161290323 24.949917794967 3 1 0 
0 670 8.4 12 0.443548387096774 0.333870967741935 18.3522853193925 3 -1 0 
1 680 8.4 14 0.460349462365591 0.487903225806452 13.3761043128286 3 2 0 
0 680 8.4 12 0.434847198641766 0.437096774193548 19.0195627254673 3 -2 0 
1 690 8.4 14 0.438403781979978 0.55 6.20348274391733 3 1 0 
0 690 8.4 13 0.403897849462366 0.412096774193548 14.1031657889489 3 -1 0 
1 700 8.4 14 0.453125 0.557258064516129 12.2483671654305 3 1 0 
0 700 8.4 13 0.388508064516129 0.408870967741935 19.5365864122236 3 -1 0 
1 710 8.4 14 0.543804985337243 0.608870967741936 2.81564688123384 3 1 0 
0 710 8.4 13 0.421947004608295 0.374193548387097 12.8598224217334 3 -1 0 
1 720 8.4 15 0.494933829611249 0.586290322580645 5.67794553046993 3 2 0 
0 720 8.4 13 0.341129032258065 0.362903225806452 20.9972396004851 3 -2 0 
1 730 8.4 15 0.512816820276498 0.656451612903226 8.92816589215959 3 2 0 
0 730 8.4 13 0.373207885304659 0.30510752688172 29.2087589783858 3 -2 0 
1 740 8.4 15 0.618106139438085 0.666935483870968 3.47412156744866 3 2 0 
0 740 8.4 13 0.444052419354839 0.262096774193548 28.5697178521511 3 -2 0 
1 750 8.4 15 0.48195564516129 0.638709677419355 14.2165037063097 3 2 0 
0 750 8.4 13 0.337701612903226 0.25 21.364218736002 3 -2 0 
1 760 8.4 15 0.511648745519713 0.656451612903226 14.1251615303294 3 2 0 
0 760 8.4 13 0.343077956989247 0.243548387096774 31.4741501843347 3 -2 0 
1 770 8.4 15 0.567338709677419 0.575 15.7850295809604 3 2 0 
0 770 8.4 13 0.39247311827957 0.266129032258065 21.4328461594069 3 -2 0 
1 780 8.4 16 0.482258064516129 0.528225806451613 13.3218234315617 3 3 0 
0 780 8.4 13 0.345825426944972 0.301612903225806 19.7555060701394 3 -3 0 
1 790 8.4 16 0.418505942275042 0.516935483870968 8.17001659636501 3 2 0 
0 790 8.4 14 0.364471326164875 0.432258064516129 8.13145443139293 3 -2 0 
1 800 8.4 16 0.533218125960061 0.500806451612903 4.69336211688081 3 2 0 
0 800 8.4 14 0.388888888888889 0.454838709677419 8.95443963093905 3 -2 0 
1 810 8.4 16 0.509652981427175 0.563709677419355 5.31297868827063 3 2 0 
0 810 8.4 14 0.363191244239631 0.325806451612903 11.0688094007878 3 -2 0 
1 820 8.4 16 0.495127688172043 0.630645161290323 7.57496549288386 3 2 0 
0 820 8.4 14 0.400345622119816 0.261290322580645 17.7046951533787 3 -2 0 
1 830 8.4 16 0.521273637374861 0.640322580645161 10.9935748670207 3 2 0 
0 830 8.4 14 0.405241935483871 0.280645161290323 15.8836955000263 3 -2 0 
1 840 8.4 16 0.477696572580645 0.57741935483871 8.4382683820742 3 2 0 
0 840 8.4 14 0.342165898617512 0.338709677419355 8.81319496231014 3 -2 0 
1 850 8.4 16 0.494740532959327 0.564516129032258 5.22139809430703 3 2 0 
0 850 8.4 14 0.439516129032258 0.371774193548387 7.01880324446485 3 -2 0 
1 860 8.4 16 0.585322580645161 0.573387096774194 10.3294098161853 3 2 0 
0 860 8.4 14 0.44668458781362 0.353225806451613 9.09937298386357 3 -2 0 
1 870 8.4 16 0.45994623655914 0.558064516129032 7.64746616295818 3 2 0 
0 870 8.4 14 0.371669004207574 0.384677419354839 12.4951319480475 3 -2 0 
1 880 8.4 16 0.40305049088359 0.57258064516129 9.82171398141555 3 1 0 
0 880 8.4 15 0.376764112903226 0.366129032258064 8.14805771535433 3 -1 0 
1 890 8.4 16 0.528225806451613 0.609879032258065 5.77644664393653 3 1 0 
0 890 8.4 15 0.438330170777989 0.354838709677419 5.64085276582418 3 -1 0 
1 900 8.4 17 0.453683522231909 0.523185483870968 3.90175867663978 3 2 0 
0 900 8.4 15 0.373759305210918 0.454032258064516 4.22372548577131 3 -2 0 
1 910 8.4 17 0.407608695652174 0.408266129032258 7.12787681323986 3 2 0 
0 910 8.4 15 0.396370967741935 0.5 5.92885770965066 3 -2 0 
1 920 8.4 17 0.530913978494624 0.412298387096774 14.0360522491983 3 2 0 
0 920 8.4 15 0.446297653958944 0.504032258064516 10.0453978775785 3 -2 0 
1 930 8.4 17 0.464354838709677 0.383064516129032 31.4270876792202 3 2 0 
0 930 8.4 15 0.39238042269188 0.487096774193548 13.3159915061629 3 -2 0 
1 940 8.4 17 0.423076923076923 0.434677419354839 14.7385503162317 3 2 0 
0 940 8.4 15 0.393709677419355 0.42258064516129 27.0562004541038 3 -2 0 
1 950 8.4 17 0.450736325385694 0.47258064516129 14.0142617361971 3 2 0 
0 950 8.4 15 0.423174872665535 0.338709677419355 22.8693641241253 3 -2 0 
1 960 8.4 17 0.444198751300728 0.52741935483871 10.9862224828257 3 1 0 
0 960 8.4 16 0.410282258064516 0.413709677419355 6.37835646892896 3 -1 0 
1 970 8.4 17 0.451290322580645 0.563709677419355 8.36861741239761 3 1 0 
0 970 8.4 16 0.382056451612903 0.363709677419355 13.3995492414613 3 -1 0 
1 980 8.4 17 0.553997194950912 0.637903225806452 10.4208514155354 3 1 0 
0 980 8.4 16 0.414112903225806 0.324193548387097 14.0328382480769 3 -1 0 
1 990 8.4 17 0.482789142407553 0.675 5.70337918847325 3 1 0 
0 990 8.4 16 0.34331797235023 0.292741935483871 15.0128743858436 3 -1 0 
1 1000 8.4 18 0.52663734115347 0.628225806451613 12.5395199630406 3 2 0 
0 1000 8.4 16 0.379032258064516 0.354032258064516 6.87482996416469 3 -2 0 
1 1010 8.4 18 0.611436950146628 0.633064516129032 8.46989580393171 3 2 0 
0 1010 8.4 16 0.346774193548387 0.330645161290323 10.5677716253865 3 -2 0 
1 1020 8.4 18 0.556545386346587 0.604838709677419 3.88857192521312 3 2 0 
0 1020 8.4 16 0.2962158808933 0.339717741935484 12.9440013935545 3 -2 0 
1 1030 8.4 18 0.568170362903226 0.660282258064516 6.69875391458977 3 2 0 
0 1030 8.4 16 0.324596774193548 0.272177419354839 12.8440627285853 3 -2 0 
1 1040 8.4 19 0.60228166797797 0.642137096774194 7.27850095303607 3 3 1 
0 1040 8.4 16 NaN 0.287298387096774 19.64920100723 2 -3 -1 
1 1050 8.4 19 0.527126099706745 0.605846774193548 26.6386173623968 3 2 1 
0 1050 8.4 17 0.292741935483871 0.224798387096774 18.7267551599811 2 -2 -1 
1 1060 8.4 19 0.528225806451613 0.628024193548387 15.2858403503749 3 2 1 
0 1060 8.4 17 0.336143695014663 0.237096774193548 23.1303143677893 2 -2 -1 
1 1070 8.4 19 0.589019851116625 0.578225806451613 45.1097586360841 3 2 1 
0 1070 8.4 17 0.336917562724014 0.265322580645161 18.0103492812805 2 -2 -1 
1 1080 8.4 19 0.516010436432638 0.501612903225806 30.4938097881506 3 2 1 
0 1080 8.4 17 0.32937181663837 0.329838709677419 10.9561761875734 2 -2 -1 
1 1090 8.4 19 0.490890083632019 0.488709677419355 13.6966274149981 3 2 1 
0 1090 8.4 17 0.385645161290323 0.362096774193548 15.7690948317535 2 -2 -1 
1 1100 8.4 19 0.497983870967742 0.495161290322581 17.1625889698576 3 2 1 
0 1100 8.4 17 0.391612903225807 0.430645161290323 17.6411312084695 2 -2 -1 
1 1110 8.4 19 0.469396195202647 0.506451612903226 19.6962318227804 3 2 1 
0 1110 8.4 17 0.403057795698925 0.45 7.02649962278503 2 -2 -1 
1 1120 8.4 19 0.447412634408602 0.541129032258065 26.3529516650305 3 2 1 
0 1120 8.4 17 0.420967741935484 0.454838709677419 16.5523045472256 2 -2 -1 
1 1130 8.4 19 0.56633064516129 0.52258064516129 21.6284941618039 3 1 1 
0 1130 8.4 18 0.468803056027165 0.462701612903226 27.1367171990748 2 -1 -1 
1 1140 8.4 20 0.442828341013825 0.498387096774194 13.7311521180683 3 2 1 
0 1140 8.4 18 0.407482078853047 0.481182795698925 19.2172861866518 2 -2 -1 
1 1150 8.4 20 0.384897360703812 0.47258064516129 11.0847185993102 3 2 1 
0 1150 8.4 18 0.400201612903226 0.408602150537634 13.8712589729358 2 -2 -1 
1 1160 8.4 20 0.476411290322581 0.49758064516129 23.6476608569426 3 2 1 
0 1160 8.4 18 0.4526740237691 0.383064516129032 9.62747838544105 2 -2 -1 
1 1170 8.4 20 0.474137931034483 0.519153225806452 7.72229558321129 3 2 1 
0 1170 8.4 18 0.382215619694397 0.436827956989247 7.02696368454896 2 -2 -1 
1 1180 8.4 20 0.492630700778643 0.507056451612903 7.2064279957507 3 2 1 
0 1180 8.4 18 0.370601173020528 0.426075268817204 7.76424883812458 2 -2 -1 
1 1190 8.4 20 0.551243279569892 0.530241935483871 16.5060280169206 3 2 1 
0 1190 8.4 18 0.352822580645161 0.264516129032258 33.8908649376226 2 -2 -1 
1 1200 8.4 20 0.520817704426107 0.582661290322581 8.30099561077222 3 2 1 
0 1200 8.4 18 0.326302729528536 0.237903225806452 25.4463549189206 2 -2 -1 
1 1210 8.4 20 0.541397849462366 0.654233870967742 4.2347267025059 3 2 1 
0 1210 8.4 18 0.348387096774194 0.289314516129032 6.84590610180829 2 -2 -1 
1 1220 8.4 20 0.606904012588513 0.661290322580645 2.7452289707082 3 1 1 
0 1220 8.4 19 0.341013824884793 0.282258064516129 8.13176464944613 2 -1 -1 
1 1230 8.4 20 0.533854166666667 0.657258064516129 5.37276999426613 3 1 1 
0 1230 8.4 19 0.297235023041475 0.298387096774194 4.05672508409443 2 -1 -1 
1 1240 8.4 20 0.620478983382209 0.559677419354839 40.6831927305373 3 1 1 
0 1240 8.4 19 NaN 0.280241935483871 4.28178980424693 2 -1 -1 
1 1250 8.4 20 0.663060582218725 0.638709677419355 28.0497241443826 3 1 1 
0 1250 8.4 19 NaN 0.235887096774194 7.85634364567885 2 -1 -1 
1 1260 8.4 21 0.632280465949821 0.699193548387097 15.7230847553159 3 2 2 
0 1260 8.4 19 0.225 0.209677419354839 15.3740262766031 1 -2 -2 
1 1270 8.4 21 0.71889400921659 0.744354838709677 9.20856018080227 3 2 2 
0 1270 8.4 19 NaN 0.226814516129032 7.06845629359556 1 -2 -2 
1 1280 8.4 21 0.731591865357644 0.787096774193548 5.5140635078886 3 2 3 
0 1280 8.4 19 0.225806451612903 0.154569892473118 6.26907910460576 0 -2 -3 
1 1290 8.4 21 0.71465844402277 0.792741935483871 7.86831120038816 3 2 3 
0 1290 8.4 19 0.242338709677419 0.185483870967742 0.5 0 -2 -3 
1 1300 8.4 21 0.78405017921147 0.813172043010753 3.55555555555555 3 2 3 
0 1300 8.4 19 NaN 0.169354838709677 0 0 -2 -3 
