1 30 7.4 1 NaN 0.265625 20.2062580208977 3 0 0 
0 30 5.8 1 NaN 0.2375 19.2429612547208 3 0 0 
1 40 7.4 1 NaN 0.3203125 27.5860035251198 3 0 0 
0 40 5.8 1 NaN 0.290625 23.4331415179945 3 0 0 
1 50 7.4 1 NaN 0.3779296875 31.1925695957134 3 0 0 
0 50 5.8 1 NaN 0.31328125 23.9991407891008 3 0 0 
1 60 7.4 1 0.36640625 0.3984375 40.40088637959 3 0 0 
0 60 5.8 1 0.375 0.45234375 30.7750655383773 3 0 0 
1 70 7.4 1 0.36328125 0.450520833333333 35.5469520422779 3 0 0 
0 70 5.8 1 0.37109375 0.50859375 30.2549474338326 3 0 0 
1 80 7.4 1 0.455512152777778 0.3578125 43.0013168246861 3 0 0 
0 80 5.8 1 0.451069078947368 0.51015625 27.3042400752262 3 0 0 
1 90 7.4 1 0.42171875 0.359375 42.4147021014839 3 0 0 
0 90 5.8 1 0.422230113636364 0.4890625 31.9661577427578 3 0 0 
1 100 7.4 1 0.38232421875 0.43359375 27.798141062159 3 -1 0 
0 100 5.8 2 0.380326704545455 0.48984375 34.610501699693 3 1 0 
1 110 7.4 2 0.44438244047619 0.49296875 21.5704090233018 3 0 0 
0 110 5.8 2 0.4494140625 0.48359375 25.8269647793765 3 0 0 
1 120 7.4 2 0.415 0.478515625 5.23298908663524 3 0 0 
0 120 5.8 2 0.41078125 0.50390625 26.8404168694065 3 0 0 
1 130 7.4 2 0.401804956896552 0.43671875 30.4827032506384 3 0 0 
0 130 5.8 2 0.3857421875 0.4814453125 33.551649537734 3 0 0 
1 140 7.4 2 0.466195913461538 0.459375 28.0266978815607 3 0 0 
0 140 5.8 2 0.4630859375 0.42109375 34.9928664085681 3 0 0 
1 150 7.4 3 0.425030048076923 0.46015625 31.5753033467545 3 1 0 
0 150 5.8 2 0.38765625 0.459375 25.1907745258641 3 -1 0 
1 160 7.4 3 0.394981971153846 0.49375 26.4752823611866 3 0 0 
0 160 5.8 3 0.385904947916667 0.46484375 17.3990043276466 3 0 0 
1 170 7.4 3 0.4565625 0.54765625 21.814958749825 3 0 0 
0 170 5.8 3 0.476392663043478 0.479166666666667 11.332357610552 3 0 0 
1 180 7.4 3 0.423227163461538 0.5328125 23.9619053722484 3 0 0 
0 180 5.8 3 0.428776041666667 0.353125 48.5033749909198 3 0 0 
1 190 7.4 4 0.404375 0.4921875 27.4786054131423 3 1 0 
0 190 5.8 3 0.410021551724138 0.371875 35.2187638282463 3 -1 0 
1 200 7.4 4 0.4642578125 0.3859375 40.4271518037295 3 0 0 
0 200 5.8 4 0.45296875 0.459375 28.0947945346959 3 0 0 
1 210 7.4 4 0.412710336538462 0.4109375 46.1400529145566 3 0 0 
0 210 5.8 4 0.448410560344828 0.4671875 25.2325220294839 3 0 0 
1 220 7.4 5 0.372792119565217 0.41640625 29.1504222603267 3 1 0 
0 220 5.8 4 0.378018465909091 0.4859375 29.8448919829015 3 -1 0 
1 230 7.4 5 0.449041193181818 0.39765625 28.6382914655774 3 1 0 
0 230 5.8 4 0.465959821428571 0.5265625 34.7109155117367 3 -1 0 
1 240 7.4 5 0.405441810344828 0.3984375 33.6861988052285 3 0 0 
0 240 5.8 5 0.43390625 0.52109375 30.007571081664 3 0 0 
1 250 7.4 5 0.384114583333333 0.42265625 39.9384183483381 3 0 0 
0 250 5.8 5 0.410590277777778 0.51328125 32.5791559887206 3 0 0 
1 260 7.4 5 0.455543154761905 0.4265625 36.3137289454369 3 -1 0 
0 260 5.8 6 0.487092391304348 0.546875 29.3254108129077 3 1 0 
1 270 7.4 6 0.391376201923077 0.440625 33.3899045001876 3 0 0 
0 270 5.8 6 0.443926411290323 0.51015625 30.3430967251935 3 0 0 
1 280 7.4 6 0.394381009615385 0.459375 30.66669473828 3 0 0 
0 280 5.8 6 0.408854166666667 0.48671875 32.1492327098483 3 0 0 
1 290 7.4 6 0.460759943181818 0.47109375 33.2071354119129 3 0 0 
0 290 5.8 6 0.4740625 0.48046875 36.5688594028494 3 0 0 
1 300 7.4 7 0.420673076923077 0.4921875 29.1466643333338 3 1 0 
0 300 5.8 6 0.43359375 0.48359375 40.1370906653715 3 -1 0 
1 310 7.4 7 0.416434151785714 0.4828125 32.4853014205763 3 1 0 
0 310 5.8 6 0.4052734375 0.403125 36.9641926508159 3 -1 0 
1 320 7.4 7 0.45125 0.4796875 32.3254938552713 3 1 0 
0 320 5.8 6 0.460205078125 0.3466796875 26.2179582537298 3 -1 0 
1 330 7.4 8 0.463154560810811 0.4953125 31.5646378989952 3 1 0 
0 330 5.8 7 0.401692708333333 0.37890625 25.8761391172888 3 -1 0 
1 340 7.4 8 0.379794034090909 0.46796875 20.0421742844784 3 1 0 
0 340 5.8 7 0.3703125 0.384375 33.8137396115816 3 -1 0 
1 350 7.4 8 0.452059659090909 0.5296875 21.4470869634158 3 1 0 
0 350 5.8 7 0.4318359375 0.4248046875 23.7031859089439 3 -1 0 
1 360 7.4 8 0.466103830645161 0.52578125 22.3297428948966 3 1 0 
0 360 5.8 7 0.40390625 0.4111328125 15.2071960101045 3 -1 0 
1 370 7.4 8 0.397085336538462 0.48359375 26.2993887528661 3 1 0 
0 370 5.8 7 0.37109375 0.37890625 23.236552455266 3 -1 0 
1 380 7.4 9 0.465013586956522 0.5078125 12.5672376973063 3 2 0 
0 380 5.8 7 0.43656994047619 0.3828125 18.3302305956572 3 -2 0 
1 390 7.4 9 0.429236778846154 0.471875 14.0573295968249 3 2 0 
0 390 5.8 7 0.412464488636364 0.494140625 6.51920240520265 3 -2 0 
1 400 7.4 9 0.3846875 0.496875 14.8536715582606 3 2 0 
0 400 5.8 7 0.409244791666667 0.21875 0 3 -2 0 
1 410 7.4 9 0.469282670454545 0.5109375 12.2025816300339 3 2 0 
0 410 5.8 7 0.450954861111111 0.185546875 8.55862138431185 3 -2 0 
1 420 7.4 10 0.451612903225806 0.4890625 24.880720324621 3 3 0 
0 420 5.8 7 0.4375 0.2046875 15.6636396807631 3 -3 0 
1 430 7.4 10 0.38671875 0.43828125 37.695578592885 3 2 0 
0 430 5.8 8 0.416487068965517 0.3546875 23.4799198107468 3 -2 0 
1 440 7.4 10 0.4763671875 0.471875 31.9747178778319 3 2 0 
0 440 5.8 8 0.453264508928571 0.39609375 17.2845889510207 3 -2 0 
1 450 7.4 10 0.416917067307692 0.376302083333333 25.3897934125912 3 2 0 
0 450 5.8 8 0.439520474137931 0.440625 16.6158265780555 3 -2 0 
1 460 7.4 11 0.39111328125 0.3759765625 25.7283797416738 3 3 0 
0 460 5.8 8 0.417212701612903 0.46953125 20.2347918070672 3 -3 0 
1 470 7.4 11 0.4392578125 0.3876953125 10.3417870228129 3 2 0 
0 470 5.8 9 0.472026209677419 0.43828125 17.1422662525488 3 -2 0 
1 480 7.4 11 0.409993489583333 0.359375 35.220013824597 3 2 0 
0 480 5.8 9 0.45635775862069 0.45234375 6.53492775961293 3 -2 0 
1 490 7.4 11 0.3859375 0.3916015625 21.3056321484576 3 2 0 
0 490 5.8 9 0.385360054347826 0.51015625 4.57949560846474 3 -2 0 
1 500 7.4 11 0.424632352941176 0.377604166666667 29.7134998200813 3 1 0 
0 500 5.8 10 0.46015625 0.603125 3.20176773205 3 -1 0 
1 510 7.4 11 0.446698588709677 0.3154296875 37.0762293686385 3 1 0 
0 510 5.8 10 0.420276988636364 0.5109375 8.26983105837392 3 -1 0 
1 520 7.4 11 0.414601293103448 0.458984375 35.2822114668052 3 1 0 
0 520 5.8 10 0.377840909090909 0.50390625 7.95857811151618 3 -1 0 
1 530 7.4 11 0.470892137096774 0.47265625 19.0663847247082 3 1 0 
0 530 5.8 10 0.417131696428571 0.428125 18.3758675308603 3 -1 0 
1 540 7.4 12 0.479799107142857 0.4203125 38.393400665342 3 2 0 
0 540 5.8 10 0.400824652777778 0.40390625 26.8525868091869 3 -2 0 
1 550 7.4 12 0.472005208333333 0.4546875 36.6084581834236 3 1 0 
0 550 5.8 11 0.369419642857143 0.42890625 24.9389256643067 3 -1 0 
1 560 7.4 12 0.520596590909091 0.5234375 20.9732347333598 3 1 0 
0 560 5.8 11 0.406494140625 0.371875 29.4934021140982 3 -1 0 
1 570 7.4 12 0.463994565217391 0.55859375 20.9536838980082 3 1 0 
0 570 5.8 11 0.403428819444444 0.353125 32.8899112767954 3 -1 0 
1 580 7.4 12 0.464370265151515 0.6298828125 11.2325379460058 3 1 0 
0 580 5.8 11 0.37983630952381 0.38359375 23.0738704937597 3 -1 0 
1 590 7.4 12 0.528831845238095 0.58828125 28.6644292070881 3 1 0 
0 590 5.8 11 0.461348684210526 0.3546875 22.0928751446219 3 -1 0 
1 600 7.4 12 0.524362664473684 0.57109375 19.5768367105853 3 1 0 
0 600 5.8 11 0.436631944444444 0.3427734375 10.0782943274975 3 -1 0 
1 610 7.4 13 0.494683159722222 0.5984375 19.4313344207773 3 2 0 
0 610 5.8 11 0.408637152777778 0.40234375 1.0701941016011 3 -2 0 
1 620 7.4 13 0.605631510416667 0.5859375 18.2973793760036 3 2 0 
0 620 5.8 11 0.474076704545455 0.3974609375 8.17403921059674 3 -2 0 
1 630 7.4 13 0.53811553030303 0.51796875 13.5495332505334 3 2 0 
0 630 5.8 11 0.393489583333333 0.40390625 25.0704363304865 3 -2 0 
1 640 7.4 13 0.478400735294118 0.5375 5.26579655307742 3 1 0 
0 640 5.8 12 0.440673828125 0.396875 16.2041529596436 3 -1 0 
1 650 7.4 13 0.602179276315789 0.515625 15.9698358635368 3 1 0 
0 650 5.8 12 0.538020833333333 0.39296875 5.51684684807602 3 -1 0 
1 660 7.4 13 0.519320101351351 0.465625 16.3793917461026 3 1 0 
0 660 5.8 12 0.42282196969697 0.328125 24.5388144873745 3 -1 0 
1 670 7.4 13 0.493896484375 0.42109375 18.2836190844246 3 1 0 
0 670 5.8 12 0.418489583333333 0.34765625 17.3751927126792 3 -1 0 
1 680 7.4 13 0.615944602272727 0.45234375 19.9639521971363 3 1 0 
0 680 5.8 12 0.33203125 0.44453125 8.00476057966109 3 -1 0 
1 690 7.4 13 0.548285590277778 0.41015625 11.3242313726622 3 1 0 
0 690 5.8 12 0.369212962962963 0.50703125 2.69975459285769 3 -1 0 
1 700 7.4 13 0.482747395833333 0.384375 8.1141865934247 3 1 0 
0 700 5.8 12 0.329427083333333 0.5171875 4.69185613478172 3 -1 0 
1 710 7.4 14 0.600142045454545 0.471875 6.5710035724962 3 2 0 
0 710 5.8 12 0.24921875 0.5263671875 7.45251514135229 3 -2 0 
1 720 7.4 14 0.549753289473684 0.462239583333333 17.7947082177114 3 1 0 
0 720 5.8 13 0.377232142857143 0.489583333333333 2.62397478954044 3 -1 0 
1 730 7.4 14 0.504523026315789 0.515625 8.35304380502766 3 1 0 
0 730 5.8 13 0.369140625 0.444010416666667 10.5578014784212 3 -1 0 
1 740 7.4 14 0.619921875 0.44140625 3.65547999421256 3 1 0 
0 740 5.8 13 0.24609375 0.389322916666667 42.9315663294289 3 -1 0 
1 750 7.4 14 0.575835129310345 0.528645833333333 3.93829125344694 3 1 0 
0 750 5.8 13 0.379310344827586 0.3359375 25.1272281091251 3 -1 0 
1 760 7.4 14 0.46142578125 0.42578125 28.9699366933619 3 1 0 
0 760 5.8 13 0.360119047619048 0.3466796875 15.0800707326173 3 -1 0 
1 770 7.4 15 0.540922619047619 0.4453125 37.5453831392138 3 2 0 
0 770 5.8 13 0.407689144736842 0.31171875 30.3840192012692 3 -2 0 
1 780 7.4 15 0.485853040540541 0.44140625 36.5900239439481 3 2 0 
0 780 5.8 13 0.36328125 0.3140625 21.130291772779 3 -2 0 
1 790 7.4 15 0.441650390625 0.40234375 39.1418121805101 3 2 0 
0 790 5.8 13 0.34859375 0.340625 8.8287447182853 3 -2 0 
1 800 7.4 16 0.553485576923077 0.4453125 47.0010559994237 3 3 0 
0 800 5.8 13 0.374644886363636 0.4 19.74108644144 3 -3 0 
1 810 7.4 16 0.496212121212121 0.50859375 54.8215867072088 3 3 0 
0 810 5.8 13 0.339583333333333 0.365625 26.3899337614145 3 -3 0 
1 820 7.4 16 0.466974431818182 0.5029296875 38.0241660718559 3 2 0 
0 820 5.8 14 0.377790178571429 0.3328125 22.2016508230701 3 -2 0 
1 830 7.4 16 0.544921875 0.51953125 21.2664858570824 3 2 0 
0 830 5.8 14 0.384251644736842 0.303125 18.7057090018434 3 -2 0 
1 840 7.4 16 0.479736328125 0.509765625 20.8946425473702 3 2 0 
0 840 5.8 14 0.375 0.36640625 12.6332336158446 3 -2 0 
1 850 7.4 16 0.383322010869565 0.4326171875 40.3681097319314 3 2 0 
0 850 5.8 14 0.359375 0.3734375 4.48831975415097 3 -2 0 
1 860 7.4 16 0.545572916666667 0.4501953125 43.7787324091186 3 2 0 
0 860 5.8 14 0.359375 0.5015625 7.17875676861215 3 -2 0 
1 870 7.4 16 0.492426658163265 0.3671875 48.2771985774641 3 2 0 
0 870 5.8 14 0.357113486842105 0.51640625 7.5612684078734 3 -2 0 
1 880 7.4 17 0.49111328125 0.409375 51.9019449181729 3 3 0 
0 880 5.8 14 0.345880681818182 0.4375 7.35147767573257 3 -3 0 
1 890 7.4 17 0.5941162109375 0.4775390625 40.2385630227336 3 2 0 
0 890 5.8 15 0.3359375 0.465625 6.80519054700961 3 -2 0 
1 900 7.4 17 0.504573170731707 0.509765625 43.5282949187668 3 2 0 
0 900 5.8 15 0.321428571428571 0.47265625 6.26652375699309 3 -2 0 
1 910 7.4 17 0.478407118055556 0.501953125 43.863089858339 3 2 0 
0 910 5.8 15 0.36328125 0.48359375 7.35638912984258 3 -2 0 
1 920 7.4 17 0.63353587962963 0.513671875 35.2644453409896 3 2 0 
0 920 5.8 15 0.331163194444444 0.50703125 4.5532644182785 3 -2 0 
1 930 7.4 17 0.54453125 0.5146484375 38.1065935364314 3 2 0 
0 930 5.8 15 0.3421875 0.4984375 6.18261786296485 3 -2 0 
1 940 7.4 17 0.526642628205128 0.4828125 45.6060923106777 3 2 0 
0 940 5.8 15 0.370768229166667 0.5046875 5.89448300539253 3 -2 0 
1 950 7.4 18 0.627297794117647 0.48671875 43.5720088879002 3 2 1 
0 950 5.8 16 0.353515625 0.4734375 13.5130486187084 2 -2 -1 
1 960 7.4 18 0.462376644736842 0.47265625 43.5525849774683 3 2 1 
0 960 5.8 16 0.41499255952381 0.54453125 7.23871002163969 2 -2 -1 
1 970 7.4 18 0.53921875 0.3408203125 34.6666645681837 3 2 1 
0 970 5.8 16 0.5291015625 0.59921875 12.0492744986908 2 -2 -1 
1 980 7.4 18 0.642755681818182 0.30078125 32.2659183066528 3 2 1 
0 980 5.8 16 0.54921875 0.490625 14.7997949087785 2 -2 -1 
1 990 7.4 18 0.436342592592593 0.23046875 3.70933861715819 3 2 1 
0 990 5.8 16 0.530894886363636 0.423828125 32.7136559631169 2 -2 -1 
1 1000 7.4 18 0.462957974137931 0.2978515625 29.3594864726673 3 2 1 
0 1000 5.8 16 0.4837890625 0.38671875 23.9017883999541 2 -2 -1 
1 1010 7.4 18 0.55171875 0.3740234375 10.7284435718925 3 1 1 
0 1010 5.8 17 0.494654605263158 0.3984375 20.247618687829 2 -1 -1 
1 1020 7.4 18 0.501893939393939 0.3193359375 29.0265461773414 3 1 1 
0 1020 5.8 17 0.382421875 0.37421875 21.3994292908268 2 -1 -1 
1 1030 7.4 18 0.467912946428571 0.4453125 19.2843536891075 3 1 1 
0 1030 5.8 17 0.442457932692308 0.47265625 3.70056324427601 2 -1 -1 
1 1040 7.4 18 0.5703125 0.47265625 12.7769323391806 3 1 1 
0 1040 5.8 17 0.484212239583333 0.49453125 5.37913220710012 2 -1 -1 
1 1050 7.4 18 0.515739889705882 0.5234375 0 3 0 1 
0 1050 5.8 18 0.422037760416667 0.5171875 6.60038813967785 2 0 -1 
1 1060 7.4 18 0.378327546296296 NaN NaN 3 0 1 
0 1060 5.8 18 0.472806490384615 0.55625 8.53972418632295 2 0 -1 
1 1070 7.4 18 0.43390625 0.35546875 0 3 0 1 
0 1070 5.8 18 0.521701388888889 0.559375 13.70768564739 2 0 -1 
1 1080 7.4 18 0.3974609375 0.5 0 3 0 1 
0 1080 5.8 18 0.5126953125 0.58203125 27.6293333212104 2 0 -1 
1 1090 7.4 19 0.364728009259259 0.3671875 62.8294676536905 3 1 1 
0 1090 5.8 18 0.4765625 0.54609375 30.393421453162 2 -1 -1 
1 1100 7.4 19 0.396587171052632 0.276041666666667 33.7849192590948 3 1 1 
0 1100 5.8 18 0.543619791666667 0.48984375 41.1597480217866 2 -1 -1 
1 1110 7.4 19 0.436121323529412 0.240234375 32.0141213661943 3 1 1 
0 1110 5.8 18 0.507560483870968 0.4890625 40.7159838617423 2 -1 -1 
1 1120 7.4 19 0.50072337962963 0.27734375 20.9371882771397 3 1 1 
0 1120 5.8 18 0.421502976190476 0.36875 43.3983989779728 2 -1 -1 
1 1130 7.4 19 0.515335648148148 0.33203125 22.685660890019 3 0 1 
0 1130 5.8 19 0.455208333333333 0.37734375 43.6128117646612 2 0 -1 
1 1140 7.4 19 0.431790865384615 0.3837890625 13.313314950718 3 0 1 
0 1140 5.8 19 0.381623641304348 0.37109375 17.9519495285157 2 0 -1 
1 1150 7.4 19 0.396183894230769 0.4482421875 14.039211899686 3 0 1 
0 1150 5.8 19 0.3390625 0.3330078125 4.17497662220175 2 0 -1 
1 1160 7.4 19 0.471354166666667 0.42734375 33.9595815533101 3 0 1 
0 1160 5.8 19 0.372702205882353 0.4267578125 8.1626444830556 2 0 -1 
1 1170 7.4 20 0.420138888888889 0.44765625 36.2113604821314 3 1 1 
0 1170 5.8 19 0.383370535714286 0.453125 3.72306146725089 2 -1 -1 
1 1180 7.4 20 0.38232421875 0.4671875 34.6481010920454 3 1 1 
0 1180 5.8 19 0.390474759615385 0.4375 8.20648206567088 2 -1 -1 
1 1190 7.4 20 0.482747395833333 0.3890625 53.5223380777511 3 1 1 
0 1190 5.8 19 0.465254934210526 0.302083333333333 37.9940740909368 2 -1 -1 
1 1200 7.4 20 0.467133620689655 0.4484375 42.8783373526353 3 1 1 
0 1200 5.8 19 0.419270833333333 0.265625 33.2539518642468 2 -1 -1 
1 1210 7.4 20 0.455137310606061 0.515625 33.267239103675 3 1 1 
0 1210 5.8 19 0.373579545454545 0.34765625 31.9906354161015 2 -1 -1 
1 1220 7.4 20 0.539207175925926 0.5109375 27.3967994324165 3 1 1 
0 1220 5.8 19 0.37734375 0.37890625 29.5134227330405 2 -1 -1 
1 1230 7.4 20 0.508326480263158 0.5109375 9.43470929888559 3 1 1 
0 1230 5.8 19 0.326302083333333 0.4814453125 5.54474544932784 2 -1 -1 
1 1240 7.4 21 0.514559659090909 0.5359375 4.35142431182783 3 2 1 
0 1240 5.8 19 0.322544642857143 0.15625 0 2 -2 -1 
1 1250 7.4 21 0.642427884615385 0.53515625 9.14034092555441 3 1 1 
0 1250 5.8 20 0.322544642857143 0.189453125 16.5075740192192 2 -1 -1 
1 1260 7.4 21 0.575694444444444 0.4140625 25.5556395617789 3 1 1 
0 1260 5.8 20 0.308293269230769 0.34375 17.6139149538085 2 -1 -1 
1 1270 7.4 21 0.489583333333333 0.41640625 31.8908419682304 3 1 2 
0 1270 5.8 20 0.366350446428571 0.3515625 4 1 -1 -2 
1 1280 7.4 21 0.593394886363636 0.45546875 15.0688852713724 3 1 2 
0 1280 5.8 20 0.366350446428571 0.365234375 6.26498204307083 1 -1 -2 
1 1290 7.4 21 0.509933035714286 0.49453125 4.56820917190709 3 1 2 
0 1290 5.8 20 0.3678125 0.388671875 29.8077171215778 1 -1 -2 
1 1300 7.4 21 0.450161637931034 0.5078125 7.37136378749818 3 1 2 
0 1300 5.8 20 0.361458333333333 0.190104166666667 23.643151512113 1 -1 -2 
1 1310 7.4 21 0.560292119565217 0.54453125 14.6369728523078 3 1 2 
0 1310 5.8 20 0.3388671875 0.2353515625 28.2756823387811 1 -1 -2 
1 1320 7.4 21 0.515980113636364 0.53046875 28.3441154477651 3 1 2 
0 1320 5.8 20 0.307477678571429 0.2744140625 25.7581158193854 1 -1 -2 
1 1330 7.4 22 0.502762957317073 0.55390625 30.0362813246368 3 2 2 
0 1330 5.8 20 0.31953125 0.26953125 11.876673416866 1 -2 -2 
1 1340 7.4 22 0.578755040322581 0.58359375 22.908176377566 3 2 2 
0 1340 5.8 20 0.279296875 0.259114583333333 21.1531698869434 1 -2 -2 
1 1350 7.4 22 0.676866319444444 0.5302734375 7.58608946753386 3 2 3 
0 1350 5.8 20 0.253004807692308 0.19921875 2.06155281280883 0 -2 -3 
1 1360 7.4 22 0.735440340909091 0.56796875 22.3578429816068 3 2 3 
0 1360 5.8 20 NaN 0.201171875 3.53553390593274 0 -2 -3 
1 1370 7.4 22 0.777794471153846 0.5953125 14.2130474291327 3 2 3 
0 1370 5.8 20 0.19921875 0.186197916666667 10.4570250052985 0 -2 -3 
1 1380 7.4 22 0.803125 0.63671875 38.3471441413777 3 2 3 
0 1380 5.8 20 0.21484375 0.227864583333333 10.4707157874584 0 -2 -3 
1 1390 7.4 22 NaN NaN NaN 3 2 3 
0 1390 5.8 20 NaN NaN NaN 0 -2 -3 
