1 30 9 1 NaN 0.286290322580645 18.7453740873667 3 0 0 
0 30 9.6 1 NaN 0.276209677419355 25.940575933597 3 0 0 
1 40 9 1 NaN 0.310483870967742 23.9728908215851 3 0 0 
0 40 9.6 1 NaN 0.350806451612903 32.7082053443406 3 0 0 
1 50 9 1 0.370967741935484 0.366935483870968 22.0865694001813 3 0 0 
0 50 9.6 1 0.370967741935484 0.373387096774194 36.9250502252137 3 0 0 
1 60 9 1 0.368279569892473 0.456653225806452 25.0821145055237 3 0 0 
0 60 9.6 1 0.368279569892473 0.432258064516129 31.2944998412814 3 0 0 
1 70 9 1 0.395161290322581 0.461290322580645 27.5965919967272 3 0 0 
0 70 9.6 1 0.389976958525346 0.443548387096774 33.7039440418843 3 0 0 
1 80 9 1 0.474579242636746 0.479838709677419 27.121204104868 3 0 0 
0 80 9.6 1 0.464669738863287 0.466935483870968 34.4340100687444 3 0 0 
1 90 9 1 0.401353686635945 0.491935483870968 29.0159011779721 3 0 0 
0 90 9.6 1 0.407706093189964 0.478225806451613 35.3370782875708 3 0 0 
1 100 9 2 0.394201228878648 0.479838709677419 27.0733367355068 3 1 0 
0 100 9.6 1 0.380517826825127 0.480645161290323 33.5694110288986 3 -1 0 
1 110 9 2 0.478494623655914 0.5 23.733107077874 3 0 0 
0 110 9.6 2 0.4554698457223 0.47258064516129 31.7171753140888 3 0 0 
1 120 9 2 0.399342891278375 0.513104838709677 30.2494820929984 3 0 0 
0 120 9.6 2 0.407978110599078 0.47741935483871 34.8363230117213 3 0 0 
1 130 9 2 0.400537634408602 0.459677419354839 25.3693898884645 3 0 0 
0 130 9.6 2 0.405337941628264 0.462096774193548 32.5314567560487 3 0 0 
1 140 9 3 0.483870967741936 0.470161290322581 27.0319688778417 3 0 0 
0 140 9.6 3 0.477318548387097 0.470967741935484 34.0656032362245 3 0 0 
1 150 9 3 0.405728587319244 0.45241935483871 25.0912805127476 3 0 0 
0 150 9.6 3 0.411866359447005 0.487903225806452 34.8833325315621 3 0 0 
1 160 9 3 0.374787775891341 0.438709677419355 28.8633490153748 3 0 0 
0 160 9.6 3 0.390395894428152 0.501612903225806 43.777190579364 3 0 0 
1 170 9 3 0.478629032258064 0.456451612903226 27.1276903444191 3 -1 0 
0 170 9.6 4 0.470094086021505 0.460483870967742 36.0362577319046 3 1 0 
1 180 9 4 0.396001344086022 0.470766129032258 40.5320174900977 3 0 0 
0 180 9.6 4 0.419984879032258 0.481451612903226 38.0009231135491 3 0 0 
1 190 9 4 0.368145161290323 0.484879032258065 42.8727980563297 3 0 0 
0 190 9.6 4 0.440483870967742 0.502016129032258 5.25457123727093 3 0 0 
1 200 9 4 0.461290322580645 0.421774193548387 52.7297708515998 3 -1 0 
0 200 9.6 5 0.48317575083426 0.501008064516129 3.27712382075354 3 1 0 
1 210 9 4 0.382224462365591 0.392741935483871 39.4197191810001 3 -1 0 
0 210 9.6 5 0.418976814516129 0.416129032258065 35.5808284848203 3 1 0 
1 220 9 5 0.368145161290323 0.428225806451613 37.3962870182533 3 0 0 
0 220 9.6 5 0.432963709677419 0.433064516129032 41.516608366188 3 0 0 
1 230 9 5 0.471572580645161 0.487903225806452 32.5478554075763 3 0 0 
0 230 9.6 5 0.476129032258065 0.430645161290323 35.4938479932757 3 0 0 
1 240 9 5 0.402927120669056 0.480645161290323 35.4174990796956 3 -1 0 
0 240 9.6 6 0.391830294530154 0.446774193548387 33.3515223691061 3 1 0 
1 250 9 5 0.368145161290323 0.482258064516129 37.9378259748999 3 -1 0 
0 250 9.6 6 0.408225806451613 0.431451612903226 42.2189618147348 3 1 0 
1 260 9 5 0.468548387096774 0.490927419354839 43.0808817783747 3 -1 0 
0 260 9.6 6 0.477822580645161 0.450806451612903 37.5787459065355 3 1 0 
1 270 9 6 0.367647058823529 0.485887096774194 25.3139186261591 3 0 0 
0 270 9.6 6 0.43108504398827 0.474798387096774 41.5360491690845 3 0 0 
1 280 9 6 0.368145161290323 0.432258064516129 45.9805341913649 3 0 0 
0 280 9.6 6 0.443393300248139 0.424731182795699 43.6318793964637 3 0 0 
1 290 9 6 0.440776209677419 0.429032258064516 32.7487812966322 3 0 0 
0 290 9.6 6 0.499798387096774 0.352150537634409 40.9833334069803 3 0 0 
1 300 9 6 0.426686217008798 0.488709677419355 25.4699505841129 3 0 0 
0 300 9.6 6 0.428225806451613 0.240322580645161 38.090405719278 3 0 0 
1 310 9 7 0.430931321540062 0.558870967741935 24.4254488908684 3 0 0 
0 310 9.6 7 0.418114143920596 0.381451612903226 37.2096191846181 3 0 0 
1 320 9 7 0.489861751152074 0.587096774193548 25.9832227398549 3 0 0 
0 320 9.6 7 0.452712609970674 0.412096774193548 38.2317056748474 3 0 0 
1 330 9 7 0.411038306451613 0.469354838709677 25.4518757362247 3 0 0 
0 330 9.6 7 0.40442054958184 0.433870967741935 38.0095955563676 3 0 0 
1 340 9 7 0.411774193548387 0.42258064516129 14.5395419707671 3 0 0 
0 340 9.6 7 0.382258064516129 0.453225806451613 29.2185425607169 3 0 0 
1 350 9 7 0.46875 0.462096774193548 30.0158239014627 3 -1 0 
0 350 9.6 8 0.469758064516129 0.483064516129032 31.6403881712847 3 1 0 
1 360 9 7 0.424297606659729 0.47258064516129 34.9154928485453 3 -1 0 
0 360 9.6 8 0.431003584229391 0.499193548387097 32.9179962426028 3 1 0 
1 370 9 8 0.384642356241234 0.439516129032258 38.2697535481561 3 0 0 
0 370 9.6 8 0.438814866760168 0.530645161290323 39.4399993009776 3 0 0 
1 380 9 8 0.473790322580645 0.431451612903226 38.5166776322261 3 -1 0 
0 380 9.6 9 0.488213399503722 0.505645161290323 46.9168717938091 3 1 0 
1 390 9 8 0.389952956989247 0.353225806451613 41.3895770021445 3 -1 0 
0 390 9.6 9 0.444403714565005 0.514516129032258 42.5253503396247 3 1 0 
1 400 9 8 0.368145161290323 0.370161290322581 36.5259769552918 3 -1 0 
0 400 9.6 9 0.438288920056101 0.50241935483871 38.9611586706474 3 1 0 
1 410 9 8 0.45032991202346 0.428225806451613 18.856888844228 3 -1 0 
0 410 9.6 9 0.510343618513324 0.453225806451613 38.9745679991064 3 1 0 
1 420 9 9 0.409343715239155 0.441129032258065 18.8641805544837 3 0 0 
0 420 9.6 9 0.406030855539972 0.412903225806452 31.8314795587204 3 0 0 
1 430 9 9 0.43758064516129 0.437903225806452 14.818686001146 3 0 0 
0 430 9.6 9 0.368145161290323 0.436491935483871 29.120769118437 3 0 0 
1 440 9 9 0.478587319243604 0.408064516129032 12.0047763866277 3 -1 0 
0 440 9.6 10 0.456885856079404 0.444354838709677 25.5789827378621 3 1 0 
1 450 9 9 0.407258064516129 0.482862903225806 12.3027082176183 3 -1 0 
0 450 9.6 10 0.400744416873449 0.458870967741935 24.7564205142029 3 1 0 
1 460 9 9 0.414938556067588 0.456451612903226 16.2149130633312 3 -1 0 
0 460 9.6 10 0.389616935483871 0.387903225806452 24.4809527361388 3 1 0 
1 470 9 9 0.46265778401122 0.468548387096774 17.9687675766186 3 -1 0 
0 470 9.6 10 0.490207373271889 0.465725806451613 17.4325996016464 3 1 0 
1 480 9 9 0.397345430107527 0.454032258064516 26.0285434545927 3 -1 0 
0 480 9.6 10 0.440236175115207 0.52258064516129 5.97970225838094 3 1 0 
1 490 9 10 0.419556451612903 0.392741935483871 34.2921937754318 3 0 0 
0 490 9.6 10 0.405322580645161 0.509072580645161 5.57712346332288 3 0 0 
1 500 9 10 0.458577712609971 0.429838709677419 32.8810902661033 3 0 0 
0 500 9.6 10 0.463037634408602 0.497983870967742 2.37991849247418 3 0 0 
1 510 9 10 0.408266129032258 0.437096774193548 35.82032535169 3 -1 0 
0 510 9.6 11 0.409621802002225 0.494959677419355 15.5131063546572 3 1 0 
1 520 9 10 0.41234221598878 0.42741935483871 35.8277719267797 3 -1 0 
0 520 9.6 11 0.401942815249267 0.526209677419355 25.0002403773506 3 1 0 
1 530 9 10 0.4375 0.421774193548387 24.0092569199481 3 -1 0 
0 530 9.6 11 0.473790322580645 0.514112903225806 37.9747906833883 3 1 0 
1 540 9 11 0.398573200992556 0.402217741935484 20.8321386647833 3 0 0 
0 540 9.6 11 0.450778642936596 0.432459677419355 37.8238094147283 3 0 0 
1 550 9 11 0.368145161290323 0.379032258064516 19.7369492129809 3 -1 0 
0 550 9.6 12 0.419820099255583 0.429032258064516 44.5635065239817 3 1 0 
1 560 9 11 0.461981566820277 0.210685483870968 39.2062812100668 3 -1 0 
0 560 9.6 12 0.462869623655914 0.434677419354839 35.836569063793 3 1 0 
1 570 9 11 0.402113459399333 0.283064516129032 26.8058139860948 3 -1 0 
0 570 9.6 12 0.421566077003122 0.459677419354839 29.8728399212351 3 1 0 
1 580 9 11 0.398991935483871 0.366129032258065 14.7873655299278 3 -1 0 
0 580 9.6 12 0.433131720430108 0.459677419354839 28.0349667981454 3 1 0 
1 590 9 11 0.444508448540707 0.362903225806452 13.3833470018545 3 -1 0 
0 590 9.6 12 0.492572156196944 0.470967741935484 29.4657508665952 3 1 0 
1 600 9 11 0.392025089605735 0.430645161290323 12.3237501195811 3 -2 0 
0 600 9.6 13 0.440346299810247 0.51008064516129 33.3429143530996 3 2 0 
1 610 9 12 0.416595925297114 0.481451612903226 15.9325679081717 3 -1 0 
0 610 9.6 13 0.390212609970674 0.493951612903226 30.2091062401962 3 1 0 
1 620 9 12 0.444052419354839 0.496774193548387 17.3159933664163 3 -1 0 
0 620 9.6 13 0.450372208436725 0.459677419354839 24.2846909995132 3 1 0 
1 630 9 12 0.368447580645161 0.414516129032258 12.4123517049455 3 -1 0 
0 630 9.6 13 0.432703003337041 0.504032258064516 19.9199551038151 3 1 0 
1 640 9 12 0.378136200716846 0.429838709677419 17.8197860382237 3 -1 0 
0 640 9.6 13 0.425307219662058 0.557459677419355 17.5076861772185 3 1 0 
1 650 9 12 0.407969639468691 0.412903225806452 11.4939108671465 3 -2 0 
0 650 9.6 14 0.495347394540943 0.520161290322581 19.8239677868655 3 2 0 
1 660 9 12 0.369815668202765 0.461290322580645 13.2344190757422 3 -2 0 
0 660 9.6 14 0.460928809788654 0.508064516129032 26.1261688007396 3 2 0 
1 670 9 13 0.412442396313364 0.491935483870968 16.4645925840614 3 -1 0 
0 670 9.6 14 0.38009337860781 0.475806451612903 30.0801386098588 3 1 0 
1 680 9 13 0.444556451612903 0.445161290322581 16.871785229313 3 -1 0 
0 680 9.6 14 0.486391129032258 0.486559139784946 24.0038857178574 3 1 0 
1 690 9 13 0.383797653958944 0.509072580645161 4.78254174904566 3 -1 0 
0 690 9.6 14 0.419632925472748 0.478494623655914 20.7463500399778 3 1 0 
1 700 9 13 0.381451612903226 0.5 3.61255571887528 3 -1 0 
0 700 9.6 14 0.396037868162693 0.368951612903226 53.5317950541003 3 1 0 
1 710 9 14 0.455882352941176 0.485887096774194 7.81884766144592 3 0 0 
0 710 9.6 14 0.482302867383513 0.424731182795699 43.690148480913 3 0 0 
1 720 9 14 0.42671809256662 0.423387096774194 42.3320418849929 3 -1 0 
0 720 9.6 15 0.428427419354839 0.330645161290323 27.2113036083259 3 1 0 
1 730 9 14 0.390029325513196 0.440524193548387 27.0341690918495 3 -1 0 
0 730 9.6 15 0.427258064516129 0.358870967741936 36.6212011658038 3 1 0 
1 740 9 14 0.450901328273245 0.457661290322581 12.9795987636829 3 -1 0 
0 740 9.6 15 0.526576246334311 0.356854838709677 31.1581101648888 3 1 0 
1 750 9 14 0.366935483870968 0.498991935483871 3.17566955358657 3 -1 0 
0 750 9.6 15 0.458165322580645 0.413306451612903 20.659331957685 3 1 0 
1 760 9 14 0.373463901689708 0.484879032258065 5.31404006132818 3 -1 0 
0 760 9.6 15 0.426023573200993 0.474193548387097 11.3674010044047 3 1 0 
1 770 9 14 0.422379032258065 0.425403225806452 4.94974746830583 3 -2 0 
0 770 9.6 16 0.549227150537634 0.516935483870968 34.4409303317345 3 2 0 
1 780 9 14 0.396129032258065 0.383064516129032 3.20156211871642 3 -2 0 
0 780 9.6 16 0.482190860215054 0.516129032258065 9.23520681393994 3 2 0 
1 790 9 15 0.4526740237691 0.415322580645161 24.6630202136045 3 -1 0 
0 790 9.6 16 0.414986559139785 0.502016129032258 2.68706162213334 3 1 0 
1 800 9 15 0.481304985337243 0.316935483870968 42.3777100581852 3 -1 0 
0 800 9.6 16 0.534824046920821 0.509072580645161 7.42710997023541 3 1 0 
1 810 9 15 0.386044880785414 0.383870967741935 26.4020990515371 3 -1 0 
0 810 9.6 16 0.456867057673509 0.476612903225806 39.1054880256003 3 1 0 
1 820 9 15 0.488306451612903 0.391129032258065 11.5756185474443 3 -2 0 
0 820 9.6 17 0.454925115207373 0.60752688172043 5.46662889016653 3 2 0 
1 830 9 15 0.481304985337243 0.346774193548387 14.9779317928105 3 -2 0 
0 830 9.6 17 0.594556451612903 0.674731182795699 2.38539322858634 3 2 0 
1 840 9 15 0.380796370967742 0.264784946236559 4.8961545133801 3 -2 0 
0 840 9.6 17 0.486813426329555 0.703629032258065 5.27809278930756 3 2 0 
1 850 9 15 0.547235023041475 0.260752688172043 4.65026659089546 3 -2 0 
0 850 9.6 17 0.486517137096774 0.732862903225806 1.16770752508901 3 2 0 
1 860 9 15 0.459101382488479 0.166666666666667 10.4088606406868 3 -2 0 
0 860 9.6 17 0.631154499151104 0.763440860215054 3.33300321115654 3 2 0 
1 870 9 16 0.374525616698292 0.145161290322581 3.73786397729356 2 -2 -1 
0 870 9.6 18 0.482414874551971 0.629032258064516 60.2737095458839 3 2 1 
1 880 9 16 0.533602150537634 0.188172043010753 6.68891572558236 2 -2 -1 
0 880 9.6 18 0.480875576036866 0.694556451612903 33.9818187901012 3 2 1 
1 890 9 16 0.518145161290323 0.303763440860215 28.8287239145049 2 -2 -1 
0 890 9.6 18 0.614807347670251 0.62258064516129 31.1578461999425 3 2 1 
1 900 9 16 0.31221198156682 0.30241935483871 39.198662941834 2 -2 -1 
0 900 9.6 18 0.519027217741936 0.549395161290323 5.97289696030372 3 2 1 
1 910 9 17 0.38594470046083 0.332661290322581 29.3534799461529 2 -1 -1 
0 910 9.6 18 0.425140252454418 0.564516129032258 6.00624212527231 3 1 1 
1 920 9 17 0.388104838709677 0.408870967741935 19.694634168157 2 -2 -1 
0 920 9.6 19 0.396889400921659 0.600806451612903 6.15972091970903 3 2 1 
1 930 9 17 0.383661887694146 0.428427419354839 7.43767850047057 2 -2 -1 
0 930 9.6 19 0.436104218362283 0.543010752688172 7.04984042747553 3 2 1 
1 940 9 17 0.41023842917251 0.424395161290323 28.8024160780536 2 -2 -1 
0 940 9.6 19 0.387480798771121 0.466397849462366 8.26460921964294 3 2 1 
1 950 9 18 0.468166383701188 0.426075268817204 34.3948308770563 2 -1 -1 
0 950 9.6 19 0.432795698924731 0.397177419354839 13.2853302555864 3 1 1 
1 960 9 18 0.473064516129032 0.512096774193548 5.85234995535981 2 -1 -1 
0 960 9.6 19 0.404569892473118 0.313172043010753 35.8903025588694 3 1 1 
1 970 9 18 0.413978494623656 0.477822580645161 12.3490890352285 2 -1 -1 
0 970 9.6 19 0.397849462365591 0.388440860215054 24.3044962974867 3 1 1 
1 980 9 18 0.451825127334465 0.376344086021505 42.9382005936231 2 -1 -1 
0 980 9.6 19 0.43778801843318 0.361559139784946 32.0293728459516 3 1 1 
1 990 9 18 0.443548387096774 0.508064516129032 20.5430566511623 2 -1 -1 
0 990 9.6 19 0.372695852534562 0.358870967741936 28.3354427572998 3 1 1 
1 1000 9 18 0.383064516129032 0.464717741935484 42.1494887992589 2 -1 -1 
0 1000 9.6 19 0.387272089761571 0.309139784946237 28.5715557202596 3 1 1 
1 1010 9 18 0.455421146953405 0.454637096774194 26.2486445875207 2 -2 -1 
0 1010 9.6 20 0.454301075268817 0.289314516129032 29.5303374852962 3 2 1 
1 1020 9 18 0.421737536656892 0.496975806451613 19.5662314155742 2 -2 -1 
0 1020 9.6 20 0.422675521821632 0.348790322580645 29.8988203201004 3 2 1 
1 1030 9 19 0.372177419354839 0.539314516129032 21.1545947564462 2 -1 -1 
0 1030 9.6 20 0.402903225806452 0.44758064516129 16.5890702486101 3 1 1 
1 1040 9 19 0.40994623655914 0.520967741935484 16.028957128232 2 -1 -1 
0 1040 9.6 20 0.503101736972705 0.497311827956989 9.48874352845965 3 1 1 
1 1050 9 20 0.424627791563276 0.565322580645161 11.0363114028867 2 0 -1 
0 1050 9.6 20 0.459084440227704 0.451612903225806 0 3 0 1 
1 1060 9 20 0.451836917562724 0.543548387096774 18.1255326833079 2 0 -1 
0 1060 9.6 20 0.47689205955335 0.174731182795699 23.3923273552071 3 0 1 
1 1070 9 20 0.44375 0.481451612903226 10.2875286894813 2 0 -1 
0 1070 9.6 20 0.575911640953717 0.309139784946237 17.7492421612412 3 0 1 
1 1080 9 20 0.405721966205837 0.498991935483871 2.85592901343291 2 0 -1 
0 1080 9.6 20 0.485663082437276 0.388440860215054 11.9369041727512 3 0 1 
1 1090 9 20 0.469227504244482 0.501008064516129 4.20103523102415 2 0 -1 
0 1090 9.6 20 0.530241935483871 0.418010752688172 6.88467612546721 3 0 1 
1 1100 9 20 0.445468509984639 0.51008064516129 13.6764251785044 2 0 -1 
0 1100 9.6 20 0.586175115207373 0.403225806451613 3.59886772336712 3 0 1 
1 1110 9 20 0.389006791171477 0.495967741935484 38.3356664324729 2 0 -1 
0 1110 9.6 20 0.463449531737773 0.330645161290323 19.1238617037276 3 0 1 
1 1120 9 20 0.439264112903226 0.52741935483871 31.4533333106823 2 0 -1 
0 1120 9.6 20 0.447132616487455 0.326612903225806 19.9629175525909 3 0 1 
1 1130 9 20 0.44758064516129 0.510483870967742 30.1042173386813 2 0 -1 
0 1130 9.6 20 0.435752688172043 0.376344086021505 7.8720978043689 3 0 1 
1 1140 9 21 0.428595430107527 0.559475806451613 38.1437180645537 2 1 -1 
0 1140 9.6 20 0.420395421436004 0.388440860215054 34.2577735819929 3 -1 1 
1 1150 9 21 0.425036656891496 0.588709677419355 37.3655107904056 2 1 -1 
0 1150 9.6 20 0.43841642228739 0.389784946236559 34.445446434143 3 -1 1 
1 1160 9 21 0.442036290322581 0.533266129032258 19.2741679045343 2 1 -1 
0 1160 9.6 20 0.486480075901328 0.342741935483871 4.24264068711928 3 -1 1 
1 1170 9 21 0.465100111234705 0.545161290322581 35.0836569245182 2 1 -1 
0 1170 9.6 20 0.427939646201873 0.310483870967742 4.47213595499958 3 -1 1 
1 1180 9 21 0.427923387096774 0.585685483870968 24.3451718628867 2 1 -1 
0 1180 9.6 20 0.401612903225806 0.298387096774194 7.61577310586391 3 -1 1 
1 1190 9 21 0.468166383701188 0.515120967741936 32.2442860776957 2 1 -1 
0 1190 9.6 20 0.479838709677419 0.271505376344086 32.275755310466 3 -1 1 
1 1200 9 21 0.471648185483871 0.488911290322581 39.438948111564 2 1 -1 
0 1200 9.6 20 0.377103786816269 0.236895161290323 26.761123063032 3 -1 1 
1 1210 9 21 0.450436827956989 0.508064516129032 49.0889990912936 2 0 -1 
0 1210 9.6 21 0.377016129032258 0.313508064516129 27.2202885709884 3 0 1 
1 1220 9 21 0.497479838709677 0.490927419354839 47.2261484315884 2 0 -1 
0 1220 9.6 21 0.417444821731749 0.394153225806452 21.3487406776437 3 0 1 
1 1230 9 21 0.417130144605117 0.489247311827957 33.6733260648667 2 0 -1 
0 1230 9.6 21 0.401974416017798 0.433870967741935 36.7850533003382 3 0 1 
1 1240 9 21 0.391297043010753 0.549395161290323 41.0144035407262 2 0 -1 
0 1240 9.6 21 0.424007444168735 0.436827956989247 31.7263441383706 3 0 1 
1 1250 9 22 0.452188940092166 0.541666666666667 39.3447251516835 2 1 -1 
0 1250 9.6 21 0.486559139784946 0.438172043010753 28.9998622696933 3 -1 1 
1 1260 9 22 0.427264267990074 0.352822580645161 32.8293258895616 2 1 -1 
0 1260 9.6 21 0.416055718475073 0.546370967741936 6.0796376944284 3 -1 1 
1 1270 9 22 0.382296466973886 0.383064516129032 57.9481949916507 2 1 -1 
0 1270 9.6 21 0.365275142314991 0.483870967741936 11.8776621464182 3 -1 1 
1 1280 9 22 0.445340501792115 0.407258064516129 47.7379064612376 2 1 -1 
0 1280 9.6 21 0.379320276497696 0.464516129032258 17.764673924963 3 -1 1 
1 1290 9 22 0.421436004162331 0.506720430107527 17.9395447749721 2 1 -1 
0 1290 9.6 21 0.396654719235364 0.502016129032258 2.30238324293584 3 -1 1 
1 1300 9 22 0.440092165898617 0.614247311827957 6.97580600496444 2 1 -1 
0 1300 9.6 21 0.405791788856305 0.486895161290323 3.52186436287661 3 -1 1 
1 1310 9 22 0.49450146627566 0.482862903225806 46.9204917280923 2 1 -1 
0 1310 9.6 21 0.524445564516129 0.463709677419355 9.65752285919258 3 -1 1 
1 1320 9 22 0.421984572230014 0.448588709677419 41.4921348306154 2 1 -1 
0 1320 9.6 21 0.476915322580645 0.395161290322581 15.8694004624865 3 -1 1 
1 1330 9 22 0.388306451612903 0.355846774193548 31.8829245965276 2 1 -1 
0 1330 9.6 21 0.460067637877211 0.491935483870968 19.2312820663569 3 -1 1 
1 1340 9 22 0.36405529953917 0.228494623655914 6.25692281830749 2 0 -1 
0 1340 9.6 22 0.588870967741935 0.591733870967742 15.7380852859701 3 0 1 
1 1350 9 22 0.324372759856631 0.225806451612903 5.23970649408303 2 0 -1 
0 1350 9.6 22 0.511638563049853 0.69758064516129 19.8635397099569 3 0 1 
1 1360 9 22 0.370967741935484 0.233870967741935 7.70561717879093 2 0 -1 
0 1360 9.6 22 0.51926523297491 0.696572580645161 20.7733086904157 3 0 1 
1 1370 9 22 0.30510752688172 0.173387096774194 23.0488611432322 2 0 -1 
0 1370 9.6 22 0.681600955794504 0.712701612903226 13.8959162240464 3 0 1 
1 1380 9 22 0.27258064516129 0.213709677419355 16.0078105935821 2 0 -1 
0 1380 9.6 22 0.518744551002616 0.764112903225806 7.3065448123677 3 0 1 
1 1390 9 22 0.275921658986175 0.274193548387097 10.4403065089106 2 0 -1 
0 1390 9.6 22 0.551299283154122 0.719758064516129 18.2293168560545 3 0 1 
1 1400 9 23 0.196572580645161 0.26008064516129 11.0113577727726 2 1 -1 
0 1400 9.6 22 0.657930107526882 0.727822580645161 19.8025696223858 3 -1 1 
1 1410 9 23 0.283122119815668 0.161290322580645 15.3138511886428 2 1 -1 
0 1410 9.6 22 0.499409913453973 0.775537634408602 8.11527462177001 3 -1 1 
1 1420 9 23 0.378456221198157 0.204838709677419 21.6428166955292 2 1 -1 
0 1420 9.6 22 0.450604838709677 0.798387096774194 0 3 -1 1 
1 1430 9 23 0.378456221198157 0.260483870967742 12.2520365396401 2 1 -1 
0 1430 9.6 22 0.636200716845878 NaN NaN 3 -1 1 
1 1440 9 23 0.333870967741936 0.308870967741935 22.3412299255431 2 1 -1 
0 1440 9.6 22 0.498739919354839 NaN NaN 3 -1 1 
1 1450 9 23 0.395635673624288 0.419354838709677 35.9199027172009 2 1 -1 
0 1450 9.6 22 0.454781105990783 NaN NaN 3 -1 1 
1 1460 9 23 0.456494057724958 0.483870967741936 30.4504108461471 2 1 -1 
0 1460 9.6 22 0.499193548387097 NaN NaN 3 -1 1 
1 1470 9 23 0.481182795698925 0.499193548387097 38.3938007111815 2 1 -1 
0 1470 9.6 22 0.452263267429761 NaN NaN 3 -1 1 
1 1480 9 23 0.438455008488964 0.558467741935484 23.2589030790648 2 0 -1 
0 1480 9.6 23 0.426411290322581 0.155241935483871 7.51664818918645 3 0 1 
1 1490 9 24 0.506129032258064 0.543346774193548 17.4919075163535 2 1 -1 
0 1490 9.6 23 0.483064516129032 0.200268817204301 20.1008127288651 3 -1 1 
1 1500 9 24 0.450385694249649 0.528225806451613 22.9541292876841 2 1 -1 
0 1500 9.6 23 0.406989247311828 0.258064516129032 20.8963820192167 3 -1 1 
1 1510 9 24 0.404411764705882 0.476814516129032 26.2248962346645 2 1 -1 
0 1510 9.6 23 0.411514336917563 0.347782258064516 17.2209069191796 3 -1 1 
1 1520 9 24 0.484677419354839 0.506048387096774 26.0195819214379 2 1 -1 
0 1520 9.6 23 0.434879032258065 0.392137096774194 10.2519669365544 3 -1 1 
1 1530 9 24 0.44646829810901 0.494959677419355 22.9760970420376 2 1 -1 
0 1530 9.6 23 0.397495755517827 0.366935483870968 6.77588137999082 3 -1 1 
1 1540 9 24 0.444478908188586 0.620967741935484 18.0472304018022 2 1 -1 
0 1540 9.6 23 0.38858234295416 0.261088709677419 6.12391181253941 3 -1 1 
1 1550 9 24 0.647177419354839 0.694556451612903 5.21959834321028 2 1 -1 
0 1550 9.6 23 0.523521505376344 0.257258064516129 2.96055329987048 3 -1 1 
1 1560 9 24 0.485266749379653 0.6875 22.4413014059409 2 1 -1 
0 1560 9.6 23 0.509897360703812 0.195967741935484 8.73382608677359 3 -1 1 
1 1570 9 24 0.456451612903226 0.734677419354839 6.89784720255957 2 1 0 
0 1570 9.6 23 0.449092741935484 0.205645161290323 4.7435699265063 2 -1 0 
1 1580 9 24 0.651759530791789 0.752016129032258 3.2076167209408 2 1 0 
0 1580 9.6 23 0.582258064516129 0.176411290322581 5.06398628195878 2 -1 0 
1 1590 9 24 0.463133640552995 0.550806451612903 27.4261862131268 2 1 0 
0 1590 9.6 23 0.418970814132104 0.257056451612903 5.69371389591313 2 -1 0 
1 1600 9 24 0.402859237536657 0.337701612903226 34.6822015711796 2 1 0 
0 1600 9.6 23 0.439324116743472 0.373991935483871 33.4506499486892 2 -1 0 
1 1610 9 24 0.47394540942928 0.313508064516129 13.6508777244231 2 1 0 
0 1610 9.6 23 0.41888045540797 0.412298387096774 22.4873044156591 2 -1 0 
1 1620 9 24 0.44304435483871 0.372983870967742 8.98436543194146 2 1 0 
0 1620 9.6 23 0.42258064516129 0.475806451612903 19.5377805423382 2 -1 0 
1 1630 9 24 0.395711143695015 0.4375 10.7057541383795 2 1 0 
0 1630 9.6 23 0.413231780167264 0.465725806451613 17.1904553595283 2 -1 0 
1 1640 9 24 0.412826420890937 0.496774193548387 18.9994856194415 2 1 0 
0 1640 9.6 23 0.482404692082111 0.479838709677419 12.9075364531837 2 -1 0 
1 1650 9 25 0.399462365591398 0.460349462365591 23.3076295038814 2 2 0 
0 1650 9.6 23 0.395833333333333 0.440322580645161 8.69882037741301 2 -2 0 
1 1660 9 25 0.429808841099164 0.398185483870968 10.2341824871041 2 2 0 
0 1660 9.6 23 0.370007680491551 0.455645161290323 4.35153882573951 2 -2 0 
1 1670 9 25 0.493633276740238 0.409274193548387 12.0559452993011 2 1 0 
0 1670 9.6 24 0.41747311827957 0.547379032258065 4.22266815411506 2 -1 0 
1 1680 9 25 0.517622461170848 0.351814516129032 25.6818425841227 2 1 0 
0 1680 9.6 24 0.425403225806452 0.556451612903226 7.82326183973857 2 -1 0 
1 1690 9 25 0.491188769414576 0.45866935483871 27.5477969377564 2 1 0 
0 1690 9.6 24 0.477570564516129 0.485887096774194 4.28268299001031 2 -1 0 
1 1700 9 25 0.590293778801843 0.464717741935484 13.267899756435 2 1 0 
0 1700 9.6 24 0.533266129032258 0.417338709677419 2.93195155434908 2 -1 0 
1 1710 9 25 0.513638519924099 0.510483870967742 6.51527333072237 2 1 0 
0 1710 9.6 24 0.38874633431085 0.440524193548387 5.48406640955635 2 -1 0 
1 1720 9 25 0.449260752688172 0.54758064516129 6.84006363408436 2 1 0 
0 1720 9.6 24 0.448336693548387 0.407258064516129 0.863092103959151 2 -1 0 
1 1730 9 25 0.562938288920056 0.567540322580645 5.14218967032349 2 1 0 
0 1730 9.6 24 0.509072580645161 0.345430107526882 9.92352446905019 2 -1 0 
1 1740 9 25 0.436264308012487 0.459677419354839 16.9311461106604 2 1 0 
0 1740 9.6 24 0.441057874762808 0.241935483870968 24.6869995556415 2 -1 0 
1 1750 9 25 0.45586917562724 0.421774193548387 28.1658603884795 2 1 0 
0 1750 9.6 24 0.472052280311457 0.324596774193548 20.3531324370476 2 -1 0 
1 1760 9 25 0.564516129032258 0.425 24.960165139537 2 1 0 
0 1760 9.6 24 0.52962158808933 0.358870967741936 10.4403065089106 2 -1 0 
1 1770 9 25 0.381136044880785 0.425 25.2349346407725 2 1 0 
0 1770 9.6 24 0.407690092165899 0.290322580645161 16.4012194668567 2 -1 0 
1 1780 9 25 0.357685009487666 0.518548387096774 38.2520960243801 2 1 0 
0 1780 9.6 24 0.381720430107527 0.200268817204301 15.7694882786297 2 -1 0 
1 1790 9 25 0.454178885630499 0.599193548387097 50.7580271543175 2 1 0 
0 1790 9.6 24 0.474910394265233 0.171370967741935 21.1453364663163 2 -1 0 
1 1800 9 25 0.447772657450077 0.737903225806452 10.6470446873709 2 1 0 
0 1800 9.6 24 0.493401759530792 0.199193548387097 4.43039782172206 2 -1 0 
1 1810 9 25 0.435483870967742 0.758870967741935 9.46887220879999 2 1 0 
0 1810 9.6 24 0.453485023041475 0.299193548387097 41.6843145597329 2 -1 0 
1 1820 9 25 0.592741935483871 0.816129032258065 5.73620281532726 2 1 1 
0 1820 9.6 24 0.50258064516129 0.266129032258065 44.7907497838385 1 -1 -1 
1 1830 9 26 0.506552419354839 0.818548387096774 16.6013670885568 2 2 1 
0 1830 9.6 24 0.511021505376344 0.134072580645161 4.52686071301046 1 -2 -1 
1 1840 9 26 0.609010011123471 0.748991935483871 10.2192634929528 2 2 1 
0 1840 9.6 24 0.559331797235023 0.178763440860215 16.434609148912 1 -2 -1 
1 1850 9 26 0.711430575035063 0.731854838709677 8.8389893807521 2 2 1 
0 1850 9.6 24 0.712609970674487 0.228494623655914 8.50307360172853 1 -2 -1 
1 1860 9 26 0.473581757508343 0.627688172043011 11.1294875882397 2 2 1 
0 1860 9.6 24 0.358721624850657 0.221774193548387 3.13497278242922 1 -2 -1 
1 1870 9 26 0.468637992831541 0.474462365591398 25.9030685594913 2 2 1 
0 1870 9.6 24 0.451836917562724 0.294354838709677 1.94933374947972 1 -2 -1 
1 1880 9 26 0.577016129032258 0.279569892473118 30.1957568514962 2 2 1 
0 1880 9.6 24 0.440939278937381 0.346774193548387 1.60947570824873 1 -2 -1 
1 1890 9 26 0.425672043010753 0.295698924731183 15.0370575061022 2 1 1 
0 1890 9.6 25 0.375930521091811 0.345430107526882 1.85905473616376 1 -1 -1 
1 1900 9 26 0.488870967741935 0.337365591397849 15.613109044876 2 1 1 
0 1900 9.6 25 0.351814516129032 0.252688172043011 12.5674148686933 1 -1 -1 
1 1910 9 26 0.57078853046595 0.277217741935484 42.2976655518434 2 1 1 
0 1910 9.6 25 0.437144212523719 0.238911290322581 22.9180405288667 1 -1 -1 
1 1920 9 26 0.48234149054505 0.387096774193548 26.9467288990264 2 1 1 
0 1920 9.6 25 0.409022177419355 0.326612903225806 18.228131441569 1 -1 -1 
1 1930 9 26 0.428870967741936 0.46875 20.2189226834541 2 1 1 
0 1930 9.6 25 0.365986717267552 0.402217741935484 2.75 1 -1 -1 
1 1940 9 26 0.497227822580645 0.504032258064516 8.78068874019142 2 1 1 
0 1940 9.6 25 0.387096774193548 0.479838709677419 6.06386548150893 1 -1 -1 
1 1950 9 26 0.459433040078201 0.576612903225806 11.0209068329781 2 1 1 
0 1950 9.6 25 0.348973607038123 0.417338709677419 4.08560147031976 1 -1 -1 
1 1960 9 26 0.433467741935484 0.663306451612903 8.08183380314522 2 1 1 
0 1960 9.6 25 0.329301075268817 0.288978494623656 4.58355500898746 1 -1 -1 
1 1970 9 26 0.614481065918654 0.829637096774194 9.33212726482416 2 1 1 
0 1970 9.6 25 0.325513196480938 0.135752688172043 4.18595620163832 1 -1 -1 
1 1980 9 26 0.519802867383512 0.761088709677419 2.10422758871573 2 1 1 
0 1980 9.6 25 0.244134897360704 0.190860215053763 4.33332623714433 1 -1 -1 
1 1990 9 26 0.545483870967742 0.649193548387097 5.16911701523531 2 1 1 
0 1990 9.6 25 0.274193548387097 0.245967741935484 5.10704172756881 1 -1 -1 
1 2000 9 26 0.626451612903226 0.517137096774194 24.1117109353149 2 1 1 
0 2000 9.6 25 0.274193548387097 0.294354838709677 1.55009384662429 1 -1 -1 
1 2010 9 26 0.487557603686636 0.471774193548387 47.8427076138971 2 1 1 
0 2010 9.6 25 0.272379032258064 0.407258064516129 10.7857770288274 1 -1 -1 
1 2020 9 26 0.541055718475073 0.471774193548387 30.8716153412868 2 1 1 
0 2020 9.6 25 0.400537634408602 0.440322580645161 17.7794234711611 1 -1 -1 
1 2030 9 26 0.700664136622391 0.485887096774194 12.1622853038666 2 1 1 
0 2030 9.6 25 0.475806451612903 0.429435483870968 21.8758575063483 1 -1 -1 
1 2040 9 26 0.519736842105263 0.506451612903226 5.58709765475815 2 1 1 
0 2040 9.6 25 0.389006791171477 0.471774193548387 49.481257327497 1 -1 -1 
1 2050 9 27 0.474596774193548 0.525201612903226 3.58011469420189 2 2 1 
0 2050 9.6 25 0.490322580645161 0.443548387096774 0 1 -2 -1 
1 2060 9 27 0.575372208436725 0.525201612903226 12.1115794375881 2 2 1 
0 2060 9.6 25 0.50241935483871 0.358870967741936 0 1 -2 -1 
1 2070 9 27 0.513638519924099 0.508064516129032 18.1778941390587 2 2 1 
0 2070 9.6 25 0.241625310173697 0.25 0 1 -2 -1 
1 2080 9 27 0.520929339477727 0.649193548387097 15.18987656333 2 2 1 
0 2080 9.6 25 0.253024193548387 0.193548387096774 0 1 -2 -1 
1 2090 9 27 0.680695564516129 0.772177419354839 8.24413785236531 2 2 1 
0 2090 9.6 25 0.212976539589443 NaN NaN 1 -2 -1 
1 2100 9 27 0.666171477079796 0.790322580645161 3.71617088990422 2 2 2 
0 2100 9.6 25 0.213508064516129 0.125 0 0 -2 -2 
1 2110 9 27 0.649342891278375 0.799395161290323 3.48083753515938 2 2 2 
0 2110 9.6 25 0.21505376344086 0.112903225806452 0 0 -2 -2 
1 2120 9 27 0.670698924731183 0.852822580645161 8.06411766606171 2 2 2 
0 2120 9.6 25 0.21505376344086 0.112903225806452 0 0 -2 -2 
