1 30 7 1 NaN 0.275 13.5375085251181 3 0 0 
0 30 8.6 1 NaN 0.325 41.973184747485 3 0 0 
1 40 7 1 NaN 0.35625 29.6379657354841 3 0 0 
0 40 8.6 1 NaN 0.35 35.9225859887083 3 0 0 
1 50 7 1 0.39453125 0.409375 36.2969863721854 3 0 0 
0 50 8.6 1 0.36328125 0.409375 40.466616941923 3 0 0 
1 60 7 1 0.40087890625 0.4875 40.060932629262 3 0 0 
0 60 8.6 1 0.369025735294118 0.4625 41.3964344870366 3 0 0 
1 70 7 1 0.417596726190476 0.5125 29.2226047244593 3 0 0 
0 70 8.6 1 0.375411184210526 0.471875 41.7452929737083 3 0 0 
1 80 7 1 0.46296875 0.5171875 30.8332588449663 3 0 0 
0 80 8.6 1 0.444284539473684 0.4765625 42.7429449674655 3 0 0 
1 90 7 1 0.454264322916667 0.50625 32.5906650345411 3 0 0 
0 90 8.6 1 0.3915625 0.46953125 44.1442064824912 3 0 0 
1 100 7 1 0.447716346153846 0.48359375 43.0853214257931 3 0 0 
0 100 8.6 1 0.386008522727273 0.4609375 41.3968793535585 3 0 0 
1 110 7 2 0.461774553571429 0.4984375 42.8904100581771 3 0 0 
0 110 8.6 2 0.444498697916667 0.4697265625 48.4637529564363 3 0 0 
1 120 7 2 0.455078125 0.50234375 41.2085965817779 3 0 0 
0 120 8.6 2 0.381453804347826 0.4736328125 47.3472004005651 3 0 0 
1 130 7 3 0.467221467391304 0.5171875 40.9178286965876 3 1 0 
0 130 8.6 2 0.379317434210526 0.41171875 47.6919374815437 3 -1 0 
1 140 7 3 0.489169034090909 0.51640625 41.9504703102586 3 0 0 
0 140 8.6 3 0.450439453125 0.4046875 49.3280394331273 3 0 0 
1 150 7 3 0.436990489130435 0.51484375 41.4221060344622 3 0 0 
0 150 8.6 3 0.404079861111111 0.44296875 42.0330713318746 3 0 0 
1 160 7 3 0.408100328947368 0.484375 41.585498004387 3 0 0 
0 160 8.6 3 0.370476973684211 0.471875 41.5092668535121 3 0 0 
1 170 7 4 0.467507102272727 0.48671875 41.9149146783049 3 1 0 
0 170 8.6 3 0.442764945652174 0.4794921875 49.3997337345742 3 -1 0 
1 180 7 5 0.44671875 0.5109375 42.975487901192 3 1 0 
0 180 8.6 4 0.3744140625 0.41171875 47.1045999437339 3 -1 0 
1 190 7 5 0.43896484375 0.52421875 41.2814229323415 3 1 0 
0 190 8.6 4 0.376519097222222 0.40625 46.0592747608824 3 -1 0 
1 200 7 5 0.46417025862069 0.49453125 27.9386141749847 3 1 0 
0 200 8.6 4 0.456380208333333 0.4578125 28.7663111705004 3 -1 0 
1 210 7 5 0.46140625 0.50390625 5.90993324843737 3 0 0 
0 210 8.6 5 0.378038194444444 0.459375 19.5172255993808 3 0 0 
1 220 7 5 0.46240234375 0.52265625 4.99470044269488 3 0 0 
0 220 8.6 5 0.382486979166667 0.4453125 5.70867677750604 3 0 0 
1 230 7 5 0.467363911290323 0.53984375 6.31920030089542 3 0 0 
0 230 8.6 5 0.436141304347826 0.440625 7.46598249109745 3 0 0 
1 240 7 6 0.453275240384615 0.503125 10.4049752616412 3 1 0 
0 240 8.6 5 0.405427631578947 0.39375 28.7684484905819 3 -1 0 
1 250 7 6 0.459408967391304 0.5234375 3.6547347660047 3 1 0 
0 250 8.6 5 0.38984375 0.42265625 12.886464200793 3 -1 0 
1 260 7 6 0.482722355769231 0.4951171875 8.46343869449986 3 0 0 
0 260 8.6 6 0.425618489583333 0.4265625 10.1385744522252 3 0 0 
1 270 7 6 0.430376838235294 0.53515625 5.20371811572367 3 0 0 
0 270 8.6 6 0.41625 0.4375 4.61267199715552 3 0 0 
1 280 7 6 0.43994140625 0.489583333333333 4.38616506399959 3 0 0 
0 280 8.6 6 0.403421336206897 0.45078125 4.36258590831298 3 0 0 
1 290 7 6 0.464988425925926 0.4189453125 34.3027385586351 3 0 0 
0 290 8.6 6 0.4293212890625 0.50078125 5.97348875386079 3 0 0 
1 300 7 7 0.449573863636364 0.32578125 40.1395679612413 3 1 0 
0 300 8.6 6 0.423958333333333 0.45703125 22.6263823684581 3 -1 0 
1 310 7 7 0.402573529411765 0.37890625 43.1890653017926 3 0 0 
0 310 8.6 7 0.419921875 0.484375 35.3324232318896 3 0 0 
1 320 7 7 0.428645833333333 0.4359375 39.7091084675836 3 0 0 
0 320 8.6 7 0.44921875 0.4625 43.2474781131625 3 0 0 
1 330 7 7 0.437677556818182 0.49609375 40.0872601251823 3 0 0 
0 330 8.6 7 0.396484375 0.45859375 39.8925181510031 3 0 0 
1 340 7 7 0.419642857142857 0.48828125 41.8461884843128 3 0 0 
0 340 8.6 7 0.375390625 0.45390625 39.154774845823 3 0 0 
1 350 7 8 0.462740384615385 0.4859375 29.2092264441372 3 1 0 
0 350 8.6 7 0.422061011904762 0.4875 33.9428103629845 3 -1 0 
1 360 7 8 0.414306640625 0.4703125 24.0194245033151 3 0 0 
0 360 8.6 8 0.435191761363636 0.45390625 37.7082890758986 3 0 0 
1 370 7 8 0.4013671875 0.45234375 12.597324541409 3 0 0 
0 370 8.6 8 0.391813858695652 0.4921875 12.0937584430953 3 0 0 
1 380 7 8 0.46000744047619 0.453125 3.61862526322513 3 0 0 
0 380 8.6 8 0.413671875 0.51953125 4.95523320252912 3 0 0 
1 390 7 8 0.428089488636364 0.5296875 5.77545818523605 3 0 0 
0 390 8.6 8 0.44296875 0.462239583333333 21.1954176453071 3 0 0 
1 400 7 9 0.412194293478261 0.484375 7.89771204599086 3 1 0 
0 400 8.6 8 0.41171875 0.3015625 45.0756384047246 3 -1 0 
1 410 7 9 0.4578125 0.475 31.9154888745164 3 1 0 
0 410 8.6 8 0.445870535714286 0.3125 42.5132465423526 3 -1 0 
1 420 7 9 0.463485054347826 0.51640625 40.0952859854906 3 0 0 
0 420 8.6 9 0.379825367647059 0.4265625 43.3188672414926 3 0 0 
1 430 7 9 0.432350852272727 0.48046875 43.1630592665292 3 0 0 
0 430 8.6 9 0.3701171875 0.45546875 41.6153974188613 3 0 0 
1 440 7 10 0.452083333333333 0.49765625 40.9840018625445 3 1 0 
0 440 8.6 9 0.440673828125 0.482421875 48.055992205106 3 -1 0 
1 450 7 10 0.429129464285714 0.4984375 34.1931054392959 3 1 0 
0 450 8.6 9 0.41796875 0.44140625 44.375213624041 3 -1 0 
1 460 7 10 0.401041666666667 0.50859375 16.3242038467335 3 1 0 
0 460 8.6 9 0.381569602272727 0.39609375 39.4614632650954 3 -1 0 
1 470 7 10 0.449573863636364 0.56953125 7.9688044840756 3 1 0 
0 470 8.6 9 0.415690104166667 0.3625 27.0854373231847 3 -1 0 
1 480 7 11 0.440827546296296 0.62734375 9.34523275354535 3 2 0 
0 480 8.6 9 0.434375 0.3466796875 11.8637809851561 3 -2 0 
1 490 7 11 0.43017578125 0.5859375 7.29386645810689 3 2 0 
0 490 8.6 9 0.414899553571429 0.3779296875 13.0806635042401 3 -2 0 
1 500 7 11 0.452524038461538 0.540625 17.4795500038289 3 1 0 
0 500 8.6 10 0.420217803030303 0.3671875 19.0257979792796 3 -1 0 
1 510 7 11 0.459263392857143 0.51875 20.1710853694382 3 1 0 
0 510 8.6 10 0.452414772727273 0.3890625 21.3494692648347 3 -1 0 
1 520 7 11 0.446340460526316 0.5546875 18.9817964031084 3 1 0 
0 520 8.6 10 0.444733796296296 0.39140625 12.4752119873302 3 -1 0 
1 530 7 11 0.465401785714286 0.5421875 20.1549766660584 3 1 0 
0 530 8.6 10 0.440805288461538 0.434375 20.4700278983734 3 -1 0 
1 540 7 12 0.408203125 0.54296875 25.0953870375701 3 1 0 
0 540 8.6 11 0.474003232758621 0.431640625 23.8028990235892 3 -1 0 
1 550 7 12 0.447265625 0.544921875 24.915721738439 3 1 0 
0 550 8.6 11 0.418402777777778 0.3955078125 29.2380607475118 3 -1 0 
1 560 7 12 0.447620738636364 0.5302734375 25.7961330902855 3 1 0 
0 560 8.6 11 0.43203125 0.44140625 14.5307330088262 3 -1 0 
1 570 7 12 0.438232421875 0.56640625 8.70085918841475 3 1 0 
0 570 8.6 11 0.4103125 0.330078125 30.1246790391972 3 -1 0 
1 580 7 12 0.428444602272727 0.50625 13.8347673533676 3 1 0 
0 580 8.6 11 0.378551136363636 0.28203125 30.4896494435329 3 -1 0 
1 590 7 13 0.442471590909091 0.4390625 12.9053307602714 3 2 0 
0 590 8.6 11 0.411800986842105 0.378125 30.1095618487184 3 -2 0 
1 600 7 13 0.458147321428571 0.48359375 17.9056285545125 3 2 0 
0 600 8.6 11 0.366970486111111 0.408203125 34.7501358804132 3 -2 0 
1 610 7 13 0.441051136363636 0.5875 33.5786630243085 3 2 0 
0 610 8.6 11 0.373046875 0.42578125 45.6993043991715 3 -2 0 
1 620 7 14 0.483836206896552 0.56328125 36.1479537667349 3 3 0 
0 620 8.6 11 0.42822265625 0.447916666666667 51.9626644381303 3 -3 0 
1 630 7 14 0.493669181034483 0.58828125 34.6396672877374 3 2 0 
0 630 8.6 12 0.365767045454545 0.3427734375 53.2403234433841 3 -2 0 
1 640 7 14 0.472039473684211 0.646875 36.5017357515421 3 2 0 
0 640 8.6 12 0.373046875 0.341796875 46.8395967017193 3 -2 0 
1 650 7 14 0.528545673076923 0.66015625 34.5337254463165 3 2 0 
0 650 8.6 12 0.389322916666667 0.2783203125 35.1199004843028 3 -2 0 
1 660 7 15 0.54875 0.6734375 27.4054542408718 3 3 0 
0 660 8.6 12 0.40625 0.334635416666667 42.0959202009287 3 -3 0 
1 670 7 15 0.458059210526316 0.66875 34.4215990312112 3 3 0 
0 670 8.6 12 0.36015625 0.3671875 41.0030486671418 3 -3 0 
1 680 7 15 0.497295673076923 0.67109375 31.426871580427 3 3 0 
0 680 8.6 12 0.36015625 0.231770833333333 24.9145077770813 3 -3 0 
1 690 7 15 0.542834051724138 0.525 51.5929939170998 3 3 0 
0 690 8.6 12 0.35639880952381 0.208984375 16.763508721229 3 -3 0 
1 700 7 16 0.491244612068966 0.40078125 39.4836376661233 3 3 0 
0 700 8.6 13 0.37890625 0.2546875 23.5774293425096 3 -3 0 
1 710 7 16 0.482730263157895 0.44453125 34.8189724376041 3 3 0 
0 710 8.6 13 0.396998355263158 0.33125 22.4703261472359 3 -3 0 
1 720 7 16 0.5263671875 0.5296875 30.0271309357405 3 3 0 
0 720 8.6 13 0.377604166666667 0.38359375 19.8915048134799 3 -3 0 
1 730 7 16 0.441731770833333 0.571875 19.2518548765636 3 3 0 
0 730 8.6 13 0.375710227272727 0.3375 15.7462771449952 3 -3 0 
1 740 7 16 0.462805706521739 0.62265625 3.92581574941073 3 3 0 
0 740 8.6 13 0.400305706521739 0.36015625 29.246130827909 3 -3 0 
1 750 7 16 0.528053977272727 0.64140625 5.45078185232504 3 3 0 
0 750 8.6 13 0.385416666666667 0.3640625 36.6077819187917 3 -3 0 
1 760 7 16 0.472506009615385 0.6734375 16.9299376492286 3 3 0 
0 760 8.6 13 0.419921875 0.34296875 41.7406992399641 3 -3 0 
1 770 7 16 0.5423828125 0.7203125 5.21268922559202 3 2 0 
0 770 8.6 14 0.431216032608696 0.33984375 38.4549198827935 3 -2 0 
1 780 7 17 0.522693452380952 0.68359375 23.260560455325 3 3 0 
0 780 8.6 14 0.43132560483871 0.313802083333333 28.964898866133 3 -3 0 
1 790 7 17 0.455873842592593 0.5453125 23.665403284386 3 3 0 
0 790 8.6 14 0.436598557692308 0.376302083333333 8.87295905227952 3 -3 0 
1 800 7 17 0.461055871212121 0.43125 22.5347525367843 3 3 0 
0 800 8.6 14 0.436598557692308 0.397135416666667 10.7589018496298 3 -3 0 
1 810 7 17 0.538161057692308 0.4703125 30.8464709210386 3 3 0 
0 810 8.6 14 0.400691105769231 0.483072916666667 9.58392498454147 3 -3 0 
1 820 7 17 0.5079345703125 0.48125 41.6001571174344 3 3 0 
0 820 8.6 14 0.431477864583333 0.364583333333333 41.7608530500726 3 -3 0 
1 830 7 17 0.503102022058824 0.503125 48.0745895125755 3 3 0 
0 830 8.6 14 0.439877717391304 0.384114583333333 34.0793011180111 3 -3 0 
1 840 7 17 0.463541666666667 0.53515625 16.5467878847649 3 3 0 
0 840 8.6 14 0.420230263157895 0.416666666666667 24.5335653511921 3 -3 0 
1 850 7 17 0.500144675925926 0.58671875 22.8514371360765 3 3 0 
0 850 8.6 14 0.329296875 0.337239583333333 22.4558694665267 3 -3 0 
1 860 7 18 0.572916666666667 0.64609375 21.0318124407646 3 4 0 
0 860 8.6 14 0.331321022727273 0.22109375 24.0888597939334 3 -4 0 
1 870 7 18 0.485863095238095 0.60078125 21.9441821025735 3 3 0 
0 870 8.6 15 0.31494140625 0.22265625 23.1313950009997 3 -3 0 
1 880 7 18 0.477734375 0.59765625 12.0223652800651 3 3 0 
0 880 8.6 15 0.377103365384615 0.24375 25.1075390718501 3 -3 0 
1 890 7 18 0.561662946428571 0.6328125 10.0561442122008 3 3 0 
0 890 8.6 15 0.399338942307692 0.24609375 22.6118778974562 3 -3 0 
1 900 7 18 0.539171006944444 0.5875 16.7395843850375 3 3 0 
0 900 8.6 15 0.299632352941176 0.306640625 26.8235234253852 3 -3 0 
1 910 7 18 0.4921875 0.57109375 41.6153479870267 3 3 0 
0 910 8.6 15 0.36328125 0.30078125 20.6131277038055 3 -3 0 
1 920 7 18 0.609375 0.6546875 29.6346069813544 3 3 0 
0 920 8.6 15 0.461495535714286 0.26171875 13.8892430752727 3 -3 0 
1 930 7 19 0.5275390625 0.70078125 30.0842375043579 3 4 0 
0 930 8.6 15 0.279296875 0.22109375 12.3896096669062 3 -4 0 
1 940 7 19 0.556584821428571 0.7236328125 28.6285266774199 3 3 0 
0 940 8.6 16 0.311848958333333 0.22421875 3.50372996170725 3 -3 0 
1 950 7 19 0.665959821428571 0.76953125 24.0343943485555 3 3 0 
0 950 8.6 16 0.43408203125 0.19140625 6.37940815598134 3 -3 0 
1 960 7 19 0.580280172413793 0.765625 26.6710060362393 3 3 0 
0 960 8.6 16 0.36328125 0.228125 7.4578734840603 3 -3 0 
1 970 7 19 0.514868951612903 0.6796875 43.744838680153 3 3 0 
0 970 8.6 16 0.375 0.265625 24.3963965063517 3 -3 0 
1 980 7 19 0.524338942307692 0.37109375 27.2809457314075 3 2 0 
0 980 8.6 17 0.413411458333333 0.28828125 32.1212271546289 3 -2 0 
1 990 7 19 0.5 0.298828125 10.5118980208143 3 2 0 
0 990 8.6 17 0.459077380952381 0.33828125 29.5841611889932 3 -2 0 
1 1000 7 19 0.456580528846154 0.244791666666667 23.117966838884 3 2 0 
0 1000 8.6 17 0.41921875 0.471875 16.618406604375 3 -2 0 
1 1010 7 19 0.47734375 0.302083333333333 15.7918560039465 3 2 0 
0 1010 8.6 17 0.415075231481481 0.51875 11.4704476729102 3 -2 0 
1 1020 7 19 0.463107638888889 0.305989583333333 3.91807516684801 3 2 0 
0 1020 8.6 17 0.475748697916667 0.6 23.5492413311546 3 -2 0 
1 1030 7 19 0.4748046875 0.2197265625 16.1626817154341 3 2 0 
0 1030 8.6 17 0.4521875 0.6359375 14.4520893680585 3 -2 0 
1 1040 7 19 0.536024305555556 0.24765625 25.4983358509344 3 1 0 
0 1040 8.6 18 0.439924568965517 0.6390625 17.343062698248 3 -1 0 
1 1050 7 20 0.43984375 0.2953125 30.0989997907841 3 2 0 
0 1050 8.6 18 0.512310606060606 0.5953125 13.6469527438593 3 -2 0 
1 1060 7 20 0.447610294117647 0.44921875 21.6476314966521 3 2 0 
0 1060 8.6 18 0.501034007352941 0.47578125 14.4965117409585 3 -2 0 
1 1070 7 20 0.451450892857143 0.5625 12.8903287714229 3 2 0 
0 1070 8.6 18 0.478125 0.388671875 18.3713273169035 3 -2 0 
1 1080 7 20 0.41953125 0.6296875 10.9995097386894 3 2 0 
0 1080 8.6 18 0.447212837837838 0.34375 2.82842712474619 3 -2 0 
1 1090 7 20 0.394159226190476 0.6859375 13.630644028724 3 2 0 
0 1090 8.6 18 0.401424632352941 0.408203125 38.3438391400757 3 -2 0 
1 1100 7 20 0.412409855769231 0.60234375 17.116299606629 3 2 0 
0 1100 8.6 18 0.404146634615385 0.37890625 0 3 -2 0 
1 1110 7 20 0.4353125 0.528125 18.3130365049972 3 2 0 
0 1110 8.6 18 0.411272321428571 0.375 0 3 -2 0 
1 1120 7 20 0.486111111111111 0.50859375 9.89550896641542 3 2 0 
0 1120 8.6 18 0.396792763157895 0.29296875 0 3 -2 0 
1 1130 7 21 0.521369485294118 0.6109375 8.54819260654692 3 3 0 
0 1130 8.6 18 NaN 0.17578125 25.8980499309819 3 -3 0 
1 1140 7 21 0.584635416666667 0.75390625 6.23447075250398 3 2 1 
0 1140 8.6 19 NaN 0.2119140625 16.2494136650344 2 -2 -1 
1 1150 7 21 0.628125 0.7470703125 5.99516106923923 3 2 1 
0 1150 8.6 19 NaN 0.2001953125 9.66941640176646 2 -2 -1 
1 1160 7 21 0.68994140625 0.7587890625 4.77356109638572 3 2 1 
0 1160 8.6 19 0.19921875 0.197916666666667 6.22759824946917 2 -2 -1 
1 1170 7 21 0.697048611111111 0.80859375 6.75751042388114 3 2 1 
0 1170 8.6 19 0.19921875 0.15625 1 2 -2 -1 
1 1180 7 21 0.756696428571429 0.806640625 6.80328563795832 3 2 2 
0 1180 8.6 19 0.359375 0.16796875 4.03112887414927 1 -2 -2 
1 1190 7 21 0.776041666666667 0.814453125 4.49851126316655 3 2 2 
0 1190 8.6 19 0.359375 0.12890625 0 1 -2 -2 
