1 30 6.4 1 NaN 0.266129032258065 18.1214783958991 2 0 0 
0 30 9.8 1 NaN 0.296370967741936 18.751413124086 2 0 0 
1 40 6.4 1 NaN 0.279838709677419 15.9345423484576 2 0 0 
0 40 9.8 1 NaN 0.313508064516129 22.785056878966 2 0 0 
1 50 6.4 1 0.370967741935484 0.366129032258065 16.1515097908274 2 0 0 
0 50 9.8 1 0.370967741935484 0.345967741935484 32.2845793488488 2 0 0 
1 60 6.4 1 0.383064516129032 0.517741935483871 9.89025777167839 2 0 0 
0 60 9.8 1 0.383064516129032 0.435483870967742 40.6779159193735 2 0 0 
1 70 6.4 1 0.402915632754343 0.529838709677419 3.57844504555424 2 0 0 
0 70 9.8 1 0.404665898617512 0.488911290322581 29.6294138850206 2 0 0 
1 80 6.4 1 0.500672043010753 0.5 9.68782080555934 2 0 0 
0 80 9.8 1 0.457196029776675 0.403225806451613 35.3375516686123 2 0 0 
1 90 6.4 1 0.383064516129032 0.496774193548387 25.0024898768853 2 0 0 
0 90 9.8 1 0.40398185483871 0.403225806451613 37.5875374797605 2 0 0 
1 100 6.4 2 0.383064516129032 0.491129032258064 42.3593861151905 2 1 0 
0 100 9.8 1 0.426488833746898 0.421370967741936 24.7542994646943 2 -1 0 
1 110 6.4 2 0.475268817204301 0.476612903225806 38.2035452835848 2 0 0 
0 110 9.8 2 0.488636363636364 0.466733870967742 28.7314765381965 2 0 0 
1 120 6.4 2 0.402469758064516 0.490322580645161 39.8634134496427 2 0 0 
0 120 9.8 2 0.39005376344086 0.401612903225806 43.7818775612745 2 0 0 
1 130 6.4 2 0.379765395894428 0.446774193548387 38.2953990756713 2 0 0 
0 130 9.8 2 0.401497695852535 0.433064516129032 38.4081903132546 2 0 0 
1 140 6.4 3 0.484318996415771 0.491129032258064 42.2962748761005 2 1 0 
0 140 9.8 2 0.490074441687345 0.470161290322581 39.2103024319918 2 -1 0 
1 150 6.4 3 0.41173835125448 0.492741935483871 40.5097037072292 2 1 0 
0 150 9.8 2 0.390322580645161 0.466935483870968 31.7596497484448 2 -1 0 
1 160 6.4 3 0.383995037220844 0.403225806451613 42.157642890955 2 0 0 
0 160 9.8 3 0.383064516129032 0.406451612903226 28.2537571673138 2 0 0 
1 170 6.4 3 0.489247311827957 0.489516129032258 18.7467958246987 2 0 0 
0 170 9.8 3 0.477047146401985 0.45866935483871 11.8655798968668 2 0 0 
1 180 6.4 3 0.396673387096774 0.520161290322581 7.2376965739505 2 0 0 
0 180 9.8 3 0.40180265654649 0.389516129032258 27.5317508246696 2 0 0 
1 190 6.4 3 0.403729838709677 0.541129032258065 9.60909443627932 2 0 0 
0 190 9.8 3 0.400633640552995 0.418548387096774 16.1226989746023 2 0 0 
1 200 6.4 4 0.490171370967742 0.569354838709677 4.8733996458322 2 1 0 
0 200 9.8 3 0.47897465437788 0.321774193548387 20.8723119834702 2 -1 0 
1 210 6.4 4 0.431619623655914 0.490927419354839 45.0297761183115 2 1 0 
0 210 9.8 3 0.383064516129032 0.323588709677419 10.3282676318341 2 -1 0 
1 220 6.4 4 0.428379416282642 0.476814516129032 40.867326216857 2 1 0 
0 220 9.8 3 0.383064516129032 0.337701612903226 11.7882793172693 2 -1 0 
1 230 6.4 4 0.517857142857143 0.371774193548387 26.6647693974036 2 1 0 
0 230 9.8 3 0.459677419354839 0.384677419354839 26.1038123060691 2 -1 0 
1 240 6.4 4 0.458126550868486 0.37258064516129 33.3163431574018 2 0 0 
0 240 9.8 4 0.383064516129032 0.414516129032258 14.7054017035379 2 0 0 
1 250 6.4 4 0.383064516129032 0.378225806451613 13.8405068388886 2 0 0 
0 250 9.8 4 0.383064516129032 0.429838709677419 3.74561336272702 2 0 0 
1 260 6.4 4 0.467741935483871 0.421774193548387 5.32414215308436 2 0 0 
0 260 9.8 4 0.478110599078341 0.451612903225806 15.8127895976728 2 0 0 
1 270 6.4 5 0.3984375 0.438709677419355 9.37276318537263 2 0 0 
0 270 9.8 5 0.425403225806452 0.469354838709677 20.4777935441432 2 0 0 
1 280 6.4 5 0.395161290322581 0.446572580645161 3.48720532081737 2 0 0 
0 280 9.8 5 0.420110887096774 0.483870967741936 26.6366049953652 2 0 0 
1 290 6.4 5 0.456653225806452 0.422043010752688 2.63497039897745 2 -1 0 
0 290 9.8 6 0.522849462365591 0.536290322580645 28.6929759696415 2 1 0 
1 300 6.4 5 0.383064516129032 0.32258064516129 34.0846369969238 2 -1 0 
0 300 9.8 6 0.432347670250896 0.526209677419355 31.8252885540554 2 1 0 
1 310 6.4 6 0.383064516129032 0.298387096774194 39.9187431647329 2 0 0 
0 310 9.8 6 0.429435483870968 0.45 49.396531369647 2 0 0 
1 320 6.4 6 0.45497311827957 0.381451612903226 21.7435917517478 2 0 0 
0 320 9.8 6 0.532258064516129 0.451612903225806 48.1873223395733 2 0 0 
1 330 6.4 6 0.383064516129032 0.421774193548387 31.3047426069023 2 -1 0 
0 330 9.8 7 0.441348973607038 0.479838709677419 41.5025307207412 2 1 0 
1 340 6.4 6 0.383064516129032 0.479032258064516 45.5836193454092 2 -1 0 
0 340 9.8 7 0.403513824884793 0.476612903225806 38.1844870631849 2 1 0 
1 350 6.4 6 0.480702764976959 0.495967741935484 48.443399034893 2 -1 0 
0 350 9.8 7 0.473924731182796 0.465322580645161 43.0858295780022 2 1 0 
1 360 6.4 7 0.405913978494624 0.462096774193548 48.1213583845361 2 0 0 
0 360 9.8 7 0.401461693548387 0.487903225806452 40.4827584534637 2 0 0 
1 370 6.4 7 0.398118279569892 0.449193548387097 39.3506692817124 2 0 0 
0 370 9.8 7 0.412442396313364 0.487903225806452 35.8408164243866 2 0 0 
1 380 6.4 7 0.488479262672811 0.493548387096774 36.3687503975017 2 0 0 
0 380 9.8 7 0.478398617511521 0.369354838709677 40.0346775011853 2 0 0 
1 390 6.4 7 0.419567062818336 0.508064516129032 41.9064604426617 2 0 0 
0 390 9.8 7 0.383064516129032 0.38508064516129 35.1101403647551 2 0 0 
1 400 6.4 7 0.405834914611006 0.505645161290323 38.5848969657814 2 0 0 
0 400 9.8 7 0.397177419354839 0.443548387096774 38.9806400591932 2 0 0 
1 410 6.4 8 0.495967741935484 0.490322580645161 38.1701110966229 2 0 0 
0 410 9.8 8 0.477822580645161 0.387903225806452 45.9574938883868 2 0 0 
1 420 6.4 8 0.427016129032258 0.47741935483871 41.6538605380262 2 0 0 
0 420 9.8 8 0.400142314990512 0.428225806451613 44.1304371569426 2 0 0 
1 430 6.4 8 0.383064516129032 0.484677419354839 34.0170264392745 2 0 0 
0 430 9.8 8 0.383064516129032 0.42258064516129 30.7007202482088 2 0 0 
1 440 6.4 8 0.494106699751861 0.463709677419355 21.0066233207443 2 0 0 
0 440 9.8 8 0.481699751861042 0.454838709677419 15.8459781584913 2 0 0 
1 450 6.4 8 0.408378136200717 0.476612903225806 15.2400751710219 2 0 0 
0 450 9.8 8 0.407706093189964 0.469354838709677 10.0105996394974 2 0 0 
1 460 6.4 8 0.391129032258065 0.483870967741936 4.85650637384648 2 0 0 
0 460 9.8 8 0.402751423149905 0.425 19.6189422682964 2 0 0 
1 470 6.4 9 0.490783410138249 0.5625 3.81834007480663 2 1 0 
0 470 9.8 8 0.487651209677419 0.403225806451613 3.30272356549412 2 -1 0 
1 480 6.4 9 0.396673387096774 0.607862903225806 6.93444789403762 2 1 0 
0 480 9.8 8 0.430611559139785 0.33736559139785 10.397284243722 2 -1 0 
1 490 6.4 9 0.383064516129032 0.602822580645161 6.9825618747371 2 0 0 
0 490 9.8 9 0.421774193548387 0.25241935483871 22.7168726479694 2 0 0 
1 500 6.4 9 0.471438172043011 0.449596774193548 37.9886886712307 2 0 0 
0 500 9.8 9 0.505645161290323 0.288709677419355 21.5631166813532 2 0 0 
1 510 6.4 9 0.378225806451613 0.44758064516129 10.1019342155754 2 0 0 
0 510 9.8 9 0.471774193548387 0.384677419354839 23.6493118550256 2 0 0 
1 520 6.4 9 0.383995037220844 0.326612903225806 4.48070383803489 2 0 0 
0 520 9.8 9 0.460282258064516 0.515322580645161 17.3242719105142 2 0 0 
1 530 6.4 9 0.422939068100358 0.387096774193548 31.716735391972 2 0 0 
0 530 9.8 9 0.550739247311828 0.501612903225806 7.1750888036998 2 0 0 
1 540 6.4 9 0.386363636363636 0.423387096774194 38.159247749992 2 0 0 
0 540 9.8 9 0.476736972704715 0.426612903225806 12.2783405199603 2 0 0 
1 550 6.4 9 0.388536866359447 0.438508064516129 28.8809526738818 2 -1 0 
0 550 9.8 10 0.39573732718894 0.440524193548387 6.86659364972232 2 1 0 
1 560 6.4 9 0.434619815668203 0.476814516129032 11.0410686675587 2 -1 0 
0 560 9.8 10 0.523689516129032 0.46875 6.84543796729309 2 1 0 
1 570 6.4 10 0.403438030560272 0.418346774193548 34.7510341176829 2 0 0 
0 570 9.8 10 0.42741935483871 0.370967741935484 23.6277412647849 2 0 0 
1 580 6.4 10 0.399417562724014 0.484879032258065 32.9385527386593 2 0 0 
0 580 9.8 10 0.383064516129032 0.358870967741936 16.3543262920705 2 0 0 
1 590 6.4 10 0.453853046594982 0.431451612903226 29.5916870705302 2 0 0 
0 590 9.8 10 0.507444168734491 0.295967741935484 22.7924190502239 2 0 0 
1 600 6.4 10 0.420285359801489 0.424193548387097 21.6164682995819 2 0 0 
0 600 9.8 10 0.393817204301075 0.369354838709677 26.2080892183739 2 0 0 
1 610 6.4 10 0.424120234604106 0.46505376344086 12.8812664566526 2 -1 0 
0 610 9.8 11 0.383995037220844 0.426411290322581 14.2018325382439 2 1 0 
1 620 6.4 11 0.489736070381232 0.520161290322581 5.09901951359278 2 0 0 
0 620 9.8 11 0.495631720430108 0.443548387096774 1.17839458616267 2 0 0 
1 630 6.4 11 0.470307917888563 0.479838709677419 0 2 0 0 
0 630 9.8 11 0.383064516129032 0.510752688172043 2.70881248202828 2 0 0 
1 640 6.4 11 0.424395161290323 0.310483870967742 36.1628774553292 2 0 0 
0 640 9.8 11 0.383064516129032 0.393145161290323 35.8408360425937 2 0 0 
1 650 6.4 11 0.537531017369727 0.260752688172043 36.4950926494215 2 0 0 
0 650 9.8 11 0.445060483870968 0.331451612903226 36.7710319126574 2 0 0 
1 660 6.4 11 0.432459677419355 0.350806451612903 42.5799170253022 2 -1 0 
0 660 9.8 12 0.379765395894428 0.406451612903226 33.5035478059267 2 1 0 
1 670 6.4 11 0.393920595533499 0.429435483870968 25.0460806068079 2 -1 0 
0 670 9.8 12 0.387634408602151 0.436491935483871 30.5380285957998 2 1 0 
1 680 6.4 12 0.506203473945409 0.487903225806452 8.29764670159166 2 0 0 
0 680 9.8 12 0.444623655913979 0.452620967741936 30.4324084132556 2 0 0 
1 690 6.4 12 0.383064516129032 0.404838709677419 28.4279572339588 2 0 0 
0 690 9.8 12 0.448084677419355 0.382056451612903 52.8943354716589 2 0 0 
1 700 6.4 12 0.391705069124424 0.42258064516129 30.1094200450664 2 0 0 
0 700 9.8 12 0.395698924731183 0.341935483870968 50.9144072045879 2 0 0 
1 710 6.4 12 0.472177419354839 0.440322580645161 19.5857166185024 2 -1 0 
0 710 9.8 13 0.49489247311828 0.437903225806452 39.4779738032079 2 1 0 
1 720 6.4 12 0.383064516129032 0.500806451612903 5.06427658568797 2 -1 0 
0 720 9.8 13 0.422267025089606 0.487903225806452 43.6580376193755 2 1 0 
1 730 6.4 12 0.383064516129032 0.490322580645161 5.01566173446984 2 -1 0 
0 730 9.8 13 0.387672811059908 0.457258064516129 48.3684867751303 2 1 0 
1 740 6.4 13 0.521889400921659 0.541935483870968 5.58248532126956 2 0 0 
0 740 9.8 13 0.484274193548387 0.481182795698925 39.3996049868961 2 0 0 
1 750 6.4 13 0.44133064516129 0.581451612903226 2.05170275225446 2 0 0 
0 750 9.8 13 0.411827956989247 0.475806451612903 31.1125255084231 2 0 0 
1 760 6.4 13 0.397043010752688 0.603225806451613 4.27740096183463 2 0 0 
0 760 9.8 13 0.383995037220844 0.446236559139785 38.2656494527248 2 0 0 
1 770 6.4 13 0.604838709677419 0.586290322580645 5.1645043772388 2 0 0 
0 770 9.8 13 0.629032258064516 0.319354838709677 44.0270543573333 2 0 0 
1 780 6.4 13 0.405241935483871 0.563709677419355 3.88291318942651 2 -1 0 
0 780 9.8 14 0.460526315789474 0.392741935483871 32.4301433750723 2 1 0 
1 790 6.4 14 0.387096774193548 0.55241935483871 18.2570182927427 2 0 0 
0 790 9.8 14 0.401497695852535 0.409677419354839 18.513935922091 2 0 0 
1 800 6.4 14 0.443548387096774 0.45241935483871 17.5310579775329 2 0 0 
0 800 9.8 14 0.452764976958525 0.387903225806452 29.9717140992262 2 0 0 
1 810 6.4 14 0.484318996415771 0.470161290322581 17.5949645890486 2 0 0 
0 810 9.8 14 0.453225806451613 0.42741935483871 30.2538611215369 2 0 0 
1 820 6.4 14 0.383374689826303 0.47258064516129 5.80410388434395 2 0 0 
0 820 9.8 14 0.385752688172043 0.418548387096774 12.5701608108661 2 0 0 
1 830 6.4 15 0.397983870967742 0.558064516129032 3.21072155526417 2 1 0 
0 830 9.8 14 0.425691244239631 0.379032258064516 0.5 2 -1 0 
1 840 6.4 15 0.474126344086022 0.616129032258065 3.80129123591727 2 1 0 
0 840 9.8 14 0.45241935483871 0.362903225806452 1.11803398874989 2 -1 0 
1 850 6.4 15 0.40625 0.520161290322581 6.58448745823783 2 1 0 
0 850 9.8 14 0.383064516129032 0.372983870967742 1.58113883008419 2 -1 0 
1 860 6.4 15 0.438440860215054 0.496774193548387 8.44390283777737 2 1 0 
0 860 9.8 14 0.42741935483871 0.323924731182796 31.0228956787257 2 -1 0 
1 870 6.4 15 0.449344758064516 0.484677419354839 18.302095201947 2 1 0 
0 870 9.8 14 0.444168734491315 0.304838709677419 33.0067198597484 2 -1 0 
1 880 6.4 15 0.384632616487455 0.504838709677419 12.1509784761042 2 1 0 
0 880 9.8 14 0.397071307300509 0.406451612903226 12.8701425504292 2 -1 0 
1 890 6.4 15 0.402217741935484 0.49758064516129 3.92204823116811 2 0 0 
0 890 9.8 15 0.436491935483871 0.468548387096774 6.53446426471283 2 0 0 
1 900 6.4 15 0.387096774193548 0.533064516129032 9.79690935459527 2 0 0 
0 900 9.8 15 0.428268251273345 0.399193548387097 11.4056039364539 2 0 0 
1 910 6.4 15 0.402164685908319 0.49758064516129 21.2417438872826 2 0 0 
0 910 9.8 15 0.404989919354839 0.379032258064516 7.89351047307575 2 0 0 
1 920 6.4 15 0.437181663837012 0.379032258064516 7.70767257998462 2 0 0 
0 920 9.8 15 0.500268817204301 0.509677419354839 9.29520787808383 2 0 0 
1 930 6.4 16 0.423243087557604 0.321572580645161 6.51547681375452 2 1 0 
0 930 9.8 15 0.440668202764977 0.608870967741936 0 2 -1 0 
1 940 6.4 16 0.451108870967742 0.420362903225806 9.18858822698344 2 1 0 
0 940 9.8 15 0.383064516129032 0.504032258064516 0 2 -1 0 
1 950 6.4 17 0.580407969639469 0.590725806451613 14.461234103817 2 2 0 
0 950 9.8 15 0.395894428152493 NaN NaN 2 -2 0 
1 960 6.4 17 0.515456989247312 0.470766129032258 51.7171805135414 2 2 0 
0 960 9.8 15 0.338709677419355 NaN NaN 2 -2 0 
1 970 6.4 17 0.501152073732719 0.47883064516129 50.9059206733869 2 2 0 
0 970 9.8 15 0.390322580645161 0.133064516129032 3.46611521255606 2 -2 0 
1 980 6.4 17 0.618087557603687 0.433870967741935 37.885689543736 2 1 0 
0 980 9.8 16 0.383064516129032 0.207661290322581 13.0662395203225 2 -1 0 
1 990 6.4 17 0.537550403225806 0.476612903225806 39.0517737573943 2 1 0 
0 990 9.8 16 0.316715542521994 0.275806451612903 27.4066399506707 2 -1 0 
1 1000 6.4 17 0.419102822580645 0.445967741935484 18.2780049286728 2 1 0 
0 1000 9.8 16 0.378360215053763 0.320161290322581 23.1609745657944 2 -1 0 
1 1010 6.4 17 0.586290322580645 0.384677419354839 41.7056096891796 2 1 0 
0 1010 9.8 16 0.378360215053763 0.375 31.5747422587719 2 -1 0 
1 1020 6.4 17 0.468245967741936 0.416935483870968 30.7483216459804 2 1 0 
0 1020 9.8 16 0.385263929618768 0.419354838709677 11.9597396673042 2 -1 0 
1 1030 6.4 17 0.439068100358423 0.528225806451613 11.9517174342878 2 1 0 
0 1030 9.8 16 0.392961876832845 0.4 3.91909819838271 2 -1 0 
1 1040 6.4 17 0.615384615384615 0.513709677419355 8.80822301485054 2 1 0 
0 1040 9.8 16 0.445276497695853 0.415322580645161 11.9691356263289 2 -1 0 
1 1050 6.4 17 0.493519585253456 0.542741935483871 6.5514908690734 2 0 0 
0 1050 9.8 17 0.291666666666667 0.432459677419355 22.0502021660128 2 0 0 
1 1060 6.4 18 0.442275042444822 0.518548387096774 5.15657142437267 2 1 0 
0 1060 9.8 17 0.336405529953917 0.443548387096774 7.47262215569349 2 -1 0 
1 1070 6.4 18 0.614601018675722 0.505645161290323 3.69074294800455 2 1 0 
0 1070 9.8 17 0.336405529953917 0.443548387096774 4.27200187265877 2 -1 0 
1 1080 6.4 18 0.514047866805411 0.588709677419355 9.11062532927834 2 1 0 
0 1080 9.8 17 0.314784946236559 0.358870967741936 0 2 -1 0 
1 1090 6.4 18 0.476766513056836 0.579032258064516 11.0092967098036 2 1 0 
0 1090 9.8 17 0.320564516129032 0.205645161290323 19.9812412026881 2 -1 0 
1 1100 6.4 18 0.632680491551459 0.517741935483871 5.34393438217688 2 1 0 
0 1100 9.8 17 0.320564516129032 0.282258064516129 8.06225774829855 2 -1 0 
1 1110 6.4 19 0.496117084826762 0.625806451612903 3.04172821400625 2 2 0 
0 1110 9.8 17 0.307347670250896 0.334677419354839 4.7169905660283 2 -2 0 
1 1120 6.4 19 0.383064516129032 0.665322580645161 4.45678554230478 2 2 0 
0 1120 9.8 17 0.322004608294931 0.17741935483871 16.3197294073397 2 -2 0 
1 1130 6.4 19 0.604838709677419 0.662903225806452 2.29822024184499 2 2 0 
0 1130 9.8 17 0.316532258064516 0.217741935483871 13.1961914771873 2 -2 0 
1 1140 6.4 19 0.581905241935484 0.718548387096774 5.75103466387286 2 2 0 
0 1140 9.8 17 0.340322580645161 0.270161290322581 1 2 -2 0 
1 1150 6.4 20 0.508064516129032 0.744354838709677 3.88668462262737 2 3 1 
0 1150 9.8 17 0.379032258064516 0.213709677419355 4.5 1 -3 -1 
1 1160 6.4 20 0.583333333333333 0.804032258064516 3.30483838548056 2 3 1 
0 1160 9.8 17 0.379765395894428 0.167338709677419 2.69258240356725 1 -3 -1 
1 1170 6.4 20 0.561290322580645 0.804032258064516 6.08471327807428 2 3 1 
0 1170 9.8 17 0.383374689826303 0.150537634408602 3.88406850484895 1 -3 -1 
