1 30 10 1 NaN 0.19140625 2.51997187917859 3 0 0 
0 30 13 1 NaN 0.29375 23.2071825723456 3 0 0 
1 40 10 1 NaN 0.23984375 1.7112974480335 3 0 0 
0 40 13 1 NaN 0.33984375 31.4925606810382 3 0 0 
1 50 10 1 0.36328125 0.30703125 23.2700692980489 3 0 0 
0 50 13 1 NaN 0.38984375 37.4961071977525 3 0 0 
1 60 10 1 0.3703125 0.44140625 45.1661279732353 3 0 0 
0 60 13 1 0.40087890625 0.44375 42.4840234133342 3 0 0 
1 70 10 1 0.371323529411765 0.4875 55.6015421879724 3 0 0 
0 70 13 1 0.4142578125 0.4828125 46.057708942758 3 0 0 
1 80 10 1 0.451891447368421 0.4671875 57.1778492621479 3 0 0 
0 80 13 1 0.4841796875 0.484375 53.8780936721346 3 0 0 
1 90 10 1 0.3828125 0.4546875 46.9707637247534 3 0 0 
0 90 13 1 0.451822916666667 0.5265625 53.1615755799997 3 0 0 
1 100 10 1 0.399857954545455 0.48203125 39.9882514522269 3 0 0 
0 100 13 1 0.430013020833333 0.5146484375 63.422711461712 3 0 0 
1 110 10 2 0.434273097826087 0.46015625 42.2135621836479 3 0 0 
0 110 13 2 0.474712171052632 0.41640625 63.79898925375 3 0 0 
1 120 10 2 0.408854166666667 0.47890625 46.6828459298764 3 0 0 
0 120 13 2 0.44484375 0.453125 54.0891012881066 3 0 0 
1 130 10 2 0.384375 0.45 52.6699934975335 3 0 0 
0 130 13 2 0.423650568181818 0.50703125 43.7394471507976 3 0 0 
1 140 10 3 0.434895833333333 0.47109375 51.8826470549695 3 1 0 
0 140 13 2 0.461447010869565 0.5046875 40.9283108472523 3 -1 0 
1 150 10 3 0.41796875 0.45859375 50.7350416331127 3 0 0 
0 150 13 3 0.44970703125 0.496875 40.1101108903582 3 0 0 
1 160 10 3 0.3701171875 0.47734375 44.325073752665 3 0 0 
0 160 13 3 0.431919642857143 0.50859375 30.874497005848 3 0 0 
1 170 10 4 0.4361328125 0.4734375 40.5621326763966 3 1 0 
0 170 13 3 0.454769736842105 0.48515625 32.7895875579764 3 -1 0 
1 180 10 4 0.385360054347826 0.4443359375 48.9067750334982 3 0 0 
0 180 13 4 0.431189903846154 0.50859375 39.4118009311974 3 0 0 
1 190 10 4 0.370876736111111 0.4677734375 48.2127951110252 3 0 0 
0 190 13 4 0.4349609375 0.4953125 40.786027299058 3 0 0 
1 200 10 5 0.455946180555556 0.39609375 55.7631359309034 3 0 0 
0 200 13 5 0.492578125 0.4484375 47.261641896209 3 0 0 
1 210 10 5 0.414388020833333 0.365625 57.589231243867 3 0 0 
0 210 13 5 0.4388671875 0.45234375 48.1618372503628 3 0 0 
1 220 10 5 0.377790178571429 0.3603515625 39.6339579492583 3 0 0 
0 220 13 5 0.4138671875 0.48125 38.7096441966689 3 0 0 
1 230 10 5 0.436311141304348 0.350260416666667 38.2054810347391 3 -1 0 
0 230 13 6 0.46484375 0.471875 26.1364893638863 3 1 0 
1 240 10 6 0.398065476190476 0.3642578125 55.5924359615589 3 0 0 
0 240 13 6 0.44873046875 0.4984375 21.9982611301806 3 0 0 
1 250 10 6 0.412434895833333 0.3171875 44.1716646670393 3 0 0 
0 250 13 6 0.43890625 0.5171875 17.5147309715295 3 0 0 
1 260 10 6 0.433407738095238 0.3890625 34.7971109413459 3 0 0 
0 260 13 6 0.46484375 0.54375 29.4058949114331 3 0 0 
1 270 10 6 0.424641927083333 0.4546875 29.4347060103658 3 -1 0 
0 270 13 7 0.475694444444444 0.5546875 31.4899951920022 3 1 0 
1 280 10 6 0.409705528846154 0.45234375 31.6162434427613 3 -1 0 
0 280 13 7 0.458274147727273 0.5140625 28.5679348584004 3 1 0 
1 290 10 7 0.447405133928571 0.4828125 30.1953429676125 3 0 0 
0 290 13 7 0.441592261904762 0.52109375 20.2527553945894 3 0 0 
1 300 10 7 0.4228125 0.484375 28.2210210961466 3 0 0 
0 300 13 7 0.417738970588235 0.490885416666667 35.9368981021306 3 0 0 
1 310 10 7 0.394736842105263 0.43671875 34.1315149986521 3 0 0 
0 310 13 7 0.420809659090909 0.470052083333333 41.6943186464458 3 0 0 
1 320 10 8 0.444490131578947 0.41171875 36.1478530991315 3 1 0 
0 320 13 7 0.448350694444444 0.371875 59.2709044009172 3 -1 0 
1 330 10 8 0.415885416666667 0.4171875 32.061703998567 3 1 0 
0 330 13 7 0.444957386363636 0.4359375 25.4113668304109 3 -1 0 
1 340 10 8 0.394701086956522 0.41640625 17.5118403636408 3 0 0 
0 340 13 8 0.4134765625 0.4890625 9.56125867595594 3 0 0 
1 350 10 8 0.40943287037037 0.4734375 6.86283204458182 3 0 0 
0 350 13 8 0.462611607142857 0.4736328125 4.25846412458323 3 0 0 
1 360 10 8 0.43875 0.49609375 6.15954887430214 3 0 0 
0 360 13 8 0.422585227272727 0.434895833333333 24.2615272866016 3 0 0 
1 370 10 8 0.434044471153846 0.4619140625 15.6665026030533 3 0 0 
0 370 13 8 0.410714285714286 0.3466796875 30.0601884820785 3 0 0 
1 380 10 9 0.440354567307692 0.35 40.6997982769511 3 1 0 
0 380 13 8 0.468098958333333 0.378125 33.346565717293 3 -1 0 
1 390 10 9 0.458705357142857 0.3734375 47.256511635485 3 1 0 
0 390 13 8 0.400965073529412 0.41953125 33.4742919164138 3 -1 0 
1 400 10 9 0.387251420454545 0.42421875 45.4958945636669 3 0 0 
0 400 13 9 0.401041666666667 0.46171875 22.9574552966222 3 0 0 
1 410 10 9 0.410714285714286 0.453125 39.5653894865763 3 0 0 
0 410 13 9 0.476190476190476 0.48515625 10.8562839253285 3 0 0 
1 420 10 9 0.426846590909091 0.4859375 32.9578280437482 3 0 0 
0 420 13 9 0.439871651785714 0.44921875 15.568568660077 3 0 0 
1 430 10 10 0.380859375 0.505859375 31.609264244894 3 1 0 
0 430 13 9 0.406427556818182 0.46875 13.1343649297607 3 -1 0 
1 440 10 10 0.420955882352941 0.473958333333333 53.0937189248719 3 0 0 
0 440 13 10 0.485677083333333 0.4521484375 20.057761223223 3 0 0 
1 450 10 10 0.425551470588235 0.3837890625 52.9965004721906 3 0 0 
0 450 13 10 0.432771381578947 0.4814453125 30.4247523486274 3 0 0 
1 460 10 10 0.383522727272727 0.477864583333333 60.044911881931 3 0 0 
0 460 13 10 0.4013671875 0.4078125 35.8921666773472 3 0 0 
1 470 10 10 0.477481617647059 0.3603515625 59.2742114515272 3 0 0 
0 470 13 10 0.449835526315789 0.48984375 51.8343409195238 3 0 0 
1 480 10 11 0.454799107142857 0.4521484375 48.970492169366 3 1 0 
0 480 13 10 0.422334558823529 0.431640625 44.7184755332599 3 -1 0 
1 490 10 11 0.40546875 0.40546875 35.0319264806431 3 1 0 
0 490 13 10 0.404296875 0.515625 12.6866018676089 3 -1 0 
1 500 10 11 0.421740301724138 0.3779296875 20.4218385286125 3 0 0 
0 500 13 11 0.446875 0.544921875 25.4734454959489 3 0 0 
1 510 10 11 0.463030133928571 0.3984375 10.0724392177022 3 0 0 
0 510 13 11 0.427083333333333 0.481770833333333 23.362670674271 3 0 0 
1 520 10 11 0.43234375 0.412760416666667 5.82723705321864 3 0 0 
0 520 13 11 0.417436079545455 0.540364583333333 3.34756341546478 3 0 0 
1 530 10 11 0.422631048387097 0.390625 43.2380744530294 3 0 0 
0 530 13 11 0.443452380952381 0.4345703125 32.3334615981708 3 0 0 
1 540 10 11 0.480113636363636 0.31875 32.9759117635558 3 0 0 
0 540 13 11 0.453125 0.39765625 45.1843598071129 3 0 0 
1 550 10 12 0.436311141304348 0.43125 3.81118654187669 3 1 0 
0 550 13 11 0.441856971153846 0.4287109375 26.1407252923862 3 -1 0 
1 560 10 12 0.433293269230769 0.440625 8.2809022213922 3 1 0 
0 560 13 11 0.463068181818182 0.50390625 22.5230919744354 3 -1 0 
1 570 10 12 0.4529296875 0.478125 24.2195273780715 3 1 0 
0 570 13 11 0.432291666666667 0.419921875 24.8741332409328 3 -1 0 
1 580 10 12 0.425931490384615 0.46953125 27.7294978574575 3 0 0 
0 580 13 12 0.416193181818182 0.39453125 36.1726384518647 3 0 0 
1 590 10 12 0.4208984375 0.4814453125 22.4724975213924 3 0 0 
0 590 13 12 0.447716346153846 0.412760416666667 33.1705566712168 3 0 0 
1 600 10 13 0.440047554347826 0.3486328125 45.6388683903534 3 1 0 
0 600 13 12 0.419828869047619 0.419270833333333 9.93969082710211 3 -1 0 
1 610 10 13 0.423295454545455 0.294921875 43.4946258475932 3 1 0 
0 610 13 12 0.464334239130435 0.48828125 8.25058105961151 3 -1 0 
1 620 10 13 0.413707386363636 0.32265625 41.6001658425748 3 1 0 
0 620 13 12 0.484544836956522 0.3828125 46.9808016833969 3 -1 0 
1 630 10 13 0.471875 0.36171875 35.9517790370092 3 0 0 
0 630 13 13 0.423046875 0.416015625 38.2296376109945 3 0 0 
1 640 10 13 0.420072115384615 0.4640625 28.221026687227 3 0 0 
0 640 13 13 0.428385416666667 0.4638671875 26.6220448701361 3 0 0 
1 650 10 14 0.422926682692308 0.513671875 7.87275846860895 3 1 0 
0 650 13 13 0.447088068181818 0.400390625 39.910380166599 3 -1 0 
1 660 10 14 0.4565625 0.4365234375 17.2696650536087 3 1 0 
0 660 13 13 0.454613095238095 0.4296875 18.3575597506858 3 -1 0 
1 670 10 14 0.407924107142857 0.5224609375 7.19554681652618 3 1 0 
0 670 13 13 0.431107954545455 NaN NaN 3 -1 0 
1 680 10 14 0.4384765625 0.47578125 39.446116298812 3 1 0 
0 680 13 13 0.4533203125 NaN NaN 3 -1 0 
1 690 10 15 0.485131048387097 0.5328125 44.4133925031128 3 2 0 
0 690 13 13 0.39453125 0.169921875 0.707106781186548 3 -2 0 
1 700 10 15 0.467489919354839 0.57890625 37.2076992954422 3 2 0 
0 700 13 13 NaN 0.197265625 17.7237877825491 3 -2 0 
1 710 10 16 0.531131628787879 0.56796875 35.7391267289626 3 3 0 
0 710 13 13 NaN 0.25 24.4549152710767 3 -3 0 
1 720 10 16 0.528459821428571 0.509375 28.4906979524209 3 3 0 
0 720 13 13 0.349609375 0.3578125 21.5236646588351 3 -3 0 
1 730 10 16 0.507161458333333 0.49609375 10.9232372652054 3 2 0 
0 730 13 14 NaN 0.38671875 22.6470517140961 3 -2 0 
1 740 10 16 0.5572509765625 0.54296875 17.1755755537592 3 2 0 
0 740 13 14 NaN 0.33984375 24.5424264328844 3 -2 0 
1 750 10 16 0.584773936170213 0.4853515625 47.4507487321448 3 2 0 
0 750 13 14 0.337239583333333 0.287760416666667 15.4202666582781 3 -2 0 
1 760 10 16 0.544152462121212 0.529296875 42.5654501992545 3 1 0 
0 760 13 15 NaN 0.2666015625 20.5691579041677 3 -1 0 
1 770 10 17 0.558363970588235 0.48046875 24.6507564664474 3 2 0 
0 770 13 15 NaN 0.2724609375 20.764729179892 3 -2 0 
1 780 10 17 0.525540865384615 0.453125 12.6788735562446 3 2 0 
0 780 13 15 0.323299632352941 0.2546875 22.4495868407783 3 -2 0 
1 790 10 17 0.500459558823529 0.390625 5.24359811204469 3 2 0 
0 790 13 15 0.380514705882353 0.35859375 23.5360411469723 3 -2 0 
1 800 10 17 0.483623798076923 0.39453125 4.93034356813456 3 2 0 
0 800 13 15 0.384602864583333 0.42734375 16.3538484585264 3 -2 0 
1 810 10 17 0.492995689655172 0.4265625 19.3451990293507 3 2 0 
0 810 13 15 0.435855263157895 0.4328125 16.3029668916597 3 -2 0 
1 820 10 17 0.468610491071429 0.3921875 6.78591404565461 3 1 0 
0 820 13 16 0.430729166666667 0.4755859375 25.1370618941019 3 -1 0 
1 830 10 17 0.585205078125 0.4 6.0635758189292 3 1 0 
0 830 13 16 0.421595982142857 0.396484375 31.8297993167502 3 -1 0 
1 840 10 17 0.495442708333333 0.5015625 4.75221353549024 3 1 0 
0 840 13 16 0.3759765625 0.2373046875 10.205439991883 3 -1 0 
1 850 10 17 0.47265625 0.53125 17.8935595137137 3 1 0 
0 850 13 16 0.400111607142857 0.2177734375 6.35353219445096 3 -1 0 
1 860 10 17 0.558965773809524 0.565625 7.09301947136551 3 1 0 
0 860 13 16 0.450420673076923 0.3056640625 11.2088019317465 3 -1 0 
1 870 10 18 0.510561342592593 0.56953125 4.20114851231698 3 2 0 
0 870 13 16 0.362458881578947 0.28515625 0 3 -2 0 
1 880 10 18 0.444056919642857 0.57265625 3.87568096584829 3 2 0 
0 880 13 16 0.36279296875 0.3046875 0 3 -2 0 
1 890 10 18 0.543547453703704 0.48671875 49.5400169485333 3 2 0 
0 890 13 16 0.412841796875 0.28515625 0 3 -2 0 
1 900 10 18 0.5087890625 0.50703125 53.0898465412263 3 2 0 
0 900 13 16 0.365542763157895 0.2890625 0 3 -2 0 
1 910 10 18 0.489149305555556 0.46796875 33.2102410757409 3 2 0 
0 910 13 16 0.458147321428571 0.26171875 9.60468635614927 3 -2 0 
1 920 10 19 0.539789244186046 0.475 31.1536957099462 3 3 0 
0 920 13 16 0.4921875 0.24375 12.2228498709248 3 -3 0 
1 930 10 19 0.535757211538462 0.58984375 12.4700594438689 3 3 0 
0 930 13 16 0.30546875 0.2546875 6.86070567019425 3 -3 0 
1 940 10 19 0.524701286764706 0.67265625 7.33742853451466 3 2 0 
0 940 13 17 0.352982954545455 0.28828125 12.5368225570285 3 -2 0 
1 950 10 19 0.59765625 0.75078125 3.76864275694583 3 2 0 
0 950 13 17 0.396158854166667 0.3046875 18.8303092792754 3 -2 0 
1 960 10 19 0.511603860294118 0.73046875 6.06991039395389 3 2 0 
0 960 13 17 0.356534090909091 0.29375 26.8975965052695 3 -2 0 
1 970 10 19 0.4908447265625 0.621875 26.8171615479655 3 2 0 
0 970 13 17 0.37890625 0.24296875 14.2528497298206 3 -2 0 
1 980 10 19 0.587384259259259 0.49453125 13.1576778366568 3 2 0 
0 980 13 17 0.377840909090909 0.334375 15.659151001094 3 -2 0 
1 990 10 20 0.512920673076923 0.425 21.4810564149931 3 3 0 
0 990 13 17 0.344184027777778 0.46875 15.8890836242225 3 -3 0 
1 1000 10 20 0.48546875 0.4390625 15.8582890344122 3 3 0 
0 1000 13 17 0.402994791666667 0.498046875 2.91547594742265 3 -3 0 
1 1010 10 20 0.565146169354839 0.3609375 54.8407039835495 3 3 0 
0 1010 13 17 0.4017578125 0.44921875 8.54400374531753 3 -3 0 
1 1020 10 20 0.523065476190476 0.45390625 51.0344892665193 3 2 0 
0 1020 13 18 0.341552734375 0.404296875 36.9391391345278 3 -2 0 
1 1030 10 20 0.536808894230769 0.50625 52.4079180295002 3 2 0 
0 1030 13 18 0.378196022727273 0.4765625 0 3 -2 0 
1 1040 10 20 0.533962673611111 0.55390625 39.0033664973596 3 2 0 
0 1040 13 18 0.372159090909091 0.271484375 17.4427635425124 3 -2 0 
1 1050 10 20 0.507677801724138 0.5828125 29.0976152496552 3 2 0 
0 1050 13 18 0.360677083333333 0.25 21.0297408448131 3 -2 0 
1 1060 10 20 0.462126358695652 0.57734375 33.6653487779179 3 2 0 
0 1060 13 18 0.405348557692308 0.30859375 8.66879919725627 3 -2 0 
1 1070 10 20 0.495768229166667 0.5890625 27.186238901425 3 2 0 
0 1070 13 18 0.405348557692308 0.317708333333333 3.72370654598797 3 -2 0 
1 1080 10 20 0.530548878205128 0.515625 28.2268404624299 3 2 0 
0 1080 13 18 NaN 0.2841796875 24.3369347576626 3 -2 0 
1 1090 10 21 0.537715517241379 0.509765625 39.1327088050996 3 3 0 
0 1090 13 18 NaN 0.21875 10.1584572429227 3 -3 0 
1 1100 10 21 0.573087993421053 0.528645833333333 14.5902454537 3 2 0 
0 1100 13 19 NaN 0.3037109375 20.9844561557953 3 -2 0 
1 1110 10 21 0.555215371621622 0.575520833333333 11.7687342523113 3 2 0 
0 1110 13 19 NaN 0.197265625 20.5548047910945 3 -2 0 
1 1120 10 21 0.574535472972973 0.649739583333333 16.1442517462633 3 2 1 
0 1120 13 19 NaN 0.2421875 9.7082439194738 2 -2 -1 
1 1130 10 21 0.585029069767442 0.669270833333333 4.99940978680776 3 2 2 
0 1130 13 19 NaN 0.2578125 4.47213595499958 1 -2 -2 
1 1140 10 21 0.585436698717949 0.657552083333333 14.489689724151 3 2 2 
0 1140 13 19 NaN 0.22265625 4.47213595499958 1 -2 -2 
1 1150 10 21 0.54140625 0.4541015625 15.7808941183471 3 2 3 
0 1150 13 19 NaN 0.227864583333333 13.8524159129428 0 -2 -3 
1 1160 10 21 0.543701171875 0.3994140625 5.23089585744393 3 1 3 
0 1160 13 20 0.39453125 0.299479166666667 16.014377370923 0 -1 -3 
1 1170 10 22 0.54484375 0.35078125 25.286959467201 3 2 3 
0 1170 13 20 0.315204326923077 0.26484375 23.9199351223706 0 -2 -3 
1 1180 10 22 0.470341435185185 0.41484375 11.3397272009317 3 2 3 
0 1180 13 20 0.383501838235294 0.31015625 26.4703143853348 0 -2 -3 
1 1190 10 22 0.471309267241379 0.490625 27.4925283038159 3 2 3 
0 1190 13 20 0.39453125 0.334375 22.2277110385138 0 -2 -3 
1 1200 10 22 0.528192934782609 0.59765625 24.3223644785773 3 2 3 
0 1200 13 20 0.311580882352941 0.328125 12.4865690766221 0 -2 -3 
1 1210 10 22 0.591331845238095 0.66171875 20.1470839610069 3 2 3 
0 1210 13 20 0.310724431818182 0.2353515625 7.09047486831758 0 -2 -3 
1 1220 10 22 0.635690789473684 0.765625 8.70394879578094 3 2 3 
0 1220 13 20 0.299278846153846 0.2109375 6.02632629926957 0 -2 -3 
1 1230 10 22 0.695556640625 0.77890625 8.4670375642402 3 2 3 
0 1230 13 20 0.300223214285714 0.1943359375 9.85426292968495 0 -2 -3 
1 1240 10 22 0.770647321428571 0.809375 6.58417026268755 3 2 3 
0 1240 13 20 NaN 0.18359375 5.73514012354141 0 -2 -3 
