1 30 12.6 1 NaN 0.254032258064516 18.5549355680397 3 0 0 
0 30 12 1 NaN 0.276209677419355 24.5160591697611 3 0 0 
1 40 12.6 1 NaN 0.269354838709677 13.4551730267256 3 0 0 
0 40 12 1 NaN 0.344354838709677 27.1872639155369 3 0 0 
1 50 12.6 1 0.379032258064516 0.37258064516129 22.5739458398656 3 0 0 
0 50 12 1 0.380040322580645 0.40241935483871 29.0394794065256 3 0 0 
1 60 12.6 1 0.383064516129032 0.457258064516129 12.5001226300462 3 0 0 
0 60 12 1 0.383064516129032 0.47258064516129 24.5791549682705 3 0 0 
1 70 12.6 1 0.423003072196621 0.519354838709677 6.75205671439338 3 0 0 
0 70 12 1 0.40994623655914 0.433064516129032 27.3053788664951 3 0 0 
1 80 12.6 1 0.46968339307049 0.504032258064516 3.09955651562088 3 0 0 
0 80 12 1 0.47116935483871 0.453225806451613 27.561733472219 3 0 0 
1 90 12.6 1 0.416017797552837 0.517741935483871 11.9840049210889 3 0 0 
0 90 12 1 0.431818181818182 0.450806451612903 25.484616054644 3 0 0 
1 100 12.6 1 0.419354838709677 0.487903225806452 13.1676177128378 3 0 0 
0 100 12 1 0.396505376344086 0.465322580645161 28.0182566513483 3 0 0 
1 110 12.6 2 0.463548387096774 0.470967741935484 25.552038867784 3 0 0 
0 110 12 2 0.47741935483871 0.467741935483871 25.4506545842145 3 0 0 
1 120 12.6 2 0.415860215053763 0.479838709677419 22.8713682301548 3 0 0 
0 120 12 2 0.401935483870968 0.470161290322581 25.8412103671406 3 0 0 
1 130 12.6 2 0.417952314165498 0.483870967741936 24.4587342267825 3 0 0 
0 130 12 2 0.431259600614439 0.485483870967742 24.9132455064291 3 0 0 
1 140 12.6 2 0.48252688172043 0.467741935483871 16.7186502695419 3 0 0 
0 140 12 2 0.480606758832565 0.481854838709677 29.5628868987583 3 0 0 
1 150 12.6 3 0.408452807646356 0.488709677419355 15.5098419634348 3 0 0 
0 150 12 3 0.405764635603345 0.467741935483871 21.9833601576479 3 0 0 
1 160 12.6 3 0.426893408134642 0.470967741935484 16.058859961469 3 0 0 
0 160 12 3 0.383512544802867 0.391935483870968 31.6466955697445 3 0 0 
1 170 12.6 3 0.477318548387097 0.487903225806452 19.7356366558186 3 0 0 
0 170 12 3 0.466275659824047 0.439516129032258 25.5949743495928 3 0 0 
1 180 12.6 3 0.422127016129032 0.472782258064516 15.052865252877 3 0 0 
0 180 12 3 0.414905450500556 0.462096774193548 18.6463395378021 3 0 0 
1 190 12.6 4 0.423963133640553 0.504032258064516 15.1166192788714 3 0 0 
0 190 12 4 0.425161290322581 0.449193548387097 24.9323860419952 3 0 0 
1 200 12.6 4 0.472222222222222 0.411290322580645 36.3572115352735 3 0 0 
0 200 12 4 0.466346153846154 0.455645161290323 20.0588722536297 3 0 0 
1 210 12.6 4 0.404569892473118 0.42258064516129 25.6180855995864 3 0 0 
0 210 12 4 0.427851382488479 0.486290322580645 23.3262840078735 3 0 0 
1 220 12.6 4 0.40937019969278 0.428225806451613 22.2652439382409 3 -1 0 
0 220 12 5 0.444944168734491 0.470161290322581 20.0783098322112 3 1 0 
1 230 12.6 5 0.458394428152493 0.44758064516129 21.7075608416315 3 0 0 
0 230 12 5 0.483198924731183 0.47258064516129 19.4993486362865 3 0 0 
1 240 12.6 5 0.393985215053763 0.475 21.5769366325062 3 0 0 
0 240 12 5 0.429813508064516 0.483870967741936 17.7161363443193 3 0 0 
1 250 12.6 5 0.402164685908319 0.479838709677419 20.2709273601403 3 0 0 
0 250 12 5 0.389112903225806 0.470161290322581 21.9170321858051 3 0 0 
1 260 12.6 5 0.470430107526882 0.487096774193548 23.5205064186661 3 -1 0 
0 260 12 6 0.485215053763441 0.47741935483871 25.768579284097 3 1 0 
1 270 12.6 6 0.403070719602978 0.499193548387097 16.910749589691 3 0 0 
0 270 12 6 0.430931321540062 0.471774193548387 20.7455478460605 3 0 0 
1 280 12.6 6 0.407624633431085 0.462096774193548 18.6139740009225 3 0 0 
0 280 12 6 0.419690860215054 0.409274193548387 40.7807749776904 3 0 0 
1 290 12.6 6 0.483870967741936 0.47741935483871 19.5634812917775 3 0 0 
0 290 12 6 0.482819074333801 0.475806451612903 21.3254831171343 3 0 0 
1 300 12.6 6 0.407978110599078 0.469354838709677 11.1882214268797 3 0 0 
0 300 12 6 0.427679500520291 0.478225806451613 19.2607723474783 3 0 0 
1 310 12.6 6 0.401998597475456 0.49758064516129 14.3221908295021 3 0 0 
0 310 12 6 0.392190152801358 0.455645161290323 19.6623640323069 3 0 0 
1 320 12.6 7 0.481416549789621 0.500806451612903 26.2938064450679 3 0 0 
0 320 12 7 0.45041816009558 0.451612903225806 21.9154041342113 3 0 0 
1 330 12.6 7 0.424557752341311 0.511290322580645 32.7936472118332 3 0 0 
0 330 12 7 0.420698924731183 0.391935483870968 39.3741306694226 3 0 0 
1 340 12.6 7 0.38328853046595 0.474193548387097 17.641487221969 3 0 0 
0 340 12 7 0.461079943899018 0.381451612903226 33.5390155790088 3 0 0 
1 350 12.6 7 0.444052419354839 0.461693548387097 13.7049539788379 3 0 0 
0 350 12 7 0.459551411290323 0.466935483870968 21.324312660323 3 0 0 
1 360 12.6 7 0.381451612903226 0.426411290322581 14.6013784566717 3 0 0 
0 360 12 7 0.438085327783559 0.504838709677419 11.4938588738914 3 0 0 
1 370 12.6 7 0.387717121588089 0.359677419354839 22.3646918142747 3 -1 0 
0 370 12 8 0.508548387096774 0.507258064516129 15.4318316071101 3 1 0 
1 380 12.6 7 0.38594470046083 0.401612903225806 25.8133407116104 3 -1 0 
0 380 12 8 0.540322580645161 0.520967741935484 18.298032651696 3 1 0 
1 390 12.6 8 0.383064516129032 0.410483870967742 27.9402876230947 3 0 0 
0 390 12 8 0.456797235023041 0.566532258064516 4.96068415957368 3 0 0 
1 400 12.6 8 0.384024577572965 0.384677419354839 24.198479997688 3 0 0 
0 400 12 8 0.395398481973435 0.5625 3.81480670105075 3 0 0 
1 410 12.6 8 0.463133640552995 0.362096774193548 32.7217819306235 3 -1 0 
0 410 12 9 0.471041055718475 0.585685483870968 3.87896127601044 3 1 0 
1 420 12.6 8 0.420250896057348 0.410483870967742 27.2620246773561 3 -1 0 
0 420 12 9 0.421774193548387 0.555645161290323 20.3706094882732 3 1 0 
1 430 12.6 8 0.387733446519525 0.434677419354839 21.1440401390192 3 -1 0 
0 430 12 9 0.432678821879383 0.487096774193548 15.6503853771754 3 1 0 
1 440 12.6 9 0.4696519524618 0.453225806451613 10.1048166032794 3 0 0 
0 440 12 9 0.48252688172043 0.471774193548387 13.9251636538992 3 0 0 
1 450 12.6 9 0.383064516129032 0.437903225806452 6.81394986985872 3 0 0 
0 450 12 9 0.415178571428571 0.508064516129032 5.67342287341376 3 0 0 
1 460 12.6 9 0.414095371669004 0.463709677419355 8.13208048460355 3 0 0 
0 460 12 9 0.42557123655914 0.469758064516129 9.99208070930446 3 0 0 
1 470 12.6 9 0.465437788018433 0.431451612903226 5.46546290063066 3 0 0 
0 470 12 9 0.471644120707596 0.429032258064516 32.0336262797602 3 0 0 
1 480 12.6 9 0.39077840112202 0.470430107526882 10.3105859211567 3 -1 0 
0 480 12 10 0.421579532814238 0.370161290322581 28.8046486500187 3 1 0 
1 490 12.6 9 0.419354838709677 0.399193548387097 5.23465448649926 3 -1 0 
0 490 12 10 0.451262272089762 0.484677419354839 16.9109991602948 3 1 0 
1 500 12.6 9 0.474462365591398 0.231451612903226 22.4042647283038 3 -1 0 
0 500 12 10 0.506384408602151 0.509677419354839 17.3573494061531 3 1 0 
1 510 12.6 9 0.393975332068311 0.313709677419355 13.9243762993791 3 -1 0 
0 510 12 10 0.436113911290323 0.562903225806452 13.1952188438997 3 1 0 
1 520 12.6 9 0.409778225806452 0.42258064516129 7.67822011633026 3 -1 0 
0 520 12 10 0.417741935483871 0.525 13.0683294297863 3 1 0 
1 530 12.6 10 0.44489247311828 0.375 26.3208744005871 3 -1 0 
0 530 12 11 0.492943548387097 0.543346774193548 7.65155720528845 3 1 0 
1 540 12.6 10 0.438130040322581 0.341935483870968 10.3035498062915 3 -1 0 
0 540 12 11 0.406546489563567 0.553225806451613 14.5923630870023 3 1 0 
1 550 12.6 10 0.424395161290323 0.387096774193548 12.1776742841914 3 -1 0 
0 550 12 11 0.383064516129032 0.51008064516129 8.21437573090803 3 1 0 
1 560 12.6 10 0.476290322580645 0.501612903225806 9.24244434625419 3 -1 0 
0 560 12 11 0.453725038402458 0.440524193548387 16.3069004397862 3 1 0 
1 570 12.6 11 0.435987903225806 0.508870967741936 3.66633098324636 3 0 0 
0 570 12 11 0.432171658986175 0.450268817204301 20.4652442712011 3 0 0 
1 580 12.6 11 0.436033724340176 0.587096774193548 5.49247739125688 3 0 0 
0 580 12 11 0.401881720430108 0.416666666666667 13.7107548893227 3 0 0 
1 590 12.6 11 0.458450210378682 0.541935483870968 4.60866642904359 3 0 0 
0 590 12 11 0.477374551971326 0.420698924731183 2.10675674882388 3 0 0 
1 600 12.6 11 0.45497311827957 0.541129032258065 3.26135971660429 3 0 0 
0 600 12 11 0.453091397849462 0.331653225806452 36.9534992887159 3 0 0 
1 610 12.6 11 0.434274193548387 0.491935483870968 5.42234013534953 3 0 0 
0 610 12 11 0.419959677419355 0.320564516129032 41.3944728505502 3 0 0 
1 620 12.6 11 0.447983870967742 0.494354838709677 10.744228770669 3 0 0 
0 620 12 11 0.501251390433815 0.386088709677419 29.0261979462761 3 0 0 
1 630 12.6 11 0.407855436081243 0.458064516129032 6.80161149430346 3 -1 0 
0 630 12 12 0.474951124144673 0.463709677419355 20.4227077862739 3 1 0 
1 640 12.6 11 0.416508538899431 0.369354838709677 5.42818220260177 3 -1 0 
0 640 12 12 0.456265508684864 0.534274193548387 4.63403968849974 3 1 0 
1 650 12.6 11 0.471774193548387 0.353225806451613 18.8932742349999 3 -1 0 
0 650 12 12 0.492047491039427 0.519153225806452 24.687904682307 3 1 0 
1 660 12.6 12 0.365591397849462 0.385483870967742 22.6588378068375 3 0 0 
0 660 12 12 0.492703533026114 0.530241935483871 26.163265829509 3 0 0 
1 670 12.6 12 0.393145161290323 0.409677419354839 26.6355239015591 3 0 0 
0 670 12 12 0.500149342891278 0.548387096774194 31.5311256927731 3 0 0 
1 680 12.6 12 0.420362903225806 0.39758064516129 29.1418997171391 3 -1 0 
0 680 12 13 0.568884408602151 0.564516129032258 32.3311555226275 3 1 0 
1 690 12.6 12 0.385700992555831 0.366935483870968 25.8502238779794 3 -1 0 
0 690 12 13 0.483544027898867 0.537634408602151 32.8512187609199 3 1 0 
1 700 12.6 12 0.446869070208729 0.414314516129032 7.69592825319716 3 -1 0 
0 700 12 13 0.486803519061584 0.467741935483871 45.8956515833196 3 1 0 
1 710 12.6 12 0.495493358633776 0.47883064516129 3.43641327623201 3 -1 0 
0 710 12 13 0.52627471383975 0.490322580645161 29.2390796328764 3 1 0 
1 720 12.6 12 0.357459677419355 0.454637096774194 8.04649863631836 3 -1 0 
0 720 12 13 0.453503024193548 0.495967741935484 6.47849909709474 3 1 0 
1 730 12.6 12 0.398924731182796 0.355645161290323 26.1782761801967 3 -1 0 
0 730 12 13 0.48310291858679 0.524193548387097 10.539086558814 3 1 0 
1 740 12.6 13 0.458921370967742 0.400806451612903 13.6844054415396 3 -1 0 
0 740 12 14 0.513074291300098 0.503024193548387 5.43937863312307 3 1 0 
1 750 12.6 13 0.375 0.458064516129032 3.55855271865075 3 -1 0 
0 750 12 14 0.4522238514174 0.492943548387097 6.28143391774559 3 1 0 
1 760 12.6 13 0.418951612903226 0.510483870967742 2.15244634043498 3 -1 0 
0 760 12 14 0.421836228287841 0.451612903225806 5 3 1 0 
1 770 12.6 13 0.443399044205496 0.52258064516129 4.55791762132241 3 -1 0 
0 770 12 14 0.528001792114695 0.443548387096774 11.7046999107196 3 1 0 
1 780 12.6 13 0.389976958525346 0.494354838709677 4.80587822316136 3 -1 0 
0 780 12 14 0.492383512544803 0.445564516129032 4.03112887414927 3 1 0 
1 790 12.6 14 0.432315668202765 0.413709677419355 26.0164931628386 3 0 0 
0 790 12 14 0.472650771388499 0.360215053763441 37.0117146096739 3 0 0 
1 800 12.6 14 0.417562724014337 0.367741935483871 41.0938022895187 3 0 0 
0 800 12 14 0.522177419354839 0.420362903225806 24.0669818947285 3 0 0 
1 810 12.6 14 0.368064516129032 0.357258064516129 43.3746235635708 3 0 0 
0 810 12 14 0.485568760611205 0.469758064516129 18.3270538576124 3 0 0 
1 820 12.6 14 0.412634408602151 0.353225806451613 41.3515883654443 3 -1 0 
0 820 12 15 0.495657568238213 0.479838709677419 20.9836296669206 3 1 0 
1 830 12.6 14 0.434979838709677 0.374193548387097 23.4235125876435 3 -1 0 
0 830 12 15 0.520645161290323 0.476814516129032 12.3224606469552 3 1 0 
1 840 12.6 14 0.388957816377171 0.387903225806452 14.4714591578832 3 -1 0 
0 840 12 15 0.474168346774194 0.518145161290323 11.6555846085828 3 1 0 
1 850 12.6 14 0.447931276297335 0.470161290322581 12.8502194807754 3 -1 0 
0 850 12 15 0.482320099255583 0.595766129032258 2.44825557678617 3 1 0 
1 860 12.6 14 0.462609970674487 0.491129032258064 10.7427959294391 3 -1 0 
0 860 12 15 0.537065756823821 0.65241935483871 11.1355441294987 3 1 0 
1 870 12.6 14 0.406017369727047 0.515322580645161 14.5737500461017 3 -1 0 
0 870 12 15 0.440524193548387 0.571774193548387 23.1885802238315 3 1 0 
1 880 12.6 15 0.494847670250896 0.526612903225806 18.9951235494524 3 -1 0 
0 880 12 16 0.414406158357771 0.426612903225806 13.01130911938 3 1 0 
1 890 12.6 15 0.487735215053763 0.391129032258065 16.2818582606623 3 -1 0 
0 890 12 16 0.558870967741935 0.432258064516129 18.3147423990406 3 1 0 
1 900 12.6 15 0.437403993855607 0.300806451612903 7.74972488443437 3 -1 0 
0 900 12 16 0.455095307917889 0.453629032258065 7.27442348448099 3 1 0 
1 910 12.6 15 0.465542521994135 0.457258064516129 14.3904152000933 3 -1 0 
0 910 12 16 0.398556876061121 0.449596774193548 6.5007192205319 3 1 0 
1 920 12.6 15 0.465112201963534 0.519354838709677 5.851875059312 3 -1 0 
0 920 12 16 0.439784946236559 0.482862903225806 12.4559486949406 3 1 0 
1 930 12.6 15 0.409139784946237 0.537903225806452 4.07046317162134 3 -1 0 
0 930 12 16 0.473416965352449 0.441532258064516 13.6873533580645 3 1 0 
1 940 12.6 15 0.439068100358423 0.537903225806452 5.65410896175472 3 -1 0 
0 940 12 16 0.384600614439324 0.446774193548387 10.0195928563509 3 1 0 
1 950 12.6 15 0.441084229390681 0.496774193548387 2.29351534089005 3 -1 0 
0 950 12 16 0.478548387096774 0.475 6.85656792627105 3 1 0 
1 960 12.6 15 0.39238042269188 0.381048387096774 8.84590300647707 3 -2 0 
0 960 12 17 0.470139494333043 0.505645161290323 15.885413188066 3 2 0 
1 970 12.6 16 0.423588709677419 0.379032258064516 5.8309518948453 3 -1 0 
0 970 12 17 0.499395161290323 0.559475806451613 8.81747963687653 3 1 0 
1 980 12.6 16 0.484181141439206 0.350806451612903 2.82842712474619 3 -1 0 
0 980 12 17 0.572958669354839 0.606182795698925 8.58382082535862 3 1 0 
1 990 12.6 16 0.415754608294931 0.36491935483871 3.35410196624968 3 -1 0 
0 990 12 17 0.493503584229391 0.530913978494624 11.7332052087762 3 1 0 
1 1000 12.6 16 0.466532258064516 0.265120967741936 34.0215589741469 3 -1 0 
0 1000 12 17 0.498350439882698 0.502688172043011 8.19738519743487 3 1 0 
1 1010 12.6 16 0.475332068311195 0.284677419354839 16.6298640207413 3 -1 0 
0 1010 12 17 0.5787841191067 0.455645161290323 1.55009384662429 3 1 0 
1 1020 12.6 16 0.374288425047438 0.289516129032258 13.1790385132358 3 -1 0 
0 1020 12 17 0.470819185059423 0.493279569892473 4.50863488401628 3 1 0 
1 1030 12.6 16 0.427620967741936 0.369354838709677 21.4190311008971 3 -2 0 
0 1030 12 18 0.457586618876941 0.414314516129032 41.9527614764822 3 2 0 
1 1040 12.6 16 0.429939516129032 0.476612903225806 14.5934416897052 3 -2 0 
0 1040 12 18 0.556141439205955 0.459677419354839 38.5941803617139 3 2 0 
1 1050 12.6 17 0.398387096774194 0.486290322580645 11.0542698949815 3 -1 0 
0 1050 12 18 0.499495967741936 0.514112903225806 20.8653745575056 3 1 0 
1 1060 12.6 17 0.420110887096774 0.485483870967742 8.87610743489999 3 -1 0 
0 1060 12 18 0.490634755463059 0.626008064516129 12.0238322403017 3 1 0 
1 1070 12.6 17 0.435696095076401 0.480645161290323 8.96281006209493 3 -1 0 
0 1070 12 18 0.56080220713073 0.649193548387097 1.7185149300222 3 1 0 
1 1080 12.6 17 0.379516129032258 0.455645161290323 12.3075939576987 3 -1 0 
0 1080 12 18 0.519886363636364 0.647177419354839 9.32092370041211 3 1 0 
1 1090 12.6 17 0.4125 0.429838709677419 13.8641215142956 3 -1 0 
0 1090 12 18 0.581472291149711 0.643145161290323 16.5198232361227 3 1 0 
1 1100 12.6 17 0.42684331797235 0.404032258064516 23.6445752860809 3 -2 0 
0 1100 12 19 0.631149193548387 0.578629032258065 25.7530218747162 3 2 0 
1 1110 12.6 17 0.362478777589134 0.455645161290323 33.8688013513179 3 -2 0 
0 1110 12 19 0.554707933740192 0.592741935483871 28.2014259591019 3 2 0 
1 1120 12.6 18 0.414650537634409 0.45 34.7899289151203 3 -1 0 
0 1120 12 19 0.48764308012487 0.508064516129032 0 3 1 0 
1 1130 12.6 18 0.460349462365591 0.460483870967742 26.7607719533148 3 -1 0 
0 1130 12 19 0.464429723502304 0.487903225806452 0 3 1 0 
1 1140 12.6 18 0.353260869565217 0.454032258064516 27.8801052723266 3 -1 0 
0 1140 12 19 0.491935483870968 0.32258064516129 0 3 1 0 
1 1150 12.6 18 0.418682795698925 0.484677419354839 20.1109062649008 3 -1 0 
0 1150 12 19 0.493496357960458 0.338709677419355 0 3 1 0 
1 1160 12.6 19 0.441784274193548 0.479032258064516 18.1910610226288 3 0 0 
0 1160 12 19 0.521505376344086 NaN NaN 3 0 0 
1 1170 12.6 19 0.40607210626186 0.495161290322581 19.5481615049291 3 0 0 
0 1170 12 19 0.478074596774194 0.173387096774194 0 3 0 0 
1 1180 12.6 19 0.447763929618768 0.546774193548387 12.6141697761349 3 0 0 
0 1180 12 19 0.44489247311828 0.173387096774194 13.9283882771841 3 0 0 
1 1190 12.6 19 0.521774193548387 0.549193548387097 10.23838112898 3 0 0 
0 1190 12 19 0.544779286926995 0.306451612903226 16.6966321415705 3 0 0 
1 1200 12.6 19 0.445292066259808 0.595161290322581 9.51768961878043 3 0 0 
0 1200 12 19 0.502016129032258 0.327620967741936 5.76543847299679 3 0 0 
1 1210 12.6 20 0.491786140979689 0.654032258064516 5.77236745381811 3 1 0 
0 1210 12 19 0.411714770797963 0.3125 18.1858038389961 3 -1 0 
1 1220 12.6 20 0.553427419354839 0.712096774193548 6.48459341380512 3 1 0 
0 1220 12 19 0.404121863799283 0.310483870967742 24.8243831746128 3 -1 0 
1 1230 12.6 20 0.544466845878136 0.750806451612903 4.99563140120356 3 1 1 
0 1230 12 19 0.386088709677419 0.185483870967742 5.65685424949238 2 -1 -1 
1 1240 12.6 20 0.527808676307008 0.781451612903226 3.55619823939997 3 1 1 
0 1240 12 19 0.388104838709677 0.201612903225806 0 2 -1 -1 
1 1250 12.6 21 0.635 0.787903225806452 5.23458203226006 3 1 1 
0 1250 12 20 0.377822580645161 NaN NaN 2 -1 -1 
1 1260 12.6 21 0.612903225806452 0.795161290322581 4.15197501458351 3 1 1 
0 1260 12 20 0.212701612903226 NaN NaN 2 -1 -1 
1 1270 12.6 21 0.656362007168459 0.810483870967742 2.07289418084469 3 1 1 
0 1270 12 20 0.344758064516129 0.278225806451613 0 2 -1 -1 
