1 30 7 1 NaN 0.26015625 3.38616980014725 4 0 2 
0 30 7 1 NaN 0.19375 8.18686854989966 2 0 -2 
1 40 7 1 NaN 0.28359375 15.3251453855508 4 0 2 
0 40 7 1 0.351128472222222 0.2140625 12.7321476443464 2 0 -2 
1 50 7 1 NaN 0.35625 22.1142979693655 4 0 2 
0 50 7 1 0.353412828947368 0.2578125 18.6843433046305 2 0 -2 
1 60 7 1 0.507161458333333 0.4640625 29.5713804597859 4 0 2 
0 60 7 1 0.374441964285714 0.4 30.1084676945421 2 0 -2 
1 70 7 1 0.508928571428571 0.49609375 32.5088313904721 4 0 2 
0 70 7 1 0.429375 0.4484375 41.1085465507861 2 0 -2 
1 80 7 1 0.511393229166667 0.50625 32.1116879994289 4 0 2 
0 80 7 1 0.398667279411765 0.4421875 34.2926245400708 2 0 -2 
1 90 7 1 0.519071691176471 0.51796875 33.302096829949 4 0 2 
0 90 7 1 0.378566576086957 0.41484375 34.9684654791696 2 0 -2 
1 100 7 2 0.5171875 0.509375 32.1803340563395 4 1 2 
0 100 7 1 0.414950284090909 0.44765625 33.1608510772295 2 -1 -2 
1 110 7 2 0.516036184210526 0.5078125 34.4059573097844 4 0 2 
0 110 7 2 0.396821120689655 0.4671875 37.5475571458067 2 0 -2 
1 120 7 2 0.549136513157895 0.52265625 32.3936205937768 4 0 2 
0 120 7 2 0.373757102272727 0.41015625 38.3452530628105 2 0 -2 
1 130 7 3 0.55390625 0.5125 32.7798441433274 4 1 2 
0 130 7 2 0.37890625 0.4375 37.1373503695715 2 -1 -2 
1 140 7 3 0.554470486111111 0.5375 33.0679275819092 4 0 2 
0 140 7 3 0.370515046296296 0.39765625 35.3993037891344 2 0 -2 
1 150 7 4 0.549579326923077 0.5625 28.6265022345901 4 1 2 
0 150 7 3 0.372395833333333 0.396875 34.2915425715922 2 -1 -2 
1 160 7 4 0.538628472222222 0.528645833333333 18.3228068034449 4 0 2 
0 160 7 4 0.41328125 0.40234375 38.7790965921937 2 0 -2 
1 170 7 4 0.532552083333333 0.4306640625 42.4445360488655 4 0 2 
0 170 7 4 0.391059027777778 0.4265625 36.4750768548044 2 0 -2 
1 180 7 4 0.52734375 0.4515625 41.5591368491529 4 0 2 
0 180 7 4 0.398046875 0.4421875 33.3455069776854 2 0 -2 
1 190 7 4 0.512784090909091 0.4859375 21.4804607401139 4 0 2 
0 190 7 4 0.436598557692308 0.4484375 34.3558909302667 2 0 -2 
1 200 7 4 0.504774305555556 0.50078125 5.49408742480608 4 -1 2 
0 200 7 5 0.403371710526316 0.453125 22.2981256114744 2 1 -2 
1 210 7 5 0.493303571428571 0.496875 10.1287138140664 4 0 2 
0 210 7 5 0.415398848684211 0.41640625 17.5252236370741 2 0 -2 
1 220 7 5 0.480859375 0.49609375 13.3771536757491 4 0 2 
0 220 7 5 0.453459821428571 0.40546875 20.4078781233547 2 0 -2 
1 230 7 5 0.48046875 0.54296875 27.1240968806954 4 0 2 
0 230 7 5 0.436798878205128 0.384375 24.8154976382362 2 0 -2 
1 240 7 6 0.472222222222222 0.55703125 28.3031410885851 4 1 2 
0 240 7 5 0.422413793103448 0.4578125 28.4259331240919 2 -1 -2 
1 250 7 6 0.547092013888889 0.51171875 35.3904987921709 4 1 2 
0 250 7 5 0.39453125 0.4328125 26.7827022164635 2 -1 -2 
1 260 7 6 0.5625 0.5302734375 32.0689514715837 4 0 2 
0 260 7 6 0.39203125 0.41953125 22.5401276336458 2 0 -2 
1 270 7 6 0.553819444444444 0.515625 26.3559401870188 4 0 2 
0 270 7 6 0.379616477272727 0.425 36.5020056728293 2 0 -2 
1 280 7 6 0.532858455882353 0.45 43.1552313160782 4 0 2 
0 280 7 6 0.4005859375 0.4296875 29.3348667871242 2 0 -2 
1 290 7 7 0.532398897058824 0.4013671875 40.4320662925322 4 1 2 
0 290 7 6 0.3974609375 0.4828125 16.6035720727833 2 -1 -2 
1 300 7 7 0.53828125 0.455078125 20.3782566666005 4 0 2 
0 300 7 7 0.376302083333333 0.41875 15.4079149585287 2 0 -2 
1 310 7 7 0.514787946428571 0.4755859375 24.968207034606 4 0 2 
0 310 7 7 0.413383152173913 0.4515625 21.813347563793 2 0 -2 
1 320 7 7 0.514723557692308 0.435546875 28.738830571958 4 0 2 
0 320 7 7 0.402228860294118 0.4703125 27.8397229839901 2 0 -2 
1 330 7 7 0.51171875 0.43359375 23.370870128963 4 0 2 
0 330 7 7 0.395703125 0.4578125 24.8127680793138 2 0 -2 
1 340 7 7 0.505208333333333 0.41015625 33.5115029799345 4 0 2 
0 340 7 7 0.463169642857143 0.44609375 16.5152147119347 2 0 -2 
1 350 7 7 0.505208333333333 0.435546875 16.701975633445 4 -1 2 
0 350 7 8 0.415205792682927 0.4677734375 13.2661762399653 2 1 -2 
1 360 7 8 0.505859375 0.4677734375 6.55379212548129 4 0 2 
0 360 7 8 0.398168103448276 0.41796875 14.2847722354244 2 0 -2 
1 370 7 8 0.549045138888889 0.465625 30.0978054094865 4 0 2 
0 370 7 8 0.42919921875 0.3623046875 35.0453164693017 2 0 -2 
1 380 7 8 0.549045138888889 0.48125 28.1098691611895 4 0 2 
0 380 7 8 0.404188368055556 0.32109375 31.530262952894 2 0 -2 
1 390 7 8 0.533203125 0.53671875 25.535000572493 4 0 2 
0 390 7 8 0.394241898148148 0.309375 29.9068746672091 2 0 -2 
1 400 7 9 0.547265625 0.4931640625 42.3122183165494 4 1 2 
0 400 7 8 0.403459821428571 0.38984375 24.3821942305012 2 -1 -2 
1 410 7 9 0.54765625 0.55078125 58.1348568810814 4 0 2 
0 410 7 9 0.384244791666667 0.4078125 25.961296515457 2 0 -2 
1 420 7 9 0.507568359375 0.4560546875 54.6556656225834 4 0 2 
0 420 7 9 0.356847426470588 0.403125 39.5279330204721 2 0 -2 
1 430 7 9 0.4990234375 0.4619140625 39.2827000361724 4 0 2 
0 430 7 9 0.40523097826087 0.44296875 40.4869720196226 2 0 -2 
1 440 7 9 0.506138392857143 0.37890625 33.9160356763508 4 0 2 
0 440 7 9 0.396065848214286 0.459375 47.7128917025143 2 0 -2 
1 450 7 9 0.5400390625 0.43828125 45.8448987727681 4 -1 2 
0 450 7 10 0.369419642857143 0.375 35.3962582190622 2 1 -2 
1 460 7 10 0.538651315789474 0.45 34.7065064982992 4 0 2 
0 460 7 10 0.393152573529412 0.35546875 23.5852394338442 2 0 -2 
1 470 7 10 0.538651315789474 0.52421875 28.2529239014665 4 0 2 
0 470 7 10 0.387096774193548 0.39140625 28.2676592190073 2 0 -2 
1 480 7 10 0.583333333333333 0.55859375 24.8154088823521 4 0 2 
0 480 7 10 0.3796875 0.3890625 24.1926006639765 2 0 -2 
1 490 7 10 0.546875 0.520833333333333 29.098180759183 4 -1 2 
0 490 7 11 0.41578125 0.45546875 30.0826193316407 2 1 -2 
1 500 7 10 0.551618303571429 0.47265625 16.1440089389124 4 -1 2 
0 500 7 11 0.395073784722222 0.43828125 34.9218731539916 2 1 -2 
1 510 7 10 0.526971726190476 0.494140625 4.7169905660283 4 -1 2 
0 510 7 11 0.40625 0.4078125 39.8955358317367 2 1 -2 
1 520 7 10 0.536389802631579 0.296875 40.4982517426659 4 -1 2 
0 520 7 11 0.427951388888889 0.39921875 47.8134356363139 2 1 -2 
1 530 7 11 0.505326704545455 0.419921875 39.7778312242254 4 0 2 
0 530 7 11 0.404658564814815 0.33359375 45.4960967421551 2 0 -2 
1 540 7 11 0.490808823529412 0.4359375 46.7872554515919 4 0 2 
0 540 7 11 0.39671875 0.38671875 46.3062874410547 2 0 -2 
1 550 7 11 0.499348958333333 0.4796875 31.4970497431323 4 0 2 
0 550 7 11 0.41171875 0.3984375 31.5003155601136 2 0 -2 
1 560 7 11 0.493489583333333 0.48125 34.3747240746962 4 -1 2 
0 560 7 12 0.40625 0.40703125 36.2898823515695 2 1 -2 
1 570 7 11 0.539713541666667 0.50234375 44.7576544169837 4 -1 2 
0 570 7 12 0.371448863636364 0.45 29.7044532039556 2 1 -2 
1 580 7 11 0.559053308823529 0.5537109375 40.3239460772764 4 -1 2 
0 580 7 12 0.383501838235294 0.4171875 17.0838243593163 2 1 -2 
1 590 7 12 0.5654296875 0.561197916666667 25.824623451988 4 0 2 
0 590 7 12 0.36171875 0.529296875 2.5738791203813 2 0 -2 
1 600 7 12 0.5478515625 0.657552083333333 23.793349003243 4 0 2 
0 600 7 12 0.357886904761905 0.4423828125 15.6238492328692 2 0 -2 
1 610 7 12 0.600260416666667 0.446875 43.4081779534644 4 0 2 
0 610 7 12 0.363037109375 0.4228515625 12.8002326194699 2 0 -2 
1 620 7 12 0.600260416666667 0.388020833333333 30.982342312426 4 -1 2 
0 620 7 13 0.35835597826087 0.357421875 29.9728545699409 2 1 -2 
1 630 7 13 0.595703125 0.477864583333333 4.30882086744321 4 0 2 
0 630 7 13 0.3603515625 0.381510416666667 21.3938898062738 2 0 -2 
1 640 7 13 0.590587797619048 0.572265625 10.5475115548645 4 0 2 
0 640 7 13 0.369735054347826 0.349609375 3.64005494464026 2 0 -2 
1 650 7 13 0.590587797619048 0.369140625 41.9355560245047 4 0 2 
0 650 7 13 0.365167025862069 0.185546875 14.8070928949608 2 0 -2 
1 660 7 13 0.598366477272727 0.3837890625 36.021713126008 4 0 2 
0 660 7 13 0.362941576086957 0.16015625 5.79251677680463 2 0 -2 
1 670 7 13 0.577880859375 0.4578125 44.5493265053172 4 0 2 
0 670 7 13 0.383854166666667 0.2328125 28.1319073515821 2 0 -2 
1 680 7 13 0.57861328125 0.5078125 38.6843083443113 4 -1 2 
0 680 7 14 0.369342672413793 0.3109375 21.4752926682679 2 1 -2 
1 690 7 14 0.563802083333333 0.515625 45.3079089019808 4 0 2 
0 690 7 14 0.367357336956522 0.34375 32.656786582766 2 0 -2 
1 700 7 14 0.556206597222222 0.502604166666667 32.9406363294437 4 0 2 
0 700 7 14 0.414713541666667 0.392578125 45.0686200625799 2 0 -2 
1 710 7 14 0.557291666666667 0.4921875 40.4830346922725 4 0 2 
0 710 7 14 0.380253232758621 0.4443359375 24.2386159131707 2 0 -2 
1 720 7 14 0.486607142857143 0.411458333333333 42.7415588640015 4 -1 2 
0 720 7 15 0.362748579545455 0.4052734375 22.7805518305461 2 1 -2 
1 730 7 14 0.56875 0.3671875 51.1060749130808 4 -1 2 
0 730 7 15 0.445870535714286 0.34140625 34.0606130127407 2 1 -2 
1 740 7 15 0.5869140625 0.40234375 40.038536914753 4 0 2 
0 740 7 15 0.4033203125 0.3359375 41.1510069831293 2 0 -2 
1 750 7 15 0.6025390625 0.459375 34.7731044454509 4 0 2 
0 750 7 15 0.373934659090909 0.3703125 33.0913435196337 2 0 -2 
1 760 7 15 0.51806640625 0.4765625 9.38449476132048 4 0 2 
0 760 7 15 0.40625 0.41640625 32.6200297733347 2 0 -2 
1 770 7 15 0.51806640625 0.4234375 29.0163600610387 4 0 2 
0 770 7 15 0.408052884615385 0.369791666666667 34.4934347213145 2 0 -2 
1 780 7 15 0.5205078125 0.4384765625 27.3511388491843 4 -1 2 
0 780 7 16 0.377232142857143 0.33984375 37.8549864614954 2 1 -2 
1 790 7 16 0.54375 0.5087890625 15.0395455859912 4 0 2 
0 790 7 16 0.4134765625 0.306640625 32.6879182573623 2 0 -2 
1 800 7 16 0.54375 0.54296875 16.5718590657545 4 0 2 
0 800 7 16 0.401893028846154 0.23828125 18 2 0 -2 
1 810 7 16 0.563020833333333 0.49609375 27.3193410669953 4 0 2 
0 810 7 16 0.388997395833333 0.266927083333333 20.9183819816362 2 0 -2 
1 820 7 16 0.558159722222222 0.443359375 27.2745158093659 4 0 2 
0 820 7 16 0.484375 0.21953125 24.7697417778889 2 0 -2 
1 830 7 16 0.567434210526316 0.38984375 27.5977332432658 4 0 2 
0 830 7 16 0.446134868421053 0.41171875 25.6402856074677 2 0 -2 
1 840 7 16 0.557942708333333 0.43359375 21.7997738999077 4 0 2 
0 840 7 16 0.345853365384615 0.40625 18.9048725338279 2 0 -2 
1 850 7 16 0.572591145833333 0.48828125 23.6871180842653 4 0 2 
0 850 7 16 0.35546875 0.36484375 23.0163544549507 2 0 -2 
1 860 7 17 0.598958333333333 0.490625 44.8963767830466 4 1 2 
0 860 7 16 0.35546875 0.30859375 18.559761676455 2 -1 -2 
1 870 7 17 0.640269886363636 0.5375 38.0093897356473 3 0 1 
0 870 7 17 0.336237980769231 0.328125 25.6235992516949 2 0 -1 
1 880 7 17 0.628196022727273 0.56015625 20.6333464962136 3 0 1 
0 880 7 17 0.327008928571429 0.3173828125 22.0304231823962 2 0 -1 
1 890 7 17 0.631663602941176 0.6078125 4.91602311380632 3 0 1 
0 890 7 17 0.337332589285714 0.3203125 18.9538225194863 2 0 -1 
1 900 7 17 0.681919642857143 0.6162109375 4.81227009920369 3 -1 1 
0 900 7 18 0.334909539473684 0.31328125 21.6432167121172 2 1 -1 
1 910 7 18 0.601318359375 0.5947265625 5.30224023843448 3 0 1 
0 910 7 18 0.388494318181818 0.24609375 26.6833281282527 2 0 -1 
1 920 7 18 0.601318359375 0.6162109375 6.40854937259796 3 0 2 
0 920 7 18 0.3671875 0.205078125 18.1245689603919 1 0 -2 
1 930 7 19 0.640950520833333 0.5283203125 16.4178925182427 3 1 2 
0 930 7 18 0.348188920454545 0.251953125 34.3292877875437 1 -1 -2 
1 940 7 19 0.616666666666667 0.5595703125 15.8803949428149 3 1 2 
0 940 7 18 0.357142857142857 0.166015625 9.01387818865997 1 -1 -2 
1 950 7 19 0.627604166666667 0.4921875 39.9378850719856 3 1 3 
0 950 7 18 0.354817708333333 0.21875 29.698484809835 0 -1 -3 
1 960 7 19 0.565518465909091 0.45390625 35.9088724812902 3 1 3 
0 960 7 18 0.305042613636364 0.3046875 0 0 -1 -3 
