1 30 8.6 1 NaN 0.2880859375 8.07901805509838 3 0 0 
0 30 8.8 1 NaN 0.2978515625 23.6409764904361 3 0 0 
1 40 8.6 1 NaN 0.3078125 13.2699894966438 3 0 0 
0 40 8.8 1 NaN 0.3056640625 21.9834301581972 3 0 0 
1 50 8.6 1 NaN 0.3671875 24.9660757280551 3 0 0 
0 50 8.8 1 0.38671875 0.35859375 36.659323669163 3 0 0 
1 60 8.6 1 0.36640625 0.4873046875 7.31370389415175 3 0 0 
0 60 8.8 1 0.37353515625 0.49609375 8.40646141622626 3 0 0 
1 70 8.6 1 0.366071428571429 0.53125 8.77852211729255 3 0 0 
0 70 8.8 1 0.3919921875 0.529296875 41.8305928368416 3 0 0 
1 80 8.6 1 0.4345703125 0.41796875 40.6964304867986 3 0 0 
0 80 8.8 1 0.4560546875 0.50390625 42.1640233808163 3 0 0 
1 90 8.6 1 0.397615131578947 0.435546875 39.1397138959268 3 -1 0 
0 90 8.8 2 0.434344951923077 0.409375 54.4166914078059 3 1 0 
1 100 8.6 2 0.374150815217391 0.5 49.1674040440246 3 0 0 
0 100 8.8 2 0.37109375 0.4208984375 45.0953064815216 3 0 0 
1 110 8.6 2 0.443274456521739 0.43984375 42.245499672801 3 0 0 
0 110 8.8 2 0.447010869565217 0.43203125 37.5593072209941 3 0 0 
1 120 8.6 2 0.429552801724138 0.4515625 37.8105766434222 3 0 0 
0 120 8.8 2 0.406436011904762 0.450520833333333 30.090197908111 3 0 0 
1 130 8.6 3 0.400053879310345 0.4953125 22.3048413466851 3 1 0 
0 130 8.8 2 0.389026988636364 0.435546875 40.0498037334948 3 -1 0 
1 140 8.6 3 0.450871394230769 0.4890625 19.8611563662775 3 1 0 
0 140 8.8 2 0.4484375 0.435546875 27.1021145021774 3 -1 0 
1 150 8.6 3 0.434244791666667 0.4859375 26.2042800790041 3 0 0 
0 150 8.8 3 0.3990625 0.474330357142857 26.0637484931209 3 0 0 
1 160 8.6 4 0.405172413793103 0.51875 20.7441862089485 3 1 0 
0 160 8.8 3 0.37109375 0.490234375 30.5040980853393 3 -1 0 
1 170 8.6 4 0.454777644230769 0.55078125 22.6228744150893 3 1 0 
0 170 8.8 3 0.479724702380952 0.447916666666667 33.6731843636572 3 -1 0 
1 180 8.6 4 0.433997844827586 0.471875 30.6925486981056 3 1 0 
0 180 8.8 3 0.4013671875 0.34765625 45.0603391857048 3 -1 0 
1 190 8.6 4 0.416536458333333 0.4578125 33.44562105403 3 0 0 
0 190 8.8 4 0.389322916666667 0.322916666666667 41.7915511619976 3 0 0 
1 200 8.6 5 0.487229567307692 0.46875 41.5261217966619 3 1 0 
0 200 8.8 4 0.459703947368421 0.4078125 21.069331391919 3 -1 0 
1 210 8.6 5 0.463541666666667 0.478125 47.3446664210991 3 1 0 
0 210 8.8 4 0.37890625 0.462890625 37.1610684280503 3 -1 0 
1 220 8.6 5 0.424838362068966 0.48671875 52.3169640487366 3 1 0 
0 220 8.8 4 0.382982336956522 0.46875 45.1304125811762 3 -1 0 
1 230 8.6 5 0.463975694444444 0.41015625 53.3499571274833 3 0 0 
0 230 8.8 5 0.468927556818182 0.499348958333333 43.6707704655184 3 0 0 
1 240 8.6 6 0.431803385416667 0.4125 43.7889023523376 3 1 0 
0 240 8.8 5 0.451432291666667 0.51171875 46.9440736156832 3 -1 0 
1 250 8.6 6 0.384765625 0.42421875 41.220992585439 3 0 0 
0 250 8.8 6 0.4028125 0.51171875 51.8398203253077 3 0 0 
1 260 8.6 6 0.427389705882353 0.4546875 23.1945380307653 3 0 0 
0 260 8.8 6 0.465401785714286 0.51953125 49.1702824629814 3 0 0 
1 270 8.6 6 0.389272836538462 0.45546875 32.9098332449807 3 0 0 
0 270 8.8 6 0.450613839285714 0.5265625 37.6860465957269 3 0 0 
1 280 8.6 7 0.370754076086957 0.4625 35.3469953666167 3 1 0 
0 280 8.8 6 0.385653409090909 0.4796875 40.9861087800659 3 -1 0 
1 290 8.6 7 0.461309523809524 0.4828125 42.0107085122151 3 1 0 
0 290 8.8 6 0.449629934210526 0.46875 45.4815400893023 3 -1 0 
1 300 8.6 7 0.430443548387097 0.4921875 47.0750076555159 3 1 0 
0 300 8.8 6 0.398125 0.474609375 49.4167074791069 3 -1 0 
1 310 8.6 8 0.423697916666667 0.48828125 50.8425837359398 3 1 0 
0 310 8.8 7 0.385869565217391 0.423828125 50.6739477855456 3 -1 0 
1 320 8.6 8 0.47412109375 0.49296875 38.4983964371979 3 1 0 
0 320 8.8 7 0.458251953125 0.435546875 50.8027901475411 3 -1 0 
1 330 8.6 8 0.480823863636364 0.478125 44.1827684104342 3 1 0 
0 330 8.8 7 0.3625 0.440104166666667 38.6232270451691 3 -1 0 
1 340 8.6 8 0.396321614583333 0.5125 49.9522637422321 3 1 0 
0 340 8.8 7 0.361111111111111 0.447265625 43.826315806748 3 -1 0 
1 350 8.6 9 0.504464285714286 0.521875 53.1615730224667 3 1 0 
0 350 8.8 8 0.427300347222222 0.431640625 40.1188191419128 3 -1 0 
1 360 8.6 9 0.463588169642857 0.47421875 43.0047839807361 3 1 0 
0 360 8.8 8 0.377207880434783 0.432942708333333 40.2983133133717 3 -1 0 
1 370 8.6 9 0.419126157407407 0.48515625 27.6849108665434 3 1 0 
0 370 8.8 8 0.386209239130435 0.420200892857143 39.8553074834467 3 -1 0 
1 380 8.6 9 0.46391369047619 0.51953125 28.2942678878269 3 1 0 
0 380 8.8 8 0.4208984375 0.426432291666667 37.4069527150558 3 -1 0 
1 390 8.6 9 0.419270833333333 0.47890625 32.7699852879604 3 1 0 
0 390 8.8 8 0.417212701612903 0.3703125 46.5690171149809 3 -1 0 
1 400 8.6 9 0.406947544642857 0.49140625 32.9679323964781 3 1 0 
0 400 8.8 8 0.369791666666667 0.403645833333333 49.2208622598444 3 -1 0 
1 410 8.6 9 0.486778846153846 0.3984375 33.5634508435526 3 0 0 
0 410 8.8 9 0.465494791666667 0.358723958333333 46.4528507669619 3 0 0 
1 420 8.6 9 0.428674768518519 0.46171875 14.8184707908898 3 0 0 
0 420 8.8 9 0.408854166666667 0.406901041666667 41.1021921822743 3 0 0 
1 430 8.6 10 0.395625 0.41953125 30.6600473177963 3 1 0 
0 430 8.8 9 0.411207932692308 0.436848958333333 19.2184128057282 3 -1 0 
1 440 8.6 10 0.471966911764706 0.47890625 29.4562275371667 3 1 0 
0 440 8.8 9 0.481640625 0.473958333333333 15.7058700714375 3 -1 0 
1 450 8.6 10 0.388556985294118 0.48359375 28.4466954637466 3 1 0 
0 450 8.8 9 0.450871394230769 0.3734375 26.9541643830677 3 -1 0 
1 460 8.6 11 0.369055706521739 0.48125 27.5344622808003 3 1 0 
0 460 8.8 10 0.417699353448276 0.419921875 21.6363473731575 3 -1 0 
1 470 8.6 11 0.4453125 0.4951171875 30.8951976367713 3 1 0 
0 470 8.8 10 0.4584375 0.4423828125 11.7537598077094 3 -1 0 
1 480 8.6 11 0.430765086206897 0.4443359375 23.1665961530118 3 1 0 
0 480 8.8 10 0.457194010416667 0.53125 13.2627492618037 3 -1 0 
1 490 8.6 11 0.383413461538462 0.458984375 18.7852837555308 3 1 0 
0 490 8.8 10 0.391764322916667 0.52578125 33.551294084216 3 -1 0 
1 500 8.6 11 0.421258223684211 0.4189453125 29.825741350246 3 0 0 
0 500 8.8 11 0.446671195652174 0.4828125 38.1207844246671 3 0 0 
1 510 8.6 12 0.43125 0.4921875 23.0456763402785 3 1 0 
0 510 8.8 11 0.421061197916667 0.3740234375 23.2646080299192 3 -1 0 
1 520 8.6 12 0.400669642857143 0.46171875 35.6126643799955 3 1 0 
0 520 8.8 11 0.37109375 0.3115234375 15.4277123340192 3 -1 0 
1 530 8.6 12 0.459435096153846 0.45 39.6603892926052 3 1 0 
0 530 8.8 11 0.450706845238095 0.3095703125 15.8230498884506 3 -1 0 
1 540 8.6 12 0.4595703125 0.44921875 38.3497528092463 3 1 0 
0 540 8.8 11 0.400607638888889 0.369140625 17.0011984972478 3 -1 0 
1 550 8.6 12 0.4296875 0.45703125 47.8163616375917 3 1 0 
0 550 8.8 11 0.37109375 0.467447916666667 26.9167547939395 3 -1 0 
1 560 8.6 12 0.541118421052632 0.4775390625 44.4949168700152 3 0 0 
0 560 8.8 12 0.416819852941177 0.443638392857143 34.1141988452754 3 0 0 
1 570 8.6 12 0.450390625 0.4970703125 42.5464954595541 3 0 0 
0 570 8.8 12 0.381578947368421 0.436383928571429 36.1921333519954 3 0 0 
1 580 8.6 13 0.375509510869565 0.470703125 31.9836831518024 3 0 0 
0 580 8.8 13 0.3921875 0.46640625 39.4999360214859 3 0 0 
1 590 8.6 13 0.462180397727273 0.43046875 41.843746117199 3 0 0 
0 590 8.8 13 0.459635416666667 0.478125 41.7724353080153 3 0 0 
1 600 8.6 13 0.42203125 0.3921875 43.4650388936441 3 0 0 
0 600 8.8 13 0.4390625 0.47734375 22.9290087387123 3 0 0 
1 610 8.6 13 0.402199074074074 0.45234375 42.2145260656487 3 0 0 
0 610 8.8 13 0.3916015625 0.462890625 37.1043633848849 3 0 0 
1 620 8.6 13 0.47765625 0.446875 20.5974146175332 3 0 0 
0 620 8.8 13 0.437872023809524 0.473307291666667 34.0424935859567 3 0 0 
1 630 8.6 13 0.491342905405405 0.44140625 11.8454768911719 3 0 0 
0 630 8.8 13 0.437109375 0.52890625 9.22667392891702 3 0 0 
1 640 8.6 13 0.461148648648649 0.4501953125 9.92858262782152 3 -1 0 
0 640 8.8 14 0.365119485294118 0.527901785714286 8.7552762524077 3 1 0 
1 650 8.6 13 0.540494791666667 0.3984375 13.4329550402504 3 -1 0 
0 650 8.8 14 0.363802083333333 0.547991071428571 5.45978334127109 3 1 0 
1 660 8.6 14 0.510230654761905 0.3671875 11.5939975987168 3 0 0 
0 660 8.8 14 0.391666666666667 0.401785714285714 43.5202384335278 3 0 0 
1 670 8.6 14 0.499267578125 0.3359375 11.1659467617049 3 0 0 
0 670 8.8 14 0.363002232142857 0.526692708333333 30.9867439630367 3 0 0 
1 680 8.6 14 0.53953125 0.35234375 27.573738480566 3 0 0 
0 680 8.8 14 0.364583333333333 0.498046875 21.242033711641 3 0 0 
1 690 8.6 14 0.466852678571429 0.47890625 10.3634186995454 3 0 0 
0 690 8.8 14 0.407087053571429 0.469401041666667 13.8218188222771 3 0 0 
1 700 8.6 14 0.39125 0.55625 4.58511150720448 3 0 0 
0 700 8.8 14 0.36279296875 0.412109375 26.0432332862108 3 0 0 
1 710 8.6 14 0.514973958333333 0.61171875 7.33390110720995 3 -1 0 
0 710 8.8 15 0.370849609375 0.353515625 24.9098374141623 3 1 0 
1 720 8.6 15 0.473805147058824 0.61171875 22.3306222590251 3 0 0 
0 720 8.8 15 0.417798913043478 0.220703125 16.6508258053467 3 0 0 
1 730 8.6 15 0.4034375 0.60078125 23.9315130123277 3 0 0 
0 730 8.8 15 0.412202380952381 0.2587890625 17.6632585595709 3 0 0 
1 740 8.6 15 0.501822916666667 0.521875 24.8944990242256 3 0 0 
0 740 8.8 15 0.435639880952381 0.2734375 25.1481447138391 3 0 0 
1 750 8.6 15 0.47140625 0.54765625 42.0674893062273 3 0 0 
0 750 8.8 15 0.417057291666667 0.35390625 20.1894190849973 3 0 0 
1 760 8.6 15 0.39555027173913 0.53515625 40.4050144513032 3 0 0 
0 760 8.8 15 0.455447635135135 0.34375 21.7250479720656 3 0 0 
1 770 8.6 15 0.454503676470588 0.496875 30.5630760956841 3 0 0 
0 770 8.8 15 0.483147321428571 0.35 20.7003678686513 3 0 0 
1 780 8.6 15 0.436257102272727 0.42734375 29.6278968266614 3 -1 0 
0 780 8.8 16 0.467569040697674 0.3515625 32.7865474484637 3 1 0 
1 790 8.6 16 0.371803977272727 0.42109375 31.4243499756836 3 0 0 
0 790 8.8 16 0.489938446969697 0.400390625 20.9834588968943 3 0 0 
1 800 8.6 16 0.421258223684211 0.3796875 36.001441858764 3 0 0 
0 800 8.8 16 0.544189453125 0.412109375 7.23749805754434 3 0 0 
1 810 8.6 16 0.375651041666667 0.39296875 37.7385969327656 3 0 0 
0 810 8.8 16 0.48447265625 0.55859375 10.4362461602722 3 0 0 
1 820 8.6 16 0.383125 0.40703125 34.5614234709658 3 0 0 
0 820 8.8 16 0.37109375 0.549665178571429 6.75360710259078 3 0 0 
1 830 8.6 16 0.419456845238095 0.40703125 21.3142034822061 3 0 0 
0 830 8.8 16 0.478400735294118 0.5625 7.34950211800805 3 0 0 
1 840 8.6 16 0.447823660714286 0.39140625 25.1544867029142 3 0 0 
0 840 8.8 16 0.443522135416667 0.54296875 7.06162330658783 3 0 0 
1 850 8.6 16 0.4410400390625 0.3875 24.6857204835084 3 0 0 
0 850 8.8 16 0.37109375 0.39453125 47.6195832741833 3 0 0 
1 860 8.6 17 0.513834635416667 0.388020833333333 31.8630334780809 3 0 0 
0 860 8.8 17 0.422309027777778 0.395833333333333 45.9415900898332 3 0 0 
1 870 8.6 17 0.512141047297297 0.434895833333333 21.1856193393832 3 0 0 
0 870 8.8 17 0.381696428571429 0.583984375 10.3596562171178 3 0 0 
1 880 8.6 17 0.4734375 0.438802083333333 19.8420201586409 3 0 0 
0 880 8.8 17 0.366970486111111 0.481119791666667 22.5075463624448 3 0 0 
1 890 8.6 17 0.530831473214286 0.455729166666667 15.4882708500149 3 0 0 
0 890 8.8 17 0.42822265625 0.450520833333333 26.1274291344687 3 0 0 
1 900 8.6 17 0.490571120689655 0.490885416666667 8.80809258020872 3 0 0 
0 900 8.8 17 0.41259765625 0.421875 31.4890251586799 3 0 0 
1 910 8.6 17 0.418269230769231 0.3375 51.1252716262611 3 -1 0 
0 910 8.8 18 0.388849431818182 0.392857142857143 45.6043632995651 3 1 0 
1 920 8.6 17 0.490131578947368 0.39296875 25.4341863323871 3 -1 0 
0 920 8.8 18 0.450106534090909 0.397321428571429 40.6736524477503 3 1 0 
1 930 8.6 17 0.471121651785714 0.43984375 8.47636854617201 3 -1 0 
0 930 8.8 18 0.41859375 0.3734375 29.3649753222264 3 1 0 
1 940 8.6 17 0.3946875 0.4609375 9.17185365580825 3 -1 0 
0 940 8.8 18 0.375887784090909 0.3662109375 23.2124471287311 3 1 0 
1 950 8.6 17 0.479600694444444 0.47578125 10.4210700263121 3 -1 0 
0 950 8.8 18 0.433035714285714 0.361328125 25.2953448201942 3 1 0 
1 960 8.6 17 0.45539314516129 0.49921875 10.6232524799756 3 -1 0 
0 960 8.8 18 0.401186342592593 0.42421875 40.9459091371198 3 1 0 
1 970 8.6 18 0.409143518518519 0.5125 12.1503564055437 3 0 0 
0 970 8.8 18 0.395883413461538 0.434375 42.0863374492787 3 0 0 
1 980 8.6 18 0.459765625 0.5265625 6.03322146084317 3 -1 0 
0 980 8.8 19 0.46328125 0.4306640625 23.2301671718746 3 1 0 
1 990 8.6 18 0.45625 0.52421875 10.8638944615662 3 -1 0 
0 990 8.8 19 0.483297413793103 0.388671875 21.9548236227686 3 1 0 
1 1000 8.6 18 0.45703125 0.49296875 4.76915750715722 3 -1 0 
0 1000 8.8 19 0.446484375 0.3623046875 29.4072507460168 3 1 0 
1 1010 8.6 18 0.490625 0.46484375 9.34464928831579 3 -1 0 
0 1010 8.8 19 0.536233836206897 0.333984375 33.4597579332288 3 1 0 
1 1020 8.6 18 0.445625 0.41796875 24.93130162454 3 -1 0 
0 1020 8.8 19 0.495349702380952 0.33203125 27.6272004496965 3 1 0 
1 1030 8.6 19 0.438802083333333 0.46015625 33.7615785529578 3 0 0 
0 1030 8.8 19 0.451171875 0.3427734375 31.5529910403824 3 0 0 
1 1040 8.6 19 0.490685096153846 0.53359375 30.272347359666 3 0 0 
0 1040 8.8 19 0.397879464285714 0.29765625 30.459937818285 3 0 0 
1 1050 8.6 19 0.507523148148148 0.49140625 9.7519232953485 3 0 0 
0 1050 8.8 19 0.40530303030303 0.2265625 2.70782738952926 3 0 0 
1 1060 8.6 19 0.439390120967742 0.49453125 16.6866878314306 3 0 0 
0 1060 8.8 19 0.3505859375 0.26171875 7.04161574339871 3 0 0 
1 1070 8.6 20 0.493200231481481 0.45625 25.7460172184432 3 1 1 
0 1070 8.8 19 0.321986607142857 0.3134765625 10.6515698734635 2 -1 -1 
1 1080 8.6 20 0.442116477272727 0.42890625 35.8788975296387 3 0 1 
0 1080 8.8 20 0.422200520833333 0.33203125 8.93265405778087 2 0 -1 
1 1090 8.6 20 0.431640625 0.3765625 31.6952829098208 3 0 1 
0 1090 8.8 20 0.401875 0.25390625 15.9066221884628 2 0 -1 
1 1100 8.6 20 0.470703125 0.4203125 25.2202517555957 3 0 1 
0 1100 8.8 20 0.393841911764706 0.294921875 16.6910585675888 2 0 -1 
1 1110 8.6 20 0.477022058823529 0.465625 19.1200708664981 3 0 1 
0 1110 8.8 20 0.392299107142857 0.45703125 13.304414172537 2 0 -1 
1 1120 8.6 20 0.396875 0.39375 16.1697174762859 3 0 1 
0 1120 8.8 20 0.385830965909091 0.55078125 3.61473228244716 2 0 -1 
1 1130 8.6 20 0.491943359375 0.3779296875 4.4718383389465 3 0 1 
0 1130 8.8 20 0.395833333333333 0.553385416666667 4.81593838688444 2 0 -1 
1 1140 8.6 20 0.516196646341463 0.419270833333333 8.59348618140562 3 0 1 
0 1140 8.8 20 0.3720703125 0.52578125 5.51910237196559 2 0 -1 
1 1150 8.6 20 0.486697635135135 0.444010416666667 4.29163322779497 3 0 1 
0 1150 8.8 20 0.428538602941177 0.50390625 0 2 0 -1 
1 1160 8.6 21 0.608664772727273 0.518229166666667 5.28773615275518 3 1 1 
0 1160 8.8 20 0.428538602941177 0.44140625 0 2 -1 -1 
1 1170 8.6 21 0.50848599137931 0.557291666666667 14.6029070606814 3 1 1 
0 1170 8.8 20 0.438038793103448 0.3544921875 8.84816226928614 2 -1 -1 
1 1180 8.6 21 0.360677083333333 0.641927083333333 11.5444731846811 3 1 1 
0 1180 8.8 20 0.518028846153846 0.3486328125 19.1093625317716 2 -1 -1 
1 1190 8.6 21 0.527113970588235 0.483072916666667 63.5157326555044 3 1 1 
0 1190 8.8 20 0.564453125 0.33984375 23.1136483337109 2 -1 -1 
1 1200 8.6 21 0.472521551724138 0.4228515625 53.203789512542 3 1 1 
0 1200 8.8 20 0.599103009259259 0.208984375 19 2 -1 -1 
1 1210 8.6 21 0.404829545454545 0.41171875 50.1816683407516 3 1 1 
0 1210 8.8 20 0.517578125 0.21796875 14.3399536257479 2 -1 -1 
1 1220 8.6 21 0.534926470588235 0.40234375 37.3739809867759 3 1 1 
0 1220 8.8 20 0.629807692307692 0.210286458333333 16.412519458076 2 -1 -1 
1 1230 8.6 21 0.484240301724138 0.43125 41.4795370401146 3 0 1 
0 1230 8.8 21 0.447368421052632 0.348307291666667 24.1469622179562 2 0 -1 
1 1240 8.6 21 0.467041015625 0.4546875 42.7586680500718 3 0 2 
0 1240 8.8 21 0.425347222222222 0.4208984375 13.8916206295288 1 0 -2 
1 1250 8.6 21 0.542724609375 0.43046875 34.110943876643 3 0 2 
0 1250 8.8 21 0.411057692307692 0.4775390625 15.0523332878099 1 0 -2 
1 1260 8.6 22 0.504123263888889 0.46015625 29.4644621363848 3 1 2 
0 1260 8.8 21 0.401506696428571 0.52265625 6.80752136448029 1 -1 -2 
1 1270 8.6 22 0.426724137931034 0.3798828125 25.7474225772594 3 1 2 
0 1270 8.8 21 0.3759765625 0.536830357142857 12.5744794662297 1 -1 -2 
1 1280 8.6 22 0.541015625 0.3564453125 17.7705005694885 3 1 2 
0 1280 8.8 21 0.378515625 0.527901785714286 7.92561830924727 1 -1 -2 
1 1290 8.6 22 0.498497596153846 0.3740234375 16.9106174537993 3 1 2 
0 1290 8.8 21 0.330729166666667 0.472098214285714 16.9713686816215 1 -1 -2 
1 1300 8.6 22 0.453584558823529 0.447265625 6.93752901860481 3 1 2 
0 1300 8.8 21 0.401442307692308 0.433035714285714 26.1029495589555 1 -1 -2 
1 1310 8.6 22 0.540798611111111 0.521484375 6.64889953518095 3 1 2 
0 1310 8.8 21 0.404622395833333 0.37109375 14.7394235872298 1 -1 -2 
1 1320 8.6 22 0.545966569767442 0.544921875 3.78055259347449 3 1 2 
0 1320 8.8 21 0.340959821428571 0.391183035714286 10.9322782445274 1 -1 -2 
1 1330 8.6 22 0.514898255813954 0.4462890625 17.8531625439473 3 1 2 
0 1330 8.8 21 0.4365234375 0.344308035714286 13.495833700759 1 -1 -2 
1 1340 8.6 22 0.589462652439024 0.40078125 32.6730204396579 3 1 2 
0 1340 8.8 21 0.4365234375 0.310267857142857 12.2782714021722 1 -1 -2 
1 1350 8.6 22 0.561990489130435 0.37421875 33.019205739337 3 1 2 
0 1350 8.8 21 0.272916666666667 0.368861607142857 27.6093384929952 1 -1 -2 
1 1360 8.6 22 0.530040922619048 0.365625 18.7873460577011 3 1 2 
0 1360 8.8 21 0.366536458333333 0.418619791666667 21.6264642770317 1 -1 -2 
1 1370 8.6 22 0.646205357142857 0.46328125 17.1372123607207 3 0 2 
0 1370 8.8 22 0.371527777777778 0.4921875 10.0084335332625 1 0 -2 
1 1380 8.6 22 0.580915178571429 0.4875 3.54618470320624 3 0 2 
0 1380 8.8 22 0.323974609375 0.48671875 25.3715077353711 1 0 -2 
1 1390 8.6 22 0.484375 0.48203125 4.95961150548919 3 0 2 
0 1390 8.8 22 0.397216796875 0.4703125 26.5530113807847 1 0 -2 
1 1400 8.6 22 0.5810546875 0.459375 24.3567445980791 2 0 1 
0 1400 8.8 22 0.391241776315789 0.3291015625 22.4664581358963 1 0 -1 
1 1410 8.6 22 0.46181640625 0.53359375 25.9763283130887 2 0 1 
0 1410 8.8 22 0.392153532608696 0.255859375 6.15830982053344 1 0 -1 
1 1420 8.6 22 0.516971982758621 0.58515625 34.2156766638299 2 0 1 
0 1420 8.8 22 0.41796875 0.2001953125 7.55753251722709 1 0 -1 
1 1430 8.6 22 0.661358173076923 0.58515625 27.8599448848015 2 0 1 
0 1430 8.8 22 0.512369791666667 0.1859375 5.4723039131323 1 0 -1 
1 1440 8.6 22 0.606510416666667 0.56328125 17.605192228453 2 0 1 
0 1440 8.8 22 0.244791666666667 0.202473958333333 6.69530060339797 1 0 -1 
1 1450 8.6 22 0.607328869047619 0.546875 10.7582110216755 2 0 2 
0 1450 8.8 22 0.26123046875 0.209635416666667 12.6479255603567 0 0 -2 
1 1460 8.6 23 0.679408482142857 0.58046875 22.4703638645287 2 1 2 
0 1460 8.8 22 0.268136160714286 0.233072916666667 10.7792839418074 0 -1 -2 
1 1470 8.6 23 0.692243303571429 0.684375 23.2448871606405 2 1 2 
0 1470 8.8 22 0.255055147058823 0.2890625 18.4983785901735 0 -1 -2 
1 1480 8.6 23 0.638020833333333 0.71953125 22.0101223150926 2 1 2 
0 1480 8.8 22 0.212239583333333 0.27890625 19.403543392287 0 -1 -2 
