1 30 7.2 1 NaN 0.25241935483871 25.5037283803485 3 0 0 
0 30 6.4 1 NaN 0.237903225806452 22.6260884493736 3 0 0 
1 40 7.2 1 NaN 0.27741935483871 23.9153494997055 3 0 0 
0 40 6.4 1 NaN 0.29758064516129 23.0098667063248 3 0 0 
1 50 7.2 1 0.381854838709677 0.338709677419355 27.0777254826259 3 0 0 
0 50 6.4 1 NaN 0.345161290322581 25.8861091058445 3 0 0 
1 60 7.2 1 0.383064516129032 0.444354838709677 27.1987744914287 3 0 0 
0 60 6.4 1 0.383064516129032 0.458870967741936 22.793759837726 3 0 0 
1 70 7.2 1 0.43081494057725 0.445564516129032 22.6199183551553 3 0 0 
0 70 6.4 1 0.3892089093702 0.487903225806452 16.639743121487 3 0 0 
1 80 7.2 1 0.458450210378682 0.480645161290323 23.9994862095028 3 0 0 
0 80 6.4 1 0.460928809788654 0.498387096774194 19.5460308549313 3 0 0 
1 90 7.2 1 0.41547192353644 0.478225806451613 23.949926466075 3 0 0 
0 90 6.4 1 0.426197458455523 0.50241935483871 23.9368175636038 3 0 0 
1 100 7.2 1 0.441436251920123 0.474193548387097 22.7402546990356 3 0 0 
0 100 6.4 1 0.438966275659824 0.5 31.3854929016122 3 0 0 
1 110 7.2 2 0.46878733572282 0.485483870967742 19.108685688452 3 0 0 
0 110 6.4 2 0.476992409867173 0.480645161290323 28.0969010351434 3 0 0 
1 120 7.2 2 0.390953716690042 0.458064516129032 17.1453601343493 3 0 0 
0 120 6.4 2 0.427002224694105 0.489516129032258 26.215395845708 3 0 0 
1 130 7.2 2 0.404485887096774 0.444354838709677 24.8425538592609 3 0 0 
0 130 6.4 2 0.418302945301543 0.508870967741936 29.2059252814912 3 0 0 
1 140 7.2 2 0.454493087557604 0.47741935483871 18.7029925368796 3 -1 0 
0 140 6.4 3 0.490652492668622 0.499193548387097 15.9486814166642 3 1 0 
1 150 7.2 3 0.398353494623656 0.466733870967742 18.599200375828 3 0 0 
0 150 6.4 3 0.416069295101553 0.491935483870968 19.9097708252454 3 0 0 
1 160 7.2 3 0.42467008797654 0.477822580645161 21.4820917351525 3 0 0 
0 160 6.4 3 0.416129032258064 0.496774193548387 23.1212333266306 3 0 0 
1 170 7.2 3 0.473709677419355 0.403225806451613 38.1196551319161 3 0 0 
0 170 6.4 3 0.483870967741936 0.481451612903226 23.2436440864686 3 0 0 
1 180 7.2 3 0.410095579450418 0.450806451612903 24.9702103986869 3 -1 0 
0 180 6.4 4 0.397513440860215 0.499193548387097 19.5784957259463 3 1 0 
1 190 7.2 4 0.422861150070126 0.460483870967742 24.3115628183995 3 0 0 
0 190 6.4 4 0.38353889943074 0.496774193548387 26.4314141965931 3 0 0 
1 200 7.2 4 0.470645161290323 0.437903225806452 30.1693438434374 3 0 0 
0 200 6.4 4 0.475594227504244 0.495967741935484 19.6827321124163 3 0 0 
1 210 7.2 4 0.426899063475546 0.479032258064516 25.9636765596107 3 0 0 
0 210 6.4 4 0.387463343108504 0.467741935483871 18.0730116835023 3 0 0 
1 220 7.2 4 0.411290322580645 0.475806451612903 15.9308878642887 3 -1 0 
0 220 6.4 5 0.394524617996604 0.474193548387097 18.4376766080092 3 1 0 
1 230 7.2 5 0.485023041474654 0.473387096774194 15.6331282814549 3 0 0 
0 230 6.4 5 0.466164095371669 0.487903225806452 14.0783301943918 3 0 0 
1 240 7.2 5 0.415878754171301 0.458870967741935 22.1737109667666 3 0 0 
0 240 6.4 5 0.415023894862605 0.491935483870968 14.1333629247748 3 0 0 
1 250 7.2 5 0.390552995391705 0.45 22.9005416581454 3 0 0 
0 250 6.4 5 0.410373900293255 0.491129032258064 21.4579288588616 3 0 0 
1 260 7.2 5 0.476507713884993 0.494354838709677 23.6163877315655 3 0 0 
0 260 6.4 5 0.479655425219941 0.483064516129032 33.4216443874507 3 0 0 
1 270 7.2 6 0.428641251221896 0.483064516129032 18.625091006628 3 0 0 
0 270 6.4 6 0.419614984391259 0.47258064516129 29.8797144277285 3 0 0 
1 280 7.2 6 0.424539170506912 0.473387096774194 22.451940249756 3 0 0 
0 280 6.4 6 0.408541055718475 0.495161290322581 27.4402574079625 3 0 0 
1 290 7.2 6 0.473118279569892 0.508870967741936 14.3900950811787 3 0 0 
0 290 6.4 6 0.475806451612903 0.47741935483871 14.5197574388257 3 0 0 
1 300 7.2 6 0.401377688172043 0.512903225806452 9.16442138011277 3 0 0 
0 300 6.4 6 0.40442054958184 0.47741935483871 12.0746813873005 3 0 0 
1 310 7.2 6 0.419546850998464 0.499193548387097 8.8836412576671 3 0 0 
0 310 6.4 6 0.393511730205279 0.473790322580645 10.8806330596838 3 0 0 
1 320 7.2 6 0.48067876344086 0.428225806451613 6.12245902583422 3 0 0 
0 320 6.4 6 0.465570719602978 0.488911290322581 9.40249113541775 3 0 0 
1 330 7.2 6 0.406511350059737 0.464516129032258 16.75831359119 3 -1 0 
0 330 6.4 7 0.428948832035595 0.345161290322581 32.0805743494649 3 1 0 
1 340 7.2 6 0.38353889943074 0.480645161290323 22.9772034737429 3 -1 0 
0 340 6.4 7 0.444168734491315 0.357258064516129 32.6782430965478 3 1 0 
1 350 7.2 7 0.441244239631336 0.470161290322581 23.5548020271012 3 0 0 
0 350 6.4 7 0.483198924731183 0.467741935483871 25.3396127440965 3 0 0 
1 360 7.2 7 0.389855687606112 0.433870967741935 25.4578423280847 3 0 0 
0 360 6.4 7 0.435357862903226 0.532258064516129 21.3847504101705 3 0 0 
1 370 7.2 7 0.388709677419355 0.449193548387097 15.1908520319302 3 0 0 
0 370 6.4 7 0.442012288786482 0.519153225806452 31.28614498589 3 0 0 
1 380 7.2 8 0.437701612903226 0.470967741935484 7.21672393836564 3 1 0 
0 380 6.4 7 0.479993796526055 0.525537634408602 19.8001063418297 3 -1 0 
1 390 7.2 8 0.395626550868486 0.47741935483871 10.2108292239105 3 0 0 
0 390 6.4 8 0.423387096774194 0.420362903225806 40.6721099436697 3 0 0 
1 400 7.2 8 0.38991935483871 0.473387096774194 5.9932703931732 3 0 0 
0 400 6.4 8 0.468918010752688 0.438709677419355 43.296269785844 3 0 0 
1 410 7.2 8 0.461693548387097 0.504838709677419 12.4368666845267 3 0 0 
0 410 6.4 8 0.516513056835638 0.462096774193548 36.8084455446242 3 0 0 
1 420 7.2 8 0.383064516129032 0.503225806451613 17.9484001424235 3 0 0 
0 420 6.4 8 0.449596774193548 0.440322580645161 28.6360390770646 3 0 0 
1 430 7.2 8 0.405058651026393 0.492741935483871 20.0153177385758 3 0 0 
0 430 6.4 8 0.426915322580645 0.423387096774194 39.3098970513904 3 0 0 
1 440 7.2 8 0.45838133640553 0.515322580645161 17.9675517123579 3 0 0 
0 440 6.4 8 0.474366359447005 0.464516129032258 31.296049279413 3 0 0 
1 450 7.2 8 0.408309957924264 0.463709677419355 18.9540987235561 3 -1 0 
0 450 6.4 9 0.456256109481916 0.495967741935484 26.9813942343107 3 1 0 
1 460 7.2 9 0.404286926994907 0.433870967741935 25.1608743997071 3 0 0 
0 460 6.4 9 0.460872162485066 0.495967741935484 23.3642109239034 3 0 0 
1 470 7.2 9 0.428692699490662 0.462903225806452 8.63692619302745 3 0 0 
0 470 6.4 9 0.489439324116743 0.532258064516129 23.2334659146004 3 0 0 
1 480 7.2 9 0.409130184331797 0.554838709677419 5.7010011877826 3 0 0 
0 480 6.4 9 0.408357771260997 0.508870967741936 25.9194679128356 3 0 0 
1 490 7.2 9 0.427785923753666 0.562096774193548 2.66770899596228 3 0 0 
0 490 6.4 9 0.390937019969278 0.47741935483871 32.1100030062368 3 0 0 
1 500 7.2 9 0.47614247311828 0.595967741935484 4.86869078839104 3 -1 0 
0 500 6.4 10 0.452284946236559 0.433870967741935 33.8327954773166 3 1 0 
1 510 7.2 10 0.433467741935484 0.613709677419355 7.54994845320963 3 0 0 
0 510 6.4 10 0.432537220843672 0.456653225806452 34.5011848419905 3 0 0 
1 520 7.2 10 0.433998302207131 0.637096774193548 4.10539224643151 3 0 0 
0 520 6.4 10 0.425806451612903 0.388104838709677 36.4947447908946 3 0 0 
1 530 7.2 10 0.464516129032258 0.556451612903226 15.5111065417236 3 0 0 
0 530 6.4 10 0.476310483870968 0.390120967741936 38.6172040041591 3 0 0 
1 540 7.2 10 0.434872922776149 0.445161290322581 16.2989621302109 3 0 0 
0 540 6.4 10 0.420794930875576 0.375806451612903 41.8496666160387 3 0 0 
1 550 7.2 11 0.435315860215054 0.485483870967742 26.2747077805815 3 1 0 
0 550 6.4 10 0.429603494623656 0.412096774193548 32.4793724245823 3 -1 0 
1 560 7.2 11 0.482903225806452 0.49758064516129 22.8941484774531 3 0 0 
0 560 6.4 11 0.469495091164095 0.480645161290323 23.1226355912076 3 0 0 
1 570 7.2 11 0.415514592933948 0.5 9.22299358547377 3 0 0 
0 570 6.4 11 0.435483870967742 0.469354838709677 22.1127206946415 3 0 0 
1 580 7.2 11 0.421283309957924 0.533064516129032 5.14578675179472 3 0 0 
0 580 6.4 11 0.428259408602151 0.463709677419355 14.8645864016274 3 0 0 
1 590 7.2 11 0.479993796526055 0.662903225806452 7.09966494123488 3 0 0 
0 590 6.4 11 0.456854838709677 0.317204301075269 10.388509463435 3 0 0 
1 600 7.2 11 0.476736972704715 0.546774193548387 8.76147621131926 3 0 0 
0 600 6.4 11 0.446409989594173 0.189516129032258 16.8879543290303 3 0 0 
1 610 7.2 12 0.478140916808149 0.500806451612903 11.6777049901854 3 1 0 
0 610 6.4 11 0.477150537634409 0.208870967741936 23.8746605031334 3 -1 0 
1 620 7.2 12 0.514635603345281 0.478225806451613 13.3474131616234 3 1 0 
0 620 6.4 11 0.464381720430108 0.308064516129032 21.902732654375 3 -1 0 
1 630 7.2 12 0.426023573200993 0.495161290322581 14.4812505189321 3 0 0 
0 630 6.4 12 0.43252688172043 0.384677419354839 23.8624225693776 3 0 0 
1 640 7.2 12 0.470430107526882 0.496774193548387 11.5000673691897 3 0 0 
0 640 6.4 12 0.392665130568356 0.420967741935484 19.4818769376352 3 0 0 
1 650 7.2 12 0.475031017369727 0.529838709677419 4.23261194973846 3 0 0 
0 650 6.4 12 0.445967741935484 0.418548387096774 16.2193452769749 3 0 0 
1 660 7.2 12 0.439948156682028 0.566935483870968 4.59428261991171 3 0 0 
0 660 6.4 12 0.387521222410866 0.425 5.51422965625984 3 0 0 
1 670 7.2 12 0.461143695014663 0.52116935483871 2.50494466642759 3 0 0 
0 670 6.4 12 0.414446002805049 0.445161290322581 5.8813429577579 3 0 0 
1 680 7.2 12 0.501120071684588 0.431451612903226 4.65965067872338 3 0 0 
0 680 6.4 12 0.464516129032258 0.529032258064516 5.9678300890551 3 0 0 
1 690 7.2 13 0.422456575682382 0.424395161290323 6.01503825145457 3 1 0 
0 690 6.4 12 0.412933094384707 0.516129032258065 17.7517207238309 3 -1 0 
1 700 7.2 13 0.412130376344086 0.379032258064516 25.1297897431432 3 1 0 
0 700 6.4 12 0.40258064516129 0.437096774193548 13.145529898331 3 -1 0 
1 710 7.2 13 0.47926267281106 0.483064516129032 21.1263453398077 3 0 0 
0 710 6.4 13 0.477318548387097 0.443548387096774 12.4905314516734 3 0 0 
1 720 7.2 13 0.387864823348694 0.500806451612903 21.5896695407045 3 0 0 
0 720 6.4 13 0.43352534562212 0.400806451612903 7.07876160992463 3 0 0 
1 730 7.2 13 0.407090053763441 0.568548387096774 2.24838158148724 3 0 0 
0 730 6.4 13 0.4375 0.419354838709677 2.06155281280883 3 0 0 
1 740 7.2 14 0.465221774193548 0.568548387096774 11.5880684057182 3 1 0 
0 740 6.4 13 0.502016129032258 0.314516129032258 0.5 3 -1 0 
1 750 7.2 14 0.449522102747909 0.603225806451613 8.09594632647489 3 1 0 
0 750 6.4 13 0.452822580645161 0.243951612903226 1.11803398874989 3 -1 0 
1 760 7.2 14 0.44179523141655 0.640322580645161 4.71296734996647 3 1 0 
0 760 6.4 13 0.388824884792627 0.241935483870968 26.4054918530218 3 -1 0 
1 770 7.2 14 0.524544179523142 0.65 2.28073857374598 3 1 0 
0 770 6.4 13 0.441244239631336 0.245967741935484 11.2767505378972 3 -1 0 
1 780 7.2 14 0.456586021505376 0.582258064516129 4.15749050945422 3 1 0 
0 780 6.4 13 0.426118626430801 0.350806451612903 8.58546845842484 3 -1 0 
1 790 7.2 15 0.405425219941349 0.462903225806452 27.4877385353146 3 2 0 
0 790 6.4 13 0.447729988052569 0.325806451612903 19.8360100195033 3 -2 0 
1 800 7.2 15 0.473169975186104 0.429032258064516 36.466683112526 3 2 0 
0 800 6.4 13 0.47926267281106 0.419354838709677 30.2728617356688 3 -2 0 
1 810 7.2 15 0.441226783968719 0.411290322580645 35.7639269152376 3 2 0 
0 810 6.4 13 0.417413381123058 0.425806451612903 36.4003545019342 3 -2 0 
1 820 7.2 15 0.452388337468983 0.451612903225806 32.9623060373387 3 2 0 
0 820 6.4 13 0.432048984468339 0.418548387096774 33.3480133027959 3 -2 0 
1 830 7.2 15 0.472177419354839 0.500806451612903 23.2718046595074 3 1 0 
0 830 6.4 14 0.45525494276795 0.453225806451613 22.7188897361868 3 -1 0 
1 840 7.2 15 0.438940092165899 0.512096774193548 4.05988916568239 3 1 0 
0 840 6.4 14 0.457466181061394 0.529838709677419 5.47395505738123 3 -1 0 
1 850 7.2 15 0.386021505376344 0.476814516129032 11.0406551187491 3 1 0 
0 850 6.4 14 0.479601518026565 0.589516129032258 2.68328217895534 3 -1 0 
1 860 7.2 15 0.386844758064516 0.412298387096774 5.20294638486302 3 0 0 
0 860 6.4 15 0.522096774193549 0.619354838709677 2.3826303745534 3 0 0 
1 870 7.2 15 0.431451612903226 0.430443548387097 14.6172871607102 3 0 0 
0 870 6.4 15 0.442570869990225 0.593548387096774 9.52508681377776 3 0 0 
1 880 7.2 16 0.445564516129032 0.312096774193548 28.3457225133257 3 1 0 
0 880 6.4 15 0.460526315789474 0.537096774193548 4.10920413034017 3 -1 0 
1 890 7.2 16 0.435483870967742 0.348387096774194 17.3745429239229 3 1 0 
0 890 6.4 15 0.532624633431085 0.505645161290323 8.55960565905266 3 -1 0 
1 900 7.2 16 0.38692876344086 0.437903225806452 14.4161481865806 3 1 0 
0 900 6.4 15 0.452393340270552 0.473387096774194 6.39378695567378 3 -1 0 
1 910 7.2 16 0.376792114695341 0.498387096774194 6.70742765828961 3 1 0 
0 910 6.4 15 0.407642089093702 0.461021505376344 5.96577622805389 3 -1 0 
1 920 7.2 16 0.428091397849462 0.591129032258064 5.17388913329987 3 1 0 
0 920 6.4 15 0.479838709677419 0.399193548387097 6.55400406753532 3 -1 0 
1 930 7.2 17 0.390603085553997 0.654032258064516 3.7489684401254 3 2 0 
0 930 6.4 15 0.440322580645161 0.358870967741936 0 3 -2 0 
1 940 7.2 17 0.392857142857143 0.724193548387097 4.67047582682981 3 2 0 
0 940 6.4 15 0.362711213517665 NaN NaN 3 -2 0 
1 950 7.2 17 0.428175403225806 0.718548387096774 7.07499323627571 3 2 0 
0 950 6.4 15 0.484604105571848 0.155241935483871 10.9658560997307 3 -2 0 
1 960 7.2 17 0.427029136316337 0.754032258064516 6.08504766197927 3 2 0 
0 960 6.4 15 0.416573971078977 0.161290322580645 8.13941029804985 3 -2 0 
1 970 7.2 17 0.4375 0.679032258064516 6.98006389744711 3 2 0 
0 970 6.4 15 0.367555831265509 0.201612903225806 25.4378108992239 3 -2 0 
1 980 7.2 17 0.495550611790879 0.591129032258064 9.57826185750893 3 2 0 
0 980 6.4 15 0.511592741935484 0.230645161290323 21.5624896786643 3 -2 0 
1 990 7.2 18 0.494802867383513 0.498387096774194 17.6476501495352 3 2 0 
0 990 6.4 16 0.414314516129032 0.337903225806452 14.5078391378785 3 -2 0 
1 1000 7.2 18 0.484844271412681 0.456451612903226 24.7139618960112 3 2 0 
0 1000 6.4 16 0.431451612903226 0.394354838709677 20.2671469865309 3 -2 0 
1 1010 7.2 18 0.476018675721562 0.495161290322581 16.6973697061035 3 2 0 
0 1010 6.4 16 0.437618595825427 0.416935483870968 15.3808567471504 3 -2 0 
1 1020 7.2 18 0.451285963382738 0.569354838709677 8.77541942383133 3 2 0 
0 1020 6.4 16 0.381166982922201 0.409677419354839 11.4444850742805 3 -2 0 
1 1030 7.2 18 0.493951612903226 0.640322580645161 14.2871014611882 3 2 0 
0 1030 6.4 16 0.375930521091811 0.325 12.5249607409249 3 -2 0 
1 1040 7.2 18 0.573005093378608 0.600806451612903 3.94081622242299 3 2 0 
0 1040 6.4 16 0.327956989247312 0.295967741935484 14.2492562455965 3 -2 0 
1 1050 7.2 18 0.535071267816954 0.571774193548387 10.0017346395121 3 2 0 
0 1050 6.4 16 0.297043010752688 0.316129032258065 18.873215239634 3 -2 0 
1 1060 7.2 19 0.555376344086021 0.691935483870968 4.59681301193035 3 3 0 
0 1060 6.4 16 NaN 0.292338709677419 16.6207701385947 3 -3 0 
1 1070 7.2 19 0.652514231499051 0.739516129032258 3.95743388218392 3 3 1 
0 1070 6.4 16 0.255645161290323 0.233870967741935 6.08276253029822 2 -3 -1 
1 1080 7.2 20 0.634530791788856 0.756451612903226 4.33990545226808 3 4 2 
0 1080 6.4 16 0.265877016129032 0.151209677419355 5.52268050859363 1 -4 -2 
1 1090 7.2 20 0.73252688172043 0.787096774193548 6.22508482189847 3 4 2 
0 1090 6.4 16 0.289314516129032 0.153225806451613 3.60555127546399 1 -4 -2 
1 1100 7.2 20 0.792338709677419 0.808870967741935 6.68103756575144 3 4 2 
0 1100 6.4 16 0.289314516129032 0.147177419354839 3.16941872334446 1 -4 -2 
1 1110 7.2 20 0.78494623655914 0.813508064516129 6.13679821104565 3 4 2 
0 1110 6.4 16 0.214809384164223 0.155241935483871 2.47011571704889 1 -4 -2 
