1 30 8.6 1 NaN 0.261088709677419 13.2077250850804 3 0 0 
0 30 9.4 1 NaN 0.234879032258065 21.3300102477332 3 0 0 
1 40 8.6 1 NaN 0.29133064516129 19.5558509400328 3 0 0 
0 40 9.4 1 NaN 0.316935483870968 27.8790552438102 3 0 0 
1 50 8.6 1 0.366935483870968 0.308064516129032 29.98202919927 3 0 0 
0 50 9.4 1 0.369354838709677 0.383870967741935 23.6536726107742 3 0 0 
1 60 8.6 1 0.364247311827957 0.413709677419355 42.7894396357984 3 0 0 
0 60 9.4 1 0.364247311827957 0.491935483870968 25.9564009758077 3 0 0 
1 70 8.6 1 0.390916808149406 0.416935483870968 37.2419196893246 3 0 0 
0 70 9.4 1 0.406854838709677 0.479838709677419 25.5442565405061 3 0 0 
1 80 8.6 1 0.463709677419355 0.479838709677419 34.1190302677404 3 0 0 
0 80 9.4 1 0.451767990074442 0.480645161290323 29.0459216860977 3 0 0 
1 90 8.6 1 0.407908428720083 0.490322580645161 31.0745544066944 3 0 0 
0 90 9.4 1 0.400166852057842 0.473387096774194 26.4493775793589 3 0 0 
1 100 8.6 1 0.406298003072197 0.460483870967742 30.9577897664716 3 0 0 
0 100 9.4 1 0.448924731182796 0.480645161290323 28.0333361997474 3 0 0 
1 110 8.6 2 0.451457816377171 0.487903225806452 29.4190757949195 3 0 0 
0 110 9.4 2 0.474523460410557 0.470967741935484 25.5048223136944 3 0 0 
1 120 8.6 2 0.390322580645161 0.491129032258064 30.738557821464 3 0 0 
0 120 9.4 2 0.391774193548387 0.479838709677419 29.9168925437522 3 0 0 
1 130 8.6 2 0.415927419354839 0.483064516129032 42.1441173349791 3 0 0 
0 130 9.4 2 0.421920821114369 0.472782258064516 29.6987982339693 3 0 0 
1 140 8.6 3 0.470238095238095 0.48252688172043 43.2886380335344 3 0 0 
0 140 9.4 3 0.454354838709677 0.395161290322581 46.1659121767737 3 0 0 
1 150 8.6 3 0.386256720430108 0.491935483870968 42.908342900765 3 0 0 
0 150 9.4 3 0.410660282258065 0.440524193548387 27.404214055308 3 0 0 
1 160 8.6 3 0.369544592030361 0.365322580645161 57.3253757931731 3 0 0 
0 160 9.4 3 0.450483870967742 0.398387096774194 41.0393852845525 3 0 0 
1 170 8.6 3 0.466129032258065 0.379032258064516 42.9026019876088 3 -1 0 
0 170 9.4 4 0.47955069124424 0.376612903225806 42.8326666047055 3 1 0 
1 180 8.6 4 0.393920595533499 0.451612903225806 40.7856469291718 3 0 0 
0 180 9.4 4 0.429147465437788 0.441129032258065 38.5794976323017 3 0 0 
1 190 8.6 4 0.375424448217318 0.476814516129032 36.8182697815127 3 0 0 
0 190 9.4 4 0.441222084367246 0.46875 27.6034779973246 3 0 0 
1 200 8.6 5 0.444243604004449 0.482862903225806 37.4915334587595 3 1 0 
0 200 9.4 4 0.463853686635945 0.496975806451613 27.8293010000998 3 -1 0 
1 210 8.6 5 0.409562211981567 0.409274193548387 41.2000984653376 3 0 0 
0 210 9.4 5 0.401209677419355 0.429838709677419 39.4589244599568 3 0 0 
1 220 8.6 5 0.410483870967742 0.455645161290323 29.0485678149716 3 0 0 
0 220 9.4 5 0.404803646563815 0.45241935483871 25.5940756325672 3 0 0 
1 230 8.6 5 0.454728739002933 0.403225806451613 30.9019541230583 3 -1 0 
0 230 9.4 6 0.444682459677419 0.475806451612903 18.3652355075471 3 1 0 
1 240 8.6 6 0.383904569892473 0.361290322580645 43.9706285188307 3 0 0 
0 240 9.4 6 0.41570060483871 0.491129032258064 21.3881981713234 3 0 0 
1 250 8.6 6 0.441638370118845 0.392741935483871 41.059618175379 3 0 0 
0 250 9.4 6 0.484516129032258 0.501612903225806 29.757532039244 3 0 0 
1 260 8.6 6 0.460161290322581 0.455645161290323 35.3689435123475 3 0 0 
0 260 9.4 6 0.501099706744868 0.5 41.0858457626121 3 0 0 
1 270 8.6 6 0.401135005973716 0.469758064516129 29.5225950146941 3 0 0 
0 270 9.4 6 0.372800586510264 0.496975806451613 42.523349314121 3 0 0 
1 280 8.6 6 0.432661290322581 0.461693548387097 32.7049044460981 3 0 0 
0 280 9.4 6 0.383276740237691 0.475806451612903 35.1120388610915 3 0 0 
1 290 8.6 6 0.458565072302558 0.403225806451613 57.4690257402318 3 0 0 
0 290 9.4 6 0.445645161290323 0.465322580645161 29.1877793095703 3 0 0 
1 300 8.6 7 0.409677419354839 0.378024193548387 42.913209371805 3 0 0 
0 300 9.4 7 0.385 0.454838709677419 40.7774738329385 3 0 0 
1 310 8.6 7 0.425403225806452 0.410282258064516 31.9656305428562 3 0 0 
0 310 9.4 7 0.443697729988053 0.495967741935484 31.6910186617378 3 0 0 
1 320 8.6 7 0.477598566308244 0.38508064516129 37.6181890740008 3 0 0 
0 320 9.4 7 0.477229601518027 0.493548387096774 25.3837602125706 3 0 0 
1 330 8.6 7 0.390353598014888 0.411290322580645 28.9504764147046 3 0 0 
0 330 9.4 7 0.399865591397849 0.473790322580645 20.6294632212648 3 0 0 
1 340 8.6 7 0.380929791271347 0.330645161290323 45.4192703025428 3 -1 0 
0 340 9.4 8 0.450682382133995 0.474193548387097 15.8640452262401 3 1 0 
1 350 8.6 7 0.437836021505376 0.428763440860215 37.7298588230539 3 -1 0 
0 350 9.4 8 0.466244239631336 0.508870967741936 20.2685790910439 3 1 0 
1 360 8.6 7 0.374649368863955 0.281451612903226 34.940286681205 3 -2 0 
0 360 9.4 9 0.429496578690127 0.5 34.1573210145068 3 2 0 
1 370 8.6 7 0.376152073732719 0.333870967741935 21.1842132928728 3 -2 0 
0 370 9.4 9 0.500549853372434 0.52741935483871 31.1485308129712 3 2 0 
1 380 8.6 8 0.438760080645161 0.401612903225806 13.4510259773849 3 -1 0 
0 380 9.4 9 0.52570564516129 0.538709677419355 27.9413409118112 3 1 0 
1 390 8.6 8 0.377856182795699 0.455645161290323 18.9351042975696 3 -1 0 
0 390 9.4 9 0.415860215053763 0.509072580645161 28.1257168773323 3 1 0 
1 400 8.6 8 0.388508064516129 0.437096774193548 35.1586271613156 3 -1 0 
0 400 9.4 9 0.439340813464236 0.536290322580645 31.0173803950896 3 1 0 
1 410 8.6 9 0.445874689826303 0.443548387096774 43.6326302485454 3 -1 0 
0 410 9.4 10 0.459677419354839 0.513440860215054 43.2713994213601 3 1 0 
1 420 8.6 9 0.37640252454418 0.496774193548387 38.0775257075794 3 -1 0 
0 420 9.4 10 0.40739247311828 0.383064516129032 42.0720068722477 3 1 0 
1 430 8.6 9 0.442462779156328 0.479838709677419 31.4968308026101 3 -1 0 
0 430 9.4 10 0.439180107526882 0.371774193548387 48.7814343607998 3 1 0 
1 440 8.6 10 0.469302809573361 0.489516129032258 26.0780532275936 3 0 0 
0 440 9.4 10 0.455477150537634 0.425806451612903 44.6962908413152 3 0 0 
1 450 8.6 10 0.402150537634409 0.4375 27.4594148498629 3 0 0 
0 450 9.4 10 0.379368279569893 0.454637096774194 23.8163677440214 3 0 0 
1 460 8.6 10 0.368010752688172 0.435483870967742 24.8723369597126 3 -1 0 
0 460 9.4 11 0.445564516129032 0.508870967741936 31.1333381450623 3 1 0 
1 470 8.6 10 0.450716845878136 0.484879032258065 31.7207634096267 3 -1 0 
0 470 9.4 11 0.485812425328554 0.491129032258064 28.2162537551262 3 1 0 
1 480 8.6 10 0.420992943548387 0.411290322580645 46.9383141401204 3 -1 0 
0 480 9.4 11 0.398842917251052 0.484677419354839 13.61787314918 3 1 0 
1 490 8.6 11 0.40994623655914 0.454032258064516 29.8329075314322 3 0 0 
0 490 9.4 11 0.410330261136713 0.508064516129032 33.1865003929082 3 0 0 
1 500 8.6 11 0.473025583982202 0.490322580645161 34.8091198687748 3 0 0 
0 500 9.4 11 0.445208728652751 0.455645161290323 6.32455532033676 3 0 0 
1 510 8.6 11 0.437144212523719 0.488709677419355 26.5899517426049 3 0 0 
0 510 9.4 11 0.38508064516129 0.44758064516129 2.82842712474619 3 0 0 
1 520 8.6 11 0.456221198156682 0.511290322580645 19.2761193444986 3 0 0 
0 520 9.4 11 0.393511730205279 0.439516129032258 1 3 0 0 
1 530 8.6 12 0.456618464961068 0.467741935483871 22.4171361647665 3 0 0 
0 530 9.4 12 0.461290322580645 0.289314516129032 40.6719180493952 3 0 0 
1 540 8.6 12 0.425655241935484 0.491129032258064 35.7860149120869 3 0 0 
0 540 9.4 12 0.398148148148148 0.400201612903226 34.5246426786975 3 0 0 
1 550 8.6 12 0.451612903225806 0.512903225806452 41.5960406128556 3 0 0 
0 550 9.4 12 0.40241935483871 0.443548387096774 32.035403969567 3 0 0 
1 560 8.6 12 0.467309907834101 0.498387096774194 38.4571017055342 3 0 0 
0 560 9.4 12 0.446044546850998 0.490927419354839 33.658451425885 3 0 0 
1 570 8.6 12 0.440127077223851 0.450806451612903 26.9031401768128 3 0 0 
0 570 9.4 12 0.403709677419355 0.505376344086022 2.95068600758371 3 0 0 
1 580 8.6 12 0.466973886328725 0.505040322580645 19.3546741495865 3 0 0 
0 580 9.4 12 0.432027649769585 0.43010752688172 3.08818060065564 3 0 0 
1 590 8.6 13 0.480030721966206 0.523185483870968 23.2325747314127 3 1 0 
0 590 9.4 12 0.437938288920056 0.435483870967742 3.72641087468556 3 -1 0 
1 600 8.6 13 0.375183284457478 0.516129032258065 24.4261750805651 3 0 0 
0 600 9.4 13 0.438448766603416 0.338709677419355 34.3825574892829 3 0 0 
1 610 8.6 13 0.379480286738351 0.357258064516129 47.7500987424476 3 0 0 
0 610 9.4 13 0.420362903225806 0.34375 32.4037155166662 3 0 0 
1 620 8.6 13 0.473118279569892 0.487903225806452 36.3723251303419 3 0 0 
0 620 9.4 13 0.425084889643464 0.37258064516129 18.5510519500236 3 0 0 
1 630 8.6 13 0.43239247311828 0.581451612903226 24.5852664741238 3 0 0 
0 630 9.4 13 0.411550468262227 0.370967741935484 21.3530554369555 3 0 0 
1 640 8.6 13 0.479354838709677 0.621774193548387 18.3120430041453 3 0 0 
0 640 9.4 13 0.426663306451613 0.337701612903226 10.02871826945 3 0 0 
1 650 8.6 14 0.45866935483871 0.501612903225806 15.5449265335535 3 1 0 
0 650 9.4 13 0.423675115207373 0.345766129032258 4.91397379919889 3 -1 0 
1 660 8.6 14 0.433792924037461 0.473387096774194 39.5334555296356 3 1 0 
0 660 9.4 13 0.431451612903226 0.357862903225806 15.6918653335462 3 -1 0 
1 670 8.6 14 0.438748079877112 0.435483870967742 48.6727489770837 3 0 0 
0 670 9.4 14 0.43566715542522 0.405241935483871 10.5248086565275 3 0 0 
1 680 8.6 14 0.475518433179724 0.452956989247312 38.0368678935415 3 0 0 
0 680 9.4 14 0.469959677419355 0.476814516129032 19.2293544007357 3 0 0 
1 690 8.6 14 0.435839658444023 0.456989247311828 35.5492727359866 3 0 0 
0 690 9.4 14 0.379536290322581 0.422379032258065 30.4543958865918 3 0 0 
1 700 8.6 14 0.449932795698925 0.433467741935484 46.7714854051488 3 -1 0 
0 700 9.4 15 0.375604838709677 0.451612903225806 25.079321635007 3 1 0 
1 710 8.6 14 0.456451612903226 0.433467741935484 39.3236521875579 3 -1 0 
0 710 9.4 15 0.447412634408602 0.451612903225806 22.304104343813 3 1 0 
1 720 8.6 14 0.371884164222874 0.442741935483871 38.4122983242997 3 -1 0 
0 720 9.4 15 0.415200391006843 0.382056451612903 22.0384932248582 3 1 0 
1 730 8.6 15 0.432152875175316 0.501612903225806 16.2290701878982 3 0 0 
0 730 9.4 15 0.444950911640954 0.370967741935484 4.74324738626431 3 0 0 
1 740 8.6 15 0.46412680756396 0.489516129032258 18.4830665047643 3 0 0 
0 740 9.4 15 0.475302419354839 0.428427419354839 5.09605526881169 3 0 0 
1 750 8.6 15 0.408751493428913 0.513709677419355 17.9234608811667 3 0 0 
0 750 9.4 15 0.404569892473118 0.430443548387097 8.75460053427402 3 0 0 
1 760 8.6 15 0.466346153846154 0.557258064516129 22.5132738912606 3 0 0 
0 760 9.4 15 0.400201612903226 0.390120967741936 6.35001825695359 3 0 0 
1 770 8.6 15 0.541162634408602 0.495967741935484 25.5727430055532 3 0 0 
0 770 9.4 15 0.444758064516129 0.399193548387097 15.8907235501245 3 0 0 
1 780 8.6 16 0.421236559139785 0.456653225806452 33.4370133751587 3 0 0 
0 780 9.4 16 0.364516129032258 0.433064516129032 29.4707908188164 3 0 0 
1 790 8.6 16 0.38858234295416 0.504032258064516 26.4754688311044 3 0 0 
0 790 9.4 16 0.391532258064516 0.446236559139785 35.3816113397129 3 0 0 
1 800 8.6 16 0.458837365591398 0.590725806451613 29.4067535437694 3 0 0 
0 800 9.4 16 0.441532258064516 0.361290322580645 14.5306252567364 3 0 0 
1 810 8.6 16 0.423118279569893 0.580645161290323 37.4483124063694 3 0 0 
0 810 9.4 16 0.374159946236559 0.349798387096774 5.91015171607043 3 0 0 
1 820 8.6 16 0.434847198641766 0.612903225806452 36.6928129825432 3 0 0 
0 820 9.4 16 0.458126550868486 0.397177419354839 6.39238882459757 3 0 0 
1 830 8.6 16 0.506674082313682 0.450268817204301 60.4889972393491 3 -1 0 
0 830 9.4 17 0.442652329749104 0.505040322580645 9.34758241453558 3 1 0 
1 840 8.6 17 0.454166666666667 0.494623655913979 42.075761518634 3 0 0 
0 840 9.4 17 0.43241935483871 0.480846774193548 12.859185066917 3 0 0 
1 850 8.6 17 0.439324116743472 0.563172043010753 17.0576765941966 3 0 0 
0 850 9.4 17 0.412442396313364 0.340725806451613 11.8841388762642 3 0 0 
1 860 8.6 17 0.46875 0.442540322580645 32.8835772534626 3 0 0 
0 860 9.4 17 0.468803056027165 0.310483870967742 15.5452236976609 3 0 0 
1 870 8.6 17 0.414210233592881 0.35241935483871 37.8969844760177 3 0 0 
0 870 9.4 17 0.409343715239155 0.373991935483871 12.2048775256708 3 0 0 
1 880 8.6 17 0.399719495091164 0.400806451612903 32.7437666463893 3 0 0 
0 880 9.4 17 0.420122887864823 0.418346774193548 20.2481484813068 3 0 0 
1 890 8.6 17 0.473471986417657 0.463709677419355 24.3317543072439 3 0 0 
0 890 9.4 17 0.485806451612903 0.481854838709677 3.82944621883761 3 0 0 
1 900 8.6 17 0.368401759530792 0.488709677419355 12.7800151249027 3 0 0 
0 900 9.4 17 0.409838709677419 0.48991935483871 4.48673003361098 3 0 0 
1 910 8.6 18 0.393870967741936 0.470161290322581 5.94407026476013 3 1 0 
0 910 9.4 17 0.390322580645161 0.494623655913979 7.57584510272 3 -1 0 
1 920 8.6 18 0.460125448028674 0.553225806451613 2.47795725771474 3 0 0 
0 920 9.4 18 0.42741935483871 0.387096774193548 0 3 0 0 
1 930 8.6 18 0.385390818858561 0.691129032258065 5.99394884101819 3 0 0 
0 930 9.4 18 0.372434017595308 0.235887096774194 2.54950975679639 3 0 0 
1 940 8.6 18 0.481566820276498 0.755645161290323 4.97787024327922 3 0 0 
0 940 9.4 18 0.378276209677419 0.225806451612903 3.04138126514911 3 0 0 
1 950 8.6 19 0.541848299912816 0.775806451612903 6.37223981576126 3 1 1 
0 950 9.4 18 0.426686217008798 0.213709677419355 0 2 -1 -1 
1 960 8.6 19 0.44758064516129 0.782258064516129 6.24458979105713 3 1 1 
0 960 9.4 18 0.388045540796964 0.255376344086022 43.1106039879521 2 -1 -1 
1 970 8.6 19 0.483169705469846 0.64758064516129 12.1139203461787 3 1 1 
0 970 9.4 18 0.400403225806452 0.167338709677419 12.7577174069424 2 -1 -1 
1 980 8.6 19 0.503772112382934 0.553225806451613 17.1204048495544 3 1 1 
0 980 9.4 18 0.441377171215881 0.268145161290323 7.73306359522253 2 -1 -1 
1 990 8.6 19 0.460654936461388 0.496774193548387 19.8370465722499 3 1 1 
0 990 9.4 18 0.383980938416422 0.414314516129032 1.61917115943387 2 -1 -1 
1 1000 8.6 19 0.4640603085554 0.470967741935484 35.2939754459263 3 1 1 
0 1000 9.4 18 0.40851814516129 0.444556451612903 19.1688997989648 2 -1 -1 
1 1010 8.6 19 0.501612903225806 0.470967741935484 41.1376587258977 3 1 1 
0 1010 9.4 18 0.437836021505376 0.498991935483871 8.91470252667201 2 -1 -1 
1 1020 8.6 20 0.437855787476281 0.496774193548387 32.8467633836101 3 1 1 
0 1020 9.4 19 0.369684750733138 0.47883064516129 12.6796839119591 2 -1 -1 
1 1030 8.6 20 0.456757508342603 0.484677419354839 30.186524061801 3 1 1 
0 1030 9.4 19 0.365986717267552 0.47883064516129 20.3134217291604 2 -1 -1 
1 1040 8.6 20 0.502134724857685 0.487903225806452 24.1282862185725 3 1 1 
0 1040 9.4 19 0.457542694497154 0.498991935483871 19.6803924014077 2 -1 -1 
1 1050 8.6 20 0.455645161290323 0.509677419354839 29.6472514530608 3 1 1 
0 1050 9.4 19 0.382881231671554 0.482258064516129 17.4104477136101 2 -1 -1 
1 1060 8.6 20 0.422715053763441 0.512903225806452 21.1527276748758 3 1 1 
0 1060 9.4 19 0.360887096774194 0.383064516129032 34.5305033843654 2 -1 -1 
1 1070 8.6 20 0.508870967741936 0.508064516129032 31.1950403282993 3 1 1 
0 1070 9.4 19 0.431739631336406 0.409274193548387 45.4587725307228 2 -1 -1 
1 1080 8.6 20 0.489552785923754 0.575604838709677 33.6636626076404 3 1 1 
0 1080 9.4 19 0.351670506912442 0.413306451612903 25.1097590589794 2 -1 -1 
1 1090 8.6 21 0.517641129032258 0.544354838709677 35.4335977043019 3 1 1 
0 1090 9.4 20 0.350439882697947 0.258064516129032 0 2 -1 -1 
1 1100 8.6 21 0.576294567062818 0.610887096774194 34.8301998202502 3 1 1 
0 1100 9.4 20 0.292626728110599 0.233870967741935 0 2 -1 -1 
1 1110 8.6 21 0.516227380015736 0.596774193548387 32.2117562727808 3 1 1 
0 1110 9.4 20 0.300979262672811 0.254032258064516 0 2 -1 -1 
1 1120 8.6 21 0.467549923195084 0.60752688172043 41.4848036824494 3 1 1 
0 1120 9.4 20 0.338709677419355 0.23991935483871 13.9014387744578 2 -1 -1 
1 1130 8.6 21 0.598454301075269 0.608870967741936 36.148417192052 3 1 1 
0 1130 9.4 20 0.338709677419355 0.215725806451613 16.852945496346 2 -1 -1 
1 1140 8.6 21 0.49911487018096 0.53125 49.3311439733816 3 1 1 
0 1140 9.4 20 0.30241935483871 0.249193548387097 22.530898505449 2 -1 -1 
1 1150 8.6 21 0.476478494623656 0.567540322580645 40.8813334212299 3 1 1 
0 1150 9.4 20 0.332661290322581 0.273185483870968 12.2532006072223 2 -1 -1 
1 1160 8.6 21 0.614247311827957 0.584677419354839 22.7552540781644 3 1 1 
0 1160 9.4 20 0.318548387096774 0.331653225806452 6.54731183204233 2 -1 -1 
1 1170 8.6 21 0.512903225806452 0.641129032258065 2.32107014857865 3 1 1 
0 1170 9.4 20 0.287186379928315 0.310483870967742 1.90664187235349 2 -1 -1 
1 1180 8.6 21 0.534274193548387 0.595967741935484 47.4370183746641 3 1 1 
0 1180 9.4 20 0.284824046920821 0.221774193548387 5.5130315597 2 -1 -1 
1 1190 8.6 21 0.596774193548387 0.684677419354839 35.4195481163617 3 1 1 
0 1190 9.4 20 0.262096774193548 0.155913978494624 3.18438723637808 2 -1 -1 
1 1200 8.6 22 0.487249346120314 0.769354838709677 27.7721145003018 3 2 1 
0 1200 9.4 20 0.306653225806452 0.149193548387097 4.12310562561766 2 -2 -1 
1 1210 8.6 22 0.490357643758766 0.769153225806452 9.81259690241615 3 1 2 
0 1210 9.4 21 0.330376344086022 0.19489247311828 9.8038056082391 1 -1 -2 
1 1220 8.6 22 0.583126550868486 0.742943548387097 5.62645835675887 3 1 2 
0 1220 9.4 21 0.337141577060932 0.217741935483871 9.20457781811527 1 -1 -2 
1 1230 8.6 22 0.530875576036866 0.76008064516129 7.38041270429445 3 1 2 
0 1230 9.4 21 0.329459203036053 0.182795698924731 11.1628527063547 1 -1 -2 
1 1240 8.6 22 0.545564516129032 0.765120967741936 6.34029677341717 3 1 3 
0 1240 9.4 21 0.397401433691756 0.165322580645161 2.56475139225536 0 -1 -3 
1 1250 8.6 23 0.628024193548387 0.804435483870968 4.91615885115195 3 2 3 
0 1250 9.4 21 0.418346774193548 0.161290322580645 0 0 -2 -3 
1 1260 8.6 23 0.719758064516129 0.810483870967742 6.28696364142242 3 2 3 
0 1260 9.4 21 0.241431451612903 NaN NaN 0 -2 -3 
1 1270 8.6 23 NaN 0.798387096774194 0 3 2 3 
0 1270 9.4 21 NaN NaN NaN 0 -2 -3 
