1 30 11.2 1 NaN 0.25546875 10.2612704481557 2 0 2 
0 30 7.2 1 NaN 0.18359375 8.61174605825041 0 0 -2 
1 40 11.2 1 NaN 0.29296875 21.2757754845919 2 0 2 
0 40 7.2 1 NaN 0.28046875 21.1758649658984 0 0 -2 
1 50 11.2 1 0.51171875 0.3828125 20.68589733463 2 0 2 
0 50 7.2 1 0.34765625 0.3515625 26.9501935767842 0 0 -2 
1 60 11.2 1 0.504464285714286 0.471875 27.0112187280631 2 0 2 
0 60 7.2 1 0.420955882352941 0.41875 29.5051890375901 0 0 -2 
1 70 11.2 1 0.532752403846154 0.50859375 27.985237685731 2 0 2 
0 70 7.2 1 0.434709821428571 0.4390625 31.061644811654 0 0 -2 
1 80 11.2 1 0.533954326923077 0.5046875 28.0371741233061 2 0 2 
0 80 7.2 1 0.45703125 0.42109375 31.2835969306571 0 0 -2 
1 90 11.2 2 0.559461805555556 0.48515625 30.8787912790736 2 1 2 
0 90 7.2 1 0.4296875 0.4203125 31.4945662986147 0 -1 -2 
1 100 11.2 2 0.5595703125 0.52421875 24.0615006649739 2 0 2 
0 100 7.2 2 0.469075520833333 0.421875 32.802185919324 0 0 -2 
1 110 11.2 2 0.560267857142857 0.53359375 20.6599264309186 2 0 2 
0 110 7.2 2 0.47578125 0.4203125 33.8223404992755 0 0 -2 
1 120 11.2 3 0.499674479166667 0.53359375 20.220606019974 2 1 2 
0 120 7.2 2 0.440755208333333 0.41953125 34.8162715650126 0 -1 -2 
1 130 11.2 3 0.549005681818182 0.498046875 29.4636078686731 2 0 2 
0 130 7.2 3 0.439174107142857 0.40859375 34.6885115908146 0 0 -2 
1 140 11.2 3 0.54443359375 0.44140625 28.4764920769109 2 0 2 
0 140 7.2 3 0.435661764705882 0.42890625 35.3932200997664 0 0 -2 
1 150 11.2 3 0.47265625 0.3515625 35.434021455968 2 0 2 
0 150 7.2 3 0.39375 0.421875 39.0195751430913 0 0 -2 
1 160 11.2 3 0.518694196428571 0.435546875 29.7952338318849 2 -1 2 
0 160 7.2 4 0.47421875 0.4328125 35.0466803995417 0 1 -2 
1 170 11.2 4 0.518694196428571 0.4984375 20.4417766103381 2 0 2 
0 170 7.2 4 0.463107638888889 0.3984375 19.7706933920234 0 0 -2 
1 180 11.2 4 0.472981770833333 0.53203125 23.6558866162029 2 0 2 
0 180 7.2 4 0.486860795454545 0.4109375 26.4646594748819 0 0 -2 
1 190 11.2 4 0.509314903846154 0.53203125 21.2406277430821 2 0 2 
0 190 7.2 4 0.504507211538462 0.3984375 22.2201461998299 0 0 -2 
1 200 11.2 5 0.508413461538462 0.51484375 25.3175588084062 2 0 2 
0 200 7.2 5 0.5087890625 0.38984375 23.9498954402573 0 0 -2 
1 210 11.2 5 0.473177083333333 0.5296875 35.3898111566739 2 0 2 
0 210 7.2 5 0.4642578125 0.38828125 33.9715529208537 0 0 -2 
1 220 11.2 5 0.535807291666667 0.50078125 36.7828089323262 2 0 2 
0 220 7.2 5 0.436434659090909 0.419921875 19.5645768288468 0 0 -2 
1 230 11.2 6 0.537109375 0.50703125 35.779962927512 2 1 2 
0 230 7.2 5 0.416666666666667 0.4078125 39.2282036532626 0 -1 -2 
1 240 11.2 6 0.540127840909091 0.51796875 35.9850467997349 2 0 2 
0 240 7.2 6 0.400240384615385 0.404296875 35.8996352209854 0 0 -2 
1 250 11.2 6 0.555304276315789 0.521875 39.667144451113 2 0 2 
0 250 7.2 6 0.447591145833333 0.388671875 36.4009652801796 0 0 -2 
1 260 11.2 7 0.553168402777778 0.534375 37.9426148338948 2 1 2 
0 260 7.2 6 0.445703125 0.33359375 40.970855580782 0 -1 -2 
1 270 11.2 7 0.584201388888889 0.503125 37.9669461833065 2 1 2 
0 270 7.2 6 0.405894886363636 0.37109375 20.7052125134669 0 -1 -2 
1 280 11.2 7 0.5681640625 0.47578125 22.4356111457884 2 1 2 
0 280 7.2 6 0.4140625 0.42109375 13.6154083371376 0 -1 -2 
1 290 11.2 7 0.569284539473684 0.513671875 6.94659453123913 2 1 2 
0 290 7.2 6 0.390066964285714 0.4203125 11.0272671147957 0 -1 -2 
1 300 11.2 7 0.572048611111111 0.546875 4.08604892293161 2 1 2 
0 300 7.2 6 0.379464285714286 0.4296875 10.2483978369953 0 -1 -2 
1 310 11.2 7 0.578634510869565 0.525390625 9.35005142779682 2 1 2 
0 310 7.2 6 0.392045454545455 0.43359375 6.68890526099634 0 -1 -2 
1 320 11.2 8 0.57914402173913 0.5166015625 18.2481253150658 2 1 2 
0 320 7.2 7 0.406960227272727 0.466145833333333 17.3660460839811 0 -1 -2 
1 330 11.2 8 0.595703125 0.55859375 18.3517145172525 2 1 2 
0 330 7.2 7 0.389391447368421 0.3369140625 32.7258299930958 0 -1 -2 
1 340 11.2 8 0.591911764705882 0.5673828125 21.3407181361033 2 1 2 
0 340 7.2 7 0.403645833333333 0.34296875 37.9924775353288 0 -1 -2 
1 350 11.2 8 0.583333333333333 0.5375 29.8224635252879 2 1 2 
0 350 7.2 7 0.40283203125 0.3796875 30.720724277356 0 -1 -2 
1 360 11.2 9 0.5390625 0.51953125 40.6261161060289 2 1 2 
0 360 7.2 8 0.462890625 0.3890625 41.8052024643489 0 -1 -2 
1 370 11.2 9 0.55859375 0.50703125 40.316848533066 2 1 2 
0 370 7.2 8 0.4373046875 0.39921875 43.093596625439 0 -1 -2 
1 380 11.2 9 0.581163194444444 0.4853515625 28.5654910723193 2 1 2 
0 380 7.2 8 0.434461805555556 0.41171875 48.8084714028052 0 -1 -2 
1 390 11.2 9 0.491319444444444 0.48046875 22.396649925096 2 0 2 
0 390 7.2 9 0.40546875 0.45 51.9096103773493 0 0 -2 
1 400 11.2 9 0.526785714285714 0.435546875 31.7844301506256 2 0 2 
0 400 7.2 9 0.519205729166667 0.45390625 47.0542892765383 0 0 -2 
1 410 11.2 10 0.533854166666667 0.3173828125 43.7987763794933 2 1 2 
0 410 7.2 9 0.533854166666667 0.4609375 48.9587938389362 0 -1 -2 
1 420 11.2 10 0.506009615384615 0.3623046875 27.487277804801 2 1 2 
0 420 7.2 9 0.465745192307692 0.47265625 45.3265559794002 0 -1 -2 
1 430 11.2 10 0.519252232142857 0.41484375 50.9735460615932 2 0 2 
0 430 7.2 10 0.458984375 0.44453125 37.6615331730158 0 0 -2 
1 440 11.2 10 0.519252232142857 0.46875 53.6100095288686 2 0 2 
0 440 7.2 10 0.4462890625 0.46953125 20.0487035887529 0 0 -2 
1 450 11.2 10 0.527083333333333 0.4892578125 46.7300935005377 2 0 2 
0 450 7.2 10 0.450246710526316 0.44921875 33.7097836635692 0 0 -2 
1 460 11.2 11 0.564208984375 0.498046875 55.8949908310217 2 1 2 
0 460 7.2 10 0.420632102272727 0.48046875 3 0 -1 -2 
1 470 11.2 11 0.564208984375 0.415364583333333 62.0252398634533 2 0 2 
0 470 7.2 11 0.422286184210526 0.5234375 6.40312423743285 0 0 -2 
1 480 11.2 11 0.545052083333333 0.484375 37.8379703782243 2 0 2 
0 480 7.2 11 0.435677083333333 0.356770833333333 47.6529622711422 0 0 -2 
1 490 11.2 11 0.567608173076923 0.532552083333333 7.34797442598146 2 0 2 
0 490 7.2 11 0.43017578125 0.2236328125 34.4498087897819 0 0 -2 
1 500 11.2 11 0.567608173076923 0.578125 28.8094127851265 2 0 2 
0 500 7.2 11 0.43017578125 0.3056640625 27.9229129059405 0 0 -2 
1 510 11.2 12 0.524479166666667 0.537109375 37.2221169485996 2 1 2 
0 510 7.2 11 0.416324013157895 0.345703125 32.335979154281 0 -1 -2 
1 520 11.2 12 0.536658653846154 0.595703125 43.700327925973 2 1 2 
0 520 7.2 11 0.43798828125 0.31171875 46.3514759726388 0 -1 -2 
1 530 11.2 12 0.538311298076923 0.5224609375 51.2767825855012 2 1 2 
0 530 7.2 11 0.421316964285714 0.3734375 44.5147719541763 0 -1 -2 
1 540 11.2 12 0.5748046875 0.5546875 45.5490335967318 2 1 2 
0 540 7.2 11 0.381990131578947 0.40234375 19.1891923222102 0 -1 -2 
1 550 11.2 12 0.590959821428571 0.5302734375 43.9066613378452 2 0 2 
0 550 7.2 12 0.39111328125 0.3857421875 20.2541142394439 0 0 -2 
1 560 11.2 13 0.596137152777778 0.552734375 38.1980721180675 2 1 2 
0 560 7.2 12 0.39111328125 0.36328125 33.9233247768225 0 -1 -2 
1 570 11.2 13 0.609375 0.6240234375 24.2839848404668 2 1 2 
0 570 7.2 12 0.365559895833333 0.369140625 17.9194609557197 0 -1 -2 
1 580 11.2 13 0.567555147058824 0.5791015625 30.2475980191367 2 1 2 
0 580 7.2 12 0.417668269230769 0.4150390625 18.3111129529451 0 -1 -2 
1 590 11.2 13 0.56591796875 0.5146484375 22.9434693888791 2 1 2 
0 590 7.2 12 0.419170673076923 0.33359375 30.1597144043915 0 -1 -2 
1 600 11.2 13 NaN 0.51953125 16.8901272492746 2 1 2 
0 600 7.2 12 0.394761029411765 0.3578125 27.8606273182447 0 -1 -2 
1 610 11.2 14 0.581414473684211 0.5203125 15.6476885465515 2 2 2 
0 610 7.2 12 0.415364583333333 0.3740234375 21.1665117655304 0 -2 -2 
1 620 11.2 14 0.581414473684211 0.546875 15.3486777118677 2 1 2 
0 620 7.2 13 0.41015625 0.359375 13.2060844864634 0 -1 -2 
1 630 11.2 14 0.647321428571429 0.58984375 12.5035740677364 2 1 2 
0 630 7.2 13 0.348958333333333 0.337890625 13.757690877311 0 -1 -2 
1 640 11.2 14 0.650607638888889 0.6083984375 13.1371832101136 2 1 2 
0 640 7.2 13 0.375 0.28671875 17.2635618552493 0 -1 -2 
1 650 11.2 14 0.647135416666667 0.595703125 8.40545354863075 2 1 2 
0 650 7.2 13 0.408854166666667 0.29375 19.4795142437422 0 -1 -2 
1 660 11.2 15 0.686941964285714 0.55078125 8.42080453158682 2 2 2 
0 660 7.2 13 0.345703125 0.3484375 21.3834336892592 0 -2 -2 
1 670 11.2 15 0.676846590909091 0.568359375 3.28791690290223 2 1 2 
0 670 7.2 14 0.314453125 0.29375 26.8054016968476 0 -1 -2 
1 680 11.2 15 0.680729166666667 0.619140625 7.88925770460462 2 1 2 
0 680 7.2 14 0.314453125 0.30234375 18.5045118926926 0 -1 -2 
1 690 11.2 15 0.68212890625 0.5810546875 10.4569348184471 2 1 2 
0 690 7.2 14 0.346540178571429 0.29765625 23.6986346995178 0 -1 -2 
1 700 11.2 15 0.712890625 0.5703125 17.0255134485858 2 1 2 
0 700 7.2 14 0.4375 0.3296875 29.3727735294071 0 -1 -2 
1 710 11.2 15 0.673549107142857 0.5703125 13.4151992859587 2 1 2 
0 710 7.2 14 0.4375 0.33203125 30.2254635012746 0 -1 -2 
1 720 11.2 16 0.672395833333333 0.5791015625 36.7450699976807 2 1 2 
0 720 7.2 15 0.344815340909091 0.29453125 27.9168938701541 0 -1 -2 
1 730 11.2 16 0.612847222222222 0.520833333333333 38.2102530502558 2 1 2 
0 730 7.2 15 0.415364583333333 0.31171875 26.0803153976229 0 -1 -2 
1 740 11.2 16 0.617838541666667 0.552083333333333 43.1225502386071 2 1 2 
0 740 7.2 15 0.415364583333333 0.31953125 17.8221056494552 0 -1 -2 
1 750 11.2 16 0.598307291666667 0.54296875 25.8882289337095 2 0 2 
0 750 7.2 16 0.33359375 0.33359375 17.084067763156 0 0 -2 
1 760 11.2 16 0.583705357142857 0.522135416666667 26.6111099332993 2 0 2 
0 760 7.2 16 0.435546875 0.35859375 25.9704258855457 0 0 -2 
1 770 11.2 16 0.583705357142857 0.4921875 12.7875151982529 2 0 2 
0 770 7.2 16 0.400390625 0.4359375 26.67059688278 0 0 -2 
1 780 11.2 16 0.566666666666667 0.4052734375 36.0206029340105 2 0 2 
0 780 7.2 16 0.362664473684211 0.45703125 16.4872850817311 0 0 -2 
1 790 11.2 16 0.5689453125 0.46484375 8.85996550604486 2 0 2 
0 790 7.2 16 0.434283088235294 0.412109375 15.679578063878 0 0 -2 
1 800 11.2 16 0.572150735294118 0.494140625 12.2671271725834 2 0 2 
0 800 7.2 16 0.460658482142857 0.4033203125 20.3278580984874 0 0 -2 
1 810 11.2 16 0.556189903846154 0.57421875 18.6819311848561 2 0 2 
0 810 7.2 16 0.449462890625 0.4541015625 3.92347438693916 0 0 -2 
1 820 11.2 17 0.4609375 0.57265625 13.7735546850435 2 1 2 
0 820 7.2 16 0.5078125 0.4736328125 5.32268011401171 0 -1 -2 
1 830 11.2 17 0.4609375 0.5703125 4.30276989729673 2 0 2 
0 830 7.2 17 0.5078125 0.43359375 1 0 0 -2 
1 840 11.2 17 0.5234375 0.528645833333333 5.37201047401593 2 0 2 
0 840 7.2 17 0.46875 0.4609375 5.40832691319598 0 0 -2 
1 850 11.2 17 0.4140625 0.584635416666667 0.444444444444443 2 0 2 
0 850 7.2 17 0.46953125 0.390625 0 0 0 -2 
1 860 11.2 17 0.4140625 0.58984375 2.73362046323099 2 0 2 
0 860 7.2 17 0.46953125 0.3671875 0 0 0 -2 
1 870 11.2 18 0.5126953125 0.592447916666667 4.34657731317403 2 1 2 
0 870 7.2 17 0.37734375 NaN NaN 0 -1 -2 
1 880 11.2 18 0.537109375 0.587239583333333 17.867452892075 2 1 2 
0 880 7.2 17 0.570870535714286 0.28515625 0 0 -1 -2 
1 890 11.2 18 0.537109375 0.572916666666667 30.3292548251587 2 1 2 
0 890 7.2 17 0.570870535714286 0.28515625 0 0 -1 -2 
1 900 11.2 18 0.525520833333333 0.62109375 40.6970514902493 2 1 2 
0 900 7.2 17 0.362870065789474 0.236328125 29.5381109754839 0 -1 -2 
1 910 11.2 18 0.491629464285714 0.5078125 0 2 1 2 
0 910 7.2 17 0.347005208333333 0.251953125 30.1081384346492 0 -1 -2 
