1 30 6.6 1 NaN 0.2177734375 9.22644180700795 3 0 0 
0 30 8 1 NaN 0.2796875 24.5300771685966 3 0 0 
1 40 6.6 1 NaN 0.25078125 23.9702747772797 3 0 0 
0 40 8 1 NaN 0.27734375 21.0265341133212 3 0 0 
1 50 6.6 1 0.36328125 0.31953125 28.4178948314515 3 0 0 
0 50 8 1 0.39453125 0.36328125 30.2239392076317 3 0 0 
1 60 6.6 1 0.36328125 0.4390625 38.4335044714158 3 0 0 
0 60 8 1 0.39453125 0.4890625 37.5342106957678 3 0 0 
1 70 6.6 1 0.3806640625 0.45 34.2373442730599 3 0 0 
0 70 8 1 0.4125 0.4828125 35.4056915758295 3 0 0 
1 80 6.6 1 0.4533203125 0.465625 34.1709475674611 3 0 0 
0 80 8 1 0.492897727272727 0.4970703125 27.3641383488052 3 0 0 
1 90 6.6 1 0.379231770833333 0.45 34.6927722318461 3 0 0 
0 90 8 1 0.39453125 0.4953125 35.9191921050413 3 0 0 
1 100 6.6 2 0.375205592105263 0.47265625 35.1939386261635 3 1 0 
0 100 8 1 0.401258680555556 0.49609375 35.6238294373951 3 -1 0 
1 110 6.6 2 0.454613095238095 0.45390625 34.5333667082212 3 0 0 
0 110 8 2 0.490131578947368 0.4796875 35.3596824680837 3 0 0 
1 120 6.6 2 0.378743489583333 0.45078125 37.969969038339 3 0 0 
0 120 8 2 0.429236778846154 0.509375 34.9164056648529 3 0 0 
1 130 6.6 2 0.386160714285714 0.4671875 28.6993134726317 3 0 0 
0 130 8 2 0.400173611111111 0.475 34.8987623463694 3 0 0 
1 140 6.6 3 0.476171875 0.4609375 23.5862934228001 3 0 0 
0 140 8 3 0.49609375 0.46953125 28.1560090378501 3 0 0 
1 150 6.6 3 0.383138020833333 0.453125 21.5828795860261 3 0 0 
0 150 8 3 0.43796875 0.484375 30.7394903100066 3 0 0 
1 160 6.6 3 0.3693359375 0.4984375 21.8371991992893 3 0 0 
0 160 8 3 0.419497282608696 0.498046875 3.57192659820236 3 0 0 
1 170 6.6 3 0.454799107142857 0.47890625 34.0746901845766 3 0 0 
0 170 8 3 0.495930989583333 0.51953125 11.9224212187952 3 0 0 
1 180 6.6 4 0.366477272727273 0.4765625 36.0787895900741 3 1 0 
0 180 8 3 0.424434267241379 0.5205078125 19.5920808895563 3 -1 0 
1 190 6.6 4 0.3673828125 0.44453125 14.9867782240699 3 0 0 
0 190 8 4 0.4284375 0.3984375 36.1211341916101 3 0 0 
1 200 6.6 4 0.453125 0.4671875 4.67696920822551 3 0 0 
0 200 8 4 0.490885416666667 0.453125 33.790827310675 3 0 0 
1 210 6.6 4 0.3997802734375 0.43125 17.4200419445504 3 0 0 
0 210 8 4 0.444010416666667 0.37421875 46.057724887993 3 0 0 
1 220 6.6 5 0.395345052083333 0.4578125 32.8882046589196 3 1 0 
0 220 8 4 0.43734375 0.3953125 42.3713401648709 3 -1 0 
1 230 6.6 5 0.45046875 0.440625 44.0340946076744 3 0 0 
0 230 8 5 0.483842329545455 0.46328125 28.9024651459637 3 0 0 
1 240 6.6 6 0.38859375 0.421875 42.2670915234961 3 1 0 
0 240 8 5 0.438308189655172 0.5 36.4701519765518 3 -1 0 
1 250 6.6 6 0.375205592105263 0.44140625 36.1329798397338 3 1 0 
0 250 8 5 0.4171875 0.5109375 39.8638440823218 3 -1 0 
1 260 6.6 6 0.465254934210526 0.48125 34.693823302529 3 0 0 
0 260 8 6 0.483723958333333 0.49375 42.4519795438964 3 0 0 
1 270 6.6 6 0.389375 0.4765625 36.1105276860846 3 0 0 
0 270 8 6 0.434461805555556 0.49140625 45.7189529326393 3 0 0 
1 280 6.6 6 0.369140625 0.43203125 31.8901369126155 3 0 0 
0 280 8 6 0.425037202380952 0.53984375 45.4388146435804 3 0 0 
1 290 6.6 7 0.438802083333333 0.4421875 35.5245289298867 3 1 0 
0 290 8 6 0.478365384615385 0.50078125 42.7660153770472 3 -1 0 
1 300 6.6 7 0.38578125 0.39609375 39.9402756704062 3 0 0 
0 300 8 7 0.436197916666667 0.515625 35.0196781880335 3 0 0 
1 310 6.6 7 0.382582720588235 0.44140625 39.902931306875 3 0 0 
0 310 8 7 0.448046875 0.5015625 33.9486721309725 3 0 0 
1 320 6.6 7 0.456510416666667 0.44921875 42.1048646707335 3 0 0 
0 320 8 7 0.516710069444444 0.4859375 34.9331744094435 3 0 0 
1 330 6.6 7 0.3846875 0.43671875 34.0492921166899 3 0 0 
0 330 8 7 0.420862268518518 0.5046875 33.1670041944079 3 0 0 
1 340 6.6 7 0.38188244047619 0.490625 28.7463031994254 3 0 0 
0 340 8 7 0.4021484375 0.4578125 26.2109480669778 3 0 0 
1 350 6.6 8 0.469815340909091 0.4671875 10.7543360849036 3 0 0 
0 350 8 8 0.501171875 0.4384765625 26.2454414777809 3 0 0 
1 360 6.6 8 0.377232142857143 0.43203125 17.9933237137409 3 0 0 
0 360 8 8 0.468532986111111 0.5087890625 32.2347472453496 3 0 0 
1 370 6.6 8 0.36328125 0.4359375 34.7889956181152 3 0 0 
0 370 8 8 0.442708333333333 0.421875 41.0825613472774 3 0 0 
1 380 6.6 9 0.442784926470588 0.45546875 37.3763683335424 3 1 0 
0 380 8 8 0.50703125 0.4404296875 34.5626086044432 3 -1 0 
1 390 6.6 9 0.38374255952381 0.3955078125 25.7654339604521 3 0 0 
0 390 8 9 0.42 0.4046875 38.7827277317936 3 0 0 
1 400 6.6 9 0.376528532608696 0.4384765625 25.4108088593355 3 0 0 
0 400 8 9 0.398251488095238 0.40703125 36.3155661109595 3 0 0 
1 410 6.6 9 0.463955965909091 0.474609375 23.6356311121935 3 0 0 
0 410 8 9 0.491477272727273 0.45 32.8358737539504 3 0 0 
1 420 6.6 10 0.380497685185185 0.46953125 45.558742657695 3 1 0 
0 420 8 9 0.427667025862069 0.5048828125 26.1395212438844 3 -1 0 
1 430 6.6 10 0.377604166666667 0.46640625 40.8488094051657 3 1 0 
0 430 8 9 0.419771634615385 0.533203125 17.9515818648276 3 -1 0 
1 440 6.6 10 0.468017578125 0.45078125 33.3736391751499 3 1 0 
0 440 8 9 0.485807291666667 0.4609375 29.8903477449453 3 -1 0 
1 450 6.6 10 0.380208333333333 0.4390625 40.4862854433608 3 0 0 
0 450 8 10 0.469791666666667 0.4859375 32.7021166420266 3 0 0 
1 460 6.6 10 0.36328125 0.421875 38.0293667194289 3 0 0 
0 460 8 10 0.424913194444444 0.5109375 33.7451001758551 3 0 0 
1 470 6.6 10 0.4296875 0.44609375 21.4241439493755 3 0 0 
0 470 8 10 0.4814453125 0.4953125 32.5506826271198 3 0 0 
1 480 6.6 10 0.3853125 0.4484375 24.1144541963408 3 0 0 
0 480 8 10 0.462823275862069 0.5109375 29.3464091771538 3 0 0 
1 490 6.6 11 0.37841796875 0.44453125 20.2751305741527 3 1 0 
0 490 8 10 0.4287109375 0.49375 31.8770065935742 3 -1 0 
1 500 6.6 11 0.45625 0.47578125 27.4325142303991 3 1 0 
0 500 8 10 0.472055288461538 0.5015625 38.1225968429288 3 -1 0 
1 510 6.6 11 0.420138888888889 0.471875 34.097962154331 3 0 0 
0 510 8 11 0.41117527173913 0.494140625 42.2837014523919 3 0 0 
1 520 6.6 12 0.3828125 0.45234375 33.2962914870621 3 1 0 
0 520 8 11 0.39453125 0.482421875 39.3552005694203 3 -1 0 
1 530 6.6 12 0.4287109375 0.4703125 21.3874423636732 3 1 0 
0 530 8 11 0.469350961538462 0.451822916666667 19.4766314061625 3 -1 0 
1 540 6.6 12 0.368607954545455 0.5078125 10.7088167055207 3 1 0 
0 540 8 11 0.437839673913043 0.43984375 25.018404853625 3 -1 0 
1 550 6.6 12 0.371614583333333 0.50078125 23.3557146146204 3 1 0 
0 550 8 11 0.428799715909091 0.39140625 38.494113667388 3 -1 0 
1 560 6.6 12 0.442491319444444 0.45703125 24.2937910328389 3 1 0 
0 560 8 11 0.496263586956522 0.440625 30.7582473090545 3 -1 0 
1 570 6.6 12 0.38140625 0.42578125 25.5673797408805 3 1 0 
0 570 8 11 0.456311677631579 0.4640625 19.6608724851648 3 -1 0 
1 580 6.6 12 0.397298177083333 0.4484375 36.7806165046298 3 0 0 
0 580 8 12 0.419211647727273 0.49375 29.715586255734 3 0 0 
1 590 6.6 13 0.453125 0.48203125 34.2428379122214 3 1 0 
0 590 8 12 0.470610119047619 0.49921875 37.9491287332931 3 -1 0 
1 600 6.6 13 0.385625 0.50859375 34.3791533312801 3 1 0 
0 600 8 12 0.4315625 0.45234375 35.5672060495349 3 -1 0 
1 610 6.6 13 0.36328125 0.51953125 33.4209470028895 3 1 0 
0 610 8 12 0.448474702380952 0.43515625 34.5413533801345 3 -1 0 
1 620 6.6 13 0.4560546875 0.5078125 18.0974614100025 3 1 0 
0 620 8 12 0.480078125 0.4265625 33.7901216951458 3 -1 0 
1 630 6.6 13 0.37406994047619 0.52265625 8.97740810630482 3 0 0 
0 630 8 13 0.48148777173913 0.4234375 36.1854421139904 3 0 0 
1 640 6.6 13 0.36328125 0.537109375 4.44144584417261 3 0 0 
0 640 8 13 0.455965909090909 0.421875 42.9432523209388 3 0 0 
1 650 6.6 13 0.446377840909091 0.4580078125 4.95101567033994 3 0 0 
0 650 8 13 0.448893229166667 0.4072265625 34.0338523302965 3 0 0 
1 660 6.6 14 0.403041294642857 0.2802734375 13.407083735119 3 1 0 
0 660 8 13 0.48953125 0.4365234375 27.4812211282733 3 -1 0 
1 670 6.6 14 0.389204545454545 0.25234375 20.8921185750522 3 1 0 
0 670 8 13 0.463216145833333 0.41015625 36.8491622614018 3 -1 0 
1 680 6.6 14 0.437109375 0.33359375 27.3481790171979 3 1 0 
0 680 8 13 0.48828125 0.44609375 31.0436828677267 3 -1 0 
1 690 6.6 14 0.379743303571429 0.41640625 29.2366341551997 3 0 0 
0 690 8 14 0.469661458333333 0.5 13.3622892564314 3 0 0 
1 700 6.6 14 0.373209635416667 0.48203125 27.8812776076292 3 0 0 
0 700 8 14 0.42485119047619 0.528125 8.80069459305106 3 0 0 
1 710 6.6 14 0.4046875 0.47890625 27.7569931240236 3 0 0 
0 710 8 14 0.476841517857143 0.50703125 23.0187091044993 3 0 0 
1 720 6.6 14 0.3671875 0.4625 23.5050973174669 3 0 0 
0 720 8 14 0.478929924242424 0.56796875 21.5791347981749 3 0 0 
1 730 6.6 14 0.387276785714286 0.400390625 10.996155290198 3 0 0 
0 730 8 14 0.455873842592593 0.57265625 8.84845953156687 3 0 0 
1 740 6.6 15 0.4033203125 0.458984375 12.1004158327541 3 0 0 
0 740 8 15 0.48734375 0.4853515625 14.1132966877441 3 0 0 
1 750 6.6 15 0.373480902777778 0.49609375 28.7627971535188 3 0 0 
0 750 8 15 0.505922379032258 0.4609375 23.1821330103987 3 0 0 
1 760 6.6 15 0.372242647058824 0.470052083333333 23.1333837932719 3 0 0 
0 760 8 15 0.463145380434783 0.522135416666667 25.9470781727572 3 0 0 
1 770 6.6 15 0.403076171875 0.3369140625 32.2188344025202 3 0 0 
0 770 8 15 0.487362132352941 0.59375 19.8861429483648 3 0 0 
1 780 6.6 15 0.37744140625 0.259765625 28.0450149797985 3 -1 0 
0 780 8 16 0.481599506578947 0.4814453125 46.8943994542418 3 1 0 
1 790 6.6 15 0.403782894736842 0.26796875 32.5625490222065 3 -1 0 
0 790 8 16 0.464988425925926 0.5185546875 37.7394669246614 3 1 0 
1 800 6.6 16 0.433035714285714 0.26796875 26.434930501625 3 0 0 
0 800 8 16 0.56015625 0.46640625 49.4277904236871 3 0 0 
1 810 6.6 16 0.36328125 0.38984375 25.6087117413431 3 0 0 
0 810 8 16 0.492947048611111 0.50703125 30.2864164805614 3 0 0 
1 820 6.6 16 0.371694711538462 0.46796875 12.8080945564487 3 0 0 
0 820 8 16 0.471354166666667 0.5234375 43.0071532199674 3 0 0 
1 830 6.6 16 0.524739583333333 0.5984375 6.84605866605575 3 0 0 
0 830 8 16 0.500710227272727 0.471354166666667 54.4334737023269 3 0 0 
1 840 6.6 17 0.454427083333333 0.65 5.44062400250509 3 1 0 
0 840 8 16 0.460700757575758 0.263671875 3.64005494464026 3 -1 0 
1 850 6.6 17 0.428538602941176 0.64765625 5.2936049266278 3 0 0 
0 850 8 17 0.539572010869565 0.32421875 30.7512079243754 3 0 0 
1 860 6.6 17 0.531640625 0.67734375 9.13424288393314 3 0 0 
0 860 8 17 0.601111778846154 0.34765625 37.2349540336443 3 0 0 
1 870 6.6 17 0.438189338235294 0.73203125 5.11159630852209 3 0 0 
0 870 8 17 0.565569196428571 0.2734375 35.1385991753423 3 0 0 
1 880 6.6 18 0.35546875 0.7671875 7.51893659186418 3 1 0 
0 880 8 17 0.576822916666667 0.364583333333333 46.2436163515868 3 -1 0 
1 890 6.6 18 0.29296875 0.78515625 4.5126752180017 3 1 1 
0 890 8 17 0.591441761363636 0.47265625 62.072538211354 2 -1 -1 
1 900 6.6 18 0.246651785714286 0.771875 2.99900814120608 3 1 1 
0 900 8 17 0.525111607142857 0.43359375 67.0298440994756 2 -1 -1 
1 910 6.6 18 0.358072916666667 0.80078125 3.15085264841688 3 0 1 
0 910 8 18 0.79296875 0.443359375 67.5166646095614 2 0 -1 
1 920 6.6 18 0.358072916666667 0.799479166666667 4.47267515663787 3 0 1 
0 920 8 18 0.79296875 0.703125 0 2 0 -1 
