1 30 8.4 1 NaN 0.291129032258065 21.2178329013108 3 0 0 
0 30 7.8 1 NaN 0.241935483870968 21.9189403523994 3 0 0 
1 40 8.4 1 NaN 0.315322580645161 22.3826252933695 3 0 0 
0 40 7.8 1 NaN 0.294354838709677 15.8125015256554 3 0 0 
1 50 8.4 1 0.379032258064516 0.382258064516129 24.9400637399146 3 0 0 
0 50 7.8 1 0.383064516129032 0.356854838709677 16.2826103925377 3 0 0 
1 60 8.4 1 0.383064516129032 0.487096774193548 25.1048300712344 3 0 0 
0 60 7.8 1 0.383064516129032 0.48991935483871 17.5354438953409 3 0 0 
1 70 8.4 1 0.422427035330261 0.499193548387097 22.4715722345421 3 0 0 
0 70 7.8 1 0.393951612903226 0.459677419354839 20.9410182953183 3 0 0 
1 80 8.4 1 0.487026647966339 0.498387096774194 18.2201462937413 3 0 0 
0 80 7.8 1 0.467933947772657 0.46875 22.2989172587602 3 0 0 
1 90 8.4 1 0.431577620967742 0.495967741935484 25.877738745941 3 0 0 
0 90 7.8 1 0.40352449223417 0.452620967741936 20.2837828821021 3 0 0 
1 100 8.4 1 0.401497695852535 0.491935483870968 17.2310573037031 3 0 0 
0 100 7.8 1 0.424731182795699 0.462701612903226 21.0895525491599 3 0 0 
1 110 8.4 2 0.456093189964158 0.487096774193548 20.9984936805707 3 1 0 
0 110 7.8 1 0.493663594470046 0.477822580645161 22.2334725910507 3 -1 0 
1 120 8.4 2 0.420135275754422 0.481854838709677 12.2880727557455 3 0 0 
0 120 7.8 2 0.407258064516129 0.490927419354839 33.2386114630821 3 0 0 
1 130 8.4 2 0.447030791788856 0.420967741935484 42.1697304359757 3 0 0 
0 130 7.8 2 0.387308998302207 0.476814516129032 24.0517109620154 3 0 0 
1 140 8.4 3 0.500366568914956 0.437096774193548 32.162974761428 3 1 0 
0 140 7.8 2 0.459101382488479 0.446236559139785 15.5870144595954 3 -1 0 
1 150 8.4 3 0.41 0.482258064516129 19.9683003196712 3 0 0 
0 150 7.8 3 0.403380893300248 0.443548387096774 16.3007978149183 3 0 0 
1 160 8.4 3 0.416498655913979 0.492741935483871 17.8151297574988 3 0 0 
0 160 7.8 3 0.419880785413745 0.34375 29.6529256886932 3 0 0 
1 170 8.4 3 0.49 0.520161290322581 25.0497979521362 3 0 0 
0 170 7.8 3 0.471236559139785 0.403225806451613 20.4090331954412 3 0 0 
1 180 8.4 4 0.431841831425598 0.506451612903226 23.5220255045313 3 1 0 
0 180 7.8 3 0.401519851116625 0.461693548387097 25.1103499185074 3 -1 0 
1 190 8.4 4 0.435483870967742 0.491129032258064 14.5976836111837 3 0 0 
0 190 7.8 4 0.387992831541219 0.456653225806452 19.7433087258198 3 0 0 
1 200 8.4 4 0.478870967741935 0.507258064516129 13.8987305417989 3 0 0 
0 200 7.8 4 0.476702508960573 0.448588709677419 17.8607772057537 3 0 0 
1 210 8.4 4 0.4275494276795 0.491129032258064 25.958108288058 3 0 0 
0 210 7.8 4 0.394284712482468 0.435483870967742 19.7298817545231 3 0 0 
1 220 8.4 5 0.435659186535764 0.496975806451613 24.2231586926738 3 0 0 
0 220 7.8 5 0.394009216589862 0.474798387096774 28.2861293480153 3 0 0 
1 230 8.4 5 0.466301843317972 0.490927419354839 27.6820803017753 3 0 0 
0 230 7.8 5 0.48366935483871 0.410483870967742 43.4425347772314 3 0 0 
1 240 8.4 5 0.429374389051808 0.408870967741935 38.6980015284341 3 0 0 
0 240 7.8 5 0.403070719602978 0.445161290322581 32.0042609056318 3 0 0 
1 250 8.4 5 0.43200146627566 0.465322580645161 23.4392397020588 3 0 0 
0 250 7.8 5 0.389400921658986 0.450806451612903 27.0581254704113 3 0 0 
1 260 8.4 6 0.489601018675722 0.454838709677419 24.3040432673003 3 0 0 
0 260 7.8 6 0.477456011730205 0.484879032258065 16.1379523964878 3 0 0 
1 270 8.4 6 0.423243087557604 0.513709677419355 25.7435939830501 3 0 0 
0 270 7.8 6 0.390579178885631 0.462365591397849 15.0720943801765 3 0 0 
1 280 8.4 6 0.383266129032258 0.479032258064516 19.6379896644754 3 0 0 
0 280 7.8 6 0.393625192012289 0.505376344086022 18.0082693966569 3 0 0 
1 290 8.4 7 0.482718894009217 0.474193548387097 17.1973736997343 3 1 0 
0 290 7.8 6 0.472124824684432 0.369959677419355 29.0927322794056 3 -1 0 
1 300 8.4 7 0.411578341013825 0.494354838709677 14.2544327371078 3 1 0 
0 300 7.8 6 0.399677419354839 0.424193548387097 25.3786071472639 3 -1 0 
1 310 8.4 7 0.419354838709677 0.499193548387097 20.5635196650615 3 1 0 
0 310 7.8 6 0.421283309957924 0.478225806451613 27.8032558948217 3 -1 0 
1 320 8.4 7 0.449478178368121 0.475 23.3134814551201 3 1 0 
0 320 7.8 6 0.488863287250384 0.478225806451613 32.0792264176878 3 -1 0 
1 330 8.4 7 0.440493646138807 0.483870967741936 21.8744438863195 3 0 0 
0 330 7.8 7 0.409193548387097 0.487903225806452 27.1742107563868 3 0 0 
1 340 8.4 7 0.496687788018433 0.509072580645161 26.0201308204594 3 0 0 
0 340 7.8 7 0.383064516129032 0.396774193548387 41.1907433518845 3 0 0 
1 350 8.4 8 0.489650537634409 0.516129032258065 23.4730465230158 3 1 0 
0 350 7.8 7 0.446140552995392 0.352822580645161 38.1772165359993 3 -1 0 
1 360 8.4 8 0.461549539170507 0.533266129032258 21.6666165274183 3 1 0 
0 360 7.8 7 0.383064516129032 0.434139784946237 26.3502809516877 3 -1 0 
1 370 8.4 9 0.453405017921147 0.471774193548387 42.9354668564496 3 2 0 
0 370 7.8 7 0.38518675721562 0.368548387096774 36.8027016759314 3 -2 0 
1 380 8.4 9 0.558622828784119 0.507258064516129 39.9444347341313 3 1 0 
0 380 7.8 8 0.400089605734767 0.395967741935484 28.9155575689418 3 -1 0 
1 390 8.4 9 0.470295698924731 0.492741935483871 32.7913420296935 3 1 0 
0 390 7.8 8 0.380846774193548 0.365322580645161 37.9109539306584 3 -1 0 
1 400 8.4 9 0.420506912442396 0.545967741935484 20.2987428748338 3 1 0 
0 400 7.8 8 0.404185867895545 0.373387096774194 27.7436235328039 3 -1 0 
1 410 8.4 9 0.467338709677419 0.530645161290323 19.3734061832408 3 1 0 
0 410 7.8 8 0.460526315789474 0.410483870967742 22.8184977283325 3 -1 0 
1 420 8.4 9 0.447060353798127 0.530645161290323 25.8269040104988 3 1 0 
0 420 7.8 8 0.398573200992556 0.442741935483871 24.4159935128235 3 -1 0 
1 430 8.4 9 0.446612903225806 0.537903225806452 27.4291114871865 3 0 0 
0 430 7.8 9 0.383276740237691 0.446572580645161 17.0275775492876 3 0 0 
1 440 8.4 10 0.476094470046083 0.52258064516129 13.0172338111286 3 1 0 
0 440 7.8 9 0.442540322580645 0.454637096774194 12.6926515600741 3 -1 0 
1 450 8.4 10 0.436059907834101 0.525806451612903 12.642566020036 3 1 0 
0 450 7.8 9 0.392882187938289 0.378024193548387 12.837307854323 3 -1 0 
1 460 8.4 10 0.458165322580645 0.502016129032258 17.7480418301976 3 1 0 
0 460 7.8 9 0.409186535764376 0.359879032258065 29.6164709808434 3 -1 0 
1 470 8.4 10 0.505865102639296 0.546370967741936 26.4648633345319 3 1 0 
0 470 7.8 9 0.445161290322581 0.412298387096774 11.1185328013068 3 -1 0 
1 480 8.4 10 0.451463560334528 0.540322580645161 33.385326280042 3 1 0 
0 480 7.8 9 0.390456989247312 0.476814516129032 17.0233448969978 3 -1 0 
1 490 8.4 10 0.425 0.442540322580645 42.6269070373687 3 0 0 
0 490 7.8 10 0.391801075268817 0.442741935483871 22.9747590423254 3 0 0 
1 500 8.4 11 0.463517665130568 0.487903225806452 24.0536843535726 3 1 0 
0 500 7.8 10 0.433777915632754 0.405241935483871 14.4685243360623 3 -1 0 
1 510 8.4 11 0.453917050691244 0.518817204301075 7.24541595845348 3 1 0 
0 510 7.8 10 0.42797552836485 0.376008064516129 25.4458673806479 3 -1 0 
1 520 8.4 11 0.433387096774194 0.517137096774194 22.221368735167 3 1 0 
0 520 7.8 10 0.441700268817204 0.370967741935484 21.1419446900532 3 -1 0 
1 530 8.4 11 0.489314516129032 0.514784946236559 30.8465514580702 3 0 0 
0 530 7.8 11 0.458281637717122 0.273185483870968 15.946959950531 3 0 0 
1 540 8.4 11 0.450062034739454 0.412298387096774 36.9976378282727 3 0 0 
0 540 7.8 11 0.391129032258065 0.276612903225806 22.6637764832142 3 0 0 
1 550 8.4 11 0.410450268817204 0.385483870967742 30.4529585222849 3 0 0 
0 550 7.8 11 0.397379032258065 0.340322580645161 28.0322924731937 3 0 0 
1 560 8.4 11 0.469391495601173 0.391129032258065 43.7631849630004 3 0 0 
0 560 7.8 11 0.451437587657784 0.460483870967742 10.6915888683421 3 0 0 
1 570 8.4 12 0.436129032258064 0.419354838709677 37.9110801745347 3 0 0 
0 570 7.8 12 0.415919952210275 0.515322580645161 9.68563969774422 3 0 0 
1 580 8.4 12 0.417952314165498 0.502016129032258 29.8412466227535 3 0 0 
0 580 7.8 12 0.424438990182328 0.495967741935484 13.7092576034786 3 0 0 
1 590 8.4 12 0.441377171215881 0.349798387096774 42.5314171691027 3 0 0 
0 590 7.8 12 0.46594982078853 0.456451612903226 27.6959115564761 3 0 0 
1 600 8.4 12 0.42997311827957 0.387096774193548 28.2662614763834 3 0 0 
0 600 7.8 12 0.408955857385399 0.498387096774194 27.2172255499058 3 0 0 
1 610 8.4 12 0.384615384615385 0.425806451612903 23.3399308002837 3 0 0 
0 610 7.8 12 0.409032258064516 0.556451612903226 1.4142135623731 3 0 0 
1 620 8.4 12 0.44574780058651 0.426411290322581 29.6619283872349 3 0 0 
0 620 7.8 12 0.45497311827957 0.48991935483871 2.06155281280883 3 0 0 
1 630 8.4 13 0.383064516129032 0.459677419354839 30.5091702361075 3 0 0 
0 630 7.8 13 0.46273637374861 0.481854838709677 3.80788655293195 3 0 0 
1 640 8.4 13 0.383512544802867 0.454637096774194 28.3951308443939 3 0 0 
0 640 7.8 13 0.473581757508343 0.369354838709677 36.0554576457297 3 0 0 
1 650 8.4 13 0.445445920303605 0.351612903225806 32.4167534484381 3 0 0 
0 650 7.8 13 0.492096774193548 0.423387096774194 21.0618962546603 3 0 0 
1 660 8.4 13 0.393346774193548 0.394354838709677 18.0367979136985 3 0 0 
0 660 7.8 13 0.451612903225806 0.455645161290323 25.366050266975 3 0 0 
1 670 8.4 13 0.417183622828784 0.455645161290323 21.206107013101 3 0 0 
0 670 7.8 13 0.429354838709677 0.435483870967742 12.0950569969006 3 0 0 
1 680 8.4 14 0.489563567362429 0.462096774193548 30.3015594191128 3 1 0 
0 680 7.8 13 0.465909090909091 0.469758064516129 11.386393941451 3 -1 0 
1 690 8.4 14 0.451324884792627 0.483870967741936 23.2237938300513 3 1 0 
0 690 7.8 13 0.422427035330261 0.502688172043011 12.7922548049803 3 -1 0 
1 700 8.4 14 0.409442204301075 0.477822580645161 9.20363069981516 3 0 0 
0 700 7.8 14 0.439516129032258 0.46505376344086 16.1703383280291 3 0 0 
1 710 8.4 14 0.46286078098472 0.469758064516129 18.2740832089207 3 0 0 
0 710 7.8 14 0.484838709677419 0.536290322580645 6.9462219947249 3 0 0 
1 720 8.4 15 0.432315668202765 0.459677419354839 9.77684979761001 3 1 0 
0 720 7.8 14 0.453225806451613 0.522849462365591 21.3597177429187 3 -1 0 
1 730 8.4 15 0.402073732718894 0.400201612903226 33.8907196961842 3 1 0 
0 730 7.8 14 0.41973886328725 0.425403225806452 36.375166690543 3 -1 0 
1 740 8.4 15 0.508736559139785 0.346774193548387 31.7086523959085 3 1 0 
0 740 7.8 14 0.452489481065919 0.431451612903226 22.9745915561811 3 -1 0 
1 750 8.4 15 0.474245577523413 0.42741935483871 30.7350645764619 3 1 0 
0 750 7.8 14 0.426612903225806 0.404569892473118 23.5376993587079 3 -1 0 
1 760 8.4 16 0.49450146627566 0.418548387096774 29.3311658737291 3 2 0 
0 760 7.8 14 0.424731182795699 0.375 26.9258240356725 3 -2 0 
1 770 8.4 16 0.560239491691105 0.459677419354839 33.2004916587349 3 2 0 
0 770 7.8 14 0.4 0.405241935483871 0.5 3 -2 0 
1 780 8.4 16 0.521421370967742 0.563709677419355 17.0814932619938 3 2 0 
0 780 7.8 14 0.322792869269949 0.362903225806452 0 3 -2 0 
1 790 8.4 16 0.592293906810036 0.595161290322581 15.0723675875036 3 2 0 
0 790 7.8 14 0.245967741935484 0.244623655913978 23.3459725892711 3 -2 0 
1 800 8.4 17 0.608870967741936 0.642741935483871 12.4672551325008 3 2 0 
0 800 7.8 15 0.245967741935484 0.267137096774194 14.344430923912 3 -2 0 
1 810 8.4 17 0.529648956356736 0.662298387096774 15.4690829905578 3 2 0 
0 810 7.8 15 0.288306451612903 0.279233870967742 11.0004180358106 3 -2 0 
1 820 8.4 17 0.55426747311828 0.563508064516129 20.8194690379098 3 2 0 
0 820 7.8 15 0.448732718894009 0.323588709677419 23.7774431393315 3 -2 0 
1 830 8.4 17 0.59389400921659 0.454637096774194 10.715524528326 3 2 0 
0 830 7.8 15 0.440524193548387 0.459677419354839 19.8055503260542 3 -2 0 
1 840 8.4 17 0.5184703433923 0.420698924731183 11.9504161408391 3 1 0 
0 840 7.8 16 0.361751152073733 0.399193548387097 33.1473299469204 3 -1 0 
1 850 8.4 17 0.442801672640382 0.42741935483871 1.72618420791831 3 1 0 
0 850 7.8 16 0.398790322580645 0.46505376344086 25.5519590503284 3 -1 0 
1 860 8.4 17 0.509116409537167 0.387096774193548 34.1340650324188 3 1 0 
0 860 7.8 16 0.38835685483871 0.430443548387097 22.1543051854749 3 -1 0 
1 870 8.4 17 0.49911487018096 0.440524193548387 22.6043909377109 3 1 0 
0 870 7.8 16 0.340389784946237 0.354838709677419 14.9872049819074 3 -1 0 
1 880 8.4 18 0.472469410456062 0.481854838709677 13.8785374662772 3 2 0 
0 880 7.8 16 0.366935483870968 0.35383064516129 14.7541601419381 3 -2 0 
1 890 8.4 18 0.557795698924731 0.526881720430108 14.5353784488251 3 2 0 
0 890 7.8 16 0.370256166982922 0.351814516129032 25.8036775362494 3 -2 0 
1 900 8.4 18 0.507086999022483 0.5 44.8724460394746 3 2 0 
0 900 7.8 16 0.33635752688172 0.351814516129032 11.2636637970055 3 -2 0 
1 910 8.4 18 0.474677419354839 0.532258064516129 32.5875577595846 3 1 0 
0 910 7.8 17 0.359158986175115 0.341733870967742 13.4344115944204 3 -1 0 
1 920 8.4 18 0.531810035842294 0.544354838709677 14.1650606515693 3 1 0 
0 920 7.8 17 0.353686635944701 0.280241935483871 34.8287656737614 3 -1 0 
1 930 8.4 18 0.5 0.561827956989247 5.71875064932105 3 1 0 
0 930 7.8 17 0.325551782682513 0.323924731182796 8.53009799300869 3 -1 0 
1 940 8.4 18 0.541055718475073 0.491935483870968 33.8390997508729 3 1 0 
0 940 7.8 17 0.404032258064516 0.293346774193548 20.3915494164761 3 -1 0 
1 950 8.4 18 0.622067448680352 0.455645161290323 55.195243064865 3 1 0 
0 950 7.8 17 0.398185483870968 0.291666666666667 29.5892457641555 3 -1 0 
1 960 8.4 19 0.52625885129819 0.481451612903226 59.9008017590755 3 2 0 
0 960 7.8 17 0.338306451612903 0.294354838709677 27.127858088315 3 -2 0 
1 970 8.4 19 0.539281997918835 0.557258064516129 54.595528598038 3 2 0 
0 970 7.8 17 0.354838709677419 0.299731182795699 23.6383358884527 3 -2 0 
1 980 8.4 19 0.598185483870968 0.569354838709677 38.2500347972886 3 2 0 
0 980 7.8 17 0.42258064516129 0.199596774193548 15.4434452114805 3 -2 0 
1 990 8.4 19 0.519644334160463 0.544354838709677 29.384290273764 3 2 0 
0 990 7.8 17 0.332661290322581 0.282258064516129 8.50358100097289 3 -2 0 
1 1000 8.4 19 0.544228830645161 0.489516129032258 34.5883788884358 3 1 0 
0 1000 7.8 18 0.403513824884793 0.30241935483871 21.3694866623674 3 -1 0 
1 1010 8.4 19 0.557930107526882 0.513709677419355 21.8757459950496 3 1 0 
0 1010 7.8 18 0.414426523297491 0.331653225806452 24.6395609736468 3 -1 0 
1 1020 8.4 19 0.492842741935484 0.537096774193548 22.621187563693 3 1 0 
0 1020 7.8 18 0.352990591397849 0.316532258064516 10.8392152191652 3 -1 0 
1 1030 8.4 20 0.503709677419355 0.558064516129032 26.204880006086 3 2 0 
0 1030 7.8 18 0.369039270687237 0.312903225806452 20.2458392883391 3 -2 0 
1 1040 8.4 20 0.562683284457478 0.543548387096774 20.7459803137353 3 2 0 
0 1040 7.8 18 0.365275142314991 0.316935483870968 12.818892948284 3 -2 0 
1 1050 8.4 20 0.498891129032258 0.562096774193548 12.273227495122 3 2 0 
0 1050 7.8 18 0.323840725806452 0.411290322580645 1.24567806121422 3 -2 0 
1 1060 8.4 20 0.531381486676017 0.586290322580645 8.49189112937118 3 2 0 
0 1060 7.8 18 0.380040322580645 NaN NaN 3 -2 0 
1 1070 8.4 20 0.621117084826762 0.617741935483871 5.24511015228454 3 2 0 
0 1070 7.8 18 0.341397849462366 NaN NaN 3 -2 0 
1 1080 8.4 21 0.655161290322581 0.708870967741935 11.0501107394447 3 3 1 
0 1080 7.8 18 0.27116935483871 NaN NaN 2 -3 -1 
1 1090 8.4 21 0.737567204301075 0.741935483870968 7.96716459858227 3 3 1 
0 1090 7.8 18 0.256048387096774 NaN NaN 2 -3 -1 
1 1100 8.4 21 0.746975806451613 0.765322580645161 12.3165356462345 3 3 1 
0 1100 7.8 18 0.247983870967742 NaN NaN 2 -3 -1 
1 1110 8.4 21 0.733870967741936 0.785282258064516 14.6788222856334 3 2 2 
0 1110 7.8 19 0.223607038123167 NaN NaN 1 -2 -2 
