1 30 9 1 NaN 0.25078125 22.6400536609232 3 0 0 
0 30 9 1 NaN 0.3017578125 10.5314935298064 3 0 0 
1 40 9 1 NaN 0.25234375 22.5787562746836 3 0 0 
0 40 9 1 NaN 0.2609375 21.0896311964537 3 0 0 
1 50 9 1 0.36328125 0.33515625 30.5855443050442 3 0 0 
0 50 9 1 0.39453125 0.35859375 43.9240698805525 3 0 0 
1 60 9 1 0.369025735294118 0.45 36.2802926731915 3 0 0 
0 60 9 1 0.401258680555556 0.46171875 38.1456275680314 3 0 0 
1 70 9 1 0.376171875 0.48125 37.2456500411595 3 0 0 
0 70 9 1 0.4234375 0.47265625 40.5880991378013 3 0 0 
1 80 9 1 0.451171875 0.47421875 40.5944539727857 3 0 0 
0 80 9 1 0.474184782608696 0.478125 42.2903616925835 3 0 0 
1 90 9 1 0.40078125 0.46953125 42.5511223366898 3 0 0 
0 90 9 1 0.4453125 0.4953125 45.8485706405037 3 0 0 
1 100 9 1 0.39404296875 0.47890625 42.1428197537531 3 0 0 
0 100 9 1 0.439753605769231 0.46796875 44.9376030425367 3 0 0 
1 110 9 2 0.448467548076923 0.4453125 39.2842201501261 3 0 0 
0 110 9 2 0.477411684782609 0.49375 44.1365397927881 3 0 0 
1 120 9 2 0.3984375 0.46640625 41.4107600823647 3 0 0 
0 120 9 2 0.440054086538462 0.48203125 44.4890644887957 3 0 0 
1 130 9 2 0.403872282608696 0.47734375 41.8559785427408 3 0 0 
0 130 9 2 0.426460597826087 0.498046875 48.8481562967219 3 0 0 
1 140 9 3 0.45703125 0.4546875 44.2520706756754 3 0 0 
0 140 9 3 0.468544407894737 0.5107421875 48.6179005456574 3 0 0 
1 150 9 3 0.40162037037037 0.44921875 42.134694047585 3 0 0 
0 150 9 3 0.445870535714286 0.4833984375 47.6736309911498 3 0 0 
1 160 9 3 0.395063920454545 0.45390625 39.6166365841949 3 0 0 
0 160 9 3 0.4068359375 0.4734375 44.9173829483002 3 0 0 
1 170 9 3 0.450706845238095 0.45625 41.9905985351858 3 0 0 
0 170 9 3 0.4646875 0.49453125 45.6033573432832 3 0 0 
1 180 9 4 0.399286684782609 0.46328125 39.8198458194278 3 0 0 
0 180 9 4 0.444140625 0.484375 43.927116327451 3 0 0 
1 190 9 4 0.3837890625 0.45859375 41.5205549584899 3 0 0 
0 190 9 4 0.451244212962963 0.501953125 47.5553470304395 3 0 0 
1 200 9 4 0.451480263157895 0.47734375 41.3068270507967 3 0 0 
0 200 9 4 0.489514802631579 0.4828125 44.8076740213844 3 0 0 
1 210 9 5 0.415364583333333 0.471875 38.7077266655015 3 0 0 
0 210 9 5 0.4486328125 0.48203125 40.2772579416807 3 0 0 
1 220 9 5 0.3828125 0.46328125 32.8827973487645 3 0 0 
0 220 9 5 0.41328125 0.48046875 39.728943357984 3 0 0 
1 230 9 5 0.449962797619048 0.46484375 17.4242924904028 3 0 0 
0 230 9 5 0.4578125 0.4921875 43.2749214872505 3 0 0 
1 240 9 5 0.403023097826087 0.48671875 9.09941056789199 3 0 0 
0 240 9 5 0.4541015625 0.4912109375 42.2890283266378 3 0 0 
1 250 9 5 0.383700284090909 0.43828125 15.4882031156419 3 -1 0 
0 250 9 6 0.440805288461538 0.4951171875 41.8243491908157 3 1 0 
1 260 9 5 0.441592261904762 0.4359375 14.387384657232 3 -1 0 
0 260 9 6 0.47038810483871 0.49140625 42.0652779839349 3 1 0 
1 270 9 6 0.412259615384615 0.4515625 18.9194744585309 3 0 0 
0 270 9 6 0.471507352941177 0.48828125 45.0489098124645 3 0 0 
1 280 9 6 0.38960597826087 0.44375 39.8616031452827 3 0 0 
0 280 9 6 0.4853515625 0.49140625 41.5682712473393 3 0 0 
1 290 9 6 0.39208984375 0.43125 42.1707412283727 3 0 0 
0 290 9 6 0.497265625 0.496875 35.4551904998755 3 0 0 
1 300 9 6 0.409375 0.4421875 45.2454411445354 3 -1 0 
0 300 9 7 0.44171875 0.509375 35.9411920084083 3 1 0 
1 310 9 7 0.413876488095238 0.4501953125 35.2937878757079 3 0 0 
0 310 9 7 0.45849609375 0.47734375 33.0284121919172 3 0 0 
1 320 9 7 0.434114583333333 0.4365234375 35.2744324600733 3 0 0 
0 320 9 7 0.487047697368421 0.49140625 34.9599318828268 3 0 0 
1 330 9 7 0.41328125 0.375 46.7250909781307 3 0 0 
0 330 9 7 0.423958333333333 0.49765625 34.4357610644275 3 0 0 
1 340 9 7 0.3701171875 0.37421875 40.4076394461705 3 0 0 
0 340 9 7 0.418526785714286 0.50703125 34.3100532093899 3 0 0 
1 350 9 7 0.427269345238095 0.3798828125 16.332200345493 3 -1 0 
0 350 9 8 0.4515625 0.453125 39.9772948427122 3 1 0 
1 360 9 7 0.407335069444444 0.4404296875 2.64716332374254 3 -1 0 
0 360 9 8 0.45630787037037 0.4345703125 27.1113740144333 3 1 0 
1 370 9 8 0.394381009615385 0.45 14.5571581803376 3 0 0 
0 370 9 8 0.448679956896552 0.388020833333333 39.7152888506665 3 0 0 
1 380 9 8 0.431712962962963 0.409375 31.4746899006052 3 0 0 
0 380 9 8 0.457201086956522 0.3486328125 48.8139984557696 3 0 0 
1 390 9 8 0.424299568965517 0.45546875 37.2976983005219 3 0 0 
0 390 9 8 0.427133413461538 0.4462890625 46.3290867288823 3 0 0 
1 400 9 8 0.40380859375 0.46640625 47.7809680221664 3 0 0 
0 400 9 8 0.423921130952381 0.4912109375 44.9646741597688 3 0 0 
1 410 9 8 0.4400390625 0.48046875 52.7319888527772 3 -1 0 
0 410 9 9 0.50341796875 0.4984375 43.5114461694983 3 1 0 
1 420 9 9 0.412946428571429 0.453125 40.1388463621926 3 0 0 
0 420 9 9 0.44140625 0.47578125 31.9341911238832 3 0 0 
1 430 9 9 0.388756793478261 0.43828125 24.568663732857 3 0 0 
0 430 9 9 0.401041666666667 0.484375 16.9912966766155 3 0 0 
1 440 9 9 0.425951086956522 0.46171875 14.6559746233335 3 0 0 
0 440 9 9 0.474330357142857 0.5 12.1311455972974 3 0 0 
1 450 9 9 0.434461805555556 0.4951171875 11.5606894740616 3 0 0 
0 450 9 9 0.433948863636364 0.4130859375 17.8112932959369 3 0 0 
1 460 9 9 0.393629807692308 0.56640625 3.70770187520589 3 -1 0 
0 460 9 10 0.415852864583333 0.3984375 1.11803398874989 3 1 0 
1 470 9 10 0.426382211538462 0.5390625 2.07847571172066 3 0 0 
0 470 9 10 0.476725260416667 0.364583333333333 20.0095003383871 3 0 0 
1 480 9 10 0.434375 0.3859375 46.0719588276763 3 0 0 
0 480 9 10 0.4378125 0.38671875 31.9599416737591 3 0 0 
1 490 9 10 0.382642663043478 0.35078125 35.5390147250844 3 0 0 
0 490 9 10 0.432291666666667 0.388020833333333 40.6691777430789 3 0 0 
1 500 9 10 0.415736607142857 0.42109375 20.2507672004222 3 0 0 
0 500 9 10 0.469308035714286 0.380859375 32.1967314794366 3 0 0 
1 510 9 10 0.4349609375 0.4671875 8.37311632741924 3 0 0 
0 510 9 10 0.45014880952381 0.4775390625 19.68423783334 3 0 0 
1 520 9 10 0.382649739583333 0.4828125 3.95898849429891 3 0 0 
0 520 9 10 0.457932692307692 0.471354166666667 6.67810780617523 3 0 0 
1 530 9 10 0.400390625 0.5328125 3.42700494501237 3 0 0 
0 530 9 10 0.471744791666667 0.423177083333333 6.07246240259295 3 0 0 
1 540 9 11 0.429036458333333 0.5859375 4.00033600183456 3 1 0 
0 540 9 10 0.461830357142857 0.390625 7.58167122155893 3 -1 0 
1 550 9 11 0.374644886363636 0.5484375 4.58422689353728 3 1 0 
0 550 9 10 0.479525862068966 0.3525390625 20.0435889300182 3 -1 0 
1 560 9 11 0.4015625 0.515625 3.83722254876816 3 1 0 
0 560 9 10 0.502650669642857 0.39296875 31.4848959001946 3 -1 0 
1 570 9 11 0.41845703125 0.58203125 10.8995360588534 3 1 0 
0 570 9 10 0.48370150862069 0.3486328125 15.8602657748323 3 -1 0 
1 580 9 11 0.3689453125 0.560546875 0.707106781186548 3 0 0 
0 580 9 11 0.46875 0.40234375 8.77763215579015 3 0 0 
1 590 9 11 0.387428977272727 0.458984375 2.69258240356725 3 0 0 
0 590 9 11 0.475260416666667 0.5048828125 28.6989965679521 3 0 0 
1 600 9 11 0.39306640625 0.1572265625 12.0513724522724 3 0 0 
0 600 9 11 0.49 0.5185546875 43.6795782997187 3 0 0 
1 610 9 11 0.389559659090909 0.16484375 10.2884000488852 3 0 0 
0 610 9 11 0.481520432692308 0.5205078125 40.6654359496623 3 0 0 
1 620 9 11 0.412703804347826 0.34453125 19.380646377561 3 -1 0 
0 620 9 12 0.470231681034483 0.5615234375 46.3664485950889 3 1 0 
1 630 9 12 0.405859375 0.4546875 26.5348542944674 3 0 0 
0 630 9 12 0.475534539473684 0.53125 3.90512483795333 3 0 0 
1 640 9 12 0.427641369047619 0.45546875 30.7698405659836 3 0 0 
0 640 9 12 0.426192434210526 0.509114583333333 35.1399423310737 3 0 0 
1 650 9 12 0.44921875 0.48984375 30.4241239974675 3 0 0 
0 650 9 12 0.428485576923077 0.48046875 27.457322359375 3 0 0 
1 660 9 12 0.410970052083333 0.51171875 29.6192834941461 3 0 0 
0 660 9 12 0.459635416666667 0.395182291666667 29.1209735957111 3 0 0 
1 670 9 13 0.390455163043478 0.44375 30.8678954842794 3 1 0 
0 670 9 12 0.410835597826087 0.4171875 26.1143227887517 3 -1 0 
1 680 9 13 0.442595108695652 0.47578125 9.07240548400076 3 1 0 
0 680 9 12 0.448330965909091 0.4794921875 8.84282636661109 3 -1 0 
1 690 9 13 0.434210526315789 0.4953125 9.0176405585201 3 1 0 
0 690 9 12 0.462316176470588 0.4609375 6.5 3 -1 0 
1 700 9 13 0.3859375 0.52421875 14.9684860344816 3 1 0 
0 700 9 12 0.42484375 0.4296875 0 3 -1 0 
1 710 9 13 0.419389204545455 0.534375 9.81884573498917 3 0 0 
0 710 9 13 0.443603515625 0.5078125 0 3 0 0 
1 720 9 13 0.41796875 0.48671875 7.55667550566349 3 0 0 
0 720 9 13 0.4815625 0.23046875 20.8626460450251 3 0 0 
1 730 9 14 0.3765625 0.525 6.57501952523801 3 1 0 
0 730 9 13 0.484809027777778 0.24609375 17.6245755242129 3 -1 0 
1 740 9 14 0.405633223684211 0.552734375 1.73656734508967 3 1 0 
0 740 9 13 0.487473060344828 0.4072265625 6.47812917947777 3 -1 0 
1 750 9 14 0.391304347826087 0.52734375 0 3 0 0 
0 750 9 14 0.494081439393939 0.39296875 27.3104761146473 3 0 0 
1 760 9 14 0.372242647058824 0.390625 0 3 0 0 
0 760 9 14 0.462827620967742 0.4921875 23.852976578302 3 0 0 
1 770 9 14 0.384114583333333 0.375 0 3 0 0 
0 770 9 14 0.490559895833333 0.5361328125 32.8200495836845 3 0 0 
1 780 9 14 0.34765625 0.16796875 30.209923810424 3 0 0 
0 780 9 14 0.543393342391304 0.6337890625 27.5919204064973 3 0 0 
1 790 9 14 0.34765625 0.18671875 29.8685025272785 3 -1 0 
0 790 9 15 0.583984375 0.625 28.5339467073136 3 1 0 
1 800 9 14 NaN 0.2671875 19.0263262344642 3 -2 0 
0 800 9 16 0.617256030701754 0.689453125 23.0728474360922 3 2 0 
1 810 9 14 0.287760416666667 0.309375 22.3181592138767 3 -2 0 
0 810 9 16 0.619419642857143 0.6455078125 20.9170381206052 3 2 0 
1 820 9 14 0.26953125 0.2421875 15.0624857961297 3 -2 0 
0 820 9 16 0.629375 0.65234375 10.2603840108049 3 2 0 
1 830 9 15 0.275390625 0.22578125 11.0952684877223 3 -1 0 
0 830 9 16 0.630042613636364 0.6765625 8.36865694155064 3 1 0 
1 840 9 15 0.244698660714286 0.2609375 2.62107058153892 3 -1 0 
0 840 9 16 0.538802083333333 0.681640625 4.38975581147379 3 1 0 
1 850 9 15 0.24921875 0.28828125 4.92363470693888 3 -2 0 
0 850 9 17 0.559857536764706 0.66328125 17.2160886331383 3 2 0 
1 860 9 15 0.24921875 0.30859375 9.35903910200585 3 -2 0 
0 860 9 17 0.62405303030303 0.5640625 24.4219011716484 3 2 0 
1 870 9 16 0.2642578125 0.25625 12.3129535337737 3 -1 0 
0 870 9 17 0.592511432926829 0.3818359375 23.6517592205745 3 1 0 
1 880 9 16 0.366666666666667 0.29765625 15.554163308576 3 -1 0 
0 880 9 17 0.53515625 0.341796875 15.5273214631568 3 1 0 
1 890 9 16 0.365953947368421 0.35859375 9.47823442304034 3 -1 0 
0 890 9 17 0.544232536764706 0.45703125 14.8300859582244 3 1 0 
1 900 9 16 0.329427083333333 0.4453125 2.74973110831424 3 -1 0 
0 900 9 17 0.545691287878788 0.419270833333333 24.0534640765977 3 1 0 
1 910 9 16 0.455078125 0.459375 3.9571650608403 3 -1 0 
0 910 9 17 0.562183277027027 0.4609375 17.8610836814292 3 1 0 
1 920 9 17 0.444270833333333 0.52578125 5.94073034632292 3 0 0 
0 920 9 17 0.60703125 0.458333333333333 8.89533324542198 3 0 0 
1 930 9 17 0.310724431818182 0.4640625 4.98038530445398 3 0 0 
0 930 9 17 0.567263719512195 0.604166666666667 33.253955566536 3 0 0 
1 940 9 17 0.531901041666667 0.5234375 4.760569015132 3 0 0 
0 940 9 17 0.557100183823529 0.421875 1 3 0 0 
1 950 9 17 0.531901041666667 0.50078125 4.23097061791237 3 -1 0 
0 950 9 18 0.67578125 0.329427083333333 28.0138295045879 3 1 0 
1 960 9 17 0.313419117647059 0.396875 11.799830465681 3 -1 0 
0 960 9 18 0.5107421875 0.393229166666667 7.06620439704913 3 1 0 
1 970 9 17 0.36328125 0.3734375 12.0849153978716 3 -1 0 
0 970 9 18 0.529541015625 0.532552083333333 6.13364017569001 3 1 0 
1 980 9 17 0.455915178571429 0.3828125 7.13237661954502 3 -1 0 
0 980 9 18 0.602192540322581 0.451822916666667 59.1370261082427 3 1 0 
1 990 9 18 0.278231534090909 0.3984375 0 3 0 0 
0 990 9 18 0.503791360294118 0.48046875 28.4121452903507 3 0 0 
1 1000 9 18 0.312779017857143 0.380859375 4.94974746830583 3 -1 0 
0 1000 9 19 0.4974365234375 0.552734375 11.3357840487546 3 1 0 
1 1010 9 18 0.358537946428571 0.26953125 7.15891053163818 3 -1 0 
0 1010 9 19 0.587957974137931 0.46484375 0 3 1 0 
1 1020 9 18 0.363075657894737 0.21875 21.1009478460092 3 -1 0 
0 1020 9 19 0.503083881578947 0.42578125 0 3 1 0 
1 1030 9 18 0.409071180555556 0.182291666666667 19.7415958455929 3 -1 0 
0 1030 9 19 0.471304086538462 0.466796875 37.7955023779285 3 1 0 
1 1040 9 19 0.476822916666667 0.20625 24.5490909368529 3 0 0 
0 1040 9 19 0.460227272727273 0.3291015625 49.7819918461512 3 0 0 
1 1050 9 19 0.433363970588235 0.31015625 16.355871576905 3 0 0 
0 1050 9 19 0.484730113636364 0.36953125 38.1645965694315 3 0 0 
1 1060 9 19 0.378125 0.3388671875 14.125 3 0 0 
0 1060 9 19 0.472301136363636 0.41875 20.097354467502 3 0 0 
1 1070 9 19 0.408797554347826 0.4462890625 13.5693838819441 3 -1 0 
0 1070 9 20 0.53173828125 0.45859375 22.3365296563191 3 1 0 
1 1080 9 19 0.401932565789474 0.5146484375 3.97315141056098 3 -1 0 
0 1080 9 20 0.47265625 0.477864583333333 15.1594089787739 3 1 0 
1 1090 9 19 0.406575520833333 0.5234375 1.17839458616266 3 -1 0 
0 1090 9 20 0.402573529411765 0.431640625 40.3132957350845 3 1 0 
1 1100 9 19 0.44873046875 0.604166666666667 3.76327002750953 3 -1 0 
0 1100 9 20 0.390625 0.3876953125 38.708026592436 3 1 0 
1 1110 9 19 0.49484375 0.614583333333333 3.65033143107047 3 -1 0 
0 1110 9 20 0.421574519230769 0.32421875 4.68564488254562 3 1 0 
1 1120 9 20 0.420428240740741 0.407552083333333 58.0494066687224 3 0 0 
0 1120 9 20 0.39208984375 0.467447916666667 4.16594658079868 3 0 0 
1 1130 9 20 0.437127976190476 0.412760416666667 55.1459424132651 3 0 0 
0 1130 9 20 0.52421875 0.454427083333333 5.34275500709593 3 0 0 
1 1140 9 20 0.506283967391304 0.407552083333333 31.567159581153 3 0 0 
0 1140 9 20 0.508680555555556 0.4111328125 32.9419104565163 3 0 0 
1 1150 9 20 0.444602272727273 0.322916666666667 4.35603583965522 3 0 0 
0 1150 9 20 0.42919921875 0.5478515625 35.1418199031152 3 0 0 
1 1160 9 20 0.464471726190476 0.209635416666667 25.7887581359506 3 -1 0 
0 1160 9 21 0.418212890625 0.60625 25.4026815463644 3 1 0 
1 1170 9 20 0.410011574074074 0.205729166666667 5.63813265769177 3 -1 0 
0 1170 9 21 0.467848557692308 0.59921875 37.2529355601212 3 1 0 
1 1180 9 20 0.404810855263158 0.205729166666667 8.86600843567236 3 -1 0 
0 1180 9 21 0.478794642857143 0.41015625 31.3643900495845 3 1 0 
1 1190 9 20 0.418379934210526 0.251953125 23.6332453699191 3 -1 0 
0 1190 9 21 0.529157366071429 0.43828125 19.3394533201326 3 1 0 
1 1200 9 20 0.392223011363636 0.322265625 9.2430253995047 3 -1 0 
0 1200 9 21 0.528459821428571 0.4248046875 1.32688846928874 3 1 0 
1 1210 9 20 0.369419642857143 0.34765625 2.21948678096391 3 -1 0 
0 1210 9 21 0.522675304878049 0.43359375 7.16901447801463 3 1 0 
1 1220 9 20 0.420099431818182 0.3544921875 10.1016278131428 3 -1 0 
0 1220 9 21 0.563839285714286 0.4189453125 19.757706872674 3 1 0 
1 1230 9 20 0.2890625 0.26953125 25.5042262879786 3 -1 0 
0 1230 9 21 0.546142578125 0.5009765625 8.65115797967387 3 1 0 
1 1240 9 20 0.304036458333333 0.21171875 10.0614517927495 3 -1 0 
0 1240 9 21 0.527018229166667 0.6625 15.7288494139009 3 1 0 
1 1250 9 21 0.361328125 0.18515625 3.39168224646394 3 0 0 
0 1250 9 21 0.549418604651163 0.787109375 2.69258240356725 3 0 0 
1 1260 9 21 0.314453125 0.21875 4.85000335582396 3 0 0 
0 1260 9 21 0.554306402439024 0.609375 10.295630140987 3 0 0 
1 1270 9 21 0.319986979166667 0.30390625 5.85000649250489 3 0 0 
0 1270 9 21 0.55224609375 0.484375 22.6550215184184 3 0 0 
1 1280 9 21 0.2890625 0.35546875 19.424647685473 3 0 0 
0 1280 9 21 0.612179487179487 0.359375 7.0178344238091 3 0 0 
1 1290 9 21 0.313733552631579 0.40859375 7.7363664722867 3 0 0 
0 1290 9 21 0.5625 0.432291666666667 27.5893165447456 3 0 0 
1 1300 9 21 0.350260416666667 0.4796875 9.3694223810679 3 0 0 
0 1300 9 21 0.456741898148148 0.376953125 4.60977222864644 3 0 0 
1 1310 9 21 0.396599264705882 0.50390625 6.13400317549764 3 -1 0 
0 1310 9 22 0.525716145833333 0.322265625 42.7735994129881 3 1 0 
1 1320 9 21 0.37788722826087 0.5166015625 3.71090133260857 3 -1 0 
0 1320 9 22 0.528996394230769 0.3359375 38.8628277619951 3 1 0 
1 1330 9 21 0.414268092105263 0.53125 7.86430648442912 3 -1 0 
0 1330 9 22 0.497171336206897 0.4921875 38.4369353886446 3 1 0 
1 1340 9 21 0.479440789473684 0.51171875 3.4237093069772 3 -1 0 
0 1340 9 22 0.558997844827586 0.513671875 39.1028929582806 3 1 0 
1 1350 9 21 0.478608630952381 0.5244140625 3.73849003252155 3 -1 0 
0 1350 9 22 0.486328125 0.423177083333333 7.07906953100246 3 1 0 
1 1360 9 21 0.474431818181818 0.5556640625 4.88552947826658 2 -1 -1 
0 1360 9 22 0.53578125 0.396484375 6.51920240520265 3 1 1 
1 1370 9 21 0.518465909090909 0.572265625 8.07987479727778 2 -1 -1 
0 1370 9 22 0.599076704545455 0.369140625 12.747548783982 3 1 1 
1 1380 9 21 0.4775390625 0.46015625 34.0679811611269 2 -1 -1 
0 1380 9 22 0.547286184210526 0.28515625 9.08661612956419 3 1 1 
1 1390 9 22 0.434375 0.3421875 29.6969316481641 2 0 -1 
0 1390 9 22 0.525449810606061 0.47265625 6.54838935709076 3 0 1 
1 1400 9 22 0.453125 0.34140625 22.6902355232266 2 0 -1 
0 1400 9 22 0.561342592592593 0.47265625 6.54838935709076 3 0 1 
1 1410 9 22 0.3767578125 0.36640625 11.0729597888267 2 0 -1 
0 1410 9 22 0.520791330645161 0.564453125 7.07304067465622 3 0 1 
1 1420 9 22 0.3390625 0.396875 5.38722141683211 2 0 -1 
0 1420 9 22 0.498579545454545 0.5703125 1.5 3 0 1 
1 1430 9 22 0.333984375 0.403125 6.52127253081319 2 0 -1 
0 1430 9 22 0.586830357142857 0.459635416666667 46.8377401996768 3 0 1 
1 1440 9 22 0.305803571428571 0.4203125 5.88682596880532 2 0 -1 
0 1440 9 22 0.57078887195122 0.444010416666667 48.1440341200027 3 0 1 
1 1450 9 22 0.353298611111111 0.38125 8.97312413370632 2 0 -1 
0 1450 9 22 0.563452743902439 0.376302083333333 39.7442729138999 3 0 1 
1 1460 9 22 0.353298611111111 0.34609375 13.6623308713189 2 0 -1 
0 1460 9 22 0.593405330882353 0.391927083333333 15.7681450608392 3 0 1 
1 1470 9 22 0.284877232142857 0.30625 14.7592473232416 2 0 -1 
0 1470 9 22 0.563337053571429 0.282552083333333 4.13858898162365 3 0 1 
1 1480 9 22 0.374770220588235 0.32421875 7.18223278226305 2 0 -1 
0 1480 9 22 0.572832661290323 0.259114583333333 2.90077982686988 3 0 1 
1 1490 9 22 0.374131944444444 0.309375 5.26869333436852 2 -1 -1 
0 1490 9 23 0.588309151785714 0.287109375 20.0077513978183 3 1 1 
1 1500 9 22 0.361545138888889 0.33828125 8.15000269709876 2 -1 -1 
0 1500 9 23 0.496875 0.34375 17.9850686753475 3 1 1 
1 1510 9 22 0.3923828125 0.4296875 6.90234495248958 2 -1 -1 
0 1510 9 23 0.4490625 0.353515625 19.5918531484016 3 1 1 
1 1520 9 22 0.4185546875 0.5515625 4.41258911953813 2 -1 -1 
0 1520 9 23 0.534128289473684 0.3818359375 15.31060433592 3 1 1 
1 1530 9 22 0.459765625 0.559375 4.38933090536884 2 -1 -1 
0 1530 9 23 0.53955078125 0.4140625 21.7756343834871 3 1 1 
1 1540 9 22 0.45654296875 0.471875 6.26006129833802 2 -1 -1 
0 1540 9 23 0.462419181034483 0.4697265625 15.2505837310168 3 1 1 
1 1550 9 23 0.443638392857143 0.44140625 4.55756858318125 2 0 -1 
0 1550 9 23 0.517361111111111 0.501953125 11.0113577727726 3 0 1 
1 1560 9 23 0.3359375 0.43984375 4.22919317234656 2 0 -1 
0 1560 9 23 0.526007401315789 0.48046875 11.0113577727726 3 0 1 
1 1570 9 23 0.361177884615385 0.41953125 4.15372045589218 2 0 -1 
0 1570 9 23 0.45171875 0.526041666666667 12.9127753476755 3 0 1 
1 1580 9 23 0.464453125 0.5375 6.05822835726064 2 0 -1 
0 1580 9 23 0.498480902777778 0.458333333333333 18.8277795658247 3 0 1 
1 1590 9 23 0.470572916666667 0.5578125 7.91593664183179 2 0 -1 
0 1590 9 23 0.5078125 0.404296875 5.1478150704935 3 0 1 
1 1600 9 23 0.4568359375 0.521875 14.516069104327 2 0 -1 
0 1600 9 23 0.459735576923077 0.486328125 55.0718925753679 3 0 1 
1 1610 9 23 0.4375 0.559375 24.3670886882081 2 0 -1 
0 1610 9 23 0.49453125 0.513020833333333 67.3649345252835 3 0 1 
1 1620 9 23 0.4560546875 0.59921875 44.6785972128619 2 0 -1 
0 1620 9 23 0.520182291666667 0.33125 51.4119784595908 3 0 1 
1 1630 9 23 0.471875 0.59296875 44.1232796908771 2 0 -1 
0 1630 9 23 0.41845703125 0.2861328125 3.85076138668094 3 0 1 
1 1640 9 23 0.543648097826087 0.525 30.8281854233464 2 0 -1 
0 1640 9 23 0.576171875 0.259765625 4.49039413368302 3 0 1 
1 1650 9 23 0.481608072916667 0.40078125 38.5317188473065 2 0 -1 
0 1650 9 23 0.473544034090909 0.255859375 4.44217069007115 3 0 1 
1 1660 9 23 0.4802734375 0.3109375 31.7316628892787 2 0 -1 
0 1660 9 23 0.49291087962963 0.271484375 14.7531222104394 3 0 1 
1 1670 9 23 0.490056818181818 0.3578125 13.8953810872213 2 0 -1 
0 1670 9 23 0.497251157407407 0.423828125 30.4031323378075 3 0 1 
1 1680 9 23 0.435267857142857 0.4765625 19.0493836961295 2 0 -1 
0 1680 9 23 0.55322265625 0.41640625 26.251996747673 3 0 1 
1 1690 9 24 0.489879261363636 0.6078125 9.7850445490939 2 1 -1 
0 1690 9 23 0.452546296296296 0.58984375 48.3853482697572 3 -1 1 
1 1700 9 24 0.533668154761905 0.6703125 3.32481810930545 2 1 -1 
0 1700 9 23 0.44429347826087 0.588541666666667 62.9598122912196 3 -1 1 
1 1710 9 24 0.5166015625 0.64375 13.622155223023 2 1 -1 
0 1710 9 23 0.516474184782609 0.55078125 68.5291908605377 3 -1 1 
1 1720 9 24 0.473273026315789 0.5859375 39.7944559921399 2 0 -1 
0 1720 9 24 0.45390625 0.498046875 58.8600033978932 3 0 1 
1 1730 9 24 0.4982421875 0.56875 38.8755186363112 2 0 1 
0 1730 9 24 0.436279296875 0.556640625 69.0887110894392 1 0 -1 
1 1740 9 24 0.487771739130435 0.66015625 12.7469842277584 2 0 1 
0 1740 9 24 0.49828125 0.54296875 63.5708266424151 1 0 -1 
1 1750 9 24 0.425455729166667 0.4189453125 36.2772841516921 2 0 1 
0 1750 9 24 0.505166330645161 0.42890625 75.3645735114401 1 0 -1 
1 1760 9 24 0.502685546875 0.30859375 22.9512163930859 2 0 1 
0 1760 9 24 0.500390625 0.4091796875 28.4381476152639 1 0 -1 
1 1770 9 24 0.441034226190476 0.228515625 4.53704571314175 2 0 1 
0 1770 9 24 0.48828125 0.446875 38.1014127077144 1 0 -1 
1 1780 9 24 0.367708333333333 0.3037109375 7.20672876071077 2 0 1 
0 1780 9 24 0.478251689189189 0.4404296875 13.1667244212714 1 0 -1 
1 1790 9 24 0.425480769230769 0.3486328125 2.44342152536943 2 0 1 
0 1790 9 24 0.4803466796875 0.513671875 10.3402004555858 1 0 -1 
1 1800 9 24 0.35703125 0.30859375 7.5033049479667 2 0 1 
0 1800 9 24 0.550130208333333 0.571875 34.4864888806172 1 0 -1 
1 1810 9 24 0.377297794117647 0.253125 17.6548725708326 2 0 1 
0 1810 9 24 0.495634191176471 0.6005859375 5.59381012337855 1 0 -1 
1 1820 9 24 0.455357142857143 0.340625 8.154056593585 2 0 1 
0 1820 9 24 0.540952620967742 0.572916666666667 5.31546762892076 1 0 -1 
1 1830 9 25 0.449869791666667 0.378125 5.80498618898062 2 1 1 
0 1830 9 24 0.595625 0.578125 5.65685424949238 1 -1 -1 
1 1840 9 25 0.5791015625 0.39375 4.99975040492142 2 1 1 
0 1840 9 24 0.536057692307692 0.544270833333333 47.8451959663379 1 -1 -1 
1 1850 9 25 0.595486111111111 0.38203125 5.69229629266211 2 1 1 
0 1850 9 24 0.546316964285714 0.444010416666667 55.1502628325811 1 -1 -1 
1 1860 9 25 0.465215773809524 0.47265625 30.0557301072963 2 1 1 
0 1860 9 24 0.5005859375 0.2734375 4.47213595499958 1 -1 -1 
1 1870 9 25 0.484975961538462 0.58359375 38.5867113761275 2 1 1 
0 1870 9 24 0.505859375 0.322916666666667 28.1377021611713 1 -1 -1 
1 1880 9 25 0.5302734375 0.66328125 25.9960371934475 2 1 1 
0 1880 9 24 0.528211805555556 0.23046875 5.40832691319598 1 -1 -1 
1 1890 9 25 0.36515625 0.65 23.0860340827346 2 1 1 
0 1890 9 24 0.477213541666667 0.18359375 9.97260550679452 1 -1 -1 
1 1900 9 25 0.408203125 0.7125 18.8124591780249 2 1 2 
0 1900 9 24 0.48984375 0.2021484375 5.03242247267876 0 -1 -2 
1 1910 9 25 0.477590460526316 0.75390625 6.49069969347123 2 1 2 
0 1910 9 24 0.521267361111111 0.2158203125 4.54642444624311 0 -1 -2 
1 1920 9 25 0.441243489583333 0.775 5.27761725883788 2 1 2 
0 1920 9 24 0.487571022727273 0.221354166666667 4.54514732142572 0 -1 -2 
1 1930 9 25 0.453814338235294 0.775 3.70281303712012 2 0 2 
0 1930 9 25 0.640625 0.2109375 4.5 0 0 -2 
1 1940 9 25 0.453814338235294 0.80546875 4.34559563162086 2 0 2 
0 1940 9 25 0.69140625 0.1796875 4.92442890089805 0 0 -2 
