1 30 7.2 1 NaN 0.3564453125 23.6652972365272 3 0 0 
0 30 5 1 NaN 0.2587890625 17.2155058325224 3 0 0 
1 40 7.2 1 NaN 0.3734375 21.5116133980393 3 0 0 
0 40 5 1 NaN 0.28203125 21.2138762404768 3 0 0 
1 50 7.2 1 NaN 0.40390625 13.1519828534035 3 0 0 
0 50 5 1 NaN 0.34609375 17.2063959039301 3 0 0 
1 60 7.2 1 0.36572265625 0.490625 11.9307567385258 3 0 0 
0 60 5 1 0.37421875 0.440625 8.32365614488571 3 0 0 
1 70 7.2 1 0.36328125 0.48671875 11.3200989562584 3 0 0 
0 70 5 1 0.37109375 0.4482421875 6.04034262391332 3 0 0 
1 80 7.2 1 0.4529296875 0.45546875 14.3956700778261 3 0 0 
0 80 5 1 0.4525390625 0.4859375 11.3286449084836 3 0 0 
1 90 7.2 1 0.397615131578947 0.428125 27.6710534880161 3 0 0 
0 90 5 1 0.43817349137931 0.4640625 14.9337671336694 3 0 0 
1 100 7.2 1 0.39134837962963 0.47421875 27.387146337843 3 0 0 
0 100 5 1 0.407058189655172 0.4578125 15.5550597423186 3 0 0 
1 110 7.2 1 0.445475260416667 0.4716796875 28.6568186882331 3 -1 0 
0 110 5 2 0.456861413043478 0.45390625 22.3283936811624 3 1 0 
1 120 7.2 2 0.421875 0.486979166666667 30.2795261753089 3 0 0 
0 120 5 2 0.415364583333333 0.4609375 23.3771004603961 3 0 0 
1 130 7.2 2 0.411411830357143 0.40234375 45.9972152405227 3 0 0 
0 130 5 2 0.399789663461538 0.436197916666667 29.0847843131345 3 0 0 
1 140 7.2 2 0.479817708333333 0.4140625 37.4674592049163 3 0 0 
0 140 5 2 0.442708333333333 0.458333333333333 35.3347632638721 3 0 0 
1 150 7.2 3 0.428659539473684 0.4658203125 34.4433609971954 3 0 0 
0 150 5 3 0.418678977272727 0.3251953125 54.3424729337623 3 0 0 
1 160 7.2 3 0.369977678571429 0.4814453125 21.6502711933422 3 0 0 
0 160 5 3 0.37109375 0.4169921875 34.7855999412616 3 0 0 
1 170 7.2 3 0.461100260416667 0.46484375 30.9298618958272 3 0 0 
0 170 5 3 0.4427734375 0.42890625 27.6673300741844 3 0 0 
1 180 7.2 3 0.396875 0.430989583333333 32.8839548776386 3 -1 0 
0 180 5 4 0.446568080357143 0.4765625 26.1353520388089 3 1 0 
1 190 7.2 3 0.375186011904762 0.3876953125 46.6094198506486 3 -1 0 
0 190 5 4 0.430266203703704 0.44453125 31.8413067056125 3 1 0 
1 200 7.2 4 0.422265625 0.478515625 36.2898126218335 3 0 0 
0 200 5 4 0.47359375 0.43828125 30.4017799974167 3 0 0 
1 210 7.2 4 0.395161290322581 0.4990234375 25.8524476185299 3 0 0 
0 210 5 4 0.432338169642857 0.47578125 26.8838172505401 3 0 0 
1 220 7.2 4 0.36328125 0.43828125 22.8701129415438 3 -1 0 
0 220 5 5 0.406929347826087 0.503125 29.3915708817295 3 1 0 
1 230 7.2 4 0.443452380952381 0.4484375 25.7177309009491 3 -1 0 
0 230 5 5 0.502604166666667 0.4859375 31.2939705096327 3 1 0 
1 240 7.2 5 0.382061298076923 0.44296875 24.7928245946575 3 0 0 
0 240 5 5 0.457728794642857 0.47421875 31.5435358731676 3 0 0 
1 250 7.2 5 0.377766927083333 0.478125 25.7588140326514 3 0 0 
0 250 5 5 0.385869565217391 0.45390625 30.8653314256831 3 0 0 
1 260 7.2 5 0.475033967391304 0.4234375 31.1899860512269 3 -1 0 
0 260 5 6 0.4408203125 0.4421875 30.6998659023006 3 1 0 
1 270 7.2 6 0.4161376953125 0.4462890625 39.2940771314606 3 0 0 
0 270 5 6 0.442157451923077 0.45703125 31.9380886767825 3 0 0 
1 280 7.2 6 0.367009943181818 0.45625 25.0928510778484 3 0 0 
0 280 5 6 0.410300925925926 0.455078125 38.872133677914 3 0 0 
1 290 7.2 6 0.457208806818182 0.4609375 23.4067736818406 3 0 0 
0 290 5 6 0.482855902777778 0.4234375 51.377323627057 3 0 0 
1 300 7.2 6 0.434185606060606 0.470703125 33.7636603351048 3 -1 0 
0 300 5 7 0.445703125 0.471875 37.8695063595186 3 1 0 
1 310 7.2 6 0.38671875 0.475260416666667 30.9008756351226 3 -1 0 
0 310 5 7 0.413049768518518 0.47890625 36.8772695354354 3 1 0 
1 320 7.2 7 0.465666118421053 0.3740234375 40.2456903912634 3 0 0 
0 320 5 7 0.504111842105263 0.51015625 34.9531950945142 3 0 0 
1 330 7.2 7 0.398287259615385 0.34765625 40.596032600293 3 0 0 
0 330 5 7 0.458647629310345 0.47265625 35.3785486736719 3 0 0 
1 340 7.2 7 0.36328125 0.39296875 37.0702745258997 3 -1 0 
0 340 5 8 0.410456730769231 0.46015625 34.1602631633848 3 1 0 
1 350 7.2 7 0.445052083333333 0.41953125 34.9954154933444 3 -1 0 
0 350 5 8 0.478940217391304 0.44453125 38.59326194926 3 1 0 
1 360 7.2 7 0.422554347826087 0.4697265625 29.19971412482 3 -1 0 
0 360 5 8 0.449074074074074 0.44765625 41.2871698218868 3 1 0 
1 370 7.2 8 0.36328125 0.47421875 20.8623442150953 3 0 0 
0 370 5 8 0.406394675925926 0.43515625 29.4999707097977 3 0 0 
1 380 7.2 8 0.423363095238095 0.3984375 36.8361518782939 3 0 0 
0 380 5 8 0.473125 0.4130859375 39.224800296038 3 0 0 
1 390 7.2 8 0.406850961538462 0.44921875 30.8896250408226 3 0 0 
0 390 5 8 0.449776785714286 0.3984375 31.1159826821506 3 0 0 
1 400 7.2 8 0.3840625 0.45625 22.2662347995105 3 0 0 
0 400 5 8 0.405815972222222 0.2822265625 43.7123089001246 3 0 0 
1 410 7.2 8 0.447443181818182 0.48984375 22.3779508304538 3 0 0 
0 410 5 8 0.449869791666667 0.4052734375 29.42883404065 3 0 0 
1 420 7.2 9 0.4375 0.5 25.2705740525762 3 0 0 
0 420 5 9 0.426920572916667 0.35546875 45.8554782766053 3 0 0 
1 430 7.2 9 0.407986111111111 0.4765625 25.4880345618759 3 0 0 
0 430 5 9 0.42901400862069 0.4140625 30.7678600380966 3 0 0 
1 440 7.2 9 0.4662109375 0.5478515625 34.9490860285243 3 0 0 
0 440 5 9 0.514597039473684 0.3798828125 48.7171560546778 3 0 0 
1 450 7.2 9 0.438988095238095 0.497395833333333 21.7843794288527 3 0 0 
0 450 5 9 0.451021634615385 0.3466796875 36.6215698993475 3 0 0 
1 460 7.2 9 0.373811141304348 0.380859375 34.5106090334914 3 0 0 
0 460 5 9 0.438895089285714 0.35234375 34.2608852205626 3 0 0 
1 470 7.2 10 0.455592105263158 0.375 18.2467036404695 3 0 0 
0 470 5 10 0.510974702380952 0.44609375 30.8107950114137 3 0 0 
1 480 7.2 10 0.416324013157895 0.315625 27.4604121484375 3 0 0 
0 480 5 10 0.449448529411765 0.45 37.661534361706 3 0 0 
1 490 7.2 10 0.36328125 0.42890625 32.0145196014456 3 0 0 
0 490 5 10 0.405498798076923 0.43359375 29.0936785538986 3 0 0 
1 500 7.2 11 0.4404296875 0.4671875 30.780522115812 3 1 0 
0 500 5 10 0.484375 0.4306640625 35.1647090907491 3 -1 0 
1 510 7.2 11 0.414930555555556 0.453125 30.7757103660751 3 1 0 
0 510 5 10 0.430536684782609 0.4326171875 38.4400607009907 3 -1 0 
1 520 7.2 11 0.399245689655172 0.48046875 32.9692059867514 3 0 0 
0 520 5 11 0.39140625 0.3564453125 39.0153139324134 3 0 0 
1 530 7.2 11 0.460518973214286 0.4521484375 31.2877233004533 3 0 0 
0 530 5 11 0.4390625 0.3505859375 35.0055076425286 3 0 0 
1 540 7.2 11 0.4554443359375 0.5009765625 33.0741699136848 3 0 0 
0 540 5 11 0.4083984375 0.43359375 34.9960744733199 3 0 0 
1 550 7.2 12 0.422348484848485 0.4853515625 26.3688474977433 3 1 0 
0 550 5 11 0.37109375 0.38671875 31.3631880996043 3 -1 0 
1 560 7.2 12 0.46021412037037 0.501953125 12.5481644244212 3 1 0 
0 560 5 11 0.4453125 0.41640625 37.4939064132628 3 -1 0 
1 570 7.2 12 0.4493408203125 0.51640625 22.9883062239736 3 1 0 
0 570 5 11 0.417289402173913 0.427734375 34.1782379459342 3 -1 0 
1 580 7.2 12 0.36328125 0.51171875 21.1035286454192 3 0 0 
0 580 5 12 0.38383152173913 0.4384765625 34.652055728362 3 0 0 
1 590 7.2 12 0.439761513157895 0.5390625 2 3 0 0 
0 590 5 12 0.459408967391304 0.471354166666667 18.49191142742 3 0 0 
1 600 7.2 12 0.393612132352941 0.5390625 0 3 0 0 
0 600 5 12 0.436487268518518 0.459635416666667 7.94277518326549 3 0 0 
1 610 7.2 12 0.363671875 0.259765625 31.976553910639 3 0 0 
0 610 5 12 0.421875 0.51171875 4.66961129155521 3 0 0 
1 620 7.2 12 0.423828125 0.2275390625 21.8469693117613 3 0 0 
0 620 5 12 0.478326612903226 0.4248046875 20.975575691794 3 0 0 
1 630 7.2 12 0.395399305555556 0.3583984375 20.4990166602477 3 0 0 
0 630 5 12 0.437934027777778 0.453125 20.3179787035156 3 0 0 
1 640 7.2 13 0.372961956521739 0.4482421875 16.6736830569347 3 1 0 
0 640 5 12 0.432516163793103 0.48828125 20.651681461495 3 -1 0 
1 650 7.2 13 0.42140625 0.455078125 21.3600093632938 3 0 0 
0 650 5 13 0.533025568181818 0.51953125 21.1092067402104 3 0 0 
1 660 7.2 13 0.369850852272727 0.45703125 0 3 0 0 
0 660 5 13 0.435075431034483 0.5615234375 25.9106791174209 3 0 0 
1 670 7.2 13 0.39671875 0.36328125 0 3 0 0 
0 670 5 13 0.389811197916667 0.37421875 34.6387630677787 3 0 0 
1 680 7.2 13 0.425603693181818 0.177083333333333 23.9227732805224 3 -1 0 
0 680 5 14 0.5087890625 0.3984375 33.164226279337 3 1 0 
1 690 7.2 13 0.388671875 0.267578125 19.4002443979562 3 -1 0 
0 690 5 14 0.472981770833333 0.4833984375 26.8933580377564 3 1 0 
1 700 7.2 13 0.369140625 0.318359375 19.9946392148675 3 -1 0 
0 700 5 14 0.434895833333333 0.5390625 30.6262327883164 3 1 0 
1 710 7.2 14 0.400607638888889 0.412109375 25.6210837657795 3 0 0 
0 710 5 14 0.555908203125 0.580729166666667 38.1547677067768 3 0 0 
1 720 7.2 14 0.401455965909091 0.4443359375 24.1010536896987 3 0 0 
0 720 5 14 0.456361607142857 0.479166666666667 35.3702164170056 3 0 0 
1 730 7.2 14 0.39164402173913 0.4609375 17.9464632789955 3 -1 0 
0 730 5 15 0.439453125 0.447916666666667 38.4828663288852 3 1 0 
1 740 7.2 14 0.423394097222222 0.451171875 15.3867447949818 3 -1 0 
0 740 5 15 0.533653846153846 0.484375 28.7556684530184 3 1 0 
1 750 7.2 14 0.373149671052632 0.4267578125 22.4957437442668 3 -1 0 
0 750 5 15 0.461371527777778 0.4521484375 36.0049818652654 3 1 0 
1 760 7.2 15 0.36328125 0.4130859375 25.6127299421836 3 0 0 
0 760 5 15 0.42115162037037 0.4599609375 40.3922655493649 3 0 0 
1 770 7.2 15 0.4314453125 0.4697265625 26.8850320512471 3 0 0 
0 770 5 15 0.522705078125 0.4912109375 34.7855372404441 3 0 0 
1 780 7.2 15 0.437081473214286 0.4345703125 31.7200469645244 3 0 0 
0 780 5 15 0.475183823529412 0.4892578125 34.7447139106514 3 0 0 
1 790 7.2 15 0.374320652173913 0.40625 24.1553190808143 3 0 0 
0 790 5 15 0.391512784090909 0.5380859375 33.1934947520176 3 0 0 
1 800 7.2 15 0.4546875 0.3921875 22.4098362387589 3 0 0 
0 800 5 15 0.4234375 0.53671875 17.4733356848435 3 0 0 
1 810 7.2 15 0.448336693548387 0.380859375 24.058640255214 3 0 0 
0 810 5 15 0.456280048076923 0.5244140625 12.420069592323 3 0 0 
1 820 7.2 15 0.399919181034483 0.3720703125 23.4228973888536 3 -1 0 
0 820 5 16 0.42046875 0.50390625 3.1327320739876 3 1 0 
1 830 7.2 16 0.43 0.3896484375 40.5627401812155 3 0 0 
0 830 5 16 0.432725694444444 0.40625 12.5274750992584 3 0 0 
1 840 7.2 16 0.423828125 0.41796875 35.6825402696465 3 0 0 
0 840 5 16 0.4321875 0.407552083333333 16.1627149930207 3 0 0 
1 850 7.2 16 0.430357142857143 0.4560546875 34.5226229885551 3 0 0 
0 850 5 16 0.37109375 0.515625 5.21909347641185 3 0 0 
1 860 7.2 16 0.49609375 0.45703125 39.8928229988732 3 0 0 
0 860 5 16 0.462890625 0.557291666666667 4.85199661140732 3 0 0 
1 870 7.2 16 0.464508928571429 0.494140625 48.2208622672178 3 0 0 
0 870 5 16 0.462357954545455 0.453125 20.3224986471713 3 0 0 
1 880 7.2 17 0.43817349137931 0.5205078125 50.4679687937222 3 1 0 
0 880 5 16 0.396050347222222 0.34375 49.8614462847002 3 -1 0 
1 890 7.2 17 0.481956845238095 0.55078125 39.3971060797998 3 0 0 
0 890 5 17 0.448016826923077 0.31796875 41.6828650083197 3 0 0 
1 900 7.2 17 0.4684375 0.553385416666667 33.535530701102 3 0 0 
0 900 5 17 0.417224702380952 0.37734375 36.5130230414228 3 0 0 
1 910 7.2 17 0.431829637096774 0.50390625 15.1990334439252 3 0 0 
0 910 5 17 0.384171195652174 0.384765625 34.8064143142351 3 0 0 
1 920 7.2 17 0.446200284090909 0.44140625 20.3103866638469 3 0 0 
0 920 5 17 0.4365234375 0.4189453125 32.157084363168 3 0 0 
1 930 7.2 18 0.468605324074074 0.516927083333333 14.2414089930151 3 1 0 
0 930 5 17 0.407438858695652 0.4453125 0 3 -1 0 
1 940 7.2 18 0.420992943548387 0.51171875 27.0821748561896 3 1 0 
0 940 5 17 0.380859375 0.47265625 0 3 -1 0 
1 950 7.2 18 0.439453125 0.36328125 38.7074452301553 3 1 0 
0 950 5 17 0.440557065217391 0.48828125 0 3 -1 0 
1 960 7.2 18 0.473828125 0.4287109375 27.5379423803641 3 1 0 
0 960 5 17 0.379365808823529 0.48828125 0 3 -1 0 
1 970 7.2 18 0.454210069444444 0.474609375 17.777797756652 3 1 0 
0 970 5 17 0.378018465909091 NaN NaN 3 -1 0 
1 980 7.2 18 0.488991477272727 0.5087890625 17.6639471747651 3 1 0 
0 980 5 17 0.432904411764706 0.17578125 7.21110255092798 3 -1 0 
1 990 7.2 18 0.517233455882353 0.5205078125 12.8520219991473 3 1 0 
0 990 5 17 0.392475328947368 0.23828125 25.0122346410289 3 -1 0 
1 1000 7.2 18 0.481553819444444 0.5166015625 30.5048716805122 3 0 0 
0 1000 5 18 0.409986413043478 0.34765625 23.7866058318545 3 0 0 
1 1010 7.2 19 0.532384072580645 0.5771484375 35.6823425733561 3 1 0 
0 1010 5 18 0.445498511904762 0.334635416666667 26.2556439989536 3 -1 0 
1 1020 7.2 19 0.526971726190476 0.5810546875 36.3940875091037 3 1 0 
0 1020 5 18 0.363731971153846 0.364583333333333 13.4292164264373 3 -1 0 
1 1030 7.2 19 0.455357142857143 0.58984375 27.3684606027665 3 1 0 
0 1030 5 18 0.36226222826087 0.3046875 12.8749023168074 3 -1 0 
1 1040 7.2 20 0.601702008928571 0.5986328125 24.6739075235117 3 2 0 
0 1040 5 18 0.361778846153846 0.276041666666667 8.53509208189254 3 -2 0 
1 1050 7.2 20 0.562415081521739 0.5390625 24.7978761982363 3 2 0 
0 1050 5 18 0.311899038461538 0.296875 19.4606972077751 3 -2 0 
1 1060 7.2 20 0.476332720588235 0.5546875 10.9350231938548 3 2 0 
0 1060 5 18 0.396267361111111 0.2841796875 35.164610358776 3 -2 0 
1 1070 7.2 20 0.568004261363636 0.576171875 10.1207539050259 3 1 0 
0 1070 5 19 0.387834821428571 0.22890625 33.2391857103192 3 -1 0 
1 1080 7.2 20 0.5068359375 0.6484375 4.65430401236468 3 1 0 
0 1080 5 19 0.327864583333333 0.23046875 27.8826629190457 3 -1 0 
1 1090 7.2 20 0.45148689516129 0.66953125 10.1135263449751 3 1 0 
0 1090 5 19 0.3291015625 0.28515625 16.5762504231474 3 -1 0 
1 1100 7.2 20 0.611762152777778 0.729166666666667 6.71858063499314 3 1 0 
0 1100 5 19 0.337890625 0.255208333333333 8.80330171486627 3 -1 0 
1 1110 7.2 20 0.519097222222222 0.6748046875 9.14634266057159 3 1 0 
0 1110 5 19 0.313125 0.2421875 0 3 -1 0 
1 1120 7.2 21 0.489366319444444 0.657552083333333 3.0472681790193 3 2 0 
0 1120 5 19 0.318359375 0.2421875 0 3 -2 0 
1 1130 7.2 21 0.634465144230769 0.639322916666667 4.76678018921302 3 1 0 
0 1130 5 20 0.3046875 0.203125 0 3 -1 0 
1 1140 7.2 21 0.539165296052632 0.546875 19.0463944548437 3 1 0 
0 1140 5 20 0.279575892857143 0.23046875 0 3 -1 0 
1 1150 7.2 21 0.489970439189189 0.430989583333333 8.15945992696338 3 1 0 
0 1150 5 20 0.296875 0.189453125 19.5256241897666 3 -1 0 
1 1160 7.2 21 0.621345766129032 0.37109375 32.5235737393952 3 1 0 
0 1160 5 20 0.296875 0.208333333333333 24.4809823941748 3 -1 0 
1 1170 7.2 21 0.55126953125 0.46875 16.1508855052764 3 1 0 
0 1170 5 20 0.30615234375 0.309895833333333 16.2100463573455 3 -1 0 
1 1180 7.2 21 0.470588235294118 0.5185546875 25.0862477220698 3 1 0 
0 1180 5 20 0.35625 0.265625 22.7324776252194 3 -1 0 
1 1190 7.2 21 0.60614224137931 0.51953125 32.4272679054408 3 1 1 
0 1190 5 20 0.334765625 0.310546875 17.7675659098018 2 -1 -1 
1 1200 7.2 21 0.54384765625 0.5703125 38.9841801257887 3 1 1 
0 1200 5 20 0.286979166666667 0.2490234375 17.0590871834192 2 -1 -1 
1 1210 7.2 21 0.475023674242424 0.549479166666667 39.6041238274291 3 1 1 
0 1210 5 20 0.3251953125 0.3 13.2309308531754 2 -1 -1 
1 1220 7.2 21 0.581814236111111 0.5537109375 27.0940782359817 3 1 1 
0 1220 5 20 0.323567708333333 0.39453125 4.00393914661518 2 -1 -1 
1 1230 7.2 22 0.518708881578947 0.430989583333333 26.6633559330186 3 2 1 
0 1230 5 20 0.28515625 0.4501953125 8.9742863429912 2 -2 -1 
1 1240 7.2 22 0.472886029411765 0.4296875 29.7879348336144 3 1 1 
0 1240 5 21 0.319444444444444 0.3935546875 17.6253139582415 2 -1 -1 
1 1250 7.2 22 0.610546875 0.419270833333333 50.3785325485358 3 1 1 
0 1250 5 21 0.319444444444444 0.3505859375 22.6628424576307 2 -1 -1 
1 1260 7.2 22 0.5518798828125 0.458333333333333 38.6160688652481 3 1 1 
0 1260 5 21 0.310546875 0.375 20.9603272011785 2 -1 -1 
1 1270 7.2 22 0.436961206896552 0.467447916666667 37.5025514168583 3 1 1 
0 1270 5 21 0.349954044117647 0.3515625 25.9811104057048 2 -1 -1 
1 1280 7.2 22 0.5359375 0.4013671875 51.0235629030921 3 1 1 
0 1280 5 21 0.354758522727273 0.294921875 12.8667080888378 2 -1 -1 
1 1290 7.2 22 0.548887310606061 0.4189453125 33.8510936828231 3 1 1 
0 1290 5 21 0.3615234375 0.3828125 4.70262964599997 2 -1 -1 
1 1300 7.2 22 0.465418198529412 0.462890625 19.8322793597568 3 1 1 
0 1300 5 21 0.396599264705882 0.4521484375 5.47954417152218 2 -1 -1 
1 1310 7.2 22 0.466947115384615 0.51015625 8.85645324658119 3 1 1 
0 1310 5 21 0.461181640625 0.4609375 19.0600246461782 2 -1 -1 
1 1320 7.2 22 0.515498991935484 0.53125 8.8963718046304 3 1 1 
0 1320 5 21 0.350945723684211 0.35546875 37.642861907945 2 -1 -1 
1 1330 7.2 22 0.443115234375 0.5009765625 6.14783617331347 3 1 1 
0 1330 5 21 0.390869140625 0.416015625 16.3477827242718 2 -1 -1 
1 1340 7.2 22 0.533305921052632 0.5419921875 25.801759343479 3 1 1 
0 1340 5 21 0.423177083333333 0.318359375 12.747548783982 2 -1 -1 
1 1350 7.2 22 0.567857142857143 0.58984375 31.6955240443603 3 1 1 
0 1350 5 21 0.365141369047619 0.234375 4.12310562561766 2 -1 -1 
1 1360 7.2 22 0.494615709459459 0.5830078125 29.4759681109155 3 1 1 
0 1360 5 21 0.339518229166667 0.19140625 11.2361025271221 2 -1 -1 
1 1370 7.2 22 0.58429939516129 0.552734375 30.3014242861602 3 1 1 
0 1370 5 21 0.4013671875 0.2421875 13.5369863706809 2 -1 -1 
1 1380 7.2 23 0.522983284883721 0.546875 32.8077655897938 3 2 2 
0 1380 5 21 0.317626953125 0.196614583333333 16.3286987360584 1 -2 -2 
1 1390 7.2 23 0.5234375 0.5498046875 42.7199066036857 3 2 2 
0 1390 5 21 0.484375 0.2138671875 11.6012526815641 1 -2 -2 
1 1400 7.2 23 0.617513020833333 0.62890625 24.9599754608711 3 1 2 
0 1400 5 22 NaN 0.2333984375 3.18303938692188 1 -1 -2 
1 1410 7.2 23 0.585286458333333 0.6572265625 26.1285053978739 3 1 2 
0 1410 5 22 0.26953125 0.232421875 2.5312272241896 1 -1 -2 
1 1420 7.2 23 0.55078125 0.5732421875 37.0002482077743 3 1 2 
0 1420 5 22 0.212239583333333 0.236328125 7.45689441697499 1 -1 -2 
1 1430 7.2 23 0.65576171875 0.470052083333333 44.4676311135849 3 1 2 
0 1430 5 22 0.212239583333333 0.20703125 9.96482047048231 1 -1 -2 
1 1440 7.2 23 0.576766304347826 0.48984375 50.7571264616684 3 1 2 
0 1440 5 22 0.251644736842105 0.236328125 17.778414433019 1 -1 -2 
1 1450 7.2 23 0.499699519230769 0.50859375 48.1007331161205 3 1 2 
0 1450 5 22 0.249348958333333 0.2548828125 17.6033791515763 1 -1 -2 
1 1460 7.2 23 0.60546875 0.53359375 41.8482086807003 3 1 2 
0 1460 5 22 0.249348958333333 0.283203125 14.9316151983992 1 -1 -2 
1 1470 7.2 23 0.565406976744186 0.4912109375 40.4456549759661 3 1 2 
0 1470 5 22 0.30171130952381 0.27734375 16.9309002023601 1 -1 -2 
1 1480 7.2 23 0.509515224358974 0.4287109375 40.9414839385908 3 1 2 
0 1480 5 22 0.400390625 0.275390625 18.6265572699173 1 -1 -2 
1 1490 7.2 23 0.606224798387097 0.4462890625 37.4826021774711 3 1 2 
0 1490 5 22 0.376953125 0.2333984375 24.1431584996049 1 -1 -2 
1 1500 7.2 23 0.560671542553192 0.544921875 45.759371467649 3 1 2 
0 1500 5 22 0.31005859375 0.2060546875 15.0541132673991 1 -1 -2 
1 1510 7.2 23 0.538335755813954 0.5986328125 40.539838692729 3 1 2 
0 1510 5 22 0.3212890625 0.1875 12.2163646861436 1 -1 -2 
1 1520 7.2 24 0.661808894230769 0.697265625 22.787938767378 3 1 2 
0 1520 5 23 NaN 0.18359375 4.69833968302415 1 -1 -2 
1 1530 7.2 24 0.583506944444444 0.6376953125 12.2727553266626 3 1 2 
0 1530 5 23 0.2453125 0.25390625 2.94613051091999 1 -1 -2 
1 1540 7.2 24 0.544444444444444 0.447265625 28.0361286683371 3 1 2 
0 1540 5 23 NaN 0.2939453125 27.0820757256324 1 -1 -2 
1 1550 7.2 24 0.656026785714286 0.48046875 13.6230933615565 3 1 2 
0 1550 5 23 NaN 0.276041666666667 26.0273601353613 1 -1 -2 
1 1560 7.2 24 0.5609375 0.555989583333333 17.1626734333737 3 1 2 
0 1560 5 23 0.258184523809524 0.2294921875 14.6834473368615 1 -1 -2 
1 1570 7.2 24 0.49765625 0.6103515625 26.4664544945151 3 1 2 
0 1570 5 23 0.278409090909091 0.255208333333333 14.8972200678734 1 -1 -2 
1 1580 7.2 24 0.618489583333333 0.64453125 15.9827505114052 3 1 3 
0 1580 5 23 0.277994791666667 0.240234375 18.9989191020013 0 -1 -3 
1 1590 7.2 24 0.600988051470588 0.65703125 15.8187523307154 3 1 3 
0 1590 5 23 0.272135416666667 0.21875 13.9514263262771 0 -1 -3 
1 1600 7.2 24 0.647216796875 0.6728515625 27.3569334904923 3 1 3 
0 1600 5 23 0.28515625 0.20703125 6.00682501866306 0 -1 -3 
1 1610 7.2 24 0.719866071428571 0.6640625 41.182386775537 3 1 3 
0 1610 5 23 NaN 0.2041015625 11.8432696612592 0 -1 -3 
1 1620 7.2 24 0.736073369565217 0.6904296875 45.8692375330077 3 1 3 
0 1620 5 23 0.205078125 0.200520833333333 7.07333805436649 0 -1 -3 
1 1630 7.2 24 0.788020833333333 0.6943359375 43.8311385810226 3 1 3 
0 1630 5 23 NaN 0.185546875 5.1478150704935 0 -1 -3 
1 1640 7.2 24 0.788762019230769 0.821614583333333 3.85986523059196 3 1 3 
0 1640 5 23 NaN 0.189453125 4.7169905660283 0 -1 -3 
