1 30 5.2 1 NaN 0.329032258064516 37.0533235826403 3 0 0 
0 30 6.4 1 NaN 0.201612903225806 5.21498423761933 3 0 0 
1 40 5.2 1 NaN 0.318548387096774 40.0048343214571 3 0 0 
0 40 6.4 1 NaN 0.175 5.34581928626894 3 0 0 
1 50 5.2 1 0.370967741935484 0.378225806451613 42.0624586245881 3 0 0 
0 50 6.4 1 0.370967741935484 0.268145161290323 16.3534608134038 3 0 0 
1 60 5.2 1 0.368279569892473 0.474193548387097 35.9295351111161 3 0 0 
0 60 6.4 1 0.368279569892473 0.399193548387097 41.2168628855113 3 0 0 
1 70 5.2 1 0.374193548387097 0.484677419354839 37.5100242972195 3 0 0 
0 70 6.4 1 0.392281105990783 0.468548387096774 38.7329405319027 3 0 0 
1 80 5.2 1 0.477272727272727 0.490322580645161 35.7501732917696 3 0 0 
0 80 6.4 1 0.456989247311828 0.500806451612903 37.7002677722774 3 0 0 
1 90 5.2 1 0.417155425219941 0.510483870967742 38.9401588944852 3 0 0 
0 90 6.4 1 0.40625 0.480645161290323 40.8184284836033 3 0 0 
1 100 5.2 1 0.408808933002481 0.466935483870968 39.175200193229 3 -1 0 
0 100 6.4 2 0.4375 0.467741935483871 42.2367613035127 3 1 0 
1 110 5.2 2 0.476814516129032 0.465322580645161 37.9978739230486 3 0 0 
0 110 6.4 2 0.49241935483871 0.496774193548387 41.3527934387483 3 0 0 
1 120 5.2 2 0.385248655913978 0.474193548387097 35.5451618051448 3 0 0 
0 120 6.4 2 0.400434243176179 0.479032258064516 42.6353083238182 3 0 0 
1 130 5.2 2 0.386904761904762 0.436491935483871 39.5339563501819 3 0 0 
0 130 6.4 2 0.385944700460829 0.492943548387097 37.9254492885436 3 0 0 
1 140 5.2 3 0.472507331378299 0.420967741935484 47.6915922641299 3 0 0 
0 140 6.4 3 0.480414746543779 0.486895161290323 32.6989520384452 3 0 0 
1 150 5.2 3 0.416801075268817 0.420161290322581 47.6059073847614 3 0 0 
0 150 6.4 3 0.418472782258065 0.398387096774194 47.0203090384664 3 0 0 
1 160 5.2 3 0.419516129032258 0.45 28.9541169400029 3 0 0 
0 160 6.4 3 0.368145161290323 0.409677419354839 33.459994866938 3 0 0 
1 170 5.2 4 0.483137829912023 0.47258064516129 6.1676695822251 3 1 0 
0 170 6.4 3 0.476190476190476 0.483870967741936 10.8934380686838 3 -1 0 
1 180 5.2 4 0.387741935483871 0.47258064516129 4.43100808544255 3 0 0 
0 180 6.4 4 0.385806451612903 0.484879032258065 3.30952464790525 3 0 0 
1 190 5.2 4 0.390579178885631 0.493548387096774 3.76363929384704 3 0 0 
0 190 6.4 4 0.403064516129032 0.463709677419355 4.29655840075218 3 0 0 
1 200 5.2 4 0.482293127629733 0.47258064516129 5.62741981844533 3 0 0 
0 200 6.4 4 0.472608453837597 0.396774193548387 28.7234766384071 3 0 0 
1 210 5.2 4 0.368279569892473 0.484677419354839 6.04706936124758 3 0 0 
0 210 6.4 4 0.427073732718894 0.404838709677419 18.4322497125983 3 0 0 
1 220 5.2 4 0.368145161290323 0.493951612903226 6.11546096226721 3 0 0 
0 220 6.4 4 0.438275434243176 0.448387096774194 8.25763768563054 3 0 0 
1 230 5.2 4 0.443884408602151 0.432459677419355 7.41313067359298 3 0 0 
0 230 6.4 4 0.476050830889541 0.524193548387097 6.64876889103827 3 0 0 
1 240 5.2 4 0.402031063321386 0.37258064516129 22.673857254353 3 0 0 
0 240 6.4 4 0.418906810035842 0.499193548387097 6.48574145392222 3 0 0 
1 250 5.2 5 0.415130568356375 0.391129032258065 15.4886720585038 3 0 0 
0 250 6.4 5 0.441619915848527 0.462903225806452 8.82635086487515 3 0 0 
1 260 5.2 5 0.487679211469534 0.39758064516129 13.1883769406673 3 0 0 
0 260 6.4 5 0.468509984639017 0.526612903225806 7.23713249860619 3 0 0 
1 270 5.2 5 0.427574441687345 0.391935483870968 20.6825187382076 3 0 0 
0 270 6.4 5 0.436914672216441 0.580645161290323 3.41548647861874 3 0 0 
1 280 5.2 5 0.37726814516129 0.378225806451613 22.3178261040123 3 0 0 
0 280 6.4 5 0.432411674347158 0.586290322580645 7.15592176188197 3 0 0 
1 290 5.2 6 0.462029569892473 0.425806451612903 12.7523309048054 3 0 0 
0 290 6.4 6 0.482142857142857 0.518548387096774 3.81022149060992 3 0 0 
1 300 5.2 6 0.402956989247312 0.436290322580645 13.2997837983783 3 0 0 
0 300 6.4 6 0.415070564516129 0.494354838709677 12.4523092471955 3 0 0 
1 310 5.2 6 0.394611436950147 0.411290322580645 22.878593940252 3 0 0 
0 310 6.4 6 0.386730205278592 0.493548387096774 17.5674221547118 3 0 0 
1 320 5.2 6 0.466612903225806 0.462096774193548 35.6031672237205 3 0 0 
0 320 6.4 6 0.494269949066214 0.504032258064516 32.638449710995 3 0 0 
1 330 5.2 6 0.400985663082437 0.47741935483871 30.6975252494941 3 0 0 
0 330 6.4 6 0.41142936596218 0.499193548387097 31.3988701551653 3 0 0 
1 340 5.2 7 0.416023842917251 0.475 30.7761487500013 3 1 0 
0 340 6.4 6 0.368145161290323 0.478225806451613 39.4228076522429 3 -1 0 
1 350 5.2 7 0.499798387096774 0.491129032258064 32.8321990033363 3 0 0 
0 350 6.4 7 0.439708141321045 0.489516129032258 33.0282287910898 3 0 0 
1 360 5.2 7 0.396612903225807 0.461693548387097 36.4381658052422 3 0 0 
0 360 6.4 7 0.39810794044665 0.50241935483871 35.3135547057236 3 0 0 
1 370 5.2 7 0.375183284457478 0.495967741935484 40.5622432334121 3 0 0 
0 370 6.4 7 0.448588709677419 0.514784946236559 44.5934253076393 3 0 0 
1 380 5.2 8 0.455241935483871 0.48991935483871 23.1824237140538 3 0 0 
0 380 6.4 8 0.497162485065711 0.48252688172043 28.9409321678241 3 0 0 
1 390 5.2 8 0.403225806451613 0.425 34.6313982081595 3 0 0 
0 390 6.4 8 0.398617511520737 0.35 47.3852481198306 3 0 0 
1 400 5.2 8 0.382056451612903 0.428225806451613 13.5815618455478 3 0 0 
0 400 6.4 8 0.40515427769986 0.312903225806452 29.5214368317211 3 0 0 
1 410 5.2 8 0.486021505376344 0.479032258064516 3.24800675314388 3 0 0 
0 410 6.4 8 0.473877980364656 0.394153225806452 17.0690924831997 3 0 0 
1 420 5.2 8 0.413037634408602 0.506451612903226 3.25342094707662 3 0 0 
0 420 6.4 8 0.412335722819594 0.445564516129032 5.8064976967789 3 0 0 
1 430 5.2 8 0.374231950844854 0.479838709677419 3.76337877681864 3 0 0 
0 430 6.4 8 0.410450268817204 0.417741935483871 30.6628664531338 3 0 0 
1 440 5.2 9 0.469278033794163 0.469354838709677 6.93521396766515 3 1 0 
0 440 6.4 8 0.469254032258065 0.398185483870968 36.3413818637636 3 -1 0 
1 450 5.2 9 0.393145161290323 0.458064516129032 6.26865417062723 3 1 0 
0 450 6.4 8 0.42558651026393 0.442204301075269 18.7438841944791 3 -1 0 
1 460 5.2 9 0.396246898263027 0.498387096774194 5.78009191830424 3 1 0 
0 460 6.4 8 0.423697270471464 0.450268817204301 3.71086073469317 3 -1 0 
1 470 5.2 9 0.459027055150884 0.462096774193548 15.5964896169384 3 1 0 
0 470 6.4 8 0.483870967741936 0.299193548387097 46.0778009042038 3 -1 0 
1 480 5.2 10 0.441483084185681 0.538709677419355 17.2684091708017 3 2 0 
0 480 6.4 8 0.388104838709677 0.327620967741936 23.4243613710566 3 -2 0 
1 490 5.2 10 0.460973502304148 0.581451612903226 17.2995261362918 3 2 0 
0 490 6.4 8 0.366625310173697 0.365927419354839 6.04677564597414 3 -2 0 
1 500 5.2 10 0.504215542521994 0.541935483870968 16.1896952505488 3 1 0 
0 500 6.4 9 0.422715053763441 0.381048387096774 2.7342096474598 3 -1 0 
1 510 5.2 10 0.417914746543779 0.516129032258065 28.898746934421 3 1 0 
0 510 6.4 9 0.369959677419355 0.411290322580645 27.5611729786265 3 -1 0 
1 520 5.2 11 0.456575682382134 0.506451612903226 33.1834496950224 3 2 0 
0 520 6.4 9 0.368279569892473 0.324193548387097 20.351263992258 3 -2 0 
1 530 5.2 11 0.534804753820034 0.516935483870968 40.439270394143 3 2 0 
0 530 6.4 9 0.430331541218638 0.371774193548387 12.1509174818007 3 -2 0 
1 540 5.2 11 0.420467185761958 0.462096774193548 26.1114963096512 3 2 0 
0 540 6.4 9 0.399054505005562 0.431451612903226 9.76889462467789 3 -2 0 
1 550 5.2 11 0.396739130434783 0.37258064516129 48.7638055299316 3 2 0 
0 550 6.4 9 0.399719495091164 0.479838709677419 12.8636753142942 3 -2 0 
1 560 5.2 11 0.484543010752688 0.425806451612903 36.0427947479375 3 1 0 
0 560 6.4 10 0.450604838709677 0.468548387096774 7.78347221016025 3 -1 0 
1 570 5.2 11 0.403629032258065 0.453225806451613 39.9803015575027 3 1 0 
0 570 6.4 10 0.410858294930876 0.446774193548387 10.2616343577633 3 -1 0 
1 580 5.2 11 0.396859083191851 0.471774193548387 38.6776210563831 3 1 0 
0 580 6.4 10 0.367439516129032 0.491935483870968 22.390315124736 3 -1 0 
1 590 5.2 12 0.444354838709677 0.498991935483871 36.7452188135451 3 2 0 
0 590 6.4 10 0.438748079877112 0.531451612903226 13.7746881171428 3 -2 0 
1 600 5.2 12 0.419771968854283 0.426075268817204 18.2850481668109 3 1 0 
0 600 6.4 11 0.369727047146402 0.583064516129032 19.8044781447933 3 -1 0 
1 610 5.2 12 0.414818548387097 0.371975806451613 31.4917211202818 3 1 0 
0 610 6.4 11 0.407056451612903 0.529838709677419 20.9267764628729 3 -1 0 
1 620 5.2 12 0.484604105571848 0.413306451612903 12.2697724556354 3 1 0 
0 620 6.4 11 0.449490662139219 0.471774193548387 10.1379953473959 3 -1 0 
1 630 5.2 12 0.456190061028771 0.382258064516129 25.7912619945105 3 1 0 
0 630 6.4 11 0.368951612903226 0.488709677419355 9.99208770956487 3 -1 0 
1 640 5.2 12 0.390552995391705 0.433064516129032 16.8666929250569 3 1 0 
0 640 6.4 11 0.368279569892473 0.466935483870968 11.6696153253797 3 -1 0 
1 650 5.2 13 0.508640552995392 0.443548387096774 15.4333499597917 3 1 0 
0 650 6.4 12 0.418346774193548 0.491935483870968 0 3 -1 0 
1 660 5.2 13 0.469970288624788 0.532258064516129 4.52020776594552 3 1 0 
0 660 6.4 12 0.371277915632754 0.491935483870968 0 3 -1 0 
1 670 5.2 13 0.418870967741935 0.510752688172043 1.8324913891634 3 1 0 
0 670 6.4 12 0.374159946236559 0.439516129032258 0 3 -1 0 
1 680 5.2 13 0.468189964157706 0.408266129032258 36.3600497056301 3 1 0 
0 680 6.4 12 0.409610215053763 0.183870967741935 25.0340346887728 3 -1 0 
1 690 5.2 13 0.461567540322581 0.425 37.7098772041105 3 1 0 
0 690 6.4 12 0.382258064516129 0.284677419354839 25.4426002200922 3 -1 0 
1 700 5.2 13 0.44941348973607 0.507258064516129 39.4275150575455 3 1 0 
0 700 6.4 12 0.376536098310292 0.385483870967742 18.656858911761 3 -1 0 
1 710 5.2 14 0.527649769585253 0.539314516129032 18.0788574424539 3 2 0 
0 710 6.4 12 0.426488833746898 0.398387096774194 20.3343937654699 3 -2 0 
1 720 5.2 14 0.421162402669633 0.518145161290323 23.6836571777488 3 1 0 
0 720 6.4 13 0.382680491551459 0.413709677419355 26.0672969009328 3 -1 0 
1 730 5.2 14 0.392356241234222 0.516129032258065 35.6702050030061 3 1 0 
0 730 6.4 13 0.368279569892473 0.467741935483871 19.6186252819927 3 -1 0 
1 740 5.2 14 0.489247311827957 0.563172043010753 41.2886495371541 3 1 0 
0 740 6.4 13 0.438667232597623 0.413306451612903 5.49020697243978 3 -1 0 
1 750 5.2 14 0.421857619577308 0.412634408602151 52.174954712753 3 1 0 
0 750 6.4 13 0.415322580645161 0.519153225806452 13.015155966965 3 -1 0 
1 760 5.2 15 0.368279569892473 0.426075268817204 56.535481002577 3 2 0 
0 760 6.4 13 0.368145161290323 0.408064516129032 38.1253874407601 3 -2 0 
1 770 5.2 15 0.467504743833017 0.475806451612903 34.3483259908845 3 1 0 
0 770 6.4 14 0.465591397849462 0.418548387096774 44.849816869628 3 -1 0 
1 780 5.2 15 0.396673387096774 0.321774193548387 49.481677266232 3 1 0 
0 780 6.4 14 0.437708565072303 0.450806451612903 42.8145504356329 3 -1 0 
1 790 5.2 15 0.403775659824047 0.379032258064516 33.0071734694817 3 1 0 
0 790 6.4 14 0.37866568914956 0.47258064516129 38.1909230495326 3 -1 0 
1 800 5.2 15 0.461774193548387 0.393548387096774 31.9567415141879 3 1 0 
0 800 6.4 14 0.463306451612903 0.470967741935484 18.9360056475733 3 -1 0 
1 810 5.2 15 0.395329301075269 0.458870967741936 23.3861353575859 3 1 0 
0 810 6.4 14 0.429435483870968 0.487903225806452 14.506343088782 3 -1 0 
1 820 5.2 16 0.386491935483871 0.435483870967742 15.215414990931 3 1 0 
0 820 6.4 15 0.430366004962779 0.51008064516129 14.3716143878802 3 -1 0 
1 830 5.2 16 0.476043643263757 0.479032258064516 11.8808683437871 3 1 0 
0 830 6.4 15 0.491129032258064 0.446572580645161 7.82802063041321 3 -1 0 
1 840 5.2 16 0.405608504398827 0.470161290322581 5.20975393344265 3 1 0 
0 840 6.4 15 0.387288786482335 0.380376344086022 25.1292550724432 3 -1 0 
1 850 5.2 16 0.402760545905707 0.479032258064516 10.9144433870961 3 1 0 
0 850 6.4 15 0.385416666666667 0.374193548387097 28.1128311301807 3 -1 0 
1 860 5.2 16 0.477272727272727 0.517137096774194 5.52687437119959 3 1 0 
0 860 6.4 15 0.465725806451613 0.368951612903226 29.7574630078216 3 -1 0 
1 870 5.2 16 0.431333017077799 0.464717741935484 3.93338797698282 3 1 0 
0 870 6.4 15 0.377520161290323 0.438508064516129 16.6357167817162 3 -1 0 
1 880 5.2 16 0.427939646201873 0.492943548387097 2.23159551304335 3 1 0 
0 880 6.4 15 0.373900293255132 0.439516129032258 6.27888044578359 3 -1 0 
1 890 5.2 16 0.51192876344086 0.492943548387097 4.11139953887733 3 1 0 
0 890 6.4 15 0.442631964809384 0.450604838709677 9.22361472955547 3 -1 0 
1 900 5.2 16 0.452006294256491 0.469758064516129 4.3837268317322 3 1 0 
0 900 6.4 15 0.371219758064516 0.412903225806452 31.105536651663 3 -1 0 
1 910 5.2 16 0.439646201873049 0.404032258064516 30.8458423144896 3 1 0 
0 910 6.4 15 0.367439516129032 0.406451612903226 21.2217813927013 3 -1 0 
1 920 5.2 17 0.515322580645161 0.435483870967742 31.63069000947 3 1 0 
0 920 6.4 16 0.387544802867384 0.406451612903226 4.11869288390294 3 -1 0 
1 930 5.2 17 0.468433179723502 0.494354838709677 34.3389944573831 3 1 0 
0 930 6.4 16 0.370967741935484 0.381451612903226 3.47189482063699 3 -1 0 
1 940 5.2 17 0.424563172043011 0.541935483870968 29.4730337522766 3 1 0 
0 940 6.4 16 0.384762308998302 0.390322580645161 10.6271680136149 3 -1 0 
1 950 5.2 17 0.495118845500849 0.516129032258065 27.9291780350572 3 1 0 
0 950 6.4 16 0.432603686635945 0.433870967741935 15.2528609623863 3 -1 0 
1 960 5.2 17 0.417712066905615 0.433467741935484 13.3638820939228 3 1 0 
0 960 6.4 16 0.379032258064516 0.479032258064516 9.92153516891777 3 -1 0 
1 970 5.2 17 0.423036465638149 0.431451612903226 10.4197768416811 3 1 0 
0 970 6.4 16 0.383709677419355 0.538306451612903 5.46294888114515 3 -1 0 
1 980 5.2 17 0.479663394109397 0.479838709677419 6.21045868612327 3 1 0 
0 980 6.4 16 0.450483870967742 0.460685483870968 10.4997554919271 3 -1 0 
1 990 5.2 17 0.455757168458781 0.543010752688172 3.93033694422846 3 1 0 
0 990 6.4 16 0.387852822580645 0.280241935483871 14.5666035971744 3 -1 0 
1 1000 5.2 17 0.453703703703704 0.526881720430108 17.7137580695179 3 0 0 
0 1000 6.4 17 0.379215542521994 0.315524193548387 27.0344066207534 3 0 0 
1 1010 5.2 17 0.502304147465438 0.327620967741936 29.8786635672295 3 0 0 
0 1010 6.4 17 0.423003072196621 0.309475806451613 26.827917982923 3 0 0 
1 1020 5.2 18 0.444052419354839 0.333870967741936 21.2823954744979 3 1 0 
0 1020 6.4 17 0.396557071960298 0.32258064516129 25.9325445987786 3 -1 0 
1 1030 5.2 18 0.415139296187683 0.348387096774194 18.8063453126541 3 1 0 
0 1030 6.4 17 0.373655913978495 0.342741935483871 14.0865814558006 3 -1 0 
1 1040 5.2 18 0.466973886328725 0.362096774193548 28.0198325604628 3 1 0 
0 1040 6.4 17 0.463172043010753 0.470430107526882 8.14009247602452 3 -1 0 
1 1050 5.2 18 0.388104838709677 0.458870967741936 18.138308647017 3 1 0 
0 1050 6.4 17 0.398769100169779 0.435483870967742 11.2116711339903 3 -1 0 
1 1060 5.2 18 0.413810483870968 0.487096774193548 10.3920072075958 3 1 0 
0 1060 6.4 17 0.368279569892473 0.441532258064516 9.70636199818806 3 -1 0 
1 1070 5.2 18 0.467741935483871 0.519354838709677 6.63540741337541 3 1 0 
0 1070 6.4 17 0.451825127334465 0.42741935483871 11.1707655738265 3 -1 0 
1 1080 5.2 18 0.415860215053763 0.499193548387097 5.61243990675391 3 1 0 
0 1080 6.4 17 0.400466893039049 0.45241935483871 22.5899710724325 3 -1 0 
1 1090 5.2 18 0.412220843672457 0.491129032258064 3.65072503154853 3 0 0 
0 1090 6.4 18 0.373350439882698 0.450806451612903 21.4447234095049 3 0 0 
1 1100 5.2 18 0.531030855539972 0.501612903225806 6.56170972323899 3 0 0 
0 1100 6.4 18 0.43200146627566 0.465322580645161 15.8600601867684 3 0 0 
1 1110 5.2 19 0.454259072580645 0.448924731182796 5.29689167463687 3 1 0 
0 1110 6.4 18 0.448420698924731 0.475806451612903 25.8893016975786 3 -1 0 
1 1120 5.2 19 0.50823252688172 0.493951612903226 4.60977222864644 3 0 0 
0 1120 6.4 19 0.484932088285229 0.481182795698925 8.62312394817359 3 0 0 
1 1130 5.2 19 0.56547619047619 0.395161290322581 0 3 0 0 
0 1130 6.4 19 0.539772727272727 0.518817204301075 12.0182616009434 3 0 0 
1 1140 5.2 19 0.451923076923077 0.314516129032258 0 3 0 0 
0 1140 6.4 19 0.435771889400922 0.538978494623656 22.2306942811357 3 0 0 
1 1150 5.2 19 0.506774193548387 0.30241935483871 0 3 0 0 
0 1150 6.4 19 0.393145161290323 0.561827956989247 24.0372374489317 3 0 0 
1 1160 5.2 19 0.631048387096774 0.241935483870968 0 3 0 0 
0 1160 6.4 19 0.512672811059908 0.341397849462366 45.7455244115681 3 0 0 
1 1170 5.2 19 0.455645161290323 0.201612903225806 15.305227865014 3 0 0 
0 1170 6.4 19 0.449036738351255 0.241935483870968 30.6599890239238 3 0 0 
1 1180 5.2 19 0.431899641577061 0.245967741935484 6.01313937241603 3 -1 0 
0 1180 6.4 20 0.501612903225806 0.354032258064516 33.8463655471912 3 1 0 
1 1190 5.2 19 0.464861751152074 0.220766129032258 12.3931044822019 3 -1 0 
0 1190 6.4 20 0.580645161290323 0.443548387096774 36.4227430353346 3 1 0 
1 1200 5.2 20 0.4375 0.234677419354839 14.1882410655078 3 0 0 
0 1200 6.4 20 0.484543010752688 0.535483870967742 43.83811584139 3 0 0 
1 1210 5.2 20 0.370161290322581 0.287096774193548 12.1276727243738 3 0 0 
0 1210 6.4 20 0.426488833746898 0.559677419354839 46.9853422490258 3 0 0 
1 1220 5.2 20 0.384897360703812 0.337903225806452 13.3570798789386 3 0 0 
0 1220 6.4 20 0.497043010752688 0.519354838709677 48.5246713201999 3 0 0 
1 1230 5.2 20 0.410786290322581 0.456451612903226 9.15271396631738 3 0 0 
0 1230 6.4 20 0.464076246334311 0.473387096774194 43.916299180114 3 0 0 
1 1240 5.2 20 0.381048387096774 0.483870967741936 6.10958923379831 3 0 0 
0 1240 6.4 20 0.417741935483871 0.470161290322581 54.6617573708503 3 0 0 
1 1250 5.2 20 0.372983870967742 0.429032258064516 6.26635210997668 3 0 0 
0 1250 6.4 20 0.538508064516129 0.495967741935484 46.1060133901084 3 0 0 
1 1260 5.2 20 0.380568356374808 0.396774193548387 9.33792340234403 3 -1 0 
0 1260 6.4 21 0.460829493087558 0.478225806451613 26.5221664271903 3 1 0 
1 1270 5.2 20 0.415994623655914 0.341935483870968 3.83861928165484 3 -1 0 
0 1270 6.4 21 0.41448252688172 0.537298387096774 5.53408896358412 3 1 0 
1 1280 5.2 21 0.432963709677419 0.328629032258065 3.98619919585616 3 0 0 
0 1280 6.4 21 0.521077712609971 NaN NaN 3 0 0 
1 1290 5.2 21 0.388870967741935 0.356854838709677 4.20051453342623 3 0 0 
0 1290 6.4 21 0.446983273596177 NaN NaN 3 0 0 
1 1300 5.2 21 0.381048387096774 0.461693548387097 19.2646423309161 3 0 0 
0 1300 6.4 21 0.406612903225806 NaN NaN 3 0 0 
1 1310 5.2 21 0.437965260545906 0.517137096774194 14.9370013010141 3 0 0 
0 1310 6.4 21 0.457885304659498 NaN NaN 3 0 0 
1 1320 5.2 21 0.460573476702509 0.513104838709677 9.59335402072164 3 0 0 
0 1320 6.4 21 0.387701612903226 NaN NaN 3 0 0 
1 1330 5.2 21 0.479208669354839 0.496975806451613 7.52681045591742 3 0 0 
0 1330 6.4 21 0.370967741935484 NaN NaN 3 0 0 
1 1340 5.2 21 0.550691244239631 0.497983870967742 3.13135675192624 3 0 0 
0 1340 6.4 21 0.422766749379653 0.108870967741935 6.02079728939615 3 0 0 
1 1350 5.2 21 0.467211375212224 0.421774193548387 31.3088342254644 3 0 0 
0 1350 6.4 21 0.356374807987711 0.162903225806452 16.5430866506332 3 0 0 
1 1360 5.2 21 0.469432882414152 0.462096774193548 14.8044986690187 3 0 0 
0 1360 6.4 21 0.373790322580645 0.306451612903226 17.0813501677325 3 0 0 
1 1370 5.2 22 0.606566820276498 0.561290322580645 4.92442612491625 3 1 0 
0 1370 6.4 21 0.40639400921659 0.360887096774194 28.9155460339969 3 -1 0 
1 1380 5.2 22 0.518817204301075 0.666935483870968 3.20770148698415 3 1 0 
0 1380 6.4 21 0.349395161290323 0.319556451612903 25.375744185305 3 -1 0 
1 1390 5.2 22 0.420645161290323 0.729838709677419 3.48109986845989 3 1 0 
0 1390 6.4 21 0.372983870967742 0.227150537634409 4.73416958305429 3 -1 0 
1 1400 5.2 22 0.565065982404692 0.746774193548387 4.77956331262068 3 1 0 
0 1400 6.4 21 0.377932551319648 0.204301075268817 2.91399285565004 3 -1 0 
1 1410 5.2 22 0.464770797962649 0.808870967741935 5.48965018350617 3 1 0 
0 1410 6.4 21 0.396273637374861 0.185483870967742 7.01999282897508 3 -1 0 
1 1420 5.2 22 0.482056451612903 0.805645161290323 7.13588039165982 3 1 1 
0 1420 6.4 21 0.461981566820276 0.203629032258065 0.5 2 -1 -1 
1 1430 5.2 22 0.572244623655914 0.849193548387097 4.02578815310351 3 1 1 
0 1430 6.4 21 0.533986175115207 0.125 0 2 -1 -1 
1 1440 5.2 23 0.351344086021505 0.847782258064516 4.46770155584442 3 2 1 
0 1440 6.4 21 0.545785639958377 0.116935483870968 4.60977222864644 2 -2 -1 
1 1450 5.2 23 0.510752688172043 0.853494623655914 4.03022044463599 3 2 1 
0 1450 6.4 21 0.629032258064516 0.129032258064516 4.47213595499958 2 -2 -1 
