1 30 9.4 1 NaN 0.33125 19.4097296793483 3 0 0 
0 30 12 1 NaN 0.296875 15.1802744762151 3 0 0 
1 40 9.4 1 NaN 0.3375 18.886182061344 3 0 0 
0 40 12 1 NaN 0.33515625 19.3332843715623 3 0 0 
1 50 9.4 1 NaN 0.3609375 20.5124753517012 3 0 0 
0 50 12 1 NaN 0.38515625 23.7557755729087 3 0 0 
1 60 9.4 1 0.36328125 0.45703125 29.5248652380913 3 0 0 
0 60 12 1 0.375 0.478125 34.3932914248598 3 0 0 
1 70 9.4 1 0.368303571428571 0.46484375 29.8326071329463 3 0 0 
0 70 12 1 0.37109375 0.4890625 35.8103464211078 3 0 0 
1 80 9.4 1 0.484933035714286 0.47734375 31.4016013835929 3 0 0 
0 80 12 1 0.452508223684211 0.48671875 31.3488331943775 3 0 0 
1 90 9.4 1 0.385633680555556 0.53046875 32.3647089153314 3 0 0 
0 90 12 1 0.454282407407407 0.45859375 31.0584446193698 3 0 0 
1 100 9.4 1 0.36328125 0.4640625 30.7350286953523 3 0 0 
0 100 12 1 0.399553571428571 0.45859375 29.8106469339669 3 0 0 
1 110 9.4 2 0.430859375 0.46875 20.0867331407927 3 0 0 
0 110 12 2 0.457236842105263 0.496875 18.9044487035617 3 0 0 
1 120 9.4 2 0.39892578125 0.43984375 14.7729113513739 3 0 0 
0 120 12 2 0.438802083333333 0.47890625 22.1036030153226 3 0 0 
1 130 9.4 2 0.3779296875 0.49453125 16.878117176163 3 0 0 
0 130 12 2 0.392740885416667 0.478515625 24.8756713551994 3 0 0 
1 140 9.4 2 0.469572368421053 0.484375 19.1566334505338 3 0 0 
0 140 12 2 0.46781994047619 0.3875 48.9326243591673 3 0 0 
1 150 9.4 3 0.429387019230769 0.4625 23.370468649698 3 1 0 
0 150 12 2 0.453125 0.38828125 42.3033820519784 3 -1 0 
1 160 9.4 3 0.392153532608696 0.4671875 35.7274123730349 3 0 0 
0 160 12 3 0.396809895833333 0.44375 24.2385646873615 3 0 0 
1 170 9.4 3 0.428645833333333 0.43203125 31.4674379458646 3 0 0 
0 170 12 3 0.459703947368421 0.50234375 28.1260273172229 3 0 0 
1 180 9.4 4 0.407151442307692 0.45234375 36.5504288399168 3 1 0 
0 180 12 3 0.446469907407407 0.4765625 28.6049406051089 3 -1 0 
1 190 9.4 4 0.374490489130435 0.4453125 37.1029522343194 3 0 0 
0 190 12 4 0.39501953125 0.49453125 32.2425095391789 3 0 0 
1 200 9.4 4 0.4525390625 0.47578125 39.0612070327405 3 0 0 
0 200 12 4 0.458519345238095 0.50703125 33.9032996278812 3 0 0 
1 210 9.4 4 0.419921875 0.478125 41.8513732463918 3 0 0 
0 210 12 4 0.431875 0.490625 38.2167513648944 3 0 0 
1 220 9.4 5 0.397588315217391 0.4609375 20.1464385966703 3 1 0 
0 220 12 4 0.402193509615385 0.453125 35.673158805408 3 -1 0 
1 230 9.4 5 0.447088068181818 0.4515625 24.4834107521588 3 0 0 
0 230 12 5 0.463216145833333 0.4990234375 31.3195752433319 3 0 0 
1 240 9.4 5 0.386379076086957 0.4484375 9.00100216568453 3 0 0 
0 240 12 5 0.443561422413793 0.49609375 38.83363916329 3 0 0 
1 250 9.4 5 0.376698369565217 0.528125 11.950166779668 3 0 0 
0 250 12 5 0.414813701923077 0.40703125 46.1124049861678 3 0 0 
1 260 9.4 6 0.447265625 0.48359375 12.7945833357016 3 0 0 
0 260 12 6 0.472470238095238 0.42890625 38.5082506807875 3 0 0 
1 270 9.4 6 0.380208333333333 0.465625 25.785364105346 3 0 0 
0 270 12 6 0.454067887931034 0.4515625 36.663041161591 3 0 0 
1 280 9.4 6 0.36328125 0.46328125 37.2660130072424 3 0 0 
0 280 12 6 0.393391927083333 0.501953125 21.7103045401532 3 0 0 
1 290 9.4 6 0.449590773809524 0.475 41.4211483004834 3 0 0 
0 290 12 6 0.470424107142857 0.474609375 36.6490436749021 3 0 0 
1 300 9.4 6 0.419450431034483 0.478125 34.9002111885748 3 0 0 
0 300 12 6 0.432241586538462 0.421875 38.1620646997188 3 0 0 
1 310 9.4 7 0.388811383928571 0.45625 31.4516218631874 3 1 0 
0 310 12 6 0.37109375 0.4421875 43.9214637336923 3 -1 0 
1 320 9.4 7 0.452592329545455 0.4671875 22.4091228094851 3 0 0 
0 320 12 7 0.446751644736842 0.4453125 27.419879868474 3 0 0 
1 330 9.4 7 0.416475183823529 0.48125 36.5458142602755 3 0 0 
0 330 12 7 0.418238146551724 0.3921875 38.4958145653825 3 0 0 
1 340 9.4 7 0.385529891304348 0.490625 45.0605700815727 3 -1 0 
0 340 12 8 0.386379076086957 0.39375 41.8212741313206 3 1 0 
1 350 9.4 7 0.474826388888889 0.4921875 41.7054453911947 3 -1 0 
0 350 12 8 0.4853515625 0.46875 42.3636013272305 3 1 0 
1 360 9.4 8 0.3798828125 0.45390625 36.0087196037183 3 0 0 
0 360 12 8 0.448588709677419 0.4875 47.0061703182335 3 0 0 
1 370 9.4 8 0.3625 0.4625 36.8219986683438 3 0 0 
0 370 12 8 0.392578125 0.51484375 40.6827654350563 3 0 0 
1 380 9.4 8 0.4326171875 0.446875 34.1683440301882 3 -1 0 
0 380 12 9 0.513521634615385 0.5140625 27.6539568477009 3 1 0 
1 390 9.4 8 0.419621394230769 0.4796875 29.9931543325324 3 -1 0 
0 390 12 9 0.453703703703704 0.49453125 36.6439277451601 3 1 0 
1 400 9.4 8 0.388346354166667 0.4546875 31.825422675941 3 -1 0 
0 400 12 9 0.391304347826087 0.46640625 34.064560550373 3 1 0 
1 410 9.4 8 0.448784722222222 0.47421875 47.9187747521648 3 -1 0 
0 410 12 9 0.463610197368421 0.4765625 36.0553061729396 3 1 0 
1 420 9.4 9 0.42859375 0.44609375 26.665917260254 3 0 0 
0 420 12 9 0.428267045454545 0.50234375 27.1093461607046 3 0 0 
1 430 9.4 9 0.413254310344828 0.478125 22.1605829197016 3 0 0 
0 430 12 9 0.37109375 0.46328125 24.7994972537599 3 0 0 
1 440 9.4 9 0.451171875 0.478125 17.1421448226944 3 0 0 
0 440 12 9 0.447916666666667 0.45859375 17.5581187041737 3 0 0 
1 450 9.4 9 0.441706730769231 0.51328125 13.9432908680057 3 0 0 
0 450 12 9 0.40109375 0.4484375 5.12508124248694 3 0 0 
1 460 9.4 9 0.414466594827586 0.50703125 10.1144537226521 3 -1 0 
0 460 12 10 0.37109375 0.43046875 4.88839777263465 3 1 0 
1 470 9.4 9 0.457201086956522 0.45078125 10.4571219569586 3 -1 0 
0 470 12 10 0.459449404761905 0.525 2.25725774269351 3 1 0 
1 480 9.4 9 0.430226293103448 0.41796875 23.2287002279639 3 -1 0 
0 480 12 10 0.402613146551724 0.49921875 4.79647097796958 3 1 0 
1 490 9.4 9 0.402622767857143 0.428125 35.1189855508499 3 -1 0 
0 490 12 10 0.391764322916667 0.4125 25.2828278833367 3 1 0 
1 500 9.4 10 0.500868055555556 0.48203125 39.4168412423236 3 0 0 
0 500 12 10 0.459635416666667 0.36796875 41.7109098909695 3 0 0 
1 510 9.4 10 0.449068509615385 0.51015625 25.8422216447879 3 -1 0 
0 510 12 11 0.426897321428571 0.43046875 32.6438769739117 3 1 0 
1 520 9.4 10 0.380095108695652 0.50078125 26.641034398943 3 -1 0 
0 520 12 11 0.37890625 0.43671875 22.3933354984763 3 1 0 
1 530 9.4 10 0.4361328125 0.49609375 42.9180960018418 3 -1 0 
0 530 12 11 0.451274671052632 0.49765625 13.0994244700714 3 1 0 
1 540 9.4 10 0.428998161764706 0.43828125 35.6522185156521 3 -1 0 
0 540 12 11 0.439778645833333 0.50703125 18.6241906304567 3 1 0 
1 550 9.4 10 0.385579427083333 0.46953125 17.9185875617516 3 -1 0 
0 550 12 11 0.435479525862069 0.46484375 24.4610733811234 3 1 0 
1 560 9.4 10 0.409288194444444 0.52578125 7.37126854275506 3 -2 0 
0 560 12 12 0.551302083333333 0.47109375 14.384074239519 3 2 0 
1 570 9.4 11 0.36181640625 0.54453125 10.6867313090782 3 -1 0 
0 570 12 12 0.498972039473684 0.451171875 12.0298200665688 3 1 0 
1 580 9.4 11 0.361421130952381 0.5390625 6.88368005622453 3 -1 0 
0 580 12 12 0.452855603448276 0.365234375 2.84854815017766 3 1 0 
1 590 9.4 11 0.372532894736842 0.490625 15.125449196907 3 -1 0 
0 590 12 12 0.509001358695652 0.3349609375 7.0671088911096 3 1 0 
1 600 9.4 11 0.383152173913043 0.45078125 26.4864749544247 3 -1 0 
0 600 12 12 0.4998779296875 0.33828125 23.3376857893847 3 1 0 
1 610 9.4 11 0.358141447368421 0.42578125 26.8786338992153 3 -1 0 
0 610 12 12 0.493973214285714 0.43046875 19.515413251585 3 1 0 
1 620 9.4 12 0.429070723684211 0.4390625 30.2234934844957 3 0 0 
0 620 12 12 0.518649193548387 0.4890625 11.9066461888382 3 0 0 
1 630 9.4 12 0.393973214285714 0.4423828125 6.5399861970505 3 0 0 
0 630 12 12 0.503186677631579 0.4765625 8.69227645801833 3 0 0 
1 640 9.4 12 0.37109375 0.4765625 2.05162051641772 3 0 0 
0 640 12 12 0.484598214285714 0.496875 5.17662302478885 3 0 0 
1 650 9.4 12 0.417738970588235 0.397135416666667 5.03163893564956 3 -1 0 
0 650 12 13 0.628720238095238 0.50390625 3.83347800834501 3 1 0 
1 660 9.4 12 0.367995689655172 0.298828125 34.1304575966448 3 -1 0 
0 660 12 13 0.520596590909091 0.51171875 20.3525816925151 3 1 0 
1 670 9.4 12 0.361430921052632 0.26640625 34.7262424047057 3 -1 0 
0 670 12 13 0.460546875 0.55234375 21.0463785331613 3 1 0 
1 680 9.4 12 0.339285714285714 0.28828125 35.3149490154732 3 -1 0 
0 680 12 13 0.62015625 0.55234375 28.4635105006718 3 1 0 
1 690 9.4 12 0.309988839285714 0.27890625 36.4185175033223 3 -2 0 
0 690 12 14 0.520182291666667 0.51953125 38.2175588944203 3 2 0 
1 700 9.4 13 0.357204861111111 0.23203125 29.7750950687715 3 -1 0 
0 700 12 14 0.452980324074074 0.528125 29.1771778656728 3 1 0 
1 710 9.4 13 0.365579044117647 0.27734375 29.515826711558 3 -1 0 
0 710 12 14 0.545166015625 0.55390625 14.3113734743629 3 1 0 
1 720 9.4 13 0.35546875 0.33984375 25.3162319430973 3 -1 0 
0 720 12 14 0.48796875 0.54453125 19.1663210114688 3 1 0 
1 730 9.4 13 0.389485677083333 0.38203125 18.9702755222474 3 -1 0 
0 730 12 14 0.402018229166667 0.54296875 23.9993572324591 3 1 0 
1 740 9.4 13 0.439918154761905 0.4484375 10.1328708214808 3 -1 0 
0 740 12 14 0.48344494047619 0.43125 21.5701268924948 3 1 0 
1 750 9.4 13 0.433459051724138 0.47890625 18.0625239157444 3 -1 0 
0 750 12 14 0.44578125 0.37421875 15.0050075785244 3 1 0 
1 760 9.4 14 0.397135416666667 0.503125 25.2464789360383 3 0 0 
0 760 12 14 0.37109375 0.3390625 6.62554511167183 3 0 0 
1 770 9.4 14 0.4314453125 0.48046875 20.3819902924594 3 0 0 
0 770 12 14 0.43798828125 0.43828125 14.9981498124046 3 0 0 
1 780 9.4 14 0.442243303571429 0.45625 11.2963882283004 3 0 0 
0 780 12 14 0.413845486111111 0.4984375 6.54046142250715 3 0 0 
1 790 9.4 14 0.383125 0.47890625 9.83626952424803 3 -1 0 
0 790 12 15 0.405092592592593 0.51640625 5.70386944591101 3 1 0 
1 800 9.4 14 0.432444852941176 0.4912109375 7.40278043432303 3 -1 0 
0 800 12 15 0.462611607142857 0.470703125 6.96649002247066 3 1 0 
1 810 9.4 14 0.435407366071429 0.470052083333333 6.3081881219476 3 -1 0 
0 810 12 15 0.447771990740741 0.4755859375 5.96575414980187 3 1 0 
1 820 9.4 14 0.411808894230769 0.36328125 4.05824163291778 3 -1 0 
0 820 12 15 0.475528492647059 0.5146484375 13.3406804399355 3 1 0 
1 830 9.4 14 0.474609375 0.263671875 23.6528094166425 3 -1 0 
0 830 12 15 0.550958806818182 0.44921875 15.8315998099672 3 1 0 
1 840 9.4 14 0.476768092105263 0.24609375 18.1945665257308 3 -1 0 
0 840 12 15 0.556808035714286 0.33203125 25.3928289903826 3 1 0 
1 850 9.4 15 0.4201171875 0.296875 25.8423708119052 3 -1 0 
0 850 12 16 0.514892578125 0.3453125 24.8532504222142 3 1 0 
1 860 9.4 15 0.23828125 0.36484375 20.1128551616293 3 -1 0 
0 860 12 16 0.567243303571429 0.4203125 25.3589295908028 3 1 0 
1 870 9.4 15 0.385416666666667 0.47734375 24.6696403733333 3 -1 0 
0 870 12 16 0.579799107142857 0.45 17.3346628696379 3 1 0 
1 880 9.4 15 0.403262867647059 0.440625 15.7730072073382 3 -1 0 
0 880 12 16 0.499891493055556 0.4890625 8.82283361883089 3 1 0 
1 890 9.4 15 0.481584821428571 0.45859375 19.8230667449429 3 -1 0 
0 890 12 16 0.56375 0.5375 7.56747503401791 3 1 0 
1 900 9.4 15 0.396647135416667 0.462890625 10.2933454879383 3 -1 0 
0 900 12 16 0.566706730769231 0.5078125 7.13426408548293 3 1 0 
1 910 9.4 15 0.326622596153846 0.451171875 9.06039537533086 3 -1 0 
0 910 12 16 0.485064338235294 0.48125 8.012474925057 3 1 0 
1 920 9.4 15 0.265625 0.33203125 6.96841624666722 3 -1 0 
0 920 12 16 0.577223557692308 0.60234375 4.3540011044787 3 1 0 
1 930 9.4 15 0.349934895833333 0.3955078125 5.04317414804822 3 -1 0 
0 930 12 16 0.515413851351351 0.50390625 18.2996946707228 3 1 0 
1 940 9.4 15 0.327223557692308 0.35703125 24.0279977594031 3 -1 0 
0 940 12 16 0.461174242424242 0.471875 24.7650479737215 3 1 0 
1 950 9.4 15 0.374348958333333 0.371875 21.914030468694 3 -1 0 
0 950 12 16 0.5703125 0.5078125 21.2800042239981 3 1 0 
1 960 9.4 15 0.354427083333333 0.31484375 22.1039740020389 3 -1 0 
0 960 12 16 0.53037109375 0.5453125 23.7033358472101 3 1 0 
1 970 9.4 16 0.321377840909091 0.2859375 36.8863242034739 3 0 0 
0 970 12 16 0.484786184210526 0.52265625 17.2484342038577 3 0 0 
1 980 9.4 16 0.309972426470588 0.3328125 36.7542574909087 3 -1 0 
0 980 12 17 0.5625 0.51875 15.3857960703238 3 1 0 
1 990 9.4 16 0.371961805555556 0.3171875 26.0055911055848 3 -1 0 
0 990 12 17 0.512073863636364 0.475 19.15560859062 3 1 0 
1 1000 9.4 16 0.392728365384615 0.3375 24.9798776791991 3 -1 0 
0 1000 12 17 0.384410511363636 0.4890625 11.6637314947538 3 1 0 
1 1010 9.4 16 0.3953125 0.3578125 28.6249357253142 2 -1 -1 
0 1010 12 17 0.430245535714286 0.47109375 11.5114243108215 3 1 1 
1 1020 9.4 17 0.39938446969697 0.3703125 24.7891248833879 2 0 -1 
0 1020 12 17 0.467684659090909 0.42421875 22.7210820208906 3 0 1 
1 1030 9.4 17 0.44624255952381 0.346875 9.71686452177225 2 -1 -1 
0 1030 12 18 0.403157552083333 0.36953125 21.0175857387905 3 1 1 
1 1040 9.4 17 0.517578125 0.4515625 12.8610156405963 2 -1 -1 
0 1040 12 18 0.44375 0.334375 22.2560346305289 3 1 1 
1 1050 9.4 17 0.459872159090909 0.52734375 8.7300326405348 2 -1 -1 
0 1050 12 18 0.429832175925926 0.371875 26.3532777081839 3 1 1 
1 1060 9.4 17 0.39208984375 0.47421875 10.8088184500808 2 -1 -1 
0 1060 12 18 0.420061383928571 0.45234375 34.671550007596 3 1 1 
1 1070 9.4 18 0.421875 0.4697265625 2.70819937605879 2 0 -1 
0 1070 12 18 0.47119140625 0.466796875 44.7493016705289 3 0 1 
1 1080 9.4 18 0.393973214285714 0.51171875 2.46597686125563 2 0 -1 
0 1080 12 18 0.477232142857143 0.4609375 0 3 0 1 
1 1090 9.4 18 0.354549632352941 0.4990234375 7.31787635893576 2 -1 -1 
0 1090 12 19 0.487436655405405 0.41796875 0 3 1 1 
1 1100 9.4 18 0.361545138888889 0.49609375 4.19139937207698 2 -1 -1 
0 1100 12 19 0.632543103448276 0.28515625 0 3 1 1 
1 1110 9.4 18 0.277573529411765 0.4560546875 16.7324193522979 2 -1 -1 
0 1110 12 19 0.575032552083333 0.35546875 0 3 1 1 
1 1120 9.4 19 NaN 0.4033203125 24.6869519671069 2 0 -1 
0 1120 12 19 0.587558962264151 0.34765625 0 3 0 1 
1 1130 9.4 19 NaN 0.26484375 28.0331173197183 2 0 -1 
0 1130 12 19 0.689827127659574 0.2 23.8476341762855 3 0 1 
1 1140 9.4 19 0.223697916666667 0.26796875 24.028155014938 2 0 -1 
0 1140 12 19 0.523012907608696 0.21640625 9.04168164898794 3 0 1 
1 1150 9.4 19 0.329190340909091 0.28671875 31.7023976130538 2 0 -1 
0 1150 12 19 0.47021484375 0.25 11.6072107461671 3 0 1 
1 1160 9.4 19 0.329190340909091 0.384375 21.7131685721887 2 0 -1 
0 1160 12 19 0.610753676470588 0.38828125 6.90654571034981 3 0 1 
1 1170 9.4 19 0.331163194444444 0.42109375 14.5545390187113 2 0 -1 
0 1170 12 19 0.478655133928571 0.49140625 5.14528599346704 3 0 1 
1 1180 9.4 19 0.369791666666667 0.4328125 9.0327094274144 2 0 -1 
0 1180 12 19 0.470514112903226 0.48671875 8.59362398042351 3 0 1 
1 1190 9.4 20 0.385340073529412 0.43359375 10.1462979719507 2 1 -1 
0 1190 12 19 0.57914402173913 0.4853515625 11.7304219623576 3 -1 1 
1 1200 9.4 20 0.394935344827586 0.46875 3.20290451192794 2 1 -1 
0 1200 12 19 0.486098345588235 0.49609375 7.32481251672804 3 -1 1 
1 1210 9.4 20 0.427083333333333 0.528125 5.81960421401673 2 1 -1 
0 1210 12 19 0.470284598214286 0.438802083333333 13.6198042456738 3 -1 1 
1 1220 9.4 20 0.446451822916667 0.55625 11.1320110283736 2 1 -1 
0 1220 12 19 0.564877717391304 0.399739583333333 18.5887004110939 3 -1 1 
1 1230 9.4 20 0.439615885416667 0.503125 20.5260560848928 2 1 -1 
0 1230 12 19 0.510110294117647 0.440104166666667 35.8561484851955 3 -1 1 
1 1240 9.4 20 0.425 0.50625 25.6308187935851 2 1 -1 
0 1240 12 19 0.480720766129032 0.442708333333333 41.0071380207301 3 -1 1 
1 1250 9.4 20 0.441636029411765 0.47578125 23.2306094867027 2 0 -1 
0 1250 12 20 0.555501302083333 0.412760416666667 44.4250722423703 3 0 1 
1 1260 9.4 20 0.433948863636364 0.403125 29.7749471317523 2 0 -1 
0 1260 12 20 0.440146169354839 0.3759765625 18.2876024175801 3 0 1 
1 1270 9.4 20 0.43015625 0.4203125 28.2949716173445 2 0 0 
0 1270 12 20 0.380078125 0.33359375 21.7767035062374 2 0 0 
1 1280 9.4 20 0.459201388888889 0.47109375 11.1084101474723 2 0 0 
0 1280 12 20 0.480263157894737 0.31484375 21.4971747591647 2 0 0 
1 1290 9.4 21 0.41515625 0.51484375 11.7490349633875 2 1 0 
0 1290 12 20 0.462962962962963 0.33984375 23.956877275696 2 -1 0 
1 1300 9.4 21 0.376708984375 0.5609375 18.672961877111 2 1 0 
0 1300 12 20 0.393043154761905 0.3078125 12.5085253112688 2 -1 0 
1 1310 9.4 21 0.468149038461538 0.61328125 21.9499885839595 2 1 0 
0 1310 12 20 0.51513671875 0.23671875 4.63559461519609 2 -1 0 
1 1320 9.4 21 0.441266741071429 0.6609375 8.53857576324193 2 1 0 
0 1320 12 20 0.434895833333333 0.313802083333333 1.94933374947973 2 -1 0 
1 1330 9.4 21 0.410900297619048 0.67890625 7.67460168671761 2 1 0 
0 1330 12 20 0.374248798076923 0.2578125 0 2 -1 0 
1 1340 9.4 21 0.50390625 0.7734375 6.44559744093388 2 1 0 
0 1340 12 20 0.44484375 NaN NaN 2 -1 0 
1 1350 9.4 22 0.55078125 0.803125 6.1530246836896 2 2 1 
0 1350 12 20 0.5290625 NaN NaN 1 -2 -1 
1 1360 9.4 22 0.47109375 0.81171875 3.02952434964472 2 2 1 
0 1360 12 20 0.528262867647059 NaN NaN 1 -2 -1 
1 1370 9.4 22 0.459263392857143 0.81640625 4.39565626999805 2 2 1 
0 1370 12 20 0.60546875 NaN NaN 1 -2 -1 
1 1380 9.4 22 0.48359375 0.80859375 0 2 2 1 
0 1380 12 20 0.521205357142857 NaN NaN 1 -2 -1 
