1 30 7 1 NaN 0.363911290322581 22.8851417227775 3 0 0 
0 30 6 1 NaN 0.268145161290323 20.7987324570922 3 0 0 
1 40 7 1 NaN 0.378225806451613 21.5842337945652 3 0 0 
0 40 6 1 NaN 0.293346774193548 26.6165534022224 3 0 0 
1 50 7 1 0.380040322580645 0.431451612903226 19.5973129288649 3 0 0 
0 50 6 1 0.383064516129032 0.304838709677419 37.7102417061896 3 0 0 
1 60 7 1 0.375 0.512096774193548 10.8439909828344 3 0 0 
0 60 6 1 0.375 0.392741935483871 45.8179651481388 3 0 0 
1 70 7 1 0.392137096774194 0.534677419354839 18.6265814674378 3 0 0 
0 70 6 1 0.38009337860781 0.464516129032258 37.1600721298402 3 0 0 
1 80 7 1 0.481653225806452 0.474193548387097 22.6295160175007 3 0 0 
0 80 6 1 0.473502304147465 0.498387096774194 31.7505350390456 3 0 0 
1 90 7 1 0.411146313364055 0.50241935483871 25.8523786120731 3 0 0 
0 90 6 1 0.399348635235732 0.473387096774194 35.4443535960572 3 0 0 
1 100 7 2 0.374596774193548 0.485483870967742 26.0715658126907 3 1 0 
0 100 6 1 0.384337860780985 0.476814516129032 36.3410019924595 3 -1 0 
1 110 7 2 0.478372434017595 0.463709677419355 30.6200407644267 3 0 0 
0 110 6 2 0.482056451612903 0.493951612903226 34.5217367564726 3 0 0 
1 120 7 2 0.427284946236559 0.471774193548387 27.4161801434769 3 0 0 
0 120 6 2 0.394193548387097 0.457258064516129 26.5111758445338 3 0 0 
1 130 7 2 0.374151103565365 0.466129032258065 32.9271698158412 3 0 0 
0 130 6 2 0.410740469208211 0.487096774193548 31.0495094350779 3 0 0 
1 140 7 3 0.460738539898132 0.462096774193548 26.1201058548794 3 1 0 
0 140 6 2 0.475974462365591 0.477822580645161 36.6777370234245 3 -1 0 
1 150 7 3 0.401284348864994 0.469354838709677 9.76809903202983 3 0 0 
0 150 6 3 0.410543608124253 0.484879032258065 28.5925931963789 3 0 0 
1 160 7 3 0.391129032258065 0.488709677419355 9.56439704309326 3 0 0 
0 160 6 3 0.427068723702665 0.400201612903226 45.4182281890031 3 0 0 
1 170 7 4 0.462799167533819 0.509072580645161 12.6297268167873 3 1 0 
0 170 6 3 0.463183730715288 0.45866935483871 29.1208569992035 3 -1 0 
1 180 7 4 0.426167964404894 0.520161290322581 15.3091791182121 3 1 0 
0 180 6 3 0.406451612903226 0.432258064516129 29.6170995131553 3 -1 0 
1 190 7 4 0.433064516129032 0.420967741935484 29.7809267923457 3 0 0 
0 190 6 4 0.400771388499299 0.444354838709677 27.9399666994839 3 0 0 
1 200 7 4 0.500384024577573 0.466935483870968 16.9016064498434 3 0 0 
0 200 6 4 0.450361512791991 0.506451612903226 14.1679698483643 3 0 0 
1 210 7 5 0.392524813895782 0.469758064516129 19.8928310754 3 1 0 
0 210 6 4 0.415754608294931 0.501008064516129 4.39527222748501 3 -1 0 
1 220 7 5 0.403225806451613 0.433467741935484 27.5125747837647 3 1 0 
0 220 6 4 0.428387096774194 0.496975806451613 4.47010445900602 3 -1 0 
1 230 7 5 0.469086021505376 0.368548387096774 33.6362754692907 3 0 0 
0 230 6 5 0.479838709677419 0.432258064516129 32.2735941622929 3 0 0 
1 240 7 6 0.42023141654979 0.433870967741935 36.5323798346626 3 1 0 
0 240 6 5 0.442741935483871 0.446774193548387 30.0772397654919 3 -1 0 
1 250 7 6 0.403033794162826 0.442741935483871 30.4759656221054 3 1 0 
0 250 6 5 0.440967741935484 0.516129032258065 29.5062316693332 3 -1 0 
1 260 7 6 0.443346774193548 0.487903225806452 29.3926247362116 3 0 0 
0 260 6 6 0.477384291725105 0.497983870967742 36.656342161743 3 0 0 
1 270 7 6 0.409610215053763 0.491935483870968 31.6440880688822 3 0 0 
0 270 6 6 0.419786866359447 0.53125 32.8322187365423 3 0 0 
1 280 7 7 0.393328445747801 0.464516129032258 31.9695355359466 3 1 0 
0 280 6 6 0.417601683029453 0.484879032258065 42.1560828460252 3 -1 0 
1 290 7 7 0.444724462365591 0.465322580645161 28.6691051525426 3 1 0 
0 290 6 6 0.469137717121588 0.492943548387097 45.7461200125249 3 -1 0 
1 300 7 7 0.448462701612903 0.475806451612903 31.6803694144556 3 1 0 
0 300 6 6 0.42585848074922 0.474798387096774 41.5288288797223 3 -1 0 
1 310 7 8 0.442096774193548 0.479838709677419 30.5732554628099 3 2 0 
0 310 6 6 0.42558651026393 0.40625 48.1745220533548 3 -2 0 
1 320 7 8 0.470967741935484 0.490322580645161 28.8361179066345 3 1 0 
0 320 6 7 0.461213517665131 0.439516129032258 32.3012432629546 3 -1 0 
1 330 7 8 0.426159274193548 0.496774193548387 32.2805970021865 3 1 0 
0 330 6 7 0.404156327543424 0.409677419354839 42.6223175431785 3 -1 0 
1 340 7 8 0.407258064516129 0.462903225806452 40.8132439014664 3 1 0 
0 340 6 7 0.399368863955119 0.470967741935484 39.1361788877401 3 -1 0 
1 350 7 8 0.464442815249267 0.483870967741936 49.6263085516094 3 1 0 
0 350 6 7 0.463410991636798 0.458870967741936 45.1809519588417 3 -1 0 
1 360 7 9 0.392305107526882 0.491935483870968 41.5867911635342 3 1 0 
0 360 6 8 0.422849462365591 0.526209677419355 44.0737989446153 3 -1 0 
1 370 7 9 0.381272401433692 0.422043010752688 16.5457709468574 3 1 0 
0 370 6 8 0.412756598240469 0.561827956989247 4.16320607039867 3 -1 0 
1 380 7 9 0.470046082949309 0.35241935483871 59.1073365560027 3 1 0 
0 380 6 8 0.469941348973607 0.556451612903226 20.5822722213189 3 -1 0 
1 390 7 9 0.380645161290323 0.330645161290323 55.4665104154655 3 1 0 
0 390 6 8 0.440982404692082 0.383064516129032 53.1843096774045 3 -1 0 
1 400 7 9 0.374596774193548 0.375 45.5161830724542 3 1 0 
0 400 6 8 0.420821114369501 0.458870967741936 43.8686007383177 3 -1 0 
1 410 7 10 0.447397360703812 0.455645161290323 31.6541848854344 3 2 0 
0 410 6 8 0.482293127629733 0.444556451612903 34.4629831303822 3 -2 0 
1 420 7 10 0.421639784946237 0.480645161290323 39.1215465946833 3 1 0 
0 420 6 9 0.427867383512545 0.440524193548387 27.8722050923026 3 -1 0 
1 430 7 10 0.441687344913151 0.500806451612903 27.562043603887 3 1 0 
0 430 6 9 0.406327543424318 0.390322580645161 35.8690867751488 3 -1 0 
1 440 7 11 0.503548387096774 0.52741935483871 33.496426149821 3 2 0 
0 440 6 9 0.443225806451613 0.395967741935484 28.131030416008 3 -2 0 
1 450 7 11 0.462701612903226 0.487096774193548 17.8694724578186 3 2 0 
0 450 6 9 0.375424448217318 0.441935483870968 33.8083752346708 3 -2 0 
1 460 7 11 0.447879330943847 0.451612903225806 28.6092330190383 3 2 0 
0 460 6 9 0.390322580645161 0.429838709677419 36.657582421133 3 -2 0 
1 470 7 11 0.491935483870968 0.483064516129032 42.3379705026037 3 1 0 
0 470 6 10 0.455846774193548 0.480846774193548 36.4828394418512 3 -1 0 
1 480 7 11 0.399348635235732 0.517741935483871 32.4686093687629 3 1 0 
0 480 6 10 0.417399804496579 0.450604838709677 36.7058063057439 3 -1 0 
1 490 7 12 0.416282642089094 0.523387096774194 35.9023979506081 3 2 0 
0 490 6 10 0.39801747311828 0.402217741935484 28.1492395727064 3 -2 0 
1 500 7 12 0.501152073732719 0.518145161290323 43.6922509855229 3 2 0 
0 500 6 10 0.483870967741936 0.350806451612903 43.8360060474374 3 -2 0 
1 510 7 12 0.455897177419355 0.542338709677419 37.3138342424373 3 2 0 
0 510 6 10 0.384250474383302 0.376344086021505 39.8149976563377 3 -2 0 
1 520 7 12 0.410483870967742 0.438508064516129 56.0964879038024 3 1 0 
0 520 6 11 0.380952380952381 0.354838709677419 48.4005150356808 3 -1 0 
1 530 7 13 0.48014888337469 0.37741935483871 40.6849016291073 3 2 0 
0 530 6 11 0.429233870967742 0.30241935483871 47.9472490828932 3 -2 0 
1 540 7 13 0.43210197710718 0.42258064516129 27.1775509504896 3 2 0 
0 540 6 11 0.407991202346041 0.412298387096774 32.1077066164112 3 -2 0 
1 550 7 13 0.457862903225806 0.484677419354839 25.5729993075404 3 2 0 
0 550 6 11 0.393251273344652 0.369959677419355 39.5149060185411 3 -2 0 
1 560 7 13 0.476403823178017 0.537903225806452 37.4485169561354 3 2 0 
0 560 6 11 0.404648956356736 0.433467741935484 43.3190399236347 3 -2 0 
1 570 7 13 0.426663306451613 0.517741935483871 27.4225288762944 3 2 0 
0 570 6 11 0.405241935483871 0.418346774193548 41.2516904385682 3 -2 0 
1 580 7 14 0.459101382488479 0.490322580645161 26.9956341180103 3 3 0 
0 580 6 11 0.40195246179966 0.363709677419355 37.1578682038264 3 -3 0 
1 590 7 14 0.474761051373955 0.487096774193548 21.6461720872516 3 2 0 
0 590 6 12 0.449731182795699 0.414516129032258 42.6608626696864 3 -2 0 
1 600 7 14 0.441935483870968 0.475 25.4356949242887 3 2 0 
0 600 6 12 0.435173697270472 0.426612903225806 47.3718281841113 3 -2 0 
1 610 7 15 0.449596774193548 0.478225806451613 26.9063010557347 3 3 0 
0 610 6 12 0.454637096774194 0.455645161290323 47.6300595728317 3 -3 0 
1 620 7 15 0.499495967741936 0.457258064516129 34.4359159457376 3 3 0 
0 620 6 12 0.468637992831541 0.450806451612903 34.6471041508911 3 -3 0 
1 630 7 15 0.420564516129032 0.487903225806452 32.5529681762399 3 3 0 
0 630 6 12 0.398588709677419 0.418346774193548 23.8540868192655 3 -3 0 
1 640 7 15 0.399798387096774 0.454032258064516 19.735413234241 3 2 0 
0 640 6 13 0.383064516129032 0.446236559139785 4.66961951333465 3 -2 0 
1 650 7 15 0.468637992831541 0.386290322580645 32.8683116549032 3 2 0 
0 650 6 13 0.432219662058372 0.512096774193548 9.81704887448013 3 -2 0 
1 660 7 16 0.407407407407407 0.412096774193548 23.7079337288094 3 3 0 
0 660 6 13 0.415582726326743 0.381720430107527 32.8697947945051 3 -3 0 
1 670 7 16 0.444724462365591 0.471774193548387 29.2391021490847 3 3 0 
0 670 6 13 0.407426075268817 0.32258064516129 26.9830619894268 3 -3 0 
1 680 7 16 0.482574884792627 0.508870967741936 25.871393414637 3 3 0 
0 680 6 13 0.46875 0.311491935483871 12.3956939458039 3 -3 0 
1 690 7 16 0.48811544991511 0.586290322580645 27.2488725273016 3 3 0 
0 690 6 13 0.357718894009217 0.317741935483871 21.4040411957759 3 -3 0 
1 700 7 16 0.492061491935484 0.591129032258064 14.1661314334785 3 3 0 
0 700 6 13 0.36122311827957 0.360887096774194 24.7304876889469 3 -3 0 
1 710 7 16 0.522360703812317 0.546774193548387 5.51034478372994 3 3 0 
0 710 6 13 0.418621700879765 0.345430107526882 15.2362638723869 3 -3 0 
1 720 7 16 0.501897533206831 0.631451612903226 5.29138759757649 3 3 0 
0 720 6 13 0.393049155145929 0.299731182795699 2.9125944052283 3 -3 0 
1 730 7 16 0.524905123339658 0.654032258064516 10.6216825518138 3 3 0 
0 730 6 13 0.431787634408602 0.254032258064516 15.3614534032418 3 -3 0 
1 740 7 17 0.563886088709677 0.47741935483871 38.1032198681852 3 3 0 
0 740 6 14 0.504032258064516 0.282258064516129 15.7378009358656 3 -3 0 
1 750 7 17 0.517249103942652 0.507258064516129 28.2892724041977 3 3 0 
0 750 6 14 0.39247311827957 0.312096774193548 10.8886178657042 3 -3 0 
1 760 7 17 0.512960829493088 0.492741935483871 28.1645943413595 3 3 0 
0 760 6 14 0.376728110599078 0.357258064516129 28.1361289463179 3 -3 0 
1 770 7 17 0.484639016897081 0.506451612903226 25.513237218283 3 3 0 
0 770 6 14 0.4212158808933 0.39616935483871 33.9778873254231 3 -3 0 
1 780 7 17 0.495331069609508 0.511290322580645 27.2721171321058 3 3 0 
0 780 6 14 0.357038123167155 0.380040322580645 35.6496307200728 3 -3 0 
1 790 7 18 0.506317204301075 0.554032258064516 26.7202824452929 3 4 0 
0 790 6 14 0.36945564516129 0.401881720430108 33.5172323118601 3 -4 0 
1 800 7 18 0.545848267622461 0.566935483870968 31.4520135010028 3 4 0 
0 800 6 14 0.375237191650854 0.379032258064516 28.2353161971258 3 -4 0 
1 810 7 18 0.436129032258064 0.510483870967742 24.7567007781888 3 3 0 
0 810 6 15 0.390083632019116 0.338709677419355 30.8229125711167 3 -3 0 
1 820 7 18 0.487701612903226 0.546774193548387 35.1959387685285 3 3 0 
0 820 6 15 0.443996415770609 0.338709677419355 14.5905937232623 3 -3 0 
1 830 7 19 0.561264308012487 0.588709677419355 37.4847169097873 3 4 0 
0 830 6 15 0.608560794044665 0.276209677419355 16.9857458875237 3 -4 0 
1 840 7 19 0.508640552995392 0.563709677419355 44.1135088830629 3 4 0 
0 840 6 15 0.410330261136713 0.262096774193548 15.2840263941339 3 -4 0 
1 850 7 19 0.511200716845878 0.492741935483871 36.7474979320266 3 4 0 
0 850 6 15 0.428268251273345 0.271774193548387 17.5996650206489 3 -4 0 
1 860 7 19 0.520698924731183 0.47258064516129 21.5049773536255 3 4 0 
0 860 6 15 0.406891495601173 0.295161290322581 14.8614561953976 3 -4 0 
1 870 7 19 0.410456062291435 0.479032258064516 5.10191600014352 3 4 0 
0 870 6 15 0.413138440860215 0.388709677419355 11.5261791925769 3 -4 0 
1 880 7 19 0.399769585253456 0.495967741935484 6.03469772881565 3 3 0 
0 880 6 16 0.377496159754224 0.441935483870968 8.20590251903884 3 -3 0 
1 890 7 19 0.481261859582543 0.491935483870968 7.05228240442875 3 3 0 
0 890 6 16 0.436332767402377 0.420967741935484 11.1175891802831 3 -3 0 
1 900 7 19 0.433611751152074 0.516129032258065 15.2193071439194 3 3 0 
0 900 6 16 0.361676016830294 0.401612903225806 9.35544129789902 3 -3 0 
1 910 7 19 0.466035980148883 0.561491935483871 18.2600938071269 3 3 0 
0 910 6 16 0.371351766513057 0.313709677419355 13.3419718421564 3 -3 0 
1 920 7 20 0.542590725806452 0.565524193548387 22.6310562895685 3 4 0 
0 920 6 16 0.407258064516129 0.262096774193548 9.76636025486819 3 -4 0 
1 930 7 20 0.502481389578164 0.528225806451613 33.2056715536543 3 4 0 
0 930 6 16 0.360322580645161 0.254032258064516 7.3041093258479 3 -4 0 
1 940 7 20 0.499279953917051 0.420967741935484 47.8850447595545 3 4 0 
0 940 6 16 0.406409168081494 0.279032258064516 12.140162433737 3 -4 0 
1 950 7 20 0.549499443826474 0.481451612903226 30.7956943078252 3 3 1 
0 950 6 17 0.437836021505376 0.383870967741935 21.5818875654423 2 -3 -1 
1 960 7 20 0.484415867480384 0.534677419354839 36.8339713238872 3 3 2 
0 960 6 17 0.438022700119474 0.442540322580645 13.238592110273 1 -3 -2 
1 970 7 21 0.517299687825182 0.531451612903226 36.1043901060332 3 4 2 
0 970 6 17 0.435794044665012 0.522177419354839 11.8009630839578 1 -4 -2 
1 980 7 21 0.593040621266428 0.519354838709677 31.4419860636251 3 4 2 
0 980 6 17 0.416666666666667 0.509408602150538 5.25691654037227 1 -4 -2 
1 990 7 21 0.489755884917175 0.507258064516129 18.2985271163069 3 4 2 
0 990 6 17 0.328735144312394 0.5 0 1 -4 -2 
1 1000 7 21 0.537460978147763 0.612903225806452 18.9477448270576 3 4 2 
0 1000 6 17 0.308467741935484 0.366935483870968 0 1 -4 -2 
1 1010 7 21 0.635145681581686 0.64758064516129 19.7256428263018 3 4 2 
0 1010 6 17 0.258684863523573 0.318548387096774 24.1660919471891 1 -4 -2 
1 1020 7 21 0.673548387096774 0.735483870967742 13.9119680734397 3 4 2 
0 1020 6 17 0.239112903225807 0.254032258064516 9.21954445729289 1 -4 -2 
1 1030 7 21 0.765395894428152 0.795362903225806 5.08546034033357 3 3 2 
0 1030 6 18 0.215725806451613 0.193548387096774 13.8914693043095 1 -3 -2 
1 1040 7 21 0.763709677419355 0.786290322580645 3.35150347849733 3 3 2 
0 1040 6 18 0.215725806451613 0.16633064516129 6.39139044922769 1 -3 -2 
1 1050 7 21 0.764516129032258 0.79133064516129 8.11210777973819 3 3 2 
0 1050 6 18 0.231182795698925 0.190524193548387 6.27495665562562 1 -3 -2 
