1 30 9.8 1 NaN 0.283854166666667 17.1182186542394 3 0 0 
0 30 7.2 1 NaN 0.26328125 13.2869103952132 3 0 0 
1 40 9.8 1 NaN 0.3251953125 21.8915754885808 3 0 0 
0 40 7.2 1 NaN 0.29375 14.9497339197526 3 0 0 
1 50 9.8 1 NaN 0.31484375 34.7150940038147 3 0 0 
0 50 7.2 1 0.35546875 0.33671875 18.0932461245688 3 0 0 
1 60 9.8 1 0.37421875 0.3544921875 37.3233270485307 3 0 0 
0 60 7.2 1 0.364583333333333 0.4734375 31.1601195397916 3 0 0 
1 70 9.8 1 0.37109375 0.3935546875 29.0102075216211 3 0 0 
0 70 7.2 1 0.370349702380952 0.553125 32.412186865975 3 0 0 
1 80 9.8 1 0.446614583333333 0.39140625 41.3390187096653 3 0 0 
0 80 7.2 1 0.463169642857143 0.4890625 30.5304131844778 3 0 0 
1 90 9.8 1 0.413876488095238 0.44375 32.0650541005473 3 0 0 
0 90 7.2 1 0.413912259615385 0.4875 25.3896552576593 3 0 0 
1 100 9.8 1 0.37109375 0.44765625 24.5308684061368 3 -1 0 
0 100 7.2 2 0.37109375 0.496875 23.2361827135389 3 1 0 
1 110 9.8 2 0.427083333333333 0.453125 25.486211656521 3 0 0 
0 110 7.2 2 0.465460526315789 0.5171875 21.1180339778116 3 0 0 
1 120 9.8 2 0.416725852272727 0.384765625 42.0928146447782 3 0 0 
0 120 7.2 2 0.417390046296296 0.4546875 25.0776696290346 3 0 0 
1 130 9.8 2 0.39390625 0.42421875 29.3718573547765 3 0 0 
0 130 7.2 2 0.3708984375 0.45859375 10.8484359824929 3 0 0 
1 140 9.8 3 0.452473958333333 0.49375 36.7281003385513 3 1 0 
0 140 7.2 2 0.424072265625 0.43984375 17.2632050240133 3 -1 0 
1 150 9.8 3 0.453529094827586 0.4921875 36.5519480143649 3 1 0 
0 150 7.2 2 0.386393229166667 0.4052734375 27.1148172642812 3 -1 0 
1 160 9.8 3 0.385120738636364 0.47578125 29.5789460715369 3 0 0 
0 160 7.2 3 0.384300595238095 0.4609375 22.7749956140119 3 0 0 
1 170 9.8 4 0.455543154761905 0.453125 24.4594362634041 3 1 0 
0 170 7.2 3 0.462983630952381 0.41796875 51.0827777148735 3 -1 0 
1 180 9.8 4 0.442457932692308 0.4609375 26.0244238481065 3 0 0 
0 180 7.2 4 0.409040178571429 0.4638671875 42.0293374076077 3 0 0 
1 190 9.8 4 0.412615740740741 0.47265625 28.1917696589751 3 0 0 
0 190 7.2 4 0.408503605769231 0.4 46.3136365203246 3 0 0 
1 200 9.8 4 0.472470238095238 0.46328125 29.51190449042 3 -1 0 
0 200 7.2 5 0.461495535714286 0.41640625 37.3713363470442 3 1 0 
1 210 9.8 5 0.4384375 0.5 30.2431309617316 3 0 0 
0 210 7.2 5 0.39697265625 0.39921875 41.5003845904816 3 0 0 
1 220 9.8 5 0.402994791666667 0.4984375 31.7959393637448 3 0 0 
0 220 7.2 5 0.391075721153846 0.38203125 46.874833528315 3 0 0 
1 230 9.8 5 0.465376420454545 0.48671875 30.7409830506803 3 0 0 
0 230 7.2 5 0.443824404761905 0.3955078125 42.2978469405555 3 0 0 
1 240 9.8 6 0.441556490384615 0.4697265625 15.8488443374559 3 0 0 
0 240 7.2 6 0.391474184782609 0.451171875 37.8616182453256 3 0 0 
1 250 9.8 6 0.400065104166667 0.478515625 19.8036764217436 3 0 0 
0 250 7.2 6 0.387228260869565 0.39140625 39.5751837801194 3 0 0 
1 260 9.8 6 0.463694852941177 0.376953125 34.1545513579486 3 0 0 
0 260 7.2 6 0.463404605263158 0.45703125 40.4996405169924 3 0 0 
1 270 9.8 6 0.412860576923077 0.3984375 41.7192245070349 3 0 0 
0 270 7.2 6 0.422309027777778 0.51796875 35.1943902847151 3 0 0 
1 280 9.8 6 0.39453125 0.38125 38.8665946254037 3 -1 0 
0 280 7.2 7 0.38671875 0.56953125 46.097577985896 3 1 0 
1 290 9.8 6 0.460379464285714 0.3421875 46.5943907134409 3 -1 0 
0 290 7.2 7 0.453515625 0.52734375 49.7780536672954 3 1 0 
1 300 9.8 7 0.3953125 0.359375 31.004960600624 3 0 0 
0 300 7.2 7 0.438802083333333 0.503125 48.4266901966665 3 0 0 
1 310 9.8 7 0.397288602941177 0.4453125 41.8908283437485 3 0 0 
0 310 7.2 7 0.402204241071429 0.4703125 47.0616324143352 3 0 0 
1 320 9.8 7 0.46484375 0.396484375 45.7424346959508 3 -1 0 
0 320 7.2 8 0.436197916666667 0.4671875 45.5648419638406 3 1 0 
1 330 9.8 7 0.364583333333333 0.3994140625 44.5890496856607 3 -1 0 
0 330 7.2 8 0.446320564516129 0.475 38.3834686235769 3 1 0 
1 340 9.8 7 0.386924342105263 0.41796875 32.0407217781968 3 -1 0 
0 340 7.2 8 0.409877232142857 0.4984375 29.8993030964992 3 1 0 
1 350 9.8 8 0.434027777777778 0.459375 30.6210083446353 3 0 0 
0 350 7.2 8 0.474702380952381 0.49140625 21.4380980105666 3 0 0 
1 360 9.8 8 0.401646205357143 0.43203125 36.9422945405634 3 0 0 
0 360 7.2 8 0.420084635416667 0.51953125 26.9042019565624 3 0 0 
1 370 9.8 8 0.39734375 0.4404296875 52.1460651232811 3 0 0 
0 370 7.2 8 0.3798828125 0.465625 24.8270820747993 3 0 0 
1 380 9.8 8 0.496626420454545 0.43828125 38.5887228809157 3 -1 0 
0 380 7.2 9 0.442708333333333 0.38359375 31.9003653627356 3 1 0 
1 390 9.8 9 0.419642857142857 0.50234375 31.4976227781147 3 0 0 
0 390 7.2 9 0.388221153846154 0.369140625 44.9759933192623 3 0 0 
1 400 9.8 9 0.41765625 0.496875 35.1320414876938 3 0 0 
0 400 7.2 9 0.39484375 0.3484375 27.6536825065345 3 0 0 
1 410 9.8 9 0.50483630952381 0.48046875 33.6157263108787 3 0 0 
0 410 7.2 9 0.462890625 0.334375 19.8798941069312 3 0 0 
1 420 9.8 10 0.478348214285714 0.474609375 38.0681563925864 3 1 0 
0 420 7.2 9 0.381293402777778 0.36484375 22.8792755995416 3 -1 0 
1 430 9.8 10 0.37109375 0.478125 32.0370020923302 3 0 0 
0 430 7.2 10 0.363671875 0.40859375 33.8534842044845 3 0 0 
1 440 9.8 10 0.453450520833333 0.481119791666667 22.9591804491396 3 0 0 
0 440 7.2 10 0.4140625 0.447265625 31.2740146985564 3 0 0 
1 450 9.8 10 0.418174342105263 0.54296875 13.7052925463804 3 0 0 
0 450 7.2 10 0.417410714285714 0.462890625 32.4985783580063 3 0 0 
1 460 9.8 10 0.365234375 0.560546875 22.7804409288176 3 0 0 
0 460 7.2 10 0.430943080357143 0.4453125 45.6010840968102 3 0 0 
1 470 9.8 11 0.457853618421053 0.5166015625 31.5727607078906 3 0 0 
0 470 7.2 11 0.51859375 0.470052083333333 36.142471183972 3 0 0 
1 480 9.8 11 0.384375 0.4453125 38.53722401995 3 0 0 
0 480 7.2 11 0.473257211538462 0.36328125 49.1501516496269 3 0 0 
1 490 9.8 11 0.356770833333333 0.399739583333333 46.7949140334345 3 0 0 
0 490 7.2 11 0.39921875 0.46328125 38.2137491794378 3 0 0 
1 500 9.8 11 0.406427556818182 0.37890625 48.1336396377548 3 0 0 
0 500 7.2 11 0.514453125 0.48515625 37.8419274603571 3 0 0 
1 510 9.8 11 0.363692434210526 0.341145833333333 40.2143869950174 3 0 0 
0 510 7.2 11 0.465290178571429 0.54296875 34.6777396021728 3 0 0 
1 520 9.8 11 0.383463541666667 0.271484375 30.1254432443307 3 0 0 
0 520 7.2 11 0.447198275862069 0.58828125 30.046467953206 3 0 0 
1 530 9.8 11 0.384765625 0.2685546875 15.4719090218194 3 -1 0 
0 530 7.2 12 0.609700520833333 0.59453125 20.2307551099085 3 1 0 
1 540 9.8 11 0.377790178571429 0.333984375 33.1809792604104 3 -1 0 
0 540 7.2 12 0.485509072580645 0.5537109375 24.0198553619174 3 1 0 
1 550 9.8 12 0.388764880952381 0.400390625 21.395664240965 3 0 0 
0 550 7.2 12 0.406875 0.50078125 36.4046048386699 3 0 0 
1 560 9.8 12 0.427083333333333 0.47890625 19.3013950796889 3 0 0 
0 560 7.2 12 0.482421875 0.4794921875 31.0550306300331 3 0 0 
1 570 9.8 12 0.425651041666667 0.509765625 23.4962129326935 3 0 0 
0 570 7.2 12 0.424252717391304 0.482421875 34.1127249939894 3 0 0 
1 580 9.8 12 0.396223958333333 0.4697265625 37.5400445455574 3 0 0 
0 580 7.2 12 0.36328125 0.4453125 34.3779125641506 3 0 0 
1 590 9.8 12 0.435474537037037 0.39453125 41.8243427698503 3 0 0 
0 590 7.2 12 0.4458984375 0.39375 38.6776494564074 3 0 0 
1 600 9.8 12 0.448057432432432 0.41015625 32.6828509084074 3 0 0 
0 600 7.2 12 0.400745738636364 0.4189453125 42.665380181098 3 0 0 
1 610 9.8 13 0.414197198275862 0.5146484375 19.548205927106 3 0 0 
0 610 7.2 13 0.368303571428571 0.475260416666667 39.1297495669397 3 0 0 
1 620 9.8 13 0.45515625 0.5166015625 28.8856276819606 3 0 0 
0 620 7.2 13 0.428248355263158 0.484375 42.3934342418577 3 0 0 
1 630 9.8 13 0.445457175925926 0.447265625 23.9094233055697 3 0 0 
0 630 7.2 13 0.409016927083333 0.350260416666667 38.8412508525971 3 0 0 
1 640 9.8 13 0.3849609375 0.38671875 40.8678859097755 3 0 0 
0 640 7.2 13 0.410757211538462 0.361979166666667 46.703222551633 3 0 0 
1 650 9.8 14 0.3984375 0.43125 37.4868904222016 3 1 0 
0 650 7.2 13 0.484375 0.359375 39.2791230530411 3 -1 0 
1 660 9.8 14 0.389404296875 0.47265625 36.8920541814193 3 0 0 
0 660 7.2 14 0.465725806451613 0.3525390625 31.3051995370581 3 0 0 
1 670 9.8 14 0.387251420454545 0.45546875 37.8736745257478 3 0 0 
0 670 7.2 14 0.408761160714286 0.333984375 25.1654067017629 3 0 0 
1 680 9.8 14 0.415305397727273 0.46875 37.1495960352423 3 0 0 
0 680 7.2 14 0.430397727272727 0.3583984375 19.0790898443505 3 0 0 
1 690 9.8 15 0.451032366071429 0.5283203125 27.6565584544689 3 1 0 
0 690 7.2 14 0.440598060344828 0.37109375 19.3193540874614 3 -1 0 
1 700 9.8 16 0.415544181034483 0.532552083333333 18.2516845747338 3 2 0 
0 700 7.2 14 0.380859375 0.37109375 30.6757233003559 3 -2 0 
1 710 9.8 16 0.442826704545455 0.502604166666667 17.9152794158056 3 2 0 
0 710 7.2 14 0.435302734375 0.3671875 29.567718883945 3 -2 0 
1 720 9.8 16 0.462890625 0.526041666666667 22.3259760194257 3 2 0 
0 720 7.2 14 0.387019230769231 0.439453125 36.503424496888 3 -2 0 
1 730 9.8 16 0.473375822368421 0.599609375 16.6207701385947 3 1 0 
0 730 7.2 15 0.360402960526316 0.333984375 37.5547124682722 3 -1 0 
1 740 9.8 16 0.556501116071429 0.3466796875 49.6567359831519 3 1 0 
0 740 7.2 15 0.388139204545455 0.3015625 37.0997621097002 3 -1 0 
1 750 9.8 16 0.532012195121951 0.4111328125 39.3049136644959 3 1 0 
0 750 7.2 15 0.312779017857143 0.353125 23.4175998891382 3 -1 0 
1 760 9.8 17 0.4443359375 0.4267578125 29.0974704376389 3 2 0 
0 760 7.2 15 0.336965460526316 0.36953125 24.9535386513616 3 -2 0 
1 770 9.8 17 0.564152644230769 0.462890625 25.2139489072171 3 2 0 
0 770 7.2 15 0.359592013888889 0.359375 37.6184321428403 3 -2 0 
1 780 9.8 17 0.49609375 0.4765625 19.8577122443023 3 1 0 
0 780 7.2 16 0.382568359375 0.3515625 37.5416904498 3 -1 0 
1 790 9.8 17 0.37109375 0.4287109375 39.4721904197459 3 1 0 
0 790 7.2 16 0.421118951612903 0.3578125 35.4516399640668 3 -1 0 
1 800 9.8 17 0.448016826923077 0.4169921875 33.8067442798276 3 1 0 
0 800 7.2 16 0.471297554347826 0.41328125 29.1667723520653 3 -1 0 
1 810 9.8 17 0.417146381578947 0.42890625 33.6559261373096 3 1 0 
0 810 7.2 16 0.464087701612903 0.51328125 27.066336808605 3 -1 0 
1 820 9.8 17 0.394701086956522 0.44765625 23.5743144237671 3 1 0 
0 820 7.2 16 0.416232638888889 0.5419921875 29.4120927555468 3 -1 0 
1 830 9.8 17 0.450367647058823 0.484375 27.55919459288 3 1 0 
0 830 7.2 16 0.553199404761905 0.494140625 25.4142411759118 3 -1 0 
1 840 9.8 18 0.447467672413793 0.470703125 19.2489923033003 3 1 0 
0 840 7.2 17 0.47546875 0.4306640625 39.3569649257752 3 -1 0 
1 850 9.8 18 0.442434210526316 0.4521484375 15.4752102077095 3 1 0 
0 850 7.2 17 0.427479619565217 0.4345703125 56.8637533178962 3 -1 0 
1 860 9.8 18 0.524956597222222 0.3681640625 20.8852817859352 3 1 0 
0 860 7.2 17 0.501736111111111 0.50390625 49.8843650876242 3 -1 0 
1 870 9.8 18 0.523018973214286 0.3876953125 34.9276852880373 3 1 0 
0 870 7.2 17 0.395909926470588 0.381510416666667 38.8976047184648 3 -1 0 
1 880 9.8 19 0.476207386363636 0.4423828125 48.8782856488408 3 2 0 
0 880 7.2 17 0.34619140625 0.396484375 25.9855729203726 3 -2 0 
1 890 9.8 19 0.5712890625 0.479166666666667 9.77619366219569 3 1 0 
0 890 7.2 18 0.28125 0.3828125 42.0594816896262 3 -1 0 
1 900 9.8 19 0.522671568627451 0.4892578125 15.9888039369467 3 1 0 
0 900 7.2 18 0.36078125 NaN NaN 3 -1 0 
1 910 9.8 19 0.5025390625 0.5185546875 20.041635637448 3 1 0 
0 910 7.2 18 0.32109375 0.140625 0 3 -1 0 
1 920 9.8 20 0.619910037878788 0.50390625 19.4674592677013 3 2 0 
0 920 7.2 18 0.4140625 0.171875 10.6301458127347 3 -2 0 
1 930 9.8 20 0.546502976190476 0.569010416666667 29.9356396987317 3 2 0 
0 930 7.2 18 0.305121527777778 0.170572916666667 13.352387024022 3 -2 0 
1 940 9.8 20 0.482855902777778 0.598958333333333 27.9056425149408 3 2 0 
0 940 7.2 18 0.354758522727273 0.205729166666667 13.4295487913948 3 -2 0 
1 950 9.8 20 0.559273097826087 0.588541666666667 28.4216822868823 3 2 0 
0 950 7.2 18 0.3546875 0.282552083333333 15.8560084700214 3 -2 0 
1 960 9.8 20 0.491832386363636 0.45390625 51.9751129590741 3 2 0 
0 960 7.2 18 0.37109375 0.27109375 33.3007818469476 3 -2 0 
1 970 9.8 20 0.455859375 0.541015625 44.7886631260945 3 2 0 
0 970 7.2 18 0.413541666666667 0.291015625 10.7898710791302 3 -2 0 
1 980 9.8 20 0.577615489130435 0.540625 21.2599434062519 3 2 0 
0 980 7.2 18 0.431361607142857 0.365234375 24.9760015931087 3 -2 0 
1 990 9.8 20 0.517348345588235 0.5640625 26.6886807086472 3 1 0 
0 990 7.2 19 0.322048611111111 0.21875 0 3 -1 0 
1 1000 9.8 21 0.479285037878788 0.583333333333333 30.4819183122414 3 2 0 
0 1000 7.2 19 0.355823863636364 0.2421875 0 3 -2 0 
1 1010 9.8 21 0.586263020833333 0.5673828125 33.270115412429 3 2 0 
0 1010 7.2 19 0.426432291666667 0.26953125 0 3 -2 0 
1 1020 9.8 21 0.533094618055556 0.533854166666667 45.3348794197014 3 2 1 
0 1020 7.2 19 0.272879464285714 0.240234375 29.3342802877453 2 -2 -1 
1 1030 9.8 21 0.457283266129032 0.514322916666667 39.866579989555 3 2 1 
0 1030 7.2 19 0.332932692307692 0.296875 22.5 2 -2 -1 
1 1040 9.8 21 0.588758680555556 0.526041666666667 35.1185321335806 3 1 1 
0 1040 7.2 20 0.3375 0.28125 25.3974188527752 2 -1 -1 
1 1050 9.8 21 0.526393581081081 0.579427083333333 14.9559783101743 3 1 1 
0 1050 7.2 20 0.296875 0.22265625 17.414074767268 2 -1 -1 
1 1060 9.8 21 0.496199324324324 0.5009765625 44.5370960815051 3 1 1 
0 1060 7.2 20 0.292100694444444 0.20703125 21.9844694831189 2 -1 -1 
1 1070 9.8 21 0.622227822580645 0.591796875 45.1712339213229 3 1 1 
0 1070 7.2 20 0.27734375 0.2900390625 5.35097050800552 2 -1 -1 
1 1080 9.8 21 0.56796875 0.5390625 32.7806967269768 3 1 1 
0 1080 7.2 20 0.265869140625 0.3359375 11.6985266113689 2 -1 -1 
1 1090 9.8 21 0.465087890625 0.579427083333333 35.8674493462973 3 1 1 
0 1090 7.2 20 0.327690972222222 0.353515625 15.2406735912623 2 -1 -1 
1 1100 9.8 22 0.58328125 0.515625 43.1045241245046 3 2 1 
0 1100 7.2 20 0.327690972222222 0.4375 4.03224755112299 2 -2 -1 
1 1110 9.8 22 0.530330882352941 0.4609375 35.8468966578698 3 2 1 
0 1110 7.2 20 0.3056640625 0.40234375 29.0963512381036 2 -2 -1 
1 1120 9.8 22 0.47734375 0.341796875 9.61769203083567 3 2 1 
0 1120 7.2 20 0.31640625 0.41328125 45.9442222379388 2 -2 -1 
1 1130 9.8 22 0.583519345238095 0.37109375 2.5 3 1 1 
0 1130 7.2 21 0.392400568181818 0.3701171875 58.8294089245623 2 -1 -1 
1 1140 9.8 22 0.509014423076923 0.330078125 5.52268050859363 3 1 1 
0 1140 7.2 21 0.321149553571429 0.41015625 67.1078667738755 2 -1 -1 
1 1150 9.8 22 0.429987980769231 0.272135416666667 27.8730797801659 3 1 1 
0 1150 7.2 21 0.310677083333333 0.455078125 69.9734109730152 2 -1 -1 
1 1160 9.8 22 0.452907986111111 0.325520833333333 13.7493551355212 3 1 1 
0 1160 7.2 21 0.344075520833333 0.27734375 10.0124921972504 2 -1 -1 
1 1170 9.8 22 0.458984375 0.31640625 24.3277517734517 3 1 1 
0 1170 7.2 21 0.380533854166667 0.32421875 13.0862523283024 2 -1 -1 
1 1180 9.8 22 0.435075431034483 0.459635416666667 16.1275632318322 3 1 1 
0 1180 7.2 21 0.364095052083333 0.326171875 7.10633520177595 2 -1 -1 
1 1190 9.8 22 0.532492897727273 0.505208333333333 24.2276323673103 3 1 1 
0 1190 7.2 21 0.394990808823529 0.287760416666667 30.8230352217914 2 -1 -1 
1 1200 9.8 22 0.505149147727273 0.520833333333333 17.5286895853295 3 1 1 
0 1200 7.2 21 0.4 0.390625 19.4036906734869 2 -1 -1 
1 1210 9.8 22 0.489085477941177 0.4677734375 40.5917846752798 3 1 1 
0 1210 7.2 21 0.415441176470588 0.3671875 0 2 -1 -1 
1 1220 9.8 23 0.583683894230769 0.4833984375 34.9735322725403 3 2 1 
0 1220 7.2 21 0.5171875 0.1171875 6.08276253029822 2 -2 -1 
1 1230 9.8 23 0.542410714285714 0.39453125 17.5483897352575 3 2 1 
0 1230 7.2 21 0.45703125 0.201171875 9.82344135219425 2 -2 -1 
1 1240 9.8 23 0.517505787037037 0.3125 7.68985345905742 3 2 1 
0 1240 7.2 21 0.4072265625 0.2890625 4.12310562561766 2 -2 -1 
1 1250 9.8 23 0.567085597826087 0.381510416666667 13.2663627612115 3 1 2 
0 1250 7.2 22 0.468315972222222 0.28515625 17.464249196573 1 -1 -2 
1 1260 9.8 23 0.402560763888889 0.5078125 36.7109630428622 3 1 2 
0 1260 7.2 22 0.381591796875 0.37109375 21.242645786248 1 -1 -2 
1 1270 9.8 23 0.441136853448276 0.50390625 43.0696084529849 3 1 2 
0 1270 7.2 22 0.34921875 0.27734375 35.1395360152813 1 -1 -2 
1 1280 9.8 23 0.52445652173913 0.4873046875 41.3540173776078 3 1 2 
0 1280 7.2 22 0.382512019230769 0.28359375 40.1569233749355 1 -1 -2 
1 1290 9.8 23 0.501148897058824 0.494140625 38.6803502561577 3 1 2 
0 1290 7.2 22 0.29296875 0.434375 34.9555813765049 1 -1 -2 
1 1300 9.8 23 0.523582175925926 0.4404296875 43.9202407053588 3 1 2 
0 1300 7.2 22 0.359375 0.509375 37.5344530472825 1 -1 -2 
1 1310 9.8 23 0.6767578125 0.388671875 18.0979072200305 3 1 3 
0 1310 7.2 22 0.363560267857143 0.48828125 32.9338662088195 0 -1 -3 
1 1320 9.8 23 0.514146959459459 0.326171875 12.561478584575 3 1 3 
0 1320 7.2 22 0.367838541666667 0.50703125 39.9867134449774 0 -1 -3 
1 1330 9.8 23 0.42625 0.307291666666667 8.18254233302261 3 1 3 
0 1330 7.2 22 0.3671875 0.415364583333333 61.2514729570165 0 -1 -3 
1 1340 9.8 24 0.469122023809524 0.2734375 3.8873012632302 3 1 3 
0 1340 7.2 23 0.404146634615385 0.27734375 30.0707499075098 0 -1 -3 
1 1350 9.8 24 0.422475961538462 0.359375 7.08919998781922 3 1 3 
0 1350 7.2 23 0.411358173076923 0.3515625 30.2696217353306 0 -1 -3 
1 1360 9.8 24 0.40380859375 0.494140625 14.736976766658 3 1 3 
0 1360 7.2 23 0.3857421875 0.44921875 0 0 -1 -3 
1 1370 9.8 24 0.521267361111111 0.552734375 9.8905085186624 3 1 3 
0 1370 7.2 23 0.4095703125 0.49609375 0 0 -1 -3 
1 1380 9.8 24 0.564174107142857 0.6328125 33.9756957275843 3 1 3 
0 1380 7.2 23 0.422762784090909 NaN NaN 0 -1 -3 
1 1390 9.8 24 0.551603618421053 0.734375 12.9648302750482 3 1 3 
0 1390 7.2 23 0.451497395833333 0.12109375 0 0 -1 -3 
1 1400 9.8 24 0.553865131578947 0.6953125 34.0643175104669 3 1 3 
0 1400 7.2 23 0.483664772727273 0.14453125 0 0 -1 -3 
