1 30 8.4 1 NaN 0.296774193548387 31.7178336806318 3 0 0 
0 30 7 1 NaN 0.325604838709677 18.3644420900101 3 0 0 
1 40 8.4 1 NaN 0.304032258064516 30.1838312296703 3 0 0 
0 40 7 1 NaN 0.329032258064516 18.7207724539465 3 0 0 
1 50 8.4 1 0.368035190615836 0.366935483870968 28.3188540695168 3 0 0 
0 50 7 1 0.368663594470046 0.370161290322581 27.321553817935 3 0 0 
1 60 8.4 1 0.364247311827957 0.484677419354839 31.0593907415983 3 0 0 
0 60 7 1 0.364247311827957 0.498387096774194 33.8340667252106 3 0 0 
1 70 8.4 1 0.435887096774194 0.494354838709677 25.974327342698 3 0 0 
0 70 7 1 0.422715053763441 0.50241935483871 32.5495915910695 3 0 0 
1 80 8.4 1 0.464936886395512 0.484677419354839 33.6695684949554 3 0 0 
0 80 7 1 0.439660138248848 0.506451612903226 29.5595091706794 3 0 0 
1 90 8.4 1 0.4125 0.490322580645161 35.29699638538 3 0 0 
0 90 7 1 0.407953281423804 0.491129032258064 29.9121710302118 3 0 0 
1 100 8.4 1 0.431643625192012 0.473387096774194 38.8660965129616 3 -1 0 
0 100 7 2 0.445766129032258 0.512096774193548 31.4692536465712 3 1 0 
1 110 8.4 2 0.455813172043011 0.481451612903226 37.305061059911 3 0 0 
0 110 7 2 0.462060117302053 0.50241935483871 30.6551069726416 3 0 0 
1 120 8.4 2 0.406063321385902 0.468548387096774 43.4607648363834 3 0 0 
0 120 7 2 0.405465949820788 0.529233870967742 19.0128330253186 3 0 0 
1 130 8.4 2 0.418081494057725 0.453225806451613 43.6176980736344 3 -1 0 
0 130 7 3 0.388519924098672 0.458870967741936 40.8112154526229 3 1 0 
1 140 8.4 3 0.440020161290323 0.424193548387097 39.2920736666637 3 0 0 
0 140 7 3 0.439278937381404 0.412903225806452 57.4492922514156 3 0 0 
1 150 8.4 3 0.414766407119021 0.435483870967742 31.0949857556576 3 0 0 
0 150 7 3 0.401985111662531 0.501612903225806 43.3522959919179 3 0 0 
1 160 8.4 3 0.458548387096774 0.441935483870968 30.2341209039829 3 0 0 
0 160 7 3 0.428379416282642 0.513709677419355 40.2603876167092 3 0 0 
1 170 8.4 4 0.461073200992556 0.508064516129032 35.4149184616103 3 0 0 
0 170 7 4 0.467573924731183 0.467741935483871 35.6484307561702 3 0 0 
1 180 8.4 4 0.370051319648094 0.471774193548387 39.3733525713248 3 0 0 
0 180 7 4 0.405645161290323 0.392137096774194 50.7695156186539 3 0 0 
1 190 8.4 4 0.414621318373072 0.467741935483871 38.4870980743836 3 0 0 
0 190 7 4 0.436009817671809 0.362096774193548 53.90066924116 3 0 0 
1 200 8.4 5 0.464755077658303 0.491935483870968 35.4219748012318 3 1 0 
0 200 7 4 0.471774193548387 0.464516129032258 45.1042247491712 3 -1 0 
1 210 8.4 5 0.406217481789802 0.491935483870968 33.8545871255394 3 1 0 
0 210 7 4 0.393577188940092 0.478225806451613 46.5439608964376 3 -1 0 
1 220 8.4 5 0.420698924731183 0.418548387096774 42.2132658887199 3 0 0 
0 220 7 5 0.427258064516129 0.528225806451613 46.1769864694322 3 0 0 
1 230 8.4 5 0.438470728793309 0.424193548387097 40.6340356460077 3 0 0 
0 230 7 5 0.440033085194376 0.493548387096774 41.6195597705914 3 0 0 
1 240 8.4 6 0.385967741935484 0.45 13.3255877992171 3 1 0 
0 240 7 5 0.414314516129032 0.494354838709677 39.9283432677447 3 -1 0 
1 250 8.4 6 0.404793906810036 0.443548387096774 15.7654530518811 3 0 0 
0 250 7 6 0.520687237026648 0.531451612903226 32.2960836831924 3 0 0 
1 260 8.4 6 0.433622828784119 0.45241935483871 13.8502577416414 3 0 0 
0 260 7 6 0.500118595825427 0.564516129032258 29.2888663000985 3 0 0 
1 270 8.4 6 0.360337243401759 0.408870967741935 31.4212008825117 3 0 0 
0 270 7 6 0.443682795698925 0.54133064516129 39.5054339126436 3 0 0 
1 280 8.4 6 0.39028013582343 0.344086021505376 42.6314641099546 3 -1 0 
0 280 7 7 0.485520527859238 0.414314516129032 52.9519148080482 3 1 0 
1 290 8.4 7 0.439852150537634 0.399193548387097 35.9003651264274 3 0 0 
0 290 7 7 0.46292924037461 0.450604838709677 42.7258730793785 3 0 0 
1 300 8.4 7 0.38522465437788 0.316935483870968 49.3152497196809 3 0 0 
0 300 7 7 0.416801075268817 0.42258064516129 42.4446684926923 3 0 0 
1 310 8.4 7 0.388508064516129 0.436290322580645 29.8868694714159 3 0 0 
0 310 7 7 0.47741935483871 0.480645161290323 32.7068567959142 3 0 0 
1 320 8.4 7 0.440092165898617 0.407258064516129 33.7477764241347 3 -1 0 
0 320 7 8 0.473286290322581 0.510483870967742 29.8682674175491 3 1 0 
1 330 8.4 8 0.372896213183731 0.393145161290323 33.3520343904668 3 0 0 
0 330 7 8 0.443433179723502 0.503225806451613 23.7303521085359 3 0 0 
1 340 8.4 8 0.411290322580645 0.446572580645161 26.0203398869844 3 0 0 
0 340 7 8 0.473240469208211 0.491129032258064 20.6440419430035 3 0 0 
1 350 8.4 8 0.442448680351906 0.387903225806452 36.3255130835983 3 0 0 
0 350 7 8 0.479218362282878 0.517741935483871 19.5360456431678 3 0 0 
1 360 8.4 8 0.399332591768632 0.395967741935484 36.6375369690166 3 0 0 
0 360 7 8 0.375525946704067 0.487903225806452 20.911859393808 3 0 0 
1 370 8.4 9 0.422921836228288 0.443548387096774 35.1853405250617 3 0 0 
0 370 7 9 0.414650537634409 0.454637096774194 10.6781192943136 3 0 0 
1 380 8.4 9 0.466248506571087 0.455645161290323 39.1663424204394 3 0 0 
0 380 7 9 0.441426146010187 0.448588709677419 9.60626159945948 3 0 0 
1 390 8.4 9 0.395316377171216 0.493548387096774 30.3942013335242 3 0 0 
0 390 7 9 0.401830024813896 0.396774193548387 33.7141418942218 3 0 0 
1 400 8.4 10 0.437051971326165 0.485887096774194 22.7644364396397 3 1 0 
0 400 7 9 0.42741935483871 0.465725806451613 32.0612517639304 3 -1 0 
1 410 8.4 10 0.463541666666667 0.486895161290323 14.2668369785761 3 0 0 
0 410 7 10 0.454838709677419 0.452620967741936 27.7225842780045 3 0 0 
1 420 8.4 10 0.395161290322581 0.377016129032258 41.0577613370124 3 0 0 
0 420 7 10 0.376928471248247 0.352822580645161 43.8387273728017 3 0 0 
1 430 8.4 10 0.424155145929339 0.40625 34.2346232386494 3 0 0 
0 430 7 10 0.426192145862553 0.402217741935484 34.12902267357 3 0 0 
1 440 8.4 11 0.443951612903226 0.460685483870968 34.8276578767833 3 1 0 
0 440 7 10 0.455775234131113 0.481854838709677 35.4074247492098 3 -1 0 
1 450 8.4 11 0.364247311827957 0.407258064516129 50.0126605504532 3 0 0 
0 450 7 11 0.415600667408231 0.417741935483871 50.992604837622 3 0 0 
1 460 8.4 11 0.39247311827957 0.429435483870968 38.5296452040551 3 0 0 
0 460 7 11 0.442588325652842 0.484677419354839 33.0210930791796 3 0 0 
1 470 8.4 11 0.426209677419355 0.311290322580645 52.2600476579066 3 0 0 
0 470 7 11 0.48289766407119 0.473387096774194 22.8521694847136 3 0 0 
1 480 8.4 11 0.37429873772791 0.374193548387097 42.6393446279384 3 0 0 
0 480 7 11 0.440437788018433 0.44758064516129 38.1428483536611 3 0 0 
1 490 8.4 11 0.398353494623656 0.393145161290323 24.3157968120292 3 -1 0 
0 490 7 12 0.472258064516129 0.434475806451613 50.2511317471661 3 1 0 
1 500 8.4 11 0.448356079404466 0.472782258064516 31.8195451241677 3 -1 0 
0 500 7 12 0.471635150166852 0.474798387096774 43.6787309550171 3 1 0 
1 510 8.4 12 0.421505376344086 0.450604838709677 31.9684449403862 3 0 0 
0 510 7 12 0.419758064516129 0.495967741935484 48.9153568749671 3 0 0 
1 520 8.4 12 0.424677419354839 0.345766129032258 50.467572393944 3 0 0 
0 520 7 12 0.455995792426367 0.444354838709677 50.9866497540077 3 0 0 
1 530 8.4 12 0.465800477897252 0.388104838709677 48.7617723584532 3 0 0 
0 530 7 12 0.469489247311828 0.470967741935484 42.9419198831733 3 0 0 
1 540 8.4 12 0.409408602150538 0.403225806451613 43.2284330933332 3 -1 0 
0 540 7 13 0.407123655913978 0.459677419354839 35.152856419574 3 1 0 
1 550 8.4 12 0.389717741935484 0.416129032258065 51.3197102383148 3 -1 0 
0 550 7 13 0.439180107526882 0.416935483870968 42.8609381039191 3 1 0 
1 560 8.4 12 0.491086587436333 0.451612903225806 44.4629861553893 3 -1 0 
0 560 7 13 0.45838133640553 0.468548387096774 35.337065658141 3 1 0 
1 570 8.4 12 0.415456989247312 0.461290322580645 45.8139703780919 3 -1 0 
0 570 7 13 0.403225806451613 0.475806451612903 37.0434397458211 3 1 0 
1 580 8.4 12 0.404953917050691 0.470967741935484 37.45799345061 3 -1 0 
0 580 7 13 0.428064516129032 0.486559139784946 38.5675840922955 3 1 0 
1 590 8.4 13 0.483678955453149 0.499193548387097 35.0673490167135 3 0 0 
0 590 7 13 0.459027055150884 0.48252688172043 37.019045443017 3 0 0 
1 600 8.4 13 0.407814238042269 0.475806451612903 33.7997738163403 3 0 0 
0 600 7 13 0.404569892473118 0.385752688172043 46.7622141110246 3 0 0 
1 610 8.4 13 0.386491935483871 0.422043010752688 23.7295890840886 3 -1 0 
0 610 7 14 0.424120234604106 0.471774193548387 25.2255088499313 3 1 0 
1 620 8.4 13 0.463064516129032 0.383064516129032 35.6089876295297 3 -1 0 
0 620 7 14 0.46301446051168 0.38508064516129 48.1285506890264 3 1 0 
1 630 8.4 13 0.376577840112202 0.235887096774194 31.1849322590254 3 -1 0 
0 630 7 14 0.423387096774194 0.386290322580645 50.0619780330993 3 1 0 
1 640 8.4 13 0.402073732718894 0.298387096774194 36.1386219991853 3 -1 0 
0 640 7 14 0.452169076751947 0.441129032258065 38.1921755886952 3 1 0 
1 650 8.4 13 0.435161290322581 0.360887096774194 10.9201648339208 3 -2 0 
0 650 7 15 0.48550566695728 0.524193548387097 30.1358620049003 3 2 0 
1 660 8.4 14 0.364831697054698 0.23991935483871 29.4155298166039 3 -1 0 
0 660 7 15 0.489874551971326 0.590322580645161 24.5345516361063 3 1 0 
1 670 8.4 14 0.370295698924731 0.345766129032258 14.7306663769535 3 -1 0 
0 670 7 15 0.502688172043011 0.595161290322581 23.6973740682686 3 1 0 
1 680 8.4 14 0.366129032258064 0.422379032258065 7.28775071895614 3 -1 0 
0 680 7 15 0.559193548387097 0.618279569892473 30.6938114761237 3 1 0 
1 690 8.4 14 0.341973886328725 0.503024193548387 3.93807077849892 3 -2 0 
0 690 7 16 0.458577712609971 0.629032258064516 33.993690495554 3 2 0 
1 700 8.4 15 0.396505376344086 0.431451612903226 22.4277030463926 3 -1 0 
0 700 7 16 0.433149405772496 0.51008064516129 7.51664818918645 3 1 0 
1 710 8.4 15 0.423936950146628 0.382258064516129 43.5429968082544 3 -1 0 
0 710 7 16 0.462141577060932 0.419354838709677 7.56637297521078 3 1 0 
1 720 8.4 15 0.404569892473118 0.319354838709677 50.5748260105253 3 -1 0 
0 720 7 16 0.379704301075269 0.435483870967742 5.22015325445528 3 1 0 
1 730 8.4 16 0.443709677419355 0.373387096774194 30.9109463482898 3 0 0 
0 730 7 16 0.362039170506912 0.34375 36.1309699569188 3 0 0 
1 740 8.4 16 0.490694789081886 0.4 14.5266898454848 3 0 0 
0 740 7 16 0.42741935483871 0.421370967741936 31.7755532332715 3 0 0 
1 750 8.4 16 0.40610599078341 0.376612903225806 24.5965621795678 3 0 0 
0 750 7 16 0.387096774193548 0.405645161290323 49.2111383150211 3 0 0 
1 760 8.4 16 0.394153225806452 0.429838709677419 31.9425589966864 3 0 0 
0 760 7 16 0.456989247311828 0.435483870967742 45.5212294696114 3 0 0 
1 770 8.4 16 0.445228494623656 0.479838709677419 34.7747386506153 3 0 0 
0 770 7 16 0.4830220713073 0.457258064516129 47.6216326064205 3 0 0 
1 780 8.4 16 0.387264784946237 0.448387096774194 39.8135752940996 3 0 0 
0 780 7 16 0.395758661887694 0.490322580645161 45.8708016184347 3 0 0 
1 790 8.4 16 0.417626728110599 0.457258064516129 38.8981159408451 3 -1 0 
0 790 7 17 0.38348896434635 0.498991935483871 36.1676844981119 3 1 0 
1 800 8.4 17 0.464213709677419 0.493548387096774 45.9342574546336 3 0 0 
0 800 7 17 0.484543010752688 0.463709677419355 43.5660418215839 3 0 0 
1 810 8.4 17 0.445564516129032 0.510483870967742 51.5492871328496 3 0 0 
0 810 7 17 0.407407407407407 0.485887096774194 52.1943483530545 3 0 0 
1 820 8.4 18 0.459229390681004 0.468548387096774 50.7494455722385 3 1 0 
0 820 7 17 0.391830294530154 0.457661290322581 45.7411193566576 3 -1 0 
1 830 8.4 18 0.454593267882188 0.442741935483871 46.7538372990644 3 1 0 
0 830 7 17 0.453965053763441 0.36491935483871 17.8465682975747 3 -1 0 
1 840 8.4 18 0.442353643966547 0.567741935483871 20.3302776108082 3 1 0 
0 840 7 17 0.426446051167964 0.420698924731183 13.0403392680341 3 -1 0 
1 850 8.4 18 0.450772849462366 0.565322580645161 20.1517214798928 3 1 0 
0 850 7 17 0.370967741935484 0.294354838709677 40.2898582989437 3 -1 0 
1 860 8.4 18 0.503754171301446 0.57258064516129 16.9349490751139 3 1 0 
0 860 7 17 0.408870967741935 0.33366935483871 23.0556465509607 3 -1 0 
1 870 8.4 19 0.476688508064516 0.521774193548387 28.655453853393 3 2 0 
0 870 7 17 0.436559139784946 0.373991935483871 13.5934658844281 3 -2 0 
1 880 8.4 19 0.480594758064516 0.587701612903226 22.4875054117753 3 2 0 
0 880 7 17 0.495103686635945 0.334677419354839 6.67984322522472 3 -2 0 
1 890 8.4 19 0.585445468509985 0.573588709677419 11.7740605280643 3 2 0 
0 890 7 17 0.566280241935484 0.35752688172043 8.44880917667762 3 -2 0 
1 900 8.4 19 0.467267552182163 0.547379032258065 12.9485204500664 3 1 0 
0 900 7 18 0.461290322580645 0.294354838709677 23.6349605494175 3 -1 0 
1 910 8.4 19 0.460151802656547 0.492943548387097 23.2570864316302 3 1 0 
0 910 7 18 0.474754558204769 0.336693548387097 19.9965362331486 3 -1 0 
1 920 8.4 19 0.507459677419355 0.451612903225806 13.6956916628982 3 1 0 
0 920 7 18 0.485576923076923 0.453629032258065 33.4229163581557 3 -1 0 
1 930 8.4 19 0.420430107526882 0.338709677419355 8.63177704674859 3 1 0 
0 930 7 18 0.402505760368664 0.393548387096774 35.440723684927 3 -1 0 
1 940 8.4 20 0.44815668202765 0.306451612903226 25.8326201866002 3 2 0 
0 940 7 18 0.443731671554252 0.400201612903226 26.9973959438377 3 -2 0 
1 950 8.4 20 0.436088709677419 0.358870967741936 32.0970903334785 3 2 0 
0 950 7 18 0.462514934289128 0.455645161290323 25.7277288400338 3 -2 0 
1 960 8.4 20 0.411107038123167 0.450604838709677 17.9359657586699 3 1 0 
0 960 7 19 0.442326490713587 0.471774193548387 34.3188129216989 3 -1 0 
1 970 8.4 20 0.399641577060932 0.470766129032258 6.8568639927849 3 1 0 
0 970 7 19 0.436635944700461 0.497311827956989 19.610533953383 3 -1 0 
1 980 8.4 20 0.413810483870968 0.550403225806452 18.0346102772695 3 1 0 
0 980 7 19 0.509744623655914 0.446236559139785 21.1940275594551 3 -1 0 
1 990 8.4 20 0.432603686635945 0.587701612903226 19.6849996721857 3 1 0 
0 990 7 19 0.399361559139785 0.319556451612903 34.7974211665254 3 -1 0 
1 1000 8.4 21 0.433333333333333 0.630040322580645 21.0027382739053 3 2 0 
0 1000 7 19 0.36405529953917 0.330645161290323 20.0454657407823 3 -2 0 
1 1010 8.4 21 0.493709677419355 0.605846774193548 22.2240518508981 3 2 0 
0 1010 7 19 0.554435483870968 0.323924731182796 13.0664082199444 3 -2 0 
1 1020 8.4 21 0.427537950664137 0.563508064516129 37.269751522013 3 2 0 
0 1020 7 19 0.374032258064516 0.303427419354839 27.602745260882 3 -2 0 
1 1030 8.4 21 0.445806451612903 0.451612903225806 50.654521185408 3 2 0 
0 1030 7 19 0.382258064516129 0.348790322580645 14.5485608936636 3 -2 0 
1 1040 8.4 21 0.487258064516129 0.475 42.7736209843488 3 2 0 
0 1040 7 19 0.433467741935484 0.404233870967742 15.4961283295058 3 -2 0 
1 1050 8.4 21 0.471886200716846 0.533064516129032 30.00231192281 3 2 0 
0 1050 7 19 0.368279569892473 0.451612903225806 16.0078105935821 3 -2 0 
1 1060 8.4 21 0.485887096774194 0.562096774193548 18.3215940645316 3 1 0 
0 1060 7 20 0.354601518026565 0.326612903225806 38.0911110511966 3 -1 0 
1 1070 8.4 22 0.58183990442055 0.663709677419355 17.7532120380296 3 2 1 
0 1070 7 20 0.376260080645161 0.275537634408602 12.5552735946432 2 -2 -1 
1 1080 8.4 22 0.643387096774194 0.681451612903226 15.8267366415933 3 2 1 
0 1080 7 20 0.308691756272401 0.196236559139785 5.64399257932416 2 -2 -1 
1 1090 8.4 22 0.67921146953405 0.683064516129032 23.732467227551 3 2 1 
0 1090 7 20 0.358870967741936 0.193548387096774 3.52745348751618 2 -2 -1 
1 1100 8.4 22 0.682571684587814 0.571774193548387 54.1100128369945 3 2 1 
0 1100 7 20 0.36491935483871 0.229838709677419 2.23606797749979 2 -2 -1 
