1 30 6.2 1 NaN 0.237903225806452 2.59629120178363 3 0 0 
0 30 4.2 1 NaN 0.126612903225806 2.52585306385149 3 0 0 
1 40 6.2 1 NaN 0.238911290322581 10.7511537445085 3 0 0 
0 40 4.2 1 NaN 0.190322580645161 6.74092900222363 3 0 0 
1 50 6.2 1 0.379838709677419 0.375 20.8482923969244 3 0 0 
0 50 4.2 1 0.383064516129032 0.221774193548387 8.9088446735157 3 0 0 
1 60 6.2 1 0.383064516129032 0.467741935483871 17.4100015767541 3 0 0 
0 60 4.2 1 0.383064516129032 0.335483870967742 29.718265392551 3 0 0 
1 70 6.2 1 0.40383064516129 0.496975806451613 21.3959775716775 3 0 0 
0 70 4.2 1 0.400604838709677 0.44758064516129 36.828070962394 3 0 0 
1 80 6.2 1 0.467008797653959 0.474798387096774 26.4586333934148 3 0 0 
0 80 4.2 1 0.475631136044881 0.491935483870968 33.1310737210797 3 0 0 
1 90 6.2 1 0.417482718894009 0.487096774193548 24.1698440166786 3 0 0 
0 90 4.2 1 0.415610599078341 0.512096774193548 32.791640505955 3 0 0 
1 100 6.2 1 0.421107994389902 0.471774193548387 27.2563901132727 3 0 0 
0 100 4.2 1 0.400806451612903 0.480645161290323 25.9463957066364 3 0 0 
1 110 6.2 2 0.472741935483871 0.486290322580645 23.4381698602891 3 0 0 
0 110 4.2 2 0.465245775729647 0.474193548387097 23.7108810332985 3 0 0 
1 120 6.2 2 0.412730414746544 0.466935483870968 24.291378924992 3 0 0 
0 120 4.2 2 0.418798665183537 0.495161290322581 17.9962591954843 3 0 0 
1 130 6.2 2 0.413508064516129 0.476612903225806 25.2477170881321 3 0 0 
0 130 4.2 2 0.401881720430108 0.50241935483871 20.8323976277205 3 0 0 
1 140 6.2 2 0.474340175953079 0.469354838709677 21.862976307181 3 0 0 
0 140 4.2 2 0.465909090909091 0.49758064516129 28.8046425388927 3 0 0 
1 150 6.2 3 0.407407407407407 0.475 24.8798235599845 3 0 0 
0 150 4.2 3 0.398353494623656 0.5 27.01805902812 3 0 0 
1 160 6.2 3 0.387945670628183 0.464516129032258 25.393519813581 3 0 0 
0 160 4.2 3 0.438004032258065 0.511290322580645 21.8138248715201 3 0 0 
1 170 6.2 3 0.474620493358634 0.489516129032258 23.9534040724948 3 0 0 
0 170 4.2 3 0.492258064516129 0.454838709677419 25.3173416239 3 0 0 
1 180 6.2 4 0.411568409343715 0.475806451612903 24.099033942626 3 1 0 
0 180 4.2 3 0.422216441207076 0.47741935483871 28.0248505680996 3 -1 0 
1 190 6.2 4 0.396337365591398 0.474193548387097 20.4594243482918 3 1 0 
0 190 4.2 3 0.414956011730205 0.475 24.7310858059022 3 -1 0 
1 200 6.2 4 0.480606758832565 0.476612903225806 18.4579306017402 3 0 0 
0 200 4.2 4 0.475105189340814 0.479838709677419 18.7363047716768 3 0 0 
1 210 6.2 4 0.40462158808933 0.475 16.3466847467308 3 0 0 
0 210 4.2 4 0.415178571428571 0.463709677419355 15.7986860375297 3 0 0 
1 220 6.2 5 0.398316970546985 0.480645161290323 21.4948081859252 3 1 0 
0 220 4.2 4 0.429347826086957 0.417338709677419 31.0239385203111 3 -1 0 
1 230 6.2 5 0.475 0.496774193548387 18.9891029449543 3 1 0 
0 230 4.2 4 0.471957478005865 0.370161290322581 43.4072520073017 3 -1 0 
1 240 6.2 5 0.443439407149085 0.496774193548387 20.1819319430426 3 0 0 
0 240 4.2 5 0.416042626728111 0.435483870967742 36.9944122585842 3 0 0 
1 250 6.2 5 0.410906298003072 0.441935483870968 34.1800218586089 3 0 0 
0 250 4.2 5 0.415673211781206 0.476612903225806 31.6332099585196 3 0 0 
1 260 6.2 6 0.47883064516129 0.457258064516129 24.4846582048923 3 1 0 
0 260 4.2 5 0.477928692699491 0.462903225806452 28.59707402047 3 -1 0 
1 270 6.2 6 0.400899503722084 0.487903225806452 20.463842594506 3 1 0 
0 270 4.2 5 0.426411290322581 0.496975806451613 27.0466262430604 3 -1 0 
1 280 6.2 6 0.390762463343108 0.49758064516129 20.6098985535997 3 0 0 
0 280 4.2 6 0.419186827956989 0.501008064516129 26.4161573853107 3 0 0 
1 290 6.2 6 0.4466642228739 0.49758064516129 22.473912522149 3 0 0 
0 290 4.2 6 0.488269794721408 0.441935483870968 34.506896156782 3 0 0 
1 300 6.2 6 0.411578341013825 0.479032258064516 23.340262601274 3 0 0 
0 300 4.2 6 0.426118626430801 0.445161290322581 30.5357825268545 3 0 0 
1 310 6.2 7 0.440615835777126 0.487096774193548 24.4335320075241 3 1 0 
0 310 4.2 6 0.390704584040747 0.460685483870968 19.9131102457223 3 -1 0 
1 320 6.2 7 0.470863683662851 0.475806451612903 18.2390399961421 3 1 0 
0 320 4.2 6 0.446480938416422 0.466129032258065 26.8315969468363 3 -1 0 
1 330 6.2 7 0.436040044493882 0.524193548387097 16.141319487879 3 0 0 
0 330 4.2 7 0.39007713884993 0.462903225806452 27.5084209842019 3 0 0 
1 340 6.2 7 0.477318548387097 0.527217741935484 17.3388069905121 3 0 0 
0 340 4.2 7 0.38835685483871 0.445967741935484 24.4611890521294 3 0 0 
1 350 6.2 8 0.492987377279102 0.479838709677419 30.4148965359039 3 1 0 
0 350 4.2 7 0.419623655913978 0.428225806451613 22.530949372473 3 -1 0 
1 360 6.2 8 0.438225806451613 0.532258064516129 28.4299056157887 3 1 0 
0 360 4.2 7 0.380893300248139 0.414516129032258 19.3945859610641 3 -1 0 
1 370 6.2 8 0.480645161290323 0.578225806451613 20.0416500794177 3 1 0 
0 370 4.2 7 0.383064516129032 0.387096774193548 32.3382743618373 3 -1 0 
1 380 6.2 8 0.523905529953917 0.541129032258065 23.4909721005782 3 1 0 
0 380 4.2 7 0.400293255131965 0.364516129032258 57.6973347271089 3 -1 0 
1 390 6.2 9 0.478606630824373 0.474193548387097 14.2922985764495 3 2 0 
0 390 4.2 7 0.401433691756272 0.276881720430108 18.2357322433785 3 -2 0 
1 400 6.2 9 0.475974462365591 0.49758064516129 10.5643635946864 3 2 0 
0 400 4.2 7 0.414170506912442 0.368279569892473 28.6196382117322 3 -2 0 
1 410 6.2 9 0.486005692599621 0.508870967741936 3.99843322842618 3 1 0 
0 410 4.2 8 0.436544991511036 0.283870967741935 46.6951315399558 3 -1 0 
1 420 6.2 9 0.468817204301075 0.544354838709677 6.80228482079373 3 1 0 
0 420 4.2 8 0.381912442396313 0.354032258064516 29.3053071028332 3 -1 0 
1 430 6.2 9 0.443548387096774 0.554838709677419 4.14854122897418 3 1 0 
0 430 4.2 8 0.388379765395894 0.382258064516129 8.94528010743356 3 -1 0 
1 440 6.2 9 0.467741935483871 0.543548387096774 4.99918012490022 3 1 0 
0 440 4.2 8 0.417601683029453 0.42741935483871 9.86516769300338 3 -1 0 
1 450 6.2 9 0.455407969639469 0.510483870967742 6.48724964780532 3 1 0 
0 450 4.2 8 0.399193548387097 0.428225806451613 13.8084791730076 3 -1 0 
1 460 6.2 10 0.447054698457223 0.515322580645161 12.0032708078295 3 2 0 
0 460 4.2 8 0.401305683563748 0.386290322580645 24.3897576367749 3 -2 0 
1 470 6.2 10 0.533653846153846 0.512096774193548 13.8985159679046 3 2 0 
0 470 4.2 8 0.427688172043011 0.451612903225806 22.1506472100162 3 -2 0 
1 480 6.2 10 0.483870967741936 0.417741935483871 8.80010619897994 3 2 0 
0 480 4.2 8 0.362903225806452 0.504032258064516 35.7424534773913 3 -2 0 
1 490 6.2 10 0.415898617511521 0.478225806451613 15.1666904233345 3 1 0 
0 490 4.2 9 0.389784946236559 0.455645161290323 41.257105245726 3 -1 0 
1 500 6.2 10 0.46236559139785 0.582661290322581 3.39842268359748 3 1 0 
0 500 4.2 9 0.413624787775891 0.385752688172043 39.949589002039 3 -1 0 
1 510 6.2 11 0.462477598566308 0.57258064516129 2.34831166624927 3 2 0 
0 510 4.2 9 0.386491935483871 0.283870967741935 43.3926272343071 3 -2 0 
1 520 6.2 11 0.436033724340176 0.516129032258065 5.86239003309661 3 2 0 
0 520 4.2 9 0.384024577572965 0.35241935483871 31.2831705363086 3 -2 0 
1 530 6.2 11 0.500756048387097 0.431451612903226 34.8942948597578 3 2 0 
0 530 4.2 9 0.44133064516129 0.436290322580645 20.6802581313328 3 -2 0 
1 540 6.2 11 0.426378772112383 0.463709677419355 22.1481572868981 3 2 0 
0 540 4.2 9 0.39559331797235 0.456451612903226 26.5159500183273 3 -2 0 
1 550 6.2 11 0.395545314900154 0.485483870967742 13.3011912647065 3 1 0 
0 550 4.2 10 0.411434331797235 0.453225806451613 23.9136106322553 3 -1 0 
1 560 6.2 11 0.483687683284457 0.531451612903226 17.0325613298426 3 1 0 
0 560 4.2 10 0.453310696095076 0.429838709677419 21.283771418888 3 -1 0 
1 570 6.2 11 0.413978494623656 0.503225806451613 15.6168083733484 3 1 0 
0 570 4.2 10 0.465542521994135 0.489516129032258 25.3371833146278 3 -1 0 
1 580 6.2 11 0.389006791171477 0.491129032258064 23.7552328227283 3 1 0 
0 580 4.2 10 0.450492831541219 0.471774193548387 24.5571483851768 3 -1 0 
1 590 6.2 12 0.423387096774194 0.469354838709677 20.0107699234608 3 2 0 
0 590 4.2 10 0.486895161290323 0.503024193548387 15.8104766501589 3 -2 0 
1 600 6.2 12 0.423387096774194 0.470967741935484 22.3111552408504 3 2 0 
0 600 4.2 10 0.425666199158485 0.413709677419355 39.8539304573899 3 -2 0 
1 610 6.2 12 0.430049088359046 0.503024193548387 17.0721725578761 3 1 0 
0 610 4.2 11 0.390762463343108 0.458870967741936 39.914453215742 3 -1 0 
1 620 6.2 12 0.470766129032258 0.442540322580645 16.5377358860532 3 1 0 
0 620 4.2 11 0.450268817204301 0.42258064516129 43.3492546219008 3 -1 0 
1 630 6.2 12 0.405913978494624 0.372983870967742 38.24521921554 3 1 0 
0 630 4.2 11 0.424683179723502 0.433064516129032 33.4410219715576 3 -1 0 
1 640 6.2 12 0.403629032258065 0.321572580645161 50.1521809443974 3 1 0 
0 640 4.2 11 0.428870967741936 0.429032258064516 21.9011249369378 3 -1 0 
1 650 6.2 12 0.449509116409537 0.380040322580645 23.4884841662146 3 1 0 
0 650 4.2 11 0.473335067637877 0.491935483870968 20.4376437914031 3 -1 0 
1 660 6.2 12 0.407433380084151 0.512903225806452 16.8059073692494 3 1 0 
0 660 4.2 11 0.452073732718894 0.521505376344086 31.2046144571384 3 -1 0 
1 670 6.2 13 0.43841642228739 0.500806451612903 20.8144294511263 3 2 0 
0 670 4.2 11 0.460777126099707 0.491935483870968 26.2031343009408 3 -2 0 
1 680 6.2 13 0.4640603085554 0.470161290322581 17.1933089279951 3 2 0 
0 680 4.2 11 0.488377609108159 0.433467741935484 6.96419413859206 3 -2 0 
1 690 6.2 13 0.462167931688805 0.529032258064516 17.7951034691834 3 2 0 
0 690 4.2 11 0.386232718894009 0.263440860215054 34.1231850302183 3 -2 0 
1 700 6.2 14 0.476230899830221 0.583064516129032 13.4486638992541 3 2 0 
0 700 4.2 12 0.382258064516129 0.229838709677419 22.4722050542442 3 -2 0 
1 710 6.2 14 0.58829254727475 0.595161290322581 15.7609666162466 3 2 0 
0 710 4.2 12 0.379032258064516 0.334677419354839 17.7612884164869 3 -2 0 
1 720 6.2 14 0.509255865102639 0.642741935483871 17.5353864600445 3 2 0 
0 720 4.2 12 0.315446650124069 0.270161290322581 19.5944567268581 3 -2 0 
1 730 6.2 15 0.525777649769585 0.645161290322581 18.3130470990665 3 3 0 
0 730 4.2 12 0.309475806451613 0.274193548387097 20.1970643486945 3 -3 0 
1 740 6.2 15 0.651935483870968 0.579838709677419 26.1732609073123 3 3 0 
0 740 4.2 12 0.383064516129032 0.335483870967742 23.0459833125685 3 -3 0 
1 750 6.2 15 0.492916303400174 0.568548387096774 26.0406049978829 3 3 0 
0 750 4.2 12 0.331048387096774 0.312903225806452 18.7797034843416 3 -3 0 
1 760 6.2 15 0.459677419354839 0.524193548387097 15.8925100362663 3 3 0 
0 760 4.2 12 0.363575268817204 0.383064516129032 13.903165912182 3 -3 0 
1 770 6.2 15 0.548211781206171 0.505040322580645 10.1596788622485 3 3 0 
0 770 4.2 12 0.377620967741935 0.417338709677419 12.046836825425 3 -3 0 
1 780 6.2 15 0.473303670745273 0.473790322580645 26.2182790348176 3 2 0 
0 780 4.2 13 0.384105098855359 0.508064516129032 4.99843640344402 3 -2 0 
1 790 6.2 15 0.390704584040747 0.459677419354839 25.1491550016712 3 2 0 
0 790 4.2 13 0.434475806451613 0.51008064516129 6.03293676734751 3 -2 0 
1 800 6.2 15 0.490759408602151 0.444556451612903 18.0124365332501 3 2 0 
0 800 4.2 13 0.46831797235023 0.4375 44.2700891265585 3 -2 0 
1 810 6.2 16 0.461999022482893 0.435483870967742 20.6023348330801 3 3 0 
0 810 4.2 13 0.412958843159066 0.443548387096774 44.1759519482778 3 -3 0 
1 820 6.2 16 0.419354838709677 0.444556451612903 29.9765843304033 3 3 0 
0 820 4.2 13 0.380305602716469 0.477822580645161 25.7706766857831 3 -3 0 
1 830 6.2 16 0.526713709677419 0.488911290322581 17.2814840978544 3 3 0 
0 830 4.2 13 0.428091397849462 0.381048387096774 36.7359904514263 3 -3 0 
1 840 6.2 16 0.451075268817204 0.477822580645161 12.8672118738356 3 3 0 
0 840 4.2 13 0.382289081885856 0.35383064516129 29.8348481473683 3 -3 0 
1 850 6.2 16 0.443336162988115 0.532258064516129 9.11652471844405 3 3 0 
0 850 4.2 13 0.384475806451613 0.414314516129032 11.7811949230902 3 -3 0 
1 860 6.2 16 0.528225806451613 0.604838709677419 4.68575306984676 3 3 0 
0 860 4.2 13 0.415898617511521 0.375 0 3 -3 0 
1 870 6.2 16 0.472248576850095 0.661290322580645 5.01225141156111 3 3 0 
0 870 4.2 13 0.38288920056101 0.306451612903226 0 3 -3 0 
1 880 6.2 16 0.44391495601173 0.597782258064516 8.71178369311913 3 3 0 
0 880 4.2 13 0.394061583577713 0.233870967741935 25.4017715917611 3 -3 0 
1 890 6.2 17 0.550067204301075 0.610887096774194 13.9506273228708 3 4 0 
0 890 4.2 13 0.392531556802244 0.202956989247312 22.0804547864428 3 -4 0 
1 900 6.2 17 0.486361480075901 0.595161290322581 29.4399365515039 3 4 0 
0 900 4.2 13 0.404814271749756 0.245967741935484 14.8745430005022 3 -4 0 
1 910 6.2 17 0.494677419354839 0.625806451612903 32.487180349723 3 3 0 
0 910 4.2 14 0.412858422939068 0.320564516129032 5.40019868600119 3 -3 0 
1 920 6.2 17 0.576463560334528 0.632258064516129 42.3735948430627 3 3 0 
0 920 4.2 14 0.437903225806452 0.362903225806452 26.1573459134466 3 -3 0 
1 930 6.2 18 0.492262423714037 0.661290322580645 35.8247896409669 3 4 1 
0 930 4.2 14 0.336848635235732 0.368548387096774 25.4347266158655 2 -4 -1 
1 940 6.2 18 0.508548387096774 0.663709677419355 31.1444911455265 3 4 1 
0 940 4.2 14 0.401713709677419 0.321774193548387 22.69575390952 2 -4 -1 
1 950 6.2 18 0.624860956618465 0.674193548387097 25.3458613499955 3 4 1 
0 950 4.2 14 0.415322580645161 0.287298387096774 18.9578837208326 2 -4 -1 
1 960 6.2 18 0.512205754141238 0.649193548387097 23.3000625449748 3 4 1 
0 960 4.2 14 0.3875 0.311491935483871 26.5230978649421 2 -4 -1 
1 970 6.2 18 0.540796963946869 0.616129032258065 37.4637625607045 3 4 1 
0 970 4.2 14 0.435483870967742 0.360887096774194 38.0295937396128 2 -4 -1 
1 980 6.2 18 0.632834101382489 0.685483870967742 26.9293463179492 3 4 1 
0 980 4.2 14 0.442338709677419 0.346774193548387 46.6154480832267 2 -4 -1 
1 990 6.2 18 0.51399430740038 0.675 32.4646856192752 3 4 1 
0 990 4.2 14 0.375504032258065 0.260752688172043 34.4405625570352 2 -4 -1 
1 1000 6.2 19 0.494119623655914 0.641129032258065 33.9010359924767 3 5 1 
0 1000 4.2 14 0.375576036866359 0.207661290322581 17.6776695296637 2 -5 -1 
1 1010 6.2 19 0.617903225806452 0.666129032258065 23.5006890204439 3 4 1 
0 1010 4.2 15 0.378225806451613 0.170698924731183 5.44799507877364 2 -4 -1 
1 1020 6.2 19 0.511247877758913 0.617741935483871 23.0382066856586 3 4 1 
0 1020 4.2 15 0.299193548387097 0.231182795698925 4.14601368403956 2 -4 -1 
1 1030 6.2 19 0.507123655913978 0.580645161290323 6.41772662407889 3 4 1 
0 1030 4.2 15 0.379838709677419 0.258064516129032 17.6271395689351 2 -4 -1 
1 1040 6.2 19 0.626008064516129 0.557459677419355 12.0707810561501 3 4 1 
0 1040 4.2 15 0.379838709677419 0.241935483870968 21.3273749805631 2 -4 -1 
1 1050 6.2 19 0.519866247049567 0.623387096774194 9.5282148110211 3 4 1 
0 1050 4.2 15 0.299964936886396 0.262096774193548 17.8338974855651 2 -4 -1 
1 1060 6.2 19 0.470196353436185 0.646774193548387 11.3640677397902 3 4 1 
0 1060 4.2 15 0.354838709677419 0.326612903225806 4.34476509355402 2 -4 -1 
1 1070 6.2 19 0.602016129032258 0.699193548387097 6.31780525116841 3 4 1 
0 1070 4.2 15 0.28494623655914 0.274193548387097 0 2 -4 -1 
1 1080 6.2 19 0.554489973844813 0.750806451612903 7.49630220449195 3 4 1 
0 1080 4.2 15 0.268039049235993 0.225806451612903 0 2 -4 -1 
1 1090 6.2 19 0.664890552995392 0.658870967741936 43.5584991552541 3 4 1 
0 1090 4.2 15 0.22741935483871 0.157258064516129 4.67758641761204 2 -4 -1 
1 1100 6.2 19 0.695109261186264 0.75241935483871 21.8935995370784 3 4 1 
0 1100 4.2 15 0.22741935483871 0.158602150537634 6.05805172896144 2 -4 -1 
1 1110 6.2 19 0.698529411764706 0.711021505376344 29.5985220298688 3 3 1 
0 1110 4.2 16 0.22741935483871 0.17741935483871 8.53534418094339 2 -3 -1 
1 1120 6.2 20 0.730414746543779 0.762096774193548 12.2895808300541 3 4 2 
0 1120 4.2 16 NaN 0.175403225806452 9.00924394529408 1 -4 -2 
